( -29  77  -76  )
( 0  -159  -190  )
( 170  38  5  )
( -167  77  -71  )
( -92  -23  96  )
( -18  63  178  )
( -193  -132  136  )
( -150  -4  17  )
( 2  189  68  )
( -53  -135  -152  )
( 50  43  -132  )
( 182  -95  171  )
( 195  -181  132  )
( 72  -32  13  )
( -27  195  116  )
( -184  -154  -149  )
( -0  -177  134  )
( 178  -86  38  )
( -41  97  181  )
( 15  -183  -195  )
( 116  156  -149  )
( -111  147  -155  )
( 10  -176  57  )
( -174  155  173  )
( 101  -88  150  )
( -74  46  149  )
( 69  44  -178  )
( -45  -195  -43  )
( 149  52  42  )
( 72  -22  58  )
( -88  -1  -52  )
( 90  -164  119  )
( -51  -31  -14  )
( -177  -169  -66  )
( 102  181  -71  )
( 125  -90  166  )
( 39  -194  187  )
( 152  91  -24  )
( 130  137  82  )
( 41  37  -133  )
( 84  95  38  )
( 185  36  -74  )
( 18  -76  1  )
( 199  -179  165  )
( 198  166  117  )
( -44  133  107  )
( 183  86  107  )
( 7  -75  148  )
( 73  123  127  )
( 111  -55  -149  )
( -101  112  -89  )
( -22  151  -182  )
( 38  -105  -4  )
( 49  -111  176  )
( -5  -63  46  )
( 100  193  18  )
( 150  8  -157  )
( 26  -59  15  )
( 130  -55  -21  )
( 63  193  -7  )
( -109  63  -137  )
( -88  -69  192  )
( -96  160  181  )
( -152  141  99  )
( -186  -73  -55  )
( 70  -108  165  )
( -87  93  85  )
( 0  21  26  )
( -23  -176  -111  )
( -90  -89  -3  )
( -18  -78  -4  )
( 78  173  11  )
( -151  -139  15  )
( -54  47  -160  )
( 10  134  55  )
( -120  127  -48  )
( -166  171  138  )
( -91  178  174  )
( -173  -66  180  )
( -2  22  35  )
( 47  29  -93  )
( 171  11  52  )
( -103  60  -58  )
( -64  -144  26  )
( -175  -194  -109  )
( 8  168  185  )
( -46  118  60  )
( 150  -162  13  )
( -147  157  48  )
( 167  -74  129  )
( -89  188  -85  )
( -142  127  -66  )
( 68  163  43  )
( 74  -158  131  )
( 37  -31  45  )
( -94  -131  -68  )
( 105  -189  -145  )
( -68  -71  67  )
( -148  130  -2  )
( -81  -45  181  )
( 23  44  188  )
( -26  -197  191  )
( 134  -68  45  )
( 150  22  -56  )
( -7  127  40  )
( 133  39  -186  )
( 30  25  4  )
( 23  125  -80  )
( 153  40  -4  )
( 149  -193  -173  )
( 189  -40  30  )
( -117  -61  -0  )
( 50  89  -193  )
( -170  140  -34  )
( -38  -120  93  )
( 53  -179  -50  )
( -15  91  138  )
( -39  33  67  )
( 95  53  -38  )
( 148  171  -198  )
( 57  -43  105  )
( -158  0  55  )
( -130  124  -133  )
( 121  -178  25  )
( -55  49  98  )
( 54  -137  106  )
( -23  -46  -29  )
( -163  -158  113  )
( -136  -196  -58  )
( -192  -77  -165  )
( -40  115  31  )
( 95  -80  196  )
( 102  170  91  )
( 128  -62  70  )
( 189  181  170  )
( -79  77  -191  )
( -172  10  -43  )
( 167  166  84  )
( -8  54  161  )
( 128  -170  -178  )
( -195  -125  161  )
( -140  51  -90  )
( -67  91  57  )
( -52  -115  -33  )
( -164  -158  -162  )
( -109  6  -138  )
( 179  -35  145  )
( 165  137  161  )
( -110  -165  -122  )
( -109  -24  -58  )
( 92  12  43  )
( -136  30  -77  )
( -28  -126  169  )
( 150  -46  170  )
( -83  82  -30  )
( -196  -90  -85  )
( 122  -100  118  )
( -32  72  -124  )
( -173  19  74  )
( -69  13  171  )
( -20  -166  -140  )
( -124  -114  -179  )
( -157  -62  -45  )
( -32  79  -107  )
( -120  -117  -177  )
( 199  -114  -141  )
( -55  69  -111  )
( 32  165  44  )
( 105  173  -52  )
( -155  168  162  )
( 20  129  -84  )
( 165  59  -16  )
( -96  -165  -156  )
( 22  51  87  )
( -25  31  14  )
( 38  49  -8  )
( -192  36  67  )
( -113  -194  -42  )
( 73  -138  173  )
( 158  170  -73  )
( -73  -70  41  )
( 121  198  176  )
( 96  -33  -180  )
( 136  13  -147  )
( 178  -135  -48  )
( 88  65  -51  )
( -87  138  151  )
( -156  -44  -21  )
( 50  83  -100  )
( 132  -168  -79  )
( -18  140  38  )
( -66  95  -73  )
( 21  110  136  )
( -162  140  -66  )
( 142  87  -100  )
( -91  -119  -195  )
( 153  -89  -100  )
( -91  -189  150  )
( 12  -35  -175  )
( 150  153  -108  )
( 46  158  -88  )
( -34  -171  -64  )
( -119  -173  148  )
( 189  -185  -9  )
( 109  -189  66  )
( 60  191  -57  )
( -189  -114  -12  )
( 18  -16  -177  )
( 67  -132  -76  )
( -68  74  123  )
( -19  186  -71  )
( -74  80  -185  )
( 59  18  -109  )
( -113  122  2  )
( -136  28  -51  )
( -92  -89  -19  )
( -33  -140  142  )
( -20  123  199  )
( 191  18  -135  )
( -183  -1  88  )
( 6  147  89  )
( -145  -177  -129  )
( 114  -27  -156  )
( 99  16  -174  )
( 178  -192  -52  )
( 59  -118  -36  )
( -41  -189  -186  )
( 138  -40  -188  )
( 128  -130  -149  )
( -148  176  -186  )
( 54  148  165  )
( 195  136  -108  )
( 107  -7  39  )
( 176  -182  -5  )
( 106  153  -96  )
( -92  10  9  )
( 95  109  -190  )
( -114  -42  180  )
( 74  9  -93  )
( 103  185  56  )
( 35  -2  112  )
( 39  102  -154  )
( 47  56  164  )
( 51  27  -176  )
( 179  -59  128  )
( -14  -48  100  )
( 28  -58  -188  )
( 143  -164  -81  )
( 15  -119  -150  )
( -44  7  -146  )
( -20  165  173  )
( 13  -93  -11  )
( -85  199  99  )
( 83  68  6  )
( -88  -90  -137  )
( 117  91  -61  )
( 51  9  -142  )
( -1  -95  -196  )
( -104  -9  159  )
( 47  10  -175  )
( 83  -47  -179  )
( 96  79  69  )
( 32  82  155  )
( -191  128  -97  )
( 161  -42  -179  )
( -77  -191  -53  )
( -131  150  -169  )
( -175  169  -189  )
( 156  -174  -152  )
( 76  191  124  )
( 136  -103  -7  )
( 194  78  131  )
( 4  177  174  )
( -90  -191  -10  )
( -116  104  196  )
( 46  72  176  )
( -135  -112  1  )
( -26  -84  46  )
( -66  38  -37  )
( -165  145  -161  )
( 63  -168  -127  )
( 57  117  185  )
( -164  -148  43  )
( -30  -52  -97  )
( 109  -127  60  )
( 74  160  -40  )
( -52  69  119  )
( 44  24  -152  )
( -12  -85  -152  )
( -124  22  -122  )
( 48  -87  -125  )
( -8  5  -86  )
( 174  136  144  )
( -119  186  150  )
( 160  36  -62  )
( 23  69  -47  )
( 150  136  -2  )
( -69  -193  152  )
( 20  -162  23  )
( -94  134  22  )
( 78  120  -185  )
( -114  16  183  )
( -127  -145  -188  )
( 198  -74  70  )
( 186  164  -8  )
( -59  -51  177  )
( -111  99  27  )
( -116  -68  -139  )
( 51  101  158  )
( 166  51  -12  )
( 57  -153  -196  )
( 141  45  -187  )
( 8  168  -148  )
( 27  6  126  )
( -155  3  -117  )
( -83  -44  -136  )
( -145  -6  -173  )
( 177  -53  -197  )
( -67  180  107  )
( 17  -136  -192  )
( 22  -177  -121  )
( -7  -169  63  )
( 72  -114  112  )
( 74  -57  -84  )
( 90  187  79  )
( 19  196  57  )
( 98  17  -69  )
( 84  48  150  )
( 91  -191  -6  )
( 143  171  3  )
( 108  -97  -6  )
( -149  -184  -177  )
( -13  163  35  )
( 118  -189  136  )
( -74  -199  -60  )
( 27  -24  11  )
( -174  132  -54  )
( 84  131  142  )
( 80  -180  -57  )
( -72  -198  196  )
( 82  -6  -62  )
( -30  101  -53  )
( -74  -91  -185  )
( -131  157  154  )
( 28  17  150  )
( 38  16  -117  )
( -45  71  -6  )
( -111  -140  -179  )
( -9  -109  5  )
( 188  -62  -58  )
( 172  -181  -70  )
( 133  -199  -123  )
( 135  38  -197  )
( -131  -122  -66  )
( 30  96  63  )
( -32  163  -63  )
( -99  -72  150  )
( -99  176  189  )
( 6  70  -66  )
( -49  -79  150  )
( -115  -99  3  )
( -161  -157  164  )
( 99  -168  -136  )
( 192  -175  -84  )
( -8  -160  172  )
( -75  31  -136  )
( -53  171  -103  )
( -57  83  6  )
( 143  -145  71  )
( -8  75  58  )
( -69  4  -145  )
( 150  94  132  )
( 88  -116  -64  )
( 153  -142  -134  )
( -190  41  140  )
( 155  168  140  )
( 6  31  70  )
( -61  88  90  )
( -106  -24  -129  )
( -23  191  -18  )
( -130  -119  54  )
( -84  -142  -122  )
( -50  -55  159  )
( -156  186  -21  )
( -97  19  -3  )
( -1  84  -39  )
( 136  79  -103  )
( -145  152  -90  )
( -153  70  -59  )
( 21  -143  -102  )
( -119  79  61  )
( -167  40  -92  )
( -197  -51  17  )
( 34  -149  144  )
( 32  -144  -187  )
( -23  2  -148  )
( 156  99  44  )
( -68  -43  -82  )
( 0  -199  -171  )
( -165  -26  140  )
( -89  -18  76  )
( -13  -63  -168  )
( 35  -117  66  )
( -50  165  -162  )
( -17  -175  150  )
( 61  -125  -159  )
( -65  -101  28  )
( 99  -163  -166  )
( 58  -1  77  )
( -75  98  41  )
( -119  75  -76  )
( 172  162  -169  )
( -79  39  -135  )
( 197  -165  34  )
( -58  138  -108  )
( 55  6  -69  )
( -75  176  -55  )
( 103  52  -118  )
( -197  -157  127  )
( 103  -112  102  )
( -23  -181  131  )
( -151  -69  152  )
( 17  29  171  )
( 13  37  -76  )
( 57  142  -134  )
( -141  155  55  )
( 72  166  -88  )
( 89  -43  -21  )
( 91  61  158  )
( 192  172  -107  )
( -107  19  -192  )
( -190  -67  -59  )
( 170  184  182  )
( -24  73  -152  )
( -55  81  -107  )
( 78  92  -145  )
( -1  164  -88  )
( 128  114  23  )
( 45  21  -90  )
( 6  94  124  )
( -142  96  156  )
( -119  37  -35  )
( 37  -49  82  )
( 151  -199  30  )
( 92  137  -105  )
( -195  -167  174  )
( -142  131  -181  )
( -109  169  164  )
( 51  -190  93  )
( -140  180  -190  )
( -182  -70  -106  )
( 190  89  122  )
( 39  37  -57  )
( 99  -191  -115  )
( 47  -74  -197  )
( -50  -90  -65  )
( -182  146  -117  )
( 111  -142  -139  )
( -51  -73  32  )
( -46  3  5  )
( -191  69  54  )
( -27  175  -196  )
( -135  -43  5  )
( -50  149  179  )
( 186  -35  -77  )
( 96  122  42  )
( -180  -156  -23  )
( -5  35  88  )
( -1  -115  194  )
( 25  57  -177  )
( -25  -114  -94  )
( -18  -183  109  )
( 174  74  -141  )
( 132  154  156  )
( -94  37  -1  )
( -95  -162  100  )
( -143  147  95  )
( 131  -76  124  )
( -197  -137  127  )
( 155  -56  -51  )
( -179  140  -55  )
( -179  -135  -68  )
( -90  -49  100  )
( -68  94  1  )
( 39  -59  -19  )
( 63  -0  -65  )
( -182  186  -168  )
( -34  146  -164  )
( 190  -153  -184  )
( -138  68  -6  )
( -61  -80  -94  )
( 41  176  -22  )
( -56  36  136  )
( 185  -78  -9  )
( -43  193  114  )
( -182  -172  -13  )
( -174  -79  141  )
( 12  -144  -53  )
( 153  -191  -151  )
( 54  -161  190  )
( 126  195  -112  )
( 30  130  -0  )
( 48  33  126  )
( 142  -21  10  )
( 182  134  -130  )
( -170  -59  132  )
( 134  -198  101  )
( -177  58  72  )
( -83  -183  -55  )
( -192  -35  30  )
( 177  -155  -69  )
( 3  154  84  )
( -183  44  -122  )
( 10  -198  40  )
( 82  -131  162  )
( -91  -175  -104  )
( -197  91  -153  )
( 175  89  -109  )
( -169  -95  -158  )
( -186  -51  105  )
( -109  85  60  )
( 33  -63  -107  )
( -11  146  -102  )
( 184  50  -83  )
( -115  53  62  )
( 136  52  -161  )
( -148  112  -176  )
( 23  80  -16  )
( -21  -145  -107  )
( -158  -41  -118  )
( 185  97  -136  )
( -181  -124  -185  )
( -110  -101  -175  )
( 27  19  -34  )
( 147  188  -51  )
( 79  65  172  )
( 126  25  50  )
( -99  -55  133  )
( 80  -183  -62  )
( -142  -8  43  )
( -94  49  -175  )
( -196  84  -42  )
( 197  -155  41  )
( 143  57  100  )
( 157  118  -144  )
( -172  -8  147  )
( -27  -57  192  )
( 124  -40  128  )
( 61  8  53  )
( -164  -33  181  )
( 143  -126  -11  )
( -14  -76  -167  )
( -124  103  -16  )
( -190  142  123  )
( -38  177  -146  )
( 27  -130  -122  )
( -23  43  -28  )
( 12  -105  104  )
( 143  29  23  )
( -34  147  -126  )
( 58  -195  97  )
( 8  -66  18  )
( 90  -195  -57  )
( 8  163  140  )
( 191  45  -85  )
( -134  -145  -11  )
( -34  -102  194  )
( 5  -199  -85  )
( 89  -62  79  )
( -149  -107  -156  )
( 68  164  49  )
( 36  71  199  )
( 135  171  -36  )
( 164  154  170  )
( -49  -131  -141  )
( 44  196  -178  )
( 13  -132  -191  )
( 98  164  -110  )
( -101  56  36  )
( -137  121  -108  )
( -153  106  -97  )
( 30  52  -118  )
( -19  -31  75  )
( -172  -128  22  )
( -137  107  -111  )
( 6  97  -98  )
( -61  137  123  )
( 14  30  41  )
( 94  -192  -64  )
( -188  75  6  )
( 169  94  -15  )
( -18  167  -164  )
( 88  48  103  )
( 96  113  58  )
( -164  154  -36  )
( -166  -158  -11  )
( -86  66  96  )
( 178  -172  90  )
( 66  196  69  )
( 43  114  140  )
( -117  122  -150  )
( -18  39  96  )
( 10  -99  116  )
( -29  4  -168  )
( 41  -179  134  )
( 170  -190  98  )
( -179  23  -148  )
( -85  168  -28  )
( -88  76  118  )
( 182  63  -59  )
( 98  42  -13  )
( -118  -192  188  )
( 27  125  -191  )
( 92  -24  -154  )
( -89  -103  -143  )
( 117  -90  56  )
( 98  47  99  )
( -105  161  -20  )
( 119  7  -25  )
( -41  -121  -150  )
( 109  -197  -106  )
( -94  196  59  )
( -159  -189  128  )
( -139  -134  -116  )
( -21  -32  1  )
( -196  177  -156  )
( 6  195  -181  )
( -151  -162  169  )
( 86  127  -40  )
( 130  -140  -2  )
( 50  -199  124  )
( -91  176  -125  )
( -58  147  17  )
( -10  84  -95  )
( 97  15  118  )
( 73  -125  -154  )
( 159  -152  184  )
( -114  194  -168  )
( -118  -160  95  )
( 35  -164  114  )
( 73  43  135  )
( 137  6  -28  )
( -148  -51  65  )
( -8  189  104  )
( -94  143  86  )
( 109  85  -113  )
( -128  166  87  )
( 146  -96  110  )
( -126  68  -162  )
( -113  -153  -57  )
( 121  -44  -10  )
( -45  -29  89  )
( -92  152  132  )
( -101  -174  -4  )
( 75  -74  -183  )
( -155  174  -110  )
( -8  -43  92  )
( 99  104  9  )
( 160  49  167  )
( 70  60  -56  )
( -116  118  164  )
( 114  185  46  )
( 84  -0  -87  )
( 74  7  -76  )
( 104  23  28  )
( -149  45  -177  )
( 144  57  -142  )
( -147  61  169  )
( 191  -152  197  )
( -107  102  -43  )
( 160  31  50  )
( 161  -184  -40  )
( 195  20  -158  )
( -116  59  78  )
( 154  -48  176  )
( -22  -158  -45  )
( -192  -47  196  )
( -168  26  190  )
( -192  169  80  )
( 64  -190  99  )
( -60  182  -92  )
( 47  -37  125  )
( 135  46  -147  )
( 178  -15  171  )
( 173  -104  148  )
( -118  64  -56  )
( 169  -118  136  )
( 8  20  -16  )
( -150  -21  -84  )
( 175  -142  29  )
( -147  104  70  )
( 139  -142  43  )
( -187  -106  132  )
( 106  95  -197  )
( -161  -147  14  )
( -17  -6  -10  )
( 15  49  47  )
( 145  9  -111  )
( 151  -194  -74  )
( -60  51  148  )
( 143  -177  103  )
( 53  -43  120  )
( -153  77  85  )
( -122  159  -41  )
( 23  180  -193  )
( 103  179  -106  )
( 191  -139  -27  )
( 3  -133  98  )
( 137  -155  -192  )
( 39  49  92  )
( 154  1  -127  )
( 24  10  -40  )
( -90  198  96  )
( 15  -170  75  )
( 79  -156  197  )
( -106  -80  55  )
( 35  73  18  )
( 74  -23  73  )
( 52  59  -168  )
( 110  -91  92  )
( -83  -176  179  )
( 115  54  146  )
( 27  67  -180  )
( 107  135  192  )
( 105  -160  123  )
( -136  8  -179  )
( 3  -198  126  )
( -135  93  169  )
( -5  186  -106  )
( -77  91  -32  )
( -105  -58  123  )
( 139  172  -28  )
( -58  164  -67  )
( -57  193  -198  )
( 99  -15  -66  )
( 78  -95  -15  )
( 145  136  148  )
( -169  -110  132  )
( 199  -88  -51  )
( -151  77  154  )
( 188  180  132  )
( -196  98  -86  )
( -38  -18  55  )
( -180  95  108  )
( -193  146  18  )
( -28  153  84  )
( -161  -139  81  )
( -34  -22  -147  )
( -37  116  5  )
( 7  -146  167  )
( 177  150  -7  )
( 10  74  23  )
( 153  -189  -3  )
( -163  -97  -16  )
( -130  -144  -20  )
( -14  29  -127  )
( 161  61  -178  )
( -94  -188  -49  )
( -81  -170  -30  )
( 101  174  151  )
( -101  85  -37  )
( -115  102  -125  )
( 85  119  17  )
( 21  99  -26  )
( 22  -117  112  )
( 106  59  195  )
( 48  -93  -37  )
( 79  -88  140  )
( -48  81  -181  )
( -140  168  -145  )
( -158  -143  -88  )
( 145  -112  -174  )
( -52  -98  196  )
( 11  146  -75  )
( -24  -120  191  )
( 160  189  26  )
( -73  -178  49  )
( -90  -24  -113  )
( -30  -195  152  )
( 6  -196  167  )
( 8  -153  115  )
( -183  50  114  )
( 177  92  57  )
( 42  -186  -132  )
( -31  40  -1  )
( 139  -11  -99  )
( -152  136  -13  )
( 118  -110  28  )
( 154  -67  -62  )
( 35  -96  -182  )
( -24  156  120  )
( 43  52  -68  )
( 178  172  3  )
( 43  -132  147  )
( -194  193  75  )
( -49  154  83  )
( -39  62  -119  )
( -154  171  75  )
( 137  122  -156  )
( 54  37  56  )
( 22  65  133  )
( 51  139  109  )
( 179  192  184  )
( -127  -166  -161  )
( 66  -8  -32  )
( 80  -16  128  )
( 133  -69  -62  )
( 193  10  -148  )
( -181  -125  184  )
( 115  -49  57  )
( -190  137  187  )
( -93  164  -156  )
( -105  136  -22  )
( -197  103  -161  )
( -104  66  -78  )
( -196  14  129  )
( 129  -14  136  )
( 127  155  -116  )
( 0  -101  116  )
( -64  93  184  )
( -194  -71  -104  )
( 25  -2  -37  )
( 125  -174  29  )
( 159  158  -134  )
( 41  68  -29  )
( 12  91  -157  )
( -185  39  175  )
( 129  159  3  )
( -155  -174  185  )
( -137  27  -78  )
( 181  -2  -192  )
( -93  80  -126  )
( 151  38  134  )
( 122  -86  99  )
( -125  51  -98  )
( -112  -83  -49  )
( 102  150  -101  )
( -16  -125  -63  )
( 61  -45  122  )
( 134  -175  127  )
( -148  70  13  )
( 132  143  -93  )
( -15  -40  178  )
( 79  67  -128  )
( -39  -126  182  )
( -155  -110  -52  )
( -145  -57  -135  )
( -118  -90  -65  )
( 119  80  57  )
( 141  -169  31  )
( -100  161  81  )
( -196  156  -37  )
( -151  -114  17  )
( -164  31  182  )
