( -18  -28  -166  )
( 4  187  75  )
( -136  -41  53  )
( 195  -199  -27  )
( -64  -0  -96  )
( -189  -112  140  )
( -111  -89  -84  )
( -183  -61  -104  )
( -190  -29  -162  )
( -155  151  41  )
( -154  12  -184  )
( 187  -103  180  )
( -160  142  -44  )
( -95  114  -4  )
( 184  -127  -139  )
( 21  -132  87  )
( 69  80  113  )
( -28  116  132  )
( -31  3  52  )
( 71  100  51  )
( -155  43  -184  )
( -83  -171  61  )
( -56  146  -91  )
( -51  -163  33  )
( -159  -163  194  )
( -53  -166  6  )
( 73  122  29  )
( 120  -85  118  )
( -188  61  190  )
( -88  21  -107  )
( -87  16  146  )
( 117  118  4  )
( -76  98  -107  )
( 95  167  4  )
( -63  -120  172  )
( 59  -37  15  )
( 54  -154  -47  )
( -180  -55  -0  )
( 38  188  92  )
( 134  -150  95  )
( -45  112  75  )
( -150  30  -79  )
( -0  -151  170  )
( 85  73  17  )
( -33  16  136  )
( -175  123  -3  )
( -83  82  -47  )
( 147  161  64  )
( 85  -34  196  )
( 170  141  67  )
( -73  31  -116  )
( -147  -65  -102  )
( -183  175  -152  )
( 108  -33  47  )
( 72  -29  199  )
( -148  -86  -145  )
( -59  184  -32  )
( 163  37  -42  )
( 36  50  154  )
( 88  120  190  )
( -81  179  -6  )
( -2  109  77  )
( 36  -55  -112  )
( 81  -102  -30  )
( -117  -194  -88  )
( -150  19  -111  )
( 139  0  7  )
( 100  -175  -69  )
( -187  6  -63  )
( -143  -178  -161  )
( -9  14  -118  )
( -59  179  173  )
( -91  168  53  )
( -156  121  166  )
( -27  182  119  )
( -185  66  131  )
( 11  42  193  )
( 74  -63  159  )
( 32  -146  199  )
( -122  62  -198  )
( 159  94  167  )
( 110  147  -159  )
( -65  128  -83  )
( -13  182  -76  )
( -101  147  18  )
( 22  -136  -120  )
( 56  -118  -36  )
( -9  6  -67  )
( 56  -118  125  )
( 125  -164  30  )
( 70  152  -129  )
( -116  -29  -148  )
( -145  -151  -29  )
( 98  58  123  )
( 67  4  78  )
( 137  -197  69  )
( 113  34  107  )
( 139  93  -160  )
( 182  -141  21  )
( -187  69  -148  )
( -135  -87  -70  )
( -175  180  -139  )
( 172  -174  -21  )
( -136  -194  6  )
( -95  23  32  )
( 86  -77  123  )
( -187  9  -171  )
( -18  -67  -50  )
( -58  -15  -26  )
( -176  41  16  )
( -140  -141  -113  )
( 34  -192  -84  )
( -142  101  13  )
( -104  -167  134  )
( 47  30  -67  )
( -183  -16  -117  )
( 146  115  -42  )
( -42  73  -41  )
( 40  -119  124  )
( 88  -108  195  )
( 35  -21  -156  )
( -67  -176  -51  )
( -88  164  -30  )
( -7  -180  13  )
( -172  -67  100  )
( -43  46  79  )
( -149  117  -9  )
( -62  95  19  )
( 54  51  -87  )
( 35  -188  -20  )
( 174  35  130  )
( 3  -125  -128  )
( -159  199  -106  )
( -109  -100  86  )
( -10  162  26  )
( -186  11  -193  )
( -48  -37  98  )
( 48  171  -140  )
( 137  183  -197  )
( -105  27  -76  )
( -107  175  44  )
( 41  -46  -188  )
( 33  183  35  )
( -115  76  -178  )
( -189  177  -7  )
( -121  83  74  )
( -161  -39  140  )
( 30  -65  164  )
( 163  24  -4  )
( -11  -67  158  )
( 20  50  -99  )
( 109  -151  95  )
( -136  65  172  )
( 99  87  21  )
( 137  -24  -52  )
( 167  153  56  )
( 165  -98  -183  )
( -195  187  23  )
( 191  70  31  )
( -119  -4  -34  )
( -150  17  78  )
( 47  49  81  )
( 65  124  67  )
( 172  141  -96  )
( 45  31  85  )
( -3  114  106  )
( -46  41  109  )
( 62  -6  -114  )
( 145  -135  82  )
( -131  35  19  )
( 12  184  -76  )
( -131  -185  27  )
( -58  129  45  )
( 66  83  -72  )
( -156  -58  11  )
( -55  188  -192  )
( -170  159  -123  )
( 17  5  196  )
( -41  55  14  )
( 48  -167  -44  )
( -46  176  -127  )
( 139  1  32  )
( -0  53  54  )
( 24  -7  -162  )
( 148  76  -146  )
( 170  -177  122  )
( -113  -9  -65  )
( 59  -137  -9  )
( 90  -183  -129  )
( -25  -94  -149  )
( -91  -142  76  )
( -78  -102  153  )
( 42  118  88  )
( 101  13  120  )
( -50  -85  192  )
( -16  -67  55  )
( -113  -78  144  )
( -49  157  -115  )
( -71  -111  192  )
( 193  -176  190  )
( -49  135  128  )
( -91  -102  -26  )
( 81  57  -167  )
( -179  -43  57  )
( 17  162  -181  )
( 135  129  176  )
( 69  -52  -68  )
( -198  31  -0  )
( 4  -108  -137  )
( 185  97  76  )
( -159  34  -27  )
( 31  -129  5  )
( -40  -3  -53  )
( 44  37  -158  )
( 84  -190  -142  )
( -18  36  74  )
( 148  -158  17  )
( -143  125  105  )
( -169  61  196  )
( -113  -12  -91  )
( -139  -157  161  )
( -51  151  -112  )
( -35  -148  178  )
( 53  188  -57  )
( 152  71  -126  )
( -1  57  71  )
( 115  72  106  )
( -141  -127  73  )
( -191  2  -179  )
( -183  163  -170  )
( 41  148  2  )
( -166  -33  68  )
( 177  -106  -154  )
( 13  33  5  )
( -133  -8  182  )
( -152  145  -188  )
( -178  -12  180  )
( -164  95  56  )
( 60  191  62  )
( -7  56  -172  )
( 128  194  118  )
( -28  129  71  )
( -87  -5  61  )
( 121  34  -37  )
( 23  -5  47  )
( 182  -169  -147  )
( -132  -188  39  )
( 175  88  0  )
( -54  -44  43  )
( 80  133  -98  )
( -85  -66  135  )
( -131  -66  10  )
( -159  8  93  )
( 102  -184  25  )
( -171  98  149  )
( 5  18  -97  )
( 89  56  156  )
( 24  154  -102  )
( -47  -190  23  )
( -75  116  -162  )
( 32  106  28  )
( -194  163  69  )
( 132  78  116  )
( 51  -77  -8  )
( 46  123  -91  )
( -191  167  97  )
( -21  -58  116  )
( -101  -25  157  )
( 24  69  164  )
( -129  -44  -92  )
( 13  -134  -137  )
( -163  -49  174  )
( -187  -103  10  )
( -165  -37  -21  )
( -28  -128  166  )
( -166  -152  151  )
( 103  128  -107  )
( -166  194  -90  )
( -94  127  -155  )
( 6  12  193  )
( 1  -29  -146  )
( 64  156  96  )
( 109  60  179  )
( -189  -31  158  )
( -42  176  107  )
( -71  -148  26  )
( -86  -12  140  )
( 17  187  -148  )
( 76  61  119  )
( 115  -71  152  )
( 120  60  -94  )
( -82  -84  -47  )
( 160  -75  -67  )
( -43  -6  -192  )
( -128  -115  -139  )
( -58  -117  19  )
( -180  -122  -150  )
( 195  103  -39  )
( -148  82  -161  )
( -111  -122  105  )
( 104  82  15  )
( -59  -124  -181  )
( -19  127  87  )
( 7  -31  114  )
( 124  111  -160  )
( 195  151  -63  )
( -166  -53  -162  )
( -167  -180  -108  )
( 188  109  -34  )
( -52  20  3  )
( -176  -62  12  )
( -169  29  -178  )
( 139  -8  37  )
( 23  -125  39  )
( 128  132  178  )
( 117  -136  78  )
( 108  -167  -141  )
( 104  -193  -64  )
( -140  -59  34  )
( -102  54  37  )
( -91  -80  135  )
( -198  -52  16  )
( -160  -137  -83  )
( -160  88  -79  )
( -39  41  -110  )
( -55  107  -29  )
( 21  98  -116  )
( -123  12  -144  )
( -148  -120  144  )
( 133  -3  -138  )
( -82  -122  95  )
( 154  -2  182  )
( 146  -195  -151  )
( 35  25  -102  )
( 150  -111  -144  )
( -72  -128  112  )
( -134  -69  57  )
( 85  -2  -59  )
( -99  188  -4  )
( -62  -36  64  )
( -90  31  -189  )
( 153  94  13  )
( 52  91  30  )
( 117  154  90  )
( -184  185  -43  )
( 26  91  -105  )
( 133  110  -161  )
( -163  -131  6  )
( -104  148  -50  )
( 9  95  -116  )
( 83  4  18  )
( 178  5  90  )
( -179  170  68  )
( -140  -46  -102  )
( -192  -183  -123  )
( 68  -117  101  )
( 174  168  -48  )
( -19  118  -83  )
( -17  -197  2  )
( 129  -137  31  )
( -192  -195  64  )
( -142  110  170  )
( 32  -93  119  )
( -111  28  112  )
( -24  -189  -3  )
( 13  -187  173  )
( -126  -50  179  )
( 122  154  5  )
( -107  24  53  )
( -133  -58  17  )
( 98  -195  -124  )
( -130  22  182  )
( -68  -95  -15  )
( -106  104  -188  )
( 47  -129  170  )
( 187  -95  160  )
( -123  52  -199  )
( -191  62  -124  )
( 173  -127  11  )
( 178  101  -162  )
( 34  -51  -89  )
( -34  -87  97  )
( -10  22  -176  )
( -143  -76  -146  )
( -194  -41  -38  )
( -74  -26  67  )
( 144  -173  -79  )
( -116  89  150  )
( 186  -47  149  )
( 135  -20  26  )
( 105  150  49  )
( -119  -180  -106  )
( -132  -150  160  )
( -57  -32  -43  )
( 133  -47  195  )
( 175  68  -31  )
( -165  158  199  )
( -25  192  181  )
( 77  179  -6  )
( 129  -17  142  )
( 123  -161  27  )
( -139  -22  12  )
( -0  39  -78  )
( 198  108  -96  )
( 16  -154  190  )
( 138  61  -77  )
( 74  -19  -43  )
( 160  172  -131  )
( 196  0  61  )
( -166  -129  -163  )
( 22  173  -125  )
( 102  136  122  )
( -127  -160  -117  )
( -68  -136  72  )
( 185  33  52  )
( 187  34  79  )
( -19  87  -186  )
( 99  106  69  )
( -123  2  -51  )
( -176  125  115  )
( 65  -4  -1  )
( 130  -169  -63  )
( 17  -22  -146  )
( 139  -136  -158  )
( 125  -114  -128  )
( 5  82  -80  )
( -91  -76  -117  )
( 166  -43  -129  )
( 108  16  -70  )
( -189  -75  151  )
( -74  121  -139  )
( 51  131  74  )
( 135  79  -199  )
( -104  -71  186  )
( 176  120  -131  )
( 30  52  165  )
( -90  31  -62  )
( -40  178  -157  )
( 191  -170  -114  )
( -192  -62  -81  )
( 87  -19  84  )
( 105  120  -147  )
( 65  181  -92  )
( 155  177  -197  )
( 112  -16  128  )
( -4  -73  53  )
( -87  -175  -191  )
( 96  161  29  )
( -167  192  -126  )
( -83  46  125  )
( -15  -94  -54  )
( 19  -188  158  )
( 56  66  -1  )
( 93  -113  -89  )
( -163  98  130  )
( 183  148  -155  )
( -54  182  40  )
( 142  -185  -141  )
( -70  54  144  )
( -103  -165  151  )
( -32  34  21  )
( -95  98  -67  )
( -179  111  -91  )
( -153  121  10  )
( 98  -96  99  )
( 143  -58  -118  )
( 20  -57  135  )
( -190  189  -48  )
( 136  -6  155  )
( 16  41  43  )
( 128  72  198  )
( 176  8  -66  )
( -72  -65  -161  )
( 61  -44  105  )
( -164  108  -149  )
( 48  -68  17  )
( 194  -77  -165  )
( -37  -41  -158  )
( -194  110  15  )
( -146  79  183  )
( 154  -95  125  )
( -142  -105  35  )
( -109  134  -43  )
( 60  27  -161  )
( -66  142  -141  )
( -42  90  168  )
( -81  187  -194  )
( 157  77  54  )
( -103  -4  188  )
( 149  2  -198  )
( -183  81  199  )
( -197  93  -5  )
( 9  39  -1  )
( 167  -82  28  )
( -71  -136  -61  )
( -19  181  149  )
( -21  -162  42  )
( -36  26  -33  )
( -108  -136  40  )
( -75  -125  142  )
( -14  84  -37  )
( -103  5  145  )
( 17  79  -78  )
( -6  -160  -144  )
( -84  -41  11  )
( 182  -171  -195  )
( -13  78  111  )
( -133  -68  181  )
( -12  59  139  )
( -66  165  52  )
( 25  -4  99  )
( -84  -123  191  )
( -45  -182  -88  )
( -178  191  -143  )
( -165  -142  -106  )
( -143  -102  80  )
( -128  163  97  )
( -34  186  -174  )
( 100  73  155  )
( 80  -63  114  )
( -90  -38  178  )
( -45  168  91  )
( 125  188  -23  )
( 27  34  -179  )
( 177  -24  -61  )
( -100  156  167  )
( -154  -116  55  )
( 2  16  66  )
( -186  -45  37  )
( 26  11  187  )
( -69  -90  96  )
( -123  66  -107  )
( -154  -34  -144  )
( 103  -157  87  )
( -199  -80  149  )
( -129  40  163  )
( 128  11  90  )
( -114  60  165  )
( 33  -155  150  )
( 38  -55  -14  )
( 173  -36  122  )
( 60  -72  -159  )
( 93  0  32  )
( -33  -102  96  )
( -188  -30  -47  )
( 174  105  -8  )
( 161  33  135  )
( 146  77  91  )
( -121  -134  115  )
( -5  -75  65  )
( 17  -177  55  )
( 137  -78  -167  )
( 158  105  -61  )
( -171  33  -170  )
( -30  180  -47  )
( 113  -25  130  )
( 83  -63  -70  )
( 4  63  93  )
( -185  121  120  )
( -154  160  114  )
( -74  -150  -140  )
( 98  143  71  )
( -46  88  11  )
( 8  -191  13  )
( 113  -124  135  )
( 49  54  86  )
( 157  -114  136  )
( -46  -100  -89  )
( 100  -50  63  )
( 167  -6  1  )
( 22  13  51  )
( 145  124  40  )
( -39  33  182  )
( -44  -143  2  )
( 149  197  42  )
( 114  164  -92  )
( -66  -146  -48  )
( 130  -147  138  )
( 7  3  100  )
( -60  -78  -29  )
( -173  -142  -156  )
( -40  131  18  )
( -190  146  175  )
( 102  164  45  )
( -175  -29  -106  )
( -187  122  -144  )
( -5  52  69  )
( 4  11  182  )
( -158  28  -4  )
( 86  -78  -131  )
( -65  -16  -188  )
( 188  108  168  )
( -1  110  113  )
( 179  -27  -126  )
( -146  114  81  )
( -79  129  -78  )
( 196  1  111  )
( 143  87  -133  )
( -106  138  -41  )
( 98  64  -67  )
( 196  -55  122  )
( 171  -50  91  )
( -111  -181  -168  )
( -64  -52  106  )
( -71  -17  -135  )
( 100  169  -3  )
( 190  -173  143  )
( -39  45  155  )
( 92  76  59  )
( 84  36  -74  )
( -187  -71  -171  )
( 61  41  10  )
( -106  83  -100  )
( -16  -199  126  )
( 70  104  -131  )
( -42  -33  -189  )
( 43  -116  -51  )
( 96  125  -102  )
( -69  -191  -53  )
( 65  -138  22  )
( -66  113  -20  )
( 165  -158  155  )
( 68  34  21  )
( -161  4  -23  )
( -167  100  -10  )
( 41  -115  -50  )
( 195  -147  29  )
( -103  -42  81  )
( -43  197  188  )
( 91  129  -137  )
( 28  -73  -182  )
( -153  150  163  )
( -88  15  -24  )
( 67  -126  -174  )
( -31  0  -83  )
( -146  -92  166  )
( -4  -73  177  )
( 68  -37  108  )
( -38  91  181  )
( -141  -192  -60  )
( -55  -145  176  )
( 184  -151  22  )
( -1  -6  105  )
( 15  -106  -6  )
( 64  55  -21  )
( 111  -125  57  )
( -131  -55  35  )
( -135  -97  -136  )
( 150  -167  59  )
( -55  163  95  )
( 130  -194  -39  )
( -66  -192  -194  )
( -197  -123  -187  )
( 152  50  -128  )
( 136  169  22  )
( 158  41  -165  )
( 104  194  -181  )
( 91  82  42  )
( 105  -92  -97  )
( 154  -38  -49  )
( 86  174  -81  )
( -14  -90  -71  )
( -22  -53  -126  )
( 4  139  -104  )
( 93  -67  90  )
( -83  110  -145  )
( -101  151  171  )
( -81  -193  -134  )
( 21  70  -42  )
( -174  112  -123  )
( 168  -131  197  )
( -110  109  137  )
( -61  9  82  )
( -133  121  -5  )
( -192  97  -58  )
( 14  -106  -124  )
( -199  21  47  )
( 47  -105  89  )
( -148  -98  45  )
( -175  152  -94  )
( -67  -74  -93  )
( 57  104  162  )
( 55  -21  -25  )
( 186  172  176  )
( -167  -173  192  )
( -19  -80  109  )
( -22  70  -68  )
( 24  77  -152  )
( -69  199  -31  )
( 180  -167  78  )
( 2  10  -100  )
( -199  56  -190  )
( -139  -190  -25  )
( -151  -107  31  )
( 17  105  -118  )
( 191  9  -140  )
( -126  118  -4  )
( -17  -31  -43  )
( 169  -5  -187  )
( -30  -36  -63  )
( 196  28  -168  )
( 84  105  -59  )
( -79  75  172  )
( 0  -88  -37  )
( -129  38  143  )
( 50  -173  153  )
( 183  85  170  )
( 167  -146  -175  )
( 78  16  -148  )
( 122  -84  -125  )
( -52  -137  37  )
( -142  -34  -131  )
( 121  -101  -69  )
( 57  131  27  )
( 156  68  -145  )
( 13  -166  -153  )
( 177  31  -57  )
( 107  -39  -181  )
( -145  -155  -132  )
( -190  -41  15  )
( 130  116  -10  )
( -140  -102  192  )
( 100  90  21  )
( 198  -133  110  )
( 4  160  -57  )
( -117  9  -185  )
( -11  -123  51  )
( 151  74  -149  )
( -4  15  150  )
( 163  75  -53  )
( -28  -30  141  )
( 175  -65  -40  )
( -62  -179  64  )
( -157  -38  87  )
( 9  197  -189  )
( -105  145  185  )
( -115  -15  181  )
( 134  -123  84  )
( -104  -27  -52  )
( 100  195  -184  )
( -39  166  92  )
( 77  -85  184  )
( -175  93  -123  )
( -126  -45  -5  )
( -163  -198  128  )
( 4  -113  -108  )
( -96  115  -48  )
( -18  123  -108  )
( 34  -48  -120  )
( -117  -166  178  )
( 190  123  -180  )
( 68  170  76  )
( 107  198  142  )
( 92  105  99  )
( -48  120  95  )
( -12  138  199  )
( 181  -185  -180  )
( 69  176  75  )
( 159  -196  -150  )
( 129  92  -198  )
( 66  -157  -89  )
( 65  -104  170  )
( -169  -178  133  )
( -34  -71  138  )
( -197  -6  118  )
( 126  -4  132  )
( -33  165  -127  )
( 63  -132  -23  )
( -130  54  -98  )
( 15  -188  142  )
( 79  43  -181  )
( -63  -9  144  )
( -13  -72  102  )
( 63  -68  -132  )
( -186  -163  197  )
( 165  -2  171  )
( 174  86  178  )
( 12  -96  8  )
( -9  -115  -182  )
( 81  8  70  )
( -2  44  21  )
( -170  100  163  )
( -82  0  -45  )
( 33  -106  155  )
( 142  -30  -157  )
( 119  93  166  )
( -17  -182  -139  )
( 67  -143  -198  )
( 81  137  -97  )
( -51  191  168  )
( -100  142  183  )
( 140  -101  193  )
( -85  -130  133  )
( 90  -124  -132  )
( 43  151  -176  )
( -154  192  -172  )
( 73  196  184  )
( -2  -75  -61  )
( 139  23  10  )
( 37  -8  199  )
( 72  191  193  )
( 79  -137  113  )
( -68  97  -190  )
( 81  12  151  )
( -45  -140  -168  )
( -98  75  9  )
( -107  -121  187  )
( -93  -79  151  )
( -32  -50  -113  )
( 12  -57  -48  )
( -28  -166  46  )
( 76  110  -96  )
( -191  -85  -116  )
( -41  17  -51  )
( 159  21  147  )
( -52  -181  -104  )
( 178  41  -97  )
( -156  136  -165  )
( 83  138  -70  )
( 64  74  -149  )
( -1  125  -105  )
( -77  -138  167  )
( -85  93  72  )
( 41  -117  -21  )
( 144  -17  26  )
( 103  182  -50  )
( 148  182  -107  )
( -0  78  -187  )
( -62  -115  190  )
( -37  125  143  )
( 131  137  -28  )
( -166  101  0  )
( 7  -185  -39  )
( -75  65  19  )
( -133  -2  -192  )
( 186  -159  11  )
( -147  97  54  )
( 88  9  -129  )
( -98  173  -118  )
( -48  166  174  )
( 1  -76  -32  )
( -161  152  164  )
( -90  -30  -156  )
( -182  28  -64  )
( -46  42  195  )
( 81  12  -16  )
( 58  94  -136  )
( -49  -167  -120  )
( -29  7  -84  )
( 40  -176  -141  )
( -100  156  -199  )
( 54  -5  -11  )
( -158  122  -70  )
( 108  176  -141  )
