( -83  171  139  )
( -163  -78  -173  )
( -107  -74  22  )
( 132  17  -99  )
( -136  163  161  )
( -189  148  96  )
( 30  29  133  )
( 97  -191  -36  )
( 150  -19  -70  )
( 36  106  -19  )
( -56  40  -54  )
( -105  -66  -43  )
( -153  178  -180  )
( -148  163  134  )
( -188  -8  -80  )
( -65  -12  -27  )
( 20  2  161  )
( 122  -45  -2  )
( -43  171  -109  )
( 44  -180  -168  )
( 146  -130  3  )
( -186  -45  75  )
( -127  124  -1  )
( 94  35  160  )
( -5  48  166  )
( 55  61  -146  )
( -58  118  180  )
( 51  65  -99  )
( -148  -160  184  )
( 24  -51  -103  )
( 111  -110  53  )
( -7  -164  166  )
( -128  18  -39  )
( -140  148  -155  )
( 146  144  -86  )
( -140  90  -193  )
( -101  80  -98  )
( 198  -192  -79  )
( 27  34  -90  )
( 15  -46  -6  )
( -107  163  198  )
( -184  -25  68  )
( -77  -184  158  )
( 148  -11  44  )
( 44  25  -42  )
( 145  80  -3  )
( 191  -21  -41  )
( -26  180  29  )
( 166  -88  80  )
( -103  -117  -129  )
( 140  95  165  )
( 24  181  82  )
( -20  -175  -143  )
( -17  -38  -24  )
( -71  82  146  )
( -110  -42  121  )
( 77  -179  -165  )
( -112  -175  128  )
( 82  165  -92  )
( -118  -173  125  )
( 68  -8  13  )
( -194  -57  161  )
( 164  130  -21  )
( -48  193  2  )
( 38  -109  20  )
( -175  -165  95  )
( 147  184  183  )
( -86  -69  -14  )
( -73  -139  166  )
( -147  50  166  )
( 152  51  28  )
( 83  -180  93  )
( 138  -174  198  )
( -60  98  155  )
( 116  -166  79  )
( -153  185  197  )
( 105  -122  -196  )
( -151  -188  98  )
( 174  187  -81  )
( -41  48  -154  )
( 137  122  -0  )
( -139  28  145  )
( -123  -14  -74  )
( 144  120  -98  )
( -61  -126  -145  )
( 105  179  0  )
( 77  53  33  )
( 80  -157  116  )
( 34  3  192  )
( 176  16  -7  )
( -11  10  -134  )
( 83  41  -197  )
( 104  -6  131  )
( -164  97  188  )
( -149  -144  191  )
( 126  54  -127  )
( -136  30  191  )
( -104  -166  -106  )
( 62  -166  -10  )
( -79  73  -176  )
( 124  -177  -82  )
( 64  -107  -151  )
( -131  140  -130  )
( 96  116  -186  )
( 35  153  -158  )
( 167  -128  -177  )
( -128  41  91  )
( 126  164  -158  )
( -23  -125  17  )
( -165  -131  198  )
( 68  172  115  )
( 151  77  -166  )
( 7  -11  47  )
( -52  -113  44  )
( -10  119  63  )
( 100  184  103  )
( 102  -144  79  )
( -138  12  130  )
( 86  144  -42  )
( 180  -182  -72  )
( -168  96  -171  )
( 77  58  -1  )
( -70  -98  -3  )
( 80  131  -5  )
( -126  118  -69  )
( 61  68  9  )
( -25  146  -157  )
( -126  66  53  )
( 4  -7  126  )
( -94  52  -166  )
( -56  -67  -54  )
( -40  -25  197  )
( -185  -56  93  )
( 27  -2  -148  )
( 161  176  -68  )
( -38  -49  -128  )
( -123  174  102  )
( -48  159  -0  )
( -170  -97  101  )
( -78  8  -157  )
( -33  94  -49  )
( 59  154  -28  )
( -87  38  68  )
( -196  -60  97  )
( 63  -76  14  )
( 14  -60  -156  )
( 118  145  132  )
( 183  -64  194  )
( -199  94  102  )
( -196  -64  192  )
( 174  5  -106  )
( -11  -12  27  )
( 11  145  -66  )
( -182  -166  -121  )
( 171  156  150  )
( -41  -174  99  )
( -88  11  66  )
( 155  135  111  )
( -25  -84  174  )
( -142  -88  134  )
( -146  23  -41  )
( 88  86  59  )
( -187  -192  165  )
( -114  -178  -27  )
( 115  194  150  )
( 70  -134  62  )
( -98  195  -128  )
( -160  -14  15  )
( -155  -85  -17  )
( 9  -39  -34  )
( 29  -169  28  )
( -188  42  92  )
( -145  -190  31  )
( -113  52  -78  )
( 185  129  -32  )
( 82  167  102  )
( -164  -176  1  )
( -156  -87  180  )
( 122  61  -90  )
( -56  178  -66  )
( -12  -134  125  )
( -72  179  -92  )
( 157  165  57  )
( -71  26  56  )
( -113  160  -92  )
( -61  182  -36  )
( -82  21  3  )
( 105  -66  125  )
( -154  -14  190  )
( 149  10  -111  )
( 20  -197  -179  )
( -115  -103  172  )
( 143  134  18  )
( -59  57  -185  )
( 1  194  -172  )
( -174  -76  66  )
( -181  68  164  )
( -11  -55  104  )
( 9  -189  -51  )
( -130  68  186  )
( 72  13  -167  )
( -199  -193  18  )
( 145  -193  -46  )
( -135  -136  74  )
( -67  -125  -94  )
( 7  80  70  )
( 87  -146  -94  )
( 162  93  183  )
( -21  188  -107  )
( 166  31  12  )
( -44  35  -106  )
( 16  -158  94  )
( -58  -118  -197  )
( -187  20  -198  )
( -141  127  -75  )
( 42  161  -28  )
( -199  97  -69  )
( -164  194  119  )
( -39  -54  -146  )
( 43  74  4  )
( -166  -80  34  )
( 37  25  -155  )
( 132  -136  148  )
( 96  -69  83  )
( -16  -81  -166  )
( -30  -171  43  )
( -111  -105  -90  )
( 186  77  160  )
( 141  163  176  )
( 113  -135  141  )
( 64  38  -59  )
( 149  144  22  )
( 34  -172  33  )
( 1  -27  -155  )
( -110  -64  -50  )
( 1  136  -105  )
( 32  -45  -96  )
( -49  -42  -160  )
( 137  -63  97  )
( -159  182  112  )
( -107  -4  -151  )
( -164  125  -61  )
( -182  10  198  )
( -64  16  -186  )
( -150  64  -118  )
( 75  -148  -68  )
( 74  152  -63  )
( -185  -87  3  )
( 62  -59  46  )
( 172  -51  -124  )
( 128  4  47  )
( -43  -63  -44  )
( 173  -48  20  )
( -181  85  -186  )
( 149  -91  -148  )
( -26  -19  177  )
( -32  -147  -22  )
( -164  45  -7  )
( 7  -125  106  )
( -98  -6  72  )
( -116  -53  -106  )
( 43  -79  -24  )
( 12  31  -133  )
( 123  144  -81  )
( -35  99  -38  )
( 64  -92  86  )
( -139  -48  87  )
( -39  120  -29  )
( -191  -72  95  )
( 139  -133  2  )
( -68  172  -37  )
( -24  34  -115  )
( -109  28  190  )
( -140  192  -123  )
( -198  -45  191  )
( -16  69  95  )
( 107  185  106  )
( -130  107  124  )
( -157  -39  163  )
( 108  75  17  )
( -119  156  131  )
( -137  72  110  )
( 164  -92  59  )
( -30  -189  194  )
( 56  141  163  )
( -137  184  -84  )
( -160  -6  -2  )
( 78  192  88  )
( 71  -132  24  )
( -171  130  168  )
( -105  154  -187  )
( -100  49  -6  )
( -163  -95  -198  )
( -117  105  50  )
( 140  -180  -80  )
( 198  -187  -55  )
( 11  -71  141  )
( -108  -113  -35  )
( -162  -178  47  )
( -79  30  -124  )
( 124  -5  -146  )
( -50  55  -93  )
( -88  154  46  )
( -78  -83  183  )
( 158  -166  98  )
( -134  87  -164  )
( 183  40  181  )
( -91  95  80  )
( 153  -181  5  )
( -172  186  60  )
( 146  148  -2  )
( 146  -171  79  )
( -50  44  -54  )
( -146  181  -2  )
( -22  173  -127  )
( 58  181  121  )
( -125  -67  -115  )
( 164  98  56  )
( -99  158  57  )
( 165  133  179  )
( -56  -83  -160  )
( 85  -56  171  )
( 176  164  111  )
( 114  -58  -100  )
( -194  -105  -37  )
( -123  -29  -94  )
( 33  -100  23  )
( 11  98  78  )
( 86  28  -99  )
( -13  -76  26  )
( 17  4  22  )
( 50  -104  -70  )
( -173  -112  -136  )
( 51  42  100  )
( 181  -44  -106  )
( 86  58  169  )
( -63  167  159  )
( -5  -194  -104  )
( 7  118  -129  )
( -107  -25  -141  )
( 188  -36  -54  )
( -189  135  121  )
( 147  -72  -84  )
( -114  195  -116  )
( 111  33  31  )
( 51  15  -187  )
( 5  -110  81  )
( -49  41  197  )
( 70  -17  119  )
( -32  151  73  )
( 80  52  84  )
( -92  -164  53  )
( 121  -76  74  )
( 56  -150  -105  )
( 101  191  -126  )
( 81  -2  53  )
( -160  81  125  )
( -135  -143  95  )
( -179  161  -9  )
( 33  -96  -157  )
( 97  169  -40  )
( 121  -109  71  )
( -195  -158  71  )
( 67  60  -168  )
( 111  115  161  )
( -16  -194  173  )
( -68  170  183  )
( 78  159  -62  )
( 113  -137  -181  )
( -184  164  198  )
( 126  -146  -69  )
( -176  -58  -110  )
( -27  146  1  )
( -40  100  -116  )
( 145  157  -118  )
( -152  -20  -123  )
( 95  21  -33  )
( -26  64  9  )
( -0  146  44  )
( -127  34  187  )
( 98  -150  -183  )
( -28  -170  175  )
( 13  -68  179  )
( -187  -180  -183  )
( -113  108  118  )
( 75  8  177  )
( 3  -65  174  )
( -53  -87  197  )
( 161  185  183  )
( 93  51  44  )
( 8  93  2  )
( -83  -119  -82  )
( 70  137  148  )
( -85  -95  39  )
( 28  -116  -127  )
( -33  147  -171  )
( 26  -120  -41  )
( 49  137  -141  )
( 40  -198  156  )
( 96  176  20  )
( 189  -60  143  )
( 183  125  194  )
( -59  -94  -97  )
( -88  -82  -179  )
( -49  -20  197  )
( -86  145  -82  )
( 136  106  -187  )
( 141  -122  103  )
( 175  -5  116  )
( -150  194  23  )
( 180  -169  -115  )
( -136  -120  -79  )
( -130  -9  106  )
( -129  -28  -142  )
( -113  -196  -67  )
( -122  150  195  )
( 87  -70  176  )
( -161  10  193  )
( 66  61  -39  )
( -104  -34  -25  )
( -83  -102  49  )
( -57  3  -156  )
( 126  -33  -125  )
( -178  27  -107  )
( 196  178  -157  )
( 153  154  71  )
( -188  -31  -140  )
( 99  -12  154  )
( 16  -145  -194  )
( -179  -153  184  )
( -196  -160  40  )
( -147  134  20  )
( -51  -164  142  )
( -47  -85  31  )
( 101  117  -158  )
( -163  157  193  )
( -111  5  73  )
( -145  129  166  )
( -29  -99  2  )
( 73  104  48  )
( 50  73  68  )
( 85  -3  185  )
( 54  -67  -84  )
( -128  -104  -138  )
( 120  -41  -64  )
( 162  77  132  )
( -33  184  -163  )
( -55  112  7  )
( 153  -34  -163  )
( 4  111  -147  )
( -77  103  -19  )
( -17  -151  45  )
( -56  -161  -2  )
( -125  8  -91  )
( 132  -145  -165  )
( -54  -132  196  )
( -37  -95  -154  )
( 2  1  -131  )
( -81  -140  135  )
( -118  -169  -93  )
( -162  133  -165  )
( -155  -85  -116  )
( -77  31  -37  )
( 21  -106  23  )
( 39  102  177  )
( -78  -27  99  )
( 27  -5  176  )
( -21  -132  37  )
( 67  98  -195  )
( -146  -172  28  )
( -173  73  199  )
( 141  -50  140  )
( 87  69  -53  )
( 134  -34  9  )
( 51  -121  114  )
( 154  20  116  )
( -48  77  -102  )
( 53  -182  157  )
( -27  14  -190  )
( -144  83  -84  )
( 195  -171  -111  )
( -104  21  187  )
( 84  152  -70  )
( 31  15  -57  )
( 43  -129  21  )
( -68  -31  -26  )
( -190  -40  -178  )
( -46  -110  121  )
( -158  80  137  )
( 30  101  -90  )
( 67  139  43  )
( -128  -11  -164  )
( -130  170  101  )
( -36  -19  -1  )
( -24  -68  162  )
( 18  -108  -31  )
( 163  77  81  )
( 142  196  -65  )
( -132  198  -12  )
( 99  71  165  )
( -9  -80  -52  )
( 163  33  -31  )
( -79  -119  92  )
( -149  188  -119  )
( -2  156  -3  )
( -104  -115  66  )
( -190  -161  132  )
( -66  15  -158  )
( -42  -171  138  )
( -151  -135  173  )
( -8  -186  145  )
( -76  3  85  )
( 20  76  -151  )
( -31  -152  160  )
( -171  -172  179  )
( 29  -4  -85  )
( -99  -23  -76  )
( 20  -99  70  )
( 164  -11  -180  )
( 159  80  87  )
( 104  142  -185  )
( 141  103  29  )
( -194  -13  -36  )
( 115  127  145  )
( -199  54  -157  )
( 89  -122  125  )
( 191  -171  184  )
( 192  -151  152  )
( 138  -157  -132  )
( -9  -90  34  )
( 179  -172  90  )
( -106  -111  -199  )
( 185  -81  60  )
( -198  58  -197  )
( -49  149  122  )
( -147  22  31  )
( 173  -154  -64  )
( -189  -148  7  )
( -69  -122  169  )
( -155  113  -44  )
( -90  -168  -43  )
( -68  -61  70  )
( -14  96  -166  )
( -69  161  -198  )
( -146  199  133  )
( -97  94  114  )
( -50  -82  -169  )
( 161  -105  -14  )
( -13  139  68  )
( -52  -35  77  )
( 1  -57  21  )
( -127  12  48  )
( -135  153  -30  )
( -103  -0  116  )
( 152  83  24  )
( 96  -149  113  )
( -52  58  -116  )
( 184  -74  50  )
( 4  175  109  )
( 58  -133  70  )
( -26  155  63  )
( -51  56  136  )
( -8  142  -175  )
( 64  174  102  )
( 115  46  116  )
( -167  -36  4  )
( -104  -62  -18  )
( -178  70  -14  )
( -192  129  -142  )
( -172  84  -32  )
( -156  94  105  )
( -60  -17  -144  )
( -97  17  -73  )
( 78  157  46  )
( -61  136  129  )
( -102  25  -192  )
( 31  62  188  )
( 89  189  123  )
( 35  -87  17  )
( -13  26  -161  )
( 118  16  96  )
( 105  158  35  )
( 147  18  -123  )
( 43  137  -51  )
( 78  80  6  )
( -10  152  -14  )
( -108  150  -84  )
( 50  151  -165  )
( -180  -130  173  )
( -98  108  -157  )
( 107  -184  84  )
( -11  111  26  )
( -104  20  10  )
( -179  -4  41  )
( -190  170  93  )
( -70  -26  -52  )
( 173  111  -196  )
( 169  -46  155  )
( -45  176  191  )
( 173  31  -1  )
( 47  -154  -17  )
( 175  -188  160  )
( -54  -35  -159  )
( 140  150  -29  )
( 3  198  -99  )
( -26  171  2  )
( 55  153  -18  )
( 188  -68  107  )
( -195  -44  166  )
( 33  170  77  )
( 28  -96  47  )
( 107  -158  22  )
( 79  -2  -92  )
( 63  12  -113  )
( 189  44  198  )
( -10  23  103  )
( 124  -50  6  )
( 182  120  -13  )
( 121  182  84  )
( -169  132  -144  )
( 48  -180  159  )
( -173  84  36  )
( 180  80  -46  )
( -36  -34  -58  )
( 70  -88  197  )
( -82  155  -153  )
( -45  -39  36  )
( 38  24  28  )
( -192  55  157  )
( 173  -178  -116  )
( -55  -91  61  )
( 81  44  -51  )
( 85  191  23  )
( 7  10  -84  )
( -105  -194  -129  )
( -177  47  -56  )
( -31  -108  -165  )
( 179  189  -15  )
( 108  -64  -124  )
( -195  -16  -187  )
( 52  -17  -12  )
( 151  156  120  )
( -38  104  -56  )
( -43  194  -196  )
( -28  -152  -48  )
( -150  -163  194  )
( 96  174  -82  )
( -153  -107  -23  )
( -6  137  89  )
( 37  19  134  )
( -101  -2  -161  )
( 27  187  77  )
( 55  -168  147  )
( -102  25  -100  )
( -128  158  178  )
( -59  -166  30  )
( 112  -48  -145  )
( -120  155  -18  )
( 168  -71  -87  )
( 102  131  64  )
( 97  35  127  )
( 182  -25  -41  )
( -52  -139  -179  )
( 151  -181  65  )
( 40  -134  -181  )
( -152  84  10  )
( -127  165  -30  )
( 163  -67  179  )
( -120  -153  68  )
( 130  131  -83  )
( 167  105  -56  )
( -8  185  36  )
( -12  192  133  )
( -189  -120  -132  )
( 17  75  164  )
( 174  29  137  )
( 146  -130  124  )
( -92  -170  -57  )
( 160  -56  -19  )
( 146  84  -116  )
( -112  168  -117  )
( -176  -150  -50  )
( 179  78  -181  )
( -66  -120  26  )
( 53  59  123  )
( 37  -48  -155  )
( 180  -29  -195  )
( -77  88  -126  )
( 94  -161  -33  )
( 138  69  -189  )
( -19  86  24  )
( -59  -156  121  )
( -161  66  -38  )
( -55  6  -28  )
( -188  130  156  )
( 146  17  -80  )
( 77  64  -84  )
( -188  -55  143  )
( -117  -108  -55  )
( -199  -179  193  )
( 17  -151  198  )
( -110  125  -170  )
( -0  -89  -199  )
( -193  -37  -117  )
( 79  -186  -30  )
( 22  74  24  )
( -10  8  -107  )
( 122  -138  -148  )
( -59  42  86  )
( -14  -72  -138  )
( 116  1  -193  )
( 185  -62  117  )
( 197  -44  -98  )
( -169  -112  -113  )
( -40  -17  158  )
( 21  -199  -97  )
( 184  76  153  )
( -136  -32  57  )
( 12  -78  -127  )
( -135  151  -152  )
( 65  -132  -123  )
( -55  187  15  )
( -114  122  -75  )
( 10  122  -86  )
( 78  132  144  )
( -71  -172  -176  )
( 130  -87  -63  )
( 131  -123  -97  )
( -164  -75  -43  )
( 152  -45  101  )
( -196  -161  195  )
( 163  -30  177  )
( -161  37  194  )
( 84  -148  -133  )
( 172  25  -45  )
( -159  13  54  )
( 116  -52  84  )
( 100  124  -97  )
( -145  86  131  )
( -13  26  -97  )
( 181  -9  2  )
( 101  60  -126  )
( 25  148  -145  )
( -196  97  40  )
( 139  -151  -14  )
( -141  165  -73  )
( 7  -54  29  )
( -190  60  -181  )
( -24  -92  -137  )
( -132  -141  117  )
( 145  148  -18  )
( 41  -73  76  )
( 100  193  -30  )
( -30  -72  -158  )
( -52  -161  169  )
( 61  67  -185  )
( -119  -155  -77  )
( 11  108  -154  )
( 1  86  55  )
( 77  151  188  )
( -161  -129  -82  )
( 22  -1  172  )
( -196  -81  -173  )
( -164  -120  -123  )
( -148  -108  180  )
( 4  -139  -121  )
( 166  109  -87  )
( 152  -92  -16  )
( -34  119  60  )
( 8  -29  -151  )
( 174  69  -21  )
( 186  140  84  )
( 198  -38  134  )
( -162  -140  56  )
( 187  -177  -97  )
( 99  33  -29  )
( 180  -114  182  )
( 14  -13  50  )
( -82  125  106  )
( 36  158  59  )
( -80  -82  64  )
( 81  -96  137  )
( 102  -112  -138  )
( -111  -114  -104  )
( 192  -67  -64  )
( 24  -3  -27  )
( -106  -43  -37  )
( 129  -156  180  )
( -99  26  -9  )
( -74  -87  -178  )
( 119  123  -186  )
( -50  -163  -73  )
( -57  -197  150  )
( 114  -152  -94  )
( -98  180  33  )
( -196  52  164  )
( 193  122  -120  )
( 93  62  59  )
( 180  -140  181  )
( 133  -173  -29  )
( 139  -103  10  )
( -180  -177  -46  )
( 129  12  -42  )
( -158  199  -118  )
( 136  -14  30  )
( 143  -53  46  )
( 138  180  69  )
( -189  83  -54  )
( 125  -177  0  )
( -12  -25  121  )
( 40  -18  -50  )
( -183  -110  58  )
( -25  -166  -3  )
( 23  -138  -20  )
( 48  -119  -164  )
( 4  -108  -72  )
( 77  -55  -90  )
( -181  -5  -172  )
( -199  164  -52  )
( 101  94  -187  )
( -108  152  198  )
( -0  94  -165  )
( 166  -146  165  )
( 30  95  176  )
( 151  24  157  )
( 61  58  75  )
( -29  -189  122  )
( -185  -31  20  )
( -96  -108  91  )
( -7  -199  -192  )
( 69  -7  -150  )
( 129  117  189  )
( 43  -183  93  )
( -145  -4  -147  )
( -34  148  75  )
( -2  65  -20  )
( 13  106  -0  )
( 16  90  48  )
( -97  126  -43  )
( 69  160  -58  )
( 93  -19  75  )
( 163  130  123  )
( 8  138  -144  )
( -191  170  185  )
( -143  -77  -24  )
( -36  0  -153  )
( -23  152  -50  )
( -91  -144  -184  )
( -185  32  59  )
( -144  -45  194  )
( -161  48  101  )
( 56  -74  -83  )
( 68  -118  -127  )
( 40  -99  170  )
