( 17  194  33  )
( -190  -118  -131  )
( -43  -117  167  )
( -43  137  181  )
( 134  180  -166  )
( 146  -100  119  )
( 75  109  89  )
( -170  -74  -184  )
( -58  90  76  )
( -124  -131  -148  )
( 45  75  -162  )
( -175  -11  89  )
( -57  79  -45  )
( 154  -13  -0  )
( -115  10  72  )
( -72  197  20  )
( -68  167  31  )
( -150  -170  79  )
( -192  -127  23  )
( -14  -144  -18  )
( 28  32  -175  )
( -31  25  50  )
( 138  47  66  )
( 98  -59  174  )
( -182  52  22  )
( -137  -153  97  )
( 181  -110  24  )
( -16  -141  19  )
( 109  -75  3  )
( 12  -72  161  )
( -184  8  15  )
( 175  42  -199  )
( 105  2  63  )
( 197  1  -105  )
( 101  -66  189  )
( 69  151  -197  )
( 194  32  -31  )
( -57  -125  77  )
( -188  -155  99  )
( 0  23  -81  )
( 50  23  15  )
( -77  22  -195  )
( -174  160  186  )
( -128  -100  -158  )
( 6  -109  84  )
( 138  -55  89  )
( 186  102  -33  )
( 16  -109  -75  )
( -100  -140  -97  )
( 44  -11  157  )
( 14  -177  19  )
( -113  -48  79  )
( 155  183  -59  )
( 116  -74  -31  )
( 12  -138  89  )
( -186  163  -43  )
( 40  193  -108  )
( 134  47  63  )
( 137  -96  151  )
( -81  130  57  )
( -96  134  111  )
( -125  135  -140  )
( 162  126  -164  )
( 42  97  123  )
( 109  25  107  )
( 61  -103  78  )
( -5  -71  -171  )
( 85  -188  -41  )
( -188  30  -13  )
( -130  136  117  )
( 26  -94  -136  )
( 64  112  -52  )
( -65  -127  -18  )
( 77  -3  190  )
( 195  -66  -106  )
( 34  95  -86  )
( 197  73  99  )
( 83  -8  26  )
( 93  100  68  )
( -181  -12  -3  )
( -197  102  141  )
( -51  118  -191  )
( -149  112  -176  )
( -17  179  -21  )
( 192  -173  -70  )
( -2  -34  -135  )
( 27  -48  -69  )
( 45  -25  -121  )
( 183  49  -47  )
( 197  167  53  )
( 89  -51  16  )
( -33  -160  -185  )
( -55  -15  112  )
( -47  -102  178  )
( -83  -51  -24  )
( 178  27  147  )
( 165  85  109  )
( -53  -4  16  )
( 152  26  -137  )
( 161  -89  66  )
( 14  -138  30  )
( 79  29  -15  )
( 137  147  -39  )
( 41  103  -17  )
( 21  -145  161  )
( -29  -43  -93  )
( 78  -153  111  )
( 120  56  121  )
( -58  89  -99  )
( 58  92  93  )
( -93  176  6  )
( 129  -153  76  )
( -15  4  -31  )
( -1  48  69  )
( 172  -122  187  )
( -71  195  16  )
( -64  178  85  )
( 17  -113  6  )
( 139  6  -159  )
( -134  -26  -28  )
( -171  -3  -140  )
( -64  -36  -22  )
( -144  -91  -166  )
( 72  -35  -64  )
( 194  -49  -7  )
( -32  63  18  )
( 60  94  -7  )
( -0  -192  -171  )
( -57  -194  66  )
( 199  -1  82  )
( -88  91  154  )
( 41  11  -168  )
( 157  126  -168  )
( -99  92  -164  )
( -190  -89  -86  )
( 114  101  -196  )
( 148  -115  72  )
( -155  50  149  )
( 127  -80  138  )
( -177  -45  -137  )
( -134  109  -24  )
( 44  84  109  )
( -184  -141  195  )
( 84  31  -20  )
( -131  -40  -51  )
( -68  138  -175  )
( -197  -123  -2  )
( 37  99  84  )
( 180  128  101  )
( 180  -90  -171  )
( 20  52  -8  )
( 190  75  -171  )
( 19  -84  -179  )
( 172  185  -7  )
( -163  -11  -162  )
( 29  -32  -121  )
( 187  136  22  )
( -40  20  82  )
( 190  -88  -8  )
( 62  169  91  )
( -188  -189  20  )
( -70  -148  -179  )
( 91  52  -16  )
( 167  -133  -165  )
( -3  109  83  )
( 65  -88  -101  )
( 186  1  -34  )
( 73  -194  53  )
( 128  -52  37  )
( -188  -110  133  )
( -140  -143  163  )
( 106  174  -3  )
( -25  -105  -166  )
( 133  76  9  )
( -161  -38  169  )
( 125  136  92  )
( 47  129  160  )
( 5  -194  -110  )
( -97  -17  -115  )
( 16  -12  -127  )
( 151  -58  -164  )
( -174  105  199  )
( 197  -135  -182  )
( 173  -4  77  )
( 35  69  -107  )
( -155  50  -98  )
( 152  -52  106  )
( -127  99  -37  )
( -88  173  -86  )
( -33  175  9  )
( -18  197  -98  )
( 96  3  -199  )
( 157  120  112  )
( 77  -109  -88  )
( 59  140  -42  )
( -185  146  89  )
( -118  -139  -132  )
( -38  -154  77  )
( 43  146  54  )
( -127  18  -62  )
( 161  -49  6  )
( 67  -48  44  )
( 25  148  -82  )
( -55  -162  34  )
( 167  -55  -106  )
( -146  -124  -90  )
( 163  -158  131  )
( -168  193  -42  )
( 61  112  4  )
( -192  -76  -115  )
( -8  189  -105  )
( -170  81  -120  )
( -147  136  -145  )
( 0  -34  150  )
( -181  73  1  )
( 40  144  -27  )
( 126  -45  101  )
( 179  -111  64  )
( -113  86  -6  )
( 43  34  -100  )
( -129  -92  -48  )
( -41  97  125  )
( -134  -22  -40  )
( 180  122  70  )
( -176  97  -156  )
( 60  53  189  )
( 178  44  0  )
( -198  -193  -190  )
( 177  182  -173  )
( 154  -74  59  )
( -9  -178  -199  )
( -132  124  40  )
( -78  42  11  )
( 133  24  -96  )
( -137  -135  85  )
( -151  50  -9  )
( -195  -50  -91  )
( 83  -88  -168  )
( 160  29  -32  )
( -181  -162  107  )
( -85  -148  39  )
( -153  94  105  )
( 39  -93  -83  )
( -143  164  -72  )
( -114  98  -112  )
( -116  139  -142  )
( -136  -0  -4  )
( 87  -166  -11  )
( -57  -136  -69  )
( -32  130  126  )
( -191  -22  -168  )
( 143  -161  -191  )
( 80  -107  162  )
( -19  88  -171  )
( 107  184  -150  )
( 69  6  127  )
( 75  -106  -161  )
( 18  -49  118  )
( -103  -159  -193  )
( -61  47  -41  )
( -149  -106  -1  )
( -116  -2  -0  )
( -148  186  -69  )
( -83  -21  48  )
( -10  -64  192  )
( 2  -105  -174  )
( -115  -58  35  )
( 199  114  -115  )
( -53  -167  -87  )
( -76  137  3  )
( 188  -180  -29  )
( 161  118  62  )
( 81  -39  -75  )
( -169  73  67  )
( 96  178  154  )
( 25  -118  169  )
( -137  -51  -48  )
( -136  -32  -44  )
( -129  152  19  )
( -23  103  -147  )
( 111  -88  -80  )
( 143  -71  -128  )
( -191  -99  -41  )
( -70  -10  102  )
( 130  -88  47  )
( -160  24  -39  )
( 164  121  10  )
( -124  157  -153  )
( 91  104  24  )
( 57  -56  94  )
( 25  0  172  )
( 17  194  97  )
( -117  -7  -67  )
( -182  123  135  )
( -134  -69  100  )
( -138  59  -36  )
( -61  -145  162  )
( -126  -89  -54  )
( -74  80  -15  )
( 65  148  25  )
( 108  -5  -52  )
( -98  128  176  )
( -88  -31  64  )
( -156  114  39  )
( -50  -76  -158  )
( 183  68  121  )
( -120  -1  -184  )
( -37  92  -191  )
( 40  172  117  )
( 170  -157  -62  )
( 151  -76  -176  )
( -32  68  11  )
( -131  44  78  )
( 135  61  93  )
( 17  132  161  )
( -170  -18  13  )
( -24  -156  9  )
( 6  117  -68  )
( 130  140  145  )
( 172  -192  40  )
( 115  167  -14  )
( -68  -128  127  )
( 61  68  -175  )
( -101  -190  20  )
( 2  -30  -112  )
( 116  -60  90  )
( -91  106  49  )
( 74  -28  12  )
( 60  -10  38  )
( -3  -6  58  )
( -163  -49  134  )
( -100  174  192  )
( -192  -106  -85  )
( 118  73  86  )
( 93  159  -80  )
( 61  -97  -185  )
( -133  -143  74  )
( 162  -102  137  )
( 127  5  -84  )
( -19  37  118  )
( -136  168  133  )
( -164  -78  -12  )
( -85  -154  113  )
( -93  -89  162  )
( -159  51  175  )
( -127  -20  75  )
( -43  -136  16  )
( 135  -53  162  )
( 118  -122  4  )
( 140  -75  156  )
( -108  -36  98  )
( 28  -117  196  )
( -177  99  -36  )
( -40  -173  -87  )
( -129  -157  -47  )
( 57  -187  -119  )
( -114  35  95  )
( -113  46  -38  )
( -173  87  13  )
( 48  -107  145  )
( -26  -192  96  )
( 102  99  -8  )
( -171  -160  -8  )
( -13  51  25  )
( 105  93  -34  )
( -186  -11  -197  )
( -87  -3  11  )
( 55  94  -186  )
( -120  56  106  )
( 90  153  -129  )
( 124  177  4  )
( 139  142  150  )
( -176  173  -155  )
( -113  -156  122  )
( 59  43  118  )
( 81  184  54  )
( -165  -94  11  )
( -174  -30  96  )
( 82  -61  -197  )
( -98  -2  101  )
( 67  158  187  )
( -146  112  -86  )
( 7  -182  160  )
( 62  -89  0  )
( 162  74  -187  )
( -109  -11  134  )
( 65  105  -129  )
( 10  -30  -123  )
( -184  -80  -187  )
( 114  101  -58  )
( 56  -124  -165  )
( -110  -45  42  )
( -134  175  -78  )
( -1  91  -117  )
( -21  -102  -11  )
( 20  -190  -8  )
( 64  -184  8  )
( -89  -71  -90  )
( -47  1  198  )
( 189  -110  97  )
( -19  156  -186  )
( 11  -147  -150  )
( -41  -175  12  )
( 53  7  104  )
( 114  -87  -90  )
( 144  115  149  )
( -8  -94  124  )
( 105  -94  -93  )
( -7  -109  -158  )
( -144  38  -39  )
( 168  -130  -179  )
( -128  52  137  )
( -0  142  -175  )
( -136  80  102  )
( 49  -84  5  )
( 97  -188  124  )
( -159  -19  42  )
( 172  -23  113  )
( 36  -29  58  )
( 80  -44  183  )
( -180  -67  183  )
( 45  150  16  )
( 62  56  -90  )
( -43  -163  100  )
( 165  -112  124  )
( 168  -133  -49  )
( 74  -8  -157  )
( -57  -136  -51  )
( 110  82  -49  )
( -120  145  33  )
( -98  -135  155  )
( 114  -87  49  )
( 87  89  -35  )
( -166  -72  158  )
( -163  -113  127  )
( 102  -164  -67  )
( 147  192  -175  )
( -172  188  148  )
( 96  88  -19  )
( 54  154  -92  )
( -174  -41  -62  )
( -138  31  124  )
( 42  160  109  )
( -111  -108  -195  )
( -179  -152  -111  )
( 0  -144  96  )
( -149  96  10  )
( -89  195  -110  )
( -52  64  -100  )
( -164  26  97  )
( 92  126  -29  )
( -77  -81  -198  )
( 99  -29  135  )
( 165  61  176  )
( 118  -125  -16  )
( 187  -14  133  )
( -183  -25  167  )
( -3  30  26  )
( 4  -145  69  )
( -124  19  18  )
( -44  -170  134  )
( -134  91  -11  )
( 50  -125  29  )
( -119  -135  -124  )
( 175  -100  145  )
( 46  181  193  )
( 197  157  -150  )
( -170  -87  185  )
( 116  -169  -135  )
( -92  166  52  )
( 170  190  148  )
( 38  -179  -190  )
( 71  -76  -176  )
( -185  13  105  )
( -97  -50  -135  )
( -112  -42  -114  )
( -141  -44  181  )
( 115  25  -98  )
( -162  -114  96  )
( 93  189  -163  )
( 113  -27  66  )
( -191  79  160  )
( -79  180  46  )
( 82  -123  -10  )
( 75  -11  36  )
( -175  136  -149  )
( -193  16  -162  )
( -76  163  192  )
( 97  188  93  )
( -186  -56  70  )
( -185  -10  40  )
( -199  41  -162  )
( -41  181  -55  )
( 114  -156  176  )
( -84  152  -125  )
( 4  -8  -92  )
( -144  114  179  )
( -47  -111  93  )
( -152  -67  174  )
( 154  -122  139  )
( -1  -179  14  )
( 1  -88  43  )
( 193  157  2  )
( -148  -166  -169  )
( 93  -189  143  )
( -9  -111  -116  )
( 70  139  113  )
( -38  0  -176  )
( -131  76  -81  )
( -133  -53  149  )
( 0  182  -120  )
( 43  166  172  )
( 84  -21  -93  )
( 2  -126  -150  )
( -96  -53  -65  )
( 33  10  -180  )
( 116  15  -4  )
( 108  -81  157  )
( -134  65  1  )
( 179  123  -194  )
( -178  -160  -109  )
( -71  -195  73  )
( 180  -76  82  )
( 96  -110  90  )
( -142  20  -197  )
( 100  -70  -150  )
( -153  -156  -40  )
( 33  178  -16  )
( 71  -128  -61  )
( 71  -139  150  )
( -125  46  12  )
( -87  196  -183  )
( 104  -154  18  )
( -117  -45  -111  )
( -160  83  173  )
( -141  102  -76  )
( 180  -79  21  )
( -35  -43  -12  )
( -145  -90  -11  )
( -75  -128  155  )
( 38  -125  -50  )
( -49  182  -99  )
( -141  -157  92  )
( -187  58  70  )
( -19  -180  -88  )
( -167  189  110  )
( -1  -46  187  )
( -101  -86  -32  )
( 11  -19  113  )
( 155  -176  128  )
( -170  11  -44  )
( 115  48  15  )
( -49  75  -1  )
( 69  176  -124  )
( 54  156  166  )
( 21  -185  87  )
( -92  32  -129  )
( 63  41  11  )
( -9  70  44  )
( -31  34  -72  )
( 41  63  49  )
( 193  -196  -137  )
( -19  -140  -102  )
( 63  182  -38  )
( -197  92  109  )
( 108  -105  36  )
( -125  50  75  )
( -177  131  -126  )
( -66  -100  -106  )
( 86  12  -80  )
( 30  -77  -143  )
( 152  -0  164  )
( -73  -115  -31  )
( -163  -43  -108  )
( -150  191  -158  )
( -49  -131  85  )
( -129  -59  -72  )
( -188  156  -143  )
( -84  17  54  )
( 12  197  19  )
( -21  -147  176  )
( -20  6  106  )
( -100  85  99  )
( 155  5  28  )
( 48  -32  132  )
( -28  166  -100  )
( -147  90  -11  )
( -143  -93  53  )
( 63  24  139  )
( -104  -184  -59  )
( 72  -180  -62  )
( -196  -153  27  )
( -63  171  193  )
( 58  -1  -67  )
( -153  -1  -28  )
( -0  -13  17  )
( -36  -147  31  )
( 195  127  -141  )
( -87  -139  131  )
( 75  176  6  )
( 8  56  -19  )
( -134  -53  -199  )
( 19  -126  -73  )
( -117  -138  156  )
( -116  104  -1  )
( -89  -25  143  )
( -109  -46  51  )
( -153  33  -134  )
( 173  31  4  )
( -171  119  -184  )
( 153  -115  67  )
( -8  131  81  )
( -127  -139  -59  )
( -2  150  68  )
( 169  40  140  )
( -41  23  145  )
( -43  11  138  )
( -61  -68  163  )
( -58  13  -50  )
( -86  -5  -10  )
( -145  89  -75  )
( -190  134  111  )
( -66  30  -32  )
( -35  161  22  )
( 80  -143  -18  )
( -60  30  88  )
( 105  18  81  )
( 176  84  1  )
( 23  109  22  )
( -125  160  135  )
( 70  41  42  )
( -120  92  -135  )
( -137  -86  -67  )
( 195  185  139  )
( -30  7  -18  )
( -139  -24  -34  )
( 177  -116  26  )
( -65  38  -119  )
( 84  -158  -156  )
( 79  179  83  )
( -122  149  31  )
( -114  -176  -73  )
( -86  187  12  )
( -37  -22  165  )
( -39  83  -141  )
( 46  -179  176  )
( 169  -112  108  )
( -5  73  183  )
( 176  125  118  )
( 143  102  199  )
( -116  48  22  )
( 7  88  16  )
( -58  148  -131  )
( 85  -43  -34  )
( -66  -7  93  )
( -22  125  -160  )
( -34  133  82  )
( 146  181  199  )
( -73  100  47  )
( -157  -102  139  )
( 184  148  -23  )
( 32  -114  112  )
( -77  147  82  )
( 9  -55  175  )
( -40  93  -58  )
( -183  61  71  )
( -186  190  -92  )
( -43  -11  162  )
( -111  -131  -126  )
( -140  3  -60  )
( 143  195  -110  )
( -114  122  -51  )
( 127  -50  106  )
( -65  84  113  )
( 146  -129  -13  )
( 101  44  155  )
( 165  55  159  )
( 2  -146  -23  )
( -181  -13  -47  )
( -78  -61  197  )
( -67  107  -63  )
( -117  106  -78  )
( -39  157  34  )
( 61  33  101  )
( 14  130  -62  )
( -149  35  -174  )
( -21  14  -46  )
( -29  52  -13  )
( 147  -53  -145  )
( 4  95  -104  )
( 30  0  -128  )
( -5  73  -138  )
( -197  144  32  )
( 9  128  123  )
( 80  113  26  )
( 162  -83  -178  )
( 12  193  -1  )
( -21  -147  -174  )
( 106  -120  13  )
( -192  74  153  )
( -187  -127  146  )
( 64  37  -102  )
( -46  126  14  )
( 5  -8  46  )
( -20  67  -126  )
( -107  -135  -142  )
( 62  -137  -142  )
( -80  63  197  )
( 179  -75  3  )
( 170  11  70  )
( 156  -72  171  )
( 74  152  -118  )
( 102  155  -195  )
( 72  -144  84  )
( 102  196  8  )
( -191  -45  116  )
( -61  164  160  )
( 85  -65  -53  )
( -196  -93  -61  )
( -18  100  -13  )
( 115  -36  -82  )
( -166  -9  -197  )
( -85  -165  127  )
( -145  51  73  )
( 111  151  -142  )
( -35  113  -32  )
( -80  89  -79  )
( -24  198  94  )
( 95  -184  -5  )
( -195  -130  45  )
( -169  74  -25  )
( -82  168  -144  )
( 143  -85  -64  )
( -148  -6  -17  )
( -165  110  171  )
( -105  147  190  )
( -86  -131  -10  )
( 154  -23  -7  )
( -2  -92  -175  )
( -111  -102  -52  )
( -51  -34  185  )
( -41  117  137  )
( -122  138  -39  )
( -97  64  -156  )
( -126  90  9  )
( 97  -77  -56  )
( 179  50  187  )
( 84  -48  -85  )
( -64  -10  -161  )
( -65  10  94  )
( -173  196  -60  )
( 67  -152  76  )
( -155  -8  -190  )
( 52  146  31  )
( -92  -100  -12  )
( -99  -10  34  )
( -89  136  -193  )
( 69  155  -136  )
( 53  -183  25  )
( 166  -154  -144  )
( -117  -31  -6  )
( -86  -48  -8  )
( -10  -128  182  )
( 12  -155  -131  )
( 101  25  104  )
( 125  54  -111  )
( 86  9  119  )
( 83  190  8  )
( 46  166  168  )
( -173  80  -124  )
( 86  50  81  )
( -184  59  -3  )
( -172  46  -123  )
( -100  -56  -29  )
( 168  -169  -48  )
( -188  27  -24  )
( 142  157  195  )
( -181  -88  96  )
( 51  1  -25  )
( 79  -152  40  )
( -163  -10  -77  )
( 195  -64  165  )
( -197  -10  51  )
( -5  -53  -130  )
( 11  73  133  )
( -90  41  -114  )
( 194  -67  183  )
( 174  -147  109  )
( 155  83  79  )
( 149  -164  14  )
( 193  159  -44  )
( -157  180  79  )
( -116  10  104  )
( -6  193  -95  )
( 130  -40  199  )
( -73  58  -46  )
( -143  164  182  )
( -159  -153  190  )
( 95  -16  141  )
( 78  128  -58  )
( 154  151  -9  )
( 33  166  -174  )
( -27  -43  168  )
( -15  -190  192  )
( -24  126  104  )
( -84  105  129  )
( 45  -138  28  )
( 112  191  145  )
( 62  153  -93  )
( -53  198  -30  )
( -102  187  167  )
( -198  62  -23  )
( -130  -23  174  )
( -34  -50  94  )
( -39  180  117  )
( 30  -172  -103  )
( -39  169  18  )
( 160  -20  151  )
( -28  -70  -198  )
( -15  84  119  )
( 109  -94  -22  )
( -1  112  -186  )
( -58  -12  -87  )
( -22  33  -198  )
( 162  -168  -27  )
( -113  135  110  )
( -68  41  26  )
( -21  -31  -43  )
( 155  59  125  )
( -196  82  179  )
( 149  78  -125  )
( -192  169  105  )
( 14  -118  156  )
( -96  161  -105  )
( -130  -64  -198  )
( 3  -104  -193  )
( -102  -73  -114  )
( -13  11  -68  )
( -110  157  -167  )
( -42  -156  -97  )
( -46  161  -37  )
( 126  -103  76  )
( 77  52  73  )
( 88  129  25  )
( -1  -77  -2  )
( 194  -133  13  )
( 174  -49  132  )
( -171  -178  148  )
( -126  117  39  )
( 74  68  -87  )
( -103  -31  -10  )
( -129  151  65  )
( 74  -172  -179  )
( 73  -12  37  )
