( 64  160  125  )
( -153  151  -146  )
( -112  176  -18  )
( -121  -195  164  )
( 162  -58  -137  )
( 16  25  -68  )
( 128  168  133  )
( -77  -101  4  )
( 144  -185  -192  )
( -113  -8  93  )
( -127  65  -116  )
( -120  -163  139  )
( -193  184  -73  )
( 64  71  -88  )
( -166  128  80  )
( 103  -158  -175  )
( -78  199  105  )
( -81  -132  -160  )
( -166  -38  88  )
( -58  -29  -176  )
( 151  -97  -179  )
( -154  -199  -153  )
( -2  -101  15  )
( 146  -29  -124  )
( -188  -1  183  )
( 39  166  -146  )
( 78  -169  137  )
( -159  95  -6  )
( 62  64  -128  )
( -71  79  -92  )
( 24  -110  -72  )
( -91  -181  58  )
( 190  188  36  )
( 22  148  -141  )
( 125  132  -146  )
( -66  -138  48  )
( 198  68  -32  )
( -155  119  -167  )
( 93  109  32  )
( 58  -106  173  )
( 113  194  -196  )
( -75  -58  -42  )
( 24  -181  -10  )
( 194  -182  185  )
( -159  -103  -161  )
( 9  -143  -163  )
( 133  144  40  )
( -169  136  -65  )
( 123  48  29  )
( -41  -55  32  )
( -12  -58  86  )
( -30  -154  166  )
( 94  -165  194  )
( -131  -94  -26  )
( 126  120  -165  )
( 198  131  -167  )
( -5  -143  9  )
( -87  -67  -97  )
( -34  71  43  )
( -13  177  -89  )
( -12  -57  71  )
( -110  -177  107  )
( -170  188  71  )
( 95  -29  90  )
( -0  -60  -69  )
( 137  -146  -141  )
( 54  6  -2  )
( -135  -12  158  )
( -79  -171  -162  )
( -87  46  191  )
( -102  -82  78  )
( 84  -32  15  )
( -5  -127  -193  )
( 122  59  -11  )
( 180  195  -146  )
( -46  -3  38  )
( -80  -131  -147  )
( -29  -195  0  )
( 101  -21  153  )
( 198  62  141  )
( -76  194  138  )
( -6  181  -184  )
( 18  -175  -23  )
( 1  83  41  )
( -88  143  -80  )
( 177  -66  -41  )
( 163  88  66  )
( -19  -73  75  )
( -102  21  156  )
( -68  -117  109  )
( -160  0  -96  )
( -100  -21  71  )
( 41  172  174  )
( -110  52  -134  )
( 65  -58  13  )
( 80  -189  109  )
( 145  163  157  )
( -93  80  -85  )
( 122  79  55  )
( -120  53  -62  )
( -66  99  -196  )
( 69  -136  176  )
( -59  -39  12  )
( -63  32  174  )
( 170  59  34  )
( 18  11  166  )
( -132  -197  32  )
( 185  98  9  )
( 156  134  -84  )
( -143  -29  170  )
( -50  -186  71  )
( 128  127  -22  )
( 190  -193  146  )
( 169  72  -75  )
( 103  134  55  )
( 5  -3  24  )
( -190  -40  -109  )
( -178  76  -58  )
( -167  -151  -193  )
( 41  -94  -74  )
( -39  168  -123  )
( -92  10  -192  )
( -60  -178  121  )
( 76  -136  115  )
( 170  -129  75  )
( -181  -134  -116  )
( -152  83  -103  )
( -80  -32  -89  )
( 35  -85  -183  )
( -11  -122  -59  )
( 77  88  -190  )
( 19  -192  -152  )
( -113  -194  128  )
( 60  2  56  )
( 79  -32  -23  )
( 157  32  -149  )
( -198  -134  86  )
( -143  -65  -21  )
( -137  95  -84  )
( 155  -177  37  )
( -165  -162  -183  )
( -114  -188  -34  )
( -138  -23  94  )
( 154  -63  -199  )
( -92  66  146  )
( -183  -159  29  )
( -54  101  -155  )
( -145  149  165  )
( 52  -139  -135  )
( -59  173  -112  )
( -87  66  119  )
( 142  -118  167  )
( 77  -126  -145  )
( -41  32  -172  )
( 13  67  -16  )
( -138  2  161  )
( 61  72  -19  )
( -129  50  -163  )
( -38  120  -121  )
( 148  -185  6  )
( 153  -141  -129  )
( 14  146  80  )
( 109  170  125  )
( -192  -67  134  )
( 123  143  109  )
( 88  173  -149  )
( 148  -98  92  )
( 71  180  22  )
( 11  148  -93  )
( 49  -63  115  )
( 86  -182  139  )
( 43  -196  -97  )
( 124  -167  152  )
( 135  -56  -173  )
( 186  -141  -153  )
( -99  -199  136  )
( 102  115  116  )
( -43  -144  2  )
( 35  68  -114  )
( 108  -100  156  )
( -117  -42  -98  )
( 59  57  -12  )
( 186  -140  -171  )
( -173  -112  116  )
( -43  124  122  )
( 192  -196  -62  )
( -190  80  13  )
( -21  -168  160  )
( -198  26  -12  )
( -195  103  -152  )
( -140  -85  86  )
( 105  29  -87  )
( -185  -20  -34  )
( -151  -35  -13  )
( -31  66  161  )
( 7  13  21  )
( -80  23  14  )
( -58  194  46  )
( -27  36  -149  )
( -170  129  -197  )
( -158  -44  26  )
( -134  -143  116  )
( 14  86  46  )
( 82  2  -175  )
( -48  72  -79  )
( -13  -34  10  )
( 121  32  -5  )
( 148  -177  163  )
( 141  -144  126  )
( 39  -64  31  )
( -134  186  -174  )
( 1  -147  -173  )
( -114  132  161  )
( 53  -184  -97  )
( 72  -97  -172  )
( 195  -127  184  )
( -177  -115  -88  )
( 62  -68  -2  )
( -136  127  -181  )
( 51  41  8  )
( 148  114  -72  )
( -121  140  -99  )
( -128  -179  -106  )
( -34  -103  -199  )
( 192  11  102  )
( -164  102  98  )
( -123  0  -107  )
( -62  -155  -63  )
( -147  -67  33  )
( -132  -148  -94  )
( 112  59  189  )
( -174  -166  88  )
( -155  -121  117  )
( -159  -40  81  )
( 130  147  -72  )
( 75  42  -125  )
( -62  -113  173  )
( -25  143  -137  )
( 194  107  8  )
( 36  7  124  )
( -198  107  39  )
( -181  -113  -25  )
( -147  -180  63  )
( -50  -40  158  )
( 118  48  131  )
( -108  125  9  )
( -128  -50  75  )
( 49  83  196  )
( -96  7  -68  )
( -193  -109  27  )
( 195  -53  143  )
( 22  167  -123  )
( -9  -134  81  )
( -22  -79  -174  )
( 96  30  112  )
( -165  -134  41  )
( 62  -154  188  )
( -115  -129  -154  )
( 58  111  138  )
( -13  -78  160  )
( 110  27  -121  )
( 111  -126  133  )
( 144  -72  -189  )
( 130  4  158  )
( -23  -188  -180  )
( 90  -24  -59  )
( 62  -31  -66  )
( -91  -37  131  )
( 16  181  -85  )
( -1  129  2  )
( 115  183  193  )
( 140  156  -59  )
( -86  -77  -142  )
( -171  113  135  )
( 183  -11  151  )
( -25  -195  -155  )
( -23  -12  158  )
( -152  -114  -177  )
( 49  -68  -66  )
( -165  138  19  )
( 3  170  143  )
( -106  -157  -134  )
( 174  99  100  )
( -111  117  -154  )
( -60  -57  165  )
( -97  27  -183  )
( -188  15  -172  )
( -11  105  -123  )
( -138  -173  70  )
( 171  179  -139  )
( -195  -194  -39  )
( -10  55  -136  )
( -63  176  -105  )
( -79  153  86  )
( -35  -163  -58  )
( -86  103  163  )
( -29  -180  -47  )
( 30  65  63  )
( -188  -184  180  )
( -111  53  -183  )
( -13  -171  103  )
( 50  -149  -157  )
( -102  105  21  )
( -154  62  80  )
( 64  -68  -122  )
( 65  -175  28  )
( -122  -16  106  )
( -38  25  189  )
( -89  -77  -31  )
( 193  126  -42  )
( 115  108  -90  )
( -6  -80  -144  )
( 109  111  36  )
( 12  71  180  )
( 125  -160  88  )
( 129  -14  -181  )
( 157  4  -150  )
( 22  -89  7  )
( 35  66  50  )
( -97  -155  -82  )
( 136  83  -119  )
( -89  143  -19  )
( 167  190  -140  )
( 134  -167  -156  )
( 187  -46  118  )
( 13  58  -10  )
( -136  152  -9  )
( 51  80  136  )
( -75  -153  93  )
( 65  -138  -183  )
( 85  176  7  )
( -19  139  -26  )
( 140  59  5  )
( -105  -144  -62  )
( 48  -141  -21  )
( -174  -191  -27  )
( 3  166  -195  )
( -154  -118  -188  )
( 112  -126  157  )
( -90  84  193  )
( -180  117  115  )
( 14  33  -164  )
( -187  180  137  )
( -6  134  130  )
( 57  -151  192  )
( 4  34  -31  )
( -34  -138  -13  )
( -136  143  -58  )
( -159  68  18  )
( -181  -111  92  )
( 10  177  41  )
( 161  -116  -64  )
( 18  127  0  )
( -137  69  -44  )
( 148  -136  -117  )
( 22  -13  -167  )
( 127  152  168  )
( 151  -2  -179  )
( -153  114  161  )
( -97  79  -81  )
( 44  -52  -149  )
( 110  -45  109  )
( 66  -108  -19  )
( 30  -102  119  )
( -143  -154  175  )
( 129  -32  62  )
( -78  91  30  )
( 91  -132  124  )
( 168  -169  -135  )
( -113  -49  -124  )
( 101  -195  -44  )
( 158  -124  -169  )
( 142  -104  -81  )
( -197  184  45  )
( 186  -115  -0  )
( -108  5  -116  )
( 89  191  -67  )
( -24  81  41  )
( -126  -91  -133  )
( 7  141  97  )
( 58  100  -146  )
( -106  -82  -183  )
( 192  -128  -171  )
( 196  117  -49  )
( -186  113  180  )
( 82  21  -17  )
( -135  59  3  )
( 47  -63  -0  )
( -142  -108  144  )
( -172  28  94  )
( 82  -187  -128  )
( -147  -142  -148  )
( -129  -121  -59  )
( -41  59  -43  )
( -75  165  13  )
( -143  -192  -125  )
( 77  -135  -194  )
( -163  123  -85  )
( 136  89  -15  )
( 154  -186  -63  )
( -193  86  158  )
( 80  91  125  )
( -74  -47  -82  )
( 94  48  -199  )
( 154  -45  -151  )
( -184  -127  97  )
( 25  -37  -90  )
( -93  28  51  )
( -32  -17  -192  )
( -39  -45  131  )
( 54  175  173  )
( -108  173  -0  )
( 47  -103  -185  )
( 28  -195  -11  )
( -4  -166  103  )
( 82  -159  96  )
( 83  95  -178  )
( 41  192  -88  )
( -82  107  80  )
( -94  3  -51  )
( -15  -86  -165  )
( -145  -56  -115  )
( 76  71  193  )
( 26  21  98  )
( 24  -63  -52  )
( 163  68  -154  )
( 0  -104  -128  )
( 172  -150  -45  )
( 39  -152  -49  )
( -161  137  69  )
( -99  118  -104  )
( 99  -29  97  )
( -194  39  -77  )
( -35  26  38  )
( -160  59  -2  )
( 30  -87  86  )
( 72  198  58  )
( -22  190  81  )
( 23  149  -83  )
( -166  -159  -161  )
( 89  -55  -52  )
( -118  -9  144  )
( 88  -137  20  )
( -187  -46  127  )
( -132  -155  -59  )
( -112  34  -187  )
( -150  25  -13  )
( 65  -107  -47  )
( 104  110  133  )
( 118  78  -134  )
( 15  -79  67  )
( -130  -40  -184  )
( 53  138  117  )
( -153  -113  -176  )
( -54  -29  33  )
( -63  88  -113  )
( 133  -170  80  )
( 28  -100  -19  )
( -162  -198  -184  )
( -94  -176  -107  )
( 62  81  -102  )
( -92  -44  -71  )
( 113  -107  66  )
( -45  -160  -146  )
( -195  50  -151  )
( 185  155  -92  )
( 2  72  -135  )
( -148  -50  -32  )
( -4  -159  34  )
( -60  2  3  )
( -19  54  48  )
( -7  176  181  )
( -30  -91  74  )
( 13  99  -110  )
( -165  95  118  )
( -109  150  -178  )
( 188  195  198  )
( -164  152  109  )
( 149  80  95  )
( 111  153  168  )
( -122  159  146  )
( -80  -161  39  )
( 75  -101  60  )
( -95  192  168  )
( 195  74  90  )
( -188  -42  139  )
( -38  137  42  )
( 16  105  -103  )
( -123  117  0  )
( -91  -51  -7  )
( -177  -61  13  )
( -186  -12  123  )
( 31  108  118  )
( -147  -99  195  )
( 119  86  105  )
( -165  -46  -139  )
( 165  175  136  )
( 113  -98  45  )
( -8  -65  156  )
( 67  107  159  )
( 117  50  -85  )
( 27  -192  53  )
( 185  -105  173  )
( 16  -107  -148  )
( -82  67  -128  )
( 35  -127  -94  )
( 53  169  -194  )
( -173  144  142  )
( 126  -187  -29  )
( -197  -3  75  )
( 159  -47  63  )
( 150  -123  -101  )
( -48  -4  -20  )
( -6  -157  100  )
( 17  69  38  )
( -178  159  -70  )
( -124  -174  -0  )
( 56  172  117  )
( 118  103  -119  )
( 1  55  -2  )
( 129  -42  167  )
( 141  188  108  )
( 141  -167  -129  )
( -63  -99  127  )
( -119  -73  147  )
( 10  -38  61  )
( -98  -149  -65  )
( -198  -23  -159  )
( 32  -49  -2  )
( -178  -194  76  )
( 95  -132  -169  )
( 107  9  -154  )
( 64  150  -163  )
( 71  50  106  )
( -96  -140  139  )
( 37  -77  50  )
( -48  150  -181  )
( 89  -103  -172  )
( 26  -20  -163  )
( 106  -114  160  )
( -31  106  122  )
( -70  -186  -106  )
( -102  -182  -92  )
( 170  -163  -109  )
( -53  -154  -156  )
( 167  -141  146  )
( 190  170  -184  )
( 5  21  179  )
( -73  -98  -140  )
( -169  -178  4  )
( -109  127  -142  )
( 20  132  -101  )
( -61  -192  65  )
( 29  40  -14  )
( -87  121  142  )
( -189  192  175  )
( 67  168  43  )
( 96  137  -48  )
( -61  32  -121  )
( 37  -30  115  )
( 181  73  96  )
( -138  1  -142  )
( -44  59  194  )
( -163  128  -194  )
( -185  -72  108  )
( 40  -169  120  )
( 89  90  -16  )
( -0  -152  -70  )
( -46  -173  -188  )
( 76  9  10  )
( -146  -138  -41  )
( -197  62  -169  )
( -87  99  -50  )
( 21  -135  -26  )
( -167  156  32  )
( 30  -50  -130  )
( 145  154  -166  )
( 167  -2  -64  )
( -29  -95  152  )
( -18  -117  110  )
( 160  132  167  )
( -22  34  -182  )
( -132  19  -120  )
( 163  -182  151  )
( -130  39  -86  )
( -23  139  7  )
( -100  20  -51  )
( 171  -105  67  )
( 21  -125  -151  )
( -166  -21  111  )
( -144  -126  -85  )
( 120  -21  72  )
( -34  -53  -16  )
( 136  -37  17  )
( 129  -183  123  )
( -56  12  41  )
( 188  -184  -175  )
( 85  0  -60  )
( 180  -86  93  )
( 108  -111  149  )
( -27  -47  -38  )
( -124  39  116  )
( -165  -40  192  )
( 124  49  43  )
( 137  169  -85  )
( 156  163  144  )
( -86  133  73  )
( 67  -48  -123  )
( -41  -109  -128  )
( 3  -29  97  )
( 63  -101  7  )
( 134  64  -99  )
( -53  -129  14  )
( 116  153  -115  )
( 57  -117  -101  )
( 98  43  147  )
( 125  45  58  )
( 148  37  89  )
( 5  27  178  )
( -12  -41  -56  )
( 84  59  189  )
( -53  -184  110  )
( 140  -15  -155  )
( 35  -18  87  )
( 121  120  52  )
( -75  119  158  )
( -155  137  -158  )
( -83  -56  82  )
( 19  179  -134  )
( 195  -37  -185  )
( 60  -46  -143  )
( -37  -91  58  )
( -131  138  -33  )
( -191  -13  -187  )
( -10  153  -173  )
( 51  -98  -76  )
( -137  124  162  )
( -28  -163  -198  )
( -177  50  -75  )
( -88  49  -128  )
( 88  -38  -197  )
( -43  145  119  )
( 38  -56  -13  )
( -98  -96  -33  )
( -120  -96  83  )
( -40  63  -115  )
( 107  -175  71  )
( 35  106  -75  )
( -136  -88  140  )
( 40  -137  118  )
( -24  -124  53  )
( -179  -9  38  )
( -69  -133  -24  )
( 25  -197  23  )
( 110  164  197  )
( 12  104  -26  )
( -176  196  64  )
( -66  -17  -153  )
( -121  26  -16  )
( 27  -130  70  )
( 148  60  128  )
( -199  85  40  )
( -197  -7  -195  )
( -21  153  -116  )
( -82  -9  -63  )
( -75  5  -24  )
( 56  -140  -90  )
( -113  131  -66  )
( -65  123  -83  )
( -46  -104  83  )
( -67  195  -64  )
( 171  -164  199  )
( 114  -176  0  )
( 60  -187  -173  )
( 128  80  190  )
( -41  32  -92  )
( 134  -115  -41  )
( 120  98  54  )
( -14  28  141  )
( -56  143  -60  )
( 112  56  58  )
( -57  26  43  )
( -111  -98  -55  )
( 124  -66  -173  )
( 27  101  103  )
( -40  63  101  )
( 98  128  -43  )
( -77  61  122  )
( 157  178  -27  )
( 123  -183  145  )
( 31  118  -35  )
( -125  -180  -6  )
( 37  -29  178  )
( 152  -165  56  )
( -79  35  -111  )
( -30  -97  161  )
( -150  -141  139  )
( -26  -136  -188  )
( -82  -198  -63  )
( 100  78  -113  )
( -172  39  156  )
( -70  -170  -159  )
( 170  -69  15  )
( -44  75  80  )
( 112  -40  25  )
( -144  146  28  )
( 62  -98  -185  )
( 119  137  -117  )
( -175  -169  30  )
( -115  -114  92  )
( -18  -187  -191  )
( -166  161  48  )
( -176  -103  51  )
( 21  -112  -181  )
( -9  138  -20  )
( -165  -40  -175  )
( 96  -105  113  )
( 35  -40  -158  )
( 107  9  16  )
( -48  -163  -175  )
( -13  83  -184  )
( 176  -164  -82  )
( -38  39  4  )
( -136  -74  -21  )
( -129  -108  4  )
( 147  0  -40  )
( -183  154  16  )
( 77  -44  56  )
( -40  -67  -160  )
( 49  -32  105  )
( -157  4  -67  )
( 119  -118  194  )
( -41  -63  122  )
( -142  -32  110  )
( 40  -45  -46  )
( -165  -168  102  )
( -161  -31  84  )
( -19  -97  -73  )
( -3  134  102  )
( 95  67  176  )
( 139  -179  31  )
( -56  -94  86  )
( -143  29  28  )
( -169  128  140  )
( 76  -78  141  )
( 0  37  65  )
( 0  -13  -135  )
( 119  62  -133  )
( -3  53  155  )
( 85  -161  -163  )
( 112  36  -16  )
( 176  -137  -73  )
( -91  190  156  )
( -19  68  186  )
( -19  24  -168  )
( 106  154  57  )
( -154  121  44  )
( -185  -32  -30  )
( 38  191  -176  )
( 198  171  196  )
( -199  -70  -53  )
( -126  111  102  )
( -49  91  -4  )
( -42  141  -31  )
( 140  1  -125  )
( 194  -52  176  )
( -94  -138  80  )
( 146  41  136  )
( -171  -195  -34  )
( 121  -137  -79  )
( -103  108  -194  )
( -160  -60  -4  )
( 121  49  -36  )
( -17  125  2  )
( -28  94  -84  )
( -145  10  -157  )
( 44  150  38  )
( 77  -9  183  )
( 128  -82  -160  )
( -191  -4  167  )
( -139  112  79  )
( 184  135  69  )
( -93  142  68  )
( -25  167  -65  )
( -196  180  -184  )
( 169  99  53  )
( 46  -92  -127  )
( -127  31  186  )
( 88  -118  -90  )
( -43  -112  133  )
( 162  -188  10  )
( 105  128  -155  )
( -149  -144  -99  )
( -86  44  -90  )
( 10  72  -193  )
( 33  132  91  )
( -23  -0  170  )
( 102  -182  -87  )
( -149  -113  102  )
( 46  -44  -154  )
( -70  92  101  )
( -175  93  -128  )
( 160  25  136  )
( -173  108  -90  )
( 11  -1  34  )
( 69  -133  -161  )
( -136  -30  14  )
( -12  41  -68  )
( -49  37  -124  )
( -73  -192  -108  )
( -4  -124  -25  )
( 116  2  43  )
( 83  -130  187  )
( 71  121  -157  )
( 65  155  -108  )
( -122  -174  54  )
( 101  38  123  )
( 143  61  80  )
( -21  -13  146  )
( 59  7  -163  )
( 169  123  148  )
( 14  -187  78  )
( 44  22  131  )
( -57  140  -90  )
( -91  -185  -179  )
( 195  -76  109  )
( -32  156  -112  )
( 184  -194  123  )
( -44  -156  -188  )
( 98  127  -148  )
( 54  128  153  )
( -3  -12  178  )
( -125  -109  -80  )
( -28  193  -63  )
( -179  -75  114  )
( 161  -91  130  )
( 122  -124  107  )
( 161  -139  28  )
( 106  54  11  )
( 125  113  94  )
( 140  -74  20  )
( 87  -137  -110  )
( 52  -147  156  )
( 178  -29  39  )
( 110  20  28  )
( -64  73  -5  )
( -148  185  -41  )
( -199  -160  83  )
( 136  -36  97  )
( -84  -113  -115  )
( -98  75  -185  )
( -31  193  -159  )
( -117  -84  -75  )
( 180  -160  174  )
