( -14  92  -46  )
( -45  -46  116  )
( -85  142  -34  )
( 111  -137  16  )
( -181  -16  110  )
( 51  -128  -185  )
( 69  73  4  )
( 137  72  -114  )
( 63  -25  115  )
( 186  -29  -149  )
( -12  -39  -172  )
( 73  6  -51  )
( -49  64  -117  )
( -94  1  -175  )
( -92  130  -157  )
( -52  161  134  )
( -88  -130  189  )
( 131  -85  -35  )
( -35  -52  -177  )
( -0  148  -91  )
( -29  18  -61  )
( -174  80  -39  )
( 189  163  -126  )
( 53  116  111  )
( 53  125  105  )
( -111  86  182  )
( 151  50  -137  )
( -114  -139  -79  )
( -43  -151  174  )
( 37  -49  -138  )
( 75  137  163  )
( -40  -88  93  )
( 59  -177  -30  )
( -143  192  -169  )
( -87  100  -71  )
( 194  4  71  )
( -58  -11  -79  )
( 18  171  76  )
( 142  132  0  )
( 171  -131  196  )
( -146  114  -156  )
( -166  57  -102  )
( -157  175  -126  )
( -58  99  7  )
( -123  77  48  )
( 181  141  125  )
( 108  109  125  )
( 14  -169  124  )
( -34  -37  168  )
( 146  -2  5  )
( 61  152  -111  )
( 102  -75  153  )
( 91  -86  -176  )
( -64  97  166  )
( 70  55  -22  )
( 88  -18  54  )
( -23  -98  -173  )
( 196  182  8  )
( -2  -194  86  )
( -193  -178  -69  )
( -54  31  -194  )
( 187  49  115  )
( 103  14  160  )
( 23  66  -134  )
( 198  27  -62  )
( 22  -117  131  )
( -4  -176  -134  )
( -117  93  -23  )
( -118  195  68  )
( 72  -130  33  )
( 30  -179  -160  )
( -108  -102  -147  )
( -23  88  106  )
( 129  92  24  )
( -35  52  153  )
( 8  16  -193  )
( -170  0  -73  )
( 30  19  -10  )
( 7  -115  6  )
( 21  109  83  )
( -79  38  -162  )
( 156  123  -160  )
( 24  -89  -0  )
( -76  53  21  )
( -0  165  -81  )
( -1  141  -19  )
( 14  187  -82  )
( 165  -114  55  )
( -174  -128  -39  )
( 81  -176  -90  )
( 139  15  59  )
( -30  192  193  )
( -190  80  139  )
( 9  -65  -184  )
( -66  -25  -57  )
( -29  -197  -122  )
( 1  -63  -199  )
( -156  59  -123  )
( 116  -72  -94  )
( 173  -183  -52  )
( 96  184  132  )
( 15  94  13  )
( 23  -61  -127  )
( -108  102  -3  )
( -15  -72  -81  )
( 166  -114  111  )
( 117  40  -147  )
( -199  -169  36  )
( 172  123  -88  )
( -194  -48  -177  )
( -150  192  112  )
( -162  1  182  )
( 28  90  -177  )
( 143  -101  -182  )
( -188  25  26  )
( -99  -37  38  )
( 149  -125  -162  )
( 48  185  38  )
( 134  -82  -159  )
( -51  34  -164  )
( 84  163  -49  )
( 138  98  -164  )
( 25  172  198  )
( 113  -182  191  )
( 86  73  176  )
( -193  121  61  )
( -79  91  156  )
( -145  192  -135  )
( -138  0  166  )
( 160  132  98  )
( 117  71  -156  )
( -180  154  -55  )
( 101  159  -174  )
( 109  83  96  )
( 85  73  -68  )
( 199  -38  -145  )
( -144  -43  -76  )
( 189  -106  -72  )
( 93  -47  -139  )
( -110  -99  7  )
( 125  -189  -135  )
( 32  -128  -19  )
( 58  -17  154  )
( 180  -121  62  )
( -113  122  172  )
( 180  197  152  )
( -53  199  -109  )
( 98  97  -72  )
( 187  192  35  )
( -67  71  -14  )
( 124  44  33  )
( 35  130  -22  )
( -30  63  60  )
( 44  57  -13  )
( 167  96  172  )
( -166  -160  -41  )
( -64  0  121  )
( -109  97  122  )
( -127  74  -92  )
( 196  -43  -66  )
( 115  -52  39  )
( -87  -153  138  )
( -86  -17  -147  )
( -4  127  -194  )
( 4  -2  -194  )
( -32  -161  -99  )
( -36  -76  -167  )
( -59  -84  85  )
( 78  -130  59  )
( 69  70  -89  )
( 147  -172  -192  )
( -58  -105  153  )
( 76  198  193  )
( 37  198  -130  )
( -119  63  -33  )
( -186  174  -2  )
( 82  -10  52  )
( -7  -25  -4  )
( -29  -169  145  )
( -115  41  -95  )
( 112  -106  -25  )
( -13  -192  -107  )
( 14  15  -198  )
( 95  -90  117  )
( 95  44  -41  )
( -124  151  94  )
( -6  -23  -22  )
( -61  6  114  )
( 112  -44  59  )
( -128  -5  -42  )
( 36  131  91  )
( -25  73  -193  )
( 160  139  124  )
( 53  146  17  )
( 147  0  156  )
( 165  -37  -88  )
( -172  -67  88  )
( 138  142  -99  )
( -32  -91  -76  )
( 86  148  49  )
( 46  -68  -127  )
( 61  26  168  )
( -18  75  -4  )
( 145  -192  105  )
( -1  -98  -41  )
( 102  75  -7  )
( -148  196  -49  )
( -183  18  -89  )
( 140  -115  -98  )
( 94  -70  -164  )
( -150  -70  47  )
( -94  129  137  )
( 187  -56  -44  )
( -62  96  -171  )
( -108  -170  -198  )
( 129  -188  -39  )
( 185  114  82  )
( -142  -154  -72  )
( 151  -40  25  )
( 159  -65  -195  )
( 90  172  197  )
( 149  91  -114  )
( 140  8  -190  )
( 24  126  112  )
( -174  -161  -184  )
( -187  -152  172  )
( 99  134  -4  )
( -126  149  137  )
( 102  50  128  )
( 178  146  -149  )
( -118  -48  -5  )
( -136  -78  -133  )
( 177  75  -126  )
( -131  -44  25  )
( -5  178  -122  )
( -184  -62  -21  )
( -137  180  58  )
( 196  -16  123  )
( -121  -47  178  )
( -62  -50  127  )
( 175  -106  -161  )
( -57  -75  163  )
( 38  7  -196  )
( 14  49  128  )
( -45  53  -175  )
( 28  -84  154  )
( 77  32  -157  )
( 83  -154  124  )
( -168  113  -159  )
( -185  -77  -41  )
( 12  53  114  )
( -6  191  44  )
( -96  74  41  )
( 74  -134  -189  )
( -161  99  143  )
( -198  163  -150  )
( -13  122  -53  )
( 126  -101  135  )
( 35  49  148  )
( 14  88  -113  )
( -184  9  12  )
( -123  -124  -30  )
( 32  -136  -132  )
( 157  -165  149  )
( 62  193  163  )
( 157  -106  -139  )
( -114  -73  -121  )
( -91  -182  106  )
( -94  -65  62  )
( -113  87  131  )
( -38  -75  78  )
( -126  197  21  )
( -115  136  165  )
( -168  119  -24  )
( -11  -10  103  )
( 115  -198  -18  )
( 49  40  -152  )
( -50  190  -8  )
( 178  104  194  )
( 8  135  -126  )
( 6  24  -186  )
( -62  -114  149  )
( 9  -67  96  )
( 115  84  -105  )
( 102  -163  105  )
( 16  138  -54  )
( 167  124  123  )
( 162  191  59  )
( 30  -105  -57  )
( -132  -1  -62  )
( -15  93  -9  )
( -100  31  36  )
( -27  -193  104  )
( -22  -137  -78  )
( -64  1  -177  )
( -46  90  -67  )
( 26  182  -115  )
( -85  -192  -193  )
( -167  -81  -176  )
( -133  96  -190  )
( -192  -58  -115  )
( -72  152  -42  )
( -44  148  -159  )
( -175  -177  -67  )
( 29  -15  184  )
( 35  -37  -85  )
( 189  43  -77  )
( 104  171  45  )
( 7  -17  -124  )
( 143  172  -64  )
( 103  177  53  )
( -181  91  -89  )
( -125  -181  -166  )
( 163  -76  135  )
( 109  53  118  )
( 67  -110  190  )
( 160  -25  45  )
( 174  -22  164  )
( -85  -184  160  )
( -138  80  155  )
( -49  59  69  )
( 153  -110  -1  )
( 199  179  -161  )
( -163  102  -77  )
( 195  66  -152  )
( -0  -85  -10  )
( -114  192  96  )
( 9  -180  -18  )
( -104  68  167  )
( -134  -86  -96  )
( -148  2  -140  )
( 24  -139  82  )
( -82  127  176  )
( -70  -180  -19  )
( -22  104  26  )
( -116  83  -98  )
( 149  16  -35  )
( 198  -34  176  )
( 35  -54  63  )
( 168  -49  56  )
( -97  -142  125  )
( -176  171  -3  )
( -3  -69  -184  )
( -129  100  -194  )
( -108  -73  -173  )
( 163  162  123  )
( -134  -153  -197  )
( -139  97  -16  )
( -197  -12  136  )
( 60  123  189  )
( -76  162  38  )
( -115  -124  -78  )
( -166  180  119  )
( -110  100  59  )
( -85  19  -102  )
( -177  -159  -135  )
( 2  159  -183  )
( 41  -122  -54  )
( -141  -66  -117  )
( -26  -171  168  )
( 48  -124  132  )
( -44  -110  -167  )
( 176  141  81  )
( 131  -171  -169  )
( 110  -188  -152  )
( -170  -34  166  )
( -97  14  -151  )
( -192  -95  181  )
( 4  -82  -136  )
( -181  143  -103  )
( -127  -158  -66  )
( 72  58  -99  )
( 167  -139  141  )
( -35  189  174  )
( -23  143  -49  )
( -57  -158  180  )
( 105  -184  -147  )
( 150  9  3  )
( 163  144  173  )
( -178  -73  -84  )
( -138  -47  -88  )
( -126  120  129  )
( -42  138  166  )
( -19  11  -155  )
( -97  -128  169  )
( 117  58  -182  )
( -15  44  -29  )
( -102  -138  182  )
( -100  -134  -92  )
( -70  -187  -188  )
( 148  160  -84  )
( -148  152  156  )
( 100  95  -13  )
( 93  -57  160  )
( -173  177  42  )
( 58  136  -113  )
( 164  29  189  )
( -196  -86  -180  )
( 107  -117  -21  )
( -75  -184  -59  )
( -111  -73  177  )
( -52  76  17  )
( -4  -65  14  )
( -4  -136  140  )
( 127  -104  -129  )
( 190  120  139  )
( -89  -187  -155  )
( 72  140  -84  )
( -142  -34  90  )
( -3  -186  -18  )
( 77  126  143  )
( -66  51  -125  )
( -91  -79  145  )
( 64  130  -136  )
( 1  -138  -70  )
( 178  125  197  )
( 27  -182  -107  )
( -145  64  -3  )
( 168  124  61  )
( 69  175  58  )
( 65  -0  -93  )
( 14  -142  4  )
( -81  -21  155  )
( 13  135  172  )
( 192  -89  146  )
( -163  -20  -13  )
( 24  119  161  )
( 53  -176  102  )
( -128  131  22  )
( -24  90  -188  )
( 152  -37  -85  )
( -169  20  -61  )
( -184  -49  67  )
( -67  58  20  )
( 71  -141  186  )
( -143  43  -93  )
( 70  -178  -133  )
( 177  -34  -196  )
( 1  -95  -199  )
( 12  64  -82  )
( 184  -136  -31  )
( 143  -182  -14  )
( 199  30  -186  )
( 108  -161  192  )
( -127  41  102  )
( 128  89  161  )
( 88  -180  -154  )
( -198  111  2  )
( -114  111  -163  )
( -85  75  12  )
( -168  -128  87  )
( 153  60  -114  )
( 71  132  -70  )
( -153  78  -109  )
( 25  -31  -124  )
( 110  -109  -77  )
( 54  -122  148  )
( 6  43  64  )
( 134  -31  153  )
( -10  173  170  )
( 185  -167  133  )
( -15  -178  -93  )
( 144  -27  136  )
( -78  -14  -38  )
( 66  -108  -145  )
( -18  181  -33  )
( -137  1  -140  )
( 72  -114  -118  )
( -57  -168  -38  )
( 89  -76  -66  )
( 18  66  114  )
( 36  -199  48  )
( 77  -80  -4  )
( -130  -74  137  )
( -49  -133  106  )
( -105  -1  -111  )
( 118  -161  -20  )
( 26  184  -136  )
( 133  -169  -161  )
( 101  -149  189  )
( -172  -61  -11  )
( 192  -142  -63  )
( -1  -79  41  )
( 106  -16  151  )
( 98  177  5  )
( -187  -18  -4  )
( -190  140  -199  )
( 111  -72  139  )
( 136  -90  -198  )
( -52  118  -100  )
( -83  -69  -163  )
( -76  15  139  )
( -157  -73  56  )
( 178  30  52  )
( 23  -83  -131  )
( -182  -115  128  )
( -37  98  -64  )
( -18  -32  -145  )
( 36  -23  -104  )
( 24  -35  165  )
( 101  106  74  )
( 2  155  124  )
( -171  -22  -107  )
( 83  -125  -182  )
( 142  -104  -158  )
( 70  -182  46  )
( -83  -14  7  )
( 32  -187  -150  )
( -51  17  152  )
( -31  157  -145  )
( -107  153  -10  )
( -187  175  124  )
( -193  162  55  )
( 21  -113  52  )
( -159  22  68  )
( 198  72  167  )
( 34  -39  -95  )
( 86  -141  103  )
( 52  -29  24  )
( 170  41  -123  )
( -155  106  -87  )
( 81  125  53  )
( -127  -122  -84  )
( -159  180  172  )
( 104  -56  121  )
( -17  -157  -118  )
( 58  -188  35  )
( -171  5  -87  )
( 61  141  -194  )
( -143  -74  -187  )
( 120  -181  155  )
( -155  -58  -13  )
( -125  -82  103  )
( -107  69  -140  )
( 124  -54  166  )
( 191  126  1  )
( 95  4  38  )
( -58  -194  41  )
( -38  82  -1  )
( 75  -76  -68  )
( 123  104  -41  )
( 174  -78  -34  )
( 3  143  42  )
( -63  -175  182  )
( -134  63  -126  )
( 41  -89  142  )
( 84  38  -28  )
( 72  8  -12  )
( 149  -67  9  )
( 90  111  -103  )
( 47  -1  146  )
( 164  -87  -111  )
( 172  191  -90  )
( -140  -106  -103  )
( 23  43  -94  )
( -46  -149  -83  )
( 0  143  -147  )
( -173  -50  54  )
( -14  -1  -59  )
( 101  -41  60  )
( -96  83  -156  )
( 53  -3  -95  )
( -163  -81  33  )
( -100  -73  64  )
( -193  -87  -199  )
( -140  -134  70  )
( 29  -87  89  )
( 31  4  -99  )
( -33  177  116  )
( 171  -192  185  )
( 154  -81  184  )
( 186  22  -152  )
( -59  19  105  )
( 131  126  -5  )
( 166  -120  8  )
( 146  -105  -37  )
( -116  -45  -125  )
( 192  25  60  )
( -30  162  -18  )
( 42  97  -181  )
( -11  -106  -156  )
( -106  33  100  )
( -155  -8  -140  )
( 141  -132  109  )
( -31  65  -157  )
( 184  -97  -38  )
( -124  -90  -109  )
( -156  181  194  )
( -69  114  0  )
( 194  -75  157  )
( 92  -69  -16  )
( 102  113  -46  )
( -183  -12  -16  )
( -145  -90  -60  )
( -131  -66  132  )
( -24  36  175  )
( -182  -21  153  )
( 163  -123  73  )
( 168  42  -188  )
( 57  -38  106  )
( 81  -114  163  )
( -45  -94  -26  )
( -147  -118  -105  )
( -13  -143  77  )
( 135  -9  3  )
( -176  131  -130  )
( 87  190  -177  )
( -124  -173  -17  )
( 83  107  152  )
( 62  -107  160  )
( 55  -182  -80  )
( 161  -98  -122  )
( -194  -4  168  )
( 119  -129  1  )
( -171  -69  -77  )
( 182  152  175  )
( 14  -35  39  )
( 95  -42  41  )
( -135  -54  134  )
( -137  70  -75  )
( 89  -106  -168  )
( -172  -114  -83  )
( 43  82  -126  )
( 189  -65  151  )
( -164  -76  -73  )
( -103  43  -18  )
( 147  158  -134  )
( 197  -102  -109  )
( 182  -76  75  )
( 59  -135  104  )
( 90  -61  121  )
( -2  -156  187  )
( -113  163  -111  )
( 89  -54  -28  )
( 85  122  -149  )
( -141  -142  -184  )
( 57  -197  4  )
( -113  -82  -149  )
( -110  179  5  )
( -83  -72  -22  )
( -21  85  162  )
( -92  -91  -35  )
( -62  107  70  )
( -22  107  -145  )
( 4  95  175  )
( 7  -22  5  )
( -112  -156  98  )
( 8  166  132  )
( 106  127  99  )
( 41  156  -123  )
( 14  191  -96  )
( -198  -177  130  )
( 12  34  -145  )
( -67  -182  -52  )
( -144  -102  103  )
( -99  156  89  )
( 62  63  -182  )
( 49  46  -20  )
( 172  104  43  )
( 144  -81  -24  )
( -63  166  132  )
( 125  -171  60  )
( 89  -106  62  )
( 149  173  -126  )
( -122  102  134  )
( -130  105  58  )
( 31  56  170  )
( -187  48  -96  )
( -187  140  -118  )
( -79  -1  52  )
( 107  -35  -146  )
( -11  28  -42  )
( -146  137  -104  )
( -58  -188  -98  )
( 184  163  -90  )
( -118  13  35  )
( 61  170  29  )
( 132  64  27  )
( 153  -140  -54  )
( 11  27  -64  )
( -124  -12  -142  )
( 3  -154  -42  )
( -18  -80  -143  )
( -196  153  37  )
( 129  26  -126  )
( 67  36  28  )
( 125  -18  93  )
( -94  18  -98  )
( -184  126  -190  )
( -51  -12  -0  )
( 135  196  -192  )
( -193  192  137  )
( -144  -64  181  )
( 30  -106  59  )
( -95  -137  98  )
( 187  -51  -124  )
( -77  158  183  )
( 161  -190  -149  )
( 170  -49  -86  )
( -94  42  -175  )
( -126  -12  116  )
( -24  53  45  )
( -168  111  89  )
( -69  -95  -188  )
( -165  135  -163  )
( 176  117  100  )
( -169  107  161  )
( -86  106  94  )
( 111  -137  152  )
( 45  139  141  )
( -110  109  193  )
( -111  -148  139  )
( 118  -174  -26  )
( 55  176  -44  )
( 104  119  -103  )
( -152  -139  -14  )
( 49  -119  48  )
( 113  185  68  )
( -194  -67  116  )
( 11  112  108  )
( 52  -180  -49  )
( 114  104  -51  )
( -77  189  84  )
( -139  71  -42  )
( 79  -189  -196  )
( 169  -167  87  )
( 135  -65  99  )
( 185  162  -124  )
( 56  -171  9  )
( -148  117  -112  )
( -104  -194  140  )
( 26  -121  -134  )
( -171  -18  -1  )
( -36  94  -59  )
( -95  106  -130  )
( 104  -157  -72  )
( 77  106  -0  )
( -45  131  -105  )
( 182  -29  -167  )
( 98  125  -59  )
( 96  -121  19  )
( 85  -76  84  )
( -130  7  -165  )
( 50  83  61  )
( -48  195  -156  )
( -145  147  -10  )
( -107  81  -129  )
( -121  -146  -106  )
( 126  96  -63  )
( 58  -110  -78  )
( -69  -192  135  )
( -117  134  146  )
( 196  54  -20  )
( 143  160  150  )
( -57  -98  158  )
( -7  -58  -170  )
( 81  77  -134  )
( 39  31  84  )
( 65  -76  -129  )
( -186  102  -18  )
( 135  -181  65  )
( 117  -20  60  )
( 78  -185  -120  )
( 184  -199  48  )
( -101  185  83  )
( 15  17  13  )
( 5  -192  25  )
( 96  114  138  )
( 123  -96  144  )
( 85  76  -157  )
( -133  106  48  )
( 190  149  -115  )
( 110  -146  -107  )
( -187  124  21  )
( -64  34  -166  )
( -123  -156  -73  )
( -17  -165  9  )
( 71  170  12  )
( -154  67  -181  )
( -125  44  -142  )
( 122  155  -41  )
( -108  -60  -39  )
( -146  -61  127  )
( 198  -3  84  )
( -70  -11  -146  )
( 184  -167  -194  )
( -31  -153  -111  )
( 161  -134  127  )
( 181  -166  -44  )
( -199  -6  46  )
( 60  44  0  )
( -12  -32  161  )
( -81  143  -185  )
( 34  178  97  )
( -45  164  -134  )
( 80  -71  165  )
( 4  -153  -192  )
( 14  -42  -8  )
( 8  -109  50  )
( 175  113  199  )
( -155  166  -178  )
( -108  -49  188  )
( -100  -162  77  )
( -187  141  74  )
( 30  -134  -44  )
( 15  -4  48  )
( -142  22  -158  )
( 184  -164  123  )
( -33  -127  188  )
( -188  -62  -129  )
( 123  172  -41  )
( -74  150  110  )
( 41  -32  -164  )
( 41  184  68  )
( -79  -48  82  )
( 104  -23  -24  )
( -159  -197  -151  )
( -158  96  98  )
( -182  -165  125  )
( -10  -94  -137  )
( -75  134  104  )
( 79  -46  4  )
( 46  187  -111  )
( 175  -72  -92  )
( -149  -79  -58  )
( -143  57  14  )
( -160  -140  76  )
( 99  -87  -192  )
( 42  162  112  )
( -185  173  -158  )
( -142  -92  185  )
( 47  -162  -150  )
( 155  -157  -120  )
( -123  -110  11  )
( 3  41  182  )
( 126  94  -195  )
( -104  -31  193  )
( 78  17  -107  )
( 61  8  7  )
( 135  -179  28  )
( 89  71  -195  )
( -158  -16  187  )
( -81  -87  -126  )
( 46  -189  102  )
( -131  -11  18  )
( -10  -4  -197  )
( -152  59  -162  )
( 149  31  -70  )
( -35  112  -85  )
( -196  -178  -148  )
( -150  -140  56  )
( -117  -90  100  )
( 198  73  152  )
( 62  167  85  )
