( 112  -184  149  )
( -163  144  49  )
( -66  -173  -68  )
( 154  50  182  )
( -98  146  29  )
( 26  -196  2  )
( 1  181  68  )
( -23  -51  62  )
( 164  -21  193  )
( -119  -12  -46  )
( 95  -64  -24  )
( -65  -98  -181  )
( -132  171  23  )
( -65  -175  93  )
( 71  -74  105  )
( 155  134  45  )
( -149  -50  -175  )
( 183  9  4  )
( 6  -5  -9  )
( -114  45  -187  )
( -157  130  -152  )
( -41  30  -150  )
( 11  -129  -83  )
( -8  170  -78  )
( 181  -55  189  )
( 192  -19  -123  )
( 144  66  32  )
( -52  -57  -19  )
( 87  -53  -120  )
( -175  -85  160  )
( 195  -37  -25  )
( -190  100  154  )
( 194  153  105  )
( 57  -24  -15  )
( -40  61  35  )
( 48  157  128  )
( -41  -190  -161  )
( 167  -82  94  )
( 144  -171  145  )
( 108  -26  -20  )
( -24  197  65  )
( 160  -103  -145  )
( -100  -117  -138  )
( 8  -49  -191  )
( 68  -164  149  )
( -139  -102  178  )
( -81  92  125  )
( 144  -109  74  )
( -84  -37  -117  )
( 85  -65  -90  )
( 99  -78  -15  )
( 60  152  198  )
( -139  67  197  )
( 128  -165  -127  )
( 120  143  172  )
( 112  -97  -13  )
( 183  -142  15  )
( -89  82  -1  )
( 14  -130  39  )
( -34  -121  95  )
( 58  78  -95  )
( -17  -39  89  )
( 24  -93  78  )
( 197  -20  135  )
( 179  -14  -57  )
( 13  140  -131  )
( 14  119  159  )
( -4  -152  -169  )
( 14  -173  -27  )
( -139  79  -173  )
( -33  -23  -79  )
( -165  -2  89  )
( 13  -107  -45  )
( -78  -143  -185  )
( -149  97  -76  )
( -116  -20  69  )
( 121  56  -21  )
( 83  70  -166  )
( -100  174  158  )
( -87  13  59  )
( 138  -49  186  )
( 118  125  10  )
( 29  37  18  )
( 53  159  -167  )
( -139  192  169  )
( 152  121  148  )
( -187  -173  -61  )
( 69  48  164  )
( -189  28  -44  )
( 180  20  -181  )
( -102  -45  -151  )
( 52  87  -96  )
( -30  139  177  )
( 193  83  -181  )
( 145  119  123  )
( -46  45  159  )
( -129  -134  -171  )
( -106  -118  -195  )
( 136  -175  38  )
( 104  129  137  )
( -191  -12  47  )
( -58  177  -26  )
( 127  -178  -62  )
( 173  -98  -42  )
( -45  11  26  )
( 124  -190  -154  )
( 180  -189  136  )
( -24  -166  -174  )
( 44  -22  119  )
( 151  -165  193  )
( -190  -171  -91  )
( -18  -107  -9  )
( -140  80  81  )
( -170  1  115  )
( -23  -4  -120  )
( 139  91  -192  )
( -28  47  -197  )
( -158  170  -71  )
( -34  188  122  )
( -67  -86  165  )
( -25  -140  21  )
( -42  -131  117  )
( -116  -133  -25  )
( -133  106  -176  )
( 137  44  124  )
( 113  -70  -174  )
( -129  112  -126  )
( 21  -32  133  )
( -26  93  175  )
( -29  77  -106  )
( -55  187  157  )
( 197  63  -136  )
( -83  -167  111  )
( 77  198  -151  )
( 72  -148  164  )
( -136  108  190  )
( 85  35  -23  )
( -149  47  11  )
( 85  160  126  )
( -55  163  -5  )
( -71  -49  -53  )
( 10  -165  172  )
( 99  -116  142  )
( -171  -142  180  )
( 193  100  141  )
( 44  190  -125  )
( 31  115  92  )
( -196  -99  85  )
( -67  178  12  )
( 26  -70  -186  )
( 81  -107  144  )
( -186  -150  -41  )
( 19  170  -112  )
( 121  -49  -60  )
( 58  40  -59  )
( 60  -110  -179  )
( 87  -127  -117  )
( -51  91  -148  )
( -114  -56  149  )
( 54  62  -129  )
( 186  -126  76  )
( 147  -42  -41  )
( -183  132  170  )
( 110  119  -120  )
( -164  -108  128  )
( 62  37  -179  )
( 94  -31  -166  )
( -118  -106  -102  )
( 194  102  -78  )
( -98  82  54  )
( -9  51  -152  )
( 174  51  188  )
( 31  -65  28  )
( 63  189  26  )
( 91  93  96  )
( -137  -169  -34  )
( -132  33  49  )
( 49  36  -107  )
( -85  -140  -42  )
( -129  -35  -197  )
( 145  121  -77  )
( 40  -5  -96  )
( -41  184  -187  )
( -102  55  -183  )
( 120  107  142  )
( 76  -85  -168  )
( 112  -50  -153  )
( -9  -122  83  )
( 198  -102  -136  )
( -4  15  118  )
( -152  87  137  )
( 189  12  70  )
( -17  -173  -119  )
( 193  -171  0  )
( 144  23  -150  )
( -169  -99  -88  )
( 20  100  58  )
( -3  182  -112  )
( 157  138  161  )
( 152  75  21  )
( 110  -49  -148  )
( 47  111  42  )
( -13  -72  116  )
( 140  -55  -188  )
( -142  -87  190  )
( -15  -1  -67  )
( -57  84  163  )
( -194  -107  121  )
( -127  -47  114  )
( -93  -198  10  )
( -95  -145  -184  )
( -147  119  84  )
( -122  27  -68  )
( 170  -162  -194  )
( 47  -119  -165  )
( 62  -170  41  )
( 15  77  -127  )
( 9  -107  17  )
( -95  -171  -51  )
( -182  -127  -199  )
( -181  -158  119  )
( 72  -102  60  )
( 98  52  36  )
( 198  -158  63  )
( -165  146  140  )
( 17  136  45  )
( -171  80  175  )
( 77  177  -147  )
( -129  -168  -31  )
( 113  -91  5  )
( -42  3  -126  )
( 75  142  -146  )
( 73  28  -178  )
( -86  135  23  )
( 16  24  -28  )
( -11  -70  -198  )
( 106  -35  12  )
( -132  -110  141  )
( -27  -70  -124  )
( 13  -32  -143  )
( 59  -150  -161  )
( 54  -65  -40  )
( -38  -58  -154  )
( -119  174  97  )
( -18  -144  -93  )
( 26  90  -177  )
( 41  -144  175  )
( 41  73  -119  )
( 155  35  -68  )
( -34  101  -8  )
( 116  2  -144  )
( -18  -52  178  )
( 32  -138  -66  )
( 136  69  36  )
( -55  -116  153  )
( 145  25  109  )
( 157  -81  3  )
( -31  94  56  )
( 117  -161  -62  )
( -184  -98  123  )
( -57  65  -73  )
( 17  53  -58  )
( 57  -137  152  )
( 11  -61  -52  )
( 44  -118  -13  )
( 126  -134  -65  )
( -52  79  -111  )
( 82  -14  -134  )
( -171  35  -18  )
( 38  69  -37  )
( -136  -106  57  )
( 39  49  -125  )
( -65  147  -131  )
( 107  -68  8  )
( -179  -11  192  )
( 163  -58  -162  )
( -3  70  -121  )
( -165  174  -184  )
( -129  7  196  )
( 14  -83  -114  )
( -17  28  -49  )
( 2  97  -176  )
( -48  136  91  )
( -176  -22  -24  )
( -130  -184  156  )
( -178  -153  -67  )
( 0  -22  -101  )
( -33  32  76  )
( 148  -20  9  )
( -103  24  77  )
( 146  66  167  )
( -66  82  -150  )
( 166  5  40  )
( -29  78  182  )
( -35  -122  2  )
( 21  -47  58  )
( -47  -144  187  )
( -171  -62  197  )
( 147  -55  107  )
( -11  -24  -136  )
( 180  62  -48  )
( -139  -95  -196  )
( -3  -4  -126  )
( 2  -32  -160  )
( -56  174  -115  )
( 130  151  142  )
( 142  61  -159  )
( 96  67  -72  )
( -29  -4  25  )
( 192  -179  -162  )
( -26  60  -2  )
( -107  -124  179  )
( -45  -187  93  )
( 197  -24  194  )
( -147  172  -100  )
( -148  -159  5  )
( 7  180  -69  )
( -92  -131  -135  )
( -151  -187  -174  )
( -118  132  5  )
( -33  -45  112  )
( -85  48  -11  )
( 174  82  43  )
( 103  -157  -66  )
( 12  -175  -140  )
( -19  41  176  )
( 158  120  -88  )
( 147  127  -71  )
( -101  -171  44  )
( -171  14  -199  )
( -100  -112  7  )
( -195  -177  -100  )
( 2  -83  -5  )
( 20  -166  161  )
( -143  -14  -72  )
( -27  -36  20  )
( 36  -105  -148  )
( 142  39  -175  )
( 190  -178  120  )
( 178  -177  60  )
( -148  175  57  )
( 142  -13  186  )
( -2  50  73  )
( -69  19  -142  )
( -150  35  154  )
( 101  -158  48  )
( -106  -154  82  )
( -75  -61  -93  )
( -57  94  161  )
( 184  -161  35  )
( -4  -173  -188  )
( 3  25  -146  )
( -184  33  -9  )
( 16  -100  -135  )
( -11  48  122  )
( 114  116  -52  )
( 197  -125  -129  )
( -83  193  156  )
( 197  -9  -153  )
( 142  -68  -107  )
( 112  141  187  )
( 28  21  -70  )
( 187  199  29  )
( 122  -87  179  )
( 50  -59  -47  )
( -60  142  149  )
( -32  -151  123  )
( -135  6  67  )
( 151  31  -134  )
( -166  117  177  )
( 120  151  72  )
( -188  126  80  )
( 14  -102  -159  )
( 48  -101  -125  )
( 82  -172  169  )
( -60  15  112  )
( 49  169  26  )
( -193  182  27  )
( -195  43  85  )
( -120  50  167  )
( -169  -86  -181  )
( 43  88  50  )
( -152  198  3  )
( -39  -62  132  )
( -37  94  -159  )
( 8  22  -193  )
( -73  -189  157  )
( -10  -89  155  )
( 142  -84  44  )
( -99  -150  147  )
( 166  -168  -176  )
( -41  60  198  )
( 16  -6  58  )
( -46  132  -106  )
( 175  188  -124  )
( 103  -144  95  )
( -192  79  14  )
( 67  -69  155  )
( 66  126  -27  )
( 135  -67  -62  )
( 74  -165  -128  )
( -54  -177  -166  )
( 118  -35  -148  )
( 113  -8  -62  )
( -5  -135  81  )
( -16  -39  77  )
( 162  -7  -80  )
( -49  -159  -63  )
( 83  -61  -88  )
( 158  -145  -36  )
( 100  -140  -44  )
( -117  77  28  )
( 129  34  16  )
( 134  29  -76  )
( 19  128  -173  )
( -101  194  129  )
( -161  -79  -168  )
( -151  175  -132  )
( -199  -137  5  )
( 70  81  193  )
( -129  98  32  )
( 148  122  -140  )
( -40  16  -130  )
( 126  -149  98  )
( 116  19  -138  )
( -45  175  -80  )
( 123  -14  -152  )
( -153  51  -162  )
( 42  44  127  )
( 196  -50  -30  )
( -35  129  155  )
( -105  25  -124  )
( -47  15  -122  )
( 77  -168  98  )
( -31  171  -112  )
( -121  114  -169  )
( 116  -142  192  )
( -3  118  183  )
( 124  -74  -136  )
( 162  -58  -78  )
( -23  -127  96  )
( -69  -18  -96  )
( 104  73  68  )
( -62  29  -99  )
( 79  -110  -187  )
( 156  67  181  )
( 58  -103  148  )
( 74  99  -58  )
( -69  184  108  )
( -81  -139  -194  )
( -13  -142  -177  )
( -196  -58  -24  )
( -31  155  146  )
( 138  117  -65  )
( 125  -115  -82  )
( 198  -68  -124  )
( 96  140  172  )
( -77  -33  128  )
( -20  28  142  )
( -76  -95  -164  )
( -99  93  102  )
( -75  -146  -189  )
( -183  -64  154  )
( 16  -139  -177  )
( -79  -1  13  )
( -49  54  -17  )
( -94  -2  160  )
( -103  79  186  )
( 84  -82  100  )
( -99  -151  -174  )
( -58  26  -77  )
( -5  -183  -103  )
( 102  -11  166  )
( 186  79  -177  )
( -189  126  -17  )
( -50  -22  68  )
( -99  -100  -135  )
( -176  -92  122  )
( 91  83  48  )
( 11  -100  54  )
( 24  57  -166  )
( -69  63  130  )
( 124  -57  107  )
( 87  -154  84  )
( 116  196  150  )
( -163  -4  131  )
( -159  18  67  )
( 49  -79  19  )
( -44  -139  166  )
( 6  181  18  )
( 16  119  85  )
( 91  54  180  )
( 103  -160  52  )
( 173  -197  -192  )
( -22  71  61  )
( -146  -185  -1  )
( 162  36  -79  )
( 48  147  -132  )
( 92  161  79  )
( -126  128  -149  )
( 50  -72  85  )
( -144  -145  158  )
( 24  70  -194  )
( -119  6  -113  )
( -193  -169  134  )
( -69  90  -14  )
( -70  -104  -65  )
( 189  150  -33  )
( -76  177  71  )
( -152  -77  -195  )
( -119  -31  -8  )
( 84  22  -145  )
( 87  -10  84  )
( -24  -193  -147  )
( -182  -132  184  )
( 104  -170  92  )
( 7  -23  -119  )
( 20  -48  136  )
( -139  -104  144  )
( -14  182  -140  )
( -31  147  86  )
( -37  -41  24  )
( 190  110  -158  )
( -67  125  -118  )
( 75  -168  -47  )
( -20  87  44  )
( 15  22  -90  )
( 122  86  -2  )
( 26  144  -24  )
( -18  32  -164  )
( -108  -125  -73  )
( -2  84  73  )
( 75  -155  -12  )
( 183  -188  151  )
( 188  109  -99  )
( 7  50  -144  )
( -183  24  -155  )
( -24  -153  -43  )
( 43  -182  -141  )
( -101  160  142  )
( -80  57  -119  )
( -60  -139  -122  )
( -51  1  62  )
( -19  117  -129  )
( 157  35  -84  )
( -109  136  -41  )
( -180  193  147  )
( 45  -176  75  )
( 61  -81  78  )
( -67  -95  -5  )
( -94  -30  -156  )
( -24  65  -177  )
( 184  -91  172  )
( -167  -126  85  )
( -57  -48  -116  )
( -141  -39  125  )
( -30  130  68  )
( 132  -35  147  )
( -81  -21  -39  )
( -63  42  -111  )
( -54  -75  -99  )
( 14  -146  142  )
( -177  148  59  )
( 92  -62  -2  )
( 86  85  -42  )
( 73  122  157  )
( -199  38  178  )
( -146  -9  -112  )
( 34  106  -62  )
( -35  112  -104  )
( -78  24  -64  )
( -171  -141  -63  )
( 164  134  -106  )
( -64  -45  -46  )
( 9  -92  115  )
( 94  -146  49  )
( -190  161  171  )
( -24  -196  65  )
( 179  1  -194  )
( 99  174  25  )
( -82  -179  101  )
( 23  34  182  )
( 24  -138  -33  )
( 25  -46  3  )
( -173  131  -66  )
( 135  -143  6  )
( 157  -145  -66  )
( -137  -60  -27  )
( 42  141  46  )
( -16  70  -104  )
( -80  -101  -93  )
( 33  -15  -17  )
( -166  74  -44  )
( -171  -183  -104  )
( -185  -154  181  )
( 3  -69  55  )
( 138  41  143  )
( -105  118  -122  )
( 179  141  66  )
( -78  2  -171  )
( -138  133  47  )
( -151  -89  -133  )
( -23  -70  -146  )
( 58  34  86  )
( 129  -112  -61  )
( 187  -110  128  )
( -103  -196  158  )
( -116  25  -147  )
( -18  -151  162  )
( -121  -142  47  )
( -82  -28  -62  )
( 136  -135  -29  )
( -60  171  -77  )
( 106  -105  -67  )
( 2  123  -50  )
( -14  -28  -44  )
( -198  129  137  )
( 33  135  -144  )
( 157  37  -74  )
( -57  -14  -161  )
( -193  -93  -157  )
( 111  17  161  )
( 93  -14  -88  )
( 71  -182  -107  )
( -33  110  -44  )
( -134  54  156  )
( 100  89  133  )
( 9  66  -14  )
( 187  128  47  )
( 44  150  -112  )
( 178  144  -6  )
( -132  -37  -176  )
( -191  -157  146  )
( -108  95  84  )
( 133  110  -47  )
( 43  -106  148  )
( -6  -49  -114  )
( -142  178  129  )
( 36  -72  1  )
( -3  63  55  )
( -77  -171  -198  )
( 186  -104  130  )
( -60  15  -161  )
( 104  48  -12  )
( 140  -59  -174  )
( -170  -30  -59  )
( -162  -93  123  )
( 85  -97  -24  )
( 152  129  -122  )
( 36  64  -113  )
( -35  99  -199  )
( 13  -199  165  )
( -198  172  -22  )
( -91  -115  -81  )
( 197  -109  -38  )
( 44  -79  69  )
( 162  -19  -45  )
( 2  187  -20  )
( -136  44  -171  )
( -181  67  152  )
( -98  71  124  )
( 170  169  45  )
( -99  45  189  )
( -114  -74  51  )
( -62  -138  -41  )
( 164  -154  -105  )
( 35  29  -197  )
( -108  -197  -192  )
( 57  -72  -82  )
( 13  -106  175  )
( 118  -177  -112  )
( -107  37  -153  )
( 147  30  159  )
( 132  73  -85  )
( -20  -169  148  )
( 120  -40  177  )
( 66  46  44  )
( 87  138  -141  )
( 48  128  172  )
( -6  107  -160  )
( 128  -56  91  )
( -52  55  -71  )
( 23  -82  52  )
( -117  -120  128  )
( 38  -134  161  )
( 70  10  162  )
( -89  -45  -111  )
( -193  5  72  )
( 34  53  -149  )
( 122  84  173  )
( 67  -193  -112  )
( -169  167  -76  )
( 191  159  -115  )
( -6  -132  -21  )
( -93  123  -58  )
( 149  35  164  )
( -99  -61  -66  )
( 22  -94  -34  )
( 56  117  -68  )
( 13  -146  67  )
( -97  75  -134  )
( 17  -97  -42  )
( 181  108  111  )
( -124  -144  -38  )
( 149  120  81  )
( -49  -41  178  )
( -108  94  -110  )
( 123  -159  -79  )
( -44  -24  -72  )
( -64  -121  144  )
( -23  90  -135  )
( 22  -62  -161  )
( 82  -44  -43  )
( -11  -103  194  )
( 30  88  -71  )
( -55  -170  -16  )
( -131  -6  142  )
( -62  94  -133  )
( -150  75  10  )
( -129  98  38  )
( 61  -79  -57  )
( -8  -7  -138  )
( -141  157  190  )
( 84  169  34  )
( -143  41  -48  )
( -88  156  144  )
( -152  157  -48  )
( 190  -157  -21  )
( -173  -190  148  )
( -107  -126  39  )
( -159  -23  -198  )
( -161  -197  -128  )
( -161  -169  17  )
( -46  143  187  )
( -78  -103  -75  )
( 110  -85  -193  )
( 92  -15  -198  )
( -85  195  82  )
( 41  17  187  )
( -151  -98  64  )
( 116  -15  63  )
( 36  -19  -140  )
( -4  -187  -191  )
( 199  8  28  )
( -79  40  25  )
( -137  -126  191  )
( 72  160  -194  )
( 113  21  76  )
( 121  -124  74  )
( 136  -115  141  )
( 78  -111  -196  )
( 122  -109  126  )
( -57  69  93  )
( 60  103  67  )
( 27  -195  -151  )
( 85  75  166  )
( 122  33  -28  )
( -39  58  -167  )
( -159  137  3  )
( -193  86  -32  )
( -103  98  -95  )
( -40  -66  127  )
( 188  158  145  )
( 42  25  181  )
( -165  -176  -35  )
( -137  -43  -171  )
( 88  138  147  )
( -199  -116  -157  )
( 137  -130  105  )
( -14  13  191  )
( 179  -191  156  )
( 120  101  99  )
( 164  64  0  )
( 137  -133  -82  )
( -104  -49  -45  )
( 21  -120  41  )
( -179  -114  101  )
( -72  -91  25  )
( -120  -70  -152  )
( -69  -174  88  )
( -138  19  177  )
( -44  31  -10  )
( 199  106  123  )
( 66  19  -41  )
( -127  87  89  )
( 187  -97  -164  )
( -38  -189  53  )
( 49  93  -23  )
( 187  -132  -124  )
( 69  -111  -163  )
( -87  -153  -193  )
( 48  -106  3  )
( 144  -134  11  )
( -24  -163  134  )
( 60  -18  -167  )
( -92  178  71  )
( -73  -121  -23  )
( 111  -1  -80  )
( 81  127  -92  )
( -55  -88  -169  )
( 131  -44  182  )
( 136  112  108  )
( 2  -129  -131  )
( -156  -88  108  )
( -53  107  110  )
( 95  177  32  )
( 174  105  107  )
( -150  62  -113  )
( 191  -156  154  )
( 139  10  116  )
( -76  -70  -166  )
( -45  -151  -185  )
( -62  -30  190  )
( -196  57  177  )
( -183  151  37  )
( 149  -94  -22  )
( -31  7  -45  )
( 156  -100  -179  )
( -19  -177  183  )
( 57  136  183  )
( 42  -184  -140  )
( 198  1  -177  )
( 107  9  -38  )
( 101  -158  -136  )
( 195  -120  115  )
( 171  7  -26  )
( 194  150  170  )
( 91  -174  125  )
( 44  39  72  )
( -22  -76  2  )
( -62  60  -133  )
( -89  34  117  )
( 181  -134  -106  )
( -8  29  160  )
( -51  -95  151  )
( -9  190  -5  )
( 88  -74  -62  )
( -41  5  -190  )
( -40  88  160  )
( 38  177  -142  )
( 47  145  -158  )
( 20  46  107  )
( 8  122  184  )
( -190  -92  -25  )
( -140  36  154  )
( -149  156  186  )
( -68  84  -36  )
( 145  108  195  )
( -55  -43  122  )
( -3  157  87  )
( 73  -52  117  )
( 16  -154  114  )
( 105  -148  94  )
( 80  153  41  )
