( -173  -137  -58  )
( 75  -144  -162  )
( 73  -23  -126  )
( -47  22  -14  )
( 169  -192  70  )
( -106  -109  -97  )
( -164  -119  80  )
( 136  -110  90  )
( -175  5  -177  )
( -174  -75  -162  )
( -178  -87  132  )
( 131  -169  -83  )
( -40  -129  14  )
( -144  24  -196  )
( -65  -163  -85  )
( -123  13  129  )
( 145  -120  108  )
( 105  180  2  )
( -57  106  61  )
( -189  -53  18  )
( -165  51  -196  )
( -75  166  -74  )
( 134  189  -117  )
( -115  61  140  )
( 184  15  147  )
( 0  -39  -50  )
( 92  -47  -185  )
( 65  -106  -36  )
( -39  179  158  )
( 81  -5  -46  )
( -102  -20  -122  )
( -180  165  -27  )
( -61  195  -169  )
( 163  -124  37  )
( -160  -131  22  )
( 142  -195  -6  )
( -32  -35  85  )
( -82  15  -114  )
( 119  -18  194  )
( 165  -44  -190  )
( -124  148  51  )
( -92  -109  -101  )
( 48  163  -89  )
( 24  193  -12  )
( 68  22  -113  )
( -141  -132  -168  )
( -154  82  44  )
( 3  143  124  )
( -25  112  55  )
( -92  -93  -199  )
( -29  -139  77  )
( -2  62  -56  )
( -166  -18  -8  )
( 157  181  63  )
( -196  -68  -74  )
( -30  199  -43  )
( -194  -153  -189  )
( 111  76  -131  )
( -149  9  133  )
( -199  51  -176  )
( 9  122  171  )
( -149  -176  -26  )
( -27  -74  171  )
( 101  -145  31  )
( 56  37  -139  )
( -83  -101  82  )
( 52  145  81  )
( 61  -7  -35  )
( 57  97  -26  )
( -55  116  -194  )
( 60  -31  -35  )
( 178  167  -36  )
( -193  86  55  )
( -76  -153  -36  )
( 174  -35  182  )
( 116  109  -9  )
( 68  -6  -72  )
( -39  86  73  )
( -138  22  -29  )
( -81  115  66  )
( -82  8  142  )
( -52  -130  88  )
( -102  164  -70  )
( 63  32  -175  )
( 162  87  19  )
( -18  -16  48  )
( 183  102  68  )
( 117  102  -84  )
( 106  -138  -87  )
( -182  -153  96  )
( -23  169  -19  )
( -92  167  180  )
( 171  -81  149  )
( -90  33  -156  )
( 22  127  130  )
( 60  169  -142  )
( -114  156  -133  )
( 103  129  -47  )
( 189  9  14  )
( -24  -55  -148  )
( 158  102  79  )
( -26  -167  -172  )
( -104  -51  26  )
( 159  168  80  )
( 61  -159  -123  )
( 190  -94  7  )
( 23  -89  -185  )
( 51  27  -87  )
( 180  -58  177  )
( -54  -85  94  )
( 127  20  189  )
( 162  147  130  )
( 131  -197  87  )
( 121  19  -183  )
( -10  197  -31  )
( 80  -173  183  )
( 175  18  176  )
( 97  -123  -126  )
( -85  -131  68  )
( 62  -179  36  )
( 118  72  -32  )
( 180  -174  -83  )
( -167  117  -180  )
( -5  115  16  )
( -157  -172  108  )
( 192  -37  174  )
( 163  185  -13  )
( -34  186  154  )
( 12  31  111  )
( 57  122  35  )
( 33  6  74  )
( -114  187  -82  )
( -127  -144  -1  )
( 171  46  92  )
( 67  -181  -60  )
( -119  -78  87  )
( 102  35  -190  )
( -36  93  193  )
( 105  -162  12  )
( -20  -69  -108  )
( 62  3  -66  )
( -27  -41  -150  )
( -64  -128  34  )
( -160  -12  88  )
( -76  -170  172  )
( 68  -111  -95  )
( -151  -123  -135  )
( 163  137  115  )
( 47  -189  -70  )
( 54  195  -43  )
( -180  91  109  )
( -68  -72  -1  )
( -21  -41  -160  )
( 11  186  124  )
( 146  56  188  )
( 114  6  151  )
( -183  -159  176  )
( 136  60  57  )
( 138  188  -9  )
( 36  63  24  )
( -28  -6  -152  )
( -171  -60  -102  )
( 139  -39  -73  )
( 54  104  -40  )
( -49  -160  53  )
( 131  -45  -101  )
( 134  9  162  )
( -25  21  174  )
( 130  99  -25  )
( 90  -32  188  )
( -10  -101  -182  )
( 5  172  88  )
( -172  -140  -127  )
( 73  -160  195  )
( -174  33  -118  )
( -73  -199  71  )
( 78  165  -5  )
( 24  133  -43  )
( -110  132  97  )
( -169  -198  168  )
( -167  -15  158  )
( 187  163  120  )
( -173  69  185  )
( 77  -16  -166  )
( -143  -179  -11  )
( -119  -93  -15  )
( -178  -135  -18  )
( -81  116  -80  )
( -80  -72  105  )
( 66  140  162  )
( 130  -174  126  )
( -114  122  99  )
( 23  -34  61  )
( -62  25  194  )
( 168  -192  -111  )
( 6  -182  -58  )
( 119  104  60  )
( -40  -191  162  )
( -18  87  157  )
( -30  -179  165  )
( 192  48  -47  )
( -108  159  -96  )
( 177  135  -26  )
( 120  -24  -8  )
( -158  108  174  )
( -86  41  -23  )
( 60  -22  193  )
( 132  -73  -65  )
( 141  70  107  )
( 121  152  160  )
( 2  -96  -92  )
( 168  118  32  )
( -28  197  -182  )
( 147  189  144  )
( -145  -132  -144  )
( 176  -127  81  )
( 131  -9  -107  )
( -148  -190  75  )
( -91  133  -65  )
( 113  -195  -63  )
( -44  28  103  )
( -178  50  -101  )
( 0  -5  88  )
( 149  -191  48  )
( 3  -124  89  )
( -135  22  -61  )
( -96  -142  -176  )
( 103  -180  101  )
( 55  178  -106  )
( -156  -45  -85  )
( 79  -53  196  )
( 196  87  -101  )
( -124  74  12  )
( 60  72  -110  )
( 135  56  -173  )
( 13  12  -79  )
( 16  64  171  )
( -55  -181  140  )
( 84  133  159  )
( 168  57  -84  )
( 126  -29  32  )
( 187  -19  -163  )
( 16  142  40  )
( 23  136  111  )
( -151  100  -166  )
( 43  116  42  )
( 150  105  166  )
( 198  126  -90  )
( 72  73  -146  )
( 82  29  173  )
( 16  150  -159  )
( -21  -55  66  )
( 90  11  17  )
( -102  42  199  )
( 70  68  -122  )
( 74  -62  -42  )
( 73  -19  104  )
( -173  -193  147  )
( -140  -75  15  )
( 126  -161  -190  )
( 46  -13  118  )
( 89  -20  -65  )
( 6  123  106  )
( 36  -48  -193  )
( -21  82  50  )
( -91  -43  -172  )
( -82  -138  121  )
( 87  7  -55  )
( 18  -197  123  )
( 146  -161  18  )
( 12  -83  164  )
( 30  87  -156  )
( 158  -104  165  )
( -103  9  128  )
( 15  56  107  )
( -70  -84  90  )
( -78  -178  -96  )
( -62  -25  120  )
( 188  -112  -21  )
( 166  -49  117  )
( 106  -99  -70  )
( -188  -3  -173  )
( -54  189  -73  )
( -137  100  -169  )
( -147  -172  127  )
( 3  -156  190  )
( -119  -192  -92  )
( 70  -27  139  )
( 17  -107  128  )
( 22  -146  161  )
( -189  7  -3  )
( 124  -125  -36  )
( -197  -34  191  )
( -108  76  120  )
( 196  88  193  )
( 37  -168  -147  )
( 193  -105  -184  )
( 173  1  59  )
( 158  150  -131  )
( 4  -84  81  )
( 48  -190  -57  )
( -119  -28  153  )
( -189  81  -29  )
( -198  -113  -126  )
( 31  -169  80  )
( -198  69  61  )
( 162  161  -105  )
( 114  135  -0  )
( -161  -11  23  )
( -117  -88  -191  )
( 84  -132  190  )
( 4  198  -127  )
( 113  -161  -39  )
( -112  -137  121  )
( -163  -145  189  )
( -91  6  -116  )
( 4  -95  -194  )
( -149  -105  190  )
( 137  62  16  )
( -190  178  198  )
( -6  -130  -188  )
( -58  107  -73  )
( -91  -189  139  )
( -50  101  -112  )
( -190  164  13  )
( 101  -156  -53  )
( -83  119  70  )
( 10  185  56  )
( -119  -112  -100  )
( -196  54  -185  )
( 27  59  90  )
( -127  -43  -103  )
( -161  156  111  )
( 109  143  -26  )
( 57  -157  -163  )
( -17  110  -92  )
( -13  170  -65  )
( -148  -109  159  )
( 84  171  141  )
( 84  13  138  )
( -33  -36  -29  )
( 104  -77  145  )
( -145  135  33  )
( 77  41  174  )
( 140  147  -73  )
( -162  -25  -62  )
( 163  -146  158  )
( 91  -84  50  )
( -145  11  118  )
( 169  87  -56  )
( 75  -151  -11  )
( -135  -160  -99  )
( 143  110  -15  )
( 69  -130  -198  )
( 23  34  -51  )
( -25  98  -175  )
( -159  193  157  )
( -105  -60  101  )
( -38  155  119  )
( 158  -196  197  )
( -182  -95  -83  )
( -135  -20  -86  )
( -20  -108  28  )
( -130  -155  -67  )
( 54  53  118  )
( -126  156  56  )
( -89  -142  -108  )
( 115  -178  19  )
( 7  133  148  )
( -176  -18  124  )
( -184  40  -104  )
( -95  -14  152  )
( -99  2  128  )
( 183  11  -85  )
( 159  169  -180  )
( 180  -10  136  )
( -44  -156  66  )
( -164  -166  -197  )
( -120  -98  60  )
( 86  96  151  )
( 103  69  -149  )
( 150  -62  -165  )
( -113  -164  104  )
( -117  164  -174  )
( -13  62  148  )
( 22  5  185  )
( 83  155  -103  )
( 108  -168  -172  )
( -151  2  -61  )
( -67  -1  135  )
( -197  -30  162  )
( 1  -144  -136  )
( -73  29  -27  )
( -189  45  8  )
( -29  -134  64  )
( 65  -103  -109  )
( 87  -7  129  )
( -50  3  160  )
( 4  142  -110  )
( -66  11  168  )
( 18  73  36  )
( 28  177  -132  )
( -45  -40  8  )
( 0  155  -147  )
( 33  -121  171  )
( 14  -199  -136  )
( 71  -125  33  )
( -193  -82  4  )
( 5  -109  154  )
( -57  -36  -20  )
( 187  -174  -53  )
( 108  -65  22  )
( -90  149  -97  )
( 33  -68  -140  )
( 154  -67  -162  )
( -172  -102  -85  )
( 76  117  -116  )
( -30  -43  79  )
( -195  82  117  )
( -113  115  84  )
( -37  66  162  )
( -55  97  -144  )
( -163  -2  -185  )
( 127  -114  135  )
( 107  -71  -8  )
( 72  -125  -1  )
( 177  50  -61  )
( -196  108  160  )
( -112  106  51  )
( 142  -40  -70  )
( -82  62  -26  )
( 115  145  98  )
( 150  -98  59  )
( -64  164  -20  )
( -189  -5  -56  )
( 180  190  -170  )
( -160  -156  -130  )
( -187  -86  181  )
( 85  6  -178  )
( 2  -8  -188  )
( -102  29  63  )
( -193  -126  -113  )
( 114  189  -63  )
( -103  -164  49  )
( -92  -73  -75  )
( -108  7  -109  )
( 21  180  -116  )
( 139  47  -65  )
( 162  3  -118  )
( 159  -100  -22  )
( 45  164  93  )
( -193  -82  -191  )
( -8  156  -128  )
( 43  -22  -161  )
( 6  194  -146  )
( -140  26  -125  )
( -31  11  -175  )
( 93  -157  82  )
( -15  -191  86  )
( -99  53  59  )
( 81  -98  -194  )
( 138  181  155  )
( 177  -66  -123  )
( 126  -23  3  )
( 31  -40  189  )
( 29  11  -175  )
( 111  -13  77  )
( 132  168  165  )
( -81  70  -9  )
( 151  -10  -118  )
( -95  -60  114  )
( 192  113  82  )
( 164  187  -4  )
( 3  171  21  )
( 93  -72  -136  )
( -78  -107  46  )
( 194  133  -29  )
( 198  79  115  )
( -53  -106  -69  )
( 42  196  158  )
( 147  -88  80  )
( 174  20  164  )
( 89  42  85  )
( -99  -51  112  )
( -146  8  -197  )
( -22  -31  14  )
( 78  -65  74  )
( -172  -150  -124  )
( -149  163  22  )
( 36  78  -111  )
( -174  -96  -37  )
( 191  136  171  )
( -92  -9  -81  )
( -23  28  -84  )
( -91  20  94  )
( -109  177  151  )
( 174  197  -159  )
( 75  -100  -145  )
( 151  187  147  )
( -184  105  14  )
( 134  90  68  )
( 29  166  96  )
( -82  140  35  )
( -49  70  -46  )
( 198  -195  117  )
( -9  176  -192  )
( 57  -53  -66  )
( 34  191  -187  )
( 139  -79  16  )
( -44  -89  140  )
( 102  12  -107  )
( -93  187  -102  )
( 80  158  94  )
( 56  -81  22  )
( -140  -115  98  )
( 137  -97  -3  )
( 115  -34  -85  )
( -183  -12  -89  )
( 72  84  107  )
( -141  -73  -92  )
( 78  150  -137  )
( -163  -97  -101  )
( 93  191  -82  )
( 149  195  -61  )
( 143  -46  -173  )
( 107  101  198  )
( 15  -55  189  )
( -154  104  98  )
( 165  56  -150  )
( -57  48  94  )
( 177  -39  -169  )
( -60  -134  -110  )
( 46  43  113  )
( -28  -16  135  )
( -156  -46  -102  )
( -66  -124  -72  )
( -182  -3  33  )
( 172  103  -177  )
( 157  170  -86  )
( -3  -44  -132  )
( -52  142  32  )
( 153  -31  143  )
( -38  -151  -112  )
( -55  -35  129  )
( 50  -31  -27  )
( -40  -92  -25  )
( -80  -17  152  )
( -51  81  -194  )
( -93  55  -1  )
( 121  149  -150  )
( 168  90  17  )
( -176  -40  145  )
( -176  187  -99  )
( 116  -80  44  )
( -7  -130  -182  )
( 129  -74  -91  )
( 93  74  67  )
( 149  102  39  )
( 104  103  58  )
( 30  -32  35  )
( 44  -42  11  )
( 11  -129  -97  )
( -197  130  82  )
( -70  51  -36  )
( -45  -187  66  )
( -176  -114  25  )
( -39  -145  -167  )
( 62  -120  -191  )
( -1  191  39  )
( -44  174  102  )
( -178  -185  38  )
( 81  -163  124  )
( 66  111  62  )
( 110  -72  15  )
( -115  -157  128  )
( 146  135  -156  )
( 51  2  194  )
( -190  -4  -169  )
( -122  4  144  )
( 3  -58  -39  )
( -31  15  13  )
( -57  5  -19  )
( -64  -6  -56  )
( 90  -141  -102  )
( -187  75  189  )
( 46  175  -162  )
( 80  106  153  )
( -105  -27  38  )
( -20  167  1  )
( 159  113  -123  )
( 26  20  -62  )
( 83  -104  113  )
( 150  179  -73  )
( -39  -67  97  )
( -133  -128  -138  )
( 54  -130  107  )
( 24  -14  46  )
( 87  -24  -98  )
( -167  176  179  )
( -132  -195  -100  )
( -82  -186  -167  )
( 115  -155  -132  )
( -12  76  -146  )
( -162  128  -116  )
( 110  41  -140  )
( -161  -128  -149  )
( -80  -69  66  )
( -128  112  188  )
( 81  -164  31  )
( 119  171  -3  )
( 94  44  -21  )
( -90  124  -179  )
( 192  -135  -71  )
( -165  -20  -106  )
( 105  182  -108  )
( 127  147  -96  )
( 70  -44  -196  )
( -137  70  -29  )
( 17  199  24  )
( 128  -24  -28  )
( 51  117  -85  )
( -53  124  150  )
( 97  -43  -152  )
( 20  106  -193  )
( -32  74  -185  )
( 128  77  99  )
( 170  96  -196  )
( 118  -111  -6  )
( -133  103  96  )
( -94  -127  199  )
( -27  -48  -123  )
( -178  -3  19  )
( -93  -52  -138  )
( -175  -91  102  )
( -17  155  -108  )
( -1  -9  -41  )
( -155  89  -10  )
( 26  58  85  )
( -154  19  110  )
( -155  -12  171  )
( 36  -157  90  )
( -109  2  -147  )
( 133  -158  -192  )
( -107  -72  17  )
( -113  139  -13  )
( 7  141  113  )
( 57  -125  -197  )
( -196  -142  101  )
( -88  44  97  )
( 95  87  190  )
( -196  142  83  )
( -193  -71  -166  )
( 154  51  -90  )
( -90  138  125  )
( -84  47  187  )
( 192  97  -111  )
( 157  185  21  )
( -165  25  -154  )
( 72  -180  134  )
( 168  42  -53  )
( -164  -158  -99  )
( 10  -145  -56  )
( 20  -93  -31  )
( 50  -164  129  )
( 89  -5  10  )
( -10  138  139  )
( -126  -186  -167  )
( -39  74  -86  )
( 19  38  -170  )
( -17  -68  37  )
( -86  96  62  )
( 192  -143  74  )
( 38  -130  -104  )
( -67  71  -174  )
( -130  41  6  )
( -189  -86  -38  )
( -168  83  165  )
( 119  -90  -25  )
( -53  -106  99  )
( 107  -164  18  )
( 145  -4  -102  )
( -137  -162  -125  )
( 158  24  -10  )
( -103  20  140  )
( 61  -152  40  )
( 12  176  140  )
( 41  16  1  )
( 5  -194  13  )
( 115  -5  -73  )
( -177  30  -99  )
( 86  194  171  )
( -187  80  -55  )
( -146  137  141  )
( 48  -178  -67  )
( 6  -25  134  )
( 170  -185  193  )
( -129  -64  -65  )
( 51  158  1  )
( -24  118  8  )
( -89  188  93  )
( 116  93  126  )
( 125  -28  78  )
( -46  -134  96  )
( -75  20  192  )
( 61  81  -191  )
( -192  -76  149  )
( -6  -27  184  )
( -134  185  -195  )
( -194  1  -104  )
( -160  33  141  )
( -82  26  175  )
( -158  -104  -24  )
( 148  130  -92  )
( 185  -144  164  )
( 27  165  -109  )
( 33  -61  -98  )
( 108  -6  162  )
( 106  119  86  )
( -66  36  -183  )
( -113  169  132  )
( 63  -186  150  )
( 83  -197  -154  )
( -22  140  35  )
( -38  165  32  )
( 124  -44  -24  )
( 97  42  -70  )
( 167  173  -197  )
( 124  21  -82  )
( 12  146  -107  )
( -45  75  -153  )
( -183  66  180  )
( 166  199  119  )
( -8  52  -199  )
( 165  -121  -175  )
( -27  -86  17  )
( -90  86  -88  )
( 163  -15  -74  )
( 182  -141  156  )
( -168  -88  -32  )
( 165  -5  -139  )
( 184  -67  159  )
( -41  -143  120  )
( 50  -21  -34  )
( -178  43  97  )
( 3  186  -92  )
( 116  -56  -132  )
( -76  138  -95  )
( -119  150  -95  )
( 0  134  113  )
( -26  18  114  )
( -172  22  3  )
( -175  108  -86  )
( 1  -85  -19  )
( 21  -192  -84  )
( -114  142  140  )
( -5  -122  -193  )
( 84  92  -85  )
( 159  -77  156  )
( 134  -133  -111  )
( -122  168  31  )
( -80  -32  -74  )
( -66  -48  -77  )
( 100  -128  190  )
( -103  -45  -65  )
( -16  166  194  )
( 121  155  65  )
( -193  40  -102  )
( 127  -166  38  )
( -45  -102  150  )
( 107  -38  -112  )
( 121  -150  -74  )
( -158  195  38  )
( -32  -25  77  )
( 81  62  -83  )
( -69  -168  -54  )
( 91  80  -138  )
( -125  -173  -199  )
( 45  41  -81  )
( 194  -45  78  )
( 28  -97  -34  )
( 22  -58  -147  )
( -112  42  -169  )
( -18  -34  -192  )
( 46  -50  114  )
( 10  -142  -198  )
( 191  75  131  )
( 14  -27  43  )
( 70  -104  -111  )
( 14  62  -123  )
( -89  -3  -15  )
( 43  -174  33  )
( 60  -147  109  )
( 53  105  -7  )
( -173  -89  -149  )
( 64  -153  44  )
( -18  -49  -2  )
( 19  -145  -48  )
( -88  179  122  )
( 11  -83  -151  )
( -158  22  -122  )
( -114  84  128  )
( 195  -4  -132  )
( -72  -144  -168  )
( 94  154  166  )
( 39  197  71  )
( 64  28  84  )
( -152  46  -63  )
( 51  194  145  )
( 114  81  -79  )
( -142  123  -175  )
( 96  71  174  )
( -128  190  163  )
( 64  -80  -132  )
( 16  -150  104  )
( -70  -57  131  )
( 91  35  -180  )
( 5  -171  -124  )
( 149  -19  8  )
( -162  -127  37  )
( 156  11  -101  )
( 107  -185  51  )
( -163  57  71  )
( 105  42  -144  )
( 187  -106  -21  )
( -72  -155  176  )
( -146  -79  175  )
( -140  146  -53  )
( -164  182  44  )
( 4  50  -55  )
( 74  -194  152  )
( 117  37  -126  )
( -2  169  99  )
( -126  -87  -94  )
( 86  -78  36  )
( -183  94  -46  )
( 190  84  177  )
( -142  181  103  )
( -148  -167  38  )
( 163  -132  -128  )
( -1  109  -68  )
( 119  151  -98  )
( -89  143  -184  )
( 68  -6  -25  )
( -15  -154  23  )
( -113  -96  140  )
( 129  -179  63  )
( -137  73  -82  )
( -24  -135  38  )
( -195  29  -123  )
( -48  77  10  )
( 30  -22  -198  )
( -46  -196  -36  )
( -64  138  -87  )
( -39  166  74  )
