( 173  -30  0  )
( 168  9  129  )
( -17  -48  78  )
( 121  -49  -88  )
( -91  -82  -83  )
( 27  -56  -26  )
( 127  -195  140  )
( -142  -191  -109  )
( -134  -116  -155  )
( -3  52  63  )
( 12  -168  -6  )
( -156  65  85  )
( -125  -57  197  )
( 174  -138  163  )
( 116  51  122  )
( -3  -30  79  )
( -187  150  -8  )
( 146  -5  -163  )
( -65  117  90  )
( -74  -33  29  )
( -197  137  -59  )
( 159  75  17  )
( -24  -36  70  )
( 115  -155  71  )
( 140  58  18  )
( -126  112  -70  )
( 38  96  -197  )
( -143  -135  -136  )
( 21  -95  173  )
( 148  -65  -1  )
( -132  -99  52  )
( 193  139  -82  )
( 15  27  34  )
( 164  80  39  )
( -161  -55  -74  )
( 58  3  -83  )
( -149  19  31  )
( -51  164  18  )
( 48  154  143  )
( 77  28  -123  )
( 61  48  96  )
( 184  122  145  )
( 2  69  -4  )
( 74  -58  -168  )
( -177  -63  110  )
( 146  36  -77  )
( 175  112  8  )
( 94  176  -60  )
( -114  -99  -95  )
( 114  197  80  )
( -102  -47  -169  )
( 119  62  -164  )
( -142  177  133  )
( 2  176  -119  )
( 119  -129  -54  )
( 196  -179  -110  )
( -56  -73  -40  )
( 196  -35  -190  )
( 14  188  -170  )
( -31  21  167  )
( -21  -83  190  )
( -170  60  196  )
( -188  -31  -24  )
( 136  23  74  )
( -162  188  81  )
( -112  -107  -119  )
( -13  9  -194  )
( -94  43  61  )
( 157  102  -114  )
( 183  156  -138  )
( -53  -175  106  )
( -77  161  139  )
( -19  164  -179  )
( -125  187  183  )
( 53  122  -194  )
( -168  -171  130  )
( 175  -148  184  )
( 161  154  172  )
( 183  -21  58  )
( -105  -199  -119  )
( 176  -157  -151  )
( -110  -118  -177  )
( -165  88  -41  )
( -17  99  156  )
( -2  -21  -30  )
( -198  79  86  )
( -54  -112  -100  )
( 11  152  -112  )
( -190  116  -40  )
( 133  30  -122  )
( 74  116  52  )
( -99  -60  -58  )
( -193  178  -35  )
( -39  -54  124  )
( 61  137  194  )
( -186  -60  -176  )
( 175  -85  -162  )
( 161  -73  -88  )
( 125  -120  199  )
( 188  157  38  )
( 63  -75  -115  )
( -68  -92  -27  )
( 55  -141  140  )
( -127  138  -177  )
( 31  -111  82  )
( 4  -138  -188  )
( 4  -72  15  )
( 12  -121  -184  )
( -167  12  -30  )
( 43  164  22  )
( -27  157  -150  )
( 159  152  -131  )
( -96  32  -91  )
( -161  85  34  )
( -77  -114  197  )
( -53  -184  155  )
( 172  78  145  )
( 49  -48  -145  )
( -59  -142  -32  )
( -72  -104  -78  )
( -184  153  128  )
( -151  -116  70  )
( 76  41  -58  )
( -82  -68  141  )
( -17  -149  145  )
( -59  185  -40  )
( 195  100  -0  )
( -57  -174  -5  )
( -140  160  -121  )
( -129  -18  -17  )
( 135  -27  -151  )
( 114  153  176  )
( 146  173  -72  )
( 99  93  28  )
( 58  33  -163  )
( -161  23  150  )
( -24  -70  -126  )
( 61  177  196  )
( -132  -106  -87  )
( -37  -11  18  )
( 82  95  -182  )
( 151  8  -7  )
( -26  -77  -165  )
( -120  37  46  )
( -103  -80  108  )
( 151  65  -147  )
( -78  -142  22  )
( 46  -28  162  )
( -159  -110  -160  )
( 59  75  -54  )
( 140  105  151  )
( 80  -127  108  )
( -99  128  -138  )
( -181  -86  -62  )
( -70  -105  113  )
( -108  170  -23  )
( 112  46  37  )
( 142  -43  -66  )
( 58  -149  -117  )
( 4  -103  -197  )
( -74  -191  76  )
( 75  163  128  )
( 73  159  -149  )
( 66  -159  -99  )
( -103  5  21  )
( 39  164  -169  )
( 79  44  -62  )
( -183  162  125  )
( 190  -171  1  )
( -146  -148  -144  )
( -41  -145  106  )
( -126  184  80  )
( 155  -84  -91  )
( -73  -102  150  )
( 100  -181  102  )
( -156  -134  196  )
( -33  78  24  )
( 61  134  45  )
( 39  -41  -163  )
( -174  67  -118  )
( 146  37  -126  )
( 46  -115  76  )
( -115  155  171  )
( -38  -162  -2  )
( 163  132  1  )
( -137  181  169  )
( -176  -193  -130  )
( -113  -100  199  )
( 63  -163  143  )
( -95  1  -10  )
( -101  -106  13  )
( 168  4  -192  )
( -63  32  69  )
( -171  66  -140  )
( -70  -24  -135  )
( 43  -41  44  )
( 138  -144  44  )
( 172  -18  -125  )
( -167  -87  -22  )
( 108  176  -95  )
( -79  1  -8  )
( 62  -92  -17  )
( 98  164  -133  )
( -165  -150  -4  )
( 43  76  110  )
( -102  -78  116  )
( 133  109  13  )
( 182  30  65  )
( 152  -13  103  )
( -34  46  -98  )
( -57  -69  18  )
( 178  -9  -179  )
( 40  95  187  )
( -61  73  -145  )
( -72  18  -30  )
( -28  164  119  )
( -19  161  -7  )
( -183  89  75  )
( -52  -58  -188  )
( -155  -72  -119  )
( -41  26  -107  )
( -111  -34  -142  )
( -137  -49  168  )
( -182  62  72  )
( 93  -79  -137  )
( -141  64  -24  )
( 76  21  171  )
( 80  -184  5  )
( 8  -116  -83  )
( 94  -7  -106  )
( 21  8  -40  )
( -166  -23  88  )
( 125  -46  76  )
( 28  -186  67  )
( -96  -87  185  )
( -58  -111  -41  )
( -142  34  -110  )
( 128  90  -57  )
( 3  -159  83  )
( -7  -11  -123  )
( 156  -95  -197  )
( 129  95  160  )
( 85  164  -13  )
( 51  -193  -72  )
( -37  35  136  )
( 36  -116  53  )
( 121  -187  -74  )
( -64  74  -119  )
( 79  58  93  )
( 55  -178  170  )
( -144  -95  102  )
( 17  46  125  )
( 36  -152  -94  )
( -178  -27  107  )
( -116  2  -150  )
( 123  -181  23  )
( -6  117  -85  )
( -40  39  189  )
( 61  32  2  )
( -107  -128  34  )
( -138  -18  122  )
( -169  39  95  )
( -176  150  80  )
( 61  -154  113  )
( -25  55  115  )
( 51  35  185  )
( 3  88  -105  )
( -160  94  -93  )
( 173  -93  -158  )
( -187  -67  -22  )
( 99  -112  12  )
( 31  17  171  )
( 160  -114  186  )
( -29  113  52  )
( 36  -11  113  )
( 61  -65  -21  )
( 46  14  135  )
( -78  -131  142  )
( 194  47  -11  )
( 11  -187  32  )
( -198  -10  -62  )
( 30  -87  171  )
( 124  -185  8  )
( -165  134  63  )
( 15  -66  -189  )
( 184  189  -85  )
( -77  112  157  )
( 192  94  142  )
( -143  56  -182  )
( 73  -192  185  )
( 135  116  134  )
( 66  -0  -111  )
( -85  -163  -28  )
( -150  -96  39  )
( -182  -43  -148  )
( -74  -65  -139  )
( 177  1  93  )
( 69  -179  -93  )
( 120  -146  -88  )
( 181  -109  -105  )
( -96  141  110  )
( 36  -80  15  )
( 105  74  -160  )
( -196  -11  175  )
( -40  -30  119  )
( -111  -59  158  )
( 99  -160  31  )
( -99  170  10  )
( 114  -74  91  )
( 164  25  94  )
( 91  62  -33  )
( 126  103  168  )
( 136  -147  68  )
( 52  -37  -189  )
( 172  41  -190  )
( 5  -85  36  )
( -96  -164  0  )
( 4  55  -24  )
( -82  161  -4  )
( 196  84  -96  )
( -78  -146  30  )
( -73  99  -116  )
( 126  195  104  )
( 73  -191  -115  )
( 190  -61  122  )
( 178  2  181  )
( -17  -139  131  )
( -122  14  45  )
( -135  -174  -143  )
( 80  -194  77  )
( 139  -158  -136  )
( 36  185  140  )
( 87  -61  -155  )
( 182  75  186  )
( -15  -47  -16  )
( -92  -31  39  )
( 1  -3  -198  )
( -110  -115  -199  )
( 29  4  67  )
( 100  -103  -45  )
( -94  69  -100  )
( 119  -69  -179  )
( -182  -53  13  )
( 143  150  34  )
( -177  44  -143  )
( 181  40  73  )
( 83  -188  -194  )
( -168  78  -184  )
( 56  -192  75  )
( -191  -27  -37  )
( -151  -166  193  )
( 78  -75  56  )
( -125  150  3  )
( 33  132  196  )
( 122  77  -144  )
( 45  130  46  )
( -72  -40  -85  )
( 186  134  -17  )
( -175  -0  53  )
( 47  -132  -96  )
( -197  -2  -162  )
( 17  -193  120  )
( -37  158  45  )
( 29  -20  -72  )
( -49  129  -64  )
( 88  72  114  )
( 159  -113  173  )
( 112  -33  -18  )
( -118  18  25  )
( 54  -132  -133  )
( 73  91  143  )
( -20  106  113  )
( -27  -1  15  )
( -194  119  -94  )
( 187  2  26  )
( -23  -63  11  )
( -3  -135  186  )
( -159  52  1  )
( 74  192  73  )
( -68  -166  139  )
( -122  80  -121  )
( -192  -79  198  )
( -64  49  -108  )
( -111  -182  191  )
( -19  144  111  )
( 25  119  135  )
( -173  -24  125  )
( -142  -13  -8  )
( -85  -39  160  )
( -154  -34  -199  )
( -89  -91  121  )
( 88  -169  -25  )
( 51  170  -109  )
( -60  72  -107  )
( -69  -191  22  )
( -47  -143  117  )
( -124  -145  5  )
( -4  -78  146  )
( -34  -89  153  )
( 99  -185  -131  )
( -16  -48  73  )
( -52  38  -95  )
( 159  56  148  )
( 9  78  -110  )
( 64  -177  103  )
( 67  145  -106  )
( -52  -36  -51  )
( -38  -64  124  )
( -160  -53  80  )
( 23  -41  -185  )
( -126  180  74  )
( -147  -37  -26  )
( -193  -40  141  )
( 179  19  -96  )
( 163  197  24  )
( 107  -94  -102  )
( -93  -116  38  )
( 160  -151  106  )
( 73  16  -33  )
( -149  -160  -155  )
( 58  7  34  )
( 193  66  186  )
( -194  -40  -41  )
( 28  -10  103  )
( -17  195  -189  )
( -137  -35  75  )
( -172  -189  -108  )
( 186  -162  -40  )
( 74  -78  1  )
( -146  -192  -113  )
( 98  -30  -18  )
( 197  188  -68  )
( -96  -191  145  )
( -176  -172  -43  )
( -55  -145  -108  )
( -0  -149  -70  )
( -105  -77  -28  )
( -63  -113  -49  )
( 162  80  48  )
( 185  75  -43  )
( -97  29  73  )
( -165  -140  -60  )
( 167  -85  -95  )
( -65  -53  88  )
( 71  62  -110  )
( 27  75  134  )
( -35  -85  71  )
( 112  186  128  )
( 93  -118  197  )
( 156  83  78  )
( -49  -125  -88  )
( 146  138  -24  )
( -147  39  56  )
( -6  145  -108  )
( 83  -123  189  )
( 121  -142  -182  )
( 199  74  -113  )
( 167  73  0  )
( 125  -75  44  )
( 46  48  8  )
( -194  165  138  )
( -5  162  111  )
( 145  59  -181  )
( 150  -101  90  )
( 58  98  -133  )
( 78  -153  -187  )
( -49  -97  8  )
( -48  -129  -168  )
( 135  -94  -63  )
( -199  -180  67  )
( -152  -29  -154  )
( 31  -88  -78  )
( -71  -190  189  )
( 197  -33  114  )
( 81  34  -14  )
( 37  -72  -123  )
( 76  143  129  )
( -116  49  27  )
( -192  155  -16  )
( 89  -6  189  )
( 130  -189  -161  )
( -127  188  -86  )
( 55  25  121  )
( 38  -2  51  )
( -50  99  140  )
( 158  86  95  )
( -44  -164  62  )
( -61  -137  88  )
( -21  184  63  )
( -148  -194  18  )
( -125  101  -193  )
( 16  106  6  )
( -117  186  46  )
( 123  -132  58  )
( -152  -14  26  )
( 190  -13  -26  )
( -114  27  79  )
( -167  5  67  )
( -43  -163  38  )
( 7  -41  -48  )
( -175  74  -32  )
( 95  -83  -174  )
( 138  11  8  )
( -21  -153  12  )
( 111  116  -24  )
( -99  -41  23  )
( 92  106  40  )
( -111  174  -132  )
( -120  102  110  )
( -133  -41  27  )
( 144  -88  132  )
( 55  -67  79  )
( -58  -59  -0  )
( 145  131  -190  )
( 191  71  -143  )
( 111  -160  -14  )
( 66  -185  -40  )
( 19  18  -30  )
( 67  133  35  )
( 38  -17  52  )
( 193  -15  157  )
( 89  -95  96  )
( 138  186  40  )
( 109  -136  0  )
( 33  64  -54  )
( -80  98  16  )
( 184  78  68  )
( 134  -191  -9  )
( 185  26  -190  )
( -172  100  72  )
( -116  -90  137  )
( 101  88  -23  )
( 158  -104  -119  )
( -155  55  -105  )
( 141  189  76  )
( 161  184  92  )
( -190  188  163  )
( -25  61  108  )
( -115  140  -161  )
( -187  -170  69  )
( -7  -151  -195  )
( -191  -134  -7  )
( 148  -21  25  )
( 40  -149  -30  )
( 71  78  183  )
( -140  -86  175  )
( -115  -9  106  )
( 41  -4  -98  )
( 190  -164  129  )
( -132  133  -186  )
( -121  -117  166  )
( 170  -0  47  )
( -90  -3  97  )
( -178  9  -0  )
( -170  -116  192  )
( -115  -47  52  )
( -25  56  -199  )
( -110  -162  72  )
( -78  -86  152  )
( 180  -95  43  )
( 21  15  76  )
( 144  169  99  )
( -21  196  -195  )
( 134  120  169  )
( 115  62  -139  )
( 106  -69  77  )
( 24  157  71  )
( -164  174  -18  )
( 2  7  -39  )
( 11  -96  188  )
( 129  78  -42  )
( 157  30  -61  )
( 84  177  -50  )
( 73  169  15  )
( 174  23  -183  )
( 3  17  -145  )
( -139  130  -192  )
( 2  37  21  )
( 199  -73  -183  )
( 169  -118  -12  )
( 15  -38  -182  )
( -90  -68  88  )
( -111  -157  -120  )
( 75  -21  187  )
( 94  -178  138  )
( 141  -125  106  )
( 43  -86  37  )
( -154  68  186  )
( -132  152  14  )
( -188  169  -26  )
( 198  7  -92  )
( 192  -8  73  )
( -85  -2  -129  )
( -41  -68  -76  )
( -169  -49  26  )
( -65  172  189  )
( 120  -31  -15  )
( -17  -41  35  )
( -123  -192  -70  )
( -13  103  36  )
( 197  94  32  )
( -22  -65  -27  )
( 193  197  -57  )
( 171  -23  -106  )
( -116  155  -121  )
( -6  -40  35  )
( 169  90  98  )
( 144  -24  29  )
( 176  105  98  )
( 157  -192  -121  )
( -30  138  174  )
( 153  -123  -149  )
( -159  -13  149  )
( 42  -74  -149  )
( -45  -181  50  )
( -185  -12  -160  )
( 76  39  52  )
( -174  176  92  )
( -175  80  -79  )
( -118  -115  -75  )
( 50  -193  -110  )
( -139  -58  -50  )
( -108  90  -107  )
( -141  193  62  )
( 117  157  37  )
( 54  3  118  )
( 21  -174  80  )
( -69  149  -61  )
( 91  115  -126  )
( 43  25  18  )
( -19  86  -156  )
( -7  114  156  )
( -184  191  -95  )
( 113  -158  -91  )
( 192  191  43  )
( -144  121  -193  )
( -186  -2  115  )
( 55  16  6  )
( -26  30  -97  )
( -102  -120  -128  )
( 3  149  94  )
( 0  152  -95  )
( 55  37  144  )
( -117  -157  -102  )
( 17  189  164  )
( 101  -133  -148  )
( 24  120  -34  )
( 83  -185  11  )
( 116  91  16  )
( 143  -54  39  )
( 51  -199  170  )
( -9  67  -40  )
( -187  182  99  )
( 117  166  -159  )
( -107  -177  -147  )
( -189  -119  -101  )
( -40  -22  -159  )
( 89  73  125  )
( 56  -19  24  )
( 103  26  -70  )
( -9  98  -151  )
( 72  -185  -48  )
( 162  128  -24  )
( 13  -115  -147  )
( -39  -127  89  )
( -140  152  50  )
( -163  -137  19  )
( -143  -162  140  )
( -101  42  172  )
( -15  -130  118  )
( -187  -139  -22  )
( -11  71  -63  )
( -187  66  -119  )
( -44  -151  97  )
( -14  116  13  )
( 53  194  -183  )
( -184  -43  29  )
( 109  41  129  )
( -36  -143  -136  )
( 171  187  41  )
( -41  -151  -172  )
( -106  -141  -66  )
( -79  -111  86  )
( 113  185  -43  )
( 99  -160  141  )
( 31  47  82  )
( 28  -114  198  )
( -163  140  68  )
( -182  -93  99  )
( -172  -95  -42  )
( -69  -42  -116  )
( 151  -42  119  )
( 146  80  46  )
( -197  59  -98  )
( -123  32  27  )
( 9  -18  -195  )
( 185  9  -130  )
( 148  -113  10  )
( 79  128  19  )
( -0  -22  -55  )
( 61  -81  13  )
( -70  -130  51  )
( -115  12  -137  )
( 177  91  0  )
( -197  -103  -45  )
( 79  -142  174  )
( -36  -30  171  )
( 46  -109  17  )
( -52  197  -104  )
( 65  92  35  )
( -192  -116  188  )
( -72  -13  46  )
( 141  85  -29  )
( -146  -43  -138  )
( 162  29  -73  )
( -190  18  -192  )
( -92  63  -102  )
( 13  -4  135  )
( 31  146  -38  )
( 44  67  11  )
( -162  -88  -100  )
( 5  25  188  )
( 169  -24  97  )
( 4  109  152  )
( 194  37  189  )
( 87  138  63  )
( -156  -138  181  )
( 24  65  -77  )
( -33  -182  88  )
( 78  -105  186  )
( 160  65  -150  )
( -4  -195  -0  )
( -88  -149  -48  )
( -1  150  91  )
( 37  -77  189  )
( 116  192  -160  )
( -175  -130  -120  )
( -3  28  -87  )
( 24  147  -21  )
( -114  -55  -75  )
( 89  -171  33  )
( -37  -59  -38  )
( 159  -187  -107  )
( 40  -102  -177  )
( -193  -32  -59  )
( -81  -180  142  )
( 193  56  136  )
( 63  -59  -114  )
( -190  14  156  )
( -193  165  -132  )
( -187  53  148  )
( 85  120  3  )
( 51  86  -176  )
( -18  -172  30  )
( -163  -176  -34  )
( 114  199  -126  )
( -64  118  -179  )
( 26  -194  -142  )
( 83  95  -7  )
( 131  -83  -20  )
( -197  -185  -186  )
( -123  166  -187  )
( -96  115  -141  )
( -141  -57  -193  )
( -5  121  107  )
( 90  120  -148  )
( -40  -18  65  )
( 112  73  -123  )
( 138  -118  -83  )
( 188  34  -153  )
( 99  -165  -177  )
( -93  40  177  )
( -18  -41  80  )
( 161  -139  -197  )
( -43  -42  -154  )
( 38  23  -65  )
( 33  2  16  )
( -137  98  123  )
( 90  -73  185  )
( 81  161  54  )
( -29  197  24  )
( 136  -112  5  )
( 153  172  -71  )
( 176  -70  -175  )
( 57  -171  -47  )
( 183  -186  -199  )
( -85  -117  99  )
( 93  88  75  )
( -43  -105  194  )
( 183  11  10  )
( 6  180  85  )
( 156  -153  99  )
( 194  -103  -93  )
( 44  -90  -76  )
( 17  144  -41  )
( 143  -178  -107  )
( 41  181  196  )
( 180  -8  72  )
( -94  121  -50  )
( 195  -63  84  )
( -135  -189  -70  )
( -161  129  -50  )
( -61  -120  88  )
( 136  -153  -163  )
( 161  34  143  )
( -139  -100  114  )
( 65  191  197  )
( -105  99  47  )
( -176  -99  82  )
( 170  111  -60  )
( 81  177  96  )
( -171  -155  59  )
( 78  -52  -122  )
( -178  -39  188  )
( -185  134  93  )
( 163  -128  122  )
( -137  77  -148  )
( -53  45  8  )
( 68  100  35  )
( -109  -35  156  )
( -90  111  -42  )
( -0  -78  195  )
( -67  -62  199  )
( 131  -7  167  )
( 77  104  -173  )
( -56  -9  128  )
( 36  191  64  )
( -65  -14  54  )
( -90  138  -92  )
( 52  34  108  )
( -73  -114  40  )
( -84  1  -130  )
( -8  35  94  )
( 189  191  -169  )
( 2  -181  177  )
( -47  -125  10  )
( -190  14  -144  )
( 55  164  46  )
( -96  99  157  )
( -171  -14  52  )
( 197  25  17  )
( -176  -195  12  )
( 43  -107  80  )
( 194  -148  -48  )
( -163  -168  -45  )
( -23  143  -141  )
( -0  132  -144  )
( -85  152  -57  )
( -169  58  159  )
( -65  29  139  )
( -67  -32  61  )
( 147  161  -31  )
( 179  -20  145  )
( 192  131  196  )
