( 104  -119  -186  )
( -60  -57  -107  )
( 41  198  -61  )
( 90  -151  -11  )
( 17  149  -21  )
( 97  165  -67  )
( 41  13  8  )
( -136  -89  -51  )
( -90  -17  82  )
( 64  198  144  )
( -75  -117  129  )
( 66  121  -185  )
( 22  39  47  )
( -28  0  -164  )
( 140  7  -89  )
( 12  -191  164  )
( 25  37  -64  )
( -191  -70  -7  )
( -56  18  -185  )
( -95  44  -12  )
( 56  -146  -85  )
( 85  56  -131  )
( -129  -106  -132  )
( 137  198  -147  )
( 7  63  187  )
( -82  -75  -86  )
( 58  122  -176  )
( -115  -152  123  )
( 16  -168  -136  )
( 189  -8  -159  )
( -47  -41  -61  )
( 120  192  -25  )
( 63  18  84  )
( -109  151  -30  )
( 73  -138  126  )
( 81  60  -22  )
( -85  -180  105  )
( 107  103  52  )
( -62  89  183  )
( -62  -129  5  )
( 175  -129  4  )
( 160  131  137  )
( 169  164  -76  )
( -95  -138  -191  )
( -113  -64  5  )
( -83  77  186  )
( -21  105  -81  )
( -180  115  -144  )
( -98  198  72  )
( 97  185  -189  )
( 138  -174  29  )
( -7  69  149  )
( 38  73  12  )
( -32  151  116  )
( -49  -80  164  )
( 168  93  107  )
( -125  -8  -15  )
( 116  -89  172  )
( 155  -129  -195  )
( -38  -163  -99  )
( 41  -138  -85  )
( 112  -71  -132  )
( -170  121  -115  )
( -35  56  9  )
( 136  -177  80  )
( -4  -196  -37  )
( 77  -34  -18  )
( -103  -194  -39  )
( -162  58  10  )
( 0  15  99  )
( 158  -191  155  )
( 143  -145  4  )
( -181  -7  -93  )
( 74  -148  51  )
( -149  169  21  )
( 64  18  -147  )
( 8  -58  -83  )
( 195  -26  -181  )
( 185  118  2  )
( -54  -100  -175  )
( -190  -42  57  )
( 178  -104  157  )
( 134  -79  195  )
( 74  -101  194  )
( -104  -193  91  )
( 193  197  117  )
( -12  55  128  )
( 124  -158  28  )
( 6  41  -139  )
( 48  157  -172  )
( -96  177  2  )
( -164  113  -111  )
( 112  -114  -147  )
( 70  38  41  )
( -43  36  -176  )
( 48  -54  182  )
( -70  -114  59  )
( -51  23  -197  )
( 171  138  -168  )
( 71  -172  -40  )
( -39  -111  -7  )
( -182  36  -34  )
( 177  -139  85  )
( -157  -189  113  )
( 48  52  141  )
( 80  56  -162  )
( 15  -71  153  )
( 151  -149  -6  )
( 15  171  -90  )
( 29  -21  98  )
( -77  46  136  )
( 81  -156  -51  )
( -79  -193  -7  )
( 41  58  -145  )
( 121  22  -156  )
( 186  -144  -14  )
( 79  -165  41  )
( 6  -155  146  )
( 37  163  94  )
( 99  -112  133  )
( 136  -8  -19  )
( 96  150  -157  )
( -126  62  -39  )
( -110  -198  -138  )
( -31  182  -152  )
( -20  147  -112  )
( 122  -140  -177  )
( 5  49  -175  )
( -160  -180  67  )
( 172  15  38  )
( 118  -100  57  )
( 70  -165  -20  )
( -71  82  -103  )
( -76  23  -123  )
( -176  -110  83  )
( 177  199  -17  )
( -9  73  -185  )
( 86  26  -51  )
( -174  -13  150  )
( 65  125  57  )
( -85  177  73  )
( 112  -10  -7  )
( -164  -127  71  )
( -9  -2  -171  )
( 116  -67  169  )
( 27  34  -191  )
( -138  2  169  )
( -104  -87  128  )
( 52  38  62  )
( -78  -67  -134  )
( 98  -145  46  )
( -126  60  103  )
( -38  68  34  )
( 94  -192  -134  )
( -31  -3  -94  )
( -176  149  -103  )
( 21  -103  -136  )
( -100  -37  -129  )
( -27  -124  197  )
( 74  121  -164  )
( 157  -103  91  )
( -76  31  33  )
( 71  127  152  )
( 155  189  -127  )
( 20  -65  99  )
( -162  -175  -165  )
( 139  -108  92  )
( -134  -121  -38  )
( 85  -146  108  )
( 42  -126  86  )
( 96  -62  -104  )
( -124  -47  28  )
( 62  39  45  )
( -168  119  125  )
( -29  -12  -103  )
( -128  -170  166  )
( -113  81  -180  )
( 22  158  -115  )
( 146  -143  67  )
( 183  75  66  )
( 174  149  -193  )
( -132  -122  102  )
( -89  -163  4  )
( -148  153  -76  )
( 128  11  -21  )
( -154  -111  -29  )
( 95  84  9  )
( -175  63  -115  )
( -180  -195  -185  )
( 13  109  35  )
( 197  -51  -191  )
( -27  -165  -196  )
( 66  -134  -17  )
( 73  -91  173  )
( -183  93  23  )
( 62  -9  -25  )
( -85  -189  145  )
( -76  107  179  )
( 191  142  122  )
( 113  194  -2  )
( 151  199  -98  )
( -158  -138  53  )
( 89  -40  36  )
( 54  42  -37  )
( 120  -17  147  )
( -134  -170  -49  )
( -148  -13  19  )
( -176  -38  -195  )
( -159  33  62  )
( -81  25  -143  )
( 194  193  -66  )
( -171  125  -106  )
( -40  5  56  )
( -21  75  -160  )
( -183  -61  -79  )
( 135  84  14  )
( 177  -53  120  )
( -155  140  -20  )
( 112  87  -2  )
( -195  176  140  )
( 128  91  172  )
( 135  -117  -77  )
( 162  -0  -19  )
( 56  67  -156  )
( -193  -86  -182  )
( -199  -172  31  )
( -6  81  -115  )
( 134  -55  -148  )
( 6  163  137  )
( -125  24  -33  )
( -176  52  132  )
( 36  41  84  )
( 143  -59  -13  )
( -34  -153  56  )
( 14  -88  86  )
( -126  149  -7  )
( 95  199  -2  )
( -179  99  -36  )
( 31  -83  -110  )
( -179  26  -112  )
( 44  188  92  )
( -63  -124  -152  )
( -87  -64  -144  )
( 85  -12  29  )
( 170  145  112  )
( 44  -105  -185  )
( 171  131  166  )
( 179  -13  63  )
( -7  -82  69  )
( 80  21  -153  )
( -112  135  -171  )
( -97  96  53  )
( -93  -145  72  )
( 130  111  -17  )
( 29  43  1  )
( -172  -121  -43  )
( 68  147  -123  )
( -61  -148  23  )
( -96  -57  -41  )
( 11  -181  28  )
( 108  -75  -180  )
( -64  107  132  )
( 85  -125  -87  )
( -45  -151  104  )
( -131  103  63  )
( -42  108  -56  )
( 73  53  -88  )
( -126  -42  198  )
( 154  55  57  )
( -86  77  150  )
( -36  93  -53  )
( 14  -156  -141  )
( -93  -58  -91  )
( -51  135  -93  )
( 58  -131  -79  )
( -20  -90  101  )
( 30  107  197  )
( 20  -75  25  )
( -103  -0  84  )
( 75  -50  195  )
( 83  -47  10  )
( 10  91  82  )
( 28  -72  185  )
( 180  112  41  )
( 133  -99  -56  )
( 8  -191  -40  )
( 150  -123  -161  )
( 42  -149  108  )
( 71  -114  120  )
( -24  -51  -153  )
( 38  194  139  )
( 26  64  100  )
( 129  -168  -57  )
( -58  104  67  )
( 38  24  -85  )
( 156  -92  181  )
( -141  -4  -6  )
( 105  58  -134  )
( -54  -13  -28  )
( -12  55  11  )
( -68  -50  167  )
( -170  -73  89  )
( 8  -11  63  )
( -192  -4  0  )
( -80  28  58  )
( -107  54  17  )
( 122  170  46  )
( 10  -119  -176  )
( -95  -27  -181  )
( -62  -114  129  )
( -11  124  181  )
( 109  -146  128  )
( 118  3  -124  )
( -184  139  136  )
( -9  195  131  )
( 14  17  -144  )
( 38  115  -178  )
( -125  -139  -0  )
( -87  56  -107  )
( -17  9  -91  )
( 29  -160  3  )
( 152  1  134  )
( -24  53  -164  )
( 113  68  -112  )
( 166  -151  -69  )
( 88  -163  -138  )
( -76  -136  124  )
( 35  73  -199  )
( 23  131  15  )
( -99  -43  149  )
( 54  127  -77  )
( -151  171  18  )
( -47  190  37  )
( 132  175  -103  )
( -20  -160  113  )
( -114  144  -12  )
( 80  -135  164  )
( -91  -29  7  )
( 141  19  -90  )
( 170  195  120  )
( -123  101  184  )
( 101  -122  -41  )
( -62  -5  65  )
( 97  -93  -49  )
( -54  -119  79  )
( 84  8  -155  )
( -196  138  108  )
( 159  9  -177  )
( 82  -54  -123  )
( -195  157  -90  )
( 162  -5  -130  )
( -80  -90  99  )
( 24  175  -51  )
( 82  194  -189  )
( -130  -121  163  )
( 188  161  -179  )
( 193  -175  128  )
( -20  154  -199  )
( 67  52  -10  )
( -191  69  98  )
( 35  162  67  )
( -117  -153  -116  )
( 197  -159  -171  )
( -7  -81  -38  )
( 45  126  157  )
( 61  100  -114  )
( 98  -141  42  )
( -179  -190  67  )
( 171  161  -102  )
( 111  -59  -18  )
( -127  73  197  )
( -116  -173  -124  )
( 8  -51  -3  )
( -55  193  -176  )
( -74  -145  18  )
( 168  -57  139  )
( 81  85  -196  )
( 1  -151  114  )
( -194  177  -128  )
( -101  -79  169  )
( -85  -94  -154  )
( 184  115  7  )
( -120  -4  101  )
( 134  -193  -113  )
( 113  180  147  )
( 13  20  92  )
( -67  52  -168  )
( 151  -98  -173  )
( 1  -105  -113  )
( 138  58  -123  )
( 71  -6  -29  )
( -173  -92  -87  )
( 51  -152  -118  )
( 117  22  38  )
( -133  -75  19  )
( -150  1  -73  )
( 92  -104  198  )
( 23  182  -68  )
( -118  37  -28  )
( 57  33  -39  )
( -113  3  136  )
( -116  -57  122  )
( -84  -123  94  )
( -100  -45  47  )
( 141  -84  0  )
( -78  -62  157  )
( -181  110  174  )
( -198  -52  18  )
( -63  81  -176  )
( -122  77  8  )
( -21  -107  86  )
( -133  -7  191  )
( 29  0  -128  )
( 191  167  116  )
( 156  -173  119  )
( -23  96  149  )
( -123  164  174  )
( 46  -50  -33  )
( -11  -192  60  )
( 16  -6  7  )
( -39  106  120  )
( -31  57  164  )
( -160  120  93  )
( -91  -142  137  )
( 177  81  -18  )
( -41  42  -170  )
( -117  76  98  )
( -129  -113  173  )
( -20  121  -30  )
( 144  136  30  )
( 105  -39  -129  )
( -6  -56  42  )
( -72  76  144  )
( -131  111  -161  )
( -66  -96  -98  )
( -107  -28  57  )
( -90  -23  -68  )
( -193  173  -50  )
( -4  -39  6  )
( -185  -199  132  )
( 174  -87  159  )
( -155  -72  -196  )
( -155  197  4  )
( -141  -28  -68  )
( 53  189  71  )
( 109  -155  -115  )
( -151  -174  -6  )
( -188  197  54  )
( -136  142  82  )
( 44  -152  -131  )
( 148  66  -24  )
( 149  124  -102  )
( 162  77  188  )
( 121  103  -139  )
( 70  -127  156  )
( 150  24  -82  )
( -112  158  -95  )
( -105  -23  -198  )
( 55  92  -174  )
( 97  79  163  )
( 174  -182  -55  )
( 84  173  75  )
( -87  -86  177  )
( 192  -115  159  )
( 87  164  -93  )
( 27  -155  -191  )
( 192  90  -45  )
( -190  -160  94  )
( 1  99  86  )
( -164  161  137  )
( -23  -84  -134  )
( 65  63  161  )
( -99  162  -15  )
( -143  12  -116  )
( 47  -9  -3  )
( -52  -149  146  )
( 166  7  140  )
( 110  83  -105  )
( 90  -113  -16  )
( 193  -79  175  )
( -106  42  111  )
( -39  18  -51  )
( 142  -84  -134  )
( -126  -67  181  )
( -89  175  -64  )
( -115  -178  -128  )
( 72  136  -48  )
( -181  106  9  )
( -114  122  -133  )
( -21  -168  163  )
( 42  -31  34  )
( -163  -58  -10  )
( 135  75  87  )
( -6  53  61  )
( -8  -116  -85  )
( 177  159  23  )
( 120  -117  23  )
( 161  129  185  )
( 140  66  116  )
( 182  25  -109  )
( -78  -20  140  )
( -51  -127  16  )
( -188  71  -176  )
( -5  193  -10  )
( 193  -167  -75  )
( -161  66  188  )
( 76  82  101  )
( 71  48  -77  )
( -45  -183  2  )
( 67  -46  108  )
( 62  -97  170  )
( -42  189  134  )
( 176  -171  -78  )
( 132  84  -155  )
( 45  141  68  )
( 134  -150  -165  )
( -54  -2  15  )
( 25  -48  -84  )
( 161  84  49  )
( -26  -168  -154  )
( -0  -42  55  )
( -105  -109  55  )
( -60  -46  -118  )
( 101  -115  51  )
( 162  26  198  )
( 187  -18  -185  )
( -125  -16  129  )
( -104  -121  20  )
( -22  14  -28  )
( 172  -14  131  )
( 59  -31  153  )
( -175  98  49  )
( -188  102  -184  )
( -0  19  28  )
( -170  38  174  )
( -25  188  -142  )
( 165  41  105  )
( -112  -178  143  )
( -24  36  -188  )
( 95  -177  59  )
( -67  -105  -113  )
( 195  -140  170  )
( 180  31  20  )
( -132  198  14  )
( 130  77  150  )
( -49  -62  193  )
( 104  43  -4  )
( -1  -50  -185  )
( 16  50  97  )
( -42  -31  -110  )
( -157  -17  -139  )
( 179  -85  -25  )
( -149  -192  -11  )
( -90  -46  -137  )
( 59  -159  153  )
( -55  160  46  )
( 87  -37  127  )
( -66  131  22  )
( -30  -129  -7  )
( -9  141  -170  )
( -45  22  -10  )
( -0  22  -50  )
( 109  -113  -77  )
( 17  -197  58  )
( 36  120  155  )
( -181  -14  95  )
( 150  139  126  )
( 114  -67  -183  )
( -192  34  -73  )
( 85  -104  -79  )
( -135  110  16  )
( -8  90  181  )
( 79  14  -155  )
( 127  184  -95  )
( 173  114  52  )
( -67  -2  -1  )
( 141  180  -103  )
( -185  190  117  )
( 183  55  -69  )
( -165  -150  -8  )
( -74  -179  -138  )
( -170  30  -69  )
( 111  7  51  )
( -69  38  -81  )
( -192  51  -27  )
( -66  -128  114  )
( 65  180  -160  )
( -6  28  -190  )
( -165  -94  -93  )
( 108  -51  3  )
( -57  -53  151  )
( 31  -54  -128  )
( -39  78  23  )
( 115  -141  97  )
( 92  85  -148  )
( 48  -73  87  )
( -22  148  -51  )
( 49  -156  -165  )
( -106  -38  186  )
( 165  -112  151  )
( 86  112  157  )
( 5  129  168  )
( 88  50  -109  )
( -180  -43  -123  )
( 68  128  -38  )
( -189  6  47  )
( 77  143  -53  )
( -120  103  198  )
( -70  -23  59  )
( 102  -48  6  )
( -86  -5  87  )
( -188  -196  89  )
( 163  194  0  )
( 43  47  -23  )
( 114  -178  -128  )
( 30  189  -70  )
( 118  50  92  )
( -9  -53  -153  )
( 23  -182  138  )
( -158  151  -121  )
( -180  -18  -115  )
( 63  -190  -123  )
( -150  104  115  )
( 178  115  113  )
( -174  184  21  )
( 184  53  -69  )
( -44  -114  150  )
( 85  -21  -69  )
( 54  149  81  )
( -133  -71  -17  )
( -15  -96  122  )
( -192  -139  -52  )
( -7  8  63  )
( -119  -49  -66  )
( 144  74  138  )
( -164  2  -50  )
( -78  104  -154  )
( 151  96  -2  )
( 145  102  -189  )
( 167  -173  -135  )
( 71  -39  106  )
( 13  87  -116  )
( 74  -94  -166  )
( -30  25  -197  )
( 70  -111  142  )
( -53  0  139  )
( -72  -85  80  )
( 187  5  126  )
( -180  96  149  )
( -190  25  49  )
( 195  -177  79  )
( 31  13  -149  )
( -144  111  -138  )
( 32  173  -113  )
( 28  -199  53  )
( -61  -105  139  )
( 64  -100  175  )
( 180  150  114  )
( -111  2  117  )
( -141  174  166  )
( 25  88  29  )
( 57  -20  72  )
( -86  97  112  )
( -107  194  8  )
( 66  -146  53  )
( 139  138  152  )
( 71  27  -146  )
( 125  -121  68  )
( -99  25  199  )
( 157  -140  128  )
( 34  120  20  )
( -52  -119  34  )
( -74  195  -167  )
( 60  -37  -38  )
( 99  113  17  )
( -61  113  1  )
( 66  -199  167  )
( -65  -176  -154  )
( 2  0  133  )
( -73  -128  45  )
( -140  103  130  )
( 67  190  -22  )
( 195  -172  -197  )
( 134  66  -42  )
( 29  95  181  )
( 80  95  152  )
( 118  -72  -107  )
( -78  -31  -83  )
( 121  184  198  )
( -122  37  30  )
( 143  -77  107  )
( -117  -139  -161  )
( -108  123  -139  )
( -128  10  -138  )
( 89  113  -74  )
( 180  -194  -18  )
( -28  -138  153  )
( -162  115  -48  )
( -106  130  155  )
( 173  45  -135  )
( 107  -99  -2  )
( 9  83  57  )
( 113  -90  158  )
( -103  -17  14  )
( -185  -34  115  )
( -51  102  -41  )
( -158  -178  -64  )
( -60  56  -169  )
( 87  194  -151  )
( -81  128  51  )
( 197  -172  30  )
( 3  186  124  )
( -171  -110  116  )
( -14  74  -189  )
( 109  -135  -82  )
( -41  162  -76  )
( 173  120  -93  )
( -3  190  31  )
( -64  148  -46  )
( -97  -182  89  )
( -53  3  12  )
( 116  -166  -101  )
( -3  130  73  )
( -29  -54  80  )
( -129  42  39  )
( -114  -103  -14  )
( 159  193  7  )
( -25  93  59  )
( 17  -2  28  )
( -122  -45  -52  )
( 131  6  181  )
( -77  -171  -163  )
( 64  -191  163  )
( 178  57  -3  )
( 135  13  -123  )
( 5  -120  -110  )
( 127  -20  136  )
( 59  148  123  )
( -11  71  117  )
( -179  -140  111  )
( 29  151  174  )
( 100  -16  151  )
( 141  170  31  )
( 69  123  192  )
( -136  72  2  )
( 122  -145  -117  )
( -56  -178  129  )
( -59  -195  -49  )
( -111  162  6  )
( 144  -16  -121  )
( 75  -7  -35  )
( 15  -94  -37  )
( 145  168  -152  )
( -108  191  -187  )
( -106  -195  30  )
( -116  133  175  )
( 132  -81  154  )
( -148  22  146  )
( 43  -58  117  )
( 114  113  -171  )
( 80  50  101  )
( 100  -170  -25  )
( -48  -62  49  )
( -2  111  -29  )
( -6  27  -123  )
( 16  -175  -120  )
( -138  173  90  )
( 67  83  111  )
( 81  -183  19  )
( -20  122  95  )
( 153  100  20  )
( 50  -153  161  )
( 152  -29  -65  )
( -19  -71  -90  )
( 145  -129  -90  )
( 52  -82  -110  )
( 15  -127  -114  )
( 194  -52  96  )
( 45  -52  -108  )
( 96  47  -90  )
( 194  78  -199  )
( -83  69  80  )
( -118  -82  -154  )
( 3  100  162  )
( -103  63  -142  )
( 119  -171  64  )
( -177  114  -4  )
( 105  -168  107  )
( 116  -134  -41  )
( 172  -113  13  )
( 191  41  -39  )
( -187  199  -48  )
( 41  -73  4  )
( 131  -32  -57  )
( -178  170  -36  )
( 76  -42  29  )
( 148  154  171  )
( 0  -87  82  )
( 137  101  -162  )
( -111  -61  -93  )
( 48  -175  54  )
( -129  7  66  )
( -55  -186  56  )
( -121  46  89  )
( -54  70  180  )
( -171  -197  -146  )
( -2  10  182  )
( -198  -86  97  )
( -67  -193  -195  )
( -196  -178  107  )
( -71  -3  192  )
( -62  -75  10  )
( 144  -121  -86  )
( 11  -12  110  )
( 98  71  9  )
( 138  -145  -2  )
( 128  77  -113  )
( -123  13  135  )
( 197  144  147  )
( 62  -132  -6  )
( -106  -150  19  )
( 34  13  -94  )
( -113  -72  -194  )
( -81  -136  -169  )
( 79  -111  -113  )
( -138  49  161  )
( -176  93  -156  )
( 166  -114  163  )
( 186  -24  -162  )
( -130  -184  -31  )
( -101  -45  47  )
( 67  58  -133  )
( 36  -32  -99  )
( 44  -50  -29  )
( 132  -24  66  )
( 30  -59  63  )
( -82  39  -118  )
( 187  127  -160  )
( -134  -114  144  )
( 100  88  117  )
( -5  -111  -100  )
( -40  175  -72  )
( -133  -103  -71  )
( 161  -181  96  )
( -23  -22  -167  )
( 23  165  45  )
( -175  87  -50  )
( 123  10  96  )
( -106  119  93  )
( 193  -29  -133  )
( -58  -178  -89  )
( 144  -162  -54  )
( -89  15  -92  )
( 59  78  129  )
