( 54  -104  80  )
( -32  173  6  )
( 70  -121  -141  )
( -102  -86  -112  )
( -198  -58  197  )
( 189  -75  136  )
( 103  175  61  )
( 11  40  -54  )
( 143  152  -50  )
( -175  -167  -29  )
( 101  -171  -125  )
( 33  68  -119  )
( 119  -39  -130  )
( 182  -168  90  )
( -16  20  -97  )
( -193  -70  -125  )
( -86  -152  -117  )
( 47  -28  -122  )
( 110  8  171  )
( 150  -108  130  )
( -191  -13  -161  )
( 150  169  -152  )
( 169  124  -185  )
( -170  70  10  )
( 74  164  -152  )
( 152  79  -157  )
( -95  71  76  )
( -184  60  -132  )
( -186  174  146  )
( -181  107  32  )
( 170  138  -47  )
( 177  2  46  )
( -121  123  -44  )
( 80  -125  5  )
( 113  147  -54  )
( -17  -198  8  )
( 18  186  -144  )
( -158  -150  -92  )
( -74  115  -182  )
( 143  -70  124  )
( -40  184  43  )
( -88  -86  -65  )
( 49  158  -145  )
( -34  190  -58  )
( 183  53  169  )
( 125  -19  -97  )
( 142  -182  50  )
( 140  52  -142  )
( 47  -162  -69  )
( 106  -109  77  )
( -28  25  -132  )
( -171  -130  16  )
( -117  -69  -8  )
( -137  46  140  )
( -159  45  114  )
( -195  20  37  )
( -69  -174  -40  )
( 154  89  -65  )
( 133  27  -64  )
( 37  -78  55  )
( -10  -0  59  )
( -178  3  37  )
( -83  -117  46  )
( 183  113  22  )
( -197  -59  -158  )
( -176  123  -175  )
( 180  61  106  )
( -133  173  118  )
( -163  -171  -74  )
( 173  76  11  )
( 170  -197  -151  )
( 74  -197  24  )
( 159  -99  -96  )
( 119  92  -147  )
( 145  165  -134  )
( -182  -10  -137  )
( -128  -156  -86  )
( -140  110  -12  )
( 79  -177  20  )
( -150  -161  159  )
( -12  -178  21  )
( -51  35  -129  )
( -105  48  -192  )
( 71  55  -139  )
( 117  30  51  )
( 118  -49  103  )
( -22  -40  30  )
( -31  83  -59  )
( 109  -76  166  )
( 42  -116  -50  )
( -35  42  127  )
( -35  199  27  )
( 160  -148  -151  )
( -3  -12  177  )
( -59  155  -189  )
( 184  -150  -82  )
( 58  35  1  )
( -81  38  -134  )
( -141  142  -185  )
( -21  -36  -106  )
( 151  54  -45  )
( -111  42  54  )
( -154  -8  190  )
( -137  79  89  )
( 166  -98  92  )
( -103  76  -196  )
( 149  -151  193  )
( 151  37  85  )
( 44  -85  153  )
( 32  158  -45  )
( -179  -16  -156  )
( -45  -67  108  )
( 84  -14  -124  )
( -34  -168  186  )
( 157  -190  -115  )
( -50  133  168  )
( 30  -180  66  )
( 143  -51  -68  )
( 121  60  -4  )
( -152  137  186  )
( -119  -34  -37  )
( 173  -190  -111  )
( 178  109  76  )
( 39  -89  29  )
( -57  80  99  )
( 129  -173  -158  )
( 83  131  -197  )
( -10  75  174  )
( 20  62  0  )
( -186  -73  127  )
( -190  -167  -83  )
( 182  -102  -70  )
( -194  -72  43  )
( -99  -169  113  )
( 166  110  35  )
( -32  -122  157  )
( 118  35  -174  )
( 1  37  19  )
( 192  7  97  )
( -3  44  9  )
( -75  41  133  )
( -182  -45  -167  )
( -169  193  -52  )
( -46  -23  -179  )
( -96  -150  -29  )
( 21  -189  -132  )
( 76  -199  -90  )
( -198  -42  180  )
( -138  -78  -199  )
( -191  82  -122  )
( 98  185  154  )
( -129  76  148  )
( -142  14  109  )
( 27  164  11  )
( -73  -180  -115  )
( 82  18  -107  )
( 62  -136  -87  )
( 90  178  16  )
( 38  -151  -0  )
( -105  -189  11  )
( -41  84  -56  )
( -187  -115  -152  )
( 39  117  135  )
( -32  97  -178  )
( -80  -135  -131  )
( -70  1  -108  )
( 134  -150  185  )
( -163  -22  -106  )
( -122  -7  -167  )
( 153  80  -34  )
( -37  -132  -100  )
( 73  106  -190  )
( -199  80  -15  )
( -197  185  3  )
( 151  -198  -77  )
( 61  -188  -138  )
( -123  75  -96  )
( 66  64  96  )
( -100  -133  -10  )
( 181  174  -128  )
( 81  29  135  )
( 135  -108  126  )
( -84  -128  39  )
( -194  -179  30  )
( -19  167  -101  )
( -184  -49  -146  )
( -40  -78  105  )
( 53  -31  73  )
( 35  -109  81  )
( -137  -101  156  )
( -140  187  -186  )
( -11  79  -30  )
( 46  139  121  )
( -121  150  111  )
( 79  -175  29  )
( 78  -127  -8  )
( -113  -161  -98  )
( -55  -127  160  )
( -6  -194  139  )
( -22  16  134  )
( -196  1  183  )
( 157  -99  161  )
( 182  160  -86  )
( -195  -78  -187  )
( 40  -125  160  )
( -44  -160  -82  )
( -23  -146  -171  )
( -96  61  -1  )
( -0  93  -67  )
( 44  -145  -73  )
( 148  -10  178  )
( -128  -181  184  )
( 169  170  -72  )
( -172  -185  78  )
( 29  74  -64  )
( 109  148  14  )
( 178  -109  -70  )
( -120  76  96  )
( 124  -37  139  )
( -162  -140  33  )
( 151  149  175  )
( -170  -116  -31  )
( 180  -133  112  )
( -108  -115  175  )
( -129  -132  137  )
( 117  -77  -101  )
( 191  -23  52  )
( 142  -109  -31  )
( 65  97  -189  )
( -53  113  188  )
( 60  -124  8  )
( -40  -152  -138  )
( 65  69  7  )
( 179  -53  145  )
( 195  88  -137  )
( 52  -32  -169  )
( 32  -159  174  )
( -77  -76  174  )
( 116  185  33  )
( -30  152  -72  )
( 133  182  138  )
( -122  53  62  )
( 61  -162  103  )
( 181  -82  75  )
( -187  62  147  )
( 135  -161  -140  )
( -150  28  -121  )
( 85  15  -82  )
( -168  -136  -68  )
( 4  11  -178  )
( 114  76  122  )
( -199  168  -152  )
( -84  -34  -26  )
( 65  141  -189  )
( 172  103  -45  )
( -176  120  -16  )
( 76  -8  -33  )
( 116  60  33  )
( 52  98  -63  )
( 89  103  105  )
( 102  -141  -170  )
( 135  -187  42  )
( -171  110  193  )
( 33  165  47  )
( 149  -190  -162  )
( 169  -181  160  )
( 11  -48  181  )
( 109  -99  161  )
( 10  173  105  )
( -196  -3  127  )
( -91  176  157  )
( -115  -47  180  )
( -127  -70  -112  )
( -187  -126  -7  )
( -69  -8  49  )
( -90  93  173  )
( 190  127  171  )
( 159  -161  119  )
( -125  -43  193  )
( 151  163  128  )
( 79  -165  195  )
( 57  77  107  )
( 118  -192  62  )
( 121  38  153  )
( -20  -109  -86  )
( -26  -185  -148  )
( 98  10  -191  )
( -164  -154  127  )
( 12  2  -95  )
( 14  20  -144  )
( -124  21  4  )
( -21  -106  78  )
( -33  176  -29  )
( 8  67  -108  )
( -22  64  114  )
( -36  -108  37  )
( -73  -128  100  )
( -141  165  -3  )
( 172  157  24  )
( -172  150  -161  )
( -144  -24  77  )
( -153  -35  174  )
( 31  38  42  )
( 195  -5  -39  )
( 161  -185  147  )
( -186  -101  64  )
( -162  -188  -5  )
( -71  85  -142  )
( 194  -158  40  )
( 23  -24  158  )
( 60  104  -192  )
( -198  189  -46  )
( 108  -128  115  )
( -106  165  -0  )
( 166  135  110  )
( 185  -171  -172  )
( -179  175  48  )
( 191  -135  -153  )
( 92  -84  163  )
( -71  45  93  )
( -80  9  131  )
( 87  189  -195  )
( 11  -64  -140  )
( 142  117  85  )
( -11  144  -180  )
( -199  10  -141  )
( 61  -46  -69  )
( -149  94  -85  )
( 160  4  130  )
( -43  -14  -71  )
( -36  164  -49  )
( -47  72  -132  )
( -84  -87  -160  )
( -131  124  -102  )
( -14  -132  54  )
( -40  93  139  )
( 101  188  112  )
( -178  82  -191  )
( -145  -96  -97  )
( -163  -67  -110  )
( -198  126  -33  )
( 180  -145  36  )
( 12  53  129  )
( -90  33  -124  )
( 104  -36  47  )
( 135  42  -71  )
( -99  44  52  )
( -147  -56  6  )
( -156  96  145  )
( -40  70  3  )
( -95  154  -7  )
( 38  46  25  )
( -128  -101  60  )
( 57  -88  130  )
( 113  -191  -76  )
( -56  -65  -70  )
( 38  -44  87  )
( 63  13  -198  )
( 25  50  -176  )
( -26  21  87  )
( -24  59  0  )
( 162  106  -19  )
( -155  90  -85  )
( -67  -102  -87  )
( 32  -100  -19  )
( 51  156  -163  )
( -112  -82  -98  )
( -181  99  -121  )
( -65  -69  -131  )
( -185  198  -122  )
( -159  58  89  )
( -68  74  -90  )
( 8  -44  59  )
( 54  174  -25  )
( -102  -95  198  )
( -107  78  58  )
( 162  -99  -164  )
( 69  -65  24  )
( 36  -92  147  )
( 122  161  -35  )
( -22  3  154  )
( 155  49  184  )
( -119  49  168  )
( 176  -54  154  )
( -0  88  -148  )
( 49  188  -122  )
( -147  -152  -68  )
( 34  153  187  )
( -165  181  197  )
( 44  126  145  )
( 12  -178  6  )
( -131  -92  -17  )
( 65  -3  92  )
( 160  24  -65  )
( 82  8  -124  )
( 126  55  132  )
( 80  15  -98  )
( -160  -51  -137  )
( -115  2  -138  )
( 190  87  -46  )
( -187  27  143  )
( 143  132  16  )
( 14  -13  -175  )
( -145  -133  181  )
( -158  -154  16  )
( 137  67  -127  )
( -38  -84  185  )
( -96  184  -29  )
( 17  -83  -113  )
( -4  -121  49  )
( 40  -92  36  )
( 85  10  -121  )
( -98  95  137  )
( -182  -175  34  )
( -127  -116  -38  )
( -125  -158  72  )
( 19  -66  -94  )
( 140  195  155  )
( 84  -69  -14  )
( -44  67  86  )
( -151  57  -31  )
( 94  -113  18  )
( 59  53  182  )
( 156  89  51  )
( 77  -182  117  )
( -125  -76  50  )
( -83  -127  -163  )
( 61  149  -57  )
( -135  -49  125  )
( 180  123  -52  )
( 104  143  -65  )
( -126  -37  195  )
( 35  39  -162  )
( 61  -109  -88  )
( -87  -59  -60  )
( -114  141  102  )
( 22  -154  -94  )
( -73  43  0  )
( 126  -120  -169  )
( 168  170  45  )
( 14  -184  107  )
( -24  -28  -45  )
( 155  -142  88  )
( -1  -45  94  )
( -16  -79  -166  )
( 77  136  -175  )
( -142  -122  10  )
( -182  -134  -1  )
( 111  -70  -94  )
( 8  -139  119  )
( 107  -0  58  )
( 191  122  -165  )
( -99  100  -177  )
( -21  39  -93  )
( -117  72  60  )
( 68  -8  -62  )
( 13  125  151  )
( -50  -132  -35  )
( 24  65  -99  )
( -54  56  11  )
( 129  -161  -173  )
( -88  -41  83  )
( 81  -159  -113  )
( 80  -31  36  )
( -116  -23  11  )
( -12  -134  -41  )
( 137  57  -64  )
( -165  -137  75  )
( 179  46  -176  )
( -51  21  -111  )
( -120  57  -70  )
( -117  -130  -155  )
( -181  104  -30  )
( 78  -42  -74  )
( -177  160  40  )
( -119  195  79  )
( 127  130  -117  )
( 12  80  166  )
( 89  152  -41  )
( 158  168  -136  )
( 48  140  151  )
( -29  138  -37  )
( -193  54  -70  )
( 192  25  -150  )
( 118  146  -137  )
( -59  58  83  )
( -66  -97  102  )
( -135  27  -1  )
( -112  -154  77  )
( 138  106  -88  )
( -105  171  182  )
( -72  -144  47  )
( 102  80  0  )
( 15  141  -126  )
( -7  -129  39  )
( 134  142  -113  )
( 13  -117  21  )
( -195  113  122  )
( -88  17  -126  )
( -40  26  20  )
( 184  -52  181  )
( -102  -80  74  )
( 67  175  143  )
( -141  148  130  )
( -44  61  158  )
( -66  -143  -169  )
( -175  -29  -168  )
( 146  -168  -106  )
( 80  -2  -28  )
( 18  -49  63  )
( -179  -140  -159  )
( -51  -42  -188  )
( -118  -117  -140  )
( 99  145  96  )
( 152  42  -163  )
( 143  -124  -14  )
( -165  36  -106  )
( 29  -185  -106  )
( 85  6  -171  )
( -82  59  -132  )
( 148  -121  103  )
( -6  110  -0  )
( -42  -160  180  )
( 78  -68  -66  )
( 172  195  -194  )
( -85  157  -142  )
( -33  92  -174  )
( 192  -115  -56  )
( 55  131  -32  )
( 6  -78  -90  )
( -28  -187  179  )
( -41  -53  -12  )
( -162  -12  27  )
( 143  -36  -199  )
( 187  -101  83  )
( 174  -65  -35  )
( -138  6  -80  )
( 78  20  37  )
( -11  -154  51  )
( 100  168  26  )
( -164  -133  -45  )
( 2  -197  -140  )
( -49  126  -31  )
( -117  -124  1  )
( -57  112  174  )
( 81  -194  -13  )
( -29  -98  33  )
( -123  -98  94  )
( 37  -112  156  )
( 164  15  -130  )
( -165  -175  63  )
( -158  -3  -23  )
( -112  -17  -86  )
( -101  55  -30  )
( -32  178  91  )
( 187  84  133  )
( 110  -104  12  )
( -38  20  41  )
( 186  14  -70  )
( -137  -94  -156  )
( -77  21  -197  )
( 94  165  151  )
( 176  -43  65  )
( 193  47  155  )
( 49  51  -167  )
( 19  -199  -112  )
( 60  -46  153  )
( -61  -32  155  )
( -0  87  -31  )
( -35  -172  -135  )
( 26  184  -90  )
( 41  13  78  )
( -8  -73  112  )
( -21  74  157  )
( -159  -126  -49  )
( 162  -151  143  )
( -134  125  109  )
( -36  -134  197  )
( 17  -168  -199  )
( -185  196  -150  )
( 81  176  170  )
( 196  -30  -178  )
( 129  -88  21  )
( -74  199  -45  )
( -155  -5  78  )
( -45  -150  46  )
( 4  196  96  )
( -192  -87  -24  )
( 84  -132  155  )
( -169  16  -123  )
( 112  -63  166  )
( -25  169  75  )
( 2  139  171  )
( 188  14  168  )
( 150  -22  -193  )
( -0  54  -168  )
( 180  131  96  )
( 46  191  139  )
( 187  109  61  )
( 0  -52  -42  )
( -7  -111  23  )
( 146  -128  -6  )
( 175  -193  -64  )
( -64  -111  19  )
( -109  194  -106  )
( 147  -57  16  )
( 165  164  130  )
( 164  186  -90  )
( -188  -190  -145  )
( -109  -55  136  )
( -55  162  -63  )
( -186  -34  -154  )
( -93  -71  184  )
( -95  -16  -32  )
( 3  -27  30  )
( 111  -115  -161  )
( 70  174  -15  )
( 82  -160  150  )
( 150  -102  -114  )
( 117  154  133  )
( 168  -156  -83  )
( 20  -55  -67  )
( -104  25  -195  )
( -67  28  -173  )
( 74  -119  -136  )
( -92  7  91  )
( 24  -62  159  )
( -7  -92  -42  )
( -67  29  -79  )
( -145  86  105  )
( -135  -45  -121  )
( 18  -195  157  )
( -107  16  -43  )
( 127  77  185  )
( 35  -140  87  )
( -196  -82  -54  )
( -99  37  -45  )
( 196  199  -189  )
( -56  125  182  )
( -76  -75  -181  )
( -105  -131  103  )
( -1  -63  99  )
( -64  114  -18  )
( -198  -108  40  )
( 158  90  -36  )
( -76  -101  -96  )
( -85  118  59  )
( -87  54  23  )
( -108  -46  2  )
( 70  -15  195  )
( -5  -158  28  )
( 145  80  -112  )
( 47  -108  71  )
( -160  -9  -197  )
( 177  123  193  )
( 130  -12  154  )
( 63  -74  195  )
( -124  148  -160  )
( 2  159  -133  )
( 88  -177  -152  )
( -8  -132  153  )
( -101  80  57  )
( 0  44  -28  )
( 167  87  48  )
( -55  194  183  )
( -145  93  165  )
( 61  -192  162  )
( -14  109  -154  )
( 31  153  -177  )
( 77  -121  124  )
( -76  -103  66  )
( -162  53  -197  )
( -94  180  -67  )
( 15  103  -55  )
( -109  -155  117  )
( 89  10  -135  )
( -143  -136  74  )
( -99  -76  -84  )
( -109  -53  122  )
( 76  -102  -56  )
( -198  -197  26  )
( 154  -196  81  )
( 9  172  -4  )
( -164  -3  5  )
( 127  -64  24  )
( 24  -29  -113  )
( 145  -197  -16  )
( 19  -162  -58  )
( 13  -14  190  )
( 31  -104  -115  )
( 164  29  55  )
( 17  -183  2  )
( -191  -9  -193  )
( 101  -62  36  )
( 9  -7  176  )
( 53  -19  68  )
( -71  -35  21  )
( -164  64  153  )
( 125  -187  -12  )
( 165  -174  -29  )
( 100  73  -165  )
( 81  114  180  )
( -70  -164  90  )
( -51  -43  -154  )
( 136  -14  117  )
( 80  175  -109  )
( -175  -185  -74  )
( 113  -131  -32  )
( -99  -116  136  )
( -126  -164  79  )
( 35  196  -144  )
( -125  64  72  )
( 98  -45  -117  )
( -79  -69  84  )
( -73  154  149  )
( -120  -116  -18  )
( 5  134  188  )
( 62  58  47  )
( -53  -91  -79  )
( -177  -69  95  )
( -105  108  81  )
( 60  -167  -80  )
( 41  -99  157  )
( 67  -187  -39  )
( -113  -46  90  )
( 29  -71  27  )
( 127  3  114  )
( -21  -35  88  )
( 122  -199  -21  )
( -9  104  -136  )
( 183  -40  -77  )
( -4  -11  -184  )
( 12  -81  -153  )
( -46  -108  12  )
( 11  8  174  )
( 115  -29  -191  )
( 44  -129  98  )
( 51  35  72  )
( 118  -102  67  )
( 67  -7  -114  )
( 164  120  -0  )
( 21  16  -128  )
( -29  -187  153  )
( 87  57  -4  )
( -94  -68  -157  )
( -113  -124  -170  )
( 164  -191  98  )
( -86  -159  -173  )
( -40  68  -6  )
( 27  -137  -7  )
( 182  141  -165  )
( -172  108  -159  )
( 147  -63  128  )
( 17  -9  48  )
( 168  -25  -134  )
( 76  -110  57  )
( 19  -33  20  )
( -40  1  -133  )
( -68  12  24  )
( 118  -46  -62  )
( -60  -59  -54  )
( -50  -54  -111  )
( -184  -117  -143  )
( -178  -181  -159  )
( 199  -36  -164  )
( 34  -157  65  )
( 8  40  107  )
( 55  177  -148  )
( -124  151  -25  )
( -53  92  97  )
( 15  129  84  )
( 133  189  86  )
( -0  -154  -142  )
( -154  -162  117  )
( 176  -13  -130  )
( 180  62  102  )
( 39  -58  35  )
( -4  111  -18  )
( 74  156  9  )
( 30  -42  -43  )
( -39  116  -24  )
( 21  35  -183  )
( 89  -51  -14  )
( -62  136  112  )
( 22  -180  183  )
( -21  148  39  )
( -118  -68  -197  )
( 108  147  161  )
( 85  -50  -3  )
( 93  11  -139  )
( 84  -18  53  )
( -164  40  -179  )
( -43  -109  194  )
( -6  56  4  )
( 153  14  124  )
( 26  109  -69  )
( -26  143  -22  )
( -127  -76  99  )
( -5  89  -63  )
( 60  160  13  )
( 24  110  -119  )
( -156  104  97  )
( 114  57  111  )
( 131  9  -2  )
( 61  -173  -34  )
( -143  -86  40  )
( 68  153  -114  )
( -72  85  -46  )
( 40  -140  -51  )
( -161  -4  61  )
( -7  -77  -5  )
( 175  31  121  )
( 110  187  79  )
( -109  129  -50  )
( -107  23  -162  )
( 66  62  186  )
( 122  -98  -81  )
( -176  -199  -73  )
( -196  11  32  )
( -189  122  5  )
( 193  198  164  )
( -19  25  -117  )
( -65  -80  45  )
( 140  148  39  )
( 30  103  -133  )
( -45  25  97  )
( 35  -156  90  )
( -160  -20  92  )
( -153  198  112  )
( -144  62  -111  )
( -142  -71  -2  )
( -83  177  73  )
( -139  -100  122  )
( 65  139  -120  )
( -197  117  3  )
( -24  171  -93  )
( 19  -79  193  )
( 61  -179  -190  )
( 104  124  -17  )
( -149  101  77  )
( 191  -96  180  )
( 169  -63  173  )
( -67  119  -33  )
( -161  -6  64  )
( 59  180  -84  )
( -78  -56  -31  )
( 155  -176  75  )
( 121  -100  -5  )
( 141  63  185  )
( -69  -193  173  )
( 116  -161  -79  )
( -128  13  -3  )
( 115  50  127  )
( 45  -23  86  )
