( 23  140  -78  )
( 179  111  -161  )
( 77  -87  -23  )
( -30  -94  155  )
( -147  -124  -165  )
( 101  -67  -24  )
( 173  -117  -95  )
( 126  -117  -29  )
( -68  -157  165  )
( 30  -177  170  )
( 84  165  -1  )
( -111  -168  155  )
( 163  -136  -39  )
( 181  156  -173  )
( 78  196  -173  )
( 32  -27  -57  )
( 144  -98  -24  )
( -191  -138  116  )
( -111  74  92  )
( 106  -22  -192  )
( -66  111  0  )
( -23  71  35  )
( 116  199  -194  )
( 183  -154  11  )
( -185  83  -172  )
( 180  -84  -78  )
( 35  24  76  )
( -155  131  0  )
( 57  179  -51  )
( 46  96  145  )
( 17  96  82  )
( -19  45  -102  )
( -5  173  132  )
( -33  -111  50  )
( 198  -167  31  )
( -57  175  -197  )
( 125  130  -126  )
( 93  186  54  )
( 180  93  -168  )
( 49  60  68  )
( 82  23  119  )
( -109  -66  136  )
( 182  89  177  )
( 194  -125  -14  )
( 84  52  109  )
( -160  115  96  )
( -102  163  -135  )
( 75  -194  -66  )
( -172  91  151  )
( 169  81  170  )
( -52  -75  184  )
( -187  -173  -26  )
( 83  96  48  )
( -4  19  -12  )
( 30  80  100  )
( 103  193  126  )
( 121  88  29  )
( -130  29  -60  )
( 88  163  -121  )
( 179  -135  111  )
( 71  -132  33  )
( -110  -81  86  )
( 66  -144  -97  )
( 102  182  82  )
( -184  38  -108  )
( -179  190  -130  )
( 21  -78  171  )
( -183  -45  21  )
( 107  37  -47  )
( -148  -54  194  )
( 118  -158  138  )
( -140  162  164  )
( 183  -69  -106  )
( -62  26  157  )
( -165  138  125  )
( -126  158  -69  )
( 196  57  -192  )
( -146  83  8  )
( 51  15  -59  )
( -167  -17  -172  )
( 60  130  195  )
( -33  -101  -18  )
( -156  63  -178  )
( 155  -194  -133  )
( -66  15  -64  )
( -127  -52  72  )
( 55  56  163  )
( 34  189  13  )
( 15  -11  -90  )
( -98  -36  -89  )
( -15  25  57  )
( -10  -164  87  )
( 97  137  -95  )
( -127  85  -79  )
( -148  178  -126  )
( -158  -71  -22  )
( -163  -21  131  )
( -180  75  -154  )
( 174  56  122  )
( 14  -144  171  )
( -15  133  146  )
( -171  -149  -48  )
( 101  78  -33  )
( -171  185  32  )
( -29  -149  64  )
( -107  -34  101  )
( 12  82  117  )
( -16  -183  146  )
( -48  -66  191  )
( 62  97  -33  )
( 102  55  -194  )
( -120  -114  162  )
( 184  -22  -65  )
( -193  152  -0  )
( 141  95  -156  )
( 59  -80  -131  )
( 109  -155  -144  )
( -141  108  -32  )
( 19  -5  -149  )
( -159  -4  15  )
( -187  -130  -132  )
( 16  81  199  )
( -184  155  -38  )
( -60  106  -100  )
( -136  69  -74  )
( -179  123  74  )
( 35  126  145  )
( -130  -14  -180  )
( -59  -6  163  )
( 94  125  -130  )
( -130  -99  136  )
( 32  17  59  )
( 20  -31  176  )
( -125  114  184  )
( -11  -160  -100  )
( 82  88  -139  )
( 87  -157  -83  )
( -76  81  -182  )
( 143  -159  -184  )
( 179  87  112  )
( 195  -181  198  )
( 104  -183  181  )
( 7  68  -111  )
( -97  160  13  )
( -185  134  -38  )
( 1  -23  190  )
( -85  -158  164  )
( 2  0  144  )
( -109  -132  155  )
( -43  -184  -124  )
( -198  113  -180  )
( -7  82  -98  )
( -17  142  -130  )
( -184  55  -42  )
( -70  -149  -166  )
( 181  97  110  )
( 50  -26  65  )
( 18  -130  -53  )
( -177  37  -33  )
( -27  -110  -6  )
( 40  42  134  )
( 179  166  48  )
( 53  144  193  )
( -54  172  -21  )
( -138  -141  64  )
( 95  -7  -188  )
( -182  105  -156  )
( -168  160  153  )
( 100  -133  -35  )
( 35  178  -144  )
( -178  75  133  )
( -73  -34  118  )
( -116  181  55  )
( -182  -181  120  )
( 44  -120  -138  )
( 62  161  -164  )
( -94  -40  -76  )
( 41  -65  53  )
( -128  -153  161  )
( -95  -71  -29  )
( 116  169  37  )
( 21  84  -22  )
( -45  -155  1  )
( -32  -57  -148  )
( 139  -45  53  )
( 50  119  35  )
( 112  -92  -164  )
( -184  -114  -181  )
( 192  -183  83  )
( 114  124  -6  )
( 162  -183  -89  )
( 48  -54  99  )
( 93  178  51  )
( 29  130  -196  )
( -182  187  136  )
( 182  -185  -32  )
( -89  -120  109  )
( 114  141  138  )
( 21  -154  -11  )
( -29  -165  0  )
( 104  153  55  )
( -42  -199  -90  )
( -190  -82  105  )
( -45  171  46  )
( 170  24  33  )
( 167  -25  -179  )
( 8  -39  161  )
( -37  56  -147  )
( 150  79  98  )
( 65  -104  126  )
( 143  -134  -112  )
( -1  158  -55  )
( -94  -154  87  )
( 182  -131  141  )
( -182  115  -44  )
( 39  -198  3  )
( -51  -14  43  )
( 136  -83  -133  )
( 83  31  139  )
( 149  -71  -12  )
( -127  138  -193  )
( -190  -106  -117  )
( -116  119  -81  )
( -29  -147  3  )
( -199  -54  163  )
( 6  23  -132  )
( -73  -86  183  )
( 188  62  175  )
( 17  -39  -142  )
( 133  80  198  )
( 145  42  43  )
( 1  58  -116  )
( 126  173  197  )
( -197  -28  21  )
( 145  136  88  )
( 28  127  -113  )
( 131  -72  126  )
( -39  182  -195  )
( -101  65  -160  )
( 186  86  42  )
( 183  -179  -47  )
( -154  30  -83  )
( 73  74  -150  )
( -72  163  -123  )
( 72  127  -154  )
( -198  -11  105  )
( 108  199  -81  )
( -147  23  -105  )
( -112  -157  -172  )
( 28  -6  148  )
( -118  163  113  )
( -110  -118  31  )
( -36  89  -18  )
( -42  178  51  )
( 80  -79  9  )
( -48  -147  -72  )
( 7  159  -102  )
( 103  54  197  )
( 61  -166  135  )
( -173  -16  84  )
( -190  10  -88  )
( -192  -79  93  )
( 155  168  -64  )
( 184  -165  188  )
( -137  -30  41  )
( 51  10  -156  )
( -23  -59  141  )
( 103  61  68  )
( 79  180  109  )
( 43  -182  46  )
( -187  -52  75  )
( -178  107  -37  )
( -44  -64  -135  )
( -174  84  102  )
( -3  -83  197  )
( 16  107  36  )
( 60  -136  82  )
( -161  -11  -13  )
( -172  -135  142  )
( 50  -153  111  )
( 163  67  196  )
( -95  184  -76  )
( -149  -64  136  )
( -36  161  189  )
( -18  -142  -58  )
( -188  -135  70  )
( 51  -15  76  )
( -155  104  32  )
( -112  -55  -28  )
( -58  118  90  )
( -66  -41  14  )
( -75  167  180  )
( 150  102  -75  )
( -82  -149  113  )
( -104  8  150  )
( 84  -14  77  )
( 189  82  -113  )
( -23  150  40  )
( -169  -23  117  )
( -118  139  -184  )
( -22  74  172  )
( 144  -111  114  )
( 194  54  176  )
( 7  -101  -126  )
( -173  -199  -137  )
( 53  -52  16  )
( 170  78  -176  )
( 27  -134  129  )
( -111  194  175  )
( 65  192  87  )
( -167  109  -47  )
( -149  -181  -76  )
( -117  196  57  )
( -113  52  165  )
( 9  179  -16  )
( -184  112  -137  )
( -47  60  -32  )
( 48  128  -21  )
( -121  92  194  )
( -123  72  -63  )
( 28  151  57  )
( 123  -0  -86  )
( 141  -117  -84  )
( -130  -169  -89  )
( 158  -100  157  )
( -9  -76  -114  )
( -106  178  82  )
( 3  198  -92  )
( 79  -169  -26  )
( -180  122  158  )
( 92  12  -177  )
( -82  -114  3  )
( 41  -0  -89  )
( 169  141  177  )
( 194  -142  -125  )
( -21  -126  102  )
( -152  -0  174  )
( -0  -25  29  )
( -143  104  -25  )
( -83  -101  126  )
( 21  104  -185  )
( 29  -111  -186  )
( 104  31  7  )
( -70  -181  79  )
( 162  -198  56  )
( 61  -107  -183  )
( -40  -6  -193  )
( -102  -155  -99  )
( 61  91  -7  )
( 138  7  102  )
( 189  41  -102  )
( -167  -133  -166  )
( -179  159  -178  )
( 53  113  94  )
( 189  -194  -44  )
( -105  -86  -171  )
( 80  -189  -83  )
( 45  -157  18  )
( -92  198  -73  )
( 59  -182  -166  )
( -140  -38  15  )
( 117  102  -29  )
( -30  114  -39  )
( 72  -55  -120  )
( 99  -144  -187  )
( -172  81  131  )
( -71  -158  -190  )
( -89  -197  -108  )
( 112  115  -161  )
( -160  28  114  )
( -15  -68  110  )
( 162  4  45  )
( 37  -114  -96  )
( -52  176  124  )
( 80  -18  -90  )
( 90  100  85  )
( -145  -70  174  )
( 168  -21  166  )
( -180  46  -97  )
( 143  82  135  )
( 146  -50  145  )
( 23  110  -158  )
( 153  -173  -20  )
( 42  62  103  )
( 54  -154  -184  )
( -3  103  -158  )
( 69  -104  28  )
( -81  -152  -34  )
( -32  -15  -72  )
( 84  21  56  )
( -75  -33  -12  )
( 61  119  -27  )
( -180  -98  -155  )
( -41  16  8  )
( -72  -85  -69  )
( -78  -136  -186  )
( -173  -146  61  )
( 142  42  -125  )
( -162  186  -92  )
( -5  -55  53  )
( -8  -101  194  )
( -140  43  -150  )
( 36  -28  -179  )
( 60  129  115  )
( -10  -199  -186  )
( 62  50  187  )
( 38  186  -147  )
( 28  38  -4  )
( 157  2  -36  )
( -140  186  -33  )
( -58  -100  136  )
( -3  -191  75  )
( 10  -85  15  )
( 71  109  128  )
( 127  60  -4  )
( -120  -63  114  )
( 56  -112  114  )
( 128  -190  188  )
( 87  -148  167  )
( -90  76  181  )
( 142  -195  35  )
( 57  -143  37  )
( 196  -45  176  )
( 32  132  129  )
( -195  -153  146  )
( 57  117  -80  )
( -112  -177  -135  )
( -159  17  -67  )
( -87  -92  79  )
( 45  26  -123  )
( 88  -70  -98  )
( -148  124  182  )
( -104  -175  -84  )
( -107  -70  75  )
( 22  -8  -148  )
( 40  -24  117  )
( 79  -60  154  )
( -175  -83  -62  )
( -93  -159  194  )
( 120  -105  -146  )
( 10  -82  -49  )
( -20  -40  198  )
( 31  -146  -89  )
( 190  149  161  )
( -148  -59  117  )
( 93  -171  -1  )
( 119  -117  -142  )
( -39  153  -181  )
( 179  105  188  )
( 82  199  141  )
( 9  -106  23  )
( 100  94  -143  )
( 132  -199  -189  )
( -125  123  -94  )
( 23  163  80  )
( 164  189  -136  )
( 84  1  -160  )
( -193  -140  19  )
( 188  -184  151  )
( -162  -189  155  )
( 1  -122  -144  )
( -71  -76  -118  )
( -5  -139  153  )
( 59  126  -26  )
( 147  37  -123  )
( -98  197  -31  )
( 104  90  43  )
( -69  199  -7  )
( 65  167  -116  )
( -1  -156  -188  )
( 93  -188  78  )
( -190  -124  -60  )
( 96  177  151  )
( -18  -125  143  )
( 34  8  106  )
( -57  167  -83  )
( -162  -192  96  )
( -67  -189  108  )
( -44  10  6  )
( 119  22  21  )
( -28  -10  150  )
( 141  3  155  )
( 20  151  76  )
( -9  -147  -60  )
( -79  -72  1  )
( 181  -75  -20  )
( -137  -15  103  )
( 189  171  -135  )
( 182  98  161  )
( 69  -196  -170  )
( -141  -162  -26  )
( -163  89  -113  )
( 107  30  135  )
( -57  -189  -83  )
( -123  155  193  )
( -195  -184  -28  )
( 108  -168  94  )
( -170  -198  1  )
( -96  -53  188  )
( -86  -17  -115  )
( 140  155  99  )
( -53  154  88  )
( -158  29  106  )
( -116  190  -125  )
( -173  68  -194  )
( -171  105  -112  )
( -100  150  -188  )
( 197  110  30  )
( -69  24  149  )
( 20  -119  136  )
( -68  166  110  )
( 134  59  182  )
( -22  98  -181  )
( -98  -133  -84  )
( 157  -23  -155  )
( 188  -16  160  )
( 15  185  -141  )
( -35  168  -27  )
( 86  -123  111  )
( -28  112  -147  )
( -24  -56  -153  )
( -189  -170  133  )
( 68  185  123  )
( -73  -112  27  )
( -1  -29  151  )
( -180  -26  134  )
( 19  -15  -123  )
( 107  31  -57  )
( -145  178  -81  )
( -80  -131  140  )
( 118  -140  96  )
( 102  94  55  )
( 21  83  34  )
( 77  84  87  )
( -129  5  185  )
( -98  -29  -134  )
( -51  -31  170  )
( 89  199  -188  )
( 117  -119  85  )
( -19  58  18  )
( 7  132  84  )
( -122  -159  56  )
( 29  41  -154  )
( -15  -168  56  )
( -176  -80  -120  )
( -11  -72  84  )
( 107  -145  -183  )
( -155  -15  -59  )
( 112  44  -88  )
( -13  -92  -37  )
( -184  -45  -66  )
( -104  -43  -116  )
( 73  138  -157  )
( 86  -152  164  )
( 134  -168  179  )
( -119  1  194  )
( -18  185  42  )
( 158  -89  -6  )
( 174  -131  130  )
( -190  -71  97  )
( 71  -134  -159  )
( 31  -181  -64  )
( -105  119  57  )
( 164  -140  -107  )
( -62  142  26  )
( -81  64  34  )
( 60  54  -136  )
( -82  -44  -19  )
( 59  -160  148  )
( 106  124  -114  )
( -127  192  -42  )
( -139  56  -70  )
( 44  -187  -61  )
( 14  18  187  )
( 180  170  149  )
( -60  -172  -0  )
( -40  5  184  )
( 21  71  142  )
( -74  27  106  )
( -93  -191  63  )
( -84  135  35  )
( 113  -130  99  )
( 62  46  -12  )
( -22  -29  67  )
( 193  -185  -80  )
( 77  85  -38  )
( 83  -120  175  )
( 153  -189  75  )
( 55  -198  1  )
( 100  -189  87  )
( 30  14  92  )
( 22  58  -51  )
( 124  -176  -3  )
( 128  188  -116  )
( -157  118  -121  )
( -39  30  -113  )
( -153  186  187  )
( -161  99  -63  )
( 42  -109  35  )
( -153  190  -171  )
( 137  2  -150  )
( 72  194  -100  )
( -165  -194  -123  )
( 106  -69  25  )
( -93  171  -48  )
( -89  90  171  )
( -81  -194  147  )
( 192  135  34  )
( -4  -157  180  )
( -188  -130  4  )
( 95  -23  -35  )
( 185  -182  7  )
( 31  -29  79  )
( -187  -66  77  )
( 60  147  27  )
( 124  -79  7  )
( -79  100  51  )
( -97  166  42  )
( -196  -162  195  )
( 79  45  26  )
( -184  9  -90  )
( 13  -77  21  )
( -158  42  -81  )
( 138  52  182  )
( 196  151  141  )
( 178  -52  17  )
( -41  -189  6  )
( -95  9  102  )
( -81  -140  74  )
( 119  -114  104  )
( -147  44  -86  )
( -146  170  135  )
( 101  -28  -198  )
( -137  0  29  )
( -51  -66  61  )
( -92  76  -52  )
( 194  -57  -41  )
( -1  -72  -17  )
( -104  82  174  )
( 23  -187  108  )
( -1  95  -44  )
( 70  -138  -43  )
( 54  -19  155  )
( 112  0  199  )
( -36  -169  19  )
( 63  134  192  )
( -111  157  -168  )
( -90  179  -155  )
( 188  26  199  )
( -174  4  62  )
( 119  -20  79  )
( -8  -116  80  )
( 169  45  -38  )
( 80  -167  -98  )
( -23  30  -66  )
( -64  3  -68  )
( 24  -178  -52  )
( 38  196  -25  )
( -195  57  90  )
( 116  179  -185  )
( 142  113  9  )
( -168  92  -112  )
( -22  91  -114  )
( -99  154  55  )
( 66  24  -179  )
( 127  -148  -100  )
( 137  -86  5  )
( -8  41  -136  )
( 95  24  -162  )
( 4  117  -67  )
( -182  -193  -1  )
( -8  -92  138  )
( -0  181  -75  )
( 68  -148  -69  )
( -141  114  49  )
( 42  -53  -166  )
( -81  166  -10  )
( -23  193  96  )
( 160  46  -62  )
( 84  -182  96  )
( 16  -148  -135  )
( 141  -11  -172  )
( 52  169  74  )
( -7  156  193  )
( -48  -116  0  )
( 1  97  105  )
( -169  -45  -52  )
( -60  -96  130  )
( -107  -58  198  )
( -23  -175  33  )
( 6  17  -93  )
( -53  107  111  )
( 66  -108  48  )
( 3  48  -82  )
( 44  -57  -183  )
( -189  18  61  )
( 194  -193  164  )
( 115  -196  -151  )
( 53  -38  -65  )
( -48  95  38  )
( -176  -82  -55  )
( -95  100  -74  )
( 58  191  -27  )
( -124  47  16  )
( 93  -66  197  )
( 5  151  186  )
( 37  5  -114  )
( -174  189  179  )
( 23  25  74  )
( 141  -24  57  )
( -92  -21  162  )
( 4  -189  -110  )
( -139  82  111  )
( 8  165  59  )
( 44  145  127  )
( 26  -10  179  )
( 22  122  177  )
( -166  -137  -126  )
( -122  -82  130  )
( -86  15  -136  )
( -55  -10  196  )
( 198  157  -37  )
( -183  -59  92  )
( 41  154  -64  )
( 37  -42  -183  )
( 121  30  -172  )
( -129  29  167  )
( -51  -121  114  )
( -156  -27  103  )
( 35  -80  -180  )
( -181  -149  -34  )
( -49  -192  16  )
( -199  -56  -34  )
( 152  -111  94  )
( 86  124  61  )
( -77  69  -66  )
( 179  -164  66  )
( -71  58  5  )
( 53  -12  -89  )
( -116  45  -60  )
( -30  -52  89  )
( 41  107  -37  )
( -117  -85  14  )
( 22  199  -195  )
( 98  32  -181  )
( 197  -36  0  )
( 154  -176  -90  )
( 72  -186  -145  )
( 100  -56  -140  )
( 104  52  180  )
( 138  -117  -45  )
( -22  17  112  )
( 44  11  -123  )
( 107  -179  175  )
( 8  197  67  )
( -176  -127  56  )
( -61  34  -140  )
( -162  160  109  )
( -150  139  87  )
( 64  -62  -89  )
( -110  -127  -169  )
( 50  -169  46  )
( 184  -13  1  )
( -84  107  -189  )
( 114  67  109  )
( -33  -184  76  )
( 158  118  160  )
( -133  -147  -38  )
( -176  170  -196  )
( 16  -87  -111  )
( -140  12  97  )
( -85  15  49  )
( -142  -70  108  )
( 69  111  179  )
( 81  152  32  )
( 123  -35  10  )
( -107  54  -29  )
( 106  -118  -185  )
( 177  73  -0  )
( 64  166  24  )
( 176  -117  -162  )
( 114  -74  -90  )
( -179  -61  56  )
( 118  -44  -26  )
( -29  -168  -56  )
( 64  7  -41  )
( -5  -90  -196  )
( -69  -177  107  )
( -3  119  -108  )
( 193  -119  -49  )
( 22  15  33  )
( -172  -182  -199  )
( -174  -33  146  )
( 40  -162  -139  )
( -160  179  -188  )
( -91  108  -42  )
( 193  4  -118  )
( 14  183  -27  )
( -48  169  0  )
( 188  -183  55  )
( -177  87  -88  )
( -12  183  70  )
( 87  -102  79  )
( 16  -99  138  )
( -41  45  -180  )
( -173  91  -0  )
( 176  -170  69  )
( 171  122  162  )
( -151  -181  -168  )
( 170  180  -22  )
( 5  -109  -2  )
( -181  -102  23  )
( -42  166  -76  )
( 106  13  178  )
( 76  -74  -32  )
( 152  -166  64  )
( -175  -8  -105  )
( 168  -56  -20  )
( -22  -45  -20  )
( -41  23  160  )
( -46  -67  33  )
( -96  23  34  )
( 37  69  -133  )
( -42  -119  -78  )
( 174  -156  148  )
( 137  -88  -147  )
( -156  -130  -157  )
( -76  84  180  )
( 30  6  193  )
( -44  183  -193  )
( -128  -3  88  )
( -71  59  -88  )
( -43  -46  130  )
( 37  18  -117  )
( -183  140  12  )
( 10  58  -166  )
( 38  -77  -146  )
( 176  -109  -149  )
( -159  185  194  )
( -159  -116  8  )
( -52  -66  43  )
( 169  148  35  )
( 170  -162  41  )
( -151  -17  172  )
( -192  158  -164  )
( 46  -169  -58  )
( 196  47  136  )
( 179  64  -35  )
( 117  -23  160  )
( 155  23  146  )
( 35  -114  -136  )
( -145  189  -48  )
( 49  46  -9  )
( 47  -149  196  )
