( -194  159  26  )
( -192  106  36  )
( -156  -151  188  )
( -14  38  -69  )
( -189  50  17  )
( 8  -174  -37  )
( 160  67  83  )
( -135  157  119  )
( 197  -161  174  )
( -130  183  138  )
( -147  111  -71  )
( 145  155  -122  )
( -162  -173  -29  )
( 153  -84  126  )
( 43  137  -76  )
( 56  123  -181  )
( -173  167  102  )
( -85  191  -158  )
( -83  -10  -85  )
( -183  -139  35  )
( -110  -11  33  )
( 43  -180  196  )
( -171  100  -156  )
( 188  -190  33  )
( -167  77  -113  )
( 40  -22  59  )
( 182  -91  31  )
( -111  77  36  )
( -22  -12  90  )
( 0  8  159  )
( -11  -164  -49  )
( 91  192  180  )
( 81  5  29  )
( -184  199  49  )
( 95  80  131  )
( -51  42  -90  )
( -74  17  27  )
( 22  -11  -185  )
( 103  176  -85  )
( 37  120  174  )
( 185  109  -124  )
( -63  -5  182  )
( 129  110  -165  )
( -62  115  97  )
( 21  92  103  )
( 77  30  131  )
( -53  -62  120  )
( 172  149  168  )
( -99  70  36  )
( 190  135  -1  )
( 158  -184  -118  )
( -45  177  -113  )
( -176  -40  -198  )
( -41  -109  -22  )
( -114  141  163  )
( -51  -77  -125  )
( 109  -16  -17  )
( 106  -20  40  )
( -129  -146  -39  )
( -130  25  137  )
( 136  121  -126  )
( -187  -132  -174  )
( 167  173  -12  )
( -0  -12  -107  )
( 97  144  -96  )
( 37  -111  8  )
( -138  187  105  )
( 90  158  -184  )
( 32  129  52  )
( 65  110  39  )
( -62  137  184  )
( 187  129  194  )
( 21  165  -22  )
( -153  -196  139  )
( 185  2  150  )
( -13  -100  61  )
( -54  158  -81  )
( 161  121  14  )
( -45  -29  58  )
( -135  -172  -167  )
( 90  -188  -192  )
( -30  88  -198  )
( -87  -156  163  )
( 135  192  -181  )
( 80  123  -6  )
( -62  196  197  )
( -30  126  -166  )
( -0  -59  80  )
( -155  -170  150  )
( 117  37  196  )
( -162  161  80  )
( 168  -92  -109  )
( -77  -42  -67  )
( -185  117  56  )
( 156  -187  -119  )
( -112  64  -4  )
( -78  -117  -126  )
( -159  -114  36  )
( 157  27  117  )
( 92  -101  2  )
( -109  196  -176  )
( 101  75  -78  )
( 197  15  37  )
( 196  4  -125  )
( -96  174  81  )
( 164  38  -80  )
( -10  -5  49  )
( -171  39  1  )
( -121  -31  -105  )
( 176  -174  33  )
( -58  2  75  )
( 58  -175  67  )
( 60  110  176  )
( -13  -38  112  )
( 19  124  5  )
( 112  188  84  )
( 23  -66  -146  )
( 42  -145  55  )
( -86  3  -170  )
( -30  168  188  )
( 19  -110  -80  )
( -182  -68  128  )
( -110  -48  82  )
( 11  -94  -137  )
( 10  24  46  )
( -31  92  183  )
( -191  117  -94  )
( -72  3  -144  )
( -65  43  -138  )
( 91  174  -33  )
( -71  57  -198  )
( -22  53  132  )
( 147  48  179  )
( -60  -159  76  )
( -131  -104  53  )
( 162  -152  12  )
( 130  162  37  )
( 99  10  44  )
( -37  -174  51  )
( -69  163  26  )
( -138  -74  65  )
( 33  194  133  )
( -181  80  -143  )
( -164  148  9  )
( 117  -29  -188  )
( -90  -144  -158  )
( -155  189  74  )
( -132  114  -161  )
( -97  34  -149  )
( -91  -172  -101  )
( 81  56  -61  )
( 27  -192  96  )
( 10  103  -75  )
( -108  -27  -128  )
( 9  89  -48  )
( -190  -182  -4  )
( 61  9  172  )
( 178  -89  48  )
( -88  -73  -16  )
( -7  -161  -188  )
( 155  151  -65  )
( -55  105  -185  )
( 192  -72  38  )
( 171  19  199  )
( 29  189  -104  )
( -74  22  95  )
( -95  71  76  )
( 191  39  165  )
( -83  -182  -142  )
( -52  -157  -130  )
( 136  92  -118  )
( -145  -197  -82  )
( -19  78  -21  )
( -166  153  80  )
( -41  -103  -73  )
( -179  -27  -145  )
( 20  -190  -88  )
( -63  -172  -117  )
( -186  -90  114  )
( 40  -125  -93  )
( -58  -134  141  )
( -35  -44  80  )
( -143  129  -81  )
( 127  24  73  )
( 117  -168  18  )
( -23  4  -24  )
( -128  -100  81  )
( -18  2  -67  )
( -88  -198  -165  )
( -38  186  157  )
( -54  -161  -136  )
( -60  -105  -115  )
( 170  -121  -112  )
( -195  39  84  )
( 191  160  -85  )
( 109  -138  72  )
( 88  -41  -97  )
( 147  -129  -2  )
( -105  -190  20  )
( -46  29  -181  )
( 140  99  170  )
( 32  -174  90  )
( 54  75  98  )
( -154  176  7  )
( -155  -193  150  )
( -40  62  165  )
( -184  163  -42  )
( -67  -2  -53  )
( 46  77  75  )
( -165  -100  -42  )
( 88  179  -143  )
( 103  -126  86  )
( 43  162  155  )
( 198  124  -0  )
( 117  -98  170  )
( 75  26  93  )
( 187  164  -44  )
( 37  -169  171  )
( 71  -68  -112  )
( 144  184  -51  )
( -6  74  98  )
( 142  195  -127  )
( -65  3  -14  )
( -89  111  -164  )
( -181  194  11  )
( 153  -118  -65  )
( 132  32  -50  )
( 76  2  -22  )
( 58  160  130  )
( 182  -175  80  )
( -52  -120  -175  )
( 61  12  120  )
( -67  -73  -179  )
( 150  68  67  )
( 194  -120  -84  )
( -151  -15  -39  )
( 188  -116  78  )
( 26  101  -1  )
( -127  -166  -168  )
( 56  -38  107  )
( 73  57  -70  )
( -122  -26  165  )
( -7  165  -30  )
( -84  -164  -140  )
( -66  59  80  )
( 193  75  117  )
( 80  103  -133  )
( 104  -143  -6  )
( 5  -105  -133  )
( 162  59  58  )
( -74  193  148  )
( 101  95  -167  )
( -14  -0  154  )
( -97  162  1  )
( -2  199  -95  )
( 170  189  -7  )
( -58  112  -170  )
( -71  187  192  )
( -81  -91  -127  )
( 134  36  -45  )
( -144  9  -174  )
( 6  -185  126  )
( -87  139  133  )
( 74  157  -83  )
( -10  -195  25  )
( 78  58  21  )
( 51  159  -141  )
( -176  170  93  )
( -138  97  -49  )
( 127  48  -141  )
( 41  -145  188  )
( 101  -11  -28  )
( 46  -27  64  )
( -186  -42  46  )
( -18  -121  -199  )
( 107  164  105  )
( -118  -108  34  )
( -173  33  -31  )
( -17  -110  -116  )
( -69  -101  -31  )
( 79  146  -87  )
( 85  -168  -39  )
( -5  194  -12  )
( 183  74  -137  )
( -78  187  124  )
( 31  -100  192  )
( 29  -152  -193  )
( -57  62  -100  )
( 51  -108  -181  )
( 23  114  195  )
( -109  -178  21  )
( 51  -117  40  )
( 30  -58  -95  )
( -117  -153  199  )
( -185  -183  -10  )
( -45  20  126  )
( -93  129  -134  )
( 96  107  -89  )
( -64  -192  199  )
( 165  -72  -14  )
( 39  167  -120  )
( 37  -6  172  )
( -179  180  52  )
( -111  -193  140  )
( -9  -128  124  )
( 133  102  -197  )
( -38  83  193  )
( -173  25  4  )
( -123  117  172  )
( -60  120  -122  )
( -45  -158  184  )
( 154  52  -194  )
( 101  20  29  )
( 129  173  70  )
( 44  107  -45  )
( 190  -186  -159  )
( 75  -188  -81  )
( 59  158  85  )
( -48  99  42  )
( -9  56  2  )
( 102  15  30  )
( 19  70  154  )
( -83  -15  39  )
( 71  -95  -65  )
( 104  -113  87  )
( 117  -161  131  )
( 91  -196  -152  )
( 28  66  51  )
( -60  -99  92  )
( 81  87  -122  )
( -63  19  -55  )
( 3  84  44  )
( -185  26  -128  )
( -155  -108  -130  )
( 191  32  -92  )
( 97  143  175  )
( -138  -150  67  )
( 57  -162  -76  )
( 171  98  -172  )
( -72  120  -136  )
( 191  -189  -177  )
( -195  -2  -134  )
( 4  -146  -27  )
( 50  -125  -49  )
( -19  169  77  )
( -119  123  -23  )
( -195  -179  -105  )
( 110  67  -156  )
( 103  -180  8  )
( -110  50  -196  )
( -193  127  -30  )
( 100  -56  167  )
( -49  -13  5  )
( -99  -63  10  )
( 31  -179  171  )
( 130  11  -36  )
( -31  141  -190  )
( 111  -179  -184  )
( -156  123  197  )
( -108  94  198  )
( -31  154  187  )
( -9  -52  163  )
( 122  -162  -163  )
( -48  -114  50  )
( -182  -48  -18  )
( 134  119  -58  )
( -128  -141  87  )
( 42  -9  126  )
( -90  -169  152  )
( -143  -173  1  )
( -135  -59  -42  )
( -162  -103  -190  )
( 4  17  -116  )
( -195  -0  117  )
( 168  31  -20  )
( -20  -155  -128  )
( 28  -86  -30  )
( 73  -147  146  )
( 63  48  -118  )
( 157  -51  -89  )
( 40  185  -77  )
( -34  -41  139  )
( -124  -177  108  )
( -130  64  86  )
( 177  125  62  )
( 154  20  151  )
( -55  175  -78  )
( -178  -54  -43  )
( -140  -108  168  )
( -185  100  -166  )
( 169  -0  -199  )
( 110  175  12  )
( -33  -73  -124  )
( 57  -17  -87  )
( -47  26  21  )
( -182  -134  94  )
( -22  -102  -37  )
( -144  131  -124  )
( -159  124  -197  )
( -191  -47  -40  )
( -6  -120  -19  )
( -151  54  -62  )
( 183  -37  -32  )
( 193  -71  -65  )
( 30  92  94  )
( 143  -104  172  )
( -192  121  19  )
( 35  -64  -137  )
( -151  170  143  )
( 111  95  33  )
( 3  14  41  )
( 173  64  -116  )
( 187  -65  42  )
( 116  57  125  )
( 167  -29  66  )
( -164  -157  75  )
( -69  -19  159  )
( 112  -85  74  )
( -142  -70  124  )
( 69  88  -61  )
( 22  170  -44  )
( -107  -154  -35  )
( -18  -152  119  )
( 137  183  32  )
( 57  -170  189  )
( -196  131  189  )
( -181  -43  -22  )
( 177  184  -81  )
( 194  -69  12  )
( 86  160  -136  )
( 191  -21  186  )
( -117  106  150  )
( -84  21  -0  )
( -100  69  111  )
( 120  84  37  )
( -137  -185  -107  )
( 124  -27  26  )
( -69  -16  103  )
( -78  -178  48  )
( 117  69  29  )
( -3  151  -32  )
( -169  -178  190  )
( -118  -151  -3  )
( -41  -178  -170  )
( -12  -80  -40  )
( 54  -91  186  )
( -13  -96  -37  )
( 78  -35  -118  )
( 63  -185  -49  )
( 39  -135  111  )
( 139  86  150  )
( 27  -24  106  )
( 121  -127  55  )
( -8  -105  181  )
( -91  -82  14  )
( -18  -137  -143  )
( 141  5  -168  )
( -159  -144  117  )
( -164  -70  -174  )
( 107  -48  -184  )
( -148  141  -177  )
( 191  146  -141  )
( 173  17  -50  )
( -88  -33  -151  )
( -170  113  -70  )
( -36  149  170  )
( 142  91  79  )
( -24  -112  -101  )
( 108  -7  173  )
( 152  133  -199  )
( 12  -53  -74  )
( 75  -18  99  )
( -168  -182  32  )
( 108  -23  -95  )
( 84  148  5  )
( 55  83  -10  )
( 61  123  -73  )
( -111  74  -98  )
( 42  106  -108  )
( 119  -174  113  )
( -98  191  -159  )
( -125  167  148  )
( 100  -124  -122  )
( -75  -198  -124  )
( -191  -17  114  )
( 49  -52  20  )
( -173  -116  -2  )
( 196  -33  -118  )
( 72  -101  -82  )
( 78  63  171  )
( -154  180  -81  )
( -50  -5  -133  )
( 67  197  193  )
( -95  -20  -140  )
( 184  91  -98  )
( 99  -170  -100  )
( 71  -59  -56  )
( 38  4  54  )
( 120  -100  48  )
( 89  28  -68  )
( 162  -86  -173  )
( -130  -17  1  )
( -79  162  -18  )
( 91  -51  -23  )
( -18  -76  -57  )
( -13  147  -34  )
( -31  35  70  )
( 91  -114  10  )
( 23  115  -173  )
( 117  -110  -98  )
( 70  0  -79  )
( 55  0  -148  )
( -158  139  88  )
( -162  186  -124  )
( -124  -58  46  )
( -26  166  -85  )
( 23  -57  164  )
( 8  181  89  )
( -115  58  186  )
( 177  97  -52  )
( -170  -78  125  )
( -190  44  179  )
( -167  183  197  )
( -190  142  -135  )
( 188  -79  -58  )
( 166  -82  -115  )
( -37  -115  7  )
( -103  -138  -127  )
( 192  -72  49  )
( -135  -45  -58  )
( -42  23  -9  )
( 6  -11  -14  )
( 37  187  -120  )
( 17  171  -104  )
( 112  -73  184  )
( -133  -122  -27  )
( -169  163  19  )
( -23  -13  167  )
( -183  -27  -50  )
( -6  44  -116  )
( 27  -56  5  )
( 145  -83  -4  )
( -43  -59  40  )
( -199  74  -14  )
( -23  106  100  )
( -130  184  -19  )
( -143  117  135  )
( 123  16  82  )
( -137  50  -73  )
( -186  148  -34  )
( -163  60  145  )
( -101  -154  -185  )
( 159  94  -49  )
( 82  -167  166  )
( 84  -73  -50  )
( 42  -9  -21  )
( 97  -164  -13  )
( -153  165  186  )
( -69  -10  23  )
( -151  -71  -169  )
( -74  -25  -119  )
( 72  -182  80  )
( -110  -181  -22  )
( 164  55  -184  )
( 19  154  -199  )
( 15  -94  -120  )
( 127  97  -22  )
( -155  -83  150  )
( 136  -19  69  )
( 123  22  147  )
( 64  -175  -51  )
( 133  -69  -79  )
( 19  20  -106  )
( -102  34  87  )
( -73  143  40  )
( -9  132  -67  )
( -56  -153  -50  )
( 13  -63  75  )
( 10  51  -132  )
( -68  14  -36  )
( -145  102  -94  )
( 66  -14  116  )
( -129  -21  -23  )
( -68  -128  -51  )
( -157  168  -189  )
( -162  -38  15  )
( 3  -43  80  )
( -141  -79  -75  )
( 107  -131  -52  )
( -36  -45  14  )
( 157  145  -146  )
( 118  183  -42  )
( 187  17  -48  )
( -83  24  -191  )
( -99  139  69  )
( 37  78  -55  )
( 63  -55  139  )
( -166  114  124  )
( 17  -144  -128  )
( -146  133  -163  )
( -162  -41  40  )
( -38  116  -45  )
( -6  34  80  )
( 125  112  142  )
( -94  -5  -145  )
( 19  51  86  )
( 90  173  47  )
( -110  -37  -51  )
( -79  -130  -123  )
( -88  -98  -167  )
( -142  -9  -1  )
( 162  90  163  )
( -172  -21  161  )
( 100  -130  -9  )
( 148  -173  -117  )
( -105  -182  -194  )
( -143  46  21  )
( 15  2  -170  )
( 74  -179  113  )
( -64  195  -79  )
( -91  172  -187  )
( -147  -111  -56  )
( -126  -13  147  )
( -57  -128  -14  )
( 169  -119  -34  )
( -91  34  -24  )
( -187  -71  115  )
( 27  133  181  )
( -121  71  49  )
( -167  -104  -138  )
( -171  -195  -106  )
( -170  -16  76  )
( 81  120  55  )
( -134  -54  -45  )
( 165  41  56  )
( -161  87  117  )
( -149  4  51  )
( -103  -21  -113  )
( -20  -125  121  )
( 120  -144  -32  )
( -176  53  -57  )
( 132  -169  55  )
( -103  -42  -69  )
( 97  156  108  )
( 162  -68  150  )
( 195  -130  -120  )
( -7  -9  95  )
( 155  15  100  )
( 13  -19  -32  )
( 1  -151  -45  )
( -135  -34  16  )
( 70  -135  50  )
( -124  -103  -198  )
( 0  29  -101  )
( -45  -164  -190  )
( -158  14  -73  )
( -178  -173  -98  )
( -96  83  -105  )
( -16  116  179  )
( -90  -93  59  )
( 196  -44  -71  )
( 41  -129  -193  )
( -38  -130  194  )
( 78  -90  103  )
( -52  -53  111  )
( -166  176  114  )
( 171  -106  -140  )
( -190  89  80  )
( 110  18  80  )
( -120  138  -74  )
( -180  161  63  )
( -103  -23  -22  )
( 170  191  36  )
( -175  5  -144  )
( 168  -119  28  )
( -39  -44  -155  )
( 164  -183  -30  )
( 7  116  -104  )
( 14  156  -44  )
( -59  153  146  )
( -136  -15  -154  )
( 161  -145  147  )
( -114  31  -184  )
( 108  188  150  )
( 175  -154  52  )
( 123  -132  -13  )
( 37  45  92  )
( 63  126  -122  )
( -180  -47  -141  )
( -168  66  170  )
( -119  -117  -103  )
( -183  -194  -97  )
( 60  -96  147  )
( 146  168  -40  )
( -172  -80  0  )
( 58  130  -134  )
( -124  -47  -39  )
( 4  -101  102  )
( -17  -116  175  )
( 55  -180  -36  )
( -65  -185  -35  )
( 129  -54  177  )
( 107  -44  39  )
( -6  11  161  )
( -123  75  -132  )
( 106  89  42  )
( -112  37  -155  )
( -12  191  20  )
( 105  45  -83  )
( 151  188  -111  )
( 197  -154  191  )
( 57  49  -133  )
( -13  -82  -15  )
( -0  155  -93  )
( 199  84  76  )
( -56  188  -74  )
( -141  -168  127  )
( -175  -69  -124  )
( 13  175  -153  )
( -41  -181  -22  )
( 110  -54  17  )
( 171  25  10  )
( -197  -46  -74  )
( 37  -121  120  )
( 158  121  -113  )
( 73  109  -54  )
( 91  24  19  )
( 126  -164  74  )
( -130  97  132  )
( 77  51  -23  )
( 150  32  135  )
( -192  180  150  )
( 180  86  -44  )
( -0  -69  -158  )
( 148  -174  129  )
( -135  123  -50  )
( 101  -141  1  )
( -36  44  73  )
( -141  185  161  )
( 132  -39  118  )
( -116  139  39  )
( 71  -62  76  )
( -153  -163  106  )
( 91  169  13  )
( 95  -76  45  )
( 114  177  0  )
( 120  -174  126  )
( 25  -160  -102  )
( -103  -199  -49  )
( -34  -181  -46  )
( 181  38  166  )
( -48  19  18  )
( 127  3  -5  )
( 82  75  85  )
( -49  -133  111  )
( -43  -42  -143  )
( -105  76  -1  )
( -62  -118  -186  )
( -137  68  125  )
( 54  100  -26  )
( 125  143  15  )
( -5  13  -2  )
( -58  -174  192  )
( -193  197  18  )
( -165  -196  -84  )
( 135  -120  -99  )
( -30  129  -91  )
( 140  -177  -139  )
( 26  188  110  )
( -169  36  85  )
( -117  66  138  )
( -141  -31  -59  )
( -13  -22  -194  )
( 114  -120  -175  )
( 85  -127  197  )
( 146  145  -105  )
( -91  -97  164  )
( -66  -173  -178  )
( 99  -38  -109  )
( -43  46  42  )
( 113  17  2  )
( 157  152  -50  )
( -131  121  -71  )
( -43  147  153  )
( -34  -79  150  )
( -30  -164  153  )
( 177  190  -198  )
( -23  -196  127  )
( -63  -70  -148  )
( 2  21  22  )
( 180  50  139  )
( -136  -70  140  )
( -104  -148  64  )
( 131  50  -186  )
( 90  -160  53  )
( -81  -165  -73  )
( -87  -79  102  )
( 2  -50  -187  )
( -187  -124  -111  )
( 4  190  -73  )
( 189  -168  99  )
( -68  9  -96  )
( -100  193  -93  )
( -178  -58  -15  )
( -131  127  -21  )
( -41  2  -68  )
( 97  180  -41  )
( -121  -120  -158  )
( -87  -92  -160  )
( 92  -124  59  )
( -172  134  -51  )
( 0  67  -163  )
( -80  -118  -120  )
( 16  144  81  )
( -121  -130  198  )
( -111  -62  182  )
( -6  -95  -25  )
( 99  25  73  )
( 170  112  -196  )
( 8  119  45  )
( 179  -93  -164  )
( -114  133  -46  )
( 170  81  -91  )
( 19  102  -30  )
( -155  -148  -8  )
( -63  -185  151  )
( 174  -171  -194  )
( -35  -32  -182  )
( -160  190  140  )
( -29  -184  -69  )
( 84  165  107  )
( 165  99  -34  )
( -62  -155  139  )
( 128  -194  -43  )
( 118  147  -32  )
( 77  -59  -81  )
( -4  -152  151  )
( 158  42  133  )
( 182  -95  39  )
( -66  -137  -78  )
( 194  191  -31  )
( 62  168  28  )
( 175  124  -146  )
( 76  150  -55  )
( -197  -143  193  )
( 27  137  142  )
( -175  -60  -54  )
( 50  42  -71  )
( -41  113  -163  )
( -76  -161  -147  )
( 89  -116  42  )
( -122  -129  -110  )
( -12  24  -31  )
( -147  -10  -155  )
