( -71  102  -46  )
( -170  -50  -6  )
( 148  -196  -63  )
( 118  103  -163  )
( -177  191  37  )
( -193  -147  95  )
( 156  -145  -38  )
( 128  46  23  )
( 86  38  67  )
( 54  -165  38  )
( 148  186  19  )
( -2  -165  -16  )
( 4  -145  -65  )
( 174  -36  -72  )
( -135  -74  89  )
( -81  -168  -79  )
( 185  102  -172  )
( 157  31  -140  )
( -88  -40  51  )
( -178  -170  -150  )
( 119  25  192  )
( -24  152  178  )
( 88  90  -45  )
( -52  -161  -37  )
( -197  -57  -151  )
( 60  -159  -77  )
( -78  121  70  )
( -168  -179  -69  )
( -43  168  37  )
( 3  -127  -90  )
( 98  -135  109  )
( 104  -112  -132  )
( 148  143  138  )
( -157  0  -159  )
( -23  171  79  )
( -65  -156  142  )
( 153  43  -131  )
( -168  -61  133  )
( -11  -79  0  )
( 124  53  -191  )
( -62  -168  -34  )
( -100  102  -160  )
( 43  183  94  )
( 123  -45  149  )
( -89  175  -13  )
( 37  74  144  )
( 77  -96  45  )
( 121  117  125  )
( 158  -96  -100  )
( -35  -95  -153  )
( 72  -21  84  )
( -78  -42  46  )
( -10  3  7  )
( 122  -18  -46  )
( -21  -104  -172  )
( 64  127  -76  )
( 107  89  66  )
( -62  -100  -102  )
( -16  -27  20  )
( -191  -137  5  )
( -169  129  -91  )
( 79  50  -180  )
( 71  -120  -48  )
( -157  133  -168  )
( 179  139  -76  )
( 109  131  127  )
( 105  -78  178  )
( 38  -6  -157  )
( -186  -123  -12  )
( 52  192  -123  )
( -104  143  175  )
( 196  52  166  )
( -26  -117  108  )
( 155  117  -34  )
( 12  29  -138  )
( -49  143  128  )
( -155  130  -166  )
( 194  81  -33  )
( -198  -32  186  )
( 104  169  51  )
( 190  147  -87  )
( -20  120  70  )
( -170  79  -135  )
( 132  -149  28  )
( -194  83  189  )
( -162  196  38  )
( -11  114  57  )
( 76  -171  -73  )
( 82  197  -128  )
( 31  -95  174  )
( -132  -101  -96  )
( -171  -63  -190  )
( 74  -10  163  )
( 62  94  13  )
( 144  -142  -119  )
( -180  -106  121  )
( 91  109  -32  )
( -141  6  75  )
( 95  -192  -86  )
( -36  181  185  )
( 77  103  -10  )
( -80  96  129  )
( 141  31  15  )
( -125  -196  57  )
( -165  -6  184  )
( -54  -65  -187  )
( -161  56  119  )
( 75  150  179  )
( -100  -29  -180  )
( 149  39  1  )
( 132  68  -147  )
( 30  92  128  )
( -183  144  9  )
( -114  119  -182  )
( 7  16  -17  )
( -136  -96  150  )
( -34  -65  -17  )
( 20  -108  -122  )
( -10  -196  193  )
( 116  168  59  )
( -122  -30  28  )
( -159  12  -55  )
( 164  -75  33  )
( 120  -194  165  )
( -0  -12  74  )
( -156  112  165  )
( 136  103  -90  )
( 40  42  -11  )
( -191  4  -19  )
( 113  -199  125  )
( -31  -99  186  )
( -161  -147  -189  )
( 33  -43  29  )
( 106  83  24  )
( 147  -187  -8  )
( -64  -36  -42  )
( -193  66  -179  )
( 145  118  -12  )
( -17  130  182  )
( 112  94  -120  )
( 132  123  -45  )
( 195  -19  -171  )
( -149  -5  -189  )
( 0  -79  193  )
( 39  -117  190  )
( 157  -197  192  )
( 87  -123  -105  )
( 190  124  151  )
( -194  35  -94  )
( 82  -122  -113  )
( 158  -33  -34  )
( -130  33  76  )
( -16  34  -65  )
( 22  -19  23  )
( -176  32  146  )
( -186  114  -161  )
( -55  164  125  )
( -10  -23  111  )
( -37  21  180  )
( -134  -107  6  )
( 156  98  -182  )
( -138  59  197  )
( 117  -175  -20  )
( -80  191  133  )
( 30  -19  102  )
( -176  -116  -132  )
( -68  157  144  )
( -148  77  36  )
( 71  -188  199  )
( 172  165  28  )
( 5  -140  81  )
( -130  -93  -38  )
( -32  144  -141  )
( 33  -58  91  )
( 78  175  -93  )
( 95  -61  21  )
( -168  111  -152  )
( 46  103  64  )
( -10  53  153  )
( 46  -58  -185  )
( -114  189  -131  )
( 134  -130  152  )
( -132  -190  -100  )
( 63  -146  99  )
( 65  -67  -189  )
( -187  9  -99  )
( 185  159  24  )
( -157  81  163  )
( -17  15  110  )
( -129  -127  -41  )
( 133  33  -59  )
( 122  72  95  )
( -14  74  -132  )
( 138  22  -59  )
( 49  -70  -63  )
( 184  -18  28  )
( 184  -81  94  )
( 22  -184  -161  )
( 33  -147  -160  )
( -147  22  -72  )
( 35  69  -89  )
( 198  -179  -73  )
( 9  -149  -84  )
( -27  45  -71  )
( -137  73  41  )
( 27  127  -48  )
( -131  116  -178  )
( 95  96  -32  )
( 30  124  -96  )
( -112  -11  -67  )
( -74  -164  46  )
( -156  158  180  )
( -9  -58  171  )
( 134  23  49  )
( -40  -132  99  )
( 136  89  50  )
( -116  178  -79  )
( -98  -182  -189  )
( 25  -136  13  )
( -108  178  -40  )
( -40  -171  17  )
( 26  59  110  )
( 116  199  -79  )
( -112  111  -9  )
( -50  56  115  )
( 17  23  62  )
( -118  57  -1  )
( 161  7  196  )
( -111  123  -126  )
( -96  8  -197  )
( 191  -141  165  )
( 73  102  -46  )
( 45  -75  77  )
( -39  40  109  )
( -31  -173  134  )
( 123  16  117  )
( 103  -127  -52  )
( -81  174  3  )
( 107  41  164  )
( -135  124  105  )
( -62  -79  129  )
( -102  97  -189  )
( 142  -4  93  )
( 54  -17  -145  )
( 138  125  65  )
( 52  72  -132  )
( 142  48  -69  )
( 183  -139  -86  )
( 181  179  42  )
( -92  33  157  )
( -179  -72  -158  )
( 17  155  -122  )
( -38  -137  -75  )
( -3  -11  24  )
( -138  159  136  )
( 31  -94  -44  )
( 139  -122  -20  )
( -98  -20  -175  )
( -4  182  -21  )
( -147  8  -100  )
( -29  -120  -80  )
( 22  -94  168  )
( 56  166  -102  )
( 127  74  -156  )
( 195  -191  -159  )
( -53  -193  67  )
( -112  -2  -80  )
( -34  -46  110  )
( 137  12  112  )
( 158  56  -196  )
( 106  191  92  )
( 92  133  -96  )
( 177  44  -54  )
( 174  125  41  )
( 68  26  -10  )
( -111  -165  90  )
( 114  35  121  )
( -174  28  -114  )
( 67  191  -33  )
( 118  -64  1  )
( 198  -5  -10  )
( 10  199  42  )
( 26  161  -15  )
( 35  -68  -194  )
( 167  -32  -146  )
( 171  46  -16  )
( 196  135  162  )
( -170  -71  -6  )
( 135  110  49  )
( -190  -172  -41  )
( -149  -130  -143  )
( 159  109  -131  )
( -70  133  -102  )
( 175  168  111  )
( -64  -110  -152  )
( 172  181  5  )
( -77  27  140  )
( 182  0  26  )
( 198  21  -189  )
( -174  -183  139  )
( -42  111  -73  )
( -124  42  -28  )
( -10  170  -89  )
( -44  -150  92  )
( 110  -1  30  )
( -20  8  -11  )
( -79  -5  67  )
( 84  -100  44  )
( 150  -132  158  )
( -20  -43  -58  )
( -57  -154  149  )
( -139  -156  43  )
( 172  -109  -35  )
( -95  130  -0  )
( 68  -0  187  )
( -57  39  -31  )
( -153  -120  -36  )
( -75  -103  -40  )
( -192  48  146  )
( 26  146  -4  )
( 198  27  39  )
( -37  126  -115  )
( 181  121  107  )
( -187  141  19  )
( 55  -2  107  )
( 128  -64  38  )
( -58  -20  -8  )
( -25  -145  188  )
( -166  128  175  )
( -187  -181  -47  )
( 79  103  -174  )
( 182  -64  -7  )
( -178  155  119  )
( 21  17  -22  )
( 73  106  39  )
( -73  35  -39  )
( -25  -102  -115  )
( -3  -169  -19  )
( 46  56  -148  )
( -126  -170  -85  )
( -96  106  -131  )
( -170  -99  -17  )
( -75  -118  -76  )
( 153  -147  -84  )
( -180  130  -149  )
( 8  81  79  )
( 159  -62  157  )
( -22  60  120  )
( 45  -160  -133  )
( 26  -125  -190  )
( -178  -114  -39  )
( 8  -194  -81  )
( 151  128  46  )
( 106  -86  144  )
( 11  -56  -103  )
( -148  79  -135  )
( 126  -153  140  )
( 131  -164  156  )
( 82  -60  -12  )
( 61  -20  161  )
( 77  -184  -67  )
( -36  -140  97  )
( 30  -104  -41  )
( 95  179  23  )
( -58  103  -78  )
( 51  -124  34  )
( 175  181  -13  )
( -151  -197  -191  )
( -164  26  -147  )
( -139  61  -87  )
( 91  -164  -122  )
( 124  85  158  )
( -26  78  -169  )
( -62  149  110  )
( 70  123  -177  )
( -60  -105  113  )
( -153  67  186  )
( -21  -195  183  )
( -36  -117  -196  )
( -117  120  -115  )
( 155  -4  -11  )
( -19  162  84  )
( -2  53  114  )
( 15  -134  120  )
( 113  -147  -36  )
( -128  167  -60  )
( 140  164  -137  )
( -23  -160  73  )
( -125  178  39  )
( 198  102  -108  )
( -0  -9  -121  )
( -41  46  110  )
( 82  -189  127  )
( -118  188  -148  )
( -145  127  81  )
( 49  -122  -42  )
( 33  -73  36  )
( 2  -0  -157  )
( -130  -96  7  )
( -131  -127  -129  )
( 138  100  139  )
( 24  -64  54  )
( 42  109  198  )
( -133  -175  197  )
( 43  -55  112  )
( -165  109  138  )
( -142  -40  -25  )
( -153  79  -38  )
( 30  -182  -92  )
( 159  -72  -161  )
( -86  84  -81  )
( 121  23  55  )
( 155  -6  -71  )
( 30  -40  -36  )
( 149  -9  115  )
( 6  60  157  )
( 46  -139  -69  )
( -149  36  -188  )
( -110  -27  84  )
( 136  91  99  )
( 118  -29  13  )
( 113  174  140  )
( 89  -56  -135  )
( -96  95  4  )
( 15  146  -94  )
( 33  9  -73  )
( 93  -177  -101  )
( 179  59  -131  )
( 150  -77  -181  )
( -13  -85  -122  )
( 19  -1  -36  )
( 44  57  160  )
( -42  127  -43  )
( -158  101  -138  )
( 142  28  62  )
( -32  -101  61  )
( -2  -67  149  )
( -177  195  -161  )
( -170  46  -155  )
( -50  -141  -30  )
( -157  122  176  )
( 170  -116  53  )
( 129  41  104  )
( 137  -118  -97  )
( -6  175  81  )
( 178  142  87  )
( 96  113  -66  )
( -18  -122  -79  )
( -122  -47  45  )
( 13  -24  41  )
( -193  -145  83  )
( 53  -167  63  )
( -119  198  -194  )
( -36  160  189  )
( -69  -64  -59  )
( 55  73  -164  )
( -118  37  29  )
( -128  19  -76  )
( 121  -31  168  )
( -26  -136  -128  )
( -138  56  51  )
( 45  -192  -38  )
( 15  6  125  )
( 147  -185  -123  )
( 178  30  -77  )
( 195  185  -45  )
( 175  -46  -194  )
( 160  -139  174  )
( -1  -149  -169  )
( -149  -104  -166  )
( 178  -155  -68  )
( -128  -35  60  )
( -33  9  -86  )
( 50  123  -179  )
( -44  -25  152  )
( 88  -28  85  )
( -184  152  -134  )
( 197  -59  -25  )
( -36  179  -175  )
( -133  52  -151  )
( -108  196  58  )
( -139  -99  57  )
( -106  -121  -164  )
( 126  -146  -74  )
( -189  -137  -100  )
( 29  120  155  )
( -183  -187  184  )
( 7  138  -64  )
( 187  -13  96  )
( 110  -180  153  )
( -55  86  -85  )
( 161  -80  134  )
( 178  -28  -83  )
( -7  142  5  )
( 10  75  -62  )
( 33  54  169  )
( 36  172  9  )
( -170  -71  -137  )
( -38  95  -166  )
( 8  130  -191  )
( 169  -189  186  )
( 173  179  19  )
( 86  -118  -74  )
( 18  -181  -126  )
( 105  -14  159  )
( -77  15  -164  )
( 16  188  -197  )
( -5  -137  -188  )
( 194  -79  176  )
( 157  122  -112  )
( 10  -117  157  )
( 6  107  -156  )
( 122  -6  -199  )
( 15  56  -85  )
( 113  158  -177  )
( 140  -3  -4  )
( 125  20  -101  )
( -156  -52  -72  )
( -165  -64  176  )
( 159  57  -133  )
( -71  57  -46  )
( -90  -89  67  )
( -47  124  138  )
( 85  120  -149  )
( 120  -70  -59  )
( 154  177  -67  )
( -133  50  -160  )
( 125  85  -82  )
( 63  137  -54  )
( -98  -34  188  )
( 113  107  126  )
( -20  -61  -78  )
( 116  -137  56  )
( 177  -136  -161  )
( -95  -184  -175  )
( 114  -2  -28  )
( -2  -80  128  )
( 38  -18  132  )
( 186  -146  -20  )
( 91  79  51  )
( -135  172  -195  )
( 19  1  -161  )
( -28  168  127  )
( -54  -168  -134  )
( -72  11  -64  )
( 20  -144  -61  )
( -6  -124  139  )
( -199  -119  48  )
( -176  103  63  )
( -22  -164  107  )
( -52  -149  181  )
( -76  -92  40  )
( 108  -69  139  )
( 63  37  -178  )
( -153  172  -52  )
( 192  161  -86  )
( -192  168  182  )
( -91  62  -55  )
( -66  154  141  )
( 115  104  -6  )
( 20  64  -136  )
( 45  73  -120  )
( 119  -20  53  )
( 39  24  -171  )
( 114  -138  -25  )
( 147  45  135  )
( -79  -66  -195  )
( 34  -43  -115  )
( 136  103  79  )
( -183  -40  -53  )
( -81  35  99  )
( 29  178  65  )
( -169  -87  47  )
( -97  -30  106  )
( -158  -25  -79  )
( -8  -13  23  )
( -41  -158  171  )
( -89  159  -9  )
( -51  -54  -28  )
( 72  109  157  )
( 186  60  19  )
( -31  -2  5  )
( 143  -1  146  )
( -140  -165  -115  )
( 87  -30  77  )
( 15  -186  -53  )
( -160  -187  190  )
( -155  -115  -16  )
( -54  -12  -145  )
( 37  69  -161  )
( -175  13  -5  )
( 151  -101  -149  )
( -80  25  18  )
( 161  105  9  )
( -47  -66  -102  )
( -162  -155  -101  )
( -31  101  -13  )
( -57  -140  -89  )
( 90  -108  165  )
( -177  147  -87  )
( -55  -118  79  )
( -103  -143  -5  )
( -40  -37  -76  )
( 88  -169  -50  )
( 174  -191  83  )
( 181  -4  -176  )
( 0  -73  80  )
( 130  -6  167  )
( -12  -134  162  )
( -84  65  28  )
( 140  27  -47  )
( -14  182  83  )
( 8  -82  89  )
( 106  154  182  )
( -70  19  181  )
( -131  67  182  )
( -64  -97  105  )
( -134  131  -151  )
( 7  -100  8  )
( 26  -64  -100  )
( 164  -113  -173  )
( -82  -91  -90  )
( 10  43  131  )
( 176  120  -198  )
( 176  14  -65  )
( 16  171  125  )
( 11  46  -98  )
( 115  -48  102  )
( -149  -110  -126  )
( -36  -179  1  )
( -122  -59  -194  )
( -1  6  169  )
( 170  -40  -126  )
( -196  -142  -125  )
( -25  181  70  )
( -62  -61  -57  )
( -152  -9  50  )
( -81  48  115  )
( 169  179  180  )
( 149  186  139  )
( -150  153  -110  )
( -163  -9  23  )
( -5  30  -171  )
( 187  -166  -52  )
( 12  17  -40  )
( -64  -141  -177  )
( 136  -169  84  )
( 88  45  85  )
( -88  -112  -10  )
( 89  -43  -68  )
( 142  -13  -100  )
( -17  34  -158  )
( -98  122  -192  )
( -124  -50  117  )
( 44  11  -18  )
( 22  -56  180  )
( -157  -135  9  )
( -23  184  -24  )
( 28  -48  -15  )
( -179  82  107  )
( -74  -195  163  )
( 126  -9  141  )
( 160  -78  170  )
( -16  -197  -61  )
( 84  -132  -118  )
( -11  3  99  )
( 86  34  -104  )
( 123  134  -5  )
( 102  -56  46  )
( 141  -56  -97  )
( -62  180  -22  )
( 159  96  83  )
( 133  193  -187  )
( -182  -12  -58  )
( -41  29  -33  )
( -155  129  23  )
( -30  21  -70  )
( 149  188  -125  )
( -175  107  -181  )
( 47  110  -191  )
( 96  163  130  )
( 63  -140  85  )
( -51  12  -61  )
( 33  68  -54  )
( 91  -142  -61  )
( 49  -95  -156  )
( 175  -50  -72  )
( -4  -145  -2  )
( 15  -140  -163  )
( -39  -83  13  )
( -183  32  144  )
( -88  66  24  )
( -87  48  95  )
( -155  11  122  )
( 68  193  -39  )
( 20  71  47  )
( -134  75  -157  )
( -72  180  -19  )
( -163  93  -196  )
( 78  -65  -72  )
( 107  162  156  )
( -157  169  19  )
( -28  -15  57  )
( 93  78  -80  )
( -29  -99  61  )
( -78  44  -47  )
( -97  4  -161  )
( 88  -79  -190  )
( 49  -164  -138  )
( -133  176  -30  )
( 41  0  88  )
( 153  191  -129  )
( -93  -114  -53  )
( -53  -131  -140  )
( 38  -119  24  )
( -11  -165  87  )
( -76  75  -166  )
( -41  -73  80  )
( 110  193  -183  )
( -23  -141  -198  )
( 119  -4  145  )
( 141  -150  -83  )
( 125  62  -134  )
( 178  17  115  )
( 129  -31  -195  )
( 159  118  63  )
( 18  -91  63  )
( 155  30  -36  )
( -52  94  -83  )
( -28  156  88  )
( -5  157  -153  )
( 43  84  -14  )
( 143  162  133  )
( -81  -51  -49  )
( 101  -44  198  )
( 170  -60  -143  )
( 4  132  -81  )
( 175  158  4  )
( -78  -163  60  )
( -0  99  -117  )
( 30  -24  62  )
( 75  41  166  )
( -100  83  188  )
( 73  -97  11  )
( -79  83  160  )
( -104  193  -10  )
( 176  129  -74  )
( -84  -128  -134  )
( 182  -122  95  )
( -133  113  -26  )
( -14  -72  1  )
( 16  82  127  )
( -71  28  52  )
( -62  -144  -190  )
( -67  102  179  )
( 186  -105  -129  )
( -170  -145  3  )
( -98  -23  109  )
( -183  89  71  )
( 192  -84  -150  )
( 51  61  -154  )
( -129  -83  36  )
( -85  -59  -141  )
( 191  -10  -0  )
( 24  -25  -110  )
( 39  -68  73  )
( 161  7  27  )
( -181  -130  37  )
( -175  68  -47  )
( -184  -73  -134  )
( 3  -101  177  )
( -120  40  93  )
( 36  -62  -170  )
( 76  145  -91  )
( -99  -105  -170  )
( -49  76  -75  )
( 40  35  74  )
( 70  153  129  )
( -198  -100  177  )
( 123  12  38  )
( -91  -75  196  )
( 173  179  138  )
( 76  -27  -77  )
( 50  122  32  )
( -47  14  -177  )
( -133  135  134  )
( 94  0  -198  )
( -134  163  167  )
( 5  19  142  )
( -149  -92  -178  )
( 94  -139  142  )
( 26  8  199  )
( 149  97  -18  )
( 66  78  20  )
( -32  78  86  )
( -6  152  143  )
( 107  -13  179  )
( -186  -158  -151  )
( 49  184  -8  )
( 79  -20  148  )
( -55  188  150  )
( 0  153  50  )
( -130  -118  -86  )
( -168  144  -8  )
( 198  -197  118  )
( 69  65  199  )
( -133  -79  -41  )
( -121  83  -144  )
( -162  -101  -4  )
( 151  195  -4  )
( 1  16  -190  )
( 59  131  183  )
( -137  87  108  )
( 80  -97  39  )
( -20  155  3  )
( -52  -114  -124  )
( 81  -140  -74  )
( 10  107  -172  )
( -107  26  51  )
( 64  -113  -22  )
( -74  -197  -99  )
( 140  142  -181  )
( -167  -169  -124  )
( 57  -41  -45  )
( -92  -187  60  )
( -62  -8  -122  )
( 69  -115  126  )
( 171  -111  -192  )
( 112  -76  29  )
( 136  53  94  )
( 64  -108  159  )
( 0  151  -178  )
( -103  173  -109  )
( -56  -78  -100  )
( -113  -7  77  )
( -109  67  -136  )
( 23  128  149  )
( -66  -10  -92  )
( -163  -153  -36  )
( 199  72  12  )
( -0  44  -2  )
( 162  105  -44  )
( -12  89  -157  )
( 90  -100  46  )
( -136  2  83  )
( 120  -46  121  )
( 46  33  -101  )
( 57  -164  -40  )
( 150  144  98  )
( 146  34  -41  )
( -5  2  85  )
( 165  -48  -173  )
( 168  67  -49  )
( -50  27  30  )
