( -173  84  -24  )
( 110  170  -176  )
( 174  -151  72  )
( 198  -188  158  )
( -181  -126  -141  )
( 8  -186  106  )
( 164  124  -177  )
( -121  100  45  )
( 108  42  104  )
( 131  7  18  )
( -21  26  -193  )
( -137  116  21  )
( -80  -57  -179  )
( 190  7  -199  )
( 57  95  -51  )
( -92  182  -186  )
( -128  -109  -116  )
( 24  68  117  )
( 10  -14  -102  )
( 48  -106  -38  )
( 31  -78  -25  )
( -51  114  33  )
( 55  189  101  )
( 137  172  195  )
( 42  -138  71  )
( -164  75  -11  )
( 114  47  82  )
( 161  31  -114  )
( -187  175  140  )
( -148  -176  -6  )
( 48  -35  -129  )
( -188  124  -163  )
( -193  65  -34  )
( -141  -146  -37  )
( -36  106  -91  )
( 186  32  99  )
( -32  84  -111  )
( -70  49  177  )
( -9  -0  -140  )
( 110  -87  -134  )
( -70  98  -175  )
( 127  -110  99  )
( 90  -190  -175  )
( 4  76  15  )
( 23  -38  -87  )
( 149  15  135  )
( 40  104  -65  )
( -188  30  144  )
( 185  -48  176  )
( -100  -178  -24  )
( -60  75  -84  )
( 154  -32  -28  )
( -61  -132  107  )
( 168  10  1  )
( 58  -120  -174  )
( -155  -141  -185  )
( 105  -178  -126  )
( 33  86  -110  )
( 37  -148  -32  )
( -122  -36  14  )
( 84  -85  53  )
( -127  89  80  )
( 14  188  178  )
( 48  -65  90  )
( -78  -7  27  )
( 183  59  198  )
( -27  188  17  )
( -70  101  -187  )
( -137  -45  -61  )
( -50  -109  154  )
( 105  191  153  )
( -165  -190  -71  )
( -160  90  34  )
( -28  142  160  )
( 88  -186  111  )
( 175  22  -33  )
( -54  136  -87  )
( -24  -131  -80  )
( -141  -101  -15  )
( -38  -140  -62  )
( -40  -65  92  )
( -81  156  -5  )
( 19  127  88  )
( -116  -163  141  )
( 52  139  -156  )
( -114  21  40  )
( 42  -28  -124  )
( -196  -58  -111  )
( -95  -53  55  )
( -121  91  29  )
( -147  85  -150  )
( 124  9  63  )
( 110  -199  116  )
( -128  -176  107  )
( -159  -4  -112  )
( -116  182  96  )
( -45  -145  -143  )
( 10  22  5  )
( -198  -92  156  )
( -102  -57  125  )
( -54  -9  -75  )
( 121  122  -6  )
( 139  54  -20  )
( 102  179  -38  )
( 0  58  -167  )
( 73  -38  -196  )
( -82  -51  28  )
( 104  13  -190  )
( 81  0  111  )
( -53  -122  143  )
( 21  -5  -53  )
( -167  59  -77  )
( -181  84  -89  )
( 29  105  -22  )
( -80  -133  -165  )
( 45  -27  -132  )
( 5  -74  2  )
( 184  52  179  )
( -15  62  60  )
( 77  170  -162  )
( -25  -2  -86  )
( -59  77  -189  )
( 157  -110  -104  )
( 71  135  167  )
( 25  -38  194  )
( -66  -94  38  )
( 69  -53  -114  )
( -22  -77  91  )
( -76  -30  177  )
( 34  77  -142  )
( 73  58  -151  )
( 98  -24  39  )
( 43  -180  -53  )
( 98  178  -114  )
( -78  151  120  )
( -20  -97  147  )
( 55  -128  108  )
( 73  67  -173  )
( -35  -79  -76  )
( 87  -89  134  )
( 176  -131  -184  )
( -8  33  28  )
( 39  174  -89  )
( -91  48  35  )
( -10  -88  -179  )
( 41  -58  81  )
( 71  -198  -123  )
( 40  -48  123  )
( 113  17  93  )
( -52  171  172  )
( -61  -195  -151  )
( 166  122  196  )
( 28  189  15  )
( -135  141  -154  )
( 87  100  164  )
( 53  -182  84  )
( 57  173  47  )
( -9  120  -35  )
( -85  -136  -76  )
( -93  -116  96  )
( -28  110  -59  )
( -17  -123  179  )
( -184  181  189  )
( 95  180  171  )
( 62  56  83  )
( 84  -196  -197  )
( 129  87  131  )
( 103  -121  -146  )
( -49  24  -3  )
( 109  -142  35  )
( 160  81  0  )
( 193  -97  28  )
( 119  -114  -118  )
( 11  -199  115  )
( 134  140  -165  )
( -8  70  -62  )
( -144  192  -81  )
( 140  82  -184  )
( 95  -72  100  )
( 187  -32  53  )
( -57  -22  -33  )
( -180  25  -22  )
( -155  106  -61  )
( 77  -28  -43  )
( -98  -164  8  )
( -39  95  109  )
( 42  6  -154  )
( -20  -28  169  )
( -113  -137  138  )
( 75  64  -74  )
( 51  -49  -84  )
( 111  44  81  )
( 100  129  71  )
( 61  -173  169  )
( -61  -26  18  )
( 55  151  -143  )
( -88  -22  -130  )
( -189  -196  124  )
( -40  81  158  )
( -96  42  81  )
( 198  117  -45  )
( 78  -171  158  )
( -185  33  118  )
( 85  -185  144  )
( -44  -47  -162  )
( -9  -52  156  )
( -133  199  161  )
( -68  -190  -6  )
( -195  -167  124  )
( -135  56  182  )
( 96  -150  173  )
( -107  135  -169  )
( -138  129  78  )
( -190  -82  -105  )
( 167  -152  57  )
( 45  -101  -107  )
( 20  -17  -124  )
( 59  157  -196  )
( -191  163  -96  )
( 32  179  -117  )
( -149  -10  147  )
( -6  86  -128  )
( -142  -187  140  )
( 151  -45  -139  )
( -7  -193  34  )
( 156  -96  -184  )
( 45  117  188  )
( -123  29  104  )
( 9  -73  64  )
( -160  46  64  )
( -137  -132  193  )
( -96  187  119  )
( 21  11  160  )
( 151  156  -161  )
( -3  -38  -130  )
( -176  4  -143  )
( 72  29  -31  )
( 191  184  54  )
( 130  -73  139  )
( -83  -66  8  )
( -155  -70  -21  )
( -150  96  -178  )
( -158  -30  -87  )
( 45  187  -153  )
( 79  -161  -129  )
( -175  190  -53  )
( -110  -117  -86  )
( 129  35  159  )
( 2  144  -9  )
( -146  47  -18  )
( -98  120  48  )
( 117  -135  72  )
( 169  -97  -53  )
( 146  161  74  )
( -114  -184  185  )
( -54  132  -27  )
( 78  -109  -25  )
( -107  141  73  )
( -37  -80  -60  )
( -183  145  -133  )
( 110  20  170  )
( -111  20  -189  )
( 59  -184  -167  )
( 32  122  7  )
( 182  -167  84  )
( -192  -180  11  )
( 169  138  -30  )
( 159  130  150  )
( -146  32  -135  )
( -0  140  -139  )
( 25  14  -28  )
( -62  81  141  )
( 2  69  -149  )
( 73  -148  -171  )
( -97  25  1  )
( 196  68  36  )
( -96  61  -136  )
( 60  171  86  )
( 12  60  78  )
( -149  -195  181  )
( 105  111  196  )
( -36  -28  31  )
( -87  163  -115  )
( -179  33  164  )
( 165  16  -191  )
( -41  190  167  )
( -139  -53  100  )
( -99  -8  -155  )
( 85  -82  -90  )
( 16  -86  21  )
( 113  198  199  )
( 34  10  139  )
( -176  -62  36  )
( -8  100  35  )
( 101  -164  161  )
( -67  -7  119  )
( 35  162  -41  )
( 117  103  5  )
( 78  85  -159  )
( 60  124  -67  )
( 153  89  184  )
( 147  -20  -159  )
( -17  -36  -148  )
( 61  -130  140  )
( 65  6  -95  )
( 39  48  6  )
( 47  141  -69  )
( 161  -31  -176  )
( 179  91  -173  )
( 26  50  -170  )
( -7  -115  156  )
( 98  -14  116  )
( -161  29  -69  )
( -15  -87  -193  )
( -196  118  -46  )
( -38  -131  -124  )
( 15  123  -171  )
( 137  98  -50  )
( -55  148  139  )
( -105  66  115  )
( -162  -109  180  )
( 62  6  -26  )
( -195  58  108  )
( -155  -187  45  )
( -25  -94  -139  )
( 104  -10  -162  )
( -128  160  147  )
( 138  112  -171  )
( -170  -157  -137  )
( -60  156  -114  )
( -128  38  9  )
( 166  -75  -121  )
( 88  -128  0  )
( -34  -134  -74  )
( 48  -12  50  )
( -175  -128  58  )
( -63  -116  -32  )
( -122  103  -176  )
( -33  -65  -64  )
( -93  102  -191  )
( 28  81  -108  )
( -10  -14  0  )
( 176  96  116  )
( 87  -189  72  )
( 197  -47  -102  )
( 92  -76  22  )
( 183  -31  170  )
( -56  -61  -111  )
( 43  -31  -189  )
( 56  17  29  )
( 175  -43  -152  )
( 93  -19  -196  )
( -163  159  91  )
( 4  -168  -152  )
( -156  -177  -65  )
( 151  -120  -182  )
( 85  172  -42  )
( -152  175  -154  )
( 40  -26  27  )
( 75  -110  108  )
( -51  191  31  )
( 185  155  137  )
( -14  -136  152  )
( -25  -135  -26  )
( -160  24  72  )
( -59  99  -185  )
( 172  126  58  )
( -165  88  54  )
( -56  193  -21  )
( 175  174  118  )
( 98  106  90  )
( -90  -182  75  )
( 127  -11  188  )
( 34  -70  -48  )
( 86  100  164  )
( 132  -10  -70  )
( -188  -2  197  )
( -156  -54  -86  )
( -167  92  -86  )
( 148  -37  114  )
( -87  -138  71  )
( 125  -69  -152  )
( 168  98  33  )
( 167  -122  177  )
( 174  -158  47  )
( -148  51  -44  )
( 156  -48  190  )
( -137  -101  150  )
( -155  168  71  )
( 66  -40  -19  )
( 133  171  -144  )
( 160  -102  -26  )
( -70  -110  -171  )
( -136  97  185  )
( -118  23  -46  )
( -58  -49  86  )
( -113  -58  -35  )
( 98  -179  -175  )
( -104  -23  21  )
( 135  129  12  )
( -62  155  -79  )
( -110  -156  103  )
( 7  18  -112  )
( 122  90  -110  )
( 11  -0  -136  )
( -176  84  -59  )
( 154  188  118  )
( 19  -5  -176  )
( 9  -195  143  )
( -19  -156  15  )
( -116  -30  89  )
( -124  119  -125  )
( 187  -13  64  )
( -6  -21  175  )
( -71  79  45  )
( -47  -49  96  )
( 69  150  -132  )
( 30  -2  97  )
( 59  -81  -136  )
( -65  -74  -116  )
( -143  -40  -43  )
( -0  -137  1  )
( -109  -10  -123  )
( 54  -87  -75  )
( 98  -172  -101  )
( -34  65  144  )
( 154  -7  -172  )
( -83  93  74  )
( -129  163  -50  )
( 145  106  52  )
( 37  -94  -35  )
( -64  93  159  )
( 127  135  19  )
( -15  48  92  )
( -137  176  -139  )
( 147  92  195  )
( 192  131  -106  )
( -151  -154  75  )
( 184  -174  96  )
( 149  -8  54  )
( 126  -133  -154  )
( -100  191  -168  )
( 67  -174  -60  )
( 194  157  113  )
( -77  17  194  )
( 37  -110  -13  )
( 23  -7  -78  )
( 36  158  84  )
( -86  193  82  )
( -38  181  -135  )
( -29  -119  87  )
( 165  -3  72  )
( -62  -161  -162  )
( -145  -142  88  )
( -67  -187  140  )
( 106  11  53  )
( 117  -173  -161  )
( -26  62  171  )
( 47  -198  156  )
( -154  139  19  )
( -74  110  -57  )
( 134  45  94  )
( 74  117  -43  )
( -5  -109  -89  )
( -195  157  151  )
( -18  165  -91  )
( -144  -195  -143  )
( -177  -147  -64  )
( 94  3  -1  )
( -60  -126  -145  )
( 136  -9  -149  )
( 119  179  -84  )
( 103  -137  144  )
( 102  -98  -178  )
( 179  103  93  )
( -109  119  -61  )
( -148  51  -178  )
( -42  34  -62  )
( -123  107  53  )
( -47  -60  -195  )
( 147  43  8  )
( -113  -82  177  )
( 181  -122  -171  )
( -178  -103  183  )
( 78  80  182  )
( -192  24  10  )
( 114  -167  77  )
( -95  -64  181  )
( 5  -155  -195  )
( -47  -116  -94  )
( 162  -197  -166  )
( 158  157  -24  )
( 37  -126  21  )
( -2  19  176  )
( 87  -65  132  )
( -31  -20  98  )
( -1  -18  181  )
( -21  1  -65  )
( -32  -180  155  )
( 183  -124  59  )
( 64  -50  118  )
( -41  -115  -71  )
( -30  -104  -74  )
( -87  -177  93  )
( -19  -121  -26  )
( 185  82  152  )
( 15  14  -96  )
( -7  96  12  )
( -87  -5  -113  )
( 61  -117  -8  )
( -68  -24  -108  )
( -144  -75  128  )
( -185  -134  -198  )
( -12  82  79  )
( -189  75  73  )
( 149  30  -141  )
( 155  -161  -93  )
( 189  -120  177  )
( -51  -192  11  )
( 63  124  -171  )
( -65  -132  196  )
( 179  183  -27  )
( -153  -178  -11  )
( 179  -128  147  )
( 106  -178  135  )
( 194  81  141  )
( 11  -156  -145  )
( 88  17  -78  )
( 156  83  8  )
( 96  -58  -42  )
( 135  175  163  )
( -56  -16  121  )
( -125  59  -194  )
( -28  159  -87  )
( -128  -89  151  )
( -55  151  -195  )
( 157  -26  -36  )
( -158  -111  15  )
( 198  148  -175  )
( 15  57  125  )
( 43  -48  148  )
( 135  37  -19  )
( -178  -182  22  )
( 156  -58  174  )
( -27  181  -104  )
( -26  -93  -94  )
( 93  -98  -188  )
( 85  -82  75  )
( -135  93  -177  )
( -152  -82  153  )
( 70  -116  117  )
( 175  -157  17  )
( 79  31  113  )
( 68  43  -162  )
( 121  194  103  )
( -0  33  -39  )
( -195  60  40  )
( -130  -9  127  )
( -140  77  147  )
( 61  -196  -48  )
( -33  -95  78  )
( -33  -47  -18  )
( 191  -120  107  )
( -123  103  106  )
( 12  180  173  )
( -59  185  162  )
( -73  45  40  )
( 42  -113  71  )
( -30  131  -175  )
( -188  -9  -178  )
( -82  184  107  )
( 66  29  129  )
( 144  81  -42  )
( -23  102  197  )
( 148  81  -186  )
( 109  -126  129  )
( -119  -0  114  )
( -150  -68  194  )
( -124  174  37  )
( 102  64  131  )
( -31  -41  -90  )
( 185  -9  7  )
( -24  130  -9  )
( -124  -54  -21  )
( 31  -133  -180  )
( 108  -187  -27  )
( 156  -157  -188  )
( 81  -6  -38  )
( 80  39  -141  )
( 46  129  163  )
( 91  178  132  )
( -144  190  129  )
( -139  92  -195  )
( 46  190  -74  )
( 28  166  187  )
( 3  -89  140  )
( -196  112  197  )
( 184  -84  -194  )
( -126  -114  -178  )
( -66  -182  -69  )
( -74  62  -12  )
( -101  -51  -179  )
( -27  -193  55  )
( -66  28  -189  )
( 41  -149  138  )
( 151  16  55  )
( -35  -77  170  )
( -163  161  -186  )
( 146  -153  -137  )
( -142  157  47  )
( -51  -179  -123  )
( -51  52  -127  )
( 21  97  -38  )
( 1  -33  164  )
( -90  -158  -137  )
( -56  -122  -33  )
( -159  -109  -33  )
( -146  -139  -129  )
( 168  179  66  )
( 153  122  51  )
( 63  194  170  )
( -28  131  24  )
( -29  -54  36  )
( -52  165  78  )
( 4  151  189  )
( 0  160  95  )
( 183  160  -60  )
( 172  -46  43  )
( 74  69  127  )
( -51  40  -154  )
( -10  -146  62  )
( 81  119  171  )
( 186  100  -116  )
( -73  198  23  )
( 180  137  52  )
( 13  -106  186  )
( -179  98  -64  )
( -39  80  -150  )
( 190  -30  45  )
( 25  -48  99  )
( 187  160  -132  )
( 168  -70  184  )
( -41  -45  64  )
( -186  179  194  )
( 60  10  -6  )
( -88  192  -183  )
( 152  -45  168  )
( 119  -185  85  )
( 74  -152  -185  )
( -87  -153  86  )
( 142  18  71  )
( -143  187  125  )
( 122  186  -51  )
( 28  13  173  )
( -172  -20  -127  )
( -64  -68  -177  )
( -93  -73  -20  )
( 120  19  -185  )
( 148  -47  3  )
( -124  -26  -50  )
( 95  -0  -51  )
( -51  15  -116  )
( 139  51  102  )
( -180  -99  88  )
( -192  -108  177  )
( -159  -136  -124  )
( -56  132  78  )
( -66  -47  -191  )
( -112  -27  -58  )
( 20  15  -147  )
( -62  162  75  )
( 4  -19  -51  )
( -75  -30  -160  )
( 75  17  -115  )
( 58  97  103  )
( 179  197  116  )
( 24  65  28  )
( -4  -121  172  )
( -146  -160  -62  )
( -131  -37  153  )
( -41  -70  153  )
( -107  172  54  )
( 171  187  117  )
( -103  157  -32  )
( -147  148  192  )
( 183  65  90  )
( -67  189  -116  )
( -109  66  85  )
( -53  -137  -119  )
( -5  -43  -91  )
( 28  18  63  )
( -22  -56  176  )
( 39  -58  129  )
( 110  -135  101  )
( 174  -1  36  )
( 179  -106  -155  )
( -84  -62  151  )
( -12  -21  127  )
( -38  93  -19  )
( -164  127  126  )
( -78  171  -86  )
( 104  161  9  )
( 120  -115  -144  )
( 86  -89  100  )
( -40  -127  -160  )
( -81  -100  -141  )
( -16  -167  170  )
( 49  42  -188  )
( -2  80  78  )
( 164  -45  -48  )
( -145  174  -134  )
( 149  -14  -96  )
( 91  -166  21  )
( 138  -1  79  )
( -7  109  -62  )
( -15  -193  178  )
( -145  25  -45  )
( 118  12  -148  )
( 83  138  24  )
( -155  152  -198  )
( 80  -174  -69  )
( 19  -31  -86  )
( -21  -131  182  )
( -184  130  -128  )
( -168  21  -10  )
( -90  -128  76  )
( 159  14  -195  )
( 141  119  165  )
( 147  4  -92  )
( -173  120  97  )
( -44  178  10  )
( -132  -110  -38  )
( 6  -164  -109  )
( 146  148  22  )
( 71  178  -108  )
( -24  -10  87  )
( -86  57  -155  )
( -130  94  65  )
( 133  26  31  )
( -57  135  -192  )
( -170  82  -78  )
( 82  -80  -130  )
( 138  -125  105  )
( -85  -1  71  )
( -43  -141  -182  )
( 67  -169  -45  )
( -193  -66  188  )
( -152  77  61  )
( -193  180  119  )
( -76  -166  -3  )
( -61  -159  -76  )
( -32  -118  109  )
( -157  -96  59  )
( -85  199  -192  )
( 172  183  24  )
( 75  170  -33  )
( -165  178  33  )
( 65  -150  -16  )
( -8  18  -196  )
( 85  81  -145  )
( 167  -165  141  )
( -120  114  40  )
( -123  -8  -137  )
( 5  152  52  )
( -170  43  -62  )
( -198  -139  62  )
( -32  59  -112  )
( 89  115  -85  )
( 186  -100  -103  )
( 139  -99  -124  )
( -184  -100  9  )
( 142  -16  -192  )
( -145  -75  178  )
( 160  27  -9  )
( 38  20  73  )
( -32  85  92  )
( 27  155  -169  )
( 53  -196  181  )
( 128  83  -106  )
( -84  -30  -54  )
( 115  79  -81  )
( -78  80  -0  )
( 95  45  59  )
( 177  -173  20  )
( 20  -173  27  )
( 35  138  -169  )
( -12  174  22  )
( -191  -121  41  )
( 37  -26  14  )
( -7  -169  129  )
( -80  44  137  )
( -157  -80  122  )
( -41  -51  71  )
( -146  93  80  )
( -137  -68  117  )
( -169  -125  -182  )
( -52  6  -139  )
( 170  -28  -43  )
( -85  -45  170  )
( 123  -126  -92  )
( -81  -142  65  )
( -193  177  117  )
( -114  38  -133  )
( -89  38  -151  )
( -185  19  -4  )
( -45  -119  -22  )
( -102  15  -84  )
( 86  -50  -99  )
( 170  5  31  )
( 97  184  32  )
( 187  -86  -90  )
( 182  173  -135  )
( 79  29  176  )
( -98  -116  -8  )
( -19  -106  -112  )
( -122  -81  80  )
( 140  -85  -195  )
( -71  -129  181  )
( 52  -165  164  )
( -141  50  -97  )
( 183  -193  -119  )
( -57  -15  -135  )
( -181  36  -54  )
( -155  -103  84  )
( 69  -136  -36  )
( -163  -48  169  )
( -44  -176  121  )
( -47  -69  -49  )
( 107  -65  170  )
( -14  75  154  )
( 194  -185  133  )
( -37  -102  177  )
( -115  -176  -90  )
( 167  17  162  )
( 41  25  179  )
( -186  -64  -112  )
( -136  152  -163  )
( -64  50  -24  )
( 170  -89  -153  )
( -84  138  -179  )
( 147  18  122  )
( 98  28  -176  )
( 16  -124  -79  )
( -56  -159  -96  )
( 137  -68  36  )
( -67  -116  -58  )
( -180  136  125  )
( -93  -191  20  )
( -126  72  142  )
( 116  150  95  )
( 193  188  6  )
( 147  89  -189  )
( -150  -47  -22  )
( -168  144  186  )
