( 97  -195  -199  )
( 151  -3  129  )
( -20  -73  48  )
( 198  -117  -111  )
( -56  -138  43  )
( 29  117  -150  )
( 13  -174  57  )
( 175  -86  -11  )
( -108  -152  -164  )
( 135  67  -112  )
( 57  -114  -64  )
( -126  -181  190  )
( 192  -94  -84  )
( -20  75  -32  )
( 105  140  82  )
( 130  114  -36  )
( -85  73  -52  )
( -146  12  -127  )
( -55  115  -187  )
( -43  176  70  )
( -94  -111  19  )
( -131  31  -168  )
( 53  -177  187  )
( -150  85  -125  )
( -96  -8  -54  )
( -112  -49  115  )
( -187  -192  -173  )
( -106  15  -65  )
( 49  -187  -52  )
( 53  -182  -175  )
( -12  -133  -27  )
( -151  -48  -157  )
( -88  42  -30  )
( -129  4  1  )
( -115  35  -43  )
( -199  134  -123  )
( 93  124  19  )
( 73  2  -168  )
( -148  147  136  )
( 111  -36  92  )
( 129  151  -87  )
( 106  104  61  )
( -17  -168  -158  )
( 70  -30  -50  )
( 59  -135  88  )
( 15  98  -75  )
( 93  5  -19  )
( -115  -37  -139  )
( -155  -106  188  )
( -139  69  40  )
( 172  -197  90  )
( -176  -148  -152  )
( 41  106  -6  )
( 183  -120  24  )
( 46  -127  188  )
( 143  -11  -164  )
( 181  51  -127  )
( -152  40  125  )
( 20  -12  110  )
( -152  144  -188  )
( -163  96  -188  )
( -53  58  -168  )
( 93  -183  -141  )
( 75  -14  -167  )
( 171  -7  -154  )
( -129  -62  -170  )
( -153  -138  -64  )
( 24  -55  -101  )
( 19  126  98  )
( 16  -62  39  )
( -195  -77  -51  )
( -120  80  173  )
( -191  8  -61  )
( 193  30  -28  )
( -185  102  -17  )
( 156  155  -123  )
( -55  -163  -42  )
( 79  -116  -63  )
( -162  160  -117  )
( -152  -31  17  )
( 51  169  -92  )
( -177  -14  91  )
( -64  -182  -5  )
( -136  129  -103  )
( 86  -96  -144  )
( -115  -98  -66  )
( 187  193  36  )
( -35  -186  168  )
( 158  -121  -82  )
( -173  14  54  )
( -29  2  42  )
( -178  68  101  )
( 153  145  167  )
( -35  79  -111  )
( -18  114  -47  )
( -194  41  -32  )
( 114  6  -60  )
( 196  -33  -145  )
( 120  135  137  )
( 27  -181  74  )
( 45  6  124  )
( -34  158  -41  )
( -66  100  79  )
( -118  -88  87  )
( -90  127  -39  )
( -185  -83  -13  )
( 90  -87  171  )
( -187  -23  146  )
( -97  -72  -87  )
( 188  52  -161  )
( -10  127  75  )
( -177  -4  -179  )
( 173  -197  137  )
( 41  -126  105  )
( 188  190  32  )
( -56  -132  -122  )
( -102  17  153  )
( -178  -104  -20  )
( 73  194  -26  )
( 50  188  63  )
( -115  -22  -9  )
( -97  75  187  )
( -167  109  141  )
( -163  59  -191  )
( 84  -97  131  )
( -40  -21  112  )
( -143  -191  69  )
( -108  -191  -163  )
( 130  118  -111  )
( -4  -196  -114  )
( 128  31  79  )
( 139  135  -38  )
( -76  74  -167  )
( 182  -196  -85  )
( -4  48  -77  )
( -182  176  25  )
( -190  -171  3  )
( -117  9  -32  )
( 113  62  131  )
( 146  -176  158  )
( -189  -177  122  )
( 187  -59  -114  )
( -186  83  -27  )
( 122  172  -114  )
( -199  125  100  )
( 45  -90  7  )
( -19  -188  11  )
( -84  -180  -44  )
( -7  -3  48  )
( -55  -144  178  )
( -19  6  -40  )
( -137  -20  -128  )
( 9  135  87  )
( -185  169  -40  )
( -1  163  119  )
( -126  176  37  )
( 4  44  -186  )
( -118  -79  159  )
( 7  -4  92  )
( -63  181  -88  )
( 167  31  74  )
( -41  16  -162  )
( 99  68  187  )
( 177  17  71  )
( 179  -100  84  )
( 115  121  18  )
( -169  54  -68  )
( -117  -19  183  )
( -158  -154  23  )
( -134  13  -32  )
( -32  149  -43  )
( -49  -22  -38  )
( 119  -183  -110  )
( -52  -70  -154  )
( -113  197  4  )
( -41  -92  -81  )
( 38  -176  90  )
( -119  19  -42  )
( -133  -35  -69  )
( -71  55  -89  )
( 126  182  18  )
( -24  167  -8  )
( -185  -127  -17  )
( -78  10  -75  )
( 192  -7  -122  )
( -83  -157  188  )
( -175  39  143  )
( 91  -155  -4  )
( 128  -152  -111  )
( 173  -101  144  )
( 87  29  1  )
( 120  197  -134  )
( 43  167  -36  )
( -135  52  -63  )
( -51  88  -122  )
( 121  123  -36  )
( 73  129  115  )
( -128  63  193  )
( 95  7  24  )
( 61  121  -11  )
( -147  -55  -39  )
( -98  163  103  )
( -166  -4  -94  )
( 92  -49  -17  )
( -51  10  44  )
( 44  -134  -144  )
( 155  24  -87  )
( 124  -84  -32  )
( 128  156  51  )
( 144  -99  26  )
( -3  102  55  )
( -115  -122  -34  )
( -70  130  -143  )
( 42  -74  96  )
( -57  178  -33  )
( -98  29  -127  )
( -5  -44  -26  )
( -62  -139  -177  )
( -113  -147  134  )
( -162  -119  -29  )
( 57  -52  -163  )
( -14  -35  -153  )
( 10  89  165  )
( -152  160  -198  )
( 69  -65  -172  )
( -180  -34  -51  )
( -107  -144  147  )
( -184  -92  -185  )
( 1  152  -181  )
( -48  -9  -172  )
( 2  78  -120  )
( -189  77  -12  )
( -141  -160  35  )
( 118  -92  38  )
( -112  -187  -120  )
( 34  -121  -113  )
( 146  -75  -141  )
( -67  41  84  )
( -132  94  -139  )
( 14  -84  -138  )
( 98  -107  -39  )
( -156  41  171  )
( -70  156  -78  )
( 148  34  182  )
( -106  -92  126  )
( -11  -25  101  )
( -110  96  193  )
( -120  145  96  )
( -184  83  14  )
( -105  127  -99  )
( -77  -81  -38  )
( -127  -50  74  )
( 129  -39  -113  )
( 49  177  -178  )
( 164  5  -102  )
( -17  -58  108  )
( -153  118  -177  )
( -177  146  126  )
( -94  106  -199  )
( -170  -118  131  )
( 186  166  23  )
( 34  8  19  )
( 75  104  -181  )
( -181  -2  169  )
( -137  -25  -145  )
( 151  -141  -145  )
( -109  -27  158  )
( -114  50  168  )
( 148  -36  -191  )
( -136  -26  -50  )
( -79  -106  146  )
( -44  157  -4  )
( 53  67  134  )
( 110  -28  -121  )
( -66  161  -122  )
( 199  -80  119  )
( 153  -89  147  )
( -60  -28  72  )
( -122  -166  -160  )
( 117  -131  -145  )
( -15  -70  37  )
( -99  -169  -53  )
( -140  170  62  )
( -44  181  43  )
( 108  41  174  )
( 17  -47  125  )
( 34  138  -53  )
( -149  42  -44  )
( 84  -9  132  )
( 164  82  127  )
( 50  156  -61  )
( 166  89  49  )
( -40  102  169  )
( -68  142  110  )
( 122  126  -133  )
( -184  -107  -13  )
( -171  -48  -10  )
( 146  -188  -11  )
( -49  -74  76  )
( 0  -109  -131  )
( -194  81  41  )
( -176  37  56  )
( -126  -144  -54  )
( 15  -60  -31  )
( -50  -61  118  )
( 96  83  58  )
( 35  -55  84  )
( -185  -175  -58  )
( -177  -121  -90  )
( -43  -112  149  )
( 77  -149  -91  )
( 87  -137  -130  )
( 138  165  -95  )
( 128  56  153  )
( -188  -89  87  )
( -194  -95  -27  )
( 4  33  169  )
( -129  151  77  )
( -128  -51  -90  )
( 88  76  147  )
( -28  128  95  )
( -107  75  -35  )
( 168  -3  -158  )
( 194  -131  14  )
( 186  -48  -76  )
( 32  36  -42  )
( 100  79  48  )
( 21  -84  198  )
( -67  117  46  )
( -86  74  -49  )
( -187  92  103  )
( -85  149  66  )
( 163  58  175  )
( 15  -82  -46  )
( 27  169  18  )
( -142  109  34  )
( -133  29  -145  )
( 152  -18  155  )
( -26  -111  -25  )
( -172  61  -46  )
( -110  -65  117  )
( -179  -105  3  )
( -46  -43  -173  )
( -44  40  -123  )
( -177  91  174  )
( 188  -87  128  )
( -108  -141  47  )
( -16  41  23  )
( 182  157  187  )
( 92  -47  81  )
( -194  -134  -182  )
( 23  156  12  )
( 52  82  -69  )
( 76  27  -0  )
( 26  -46  60  )
( 57  -60  48  )
( -166  -156  64  )
( -179  -63  127  )
( -145  9  -57  )
( -149  -111  -128  )
( 198  -5  -12  )
( -101  -23  -13  )
( 8  159  21  )
( 61  99  -13  )
( 163  -91  89  )
( 103  -30  -134  )
( 50  -67  -59  )
( -113  111  125  )
( -78  -126  99  )
( -130  -9  -42  )
( -27  -53  -154  )
( -161  -128  145  )
( 61  -179  157  )
( 158  97  -88  )
( -177  -178  -96  )
( -197  -2  -105  )
( 57  -191  54  )
( -145  84  -146  )
( 38  -81  95  )
( -135  -195  -169  )
( 72  -52  -73  )
( 84  -176  -183  )
( 171  38  39  )
( 180  87  32  )
( 44  -88  -186  )
( 55  -133  45  )
( 95  92  74  )
( 138  94  -164  )
( 107  87  -2  )
( -44  79  -54  )
( 169  -47  62  )
( 180  123  -187  )
( 174  120  -48  )
( -199  -174  -1  )
( -146  -65  -165  )
( 112  -18  12  )
( 25  168  -112  )
( -103  -44  -55  )
( 5  48  -9  )
( -110  6  -51  )
( 194  -17  126  )
( 12  -0  -122  )
( -142  138  48  )
( 13  21  190  )
( -12  177  141  )
( -150  68  -26  )
( -41  0  -14  )
( 77  31  116  )
( -92  -33  -16  )
( 4  149  86  )
( 150  -86  19  )
( -106  -9  -13  )
( 104  50  132  )
( 43  51  -164  )
( -37  188  -82  )
( -197  -154  -191  )
( -117  -40  -10  )
( -155  44  -130  )
( 138  85  -6  )
( -119  -118  149  )
( 196  -131  -129  )
( -73  -70  -138  )
( 134  -30  118  )
( 83  -48  3  )
( -77  40  94  )
( 4  -82  54  )
( -116  -109  159  )
( -176  -155  -68  )
( -50  46  -163  )
( -143  16  -163  )
( -15  179  136  )
( 68  -42  -55  )
( 85  -39  63  )
( -120  35  32  )
( 156  -190  180  )
( 48  37  70  )
( -173  93  122  )
( -184  95  -79  )
( 59  96  -151  )
( 190  -39  -56  )
( -30  -79  -43  )
( 55  173  -89  )
( -66  157  -92  )
( -145  66  -173  )
( -159  130  88  )
( -142  118  -157  )
( -51  38  -170  )
( -111  181  87  )
( -146  70  -169  )
( 6  182  37  )
( -193  60  2  )
( -122  178  168  )
( 160  121  -83  )
( -11  -40  164  )
( -122  15  -139  )
( 121  -68  24  )
( 153  -56  -35  )
( -78  -35  -67  )
( 22  -107  56  )
( 42  -26  -123  )
( 194  -80  -34  )
( -9  -16  22  )
( 143  -137  -89  )
( 38  197  128  )
( 99  -64  -14  )
( 130  136  93  )
( -75  -124  15  )
( -151  -137  124  )
( 150  112  199  )
( 71  -16  119  )
( 104  -13  -163  )
( -135  -193  -79  )
( 151  -103  90  )
( 158  155  154  )
( 60  -155  -4  )
( 172  -182  114  )
( 62  -196  36  )
( -2  188  -33  )
( -169  -126  145  )
( -6  62  168  )
( -101  179  -65  )
( 155  27  -181  )
( 13  -14  67  )
( 12  -137  144  )
( 193  -3  -102  )
( -166  -113  78  )
( -54  11  -57  )
( 115  -193  46  )
( 68  -188  -59  )
( 119  93  12  )
( 56  -81  -12  )
( 10  -20  50  )
( 92  -127  19  )
( -181  -164  -179  )
( -174  117  85  )
( 89  172  -131  )
( 75  -137  19  )
( -172  -88  73  )
( 46  -23  79  )
( -109  -60  141  )
( 75  -119  80  )
( 51  -45  2  )
( 57  168  120  )
( -169  -48  139  )
( 81  99  48  )
( 190  -10  157  )
( -179  151  -163  )
( 69  -124  116  )
( -176  22  149  )
( -198  -106  116  )
( -179  -50  57  )
( -16  -119  -151  )
( 196  198  -45  )
( -3  -87  179  )
( 88  154  14  )
( 112  193  85  )
( 196  77  14  )
( 46  22  54  )
( 107  181  -40  )
( -36  33  -55  )
( -113  9  60  )
( -28  -134  162  )
( -17  127  157  )
( -28  171  179  )
( 20  -73  161  )
( -151  -64  156  )
( -30  114  169  )
( -195  106  31  )
( 96  97  93  )
( 132  -18  47  )
( 30  -173  -82  )
( -132  152  -77  )
( 120  -199  -32  )
( -163  -148  0  )
( -169  118  78  )
( -71  72  -163  )
( 120  123  31  )
( 19  140  -81  )
( -140  72  55  )
( 110  -38  186  )
( 180  8  -113  )
( 108  3  115  )
( -69  -156  96  )
( -199  115  20  )
( -145  187  1  )
( -20  106  143  )
( 78  -46  113  )
( 74  24  194  )
( 153  -1  -116  )
( -171  -133  17  )
( -76  134  198  )
( 185  149  11  )
( -63  -85  -13  )
( 136  -22  87  )
( 114  -197  -16  )
( 165  -159  -124  )
( -128  126  192  )
( 25  27  101  )
( -140  15  -149  )
( -156  111  118  )
( -177  85  61  )
( 126  -98  -3  )
( -131  181  197  )
( -151  72  -19  )
( 78  -108  -16  )
( -192  3  -137  )
( 44  6  195  )
( -138  -126  66  )
( -169  -62  75  )
( 164  -188  26  )
( -178  97  135  )
( -21  -153  -142  )
( 90  -152  -195  )
( -88  169  147  )
( -79  -56  -5  )
( 143  -67  -26  )
( -162  -150  106  )
( 58  -20  -37  )
( 167  -38  -36  )
( 127  180  104  )
( -82  -126  -139  )
( -110  -5  168  )
( -166  186  -115  )
( -18  110  -10  )
( -18  93  -53  )
( -164  107  34  )
( 145  -154  15  )
( 191  67  115  )
( 196  -192  80  )
( 52  -65  104  )
( 190  178  -13  )
( 196  -56  -161  )
( 145  -177  55  )
( 85  -182  -104  )
( 167  -111  146  )
( -118  -30  77  )
( -0  186  -19  )
( -8  90  -190  )
( -29  45  -32  )
( 41  -42  171  )
( 20  47  56  )
( -197  121  -178  )
( -19  -91  -179  )
( 61  -86  -170  )
( 149  97  -63  )
( 155  -115  -53  )
( -159  6  120  )
( 33  -168  74  )
( -91  -25  136  )
( -144  190  188  )
( 58  -183  -65  )
( -171  -147  151  )
( 89  166  -98  )
( -159  -136  113  )
( -101  164  63  )
( -45  -171  108  )
( -158  67  97  )
( -111  -14  160  )
( -110  45  40  )
( 65  175  45  )
( -50  -57  104  )
( 121  131  -44  )
( -85  10  95  )
( -28  3  39  )
( -146  -87  156  )
( 31  -124  94  )
( -43  -79  148  )
( -99  -81  100  )
( 64  196  1  )
( -142  -100  -73  )
( 134  -141  -116  )
( -19  50  -119  )
( 130  64  -4  )
( 98  66  4  )
( 6  48  -17  )
( 6  59  1  )
( -189  -7  53  )
( -115  66  -131  )
( -49  -112  -131  )
( -95  28  185  )
( -111  -159  199  )
( -38  -101  18  )
( 44  14  -159  )
( -175  166  120  )
( 97  112  181  )
( -153  -10  -3  )
( 45  -189  158  )
( 141  3  -72  )
( -87  155  -193  )
( 81  -3  124  )
( 112  -162  181  )
( -68  -11  -113  )
( 48  188  177  )
( -179  12  191  )
( -150  120  -174  )
( -120  100  -11  )
( -96  158  120  )
( 195  22  183  )
( -61  -108  102  )
( 197  -149  115  )
( -143  -39  -30  )
( 154  -146  44  )
( -122  -132  -123  )
( 147  16  121  )
( 179  85  66  )
( 120  178  -11  )
( -51  54  113  )
( -198  176  -185  )
( 150  50  -61  )
( 138  -94  61  )
( 125  5  198  )
( 54  -162  -59  )
( -57  144  -37  )
( -13  149  166  )
( 136  -93  189  )
( 5  -32  143  )
( -24  127  -69  )
( 166  191  32  )
( 190  -29  109  )
( 38  -181  -111  )
( 173  -80  -96  )
( 53  -33  -154  )
( -149  188  176  )
( -164  173  -65  )
( -111  77  -92  )
( -186  183  174  )
( 95  -30  68  )
( -181  -110  -66  )
( 101  119  -185  )
( -123  98  -168  )
( -9  -152  -15  )
( 166  -174  -159  )
( -45  54  29  )
( 117  -181  -39  )
( 146  -81  -52  )
( 116  119  -182  )
( -32  157  -100  )
( -68  26  129  )
( 10  -43  179  )
( 130  106  -172  )
( 64  -7  190  )
( -4  67  43  )
( -181  40  -6  )
( 194  138  162  )
( -178  -131  48  )
( 101  -169  177  )
( -153  -167  -128  )
( 90  -158  183  )
( -192  -150  -72  )
( 182  -55  -188  )
( -166  -44  150  )
( 147  189  -175  )
( -185  -183  171  )
( -0  168  -100  )
( 104  25  -88  )
( -41  -156  28  )
( 45  183  38  )
( 136  147  -107  )
( -10  70  -72  )
( 127  -91  122  )
( -158  -11  68  )
( -180  -118  126  )
( 39  121  107  )
( 167  -33  65  )
( 78  -69  -6  )
( 82  -26  52  )
( -95  182  -113  )
( -163  14  -161  )
( -119  -63  113  )
( 67  168  105  )
( 117  95  -112  )
( 101  18  -52  )
( -34  -190  -8  )
( 71  -53  -34  )
( -142  77  -48  )
( 187  143  81  )
( 81  122  -139  )
( -133  -196  -55  )
( -161  89  -173  )
( -42  -121  100  )
( -164  198  -38  )
( -31  25  187  )
( -172  -69  41  )
( -20  -136  -5  )
( -54  -157  -3  )
( 193  -190  -104  )
( 110  -38  66  )
( 194  133  107  )
( -25  181  26  )
( 160  9  187  )
( -80  135  4  )
( 10  -0  -17  )
( 136  75  -166  )
( -179  -188  54  )
( 101  -88  7  )
( 40  188  -118  )
( -99  -145  -121  )
( 79  109  161  )
( 159  -12  -178  )
( -196  12  -64  )
( -191  -102  131  )
( -90  81  199  )
( -137  29  -24  )
( 127  -92  90  )
( 54  -125  -189  )
( 32  109  -11  )
( 84  -147  -78  )
( 19  104  170  )
( -66  21  -47  )
( -118  115  -189  )
( 133  -50  -162  )
( 14  -97  -160  )
( 19  101  18  )
( -141  -30  -181  )
( 5  -174  17  )
( 185  5  170  )
( -121  171  148  )
( -198  179  114  )
( -28  -174  -142  )
( -82  -163  20  )
( 195  8  113  )
( 196  -79  11  )
( 101  -122  -181  )
( 144  -148  75  )
( 160  -143  119  )
( 159  59  -186  )
( -145  -136  -118  )
( -61  187  130  )
( 98  -80  178  )
( -7  -131  -107  )
( 47  43  129  )
( 93  -185  81  )
( -161  42  54  )
( -166  111  -188  )
( -129  -30  121  )
( -18  125  160  )
( -20  84  -55  )
( -20  177  -86  )
( -103  117  -6  )
( 3  169  -187  )
( -13  35  -132  )
( 151  -80  14  )
( -101  -193  96  )
( 21  158  -189  )
( -99  31  -43  )
( -1  149  34  )
( -56  -160  74  )
( 188  -149  -46  )
( 64  -127  104  )
( 112  199  108  )
( -126  -74  19  )
( 149  197  100  )
( 160  -149  -37  )
( -161  -130  169  )
( 68  -30  -12  )
( 104  84  -140  )
( 179  64  15  )
( 41  -119  -116  )
( 185  123  -84  )
( -174  -72  26  )
( -50  66  186  )
( -8  -101  -179  )
( -116  -117  64  )
( -137  -156  -1  )
( 58  49  -194  )
( 145  -147  -186  )
( 43  -196  124  )
( 4  39  188  )
( 36  -65  -182  )
( 149  -176  184  )
( 93  22  161  )
( -145  -94  -97  )
( -71  33  91  )
( -194  -184  100  )
( -152  181  -106  )
( -58  31  -90  )
( 8  -74  195  )
( 74  -1  -16  )
( -13  -138  -71  )
( -22  -150  30  )
( -134  88  182  )
( 69  -12  125  )
( -74  -37  158  )
( 127  174  187  )
( 52  100  -92  )
( 196  -34  146  )
( -30  63  20  )
( -60  -79  -2  )
( -98  -142  119  )
( 88  19  -119  )
( -58  89  65  )
( 4  -74  199  )
( 141  -25  79  )
( 114  -28  39  )
