( 130  76  -197  )
( -80  -180  -77  )
( -90  -44  -73  )
( -73  126  123  )
( -181  157  68  )
( 145  106  -44  )
( -97  30  69  )
( 6  -169  -17  )
( 70  -57  138  )
( 115  135  66  )
( 162  36  -83  )
( -97  191  -104  )
( 50  -135  191  )
( 71  104  173  )
( -179  77  119  )
( -124  -152  29  )
( -18  183  -155  )
( 49  71  165  )
( 34  44  89  )
( -16  -11  81  )
( -169  -191  68  )
( 87  171  -88  )
( 70  -130  -93  )
( -35  -40  -86  )
( -89  44  -134  )
( 11  -16  163  )
( -119  -28  -150  )
( 177  -35  9  )
( 36  -99  -131  )
( 21  132  -152  )
( 154  -168  -57  )
( -193  115  -27  )
( 47  -175  64  )
( 34  -136  162  )
( 87  77  170  )
( 46  -194  -164  )
( 75  -165  30  )
( 39  -126  33  )
( 197  -46  -91  )
( -60  -170  -57  )
( 116  117  155  )
( 45  142  -136  )
( -199  177  55  )
( -137  -22  50  )
( -184  56  -82  )
( 110  -156  -72  )
( 36  8  -177  )
( 139  -196  -133  )
( 14  -111  -104  )
( 67  36  47  )
( 18  -149  -190  )
( 94  174  86  )
( -101  -68  -16  )
( 45  5  -52  )
( 59  -188  -16  )
( -175  -89  21  )
( -66  93  -158  )
( 13  -189  171  )
( -23  73  -72  )
( -142  -12  46  )
( 41  -82  59  )
( 157  82  -179  )
( 76  33  -140  )
( 57  55  -42  )
( 109  -5  -121  )
( 95  -179  -6  )
( 59  173  143  )
( 124  157  -57  )
( -4  43  56  )
( -5  65  -69  )
( -127  -131  47  )
( -4  -13  -195  )
( 21  -5  -75  )
( -82  -2  98  )
( 89  141  70  )
( 125  187  -196  )
( 54  75  -55  )
( 54  27  -77  )
( 145  156  53  )
( -127  -103  144  )
( 92  74  63  )
( -157  53  118  )
( -154  -197  122  )
( 90  -161  84  )
( -93  -49  -137  )
( -54  -150  -145  )
( -187  -130  -182  )
( 95  111  198  )
( -165  -29  107  )
( 87  -52  -54  )
( 17  93  -199  )
( -141  -108  85  )
( 27  150  78  )
( -94  164  9  )
( -82  165  92  )
( -88  148  -137  )
( 187  65  -93  )
( 143  175  -69  )
( 18  54  -194  )
( 90  160  -60  )
( -53  110  182  )
( 100  41  68  )
( 94  -59  126  )
( -178  -80  -27  )
( 155  -4  -152  )
( -32  -67  58  )
( -1  -195  0  )
( 78  -94  149  )
( -62  188  -2  )
( 191  -94  66  )
( -132  -99  -47  )
( -87  -49  23  )
( 193  91  157  )
( 83  194  69  )
( 198  -80  -64  )
( 148  -35  -194  )
( -27  41  -25  )
( -5  -3  -124  )
( 166  61  -107  )
( 127  -64  -26  )
( 65  -13  -133  )
( -93  134  -56  )
( 174  143  119  )
( -90  196  93  )
( -120  74  -194  )
( 81  181  -50  )
( -196  -188  -25  )
( 137  -27  -62  )
( -193  187  -81  )
( -68  -110  -10  )
( 97  131  119  )
( -110  51  76  )
( -119  -99  161  )
( 45  33  -161  )
( 173  182  179  )
( -0  60  -73  )
( 63  112  195  )
( -152  -3  -9  )
( 175  69  71  )
( -0  -97  69  )
( 102  -14  116  )
( -174  73  104  )
( -114  128  73  )
( -159  11  60  )
( 156  -110  -56  )
( 21  194  39  )
( -135  -28  103  )
( -30  15  115  )
( -182  -34  28  )
( 95  190  -5  )
( -155  48  -44  )
( -107  157  65  )
( 72  -132  61  )
( 183  48  -41  )
( -180  -109  -133  )
( 53  55  122  )
( -180  -73  -147  )
( -187  132  -23  )
( 44  92  164  )
( 144  176  -87  )
( 52  -53  164  )
( 177  2  -93  )
( 121  194  180  )
( -184  -24  -178  )
( -61  -76  -110  )
( 149  -61  136  )
( -152  114  -9  )
( 76  -29  153  )
( -141  162  66  )
( -183  135  -186  )
( 28  -180  -79  )
( -64  125  -24  )
( 79  -124  -48  )
( -191  10  48  )
( -56  111  144  )
( 116  121  -102  )
( 48  129  73  )
( -134  179  76  )
( 175  -132  80  )
( -186  -56  -91  )
( 152  -148  -184  )
( -188  -97  -7  )
( 147  161  -163  )
( -66  -183  -158  )
( 180  -90  -92  )
( -153  -91  85  )
( -130  14  106  )
( 138  -198  -179  )
( -26  73  -161  )
( -118  183  144  )
( 57  -56  -134  )
( -65  29  117  )
( 129  -109  80  )
( 104  199  -70  )
( -14  -68  -154  )
( 181  -102  126  )
( -60  46  130  )
( -33  164  -154  )
( -39  -81  121  )
( 197  -66  -49  )
( 113  -189  31  )
( 79  60  -73  )
( 111  -121  131  )
( 101  161  -100  )
( 60  -189  -99  )
( 26  194  151  )
( 129  24  166  )
( -120  183  99  )
( 47  106  -85  )
( -139  -66  -175  )
( 197  85  170  )
( -34  191  131  )
( 132  -193  -105  )
( -68  -109  96  )
( 157  -161  47  )
( 52  192  14  )
( -180  -4  -194  )
( -167  149  84  )
( -142  -186  -79  )
( -128  0  198  )
( 43  -19  53  )
( 172  131  147  )
( 169  -4  178  )
( 196  3  193  )
( -83  24  -17  )
( -56  90  -18  )
( -98  -47  180  )
( 82  176  150  )
( 75  -9  151  )
( -5  112  164  )
( -74  8  -168  )
( 175  15  22  )
( -112  95  128  )
( 116  -172  32  )
( 110  8  67  )
( -3  -46  145  )
( -90  38  10  )
( 194  -127  -33  )
( 72  -31  -11  )
( -178  -184  -1  )
( 156  141  87  )
( -78  -57  -37  )
( -17  159  -119  )
( 181  137  133  )
( -9  -124  95  )
( 147  -98  157  )
( 171  11  152  )
( -129  -53  30  )
( 103  156  6  )
( -22  57  -47  )
( -177  -142  24  )
( 5  -104  191  )
( -40  4  -159  )
( 114  -85  -141  )
( -93  -176  -77  )
( 2  12  -193  )
( 80  122  -85  )
( 21  -182  55  )
( -156  133  -198  )
( -52  112  39  )
( 53  3  -111  )
( -31  -116  70  )
( -112  -103  74  )
( -42  -49  22  )
( 18  -114  -159  )
( -90  -49  -4  )
( 190  -6  -49  )
( 49  40  9  )
( 0  62  -78  )
( 71  156  -172  )
( -40  39  131  )
( -111  161  182  )
( -40  146  -117  )
( -87  3  11  )
( 36  191  -143  )
( -48  -199  37  )
( 166  -47  -128  )
( 34  86  126  )
( 78  106  -133  )
( -195  132  43  )
( 21  6  -155  )
( 21  -115  199  )
( 58  18  -141  )
( -110  -36  -172  )
( 2  -6  54  )
( -108  191  141  )
( 119  183  -47  )
( -29  118  59  )
( -154  173  -55  )
( -9  -82  -123  )
( -101  -181  -116  )
( 74  -155  -61  )
( 145  12  -18  )
( -54  143  194  )
( -17  -127  -14  )
( 12  162  -128  )
( -183  21  198  )
( 136  149  125  )
( 168  -138  15  )
( 30  198  142  )
( -49  -131  -94  )
( -94  -166  58  )
( 123  194  170  )
( -153  -91  14  )
( -148  -198  139  )
( -36  -95  113  )
( 113  -171  75  )
( -52  77  -96  )
( -57  6  -10  )
( 183  21  -189  )
( -112  -173  -42  )
( 59  86  98  )
( 182  1  -139  )
( 50  -86  13  )
( 162  -177  198  )
( 155  100  13  )
( 149  107  142  )
( 93  67  70  )
( -102  -162  -160  )
( 35  -188  135  )
( -128  -57  -165  )
( 113  102  41  )
( -48  133  -100  )
( 59  107  160  )
( 30  125  182  )
( 65  -110  -90  )
( 102  145  71  )
( -123  -6  22  )
( -86  -150  47  )
( -135  166  134  )
( 178  -197  125  )
( -136  -83  3  )
( -15  -13  24  )
( -152  -167  -22  )
( 39  33  107  )
( -28  76  10  )
( 68  175  196  )
( 51  172  103  )
( 191  -135  157  )
( -120  -42  2  )
( -117  -65  79  )
( -178  -39  -78  )
( 183  -130  -123  )
( 7  190  -8  )
( 25  108  -136  )
( -112  -178  107  )
( 102  -151  -34  )
( 125  75  -20  )
( 60  -169  -118  )
( -178  68  55  )
( -79  109  -136  )
( -7  187  -92  )
( 55  130  122  )
( 116  -71  -80  )
( 151  183  73  )
( 8  -59  171  )
( 67  -135  -26  )
( 157  118  -110  )
( -8  79  -129  )
( -146  -139  157  )
( 43  170  -9  )
( -147  -169  -122  )
( -2  21  -49  )
( -78  -126  -195  )
( 54  -74  7  )
( 65  -158  -99  )
( 68  88  -158  )
( 71  61  -172  )
( 33  62  34  )
( 81  -76  -95  )
( -77  -158  123  )
( -82  192  101  )
( 101  174  -3  )
( 113  21  -198  )
( -90  -38  -72  )
( -156  180  94  )
( -56  99  -74  )
( 103  -44  128  )
( 38  -67  -42  )
( -178  -189  -74  )
( -198  -149  -117  )
( 24  -77  -114  )
( 27  93  168  )
( -159  179  -178  )
( -124  151  92  )
( 16  -147  9  )
( 43  170  -184  )
( 182  198  153  )
( 3  -164  -136  )
( 43  -50  79  )
( 20  -105  133  )
( 52  -100  -29  )
( -156  81  -161  )
( 96  -114  116  )
( -174  -28  47  )
( -129  101  15  )
( -18  128  -20  )
( -126  66  5  )
( 30  -92  141  )
( 141  50  5  )
( -123  -62  -52  )
( 194  17  -182  )
( 118  -135  -73  )
( -116  -71  85  )
( 199  -44  -112  )
( -125  -85  181  )
( -38  7  -194  )
( 89  65  112  )
( 44  53  -87  )
( -89  -92  -88  )
( 180  161  166  )
( -150  -164  20  )
( -133  49  153  )
( 199  72  115  )
( 134  -32  -85  )
( 191  105  143  )
( -64  -181  87  )
( 161  160  -36  )
( -154  -169  -75  )
( 117  -196  99  )
( -26  -58  182  )
( 63  196  79  )
( 54  -148  -51  )
( -152  -63  96  )
( 160  122  79  )
( 96  64  144  )
( -11  66  -172  )
( 81  -144  -163  )
( -146  172  175  )
( -103  -61  -42  )
( 157  -73  117  )
( 53  138  165  )
( -127  -122  -70  )
( -60  -48  110  )
( -187  125  108  )
( 85  -111  135  )
( 198  -178  -155  )
( 185  -86  -15  )
( 189  -158  182  )
( -79  -138  -176  )
( 81  140  -142  )
( -172  54  166  )
( -87  -19  -117  )
( -28  24  45  )
( -63  3  32  )
( -117  72  -29  )
( -48  -86  -4  )
( -85  44  71  )
( -98  198  -20  )
( -24  -73  21  )
( 37  -93  -43  )
( 93  -68  -175  )
( -130  -90  -108  )
( 38  -147  64  )
( 159  -146  123  )
( 164  -69  -34  )
( -103  -44  -154  )
( -58  -54  178  )
( 101  -41  -73  )
( 116  182  -50  )
( 139  -21  146  )
( 75  89  -36  )
( 138  -21  148  )
( -62  -130  -37  )
( 77  62  -146  )
( 28  -148  -128  )
( -145  -131  163  )
( 0  53  180  )
( 53  178  163  )
( -137  104  86  )
( 109  -120  -31  )
( 197  166  61  )
( -73  -21  3  )
( 3  37  -165  )
( 142  130  175  )
( 28  37  56  )
( 26  -176  -76  )
( -76  177  105  )
( 25  21  -0  )
( -131  -181  -150  )
( 114  115  -105  )
( -114  -102  96  )
( -97  -87  -82  )
( -66  83  140  )
( -168  -22  -7  )
( -7  105  134  )
( -41  -42  37  )
( 171  57  -195  )
( -161  -1  39  )
( 149  -178  -133  )
( -53  -46  179  )
( 57  32  -115  )
( -160  98  -7  )
( -183  104  70  )
( 54  -60  -118  )
( -35  -180  -162  )
( -26  -185  -111  )
( -80  -141  -171  )
( 199  -183  -26  )
( 29  -96  188  )
( 36  -50  117  )
( 27  -74  138  )
( -182  -95  -125  )
( -189  -50  198  )
( -48  176  -80  )
( 15  -92  -144  )
( 31  -61  -56  )
( -145  82  3  )
( 22  144  -43  )
( -116  147  96  )
( 97  169  -50  )
( -10  -120  150  )
( 118  -97  -7  )
( -99  29  107  )
( 96  169  -111  )
( 133  -77  -2  )
( 141  115  33  )
( 189  -145  187  )
( -115  144  173  )
( 127  11  -19  )
( -175  -47  -71  )
( -143  141  131  )
( 118  -159  111  )
( -83  124  -102  )
( -164  95  198  )
( 150  -40  33  )
( 180  -50  154  )
( -198  -81  -70  )
( 22  145  -158  )
( 56  -161  -197  )
( 61  -154  -168  )
( -15  -8  -66  )
( 2  -20  -134  )
( -63  67  158  )
( 133  -182  -2  )
( 129  49  134  )
( -166  -11  154  )
( 9  -144  90  )
( 124  116  180  )
( 190  136  -105  )
( 131  90  48  )
( -0  31  -155  )
( 35  -196  -180  )
( 95  121  -79  )
( 179  144  104  )
( -163  -16  -153  )
( 158  77  70  )
( -1  -110  158  )
( 180  135  -170  )
( -68  130  4  )
( 16  -73  -156  )
( 73  -151  38  )
( 93  150  54  )
( -181  123  197  )
( 120  -175  169  )
( 83  125  -193  )
( -66  -84  86  )
( 81  74  164  )
( 23  -198  -195  )
( 103  187  60  )
( 82  -31  -84  )
( -8  -6  29  )
( -51  -52  32  )
( 104  168  139  )
( -129  199  -22  )
( -60  180  107  )
( -193  -100  84  )
( 43  32  -63  )
( -63  -181  -86  )
( -25  54  90  )
( -46  75  -7  )
( 59  -53  -149  )
( -67  65  -74  )
( -70  -102  -30  )
( -186  -84  55  )
( 137  68  0  )
( -175  86  85  )
( -155  -25  2  )
( 114  -101  172  )
( -66  105  150  )
( 31  173  -176  )
( -167  88  176  )
( -15  86  92  )
( -33  -175  -44  )
( 156  164  -119  )
( -92  89  135  )
( 9  31  197  )
( -61  121  -64  )
( -160  -185  87  )
( -156  35  42  )
( 7  -178  -96  )
( -139  -68  132  )
( -130  -126  -153  )
( 165  197  -86  )
( -109  -68  125  )
( -96  -23  -113  )
( 86  63  -108  )
( 72  160  -155  )
( 140  -182  52  )
( 35  -122  61  )
( -100  155  68  )
( -166  60  -191  )
( -89  -187  13  )
( -32  39  -99  )
( 51  107  3  )
( -192  20  -188  )
( -121  190  52  )
( 54  -131  -137  )
( -19  -72  -47  )
( 167  26  -34  )
( -196  18  7  )
( -117  -159  22  )
( 194  27  -177  )
( 47  -137  192  )
( 55  106  88  )
( -91  -163  -102  )
( 95  -120  165  )
( -117  -126  -102  )
( 79  2  153  )
( -131  -123  195  )
( -132  90  -185  )
( 179  163  123  )
( -99  195  176  )
( -177  6  60  )
( 182  81  40  )
( 5  35  -158  )
( -143  154  -62  )
( -192  87  -90  )
( -101  189  171  )
( 10  161  172  )
( 5  96  -169  )
( 149  -155  89  )
( 34  -199  48  )
( -30  -120  -88  )
( -28  96  -92  )
( 131  -141  63  )
( -135  192  -196  )
( -184  -121  -12  )
( -105  76  -49  )
( -143  171  -87  )
( -132  71  145  )
( 89  -182  -177  )
( 109  163  -34  )
( 6  123  156  )
( -118  -150  -126  )
( 24  162  107  )
( -66  -8  -9  )
( 166  -186  -131  )
( 12  -60  -118  )
( -42  10  58  )
( 187  82  93  )
( -70  140  -26  )
( -182  88  111  )
( -196  -27  88  )
( -56  -61  125  )
( -29  7  -2  )
( 20  -13  -86  )
( -146  -61  -58  )
( -1  -89  33  )
( -173  -147  112  )
( 149  -181  -160  )
( 69  121  24  )
( -166  -35  85  )
( -158  75  144  )
( 107  -135  -73  )
( 50  139  -87  )
( -32  -131  149  )
( 55  137  23  )
( -72  35  -0  )
( -24  -14  -91  )
( -137  -86  172  )
( -12  -22  23  )
( -110  80  142  )
( -162  37  -120  )
( -158  79  6  )
( 185  73  135  )
( -70  132  7  )
( 113  147  137  )
( -34  -10  -46  )
( -36  92  -177  )
( -165  37  6  )
( -181  97  133  )
( 151  -74  -68  )
( -177  71  33  )
( -188  130  -51  )
( -81  -72  -95  )
( 0  197  42  )
( 13  46  188  )
( 159  162  187  )
( -17  54  74  )
( -48  -120  -165  )
( 4  -188  -12  )
( 158  -55  -188  )
( 31  -100  74  )
( 160  75  -68  )
( -185  -7  134  )
( -151  5  183  )
( 51  68  -138  )
( -30  84  151  )
( -32  8  -16  )
( -183  -37  -156  )
( 82  161  -26  )
( 84  -193  42  )
( 107  -153  178  )
( 89  -53  -124  )
( -186  65  171  )
( 62  -74  139  )
( 34  -118  -104  )
( -57  72  13  )
( 110  99  -180  )
( -53  136  -192  )
( 106  51  163  )
( -112  -17  171  )
( 2  -198  194  )
( -198  -114  43  )
( 115  142  188  )
( -170  -124  23  )
( -90  -128  -67  )
( 109  -110  -0  )
( -73  -89  -129  )
( 17  -195  57  )
( -150  36  120  )
( -120  184  87  )
( -167  -146  123  )
( -2  -45  118  )
( 98  68  -117  )
( -77  16  53  )
( -171  67  81  )
( -4  -70  93  )
( 38  183  176  )
( 4  15  145  )
( 18  97  85  )
( -167  -140  -53  )
( -140  129  133  )
( -40  -132  -110  )
( -9  -22  82  )
( -97  -88  159  )
( 186  -180  190  )
( 154  116  189  )
( -87  -51  -189  )
( 109  81  36  )
( -24  -108  -161  )
( -10  -191  55  )
( -86  127  -58  )
( 109  -79  -191  )
( -23  -112  104  )
( 194  -189  -46  )
( -36  129  -175  )
( 97  138  -177  )
( -130  101  190  )
( -161  139  -157  )
( -186  -72  32  )
( -154  -96  43  )
( -9  -123  157  )
( -192  -153  -120  )
( 3  96  -71  )
( -165  -193  -143  )
( -17  -148  106  )
( 178  -101  146  )
( 193  101  90  )
( -123  -74  -12  )
( 139  2  -155  )
( 7  -93  -69  )
( -153  -0  52  )
( 179  131  -119  )
( 37  -7  -104  )
( 92  -57  -59  )
( 24  169  -149  )
( 111  -174  -143  )
( -169  -46  147  )
( -116  135  90  )
( 5  -135  90  )
( -179  164  -132  )
( 179  -177  -112  )
( 182  -46  15  )
( 116  104  23  )
( -21  176  -63  )
( -96  -122  189  )
( 139  -34  -14  )
( 7  166  -170  )
( -165  58  62  )
( -134  196  -15  )
( 162  -131  5  )
( 171  119  90  )
( 130  -98  -39  )
( -48  169  -161  )
( 160  -137  -65  )
( -73  -94  -44  )
( -57  5  68  )
( 77  188  83  )
( 24  67  -112  )
( -196  -133  55  )
( -183  5  187  )
( -34  2  -10  )
( 151  -31  -152  )
( -115  -65  -15  )
( -173  -78  -127  )
( -94  10  182  )
( 149  -73  19  )
( -2  -80  97  )
( 176  -140  -158  )
( -27  54  55  )
( 68  138  -23  )
( 82  196  -164  )
( -45  -129  173  )
( 81  -137  -63  )
( 98  -197  138  )
( -138  -126  -188  )
( -159  -190  145  )
( 30  10  115  )
( -134  -9  -169  )
( 182  -16  162  )
( 78  -67  -90  )
( -15  -65  -37  )
( -102  -59  -82  )
( 164  97  110  )
( 84  -83  -135  )
( 66  -60  -10  )
( 13  169  -149  )
( 92  144  147  )
( -138  -3  140  )
( -45  116  -179  )
( -89  15  68  )
( -122  -19  139  )
( -149  43  -2  )
( -199  -174  94  )
( -163  -189  86  )
( 161  -79  44  )
( 70  -22  -88  )
( -176  144  188  )
( 185  196  138  )
( 157  -37  -88  )
( -61  14  39  )
( 55  112  27  )
( 151  -63  174  )
( 93  162  -72  )
( 196  17  -102  )
( -160  53  -162  )
( -166  18  135  )
( -8  -39  -20  )
( -2  141  51  )
( 190  -26  161  )
( -135  -175  -177  )
( 166  122  139  )
( 16  -84  -30  )
( 148  135  -33  )
( 109  -89  -94  )
( 94  153  -69  )
( 46  75  122  )
( -142  -149  -36  )
( 1  104  198  )
( 43  51  -12  )
( 16  54  -123  )
( -163  -94  30  )
