( 76  0  158  )
( -109  30  56  )
( 178  63  176  )
( -53  -187  -74  )
( 149  -56  6  )
( -34  78  -175  )
( -109  -23  -146  )
( -181  -106  73  )
( 36  166  9  )
( 164  159  -194  )
( 125  -140  158  )
( -14  189  175  )
( -146  31  118  )
( 132  -144  -68  )
( -184  -199  -159  )
( 52  140  -101  )
( -56  98  -103  )
( -37  -6  -162  )
( 59  -84  93  )
( -184  -1  148  )
( 45  71  -16  )
( -150  -111  60  )
( -147  -181  33  )
( 128  -97  120  )
( -178  -59  182  )
( 70  54  -107  )
( 74  35  94  )
( 99  -168  145  )
( -80  -89  7  )
( 59  -23  -195  )
( -157  -74  -149  )
( 152  -151  -160  )
( -147  11  177  )
( 79  77  42  )
( 50  -18  179  )
( 67  72  -162  )
( -50  185  120  )
( -126  185  -146  )
( -38  -191  -39  )
( 126  -67  -93  )
( 163  148  -98  )
( 0  175  -26  )
( 139  -81  104  )
( -67  -189  160  )
( -74  -132  135  )
( 199  -77  109  )
( -27  -159  -4  )
( 111  -50  -38  )
( -12  10  -104  )
( 151  155  -4  )
( -179  169  -160  )
( 88  -132  77  )
( 197  -65  -4  )
( 24  -107  -84  )
( -107  -187  -17  )
( -68  89  196  )
( -86  -134  81  )
( 96  -139  66  )
( 96  93  -123  )
( 10  42  -88  )
( 147  -102  -144  )
( -12  -142  5  )
( 172  -179  24  )
( 42  66  106  )
( -185  27  73  )
( 197  -31  68  )
( -182  -90  -186  )
( 123  92  126  )
( 198  66  13  )
( -80  -75  -44  )
( -93  193  -176  )
( -154  -65  49  )
( 176  141  100  )
( -120  -27  104  )
( -63  -59  6  )
( -32  -118  -109  )
( -84  104  66  )
( 152  -59  15  )
( 124  74  72  )
( 121  -127  -51  )
( 186  8  156  )
( -189  167  -6  )
( -167  -120  178  )
( 103  32  -19  )
( -43  49  -149  )
( -69  -61  48  )
( -148  -59  163  )
( -147  -137  -158  )
( 20  -79  103  )
( -125  116  -138  )
( -113  57  170  )
( -175  136  58  )
( 182  -156  113  )
( 180  -131  -176  )
( 83  -195  -163  )
( 133  50  71  )
( -55  164  198  )
( -65  -4  -23  )
( 155  -66  14  )
( -2  192  -41  )
( -158  60  -9  )
( -125  51  44  )
( 146  41  187  )
( 4  -62  189  )
( 159  -191  -152  )
( 152  159  160  )
( 115  -151  80  )
( 73  84  -107  )
( -177  -38  -145  )
( -147  -156  113  )
( -3  -71  93  )
( 186  39  169  )
( -109  11  -52  )
( 159  -198  -137  )
( -55  -6  79  )
( -8  142  45  )
( -177  92  -189  )
( -98  -59  -183  )
( 73  10  47  )
( 88  71  -25  )
( -12  -76  -103  )
( -26  169  86  )
( 123  70  -138  )
( -24  -166  12  )
( 53  113  -145  )
( 15  -30  -154  )
( -164  54  -70  )
( -90  -42  -1  )
( 111  162  16  )
( 112  118  -116  )
( -26  20  176  )
( -154  199  175  )
( 4  96  89  )
( -137  24  97  )
( 87  160  -170  )
( -179  -0  70  )
( 16  -79  -173  )
( -195  -26  184  )
( -6  -122  12  )
( 65  52  -2  )
( -39  27  -65  )
( 1  -154  91  )
( -192  54  -30  )
( 140  181  13  )
( -175  199  -149  )
( -134  120  -98  )
( -194  -122  39  )
( 55  -64  191  )
( 135  -193  -107  )
( 126  32  -178  )
( 163  136  -123  )
( -160  4  180  )
( 43  0  -84  )
( -113  109  19  )
( 39  -43  -171  )
( 37  -24  115  )
( 139  71  -62  )
( -44  -3  115  )
( -120  -126  81  )
( 72  148  -49  )
( -173  191  -166  )
( -190  175  -74  )
( -198  111  77  )
( 68  -122  171  )
( 191  15  69  )
( -6  -141  11  )
( 42  116  -64  )
( 167  86  -146  )
( 27  -159  -14  )
( -136  74  -100  )
( 63  -134  -50  )
( 184  -4  117  )
( -93  -125  199  )
( -59  -137  -152  )
( 169  -90  -109  )
( -72  -80  95  )
( 96  176  -192  )
( -42  -181  133  )
( 99  35  16  )
( 161  -104  195  )
( -44  199  177  )
( 32  -192  117  )
( -0  -179  128  )
( -145  32  0  )
( 116  -25  -188  )
( 102  -117  78  )
( 138  -7  -168  )
( 58  29  74  )
( -25  -59  48  )
( 94  -54  150  )
( -42  8  87  )
( 199  91  -11  )
( -56  -100  -102  )
( -98  -128  -66  )
( -16  91  71  )
( -113  -68  121  )
( -84  124  168  )
( -22  190  25  )
( 137  69  98  )
( 145  -198  -88  )
( -174  61  21  )
( 125  141  -176  )
( -107  157  159  )
( -25  151  -10  )
( -152  138  170  )
( -136  93  -175  )
( 110  -96  178  )
( -0  20  -189  )
( -79  -185  -144  )
( -192  -71  -163  )
( 60  -177  -141  )
( -81  68  103  )
( 6  -63  55  )
( -107  50  -166  )
( 191  -127  111  )
( -186  -72  147  )
( 97  98  -59  )
( -61  -37  6  )
( 73  -24  -192  )
( 189  8  -138  )
( 125  -83  158  )
( 112  100  59  )
( -128  122  -118  )
( -146  26  -149  )
( -196  179  -76  )
( 73  114  199  )
( 111  -138  -76  )
( -146  0  11  )
( -100  -60  187  )
( 160  -40  -10  )
( 124  -38  -133  )
( 191  -4  -34  )
( 188  -62  197  )
( 82  -175  -163  )
( 128  -168  -46  )
( 76  -132  68  )
( 7  198  -101  )
( -28  159  140  )
( -13  -141  57  )
( 63  -18  -106  )
( 161  143  123  )
( -3  88  159  )
( -85  -36  73  )
( 185  189  -64  )
( -48  9  100  )
( -121  -39  -74  )
( 149  -125  23  )
( 42  25  28  )
( 183  41  0  )
( 77  -198  134  )
( -51  -183  -122  )
( 26  193  137  )
( -83  10  145  )
( 35  32  92  )
( 5  -93  -27  )
( 190  -169  150  )
( -77  18  -28  )
( -102  196  -25  )
( -144  56  47  )
( -71  -100  177  )
( 12  -118  143  )
( -110  -8  -80  )
( -134  6  132  )
( 91  -92  -26  )
( 154  -0  -11  )
( -8  139  -34  )
( 26  98  -96  )
( -39  90  67  )
( -142  -27  89  )
( -157  -5  -111  )
( -108  0  46  )
( 117  23  34  )
( 57  -107  38  )
( 22  149  119  )
( -60  104  -27  )
( -178  93  43  )
( 144  117  83  )
( -126  -66  107  )
( -93  75  167  )
( 104  -197  -22  )
( 89  -68  -28  )
( 52  -49  17  )
( -96  67  124  )
( -142  184  149  )
( -199  -28  125  )
( -87  -44  -152  )
( 74  -191  -31  )
( -123  179  -19  )
( -149  -162  -62  )
( 153  -37  -138  )
( 131  156  -178  )
( -140  123  -43  )
( 88  -30  -77  )
( -96  32  -145  )
( 90  -55  1  )
( -13  -70  -56  )
( -164  102  180  )
( -50  -170  -167  )
( -34  64  26  )
( 8  99  52  )
( 53  100  -16  )
( 52  117  144  )
( -81  -177  113  )
( 17  96  -59  )
( 144  47  68  )
( 78  157  -196  )
( 178  76  -0  )
( 195  -40  -76  )
( -96  142  85  )
( 89  125  51  )
( -188  -74  194  )
( 102  34  65  )
( -0  -176  15  )
( -24  -135  4  )
( -86  -51  97  )
( -154  -191  -166  )
( -95  -62  -29  )
( 6  41  62  )
( -125  -129  -68  )
( -102  -6  75  )
( -138  -148  -122  )
( 48  133  36  )
( -180  -108  -92  )
( 32  162  -8  )
( 35  -108  111  )
( 122  -58  97  )
( 188  31  -13  )
( 92  105  -78  )
( 48  120  -33  )
( 177  68  138  )
( -68  -45  97  )
( 114  45  146  )
( 49  -22  -131  )
( -172  -11  83  )
( 102  187  126  )
( -166  178  105  )
( 194  -178  31  )
( 199  183  80  )
( -36  96  -154  )
( 126  101  61  )
( -149  102  -83  )
( 87  -32  107  )
( 79  9  -60  )
( -114  -98  85  )
( -112  -16  -2  )
( -116  -113  -199  )
( -103  -114  62  )
( -75  -74  187  )
( -119  47  -100  )
( 46  182  -151  )
( -104  -50  -76  )
( -100  120  -155  )
( -1  38  155  )
( 146  196  -97  )
( -92  64  166  )
( -146  -183  -190  )
( -65  -192  53  )
( -13  -27  -0  )
( 30  -46  -85  )
( 11  -126  -33  )
( -120  87  138  )
( 94  -83  158  )
( 198  54  -194  )
( 108  74  122  )
( -86  162  161  )
( -161  -191  132  )
( -31  75  73  )
( 12  -102  -165  )
( 137  156  146  )
( 175  109  -9  )
( -6  66  49  )
( -81  23  123  )
( -20  -83  -59  )
( -21  -160  -149  )
( 40  -141  -185  )
( 11  40  106  )
( 191  8  -171  )
( 53  -94  -16  )
( -187  98  -81  )
( 38  165  166  )
( 68  -81  -181  )
( -187  141  -47  )
( -133  -92  -96  )
( 13  198  91  )
( 110  -19  -7  )
( 167  -62  126  )
( 139  15  -39  )
( -39  -118  -76  )
( 54  130  -141  )
( 144  101  188  )
( -90  129  5  )
( -169  -52  -2  )
( 16  6  197  )
( -80  -23  -100  )
( -29  -181  142  )
( 151  142  85  )
( -155  -35  -64  )
( -43  -107  -198  )
( -167  169  95  )
( 173  -117  4  )
( -26  -0  189  )
( 54  55  -124  )
( 66  176  120  )
( 43  -161  -111  )
( 20  -175  65  )
( 139  -57  -190  )
( -177  -49  14  )
( 75  -37  -115  )
( 72  -113  90  )
( -174  -112  -9  )
( -169  46  43  )
( -137  170  51  )
( -46  27  136  )
( -14  -28  -132  )
( 138  -152  53  )
( 182  152  -21  )
( 112  14  44  )
( -70  193  -50  )
( 31  -16  73  )
( -39  -123  30  )
( -137  -104  135  )
( 66  140  -90  )
( 111  -74  76  )
( -56  170  -194  )
( -77  97  17  )
( -44  -187  162  )
( -105  22  -38  )
( -132  -128  38  )
( 156  157  138  )
( 58  -73  -150  )
( -185  107  -84  )
( 71  49  -129  )
( 147  32  -125  )
( 56  180  -76  )
( -194  140  -144  )
( -185  34  156  )
( -114  100  -185  )
( -11  -54  -172  )
( 24  -162  -185  )
( 138  55  -58  )
( 84  -197  -6  )
( 177  -15  -63  )
( -21  -75  -154  )
( 156  -23  -60  )
( -159  -78  -162  )
( -41  -151  -141  )
( 110  -155  -125  )
( -164  108  -188  )
( 31  -118  -77  )
( 181  -185  -159  )
( 100  105  48  )
( -110  2  -26  )
( -11  89  149  )
( 175  -8  87  )
( -110  -181  -190  )
( 132  -103  -73  )
( 170  -64  127  )
( -150  -4  -196  )
( -153  -169  139  )
( 106  -100  85  )
( -78  185  -9  )
( -104  122  -176  )
( 15  28  -5  )
( 185  -163  -183  )
( -43  29  28  )
( 192  107  106  )
( -55  121  75  )
( -193  -158  103  )
( 119  -156  196  )
( 35  188  36  )
( 61  -60  185  )
( 148  -104  -110  )
( 180  103  -143  )
( -154  -91  42  )
( -134  98  154  )
( 105  -154  -44  )
( -55  33  20  )
( 190  -84  -34  )
( 169  -35  174  )
( -91  161  50  )
( -92  -199  139  )
( -131  63  -51  )
( -36  10  17  )
( 109  -158  -57  )
( -131  73  -138  )
( 123  0  -17  )
( 101  186  -80  )
( -49  106  -154  )
( -101  22  -169  )
( -40  -37  -89  )
( -115  85  8  )
( 95  12  178  )
( -189  140  154  )
( -36  -56  66  )
( -70  149  -25  )
( -116  -181  -45  )
( -150  -90  72  )
( -153  -20  -73  )
( -137  -185  -24  )
( 115  -108  65  )
( 189  89  -49  )
( 70  112  51  )
( -143  178  192  )
( -140  -196  -21  )
( 171  100  51  )
( 88  -129  -140  )
( 150  -138  14  )
( -115  -50  -119  )
( 189  154  -139  )
( 79  40  158  )
( 160  17  -152  )
( -46  -66  62  )
( 115  80  -179  )
( 187  -33  96  )
( 48  -45  56  )
( -75  -32  -144  )
( 21  -182  6  )
( 173  197  34  )
( 118  -165  147  )
( -26  -168  139  )
( 135  42  110  )
( 158  119  -124  )
( -108  -166  -193  )
( 154  -176  -140  )
( 176  -130  -124  )
( 20  -18  163  )
( 91  -184  -54  )
( -150  98  9  )
( -181  7  -79  )
( -107  -109  61  )
( 184  67  181  )
( 67  -57  122  )
( -20  138  -50  )
( -141  2  19  )
( 149  -29  -32  )
( 128  -59  -96  )
( 49  -187  -43  )
( -29  -196  171  )
( 153  -32  -81  )
( -177  -19  -69  )
( 45  152  -8  )
( -129  187  -78  )
( 119  -145  24  )
( 82  -11  6  )
( 108  98  140  )
( 176  38  -85  )
( -129  5  60  )
( 63  171  132  )
( -112  166  85  )
( -75  155  -66  )
( -173  136  -182  )
( -171  -34  -74  )
( -124  -197  71  )
( 87  107  -26  )
( -142  97  28  )
( -29  -101  195  )
( 66  -62  -198  )
( -17  -2  -43  )
( -93  188  14  )
( 48  66  17  )
( -59  100  -63  )
( 111  51  54  )
( 57  171  29  )
( -168  175  66  )
( 44  -154  123  )
( 122  176  6  )
( 72  78  -26  )
( 174  -110  55  )
( -121  -122  -167  )
( -198  -34  -23  )
( -110  80  157  )
( -84  131  73  )
( -177  -25  193  )
( -157  11  -8  )
( 129  -11  -168  )
( -62  111  -167  )
( 25  45  27  )
( -9  179  7  )
( 101  5  -12  )
( -7  183  -39  )
( 112  59  -14  )
( -41  9  -6  )
( -80  -94  174  )
( -83  -19  -15  )
( 109  199  48  )
( 17  58  -66  )
( 55  86  89  )
( -71  133  98  )
( -102  25  -26  )
( 22  -81  -55  )
( 134  -74  191  )
( -43  -152  34  )
( 153  -24  -128  )
( 111  -24  -19  )
( 172  -146  -148  )
( 137  33  -148  )
( -65  99  -131  )
( -43  -24  175  )
( -112  -123  15  )
( 190  136  114  )
( 53  180  77  )
( 42  86  172  )
( 117  -105  87  )
( -31  -117  197  )
( -44  0  47  )
( 79  -85  92  )
( 142  6  -37  )
( -17  115  -192  )
( -170  -51  163  )
( 67  101  -175  )
( 36  -141  -5  )
( -39  -147  -158  )
( 159  -20  133  )
( 155  176  151  )
( 50  12  184  )
( -62  -33  -172  )
( 13  -5  -188  )
( -38  -5  106  )
( -18  122  -102  )
( -111  22  92  )
( 38  -174  15  )
( 72  -111  -169  )
( -184  -72  94  )
( -80  -173  192  )
( 20  -199  26  )
( 91  -110  3  )
( -42  178  64  )
( 82  195  194  )
( 86  118  120  )
( 199  -140  -41  )
( 149  -27  -135  )
( -31  -61  -96  )
( -62  -75  -3  )
( -64  -3  68  )
( 42  118  -39  )
( -101  192  -178  )
( 160  177  -186  )
( 58  -154  90  )
( -50  165  -78  )
( -108  117  -169  )
( -171  130  160  )
( -54  15  -188  )
( -55  42  -72  )
( 180  -149  118  )
( 108  14  117  )
( 162  -151  184  )
( -46  191  -86  )
( -52  -125  -128  )
( -145  -71  44  )
( 70  -196  182  )
( -69  33  -18  )
( -115  79  -71  )
( -8  57  -58  )
( 154  -131  -180  )
( -140  -183  -57  )
( 103  -96  -163  )
( 87  -78  -82  )
( -133  -81  -134  )
( -161  92  -5  )
( -48  133  -148  )
( -22  174  17  )
( -63  131  111  )
( 113  -68  -180  )
( 13  195  -175  )
( -193  -34  -49  )
( -58  86  73  )
( -5  -96  -46  )
( -127  187  137  )
( 98  46  -18  )
( 37  -52  -113  )
( 21  194  192  )
( -115  45  67  )
( -185  -130  -70  )
( 164  92  -106  )
( -148  -77  -75  )
( 152  -66  12  )
( 170  -155  -142  )
( 71  -89  80  )
( -36  -191  -151  )
( 150  66  -165  )
( -133  -160  -20  )
( -133  -5  -44  )
( 139  81  -74  )
( 162  117  187  )
( 84  -136  -156  )
( -147  -159  -45  )
( -51  -114  -184  )
( -189  171  -112  )
( 182  -19  -117  )
( 153  -39  88  )
( -133  -118  147  )
( 92  -189  -44  )
( -58  129  -55  )
( -109  -73  -159  )
( 159  88  195  )
( -113  15  -133  )
( -34  -186  191  )
( 153  141  -72  )
( -167  -25  -24  )
( -117  -158  98  )
( 126  -121  -102  )
( 172  148  -70  )
( 67  -126  -193  )
( -168  -129  -72  )
( 173  80  -9  )
( -136  -148  19  )
( -127  12  -195  )
( 34  160  -133  )
( 141  86  192  )
( -109  -63  38  )
( -137  60  165  )
( 27  -151  -155  )
( 95  64  72  )
( 59  -178  160  )
( -65  -127  185  )
( 165  -145  186  )
( 81  -171  110  )
( 156  -61  -108  )
( -116  -7  -146  )
( 30  91  -150  )
( -10  -39  -116  )
( -165  119  -78  )
( 177  -119  -1  )
( -36  -155  185  )
( 188  100  -32  )
( 12  -173  182  )
( -113  26  -107  )
( -8  12  -62  )
( -191  -20  117  )
( 42  -17  8  )
( 166  167  140  )
( -17  -75  74  )
( -17  -144  -48  )
( 111  72  -188  )
( -12  88  137  )
( -173  179  -190  )
( 91  -73  -50  )
( -146  -142  -63  )
( 65  -14  177  )
( 166  -52  -22  )
( 111  48  -156  )
( 154  132  38  )
( 1  18  49  )
( 104  14  -188  )
( -179  -72  16  )
( 28  -125  48  )
( 79  -160  43  )
( -144  135  -123  )
( 42  161  60  )
( 89  -136  4  )
( -100  95  82  )
( -131  -159  -34  )
( -149  139  126  )
( 21  168  116  )
( -20  -76  -72  )
( 119  -154  103  )
( 184  144  -93  )
( 148  -81  12  )
( -120  -189  -43  )
( 116  6  156  )
( -182  -168  -163  )
( -31  -75  -27  )
( -157  -186  -42  )
( -78  -3  -82  )
( -14  -80  -177  )
( 102  190  31  )
( -155  178  -17  )
( 104  37  -67  )
( 173  172  -61  )
( 130  -199  181  )
( 197  -64  70  )
( 194  49  -73  )
( 1  76  -129  )
( 18  -24  -59  )
( -101  105  150  )
( 23  199  -68  )
( -164  -75  -16  )
( -183  -193  153  )
( 187  88  5  )
( 71  -128  74  )
( -105  -152  154  )
( 150  -29  114  )
( 34  45  0  )
( 144  -62  -153  )
( 180  42  110  )
( 168  124  8  )
( 184  -77  -2  )
( -68  -165  -20  )
( -50  -162  -131  )
( -120  60  -37  )
( -147  61  129  )
( 79  178  -164  )
( -114  55  7  )
( 173  132  174  )
( 165  153  26  )
( -107  144  -193  )
( -191  -121  -23  )
( -117  -55  -4  )
( -120  -110  -105  )
( 158  -28  57  )
( -9  12  -91  )
( 117  188  -195  )
( -174  44  73  )
( 75  -20  197  )
( -189  -3  -20  )
( -42  125  -132  )
( -31  -191  101  )
( -1  -106  -32  )
( 130  -195  -5  )
( -5  -84  -3  )
( 164  -130  -109  )
( 25  -139  50  )
( 133  163  14  )
( 127  -54  -76  )
( -24  83  -161  )
( 164  -79  -34  )
( -59  -52  -189  )
( -68  -155  -83  )
( -74  -1  109  )
( 177  -49  107  )
( 113  154  -177  )
( 58  90  -135  )
( 63  -125  -198  )
( 92  -0  107  )
( 132  15  167  )
( -19  -176  -67  )
( 147  -158  135  )
( -125  -74  -107  )
( -103  98  -186  )
( -67  81  -120  )
( -27  119  10  )
( 181  -175  1  )
( 151  -10  -192  )
( -76  133  34  )
( 187  -199  28  )
( 161  -66  106  )
( -112  -182  -75  )
( 8  21  -35  )
( 128  -97  161  )
( -174  49  113  )
( -96  -9  118  )
( 116  -138  176  )
( 195  -54  193  )
( 40  -99  50  )
( -103  7  -196  )
( -112  37  -76  )
( -6  -85  -172  )
( -141  -165  60  )
( 29  1  45  )
( 184  14  -90  )
( -4  174  -198  )
( 172  186  -85  )
( 191  141  -15  )
( 30  -144  40  )
