( -117  -79  -114  )
( 182  67  -6  )
( -22  -0  -130  )
( -26  155  41  )
( 139  30  -38  )
( -196  69  -47  )
( -190  153  173  )
( -171  128  99  )
( -159  -175  129  )
( 52  6  -97  )
( 41  21  7  )
( 41  164  -9  )
( -63  171  -107  )
( -20  -159  -73  )
( 64  68  -43  )
( -13  149  180  )
( 30  22  -33  )
( 124  120  134  )
( 68  44  157  )
( 117  -84  -57  )
( -17  -45  -128  )
( 75  -152  -12  )
( 164  -177  92  )
( -123  -30  147  )
( 136  49  -37  )
( -1  -167  141  )
( 16  99  172  )
( -36  -23  -81  )
( -76  -59  36  )
( -177  -53  -57  )
( -23  113  -177  )
( -74  -102  115  )
( 88  87  -123  )
( -143  155  83  )
( 102  10  -143  )
( -109  98  102  )
( -5  -103  -142  )
( 15  171  -121  )
( 13  -179  -152  )
( 125  4  -5  )
( -14  -13  -1  )
( 185  -147  150  )
( -195  -158  15  )
( -160  -155  -22  )
( 9  -21  -151  )
( 116  100  3  )
( 70  1  -161  )
( 7  152  29  )
( -181  162  127  )
( 81  140  -26  )
( -126  -80  -136  )
( 144  14  81  )
( -172  42  -63  )
( 73  129  124  )
( -193  99  -103  )
( -193  -136  -166  )
( -10  -48  -89  )
( -108  -48  132  )
( -135  -134  15  )
( 110  -164  -27  )
( -166  122  144  )
( -159  -65  -199  )
( -161  -55  60  )
( -69  34  106  )
( 171  183  158  )
( -185  98  -137  )
( -175  92  7  )
( 193  -176  -11  )
( 52  -135  13  )
( 11  183  123  )
( -70  -5  -158  )
( -177  92  -119  )
( 16  -150  -173  )
( 68  -63  197  )
( -156  -60  103  )
( 0  147  139  )
( -188  -15  -110  )
( 33  144  -151  )
( 167  76  147  )
( -193  -167  78  )
( -59  -187  191  )
( -69  -163  139  )
( -178  -109  -56  )
( -65  155  136  )
( -126  -32  -170  )
( -171  130  111  )
( 115  -162  -48  )
( -110  -48  -167  )
( -168  179  77  )
( 180  115  -185  )
( -120  179  54  )
( 114  -57  180  )
( 62  160  -181  )
( 22  28  -2  )
( 35  -34  115  )
( 101  -75  -177  )
( -140  72  -50  )
( 141  142  -77  )
( -77  -10  116  )
( 149  3  -191  )
( 182  -129  174  )
( -169  128  13  )
( -135  149  -19  )
( 128  -8  -187  )
( 186  -35  103  )
( -66  48  10  )
( 81  51  186  )
( -62  101  -72  )
( -157  -151  113  )
( 14  165  182  )
( -129  107  131  )
( 66  137  23  )
( 7  169  -47  )
( -184  77  15  )
( 73  -20  35  )
( 70  24  -74  )
( 128  -90  -10  )
( 193  -82  -120  )
( 187  -75  -36  )
( 178  171  13  )
( 86  -129  43  )
( -63  58  -145  )
( 114  -177  -153  )
( -33  -1  107  )
( -29  -117  180  )
( -37  98  117  )
( -121  -60  136  )
( 120  -16  112  )
( 114  47  -9  )
( -2  106  34  )
( -60  122  -22  )
( -171  -180  44  )
( -84  6  -141  )
( 171  7  -128  )
( -126  -86  160  )
( 37  133  79  )
( 195  -161  5  )
( -129  147  -179  )
( -22  69  -95  )
( -122  -108  -46  )
( 107  -127  -165  )
( 167  -62  -66  )
( 13  -28  -91  )
( -171  -157  109  )
( -189  -16  15  )
( -50  49  163  )
( -196  188  129  )
( -64  -92  195  )
( -138  36  -100  )
( -178  -115  59  )
( -51  2  -25  )
( -76  -198  96  )
( -10  -138  198  )
( -150  0  42  )
( -134  24  155  )
( 175  131  -50  )
( 91  -150  -121  )
( -199  -18  -139  )
( -25  -14  -169  )
( -156  -128  55  )
( 131  176  165  )
( -194  -183  -79  )
( 17  35  85  )
( 94  -52  -19  )
( -28  61  122  )
( -120  -76  -31  )
( 14  5  -19  )
( -185  189  -129  )
( -192  -31  -48  )
( 51  -79  -167  )
( -176  141  -187  )
( -117  80  113  )
( 189  65  -171  )
( -190  -168  -58  )
( 114  172  49  )
( -117  -146  -89  )
( 193  31  -15  )
( 175  118  61  )
( -135  -158  196  )
( -159  -13  193  )
( 136  78  -151  )
( -94  39  53  )
( -120  98  147  )
( 34  124  -6  )
( 84  109  155  )
( 94  -193  -29  )
( 124  -149  -62  )
( 36  83  -81  )
( -188  -108  -130  )
( 138  -35  58  )
( 21  -129  175  )
( 20  -56  -22  )
( 120  -75  -187  )
( 26  -192  -69  )
( -71  139  103  )
( -2  82  -132  )
( -96  65  -50  )
( -81  -60  -128  )
( -175  172  -170  )
( 161  6  143  )
( 3  21  60  )
( -2  -190  -130  )
( -57  103  168  )
( -56  191  -18  )
( -198  -72  -101  )
( -44  -147  165  )
( 20  -137  174  )
( -167  -107  -172  )
( -112  90  82  )
( -143  -73  164  )
( 166  176  20  )
( -32  -33  -165  )
( -129  -154  135  )
( 67  -195  61  )
( -52  39  -157  )
( 9  -118  123  )
( 96  -129  -178  )
( -84  -26  9  )
( 48  -6  43  )
( -161  62  89  )
( 133  52  127  )
( 154  -92  135  )
( 193  -130  116  )
( 64  -178  37  )
( -177  -134  -56  )
( -197  27  -97  )
( -170  -171  30  )
( 95  92  13  )
( 49  28  127  )
( -10  -182  -61  )
( -1  -74  43  )
( 16  118  -197  )
( -175  141  12  )
( 40  163  -109  )
( 164  -76  198  )
( 41  -38  94  )
( 131  -184  -149  )
( -135  -144  -128  )
( 185  31  -100  )
( 93  120  172  )
( 190  -131  -90  )
( -119  141  137  )
( -62  14  166  )
( -162  -89  -159  )
( 112  -127  82  )
( 17  -144  -33  )
( -79  -13  138  )
( 151  -131  -162  )
( 184  -5  197  )
( 168  116  87  )
( -173  115  36  )
( -98  -53  90  )
( 51  76  159  )
( 20  -75  -25  )
( 110  -173  153  )
( 155  -5  -31  )
( -147  93  149  )
( -40  70  -0  )
( 14  3  83  )
( 10  94  154  )
( 120  -48  73  )
( 9  179  -28  )
( -49  138  178  )
( -192  162  139  )
( -13  85  -97  )
( 182  21  59  )
( -8  -89  126  )
( 108  171  -122  )
( -15  21  167  )
( 40  -2  -26  )
( 148  41  -103  )
( -147  107  23  )
( -101  142  -29  )
( -46  124  -6  )
( -146  -26  -123  )
( 188  -33  -69  )
( 143  78  164  )
( -31  -60  -128  )
( 82  135  25  )
( -3  160  146  )
( 189  65  -162  )
( 195  110  183  )
( 45  -197  142  )
( 187  -183  -66  )
( -70  34  -24  )
( 25  121  66  )
( 191  142  122  )
( -137  104  172  )
( -68  176  -8  )
( -165  -78  -150  )
( -179  -105  -39  )
( -0  94  -173  )
( 66  -112  -151  )
( -128  -177  -25  )
( 167  117  -190  )
( 72  21  64  )
( 161  -39  115  )
( 169  153  -82  )
( 64  -76  92  )
( -9  -143  100  )
( -77  20  -43  )
( -163  136  164  )
( -108  -136  -75  )
( 84  -152  15  )
( -108  -1  110  )
( 47  -3  -14  )
( 19  199  -86  )
( -66  -145  124  )
( 113  -112  -157  )
( -185  -103  -91  )
( 151  6  -105  )
( -53  176  120  )
( -31  70  -43  )
( 71  153  112  )
( 85  -156  8  )
( -179  2  -197  )
( -10  -16  30  )
( 129  -57  -91  )
( -150  20  7  )
( -194  -44  89  )
( -8  -172  19  )
( 133  129  191  )
( 130  13  141  )
( -107  95  45  )
( 101  -64  43  )
( 23  -82  -72  )
( -117  -60  22  )
( 118  -150  23  )
( -25  34  -49  )
( 61  73  38  )
( 83  90  -118  )
( 94  -43  132  )
( 139  88  121  )
( -175  131  186  )
( 180  -19  -124  )
( -15  4  125  )
( -141  109  -9  )
( 189  99  0  )
( 111  -43  58  )
( 152  -31  35  )
( -109  -2  -72  )
( 58  -176  -3  )
( -158  150  -59  )
( 93  -150  172  )
( 26  -67  55  )
( -91  -168  15  )
( 22  -142  134  )
( -90  27  132  )
( -111  -108  -122  )
( 86  -61  -78  )
( -190  -38  -32  )
( 131  54  72  )
( 144  66  82  )
( 107  138  183  )
( 44  25  -196  )
( 166  178  -56  )
( -67  92  31  )
( 22  191  -17  )
( -120  -181  -171  )
( 185  77  -196  )
( 66  20  189  )
( -127  133  63  )
( -83  145  -192  )
( 17  -168  -192  )
( -55  -74  144  )
( 177  -115  118  )
( 43  -65  174  )
( -19  -138  -77  )
( -197  -182  140  )
( 197  22  -60  )
( -72  -69  -3  )
( 65  -101  43  )
( 73  -99  -179  )
( -183  58  40  )
( -93  131  -134  )
( 57  20  83  )
( 160  94  -155  )
( 36  -138  -91  )
( 126  -93  -156  )
( -137  -117  -145  )
( -55  -174  53  )
( 156  8  14  )
( 187  169  184  )
( 188  197  -82  )
( 195  -74  -35  )
( -68  126  -30  )
( -53  -94  138  )
( -10  -179  -47  )
( -88  184  -79  )
( 46  6  142  )
( 33  30  -1  )
( 94  170  -178  )
( -98  142  -193  )
( 48  -165  170  )
( -83  3  -153  )
( -59  10  -71  )
( -162  -89  -45  )
( -2  94  0  )
( 180  27  170  )
( -102  91  101  )
( -156  -34  -60  )
( 137  -184  9  )
( 87  15  -49  )
( 95  42  -92  )
( 97  -158  123  )
( 183  -97  182  )
( -25  -15  -174  )
( 137  -52  162  )
( 10  186  -113  )
( 72  -17  -58  )
( 7  -191  111  )
( 146  -126  140  )
( 0  122  69  )
( -159  -94  165  )
( -103  -45  -135  )
( -180  -60  -156  )
( 177  -57  -159  )
( 163  128  94  )
( -65  29  -76  )
( -55  -8  141  )
( -187  -123  -181  )
( -159  154  19  )
( 146  -13  -83  )
( 115  108  -133  )
( -119  161  97  )
( 81  -80  57  )
( -19  -190  -54  )
( -4  -152  159  )
( 45  44  -3  )
( -30  -144  99  )
( -31  153  93  )
( 118  -9  117  )
( -87  170  165  )
( -28  -172  70  )
( -32  134  -48  )
( -119  -51  -84  )
( -155  -37  151  )
( 8  -60  -20  )
( 85  105  -4  )
( 161  -125  -60  )
( 74  152  101  )
( 32  141  136  )
( -115  173  80  )
( 170  -91  86  )
( 142  -188  -161  )
( 98  -41  5  )
( -142  50  195  )
( -166  158  87  )
( -160  72  109  )
( 171  -87  92  )
( -6  10  -53  )
( 24  10  159  )
( -49  0  50  )
( 3  -145  -137  )
( -116  -11  149  )
( 111  -50  -196  )
( -13  166  104  )
( 18  -102  174  )
( 116  -13  -19  )
( 52  111  151  )
( -56  49  -52  )
( 55  181  136  )
( 80  3  -172  )
( 88  -106  175  )
( 132  110  30  )
( 134  -144  25  )
( 170  37  -78  )
( -146  -14  -110  )
( -98  143  -189  )
( 101  -41  37  )
( 141  -155  -15  )
( 2  -68  -12  )
( -26  159  -105  )
( 59  78  -137  )
( -36  -158  102  )
( 105  194  77  )
( -49  93  111  )
( 189  -121  118  )
( -51  19  -117  )
( 26  164  -105  )
( 149  -144  196  )
( 190  76  47  )
( 13  -17  -113  )
( -150  14  -18  )
( -32  75  -47  )
( 61  121  3  )
( -132  -166  111  )
( 27  -131  107  )
( 117  -176  -185  )
( 55  44  148  )
( 43  86  -98  )
( -40  -193  -103  )
( -181  175  -69  )
( 99  89  146  )
( 47  -199  -16  )
( -42  72  127  )
( -43  -39  142  )
( -74  -61  -156  )
( -104  -50  145  )
( 10  197  9  )
( -119  -180  -97  )
( 128  49  -192  )
( -144  1  -86  )
( -127  90  50  )
( 105  141  25  )
( -116  146  -196  )
( 164  79  -182  )
( 50  7  -170  )
( 106  152  -99  )
( 177  -160  130  )
( -23  34  -81  )
( 192  34  -147  )
( 46  9  -159  )
( 197  17  176  )
( -116  -9  156  )
( -82  -101  19  )
( -24  65  -84  )
( -192  118  -86  )
( -121  12  102  )
( 36  67  118  )
( 1  -113  85  )
( 27  117  -133  )
( -184  98  28  )
( -91  -184  -42  )
( 168  33  117  )
( -8  -147  -116  )
( -50  35  21  )
( 126  58  -137  )
( -64  -78  -28  )
( 124  -170  49  )
( 39  -13  -82  )
( -154  -39  127  )
( -115  146  138  )
( 34  179  -195  )
( -4  -96  -91  )
( -58  -79  35  )
( -146  140  103  )
( -95  10  -44  )
( 39  -19  7  )
( 88  17  156  )
( 110  101  -62  )
( -161  168  60  )
( -50  71  -148  )
( 38  148  -23  )
( -190  142  35  )
( -65  48  96  )
( 172  -91  -184  )
( 179  189  104  )
( 104  131  -108  )
( 29  -151  -186  )
( -182  -0  -158  )
( -20  24  -143  )
( -197  94  -110  )
( 52  -118  3  )
( -141  -74  138  )
( 123  -23  132  )
( 160  -3  -84  )
( 89  83  97  )
( 149  -28  -196  )
( 189  -190  -33  )
( 93  29  -68  )
( 50  -194  -115  )
( -115  141  199  )
( -95  147  -23  )
( -15  -22  108  )
( 181  77  -151  )
( 97  -133  126  )
( -144  -121  -116  )
( -71  -8  123  )
( -183  -199  -118  )
( -139  -19  -114  )
( -75  176  139  )
( -42  -168  -55  )
( -39  -182  187  )
( -152  182  -58  )
( -155  168  77  )
( 69  -76  190  )
( 140  -81  -56  )
( -180  58  -151  )
( 183  -6  -138  )
( -173  -40  68  )
( -45  -16  32  )
( -196  -15  184  )
( 115  -43  -87  )
( 121  173  -175  )
( -67  -105  76  )
( -154  136  133  )
( -61  70  -51  )
( -14  46  -56  )
( 133  54  -171  )
( -54  -169  41  )
( -135  -119  107  )
( -107  163  -72  )
( 167  -48  88  )
( 79  -177  138  )
( 109  157  -159  )
( 175  51  -11  )
( -6  -145  -47  )
( -168  -45  -110  )
( -153  62  -25  )
( -168  -52  17  )
( 44  -183  -27  )
( 18  95  28  )
( -89  38  -33  )
( 100  -27  -196  )
( -195  -142  -68  )
( -80  43  -74  )
( 157  151  119  )
( -55  -8  77  )
( -21  67  -165  )
( 142  90  -88  )
( -110  123  -142  )
( -35  118  -58  )
( -102  -98  78  )
( 17  149  139  )
( 198  -152  -25  )
( 135  -119  196  )
( 193  -88  -61  )
( 54  -98  -71  )
( -107  87  -72  )
( -5  63  -127  )
( -154  68  -121  )
( -161  32  -15  )
( 68  -25  140  )
( 186  178  -151  )
( -189  -121  -5  )
( -87  41  112  )
( -72  52  111  )
( -43  -181  -154  )
( -176  -18  -119  )
( -86  -137  91  )
( 115  -101  44  )
( -27  -173  23  )
( -126  -105  179  )
( 59  66  153  )
( 80  -76  -27  )
( -12  -63  -56  )
( 36  31  -16  )
( 122  -168  -89  )
( -93  -91  180  )
( 28  101  157  )
( 6  163  -16  )
( -186  -41  48  )
( 6  146  0  )
( -179  -112  -190  )
( 140  54  -143  )
( 132  42  -81  )
( -154  33  -51  )
( 52  -174  -128  )
( -66  123  -168  )
( 159  -24  -122  )
( 100  116  -60  )
( 46  -41  190  )
( 12  83  87  )
( 117  192  88  )
( 195  73  -187  )
( -51  181  104  )
( -199  72  101  )
( -137  81  -186  )
( 98  193  31  )
( -120  126  113  )
( -182  -41  -145  )
( 3  -36  183  )
( -56  -10  122  )
( 91  -63  49  )
( -136  117  -183  )
( 63  -11  156  )
( 62  48  -39  )
( -141  6  18  )
( 2  90  -165  )
( 151  163  -102  )
( 191  -48  177  )
( -169  64  163  )
( -22  -9  -93  )
( -6  -180  13  )
( 33  188  -52  )
( -65  185  161  )
( 174  -150  98  )
( 21  126  -192  )
( 184  -20  -174  )
( -190  98  164  )
( -132  18  93  )
( -73  11  -135  )
( 163  -124  139  )
( -123  136  5  )
( 128  -108  -158  )
( 137  -128  153  )
( 146  167  -49  )
( -148  -13  39  )
( -44  -142  144  )
( 21  89  13  )
( -81  -86  -190  )
( 181  -94  182  )
( 165  -26  -93  )
( -148  18  141  )
( 71  -58  -49  )
( -151  -5  25  )
( -135  112  -181  )
( -120  43  72  )
( -88  -120  196  )
( -54  -84  -32  )
( -143  142  148  )
( 68  52  -162  )
( -86  61  -54  )
( -87  -49  -95  )
( 131  109  -177  )
( -158  -121  -175  )
( 83  -138  -81  )
( -175  -129  101  )
( 78  6  147  )
( -153  -65  -49  )
( 115  -157  72  )
( -32  130  53  )
( 147  110  -178  )
( -28  -156  36  )
( -0  62  -69  )
( 123  -32  149  )
( -110  -193  130  )
( 29  -26  185  )
( -22  -86  107  )
( 107  -26  -112  )
( -143  -94  82  )
( -41  -53  62  )
( 121  87  157  )
( 137  2  169  )
( -55  -47  -96  )
( 21  58  -142  )
( 20  108  42  )
( 92  -35  -5  )
( 109  50  -141  )
( 76  37  190  )
( 134  34  182  )
( -3  -56  -120  )
( -11  -177  155  )
( 25  174  -107  )
( -99  -8  40  )
( 81  90  174  )
( 124  -51  -181  )
( -197  151  150  )
( -91  57  -135  )
( 82  -94  -80  )
( -8  -38  151  )
( -69  -51  -39  )
( -56  174  105  )
( -133  -38  161  )
( 62  26  -192  )
( 86  51  -194  )
( -30  -70  130  )
( 128  -68  -139  )
( 150  160  -35  )
( -181  -158  29  )
( -76  -33  -46  )
( -97  175  110  )
( 111  -185  -94  )
( 85  -49  61  )
( 183  47  116  )
( -170  -31  -40  )
( 13  184  -57  )
( -192  99  -48  )
( 87  74  -56  )
( 39  -93  49  )
( -131  -54  159  )
( -154  -96  137  )
( 29  199  67  )
( -180  -112  -139  )
( 46  -108  -112  )
( -70  150  -175  )
( 37  -142  156  )
( -54  91  165  )
( -102  -60  11  )
( -185  133  -71  )
( -185  -60  128  )
( 27  -20  -164  )
( 160  15  73  )
( 91  163  149  )
( -73  -76  51  )
( -87  -134  9  )
( 124  -131  175  )
( -71  188  53  )
( -50  -111  15  )
( -150  -75  -107  )
( 3  184  -105  )
( -145  -7  -126  )
( 82  -111  93  )
( -49  7  -78  )
( 172  56  -7  )
( 180  27  -117  )
( -57  -45  182  )
( -91  -166  -113  )
( 37  171  7  )
( -62  -133  -65  )
( -88  -101  44  )
( -87  197  85  )
( -148  24  103  )
( -3  199  -170  )
( -130  118  -115  )
( 35  -127  -196  )
( -96  25  67  )
( 16  -157  -179  )
( 103  -186  -23  )
( -162  -7  52  )
( 192  -89  45  )
( -32  184  -23  )
( 69  -102  -176  )
( -156  -69  10  )
( 25  -108  -117  )
( -0  -119  193  )
( -26  -78  71  )
( -108  -148  -164  )
( -22  -115  4  )
( -97  -68  -85  )
( 125  -54  110  )
( 44  147  -4  )
( -96  47  -129  )
( -6  -101  -121  )
( -171  -13  28  )
( -40  96  185  )
( -43  146  -60  )
( -10  7  42  )
( -88  163  -38  )
( 2  35  186  )
( 115  185  -174  )
( -174  -175  32  )
( 177  178  -30  )
( 96  -3  -173  )
( -89  72  -93  )
( 78  -52  36  )
( -55  -39  38  )
( 108  -193  -171  )
( -6  -5  -36  )
( -24  -128  134  )
( 5  -7  -159  )
( 17  181  101  )
( -199  -78  -190  )
( 137  -87  111  )
( -63  -177  -133  )
( -35  156  -122  )
( 130  5  22  )
( -126  -90  77  )
( 45  -187  41  )
( -160  -193  -183  )
( -64  179  -132  )
( 64  15  -26  )
( -101  -110  160  )
( -159  -162  199  )
( 79  -180  -189  )
( -103  -24  -199  )
( 139  68  -75  )
( 194  173  -156  )
( -137  68  -189  )
( 50  95  -142  )
( 20  -59  -44  )
( -136  11  -125  )
( 21  134  92  )
