( -35  29  46  )
( 85  108  -136  )
( -172  -44  -59  )
( -47  185  62  )
( 181  -172  67  )
( -186  -44  66  )
( 75  80  118  )
( -164  -51  -27  )
( -37  -120  1  )
( 71  178  121  )
( 12  -143  162  )
( 25  184  64  )
( 39  198  -175  )
( 170  71  125  )
( -173  -146  185  )
( -14  -26  -90  )
( 145  -197  23  )
( -118  -135  181  )
( 175  -184  -54  )
( 100  -172  125  )
( -96  102  5  )
( 73  15  -112  )
( -166  -189  -148  )
( -137  -14  -188  )
( -151  185  22  )
( -92  -0  -126  )
( 10  170  115  )
( -45  6  -73  )
( 11  -190  -130  )
( 36  69  158  )
( -47  144  93  )
( 34  -89  128  )
( 54  98  -117  )
( 92  95  73  )
( 2  120  -62  )
( -129  113  68  )
( -63  -27  -124  )
( -97  -66  80  )
( -174  -54  -159  )
( 96  -186  -92  )
( -29  -95  -50  )
( 120  131  74  )
( 20  -150  -15  )
( 175  90  91  )
( 134  189  10  )
( 120  34  70  )
( -11  -168  -109  )
( -16  -154  -114  )
( 86  -158  -99  )
( -37  95  -137  )
( -99  -63  -39  )
( 10  198  -170  )
( -181  63  138  )
( -10  120  -73  )
( 171  -44  71  )
( -96  120  -108  )
( -29  -185  79  )
( 38  -182  -30  )
( -149  79  145  )
( 81  -97  49  )
( 24  -100  193  )
( 171  44  78  )
( 154  21  -30  )
( -43  -186  -32  )
( 124  9  149  )
( 199  -103  148  )
( 102  -169  -45  )
( 155  -66  -179  )
( 97  -41  32  )
( -67  24  7  )
( -121  101  -160  )
( 70  -193  -137  )
( -137  193  -81  )
( -82  37  183  )
( 53  -40  -30  )
( -1  -61  35  )
( -18  62  176  )
( -46  125  137  )
( -174  107  -28  )
( -69  157  22  )
( -117  -176  159  )
( -46  -7  -90  )
( 41  -155  59  )
( -153  194  -162  )
( 60  69  -68  )
( 36  14  -108  )
( 165  -189  152  )
( 135  31  186  )
( -4  190  -150  )
( -127  -30  -122  )
( -155  99  -109  )
( 152  -184  18  )
( 150  -68  -198  )
( 137  63  44  )
( -170  -194  -93  )
( -37  -16  -151  )
( 196  50  37  )
( 129  180  -50  )
( 145  -107  131  )
( -143  -85  100  )
( 69  132  21  )
( -124  -153  -138  )
( 59  -141  134  )
( -189  -3  -127  )
( 125  153  -20  )
( 5  130  -89  )
( 93  -36  -49  )
( 45  60  116  )
( 71  65  -3  )
( 166  99  -84  )
( -35  -55  -76  )
( 51  22  55  )
( -198  156  -152  )
( 123  195  53  )
( -3  100  -194  )
( -88  -119  -131  )
( -189  -118  109  )
( 64  -100  -29  )
( 138  -58  197  )
( 18  44  -40  )
( -63  116  35  )
( -192  -20  133  )
( 140  31  -55  )
( 191  -64  151  )
( 190  170  -187  )
( -9  41  -16  )
( 80  36  -97  )
( -50  137  49  )
( 172  135  -32  )
( -62  127  41  )
( -193  -139  67  )
( -98  -39  -157  )
( 161  38  9  )
( 104  -48  137  )
( 36  -12  -22  )
( -90  -120  -129  )
( 56  80  122  )
( -77  -27  -81  )
( 53  -162  35  )
( 82  -166  198  )
( 173  83  94  )
( 50  10  48  )
( 155  -94  -50  )
( 181  82  80  )
( 104  -193  -86  )
( -137  72  -185  )
( 20  -39  -51  )
( -14  46  -33  )
( 164  -181  85  )
( -142  94  -169  )
( -162  5  -175  )
( 37  141  179  )
( -9  -27  -160  )
( -50  -1  -60  )
( -58  92  -101  )
( -127  -38  -51  )
( -132  88  -37  )
( 179  32  103  )
( 173  30  -50  )
( 89  103  16  )
( 138  38  -183  )
( 175  84  -193  )
( -42  -65  122  )
( -169  37  153  )
( 60  198  109  )
( 180  22  -115  )
( -23  126  102  )
( -194  106  14  )
( -31  -183  32  )
( 16  -155  -131  )
( 74  149  -44  )
( 42  163  -152  )
( -21  -74  -89  )
( 149  110  148  )
( -166  146  48  )
( -125  193  132  )
( 121  80  47  )
( 184  -37  -85  )
( -171  116  -157  )
( -23  146  -118  )
( -25  177  -113  )
( 192  54  -74  )
( 104  29  -97  )
( 40  -117  -72  )
( 78  -136  -76  )
( -17  8  12  )
( 4  -196  156  )
( 123  -153  50  )
( -69  175  84  )
( -89  -186  -74  )
( 93  62  80  )
( -144  -46  -45  )
( 191  151  32  )
( 46  107  -145  )
( -42  35  65  )
( -132  88  29  )
( 108  45  65  )
( -67  185  55  )
( -71  -89  44  )
( 23  47  12  )
( 144  -18  -183  )
( -154  -127  -140  )
( 98  72  -173  )
( -16  198  2  )
( 175  156  -48  )
( 176  26  -150  )
( 176  95  -116  )
( -141  178  48  )
( 188  -139  36  )
( 49  -77  -4  )
( 10  59  -12  )
( -105  -130  22  )
( 117  -37  71  )
( 65  116  66  )
( -57  123  185  )
( -63  147  19  )
( 129  -78  187  )
( -192  169  -79  )
( -59  123  121  )
( -136  33  47  )
( -3  -182  -85  )
( 16  44  -173  )
( 55  49  127  )
( -72  95  -24  )
( -42  -155  -184  )
( -101  -188  72  )
( 24  29  11  )
( -136  -187  51  )
( 91  117  -130  )
( 99  19  -45  )
( 177  -79  111  )
( 137  -1  95  )
( 152  196  94  )
( 99  158  -121  )
( -85  -185  112  )
( 62  -95  143  )
( 47  -122  -186  )
( -19  128  42  )
( -55  171  -121  )
( -65  -0  17  )
( -154  152  87  )
( -45  -160  108  )
( 96  166  175  )
( -62  89  -76  )
( -43  -193  -125  )
( 51  -130  -79  )
( -62  109  129  )
( -163  61  -180  )
( 81  30  -165  )
( -84  -7  61  )
( 37  -116  -8  )
( 100  42  144  )
( 24  170  193  )
( -189  137  69  )
( -174  37  7  )
( -67  -118  105  )
( -32  -11  54  )
( -128  42  -179  )
( -195  -110  -156  )
( -114  -170  -148  )
( -104  168  -164  )
( -149  -36  24  )
( -144  21  183  )
( -62  26  169  )
( 137  -163  -134  )
( -1  62  161  )
( 117  184  134  )
( -105  -102  13  )
( -153  143  -170  )
( 160  -3  137  )
( 47  57  -125  )
( -4  -85  192  )
( 126  -153  -163  )
( 1  -12  46  )
( -45  -108  76  )
( 148  79  -31  )
( -88  -134  -7  )
( -118  187  -27  )
( 69  -132  139  )
( -163  -74  33  )
( 44  151  66  )
( -131  31  -73  )
( -189  -116  2  )
( -179  -158  -35  )
( -125  -41  34  )
( 104  90  158  )
( -99  34  -94  )
( -117  -164  -50  )
( -56  166  -125  )
( 111  -107  -35  )
( -191  -198  130  )
( -43  6  153  )
( 100  131  -186  )
( -104  198  132  )
( 94  106  90  )
( 120  57  128  )
( -131  -39  37  )
( -155  -79  124  )
( 63  -108  138  )
( -145  -22  -180  )
( -167  -161  -113  )
( -150  -168  87  )
( -3  130  58  )
( -23  -141  -68  )
( 60  -76  104  )
( 34  -58  22  )
( 48  -117  81  )
( 187  145  -78  )
( 58  106  22  )
( -43  -93  -18  )
( -130  54  133  )
( 143  -133  -44  )
( 18  88  -40  )
( -144  125  190  )
( -23  -190  -186  )
( -98  -74  -48  )
( 154  -54  185  )
( -58  -185  -141  )
( 98  -90  -157  )
( -38  162  164  )
( -31  8  -99  )
( -185  139  -155  )
( -196  -152  179  )
( 22  46  -87  )
( 126  -19  98  )
( 172  -43  105  )
( -21  159  132  )
( 167  -111  28  )
( 33  -67  -90  )
( -54  72  -110  )
( 31  180  73  )
( -121  12  166  )
( -165  120  -192  )
( 19  -193  -36  )
( 73  -37  -9  )
( 23  -152  141  )
( 54  -49  121  )
( -63  127  -9  )
( -132  -73  68  )
( 69  19  175  )
( -16  111  -126  )
( 193  64  -72  )
( -27  62  -28  )
( -67  -78  82  )
( -119  117  155  )
( -88  49  100  )
( -198  66  25  )
( 183  -150  154  )
( 140  -119  122  )
( 30  -53  175  )
( 103  -159  -80  )
( -124  105  131  )
( 118  -141  154  )
( 63  158  -152  )
( -68  -53  197  )
( 125  177  -89  )
( 19  -29  -34  )
( -72  -118  -45  )
( -177  140  -25  )
( -110  48  -9  )
( 85  -148  -165  )
( 187  -1  -25  )
( 165  42  -199  )
( -197  162  -65  )
( 46  -173  -4  )
( -47  196  -180  )
( 118  -20  -138  )
( 142  164  -190  )
( -3  -163  -91  )
( -53  -176  151  )
( 180  -159  -67  )
( -38  -60  159  )
( -122  174  -127  )
( 165  -60  72  )
( -140  -151  -39  )
( 180  81  11  )
( 173  60  -24  )
( 102  77  4  )
( 18  2  45  )
( -66  -37  -79  )
( -124  4  -85  )
( -78  62  -154  )
( -164  -2  171  )
( -192  132  107  )
( 53  -73  108  )
( 9  -73  143  )
( -88  103  187  )
( -149  -164  -16  )
( -81  -94  -1  )
( 197  -71  -111  )
( 23  143  -34  )
( -29  119  -0  )
( 43  -19  98  )
( 189  -92  -35  )
( 46  -186  56  )
( -16  -72  20  )
( -185  -108  166  )
( -3  -57  -195  )
( -21  -63  61  )
( -51  122  146  )
( -83  73  0  )
( -73  37  -136  )
( 187  80  67  )
( -26  172  -148  )
( 44  150  188  )
( -177  -99  19  )
( -171  -185  -183  )
( 192  -66  -182  )
( -175  170  -188  )
( 61  -55  -87  )
( 183  -153  -2  )
( -18  -49  -23  )
( 85  -109  -126  )
( 110  190  137  )
( -156  -11  -83  )
( 179  33  2  )
( 136  -82  165  )
( 193  42  100  )
( 78  96  -159  )
( -93  -67  -131  )
( 83  -86  -122  )
( 107  187  43  )
( -177  71  -185  )
( 89  -52  21  )
( 162  55  182  )
( 156  -77  129  )
( 66  -152  -131  )
( -74  113  -60  )
( 164  195  -51  )
( 123  -189  -172  )
( 183  -145  39  )
( -149  -13  -29  )
( 44  -133  -103  )
( 49  132  -168  )
( 46  -137  4  )
( 150  -68  -71  )
( -131  88  32  )
( -99  -127  97  )
( 162  -126  191  )
( 160  188  -84  )
( -75  -144  -151  )
( -123  32  -81  )
( 193  77  68  )
( 106  -97  148  )
( -189  -94  63  )
( -188  -143  83  )
( -119  52  149  )
( 154  -90  159  )
( -115  16  -164  )
( 199  126  -170  )
( 9  92  -151  )
( 9  188  -159  )
( -75  -28  112  )
( -31  168  -52  )
( 13  189  77  )
( 65  51  32  )
( 164  182  60  )
( 119  61  -42  )
( -138  19  181  )
( 15  -22  155  )
( 190  -152  -143  )
( 18  -139  -94  )
( -156  158  -102  )
( -103  -99  100  )
( -43  172  -4  )
( 16  122  120  )
( -98  -6  -54  )
( -171  111  63  )
( 138  96  185  )
( 171  -191  -150  )
( -38  -20  -162  )
( 130  -91  94  )
( 80  22  41  )
( -12  -90  142  )
( -131  -69  -81  )
( 176  197  6  )
( -92  -4  147  )
( -174  97  -171  )
( -94  -152  197  )
( -153  -135  137  )
( 78  172  -93  )
( -91  -119  197  )
( 83  81  141  )
( 176  50  -197  )
( 83  65  -45  )
( 85  92  -61  )
( -196  117  70  )
( 151  62  -167  )
( 33  -192  -52  )
( -78  112  -29  )
( 92  -169  -123  )
( -169  162  57  )
( -187  -84  3  )
( 49  154  -94  )
( -157  -58  -73  )
( 19  179  45  )
( 90  -141  132  )
( 164  -7  144  )
( 128  -119  -165  )
( 98  49  -101  )
( 135  -102  -103  )
( -31  50  126  )
( 132  -54  133  )
( -142  -118  -14  )
( -49  67  -31  )
( -180  52  74  )
( 137  66  179  )
( -176  41  -127  )
( 56  169  -39  )
( -24  142  -134  )
( 59  -48  -36  )
( 176  55  -68  )
( -14  -135  -52  )
( 46  54  109  )
( -164  -126  127  )
( -86  -43  -73  )
( 107  -179  167  )
( -159  155  22  )
( 153  -93  159  )
( 193  -9  10  )
( 159  -133  -186  )
( 100  150  -189  )
( 106  91  -171  )
( 30  -105  -104  )
( -107  -172  96  )
( 82  127  131  )
( 24  94  2  )
( 186  83  62  )
( -142  99  -24  )
( -164  56  171  )
( 28  102  -10  )
( 60  85  120  )
( 36  -133  -3  )
( 5  -171  9  )
( 134  -84  118  )
( -91  40  135  )
( -61  58  -10  )
( 147  65  105  )
( 110  193  48  )
( -172  85  -1  )
( -99  -195  -75  )
( -147  -174  -117  )
( -139  -121  166  )
( -83  148  -168  )
( 62  192  -175  )
( -177  196  162  )
( -119  -29  70  )
( -145  119  87  )
( 199  81  -171  )
( -142  75  71  )
( -66  -132  -35  )
( -165  72  34  )
( 62  -11  -7  )
( 116  -100  61  )
( 51  28  -113  )
( -124  -127  -91  )
( -104  -114  86  )
( -53  -24  -187  )
( 74  -49  136  )
( 106  -163  -86  )
( 158  -51  44  )
( 93  142  77  )
( -156  29  56  )
( -104  -96  -120  )
( 127  -144  -43  )
( -195  -4  -10  )
( 190  -49  -147  )
( -33  144  16  )
( 188  44  -11  )
( -179  85  -76  )
( 165  -153  184  )
( 74  117  -35  )
( 4  78  9  )
( 103  174  73  )
( -87  -41  40  )
( 199  -138  77  )
( 102  96  -13  )
( -125  -167  -9  )
( -24  -136  173  )
( 40  -148  -64  )
( -8  188  -186  )
( -107  5  -1  )
( 133  70  62  )
( 28  34  -45  )
( 66  -159  104  )
( -12  79  146  )
( -104  76  -163  )
( -144  -150  -166  )
( -21  -84  -157  )
( -152  -197  -42  )
( -197  -109  138  )
( -85  -116  -53  )
( -52  96  -67  )
( 187  -110  97  )
( -187  -47  -173  )
( -129  151  190  )
( -195  188  20  )
( 173  -60  53  )
( 44  -19  -141  )
( -87  135  139  )
( 36  -18  90  )
( -47  -101  48  )
( 13  -90  -37  )
( -126  -192  41  )
( -80  -19  20  )
( 81  64  59  )
( -122  -13  117  )
( 69  -45  166  )
( -172  175  1  )
( -161  125  25  )
( 83  146  167  )
( -64  -184  176  )
( -111  147  -69  )
( 4  111  -81  )
( 173  74  157  )
( -68  60  110  )
( -168  63  -105  )
( -174  27  185  )
( 57  166  -198  )
( 126  -185  -51  )
( 37  165  127  )
( -23  125  39  )
( 49  -134  -102  )
( -9  -1  129  )
( 60  -59  -165  )
( -80  -179  78  )
( 14  6  4  )
( -103  180  -149  )
( -193  -159  96  )
( -166  4  -176  )
( -94  54  -35  )
( -41  -102  -47  )
( 31  36  -130  )
( -111  -60  192  )
( 165  -64  72  )
( 60  -191  -133  )
( -71  -76  -26  )
( 18  120  -188  )
( -87  101  24  )
( -132  187  -37  )
( -137  -103  -78  )
( 113  194  -28  )
( 69  -146  -147  )
( -115  -94  99  )
( -174  177  -65  )
( 13  16  15  )
( 76  120  131  )
( -150  118  -98  )
( 105  12  -183  )
( 87  8  12  )
( 94  54  -163  )
( -101  -41  -12  )
( -172  187  108  )
( -159  -85  39  )
( 82  -96  152  )
( 108  -92  -45  )
( -95  163  161  )
( 41  -135  56  )
( 88  193  -71  )
( 113  50  -32  )
( 125  -82  -53  )
( -100  -98  164  )
( -166  131  -80  )
( 103  142  4  )
( 35  -37  174  )
( 192  -89  -33  )
( 13  103  -33  )
( 152  61  164  )
( 4  -96  -34  )
( -82  148  -14  )
( 155  -184  -5  )
( 88  2  111  )
( -48  -46  50  )
( -44  91  11  )
( 14  176  83  )
( 105  47  35  )
( -92  -131  114  )
( 50  166  167  )
( 123  -20  84  )
( -42  16  10  )
( -80  75  66  )
( 178  -17  -176  )
( -35  -72  -85  )
( -14  -50  -178  )
( 100  68  -143  )
( -189  127  -97  )
( 57  49  -153  )
( 107  150  -158  )
( 95  121  1  )
( 116  52  22  )
( -198  -29  -112  )
( 10  116  -39  )
( 40  116  175  )
( 182  -8  -181  )
( -80  -11  67  )
( -15  128  -26  )
( -126  -3  125  )
( 68  47  -36  )
( 10  -47  -154  )
( 153  -15  94  )
( 61  24  166  )
( -165  105  -121  )
( 67  -74  -101  )
( 129  -33  -73  )
( -86  -148  162  )
( -167  -82  -85  )
( 13  -85  110  )
( -132  162  126  )
( -49  125  -191  )
( -169  184  84  )
( -105  115  -40  )
( -28  41  -59  )
( -84  -21  -86  )
( 20  9  137  )
( 9  -45  19  )
( 137  198  -75  )
( 28  141  -91  )
( 135  160  -198  )
( -72  -175  184  )
( -162  34  -92  )
( -144  187  -133  )
( 102  -72  184  )
( -189  64  191  )
( -161  -103  176  )
( -77  26  188  )
( 166  104  58  )
( -196  -48  115  )
( 154  -111  193  )
( 91  -33  -137  )
( 1  163  56  )
( 10  -179  145  )
( -133  -97  -122  )
( -161  16  137  )
( -127  -179  171  )
( -23  84  62  )
( 36  -3  -186  )
( 183  190  -145  )
( -160  -195  -78  )
( -26  142  -102  )
( -104  81  -171  )
( -148  -10  174  )
( 189  -121  -11  )
( 145  -66  148  )
( -126  -43  107  )
( 173  -21  197  )
( -25  -153  -125  )
( -179  19  0  )
( 63  -152  -24  )
( -137  121  86  )
( -184  -41  -148  )
( -193  14  105  )
( 37  97  70  )
( 112  95  70  )
( -132  10  47  )
( 169  -167  -111  )
( 133  -80  -132  )
( 33  -112  187  )
( 88  2  -26  )
( -157  -11  76  )
( -73  76  -167  )
( -118  20  -38  )
( 90  79  -153  )
( 152  -39  -199  )
( -153  -87  30  )
( 140  -153  -195  )
( 189  193  -196  )
( -54  -192  199  )
( 174  -194  -40  )
( -78  72  175  )
( -50  7  -193  )
( -59  7  57  )
( 170  -159  160  )
( 172  139  -132  )
( 88  119  -28  )
( -91  -198  193  )
( 22  -64  -44  )
( 68  -56  96  )
( -62  -119  47  )
( 138  -121  -44  )
( -124  102  98  )
( -5  45  -123  )
( 163  -44  -29  )
( -52  -156  99  )
( 56  -92  -96  )
( 50  180  47  )
( -26  0  -169  )
( -33  141  170  )
( -1  125  184  )
( 167  -77  -76  )
( -51  76  -79  )
( 175  7  -45  )
( -193  -99  126  )
( -95  62  -34  )
( 162  68  -122  )
( -167  65  -55  )
( -17  109  45  )
( 60  -39  22  )
( -134  46  109  )
( 21  -165  -185  )
( 52  109  195  )
( 119  137  -129  )
( -145  -132  22  )
( 147  93  -86  )
( -137  197  18  )
( -20  69  -54  )
( 62  174  -147  )
( -60  -17  -173  )
( 57  66  81  )
( 129  -195  -179  )
( 184  -40  175  )
( 9  -55  132  )
( 34  140  -176  )
( 135  -42  -160  )
( -30  -165  -153  )
( 57  60  46  )
( 187  192  190  )
( -113  -155  0  )
( 16  106  -104  )
( -173  -151  118  )
( 119  67  87  )
( -82  168  -65  )
( 126  -140  -81  )
( 168  -54  -5  )
( 69  -135  -151  )
( -167  -85  181  )
( 166  -108  47  )
( 87  197  39  )
( -15  46  -139  )
( 152  -63  -6  )
( -65  -164  136  )
( -38  -114  -119  )
( -24  -41  171  )
( -126  114  -161  )
( 74  181  -0  )
( -9  -15  139  )
( -141  -103  -151  )
( 47  -112  -148  )
( 141  168  100  )
( 140  -179  -7  )
( 120  106  49  )
( -23  170  95  )
( 90  -26  197  )
( -120  171  172  )
( 137  142  -99  )
( 109  -160  -165  )
( 5  -106  186  )
( -37  -63  69  )
( -116  -104  -155  )
( -193  -72  95  )
( -156  -180  -8  )
( 31  -121  -170  )
( -95  -77  160  )
( 149  -33  132  )
( 9  153  -25  )
