( -46  25  -4  )
( 177  40  69  )
( -72  65  -123  )
( 123  -177  -161  )
( -144  31  -42  )
( -57  99  138  )
( -116  -26  197  )
( -131  87  -23  )
( -104  -105  27  )
( -12  160  -2  )
( 8  177  -42  )
( 123  1  42  )
( -37  -91  -198  )
( -135  -78  -26  )
( 149  165  87  )
( -144  181  194  )
( 72  75  -28  )
( -173  -180  196  )
( -147  -133  -152  )
( -99  -101  121  )
( 20  -70  -180  )
( 60  28  41  )
( -138  -48  -4  )
( 79  -30  62  )
( 191  40  175  )
( -9  -118  -78  )
( 70  88  50  )
( -76  -70  -77  )
( -56  69  43  )
( 11  55  105  )
( -160  -29  183  )
( 157  19  107  )
( 13  -109  -28  )
( -115  49  198  )
( 12  -10  21  )
( -12  141  137  )
( 150  129  24  )
( -79  -110  121  )
( 24  -49  70  )
( 175  -162  68  )
( -123  -43  -182  )
( 35  82  -62  )
( 63  34  44  )
( 135  5  101  )
( -31  81  -66  )
( -181  -102  98  )
( 122  -139  -141  )
( 65  82  109  )
( -154  -104  33  )
( 90  39  105  )
( 50  161  104  )
( 34  147  127  )
( -196  -105  47  )
( -128  108  -198  )
( -56  138  67  )
( -191  120  -187  )
( 20  90  -163  )
( 53  164  -15  )
( -7  -144  -184  )
( 128  126  78  )
( -33  192  56  )
( 167  -143  145  )
( -27  -66  134  )
( -130  -77  -84  )
( -7  -117  -32  )
( -131  -40  -41  )
( -9  135  84  )
( 11  -179  163  )
( 123  165  -147  )
( -130  70  39  )
( 44  -32  -167  )
( 171  -86  -20  )
( 61  55  185  )
( 101  12  -179  )
( -6  -26  25  )
( 183  197  -84  )
( 169  181  -25  )
( 128  172  181  )
( -85  149  -148  )
( 97  -60  54  )
( 102  73  62  )
( 67  -57  175  )
( 92  -14  -181  )
( 93  45  -139  )
( -144  188  110  )
( 156  -133  147  )
( -3  131  -73  )
( -189  -69  -22  )
( -20  166  169  )
( 32  -55  107  )
( -129  -117  -79  )
( -12  -75  -164  )
( -81  -46  77  )
( -36  66  -20  )
( 140  -121  102  )
( 196  36  69  )
( 73  195  82  )
( 78  -30  70  )
( 88  -179  152  )
( -107  -119  194  )
( 151  -119  -41  )
( 144  5  -55  )
( 90  97  -167  )
( 120  -9  -79  )
( 190  -171  12  )
( 166  100  -18  )
( -175  3  -154  )
( -61  185  -49  )
( -100  -48  -165  )
( 115  -30  -185  )
( -162  46  79  )
( -43  133  97  )
( -84  28  6  )
( 106  -20  174  )
( 2  25  77  )
( -15  -112  11  )
( -50  122  192  )
( 121  22  123  )
( 88  138  143  )
( -77  71  -32  )
( -189  180  -51  )
( 77  142  41  )
( 110  -31  147  )
( -155  160  -80  )
( 106  26  177  )
( -149  54  153  )
( 145  -81  -18  )
( -115  181  -90  )
( -101  174  -187  )
( 62  -198  50  )
( 129  140  174  )
( -16  156  157  )
( -3  94  -165  )
( -23  -190  22  )
( 153  -8  162  )
( 99  -167  -161  )
( -177  107  -121  )
( 177  -139  115  )
( -132  127  -26  )
( 85  132  109  )
( 126  -152  161  )
( 73  90  132  )
( 130  69  168  )
( 40  59  103  )
( -103  -193  -152  )
( 174  116  125  )
( 24  181  179  )
( 35  30  13  )
( 13  -50  114  )
( -37  60  49  )
( -145  84  12  )
( 168  -147  157  )
( -16  -154  79  )
( 76  -33  -100  )
( 78  160  18  )
( -195  -1  147  )
( 104  -154  24  )
( 183  120  -104  )
( -141  -198  -41  )
( -65  -40  138  )
( -9  -155  -188  )
( 130  -174  -22  )
( 192  19  -186  )
( -69  179  21  )
( -36  16  -141  )
( -27  -28  77  )
( -120  170  -87  )
( 164  87  -146  )
( -179  -25  -2  )
( 14  35  4  )
( 82  58  -188  )
( 72  -11  186  )
( -55  148  -162  )
( 147  194  -81  )
( -157  -19  61  )
( -64  -12  -23  )
( 80  -65  -126  )
( -4  121  -28  )
( -93  -102  18  )
( -114  111  -155  )
( -40  -169  -116  )
( 71  64  -81  )
( -184  109  -141  )
( 119  133  -161  )
( -196  -79  -95  )
( 88  27  -132  )
( 129  -51  -0  )
( -75  -46  160  )
( 127  85  -126  )
( 141  124  11  )
( 189  140  55  )
( 119  -121  -46  )
( 130  139  -22  )
( -129  84  185  )
( -148  49  -142  )
( -62  7  87  )
( 16  106  -138  )
( -12  -32  180  )
( 178  105  -126  )
( -2  38  0  )
( 99  41  -120  )
( 48  -21  132  )
( -135  -54  111  )
( 8  -171  -110  )
( -59  -181  160  )
( -54  92  71  )
( 1  72  102  )
( -8  -64  -199  )
( 166  43  -114  )
( -9  -198  103  )
( 185  73  -82  )
( 42  86  9  )
( -146  165  -63  )
( 24  -102  -26  )
( 34  -181  -140  )
( 139  154  41  )
( -29  90  -31  )
( 65  188  -38  )
( 97  -187  163  )
( -197  -100  -42  )
( -140  -149  57  )
( 154  -136  140  )
( 62  -16  -107  )
( -190  87  123  )
( 167  -172  6  )
( 171  22  183  )
( 7  -180  -131  )
( 183  6  139  )
( 63  -69  190  )
( 114  125  -10  )
( -7  -187  93  )
( -91  -138  149  )
( 91  -64  61  )
( 11  -153  139  )
( 62  30  -108  )
( 102  92  68  )
( 62  184  -157  )
( 190  83  -27  )
( 119  -161  -50  )
( -195  -41  187  )
( 160  76  -6  )
( 117  -25  132  )
( 38  95  61  )
( 23  120  -5  )
( 172  140  177  )
( -81  -21  192  )
( -125  -176  -190  )
( 44  65  -12  )
( -4  137  107  )
( 21  42  109  )
( -123  146  159  )
( -136  113  156  )
( -15  99  102  )
( 27  194  -131  )
( -156  -67  174  )
( 133  64  185  )
( 158  -129  -199  )
( 49  -102  -18  )
( -42  -173  -190  )
( -84  -107  176  )
( -191  61  37  )
( 197  -86  -161  )
( -65  -87  55  )
( -192  20  109  )
( -68  183  -90  )
( -87  129  130  )
( -156  -46  25  )
( -17  140  -199  )
( -30  -142  53  )
( -4  13  -87  )
( 13  104  30  )
( 68  -72  -33  )
( 67  13  118  )
( 106  -79  159  )
( -89  -80  26  )
( 36  106  -191  )
( 196  49  -159  )
( 36  -43  -146  )
( -18  -68  30  )
( 7  74  -139  )
( 95  -45  72  )
( 97  -153  169  )
( -188  -152  27  )
( -2  36  48  )
( -27  101  -150  )
( 190  -19  -37  )
( -46  191  165  )
( -138  95  -101  )
( 160  -146  189  )
( -53  19  -125  )
( -159  -171  -61  )
( 76  105  -140  )
( 161  36  -126  )
( -20  -70  -31  )
( -13  74  145  )
( 23  -84  43  )
( 83  50  -90  )
( 81  34  -86  )
( 186  -47  -161  )
( 127  -167  -199  )
( -44  149  132  )
( 145  -101  44  )
( 181  48  154  )
( 139  -117  -172  )
( 149  188  -26  )
( -151  96  -61  )
( 146  -147  115  )
( 107  48  158  )
( -83  -65  -158  )
( 151  -6  -37  )
( -3  -156  180  )
( 125  -17  -7  )
( 94  105  71  )
( 106  -25  -128  )
( -95  -154  -180  )
( -119  -77  -9  )
( -84  1  99  )
( -83  1  12  )
( 84  130  -86  )
( 55  -30  145  )
( -72  -168  0  )
( -166  -141  157  )
( 25  130  10  )
( 196  -91  -77  )
( 114  17  -173  )
( 141  -147  -81  )
( 53  -179  -129  )
( 47  -103  -123  )
( 9  157  31  )
( 123  160  15  )
( 105  -126  22  )
( -138  -163  -88  )
( -117  8  -132  )
( 91  -17  163  )
( 195  -176  -18  )
( 73  94  107  )
( 136  63  178  )
( -180  -146  68  )
( 140  -17  -85  )
( 55  -81  -15  )
( 194  39  -198  )
( 176  -168  151  )
( -40  -3  -89  )
( -91  97  -190  )
( -2  88  29  )
( -127  -43  80  )
( -78  5  -85  )
( 91  -17  99  )
( -74  189  88  )
( 130  -6  -145  )
( -63  30  -52  )
( 119  -142  147  )
( -46  63  172  )
( 129  96  -32  )
( -193  59  -112  )
( -59  166  52  )
( -140  29  -40  )
( 47  91  -26  )
( -52  -90  123  )
( -40  51  -184  )
( -195  37  -89  )
( 90  -69  -193  )
( -30  47  70  )
( 68  -160  96  )
( -124  49  25  )
( -185  -92  -166  )
( 182  -52  76  )
( 122  -86  145  )
( 175  -135  41  )
( 176  25  -106  )
( 96  -104  132  )
( -131  -37  175  )
( -15  -93  -76  )
( -129  74  -145  )
( -179  69  126  )
( 11  167  35  )
( -79  55  -10  )
( 35  -21  -123  )
( 134  114  6  )
( -166  15  -57  )
( 78  95  -106  )
( -22  67  125  )
( 101  17  -166  )
( 84  -59  54  )
( -101  127  33  )
( -45  16  -7  )
( -142  -36  173  )
( 79  -55  -149  )
( 31  -92  78  )
( -71  26  -168  )
( -151  105  8  )
( 3  5  35  )
( -34  -76  102  )
( -63  135  90  )
( -197  -28  -89  )
( -95  -31  -133  )
( 32  -1  -6  )
( -21  -53  -46  )
( -34  -199  -80  )
( -173  -32  -161  )
( -153  -1  140  )
( -104  72  -170  )
( -29  68  197  )
( 140  -93  -124  )
( 167  -90  36  )
( 158  -199  125  )
( 39  23  -62  )
( -128  152  -62  )
( 123  104  -49  )
( -160  168  -126  )
( 68  136  -107  )
( -183  -27  24  )
( 88  -155  -56  )
( 117  -187  -4  )
( 156  -114  -44  )
( 172  -188  -9  )
( -118  -170  -197  )
( 186  69  174  )
( 74  -172  -12  )
( -125  66  -122  )
( 117  146  140  )
( 26  -70  -186  )
( 49  157  38  )
( -26  49  -17  )
( 146  132  57  )
( 18  141  22  )
( -127  -85  -192  )
( -141  -15  75  )
( 148  -135  0  )
( -177  4  47  )
( -132  -164  -78  )
( -53  23  -82  )
( -168  -185  -118  )
( -104  -107  -58  )
( 58  -43  -98  )
( 111  -46  146  )
( -178  101  -160  )
( -106  -131  -115  )
( -98  -192  -119  )
( 53  -150  75  )
( 74  122  -118  )
( -58  32  40  )
( 54  -80  -181  )
( -97  -119  19  )
( 50  58  42  )
( -155  23  45  )
( 106  -85  -88  )
( -169  140  -28  )
( 19  -101  29  )
( -111  23  92  )
( 68  102  143  )
( 44  121  -175  )
( -91  98  9  )
( 165  119  -26  )
( 90  -112  -128  )
( -17  -164  64  )
( 129  162  -196  )
( 85  91  -119  )
( 93  -20  -105  )
( 66  -0  -195  )
( -73  195  114  )
( -146  -194  -75  )
( -185  -165  -80  )
( -191  -181  64  )
( 19  3  -139  )
( -45  -154  -44  )
( 21  136  -19  )
( 147  -141  -113  )
( -182  -101  -158  )
( 50  148  116  )
( 75  186  112  )
( -51  169  145  )
( 188  -21  -67  )
( -102  -192  172  )
( 120  -161  34  )
( 131  130  -198  )
( -7  -177  -133  )
( -44  83  -19  )
( -192  4  -9  )
( 28  177  -141  )
( 179  100  -183  )
( -84  181  190  )
( -174  149  -102  )
( 1  10  115  )
( -129  -108  -187  )
( -193  -126  -123  )
( 104  18  79  )
( -136  161  198  )
( 42  23  -109  )
( -28  -3  -71  )
( 18  -74  113  )
( 5  -52  32  )
( 188  157  -109  )
( 94  -77  -68  )
( -131  21  -96  )
( 37  73  76  )
( -36  -141  -180  )
( -156  -194  -197  )
( 93  -38  15  )
( -86  -139  -13  )
( 99  152  -66  )
( -187  -120  22  )
( 40  -42  -25  )
( 147  26  -60  )
( -53  194  -30  )
( -72  -188  -91  )
( 188  141  -183  )
( 136  -165  -83  )
( -117  -100  193  )
( 55  190  -199  )
( -117  -30  106  )
( 61  -134  -65  )
( -183  17  -119  )
( -86  -83  42  )
( -143  79  -185  )
( -92  -48  42  )
( 41  178  -0  )
( -179  62  -48  )
( -53  -135  34  )
( -32  191  -118  )
( 163  -157  138  )
( 108  91  -116  )
( 159  -158  194  )
( -161  -156  -22  )
( -21  189  -25  )
( 196  -33  155  )
( -190  -12  64  )
( 78  32  -38  )
( -157  188  -55  )
( -19  -145  72  )
( 193  -137  149  )
( 57  -185  -162  )
( 23  -107  124  )
( -150  185  52  )
( -7  71  -161  )
( -69  35  -79  )
( -17  -164  162  )
( -100  71  -58  )
( -167  -186  22  )
( 191  78  164  )
( 163  -52  -93  )
( 75  61  -119  )
( 137  108  -124  )
( -119  -99  -131  )
( 108  154  70  )
( 196  -173  36  )
( 67  44  151  )
( -191  145  -33  )
( 121  -138  -37  )
( 52  -113  -105  )
( 132  55  -188  )
( -67  83  -161  )
( -14  -181  -177  )
( 49  62  127  )
( -143  -69  -46  )
( 194  -184  -149  )
( -30  31  49  )
( -190  198  -124  )
( 73  13  6  )
( 87  -187  -12  )
( 173  -126  16  )
( 108  107  182  )
( 42  -48  119  )
( -196  -94  -185  )
( -37  180  -121  )
( -43  -104  58  )
( -178  36  -151  )
( 18  -20  -59  )
( 103  -166  183  )
( 20  32  187  )
( 169  -124  141  )
( 142  105  125  )
( -89  63  -165  )
( 197  112  -42  )
( 154  74  57  )
( -170  -151  -44  )
( -96  39  83  )
( 35  195  -190  )
( 19  -25  184  )
( 129  64  115  )
( 0  -103  162  )
( 50  -175  -48  )
( 154  -173  37  )
( 199  -137  -47  )
( 189  163  68  )
( 37  91  -162  )
( -159  185  125  )
( 33  -20  64  )
( 186  76  -57  )
( -2  108  131  )
( 118  143  77  )
( 177  14  -89  )
( -120  142  154  )
( 5  -2  1  )
( -68  -199  -64  )
( -46  -101  12  )
( 104  65  -55  )
( -74  -192  170  )
( -95  -51  -190  )
( 63  146  31  )
( 9  -31  192  )
( -23  195  124  )
( 29  134  109  )
( -2  52  37  )
( 158  0  71  )
( 156  171  -168  )
( 122  79  -164  )
( 34  -57  158  )
( -106  76  118  )
( -11  127  30  )
( -86  16  -60  )
( -26  173  191  )
( -58  13  -35  )
( -137  -59  36  )
( -149  -55  127  )
( 174  -152  166  )
( -44  104  181  )
( -127  -142  164  )
( -170  70  -109  )
( 181  19  -50  )
( -71  -121  -76  )
( -18  132  22  )
( -45  142  -7  )
( 114  150  55  )
( 161  178  194  )
( -168  -4  90  )
( 178  147  -3  )
( -100  169  -131  )
( 180  -137  9  )
( 42  -115  58  )
( 123  -150  -55  )
( -24  192  148  )
( 10  -28  -102  )
( 58  -6  -137  )
( -73  191  -60  )
( 198  41  -82  )
( -170  -20  -169  )
( 77  -34  -64  )
( -80  25  -134  )
( -1  -52  99  )
( 90  -86  -12  )
( -33  139  -12  )
( -37  -116  117  )
( 105  22  -50  )
( -36  -199  40  )
( -137  57  -15  )
( 42  101  168  )
( -103  -34  -117  )
( 175  105  -56  )
( -119  105  -16  )
( 132  -17  -140  )
( 0  89  -42  )
( 177  -152  -167  )
( -32  8  -34  )
( 33  -101  -131  )
( -18  144  -31  )
( 67  -76  -17  )
( 155  120  132  )
( -118  66  44  )
( 14  186  -4  )
( 192  48  156  )
( 5  162  121  )
( -63  -27  17  )
( -84  64  -75  )
( -64  125  -180  )
( -62  -128  -68  )
( -178  -193  -142  )
( -72  196  126  )
( 43  -171  -13  )
( 70  193  17  )
( -37  -86  -118  )
( -174  84  162  )
( 105  29  146  )
( 187  -49  22  )
( -32  195  -126  )
( -77  -30  175  )
( -39  59  -11  )
( -141  -189  176  )
( 98  29  82  )
( 45  105  113  )
( -174  183  -7  )
( -13  121  193  )
( -112  23  169  )
( 127  69  -14  )
( -155  22  82  )
( -38  -129  -143  )
( 198  15  -109  )
( -170  47  -94  )
( 116  111  84  )
( -81  -191  145  )
( -161  136  7  )
( -159  -108  -194  )
( 11  37  3  )
( -152  11  98  )
( 117  59  -9  )
( -13  -34  -127  )
( -78  -42  -96  )
( -146  -66  19  )
( -98  -39  -159  )
( 141  -18  -191  )
( -7  24  -127  )
( -172  83  138  )
( 48  -37  -95  )
( -101  106  -81  )
( 178  97  154  )
( -104  147  -161  )
( 51  56  -114  )
( 68  -189  -96  )
( 133  102  3  )
( 149  27  159  )
( -131  -29  116  )
( 127  -88  -168  )
( -159  69  157  )
( 180  160  -100  )
( 116  -20  -89  )
( -146  3  186  )
( 142  -69  125  )
( -74  -89  -131  )
( -43  -67  106  )
( -182  -48  57  )
( 182  -195  -7  )
( -38  180  46  )
( 145  132  -31  )
( -41  120  167  )
( -79  -38  -146  )
( 164  -4  -44  )
( 42  196  -175  )
( 17  144  138  )
( 97  -34  181  )
( 7  42  -130  )
( -182  12  -153  )
( 48  -166  -177  )
( -18  108  -160  )
( 73  150  183  )
( 61  -109  185  )
( -139  -140  -176  )
( 45  -92  115  )
( -140  151  -99  )
( 92  -188  114  )
( -16  -33  -176  )
( 157  -144  -131  )
( -12  69  183  )
( -119  96  -160  )
( -133  13  94  )
( -44  91  -87  )
( 113  77  18  )
( 57  135  73  )
( -25  98  -151  )
( -89  120  172  )
( -199  -48  -77  )
( -107  14  -190  )
( -40  -153  111  )
( 129  29  -115  )
( -102  -51  167  )
( -59  -147  37  )
( 84  4  192  )
( -99  -119  -89  )
( -120  136  164  )
( 133  -90  169  )
( 20  -120  66  )
( 95  116  14  )
( -155  117  -38  )
( -155  109  -88  )
( -13  -48  37  )
( 180  152  -110  )
( -139  149  146  )
( -121  -183  78  )
( 39  -185  -33  )
( -57  -77  -59  )
( -134  -195  123  )
( 18  -1  -163  )
( -154  85  -41  )
( 72  -149  69  )
( -60  -159  31  )
( 73  -39  -70  )
( 86  -160  120  )
( 177  -174  144  )
( 4  -137  -173  )
( 96  34  142  )
( 21  -2  55  )
( -147  -83  158  )
( -5  70  -149  )
( -29  175  75  )
( -103  175  -33  )
( -44  -87  22  )
( -51  177  151  )
( 193  35  61  )
( 144  3  -142  )
( 116  64  -100  )
( 65  -25  -188  )
( -122  102  190  )
( -50  -56  -38  )
( 68  37  193  )
( 95  176  23  )
( 120  145  133  )
( 110  165  74  )
( -194  -2  -141  )
( 39  -190  -96  )
( 173  187  97  )
( -189  56  -82  )
( 185  51  -36  )
( 121  154  -89  )
( -75  178  -95  )
( 96  -153  46  )
( -82  31  -158  )
( 114  3  -155  )
( -10  -38  -18  )
( -147  74  33  )
( 128  151  -10  )
( -40  121  6  )
( 128  71  150  )
( 110  -42  -170  )
( -136  -134  52  )
( -161  171  159  )
( -96  -82  -124  )
( 81  -144  -166  )
( 31  -59  -175  )
( 95  115  -79  )
( -44  -97  71  )
( 150  73  -2  )
( -78  -29  199  )
( -170  -38  -136  )
( 15  -127  26  )
( 179  -123  165  )
( -138  13  -85  )
( -53  186  -109  )
( -68  -188  65  )
( -130  29  -59  )
( -52  -47  144  )
( -11  -156  91  )
( 182  -58  128  )
( 166  169  68  )
( 91  112  50  )
( 109  156  185  )
( 152  65  -196  )
( 13  118  -28  )
( 171  172  87  )
( -102  111  -70  )
( 193  -117  86  )
( -55  174  94  )
( 37  181  192  )
( -21  -86  -46  )
( -131  -72  41  )
( 95  -56  86  )
( -31  -105  -126  )
( 139  151  35  )
( 127  -34  119  )
( 133  -162  63  )
( -106  -76  154  )
( -102  -133  47  )
( 165  73  190  )
( 46  106  -16  )
( 104  36  -4  )
( -182  119  -170  )
