( -137  105  -172  )
( -11  144  27  )
( -152  -63  50  )
( -7  -14  -9  )
( 30  -55  158  )
( 88  -20  150  )
( -162  -197  -42  )
( 166  -126  -177  )
( 80  -88  9  )
( 197  -195  63  )
( 105  -171  -16  )
( 183  143  -163  )
( -174  52  -105  )
( 193  171  -33  )
( -171  -162  166  )
( 82  199  -31  )
( 191  155  -96  )
( 17  -9  150  )
( 170  152  5  )
( -168  11  37  )
( -74  -160  -65  )
( -82  -94  -185  )
( -192  157  -141  )
( -101  25  -27  )
( 186  -66  18  )
( -173  3  155  )
( -66  170  59  )
( 179  -191  183  )
( -84  -198  91  )
( -16  32  54  )
( -40  5  50  )
( -23  -15  163  )
( 56  71  -84  )
( -32  116  -128  )
( 192  83  -107  )
( -199  107  13  )
( -92  -24  -67  )
( 92  -57  78  )
( -61  -167  187  )
( -49  -133  109  )
( -167  162  -56  )
( 116  102  37  )
( 40  -4  -31  )
( -4  -105  101  )
( -110  187  -38  )
( -52  9  -99  )
( -75  53  6  )
( 25  30  28  )
( -91  -173  -132  )
( 194  44  -154  )
( -61  75  168  )
( -119  174  43  )
( 179  28  -168  )
( -158  -58  -106  )
( 174  126  -171  )
( 144  123  -107  )
( -92  109  69  )
( 23  -137  -126  )
( 176  27  53  )
( 195  -5  58  )
( 19  4  101  )
( -92  -50  147  )
( 87  -41  -106  )
( 52  -73  31  )
( 7  140  -192  )
( -155  -34  -132  )
( -2  -159  -162  )
( -125  -70  166  )
( 0  26  -75  )
( -0  138  58  )
( -26  18  -136  )
( 180  -9  150  )
( 99  -165  151  )
( 169  34  -31  )
( 103  134  135  )
( 147  -8  -137  )
( -158  113  73  )
( 11  10  40  )
( -68  -144  -96  )
( -158  134  91  )
( -61  15  13  )
( -172  -150  96  )
( 26  -165  -75  )
( -19  -84  -48  )
( 189  51  -151  )
( -50  -124  38  )
( 93  -51  147  )
( -31  -159  135  )
( 88  170  65  )
( 28  -67  18  )
( -146  -90  84  )
( -36  153  -137  )
( -57  -156  -69  )
( 84  -199  98  )
( 111  -26  -176  )
( 161  -52  107  )
( -140  166  -90  )
( -170  -174  153  )
( -80  -8  -193  )
( -101  162  164  )
( 75  18  176  )
( 123  144  -70  )
( 98  122  105  )
( 28  172  38  )
( -28  6  22  )
( -25  -132  123  )
( 34  80  -51  )
( 32  45  133  )
( -96  134  190  )
( -135  129  -172  )
( -58  71  -140  )
( 159  72  -4  )
( -50  153  178  )
( 3  -56  103  )
( -150  143  65  )
( -158  3  69  )
( -106  32  123  )
( -17  -59  -49  )
( 55  -37  26  )
( -27  64  -96  )
( 168  -98  137  )
( 19  117  113  )
( -183  199  4  )
( 126  -31  -128  )
( 9  174  -53  )
( 2  -77  55  )
( -93  94  -40  )
( 77  -76  -126  )
( 153  82  -183  )
( -131  68  -196  )
( 167  182  149  )
( 26  -152  52  )
( 17  -28  -21  )
( 152  -128  179  )
( -122  132  189  )
( 58  -193  -133  )
( 128  3  138  )
( -87  -111  -46  )
( 110  -191  84  )
( 15  -87  68  )
( 89  -162  -18  )
( 44  -28  -10  )
( 39  67  58  )
( 78  -122  -52  )
( -67  -40  42  )
( -161  -86  -178  )
( 5  -23  -18  )
( 61  -105  -31  )
( 181  -184  1  )
( 153  -152  24  )
( 13  -122  -190  )
( 160  94  -86  )
( 153  -46  -41  )
( 118  181  -84  )
( -193  186  -165  )
( 105  -31  36  )
( -16  168  -4  )
( -130  -192  133  )
( 13  -115  -90  )
( 77  -20  -132  )
( -133  -145  -36  )
( -39  -67  4  )
( 193  182  81  )
( 194  92  144  )
( 33  -193  96  )
( 187  175  117  )
( 45  125  -146  )
( 26  100  -133  )
( 178  84  -105  )
( 105  34  80  )
( 24  65  -20  )
( 189  -162  -195  )
( 198  -53  -82  )
( 143  -142  -46  )
( -136  7  27  )
( 177  134  66  )
( -117  32  -166  )
( 187  -109  -139  )
( -195  -118  -36  )
( 128  182  -98  )
( 103  -42  190  )
( -144  -89  30  )
( -53  -88  -167  )
( 149  171  -6  )
( -15  186  194  )
( 67  -64  191  )
( -174  51  11  )
( -154  188  -131  )
( 77  39  177  )
( -117  106  7  )
( -140  30  -148  )
( 22  -128  155  )
( 154  79  36  )
( 153  -24  199  )
( 196  -30  186  )
( -22  133  -57  )
( -111  -157  122  )
( 188  -86  -126  )
( -35  43  66  )
( 49  -10  72  )
( 102  166  101  )
( 72  123  69  )
( 29  -1  45  )
( 116  -29  -167  )
( -160  -161  -19  )
( 48  188  -173  )
( -193  44  -66  )
( 46  -10  -95  )
( 89  -99  197  )
( -44  19  -193  )
( -127  -68  -81  )
( 165  137  -170  )
( -198  22  -40  )
( -132  150  -55  )
( 125  44  156  )
( -123  -199  -36  )
( 126  79  183  )
( 14  130  15  )
( 182  152  178  )
( 53  171  112  )
( 5  -13  70  )
( -129  -127  -175  )
( -86  -43  26  )
( 135  76  -10  )
( 1  -195  193  )
( 126  45  -30  )
( -70  -171  -59  )
( -179  20  -99  )
( -175  155  10  )
( -54  153  -59  )
( 185  35  129  )
( -34  -183  -126  )
( -165  -194  -12  )
( 23  -170  133  )
( -102  173  135  )
( -103  -181  -112  )
( -192  112  78  )
( -176  194  -166  )
( 67  -86  -131  )
( 127  -75  162  )
( 32  78  -19  )
( -132  104  -20  )
( -164  -161  0  )
( 80  -74  79  )
( -165  60  1  )
( 47  144  -193  )
( 53  -72  -128  )
( -64  55  -67  )
( -30  -20  -194  )
( -182  70  -157  )
( -97  92  154  )
( -63  97  195  )
( -5  123  19  )
( -99  -49  112  )
( 20  73  123  )
( 45  100  -58  )
( 151  85  -168  )
( 107  170  -199  )
( 113  198  -196  )
( -120  132  -4  )
( 176  64  108  )
( 154  103  69  )
( 157  55  -40  )
( 174  -66  -10  )
( 75  -46  89  )
( -137  105  154  )
( 78  -93  -119  )
( 101  141  2  )
( 26  -97  -122  )
( 43  -79  120  )
( 194  0  -118  )
( 67  0  171  )
( -114  71  188  )
( 153  -96  -143  )
( 41  -30  166  )
( -132  135  46  )
( -49  12  -192  )
( -177  149  -153  )
( -124  -180  -25  )
( 55  -184  192  )
( -107  74  -45  )
( 79  188  60  )
( -118  -162  -119  )
( 141  150  130  )
( -21  -52  -83  )
( 114  110  -175  )
( 144  -55  24  )
( -194  -51  -160  )
( 158  -61  141  )
( -59  -114  132  )
( 146  -110  -92  )
( -68  -140  -163  )
( 77  153  86  )
( 142  -99  90  )
( 190  -174  119  )
( 162  -62  -185  )
( -187  -76  82  )
( 122  41  12  )
( -54  21  -140  )
( -115  -196  33  )
( 2  -87  -107  )
( -16  146  184  )
( 177  -55  125  )
( 78  -135  97  )
( -174  -110  -31  )
( -191  195  -5  )
( -160  -59  26  )
( -45  -1  -176  )
( -117  -29  -198  )
( 25  19  -150  )
( -196  -29  179  )
( 52  79  -89  )
( 199  95  58  )
( -74  -194  124  )
( -68  -80  -164  )
( -86  72  118  )
( 84  -87  -1  )
( 35  185  -76  )
( -92  74  54  )
( -73  11  78  )
( 173  75  185  )
( -30  160  -23  )
( -155  -156  4  )
( 173  130  194  )
( -177  -100  -21  )
( -12  158  66  )
( -106  -53  46  )
( 6  -25  109  )
( 155  -99  2  )
( 194  -69  116  )
( 92  -115  -9  )
( 191  -165  -183  )
( 151  73  -192  )
( -186  177  1  )
( 117  83  96  )
( 63  -162  -120  )
( 67  -49  -150  )
( -141  166  -17  )
( -88  49  130  )
( 191  -100  129  )
( -13  -52  125  )
( -139  -156  193  )
( 17  136  -37  )
( -122  -75  -198  )
( 152  56  44  )
( -33  8  -4  )
( 32  -45  -95  )
( -9  196  130  )
( 75  -112  -34  )
( -40  43  144  )
( 140  188  167  )
( 44  113  -36  )
( -124  91  186  )
( -149  4  46  )
( -118  183  -84  )
( 54  -2  -22  )
( -148  79  174  )
( 179  -61  167  )
( 47  -32  152  )
( -105  156  -25  )
( 57  100  179  )
( -19  -175  3  )
( 150  -127  95  )
( -151  -193  -196  )
( -163  136  112  )
( -165  14  24  )
( 139  22  5  )
( -160  -4  -114  )
( -185  89  132  )
( 43  -192  12  )
( 14  -182  125  )
( -161  -69  -195  )
( 145  -3  133  )
( 182  69  -25  )
( -85  102  -22  )
( 18  147  108  )
( 170  -121  -143  )
( 84  -17  106  )
( -99  -134  52  )
( 101  -21  -108  )
( -31  -193  -73  )
( 95  -131  -183  )
( 156  -22  60  )
( -78  74  0  )
( 44  -166  -77  )
( -72  -48  159  )
( -21  -70  -127  )
( -152  -71  176  )
( -111  -44  -169  )
( 115  27  97  )
( -148  -12  -17  )
( -10  195  125  )
( -90  13  77  )
( 71  177  -108  )
( 55  -168  171  )
( -128  -85  6  )
( -114  -66  122  )
( 103  4  -174  )
( -154  57  145  )
( 51  95  83  )
( -193  34  195  )
( 183  78  -9  )
( 92  -106  67  )
( 164  -160  54  )
( -6  -102  108  )
( -106  -20  176  )
( -17  -158  -90  )
( 30  148  45  )
( 176  -120  54  )
( 157  -51  -118  )
( -145  115  41  )
( 18  -9  -61  )
( -103  12  95  )
( -150  172  -173  )
( -120  -111  -46  )
( -183  -178  130  )
( 4  53  -171  )
( -67  -61  193  )
( -133  182  -181  )
( 178  -104  -167  )
( -125  26  -144  )
( 120  61  -28  )
( -61  -13  -88  )
( -151  -192  -198  )
( 82  178  161  )
( 54  174  12  )
( -122  191  156  )
( 70  -38  97  )
( 25  195  -19  )
( 149  138  -124  )
( -198  -53  -76  )
( -50  -118  116  )
( 153  -180  173  )
( 63  -147  -136  )
( 180  149  -199  )
( 94  -103  124  )
( 53  -162  -184  )
( -97  189  41  )
( -122  138  -35  )
( -28  48  77  )
( 76  141  -138  )
( -116  88  63  )
( 49  36  -132  )
( -78  185  95  )
( 183  85  -155  )
( 149  -52  -76  )
( 15  89  52  )
( -122  -67  199  )
( -120  34  -154  )
( 90  -85  40  )
( 196  111  4  )
( 122  -182  163  )
( -68  -104  180  )
( 83  30  -101  )
( -66  144  0  )
( 1  26  50  )
( -55  -51  114  )
( -197  52  161  )
( 36  117  109  )
( 43  -149  93  )
( -125  -147  -112  )
( -165  -83  -172  )
( 54  15  -53  )
( 15  -74  -112  )
( -90  -186  -50  )
( -156  154  46  )
( 164  73  142  )
( -144  46  -27  )
( 43  67  -94  )
( -58  -195  -54  )
( -160  -84  -51  )
( -141  103  -150  )
( -108  132  -118  )
( 154  71  -95  )
( 108  178  136  )
( 81  -147  22  )
( -199  54  -133  )
( -65  127  -56  )
( 162  -93  -182  )
( -82  86  -29  )
( -16  -39  -188  )
( -52  25  -183  )
( 128  24  49  )
( 74  87  -189  )
( -32  -46  -9  )
( -165  -171  101  )
( 51  -141  -125  )
( 73  -133  56  )
( -35  105  -52  )
( 51  190  120  )
( -150  80  -12  )
( -177  -104  -75  )
( 64  -184  0  )
( 26  187  -3  )
( 150  158  50  )
( 167  72  87  )
( 29  -6  23  )
( 173  -115  116  )
( -112  -32  144  )
( 47  -193  164  )
( 98  143  144  )
( 167  46  81  )
( 117  92  -119  )
( 170  -165  160  )
( -180  120  17  )
( 185  80  -162  )
( -137  68  -99  )
( -140  -146  -78  )
( -118  51  -196  )
( -52  -198  71  )
( 141  -72  -179  )
( 87  -73  10  )
( -176  151  3  )
( -187  -119  -188  )
( 59  -91  -113  )
( -20  -199  60  )
( 107  176  23  )
( -159  -15  -68  )
( 99  159  84  )
( 185  -136  -186  )
( 166  -172  1  )
( 135  193  89  )
( -114  -152  -60  )
( 195  156  86  )
( 139  -121  -178  )
( 113  61  -189  )
( -26  -171  -121  )
( 98  -42  -84  )
( -19  196  -189  )
( 160  -37  -110  )
( 40  195  -124  )
( 64  22  -122  )
( -151  13  27  )
( 175  -193  104  )
( -109  129  -138  )
( 89  -64  -101  )
( -5  24  71  )
( -29  111  46  )
( -10  192  135  )
( 134  77  52  )
( -153  175  -80  )
( -26  153  129  )
( -76  86  -97  )
( 25  -8  111  )
( -162  -54  -70  )
( -145  82  195  )
( 86  -169  192  )
( 72  112  -102  )
( -117  -142  105  )
( 194  -133  -121  )
( 16  42  138  )
( -113  120  43  )
( -152  69  -55  )
( -94  44  -184  )
( -57  -121  -19  )
( 81  122  -193  )
( -17  104  91  )
( 61  152  63  )
( -141  194  -69  )
( -92  172  -72  )
( 1  176  -11  )
( -145  105  195  )
( 126  153  -45  )
( -154  76  -30  )
( 167  1  -48  )
( -21  184  67  )
( -137  -22  192  )
( 158  -47  112  )
( 25  -17  -5  )
( 176  70  -58  )
( -79  122  125  )
( 158  54  166  )
( -153  102  89  )
( -38  -135  -184  )
( -111  109  139  )
( -127  -187  -114  )
( -13  -26  170  )
( 142  -130  147  )
( -196  97  -34  )
( 57  -182  84  )
( 107  -72  -186  )
( -169  148  131  )
( -141  91  175  )
( -46  57  115  )
( 59  -21  -37  )
( 64  -199  -197  )
( 94  -114  -183  )
( -134  0  68  )
( 165  193  199  )
( -110  20  -40  )
( -136  -135  -25  )
( -55  -108  181  )
( 91  82  -130  )
( -0  111  -17  )
( -142  -127  70  )
( 13  -169  -92  )
( -62  -21  -194  )
( 92  172  -53  )
( -181  -153  176  )
( -84  87  143  )
( 143  117  -165  )
( -63  -12  -34  )
( -49  -80  88  )
( 35  23  73  )
( -187  139  165  )
( 40  -155  -181  )
( 133  140  -156  )
( -18  -40  103  )
( -79  -193  143  )
( 174  42  -17  )
( -43  -7  6  )
( -167  -89  190  )
( 35  51  91  )
( 0  55  -74  )
( -134  -34  68  )
( -7  -89  137  )
( 174  -2  63  )
( 74  -181  -127  )
( 0  140  -41  )
( 69  -122  -16  )
( -191  119  21  )
( 136  107  113  )
( 32  -98  117  )
( -102  -162  -62  )
( -192  49  31  )
( -122  0  187  )
( 33  57  -101  )
( 129  69  84  )
( 162  -186  100  )
( 146  14  -181  )
( -116  36  -183  )
( -154  -62  132  )
( 89  -172  -5  )
( 88  124  43  )
( 75  74  -189  )
( 0  -68  -64  )
( 143  16  -131  )
( 138  105  -25  )
( 47  -136  108  )
( -79  -127  -3  )
( -76  -97  -119  )
( 153  51  -132  )
( -32  17  -157  )
( -129  -181  -21  )
( -109  -180  -8  )
( -78  21  199  )
( 65  15  -81  )
( 50  -58  154  )
( 130  -185  -153  )
( 26  -151  120  )
( -77  44  -188  )
( -60  -118  -198  )
( -22  41  -191  )
( 172  111  78  )
( -38  -106  1  )
( -190  134  -155  )
( 161  -148  26  )
( -108  -77  36  )
( 0  -61  146  )
( 4  139  -36  )
( -23  8  -69  )
( 105  11  -116  )
( 94  -175  46  )
( 192  -107  33  )
( 29  -140  121  )
( -65  183  180  )
( -65  48  -194  )
( 29  67  -81  )
( 50  -52  150  )
( 2  -127  -54  )
( -127  -14  -72  )
( -54  71  -79  )
( -47  42  -127  )
( -65  -67  144  )
( 197  -190  170  )
( -124  154  7  )
( 65  -33  51  )
( 185  5  86  )
( -141  -198  -145  )
( 144  93  -41  )
( 154  5  -90  )
( -7  95  -108  )
( 147  67  -92  )
( 145  94  -166  )
( 72  -102  67  )
( 32  98  19  )
( 173  170  15  )
( 140  115  141  )
( 143  76  -40  )
( -184  -59  -7  )
( -130  -199  194  )
( -0  -194  141  )
( 124  -192  188  )
( 84  148  -194  )
( 89  -138  48  )
( 126  -56  44  )
( 141  -165  -95  )
( 123  65  66  )
( -74  -17  2  )
( -18  51  -60  )
( -69  -19  35  )
( -119  69  -9  )
( 27  -159  -76  )
( -82  169  50  )
( 145  -30  196  )
( 24  129  -53  )
( 15  54  -12  )
( -29  176  -3  )
( 60  35  57  )
( 102  75  157  )
( 135  -169  8  )
( 165  -75  46  )
( 76  -112  -96  )
( -57  -104  -156  )
( 189  -14  175  )
( -62  -85  3  )
( 145  -197  38  )
( -189  31  -168  )
( -185  -135  1  )
( 179  -134  -160  )
( -137  -149  57  )
( 172  -11  92  )
( -72  -25  -14  )
( 45  23  50  )
( -115  21  113  )
( -176  167  -175  )
( 95  125  68  )
( 31  44  -105  )
( -136  -119  126  )
( -11  -135  69  )
( 8  -33  109  )
( 41  188  -166  )
( 149  178  129  )
( 96  -184  -198  )
( -102  27  39  )
( 75  -177  -28  )
( 129  -38  -198  )
( 86  -104  -197  )
( -131  -190  142  )
( -85  174  125  )
( 113  44  -76  )
( 1  110  -182  )
( 38  -183  -121  )
( -53  -99  -31  )
( 120  8  170  )
( -29  -119  95  )
( 79  123  31  )
( 1  11  131  )
( 170  -145  192  )
( 115  142  178  )
( 76  -9  -161  )
( -110  174  7  )
( -182  36  119  )
( 95  152  -118  )
( -43  178  154  )
( -6  -152  -106  )
( 7  -116  -97  )
( 158  -149  74  )
( 33  97  65  )
( -47  35  -178  )
( -52  53  132  )
( 131  43  -121  )
( 28  67  -1  )
( -53  82  -126  )
( -112  -157  -180  )
( 189  190  159  )
( 97  -20  -108  )
( 58  -156  161  )
( -77  166  49  )
( 127  19  33  )
( -11  177  146  )
( -150  40  -194  )
( -13  134  -5  )
( 15  -62  30  )
( 195  -96  -103  )
( -10  140  -111  )
( -7  -103  -16  )
( 66  44  169  )
( 16  136  -197  )
( -0  -89  35  )
( 171  -29  68  )
( -113  106  125  )
( -38  56  -2  )
( 144  63  -49  )
( 100  123  135  )
( -83  81  -196  )
( -94  -173  -15  )
( -54  -171  142  )
( 103  -188  -46  )
( 188  24  -149  )
( 137  -16  -108  )
( -12  152  -132  )
( -136  42  70  )
( -75  -147  -197  )
( -153  182  -18  )
( 17  -85  -192  )
( -121  71  -75  )
( -6  -27  -191  )
( -180  16  137  )
( 119  -48  93  )
( -38  -173  -20  )
( 109  -0  129  )
( -73  183  52  )
( -164  -71  -19  )
( 65  153  -164  )
( 144  -192  30  )
( -22  -31  -185  )
( 82  104  -144  )
( 72  -154  78  )
( 136  -32  167  )
( 101  -47  -62  )
( 79  24  -99  )
( 136  -12  -153  )
( -189  -33  -184  )
( -12  -167  185  )
( 104  75  -178  )
( -163  114  162  )
( -138  10  55  )
( -37  -66  -69  )
( 165  129  -122  )
( 192  -173  -7  )
( -57  -80  42  )
( 126  -41  100  )
( 139  23  -95  )
( 141  120  88  )
( -0  -89  -27  )
( 123  -174  -79  )
( -152  -4  -70  )
( -176  51  -57  )
( 63  129  23  )
( 155  -108  -187  )
( 52  -195  9  )
( 190  -113  155  )
( -23  -31  -130  )
( -52  154  -160  )
( 76  -162  198  )
( 157  18  -85  )
( -72  190  143  )
( 11  -121  156  )
( 96  -159  -160  )
( -169  162  -157  )
( -36  -189  122  )
( -19  -192  -176  )
( 57  -69  -176  )
( -14  -111  154  )
( -44  -0  -33  )
( -164  144  80  )
( -12  -198  136  )
( 179  175  33  )
( -117  -45  -158  )
( 19  85  63  )
( 68  185  50  )
( 192  6  32  )
( 67  171  113  )
