( -112  9  -10  )
( 51  41  173  )
( -76  -40  -146  )
( 97  87  139  )
( -39  -1  -143  )
( -42  155  -103  )
( -144  150  -169  )
( 33  73  88  )
( -71  58  -185  )
( -33  120  -35  )
( -162  -105  -113  )
( -156  -82  102  )
( -78  53  82  )
( -19  21  53  )
( -52  -146  33  )
( 154  10  -89  )
( -176  -103  93  )
( -127  -83  -172  )
( 198  -149  -61  )
( -121  -49  -117  )
( -81  -45  123  )
( -19  21  -133  )
( 80  120  -31  )
( 170  158  -10  )
( -147  90  84  )
( -133  117  112  )
( -79  174  196  )
( -156  106  102  )
( 72  -53  -32  )
( 157  16  -130  )
( -71  -16  -174  )
( -95  -13  -173  )
( -129  -24  -139  )
( -191  130  -88  )
( 166  137  92  )
( -114  153  164  )
( 137  -196  139  )
( 23  -10  -151  )
( -27  -190  -142  )
( 160  50  5  )
( -132  55  -44  )
( 121  23  -18  )
( -183  -181  -176  )
( -56  98  192  )
( 159  -61  -167  )
( 29  175  -23  )
( -118  -142  -132  )
( 99  -101  -170  )
( 42  103  106  )
( -191  -106  -4  )
( 14  132  -5  )
( -57  -122  35  )
( 44  -65  -68  )
( 150  -31  -195  )
( -152  162  41  )
( -29  -165  -82  )
( 12  53  -11  )
( 143  -131  46  )
( 33  8  -5  )
( -58  128  -75  )
( 107  138  118  )
( -87  44  4  )
( -183  111  135  )
( -100  -111  150  )
( 151  -75  -57  )
( -135  146  -73  )
( 127  -29  20  )
( -37  -185  51  )
( -88  109  116  )
( 195  -38  155  )
( -153  145  -199  )
( -71  -46  167  )
( -185  58  109  )
( 182  -29  10  )
( -155  -106  -58  )
( -192  7  -89  )
( 49  173  19  )
( 52  -120  56  )
( -47  -74  -25  )
( 120  -198  62  )
( 74  -183  -142  )
( -96  67  -52  )
( -138  149  -66  )
( 195  -86  137  )
( 144  119  -65  )
( -14  184  48  )
( -90  -91  42  )
( 25  94  -177  )
( -24  -25  123  )
( -182  35  -68  )
( -9  -57  -173  )
( -161  113  -162  )
( -16  -154  -156  )
( 49  90  -47  )
( -139  -42  62  )
( -120  -13  -68  )
( -70  186  -117  )
( 16  105  -75  )
( 143  25  -134  )
( 90  -53  -44  )
( 110  135  127  )
( 59  125  -15  )
( 121  196  -178  )
( 188  -11  -9  )
( 152  190  85  )
( -188  63  181  )
( 189  -159  15  )
( -97  -23  -192  )
( 177  119  81  )
( -149  -160  -86  )
( -4  -94  -151  )
( -40  45  97  )
( 24  54  -199  )
( 2  80  -109  )
( -98  -140  -117  )
( 88  -129  84  )
( -192  32  150  )
( 195  -7  63  )
( -35  -40  33  )
( -130  55  -102  )
( 68  185  183  )
( -160  60  129  )
( -24  -78  177  )
( 160  -41  49  )
( -140  67  194  )
( -34  179  -6  )
( 115  -87  -57  )
( 119  165  79  )
( -119  39  56  )
( 186  -135  -96  )
( 41  -43  171  )
( -185  66  137  )
( -1  -153  -195  )
( -101  63  -70  )
( -133  -5  -8  )
( -98  45  65  )
( -14  -176  -63  )
( 49  2  92  )
( 51  -117  159  )
( 66  -156  -113  )
( -4  -85  -180  )
( 77  -67  144  )
( -41  2  -103  )
( 119  -42  49  )
( -61  -5  81  )
( 175  -0  -12  )
( -100  -124  -181  )
( -147  -156  105  )
( 193  -93  41  )
( 140  -114  138  )
( -93  -82  87  )
( -110  113  6  )
( 15  -100  -199  )
( 123  -181  185  )
( -145  -83  51  )
( -196  11  108  )
( -3  -196  -66  )
( 166  151  62  )
( 43  130  -72  )
( 71  -192  98  )
( 61  156  29  )
( -66  79  98  )
( -45  -1  -152  )
( 23  104  -179  )
( 39  148  -3  )
( 140  99  -66  )
( -109  18  -51  )
( 138  -172  150  )
( 31  41  172  )
( 61  -190  182  )
( 188  131  -63  )
( -115  -129  98  )
( 157  58  166  )
( 52  -151  -90  )
( -109  -22  -133  )
( -90  196  -115  )
( 137  172  -145  )
( 112  -198  -116  )
( 187  53  144  )
( -95  40  138  )
( -26  195  -17  )
( -15  199  -154  )
( 126  29  -50  )
( -172  1  87  )
( -180  77  -157  )
( 23  -70  2  )
( 110  -49  -132  )
( -111  14  118  )
( -188  178  89  )
( -139  174  35  )
( 168  20  -88  )
( 170  -132  -91  )
( 100  189  -178  )
( -169  -112  -106  )
( -162  95  21  )
( 134  -63  -51  )
( 163  -37  73  )
( 44  69  -109  )
( 194  7  58  )
( 199  -131  122  )
( -166  29  -139  )
( -167  -111  -136  )
( 15  -63  -181  )
( 139  191  -88  )
( 186  -73  172  )
( 144  -191  80  )
( 71  -73  191  )
( 48  85  -70  )
( 94  -178  -130  )
( 33  -124  47  )
( 82  98  20  )
( -135  99  154  )
( -11  170  -159  )
( 176  -166  148  )
( 49  195  83  )
( -116  -44  106  )
( -73  123  -183  )
( 27  -169  -9  )
( 59  25  -20  )
( -63  175  -112  )
( -163  4  -162  )
( -186  -13  -169  )
( 113  -2  -15  )
( 90  -163  -78  )
( -145  -39  -136  )
( -23  -68  -102  )
( -158  -134  162  )
( -149  -117  56  )
( -185  -140  -102  )
( -150  -21  31  )
( 45  -164  170  )
( -63  193  11  )
( 0  -24  53  )
( 191  113  120  )
( -34  -19  120  )
( 59  -159  -47  )
( 171  23  108  )
( 186  109  -197  )
( -53  28  -17  )
( -6  137  -179  )
( -164  -36  19  )
( 77  156  -12  )
( -71  124  189  )
( -185  192  -59  )
( -118  5  81  )
( -67  -129  -81  )
( -111  -195  -30  )
( -116  -113  175  )
( -147  153  88  )
( -190  -167  -51  )
( 71  -121  179  )
( -24  -114  23  )
( 68  98  192  )
( -164  -31  103  )
( -182  120  -46  )
( -142  119  -78  )
( -145  59  -10  )
( -126  -191  -141  )
( 155  20  -102  )
( -31  -135  -144  )
( -46  154  14  )
( 48  94  10  )
( -181  187  -180  )
( 195  -62  -53  )
( -87  32  168  )
( 98  -75  92  )
( -147  -47  152  )
( -68  -135  -27  )
( -71  -16  159  )
( 122  -66  36  )
( -167  199  90  )
( -147  149  -30  )
( 85  17  -157  )
( -1  -13  175  )
( -154  -50  -24  )
( -137  -149  73  )
( -185  53  -77  )
( 61  -192  -28  )
( -166  173  -36  )
( -37  166  -109  )
( -37  199  173  )
( 64  -180  -19  )
( 84  -93  -134  )
( 170  195  141  )
( -85  34  84  )
( 136  -100  192  )
( 196  -55  -123  )
( -116  -78  23  )
( 52  112  141  )
( 45  147  116  )
( 163  -1  -155  )
( 161  -198  -37  )
( 1  -199  -124  )
( 118  -19  -128  )
( 120  -18  16  )
( 109  -123  -155  )
( -179  147  -194  )
( -158  -197  164  )
( -179  20  -152  )
( -60  97  18  )
( 140  80  -5  )
( 57  -163  86  )
( 165  125  191  )
( 147  -178  79  )
( -41  -78  21  )
( -33  122  166  )
( -116  -1  94  )
( -39  -117  -197  )
( -42  -86  -65  )
( -168  -111  -106  )
( -82  -74  36  )
( 113  -42  -147  )
( 29  -161  1  )
( -38  132  32  )
( 14  10  45  )
( 89  128  37  )
( -27  146  -63  )
( -55  63  54  )
( -50  -83  120  )
( -98  -5  -127  )
( 152  -196  -37  )
( 72  -160  161  )
( 120  50  -183  )
( 191  -180  -35  )
( 123  82  -19  )
( -89  -199  -57  )
( 164  -114  -131  )
( -135  -117  47  )
( 79  162  39  )
( 27  -25  184  )
( -172  -65  -3  )
( -137  171  102  )
( -137  -141  184  )
( -141  139  -133  )
( 181  -152  -128  )
( -158  145  -25  )
( 152  98  82  )
( 176  -197  -21  )
( 8  -7  -124  )
( -59  -74  113  )
( 15  -198  189  )
( 14  -160  -117  )
( 60  119  184  )
( -168  -57  -9  )
( 52  -90  -91  )
( -156  115  125  )
( -28  -15  -115  )
( 136  23  -161  )
( 28  -174  149  )
( -61  -186  111  )
( 25  106  49  )
( 36  42  -18  )
( 30  193  191  )
( 76  -28  -66  )
( -22  42  169  )
( -64  168  14  )
( -60  105  -69  )
( 83  181  152  )
( 160  80  -62  )
( -188  -12  -179  )
( 60  116  157  )
( 8  -133  -65  )
( -63  -138  -93  )
( -180  -149  -198  )
( -30  56  162  )
( -84  45  -30  )
( 96  -46  -128  )
( 161  -6  -159  )
( 39  155  -54  )
( -66  -39  28  )
( -115  112  -15  )
( 93  35  -151  )
( 112  -2  86  )
( -90  102  133  )
( 118  55  -112  )
( 181  111  103  )
( 170  194  15  )
( 152  -57  131  )
( -174  -119  -163  )
( -182  -83  -191  )
( 147  37  30  )
( -61  12  -52  )
( -154  -140  171  )
( 193  186  144  )
( -114  -115  102  )
( 43  78  -68  )
( -150  28  -106  )
( 111  -54  52  )
( 148  66  -61  )
( -62  151  190  )
( 90  195  28  )
( -100  -175  -82  )
( 143  173  150  )
( 129  47  -65  )
( -137  102  142  )
( -160  -77  109  )
( 156  -93  -30  )
( 111  -12  117  )
( -166  -10  -0  )
( 118  -155  -114  )
( 50  81  -177  )
( -97  -190  -118  )
( -132  24  -11  )
( 109  -23  87  )
( 1  139  194  )
( 18  184  -25  )
( 132  163  149  )
( -131  159  -69  )
( -81  -85  195  )
( -18  96  -127  )
( 130  -81  -122  )
( -24  -98  -53  )
( 197  -91  -95  )
( -110  56  99  )
( 139  130  -91  )
( 5  -189  -98  )
( -158  -94  -143  )
( -52  12  -1  )
( -22  46  146  )
( -114  119  189  )
( 133  144  -47  )
( 4  128  84  )
( -161  -153  -179  )
( 54  -110  -8  )
( -142  24  -43  )
( -64  -15  78  )
( 64  -94  -151  )
( 21  -98  122  )
( 2  122  -128  )
( -127  -152  156  )
( -33  -20  -3  )
( 196  69  -47  )
( 105  15  -20  )
( -59  -6  -181  )
( -187  -12  4  )
( 60  -116  -135  )
( -40  156  47  )
( 184  78  55  )
( -61  -6  -148  )
( 185  -57  -120  )
( 28  142  89  )
( -75  -109  -46  )
( 56  9  11  )
( 34  69  -1  )
( 154  14  -92  )
( 62  67  -19  )
( 110  -137  176  )
( -128  -166  -57  )
( -5  -48  -133  )
( -111  -2  -93  )
( -103  -33  137  )
( 129  120  -27  )
( 24  138  -6  )
( -178  -60  5  )
( -29  -165  149  )
( -79  157  -148  )
( -165  3  184  )
( 15  69  18  )
( 158  -8  -170  )
( 37  -120  -58  )
( -71  198  -54  )
( 108  -58  -39  )
( 48  56  -146  )
( 62  -115  177  )
( -140  -46  -165  )
( -65  56  -10  )
( 22  146  29  )
( -52  104  47  )
( -7  -99  19  )
( -119  -75  -104  )
( 57  103  -134  )
( 127  89  108  )
( -155  -62  47  )
( 172  -78  -49  )
( -23  -166  134  )
( -105  -187  -144  )
( 19  -190  -99  )
( 27  -156  -5  )
( -116  -191  -102  )
( 64  69  -189  )
( -104  -12  -99  )
( 64  72  186  )
( -102  -96  -19  )
( -103  -149  94  )
( 83  104  -0  )
( 90  -60  -173  )
( 93  62  47  )
( -149  -129  -20  )
( 50  -23  -89  )
( -92  71  -188  )
( 45  -0  -124  )
( 49  -197  115  )
( -61  -5  -42  )
( 7  118  -178  )
( 103  -109  -144  )
( 5  81  183  )
( -127  174  122  )
( -42  -111  113  )
( 99  108  -141  )
( 63  159  -49  )
( 2  -89  21  )
( -151  124  141  )
( 156  107  -173  )
( 148  -99  35  )
( -159  -76  5  )
( -36  154  30  )
( -142  197  -72  )
( -34  52  108  )
( 94  -197  23  )
( -55  101  -90  )
( 115  45  -32  )
( -122  64  -57  )
( -53  -152  153  )
( 85  75  29  )
( -17  -128  119  )
( 146  79  195  )
( 127  -119  25  )
( -15  140  -157  )
( 123  14  0  )
( 29  113  -104  )
( 141  174  -114  )
( 149  99  36  )
( 32  -180  -65  )
( -29  -53  -54  )
( 95  119  61  )
( -198  -72  75  )
( 185  -123  36  )
( 100  -124  -47  )
( -113  -83  -85  )
( 123  54  -199  )
( 153  -94  108  )
( 144  152  -141  )
( 2  -84  194  )
( -99  154  80  )
( 171  -104  173  )
( 94  159  68  )
( -153  -162  -166  )
( 106  28  21  )
( -64  12  -2  )
( -129  -114  -62  )
( 111  130  42  )
( 54  -133  -196  )
( 10  59  87  )
( -121  -156  -187  )
( -87  64  -70  )
( 94  -158  116  )
( 32  95  140  )
( -146  -71  -116  )
( 39  -127  -66  )
( 184  -1  15  )
( 168  -131  43  )
( -132  -9  -11  )
( 13  108  -183  )
( 185  113  29  )
( 72  192  -187  )
( -117  139  -138  )
( 85  39  -150  )
( 90  106  116  )
( 199  -122  -148  )
( 159  89  -119  )
( 50  -146  -137  )
( 189  145  -187  )
( 76  110  -191  )
( -78  -45  -167  )
( 100  148  91  )
( -188  -118  -147  )
( 117  -186  165  )
( 170  142  124  )
( -34  169  -191  )
( 138  194  -59  )
( 151  -5  35  )
( 187  26  138  )
( 170  90  -141  )
( 159  -47  -172  )
( -6  -192  4  )
( 86  87  -19  )
( -160  -153  -30  )
( -3  165  83  )
( 76  92  82  )
( 14  -179  3  )
( 116  175  77  )
( -185  -149  -30  )
( 15  190  49  )
( -160  152  72  )
( 104  -171  147  )
( 152  -129  -67  )
( -51  -195  -146  )
( 169  147  -196  )
( 112  -91  66  )
( 198  94  48  )
( 31  183  -123  )
( -62  -193  197  )
( -20  157  -68  )
( -77  19  -10  )
( -147  174  37  )
( 26  58  -157  )
( -73  117  -37  )
( 5  83  39  )
( -33  -119  -37  )
( -186  -64  -13  )
( 109  -189  69  )
( 23  68  110  )
( -91  -153  77  )
( -101  -154  85  )
( 93  -130  -8  )
( -141  19  -87  )
( 136  196  113  )
( 43  -132  163  )
( 158  -160  43  )
( -100  106  159  )
( -1  -121  36  )
( -96  -155  -3  )
( 127  -12  138  )
( 133  -188  -160  )
( 21  139  0  )
( 196  150  53  )
( -132  -63  3  )
( 128  152  -115  )
( -54  -181  120  )
( 173  -81  -31  )
( -190  -50  -147  )
( 157  -174  -3  )
( 91  72  -87  )
( -20  80  98  )
( -182  149  -62  )
( 19  42  -103  )
( -63  91  154  )
( 10  27  99  )
( 53  -106  -114  )
( 21  -77  -136  )
( -48  6  -7  )
( -164  55  -130  )
( -98  -180  -24  )
( 182  75  79  )
( -171  19  160  )
( -35  148  111  )
( 88  -35  -167  )
( 48  -72  99  )
( -103  -11  198  )
( 130  115  -17  )
( 111  -88  79  )
( -21  -157  27  )
( 28  -127  137  )
( -67  144  -45  )
( 13  -68  77  )
( 153  -94  126  )
( -101  -150  -113  )
( 194  -58  -192  )
( 168  -13  154  )
( 42  -123  103  )
( -104  -96  93  )
( -110  132  -198  )
( 98  125  74  )
( -98  -65  -11  )
( -152  -139  108  )
( -44  34  37  )
( 157  2  195  )
( -31  142  199  )
( -63  -68  -50  )
( 114  94  86  )
( 111  -125  158  )
( -25  190  -50  )
( 52  -24  -193  )
( 7  -118  193  )
( 86  -197  -131  )
( -88  140  -162  )
( -33  -185  40  )
( -89  106  130  )
( -193  31  142  )
( -91  19  38  )
( 177  -37  52  )
( 124  58  28  )
( -103  91  77  )
( 193  -67  -16  )
( 92  -1  -8  )
( -47  -38  -94  )
( -183  -179  172  )
( 177  -154  -67  )
( 54  -168  -19  )
( -178  47  -132  )
( 186  189  155  )
( -96  192  147  )
( 161  191  93  )
( 19  -56  188  )
( -18  94  89  )
( 27  57  -60  )
( -111  90  -95  )
( 129  113  11  )
( 91  66  -11  )
( 98  112  -192  )
( 172  135  55  )
( -130  96  -169  )
( -147  -43  82  )
( 71  39  113  )
( 158  -174  36  )
( 166  -186  -117  )
( 16  29  -94  )
( 141  181  17  )
( -192  -25  60  )
( -165  161  109  )
( -39  35  -112  )
( -198  -43  117  )
( 5  97  -181  )
( 40  -177  -147  )
( -16  -173  170  )
( -111  -160  -45  )
( 186  117  -118  )
( -175  -47  188  )
( -144  -173  197  )
( 26  121  -179  )
( -79  169  141  )
( -56  -154  20  )
( -124  -156  -44  )
( 105  79  -13  )
( 154  -62  183  )
( 100  -172  -102  )
( -25  166  -108  )
( -34  -137  -4  )
( -174  140  3  )
( 23  104  93  )
( -42  77  190  )
( 32  53  109  )
( 135  8  176  )
( 197  55  -28  )
( 174  30  -78  )
( 137  36  -180  )
( 77  8  183  )
( -59  -38  -39  )
( 138  -144  191  )
( 154  -79  113  )
( -48  -55  -127  )
( -27  -13  -90  )
( 105  -79  -74  )
( -92  -156  157  )
( -164  -49  -155  )
( -16  146  -175  )
( 88  -140  83  )
( 77  176  -43  )
( -133  -115  -60  )
( 197  -198  -118  )
( 69  -194  46  )
( -177  159  -135  )
( -47  13  14  )
( -161  1  -154  )
( 107  -58  -120  )
( 134  21  90  )
( 117  -83  118  )
( -150  -21  -144  )
( 42  -171  153  )
( 99  -29  -52  )
( -125  -197  -65  )
( -170  147  62  )
( -102  -27  -73  )
( -194  192  -123  )
( 73  24  -129  )
( 135  -63  -142  )
( 11  -13  -151  )
( 77  54  -167  )
( 40  74  -192  )
( -67  150  106  )
( -142  72  192  )
( -196  -96  181  )
( -151  -152  22  )
( 199  -176  100  )
( -156  -191  -147  )
( 92  -57  -89  )
( 19  -143  88  )
( 195  114  149  )
( -32  131  83  )
( -53  -52  -76  )
( 182  -120  19  )
( -35  64  110  )
( -169  111  157  )
( 87  -94  12  )
( 75  -10  73  )
( -38  -35  77  )
( -21  35  -73  )
( 18  -44  -37  )
( -136  73  190  )
( 32  22  -157  )
( 123  154  -31  )
( 36  110  188  )
( -37  23  -11  )
( 137  0  143  )
( -60  -107  23  )
( -81  -148  130  )
( -164  76  35  )
( 184  9  -134  )
( -26  -95  7  )
( 125  -105  166  )
( -153  -70  -79  )
( 199  -93  46  )
( 133  165  181  )
( -123  126  184  )
( -7  156  -197  )
( -120  -146  114  )
( 63  -118  -33  )
( -149  58  -10  )
( -167  153  -22  )
( 90  192  118  )
( 75  113  -169  )
( -76  21  101  )
( -82  57  27  )
( -42  183  -160  )
( 38  -92  -7  )
( 102  -45  125  )
( -32  178  -9  )
( -35  -1  4  )
( -41  -85  18  )
( 109  181  59  )
( 53  198  -115  )
( -64  -9  161  )
( 147  -136  173  )
( 169  -198  -6  )
( -184  -178  -117  )
( 79  123  -61  )
( -17  46  103  )
( -177  45  -190  )
( 53  -8  -52  )
( -175  -179  141  )
( 127  72  -183  )
( 136  -96  50  )
( 67  162  23  )
( 166  -1  68  )
( 156  67  96  )
( 108  -66  -169  )
( 115  26  -22  )
( 114  -17  130  )
( -33  93  57  )
( -158  -49  -137  )
( -34  -151  -74  )
( 156  -50  -12  )
( -165  147  -111  )
( -17  1  -20  )
( 32  -108  160  )
( -185  -90  104  )
( -89  107  -28  )
( -86  29  82  )
( -153  122  109  )
( 49  -115  79  )
( 98  -99  -153  )
( -15  -64  158  )
( 78  143  62  )
( -166  -71  141  )
( -180  -28  -198  )
( 190  120  -43  )
( 4  39  28  )
( 151  84  -150  )
( -14  -27  -191  )
( -36  -6  -187  )
( 48  174  18  )
( -180  105  94  )
( 96  -92  -38  )
( -129  -128  154  )
