( 0  -100  -36  )
( 162  57  158  )
( 199  170  -87  )
( -131  69  -66  )
( -41  13  -56  )
( 189  139  148  )
( -88  98  -131  )
( 108  168  -151  )
( 108  -194  -176  )
( 77  -192  2  )
( 134  -77  -156  )
( 71  29  -20  )
( -152  -49  84  )
( 42  -41  119  )
( 104  190  -115  )
( -3  191  -55  )
( -53  196  -100  )
( -67  -195  -93  )
( 33  85  -187  )
( -10  128  -69  )
( -7  123  -152  )
( 89  65  199  )
( 113  65  50  )
( -71  -95  -2  )
( -176  -99  132  )
( 32  -71  -124  )
( 115  -12  -195  )
( -61  40  -181  )
( 161  -23  -108  )
( -104  21  -27  )
( -2  -1  -60  )
( 30  131  -106  )
( -64  -183  99  )
( -173  121  23  )
( -48  -6  -98  )
( 44  177  -166  )
( -112  38  81  )
( -93  104  -54  )
( -65  -52  -18  )
( 65  -96  -38  )
( -98  -136  -198  )
( 104  75  -119  )
( 183  194  193  )
( -19  -187  132  )
( -143  -141  24  )
( 66  122  35  )
( 118  -49  -170  )
( 124  -128  -53  )
( 103  6  40  )
( 13  -186  167  )
( -144  -41  -108  )
( 182  -66  -173  )
( -33  -135  89  )
( -124  28  137  )
( -36  184  54  )
( 25  168  190  )
( -35  186  -170  )
( -171  140  -176  )
( 189  -23  8  )
( 103  192  130  )
( -110  -171  -18  )
( -175  78  11  )
( 104  147  195  )
( -175  -150  -192  )
( -5  -80  -69  )
( 66  -75  178  )
( 21  -67  -30  )
( -53  -5  63  )
( 32  -103  53  )
( -124  -183  -121  )
( -131  54  -125  )
( -34  111  -64  )
( -197  -59  37  )
( 43  17  49  )
( 8  127  103  )
( -50  199  23  )
( 134  -74  53  )
( -53  171  112  )
( -141  110  184  )
( -57  -6  68  )
( 120  -14  31  )
( -47  -57  43  )
( 52  -198  -75  )
( -128  173  123  )
( -119  65  40  )
( 23  165  -140  )
( 3  -46  -129  )
( 16  134  71  )
( -50  -89  -62  )
( -141  -162  -187  )
( 98  -72  22  )
( -136  -17  -134  )
( -61  13  -187  )
( 100  -6  8  )
( -39  -1  67  )
( 116  -122  25  )
( 134  39  169  )
( 96  146  -33  )
( 188  -161  -112  )
( 196  -176  177  )
( 120  29  155  )
( 126  -89  41  )
( -199  175  41  )
( 7  138  76  )
( -0  160  -175  )
( -40  -170  -86  )
( 20  115  12  )
( -123  -184  177  )
( -100  -150  170  )
( 63  177  -192  )
( 119  -88  164  )
( -12  -28  -129  )
( 110  76  47  )
( 171  -71  173  )
( 106  190  85  )
( 3  -164  -150  )
( 22  -31  158  )
( -75  -139  -141  )
( -181  -71  76  )
( -34  23  -85  )
( 176  144  -114  )
( -34  -4  -115  )
( -103  176  31  )
( -32  -28  -9  )
( -32  14  167  )
( 147  160  -103  )
( 117  -9  127  )
( 26  63  -32  )
( 190  -35  171  )
( 146  -58  28  )
( 79  -153  101  )
( 103  -197  10  )
( 60  -184  73  )
( 0  -162  160  )
( -69  138  -173  )
( -115  104  177  )
( -32  -84  -123  )
( 118  -195  54  )
( -177  -168  -87  )
( -37  -123  199  )
( 51  131  -101  )
( 96  165  169  )
( 153  96  -174  )
( -85  146  169  )
( -160  148  -166  )
( 142  176  1  )
( -100  61  -191  )
( -194  18  -142  )
( 99  44  -197  )
( -13  25  180  )
( -65  -88  -8  )
( -123  -104  133  )
( 194  -30  -91  )
( -138  73  -165  )
( -18  154  -156  )
( 17  20  160  )
( 50  -86  52  )
( -62  -174  -27  )
( -54  -195  -169  )
( 153  54  180  )
( -116  137  163  )
( 0  -40  102  )
( 10  89  -128  )
( 58  89  68  )
( 57  156  -128  )
( -8  89  -152  )
( 97  178  -111  )
( -104  19  -164  )
( 36  -82  -60  )
( 98  -91  -26  )
( 164  -88  6  )
( 172  60  130  )
( -4  -138  -124  )
( -99  -60  162  )
( 194  -63  79  )
( 196  112  198  )
( -136  135  -170  )
( -15  -108  56  )
( 82  -92  -185  )
( -118  -47  -48  )
( 157  77  -1  )
( -195  -133  0  )
( -66  -13  182  )
( 21  39  -128  )
( -87  102  -130  )
( 3  190  54  )
( 49  192  -32  )
( 59  95  -101  )
( 30  -152  103  )
( -42  -5  13  )
( 25  -98  -74  )
( -17  104  57  )
( -64  152  -98  )
( -183  -131  -28  )
( -108  194  -53  )
( 47  -113  118  )
( 0  -127  -73  )
( -99  -91  34  )
( -126  -52  -175  )
( -37  -198  177  )
( -35  -0  -111  )
( -115  -21  41  )
( -109  -184  -101  )
( -148  -29  -5  )
( -43  166  150  )
( -128  -25  -187  )
( 120  -134  -44  )
( -50  77  36  )
( -192  -86  -172  )
( 40  99  -88  )
( 52  -81  19  )
( 62  -94  -61  )
( 174  86  94  )
( -14  -20  68  )
( 9  12  -40  )
( -189  169  3  )
( 191  117  1  )
( 52  -9  96  )
( 126  -92  -169  )
( -16  81  31  )
( 68  -150  63  )
( -82  -185  126  )
( 153  -169  -17  )
( -124  28  168  )
( 136  132  -115  )
( 131  -55  -176  )
( 124  -60  -15  )
( 12  69  -155  )
( -136  181  1  )
( -156  -170  110  )
( -171  135  -15  )
( -106  126  156  )
( 40  -104  21  )
( 179  -194  -10  )
( -4  185  172  )
( -74  -34  -46  )
( 133  -74  -117  )
( -138  40  30  )
( -174  -125  84  )
( 175  194  25  )
( -160  123  -85  )
( 3  112  -168  )
( -18  137  -108  )
( -72  -136  -14  )
( -18  -0  192  )
( 36  159  24  )
( -131  -49  -88  )
( -133  23  159  )
( -143  -26  139  )
( 111  -17  102  )
( -105  169  177  )
( 68  140  -90  )
( -184  -69  -190  )
( -29  -150  -54  )
( -1  -193  171  )
( 5  178  190  )
( -45  -153  -37  )
( 115  -77  22  )
( 126  -160  103  )
( -165  5  -155  )
( -11  -58  -90  )
( -189  3  114  )
( 78  -169  -3  )
( -179  112  -124  )
( 2  -5  -185  )
( 163  5  3  )
( -164  116  -45  )
( -181  148  -25  )
( -146  -144  -138  )
( -139  -173  46  )
( 40  25  43  )
( 176  -6  142  )
( -25  115  -125  )
( -106  -168  -23  )
( 102  -179  17  )
( -63  -128  -125  )
( -149  -16  162  )
( -57  67  -123  )
( 7  185  167  )
( -8  -165  -176  )
( -156  17  5  )
( 150  120  -185  )
( -158  -19  -115  )
( 160  -77  180  )
( -91  -103  191  )
( 157  -167  176  )
( 94  111  138  )
( 47  -126  -29  )
( -11  -29  -174  )
( 54  89  -32  )
( -117  150  -105  )
( 7  148  31  )
( -199  91  -102  )
( 168  -55  -183  )
( -41  -49  146  )
( -188  -5  77  )
( -186  28  -113  )
( 6  -44  -70  )
( -51  -113  -83  )
( -185  113  -101  )
( -101  -2  -94  )
( -5  -75  24  )
( 52  -144  186  )
( -59  -42  -89  )
( -52  24  -36  )
( -86  188  121  )
( 186  -85  -180  )
( 67  133  -74  )
( 42  -116  145  )
( 94  99  -116  )
( -59  109  123  )
( 44  129  -119  )
( 23  -42  -158  )
( 82  13  14  )
( 58  49  22  )
( -40  69  -147  )
( 13  88  -111  )
( 28  103  183  )
( 147  115  -105  )
( 152  18  -106  )
( -22  49  -9  )
( 192  52  94  )
( -170  31  85  )
( 45  -35  128  )
( -154  158  139  )
( 106  61  152  )
( 112  -83  -38  )
( -27  40  134  )
( 158  102  31  )
( -72  -39  -88  )
( -48  22  146  )
( -23  -25  -42  )
( 70  -196  -135  )
( 163  -180  -147  )
( 178  157  90  )
( 33  -198  120  )
( -124  -54  32  )
( 51  -138  -27  )
( 109  -149  -153  )
( -106  -44  75  )
( 141  58  -187  )
( 66  -41  159  )
( 8  115  185  )
( 78  -136  159  )
( -148  -177  -121  )
( 56  13  78  )
( 105  185  -83  )
( -91  196  158  )
( 160  -199  -120  )
( -193  82  103  )
( -196  50  124  )
( -146  -122  72  )
( -78  43  -70  )
( 13  12  9  )
( -167  155  178  )
( 46  83  73  )
( 168  101  102  )
( -166  194  -137  )
( 32  98  -145  )
( -168  29  169  )
( 183  69  -95  )
( -87  -55  40  )
( 159  3  134  )
( -159  -151  144  )
( 26  51  -193  )
( -58  -124  89  )
( -55  -18  -175  )
( 134  4  73  )
( -40  42  25  )
( -167  -113  121  )
( -45  86  94  )
( 191  167  -102  )
( -184  114  -14  )
( 136  -160  -28  )
( -149  -183  63  )
( -28  66  -156  )
( 28  -23  -7  )
( -121  103  -77  )
( -64  -180  35  )
( -87  -78  -73  )
( 1  -76  192  )
( 38  -27  -161  )
( 67  -192  82  )
( 145  -18  -61  )
( -193  -120  166  )
( -72  -148  -93  )
( -70  101  -66  )
( 61  -3  30  )
( -187  -169  70  )
( -114  -199  -61  )
( 194  -179  136  )
( -5  -123  102  )
( 170  100  21  )
( 188  88  5  )
( -14  -146  59  )
( 36  -96  12  )
( 153  33  -98  )
( 28  -175  -131  )
( 143  46  -156  )
( -45  28  -32  )
( -81  192  27  )
( 193  88  -98  )
( -136  120  194  )
( -170  -140  -30  )
( 140  -107  119  )
( -100  84  -3  )
( 154  192  -143  )
( -91  -72  -94  )
( 140  -11  -171  )
( 155  43  116  )
( -26  105  -35  )
( 16  -54  -119  )
( -35  -12  124  )
( 54  -103  64  )
( -17  -108  -127  )
( 148  52  3  )
( 41  -149  29  )
( 29  -5  143  )
( 162  -199  -124  )
( 105  5  -104  )
( -185  -62  -120  )
( 165  -26  139  )
( -90  41  -164  )
( 51  -152  194  )
( 10  -161  186  )
( -159  -145  133  )
( -28  -59  -91  )
( -118  57  144  )
( 25  156  -153  )
( 147  -136  140  )
( -145  -136  -148  )
( -110  -198  -1  )
( 136  47  -52  )
( 104  158  -183  )
( 187  181  170  )
( -25  -178  195  )
( -90  49  -72  )
( -189  43  155  )
( -191  -85  65  )
( -192  82  -9  )
( 19  -36  -151  )
( -166  70  72  )
( -6  81  117  )
( -61  85  0  )
( 4  -81  -181  )
( -103  -10  150  )
( -130  66  136  )
( -24  -20  101  )
( -140  -176  56  )
( 13  -183  -121  )
( 26  111  120  )
( 108  -1  -107  )
( 48  86  -182  )
( -16  -64  24  )
( 175  -176  -130  )
( -91  -64  47  )
( 40  -94  -70  )
( -175  65  171  )
( -108  -37  -118  )
( 169  -121  -99  )
( -100  120  -81  )
( -174  22  134  )
( 8  -84  -135  )
( 110  170  -182  )
( 76  134  -146  )
( -192  194  37  )
( -139  159  -193  )
( -47  -145  48  )
( 179  -103  -129  )
( -2  -190  -47  )
( 112  60  -21  )
( -77  186  -9  )
( -45  77  71  )
( 44  -130  -146  )
( 83  -2  -183  )
( 162  -17  -196  )
( -177  -85  -160  )
( -118  171  -0  )
( -139  -83  -12  )
( 140  31  152  )
( 115  -13  -135  )
( -142  39  191  )
( 138  -132  90  )
( -27  -95  137  )
( -193  34  79  )
( 79  124  -62  )
( 189  -89  -167  )
( 143  -184  -168  )
( -100  120  90  )
( 14  -84  -163  )
( -109  -197  92  )
( 143  -179  100  )
( -36  96  69  )
( 84  -166  191  )
( -29  192  194  )
( 117  -71  50  )
( -45  -33  -193  )
( -198  7  -126  )
( 154  -116  87  )
( -166  -86  -43  )
( 91  -194  95  )
( 60  -88  166  )
( 109  -43  -35  )
( 174  -121  -87  )
( -115  92  -50  )
( -2  -51  66  )
( 126  83  28  )
( 156  -140  133  )
( 153  171  -54  )
( 87  -199  125  )
( -121  8  155  )
( -194  47  99  )
( -105  53  -169  )
( 34  -151  116  )
( -63  84  18  )
( 163  -53  38  )
( -170  121  -81  )
( -193  -45  136  )
( -47  -118  124  )
( -92  -22  130  )
( 121  -142  52  )
( 49  -157  -75  )
( 96  -142  -60  )
( -56  -91  -190  )
( -122  -173  148  )
( 105  149  13  )
( -91  0  -150  )
( 176  16  -33  )
( 106  -52  -27  )
( -54  9  -35  )
( -62  17  -161  )
( 128  -8  187  )
( 98  -120  -158  )
( -162  91  131  )
( -30  44  -17  )
( 23  126  -199  )
( -80  164  16  )
( -21  105  -187  )
( 47  187  -190  )
( 146  91  156  )
( -184  -99  54  )
( -42  -108  -5  )
( 34  -74  44  )
( -9  -109  -70  )
( -56  -162  -41  )
( -93  113  155  )
( -175  -162  198  )
( 9  20  71  )
( -176  -149  -44  )
( -7  -71  193  )
( -8  22  -70  )
( -61  43  90  )
( -100  14  -82  )
( -58  157  198  )
( 152  -171  46  )
( 127  -173  -5  )
( -65  161  131  )
( -52  -140  -150  )
( 37  -191  118  )
( -99  -62  165  )
( -37  32  196  )
( -99  85  18  )
( -63  178  158  )
( 166  24  -34  )
( -165  -66  -55  )
( -82  -22  -152  )
( 107  100  -13  )
( -158  -78  81  )
( 157  44  74  )
( -106  -58  105  )
( -147  -155  -43  )
( 49  -118  -153  )
( 18  -82  174  )
( -58  -145  147  )
( 190  38  -148  )
( -176  172  -43  )
( -175  43  -129  )
( 157  -62  101  )
( 53  102  -92  )
( -85  -109  42  )
( 104  133  -57  )
( 5  162  -32  )
( -65  155  -28  )
( -5  -162  58  )
( 186  -87  167  )
( -195  -83  169  )
( -151  187  -72  )
( 86  -61  59  )
( 3  -36  -181  )
( 62  146  -122  )
( -113  172  130  )
( 137  -165  164  )
( 51  -172  -73  )
( -167  -69  39  )
( -115  -199  -83  )
( -139  103  9  )
( 13  142  156  )
( -97  -191  -106  )
( 97  62  111  )
( -57  -127  89  )
( -112  39  -148  )
( -87  -35  -133  )
( -58  115  -178  )
( 69  64  -0  )
( 101  -180  91  )
( -3  -138  -186  )
( 161  109  32  )
( -8  135  114  )
( 172  34  192  )
( 136  170  121  )
( 128  -179  -110  )
( -162  -90  -182  )
( -26  -133  -177  )
( -79  -111  -23  )
( -24  146  -162  )
( -111  176  -38  )
( 167  16  -53  )
( -96  -178  -186  )
( -89  -98  -100  )
( 167  -94  184  )
( 103  -78  20  )
( 2  106  -164  )
( 44  -51  83  )
( 84  110  10  )
( 62  37  197  )
( -60  0  50  )
( 166  -108  86  )
( 63  -133  128  )
( 157  73  -21  )
( 167  147  155  )
( -98  43  -29  )
( 17  81  151  )
( 38  -151  -163  )
( -186  24  146  )
( 42  -60  58  )
( -115  -4  103  )
( -37  162  -142  )
( -168  -189  27  )
( 119  15  -107  )
( 87  -140  136  )
( -39  76  185  )
( 65  2  -0  )
( 105  146  91  )
( -87  -107  -184  )
( -69  -58  176  )
( 24  162  137  )
( 51  -164  -141  )
( 82  -132  93  )
( 178  71  -180  )
( -179  134  176  )
( 5  -127  -95  )
( 9  -75  151  )
( -193  51  -6  )
( -135  -38  -77  )
( -174  14  -163  )
( -101  -188  164  )
( -25  52  100  )
( -19  -157  -122  )
( -107  -72  69  )
( 75  3  -46  )
( -179  77  74  )
( 175  30  179  )
( -69  88  104  )
( -98  45  187  )
( 126  -191  -125  )
( 194  -126  2  )
( 197  92  -76  )
( 77  -168  -148  )
( 8  7  -118  )
( -186  -187  195  )
( -28  -168  -191  )
( 52  178  -194  )
( 97  -122  109  )
( 50  -36  175  )
( -10  -4  107  )
( -137  74  151  )
( -172  -1  -178  )
( 9  -114  130  )
( 173  -31  120  )
( 57  -79  196  )
( 19  -149  -159  )
( -35  88  -133  )
( -114  95  134  )
( -183  97  -178  )
( 170  66  21  )
( -111  -159  -60  )
( 169  64  153  )
( 176  95  142  )
( -64  137  193  )
( 70  84  -188  )
( -50  158  81  )
( -11  36  -85  )
( -13  193  -133  )
( 180  -159  -18  )
( 94  -146  179  )
( -145  -127  -6  )
( -9  145  -134  )
( 189  55  -194  )
( 189  118  -53  )
( -111  0  120  )
( -62  -106  -68  )
( -154  -91  157  )
( -43  133  163  )
( 11  8  90  )
( -149  -80  -16  )
( -63  119  168  )
( -35  -134  38  )
( 77  -55  51  )
( -172  -39  20  )
( 102  6  -155  )
( -123  -178  -139  )
( 199  -118  12  )
( -92  143  35  )
( 145  17  89  )
( 176  -97  -81  )
( -143  142  191  )
( -199  -149  121  )
( -195  171  -94  )
( 99  -109  84  )
( 15  -2  -93  )
( 137  -12  -45  )
( -161  -66  -94  )
( -155  -199  -165  )
( -181  155  -191  )
( -99  84  191  )
( 86  -5  -114  )
( -100  95  89  )
( 154  42  194  )
( 51  -137  84  )
( 135  -96  177  )
( -145  12  184  )
( -115  195  60  )
( -162  87  193  )
( 48  -60  -66  )
( -178  23  186  )
( 175  59  -136  )
( -166  8  -45  )
( 23  -111  -168  )
( 45  -141  -130  )
( 51  180  157  )
( -95  -34  112  )
( 73  57  49  )
( 60  -165  -154  )
( 145  -112  -172  )
( 166  -71  33  )
( -63  46  -112  )
( -198  176  -179  )
( 41  -110  -74  )
( -65  -3  -80  )
( -0  -146  -99  )
( 19  -42  -56  )
( -193  4  72  )
( 123  -54  -107  )
( 156  51  -179  )
( -118  13  -57  )
( 88  -42  -118  )
( -161  27  -3  )
( 150  98  -72  )
( 109  38  -147  )
( -195  49  111  )
( -139  196  -177  )
( -56  191  17  )
( 27  -162  -9  )
( -84  103  39  )
( -21  42  154  )
( -144  60  12  )
( 184  -106  107  )
( -89  -192  -90  )
( 49  106  -182  )
( 133  -39  40  )
( -0  182  -149  )
( -188  -12  -93  )
( 18  96  108  )
( 33  190  14  )
( -14  -70  -158  )
( 56  -170  30  )
( -169  -106  56  )
( 112  105  131  )
( -167  147  93  )
( 77  -102  -63  )
( 77  -111  -33  )
( -128  -94  29  )
( 123  -178  -133  )
( 97  -196  -126  )
( -74  -16  162  )
( -117  -97  -138  )
( 65  165  -127  )
( -115  -112  -191  )
( -197  192  -91  )
( 30  15  -60  )
( 173  178  -68  )
( -79  -37  197  )
( -83  -48  -151  )
( -38  -101  -44  )
( 151  -192  115  )
( -69  -28  164  )
( 7  45  -131  )
( 20  -148  -74  )
( 71  42  24  )
( 57  50  44  )
( -117  32  -191  )
( -41  -106  -119  )
( 52  70  -100  )
( -28  180  -19  )
( 112  -128  -164  )
( -149  -193  -37  )
( -191  -189  73  )
( 15  132  40  )
( -197  146  32  )
( -184  140  67  )
( -25  -14  -32  )
( -141  57  135  )
( -124  -73  13  )
( -117  59  -29  )
( 187  171  108  )
( 18  -145  -100  )
( 24  107  -177  )
( -18  153  -31  )
( -191  -85  -83  )
( 91  -39  132  )
( 83  165  147  )
( -20  -96  58  )
( -137  -123  -101  )
( 137  -196  118  )
( 192  164  -23  )
( -58  165  26  )
( 82  -44  80  )
( 29  -154  185  )
( 72  46  162  )
( 122  -111  -49  )
( 1  -155  73  )
( -8  -130  -193  )
( -31  182  169  )
( 21  130  -127  )
( -186  -139  194  )
( 190  -94  -158  )
( -56  -108  -136  )
( 106  76  131  )
( 199  -13  -28  )
( -193  197  90  )
( 73  22  -176  )
( 160  -23  7  )
( 181  -191  69  )
( -106  -132  152  )
( -138  -61  -144  )
( 85  -49  14  )
( -39  -150  -38  )
( 50  115  -120  )
( 162  57  -182  )
( 173  -19  81  )
( -179  128  -107  )
( 13  -55  -11  )
( 51  -29  -163  )
( 2  36  -121  )
