( 74  -78  -116  )
( 141  -164  42  )
( 196  38  68  )
( -127  -69  -121  )
( -51  82  160  )
( -28  -72  -116  )
( -119  -85  -109  )
( -55  122  -130  )
( 91  15  -188  )
( -28  185  -77  )
( 47  -65  53  )
( -181  37  -95  )
( 119  -22  -182  )
( -30  34  -150  )
( -118  152  75  )
( -75  137  -192  )
( 7  -139  -149  )
( 31  94  122  )
( -110  -132  -196  )
( -48  -10  -147  )
( 49  126  25  )
( 4  160  84  )
( -83  196  -32  )
( 190  -52  19  )
( -166  71  -88  )
( -132  3  -192  )
( 28  -174  131  )
( 198  85  158  )
( 47  -173  -77  )
( 196  -11  198  )
( 130  66  109  )
( 8  164  -139  )
( 174  -35  -53  )
( -49  -156  160  )
( 91  163  -129  )
( -13  186  48  )
( -61  109  -36  )
( -102  -141  111  )
( 193  17  191  )
( 65  -6  111  )
( -75  -183  -155  )
( -30  19  -59  )
( -181  159  75  )
( 125  -193  78  )
( -57  14  59  )
( -91  171  54  )
( -25  -136  10  )
( -131  -55  -165  )
( -47  1  -181  )
( -51  -106  50  )
( -41  -65  -136  )
( -171  -69  54  )
( 80  -184  -14  )
( -49  -15  88  )
( 56  -93  161  )
( 38  187  42  )
( -196  -127  150  )
( -158  -0  -185  )
( 107  -74  -193  )
( 195  -168  158  )
( 24  -156  51  )
( -45  -72  163  )
( -54  3  114  )
( 110  154  44  )
( 151  -94  168  )
( -7  -155  -2  )
( -139  -52  164  )
( 119  -183  27  )
( 189  169  -188  )
( -70  71  181  )
( 134  196  56  )
( -64  -182  130  )
( -123  170  97  )
( -118  -91  -60  )
( 101  121  -130  )
( -54  -71  -149  )
( 153  -68  -144  )
( -100  130  68  )
( -130  35  133  )
( -98  163  -38  )
( 122  -91  189  )
( -79  -98  28  )
( 132  78  -118  )
( -156  -127  55  )
( -49  -73  -105  )
( 44  63  -80  )
( 125  48  -8  )
( -128  26  181  )
( -122  126  137  )
( 59  -5  -102  )
( 47  -189  196  )
( 99  -10  13  )
( 136  -124  -36  )
( -117  28  100  )
( 178  -140  -120  )
( -170  36  -159  )
( -174  109  -140  )
( -156  158  129  )
( 175  -157  -39  )
( -65  -73  83  )
( 69  0  -33  )
( -60  -156  118  )
( -97  199  60  )
( -72  -160  100  )
( -154  -3  -70  )
( 160  123  -61  )
( 130  144  -79  )
( -76  140  106  )
( -151  134  -94  )
( 99  -155  -132  )
( 152  -23  -62  )
( 62  -155  37  )
( 25  145  37  )
( 88  80  136  )
( -19  32  -104  )
( -101  -31  57  )
( 22  -170  198  )
( -79  -50  -131  )
( -50  5  -92  )
( 87  26  -109  )
( 68  -177  121  )
( -27  162  -119  )
( -119  148  32  )
( -184  94  -150  )
( -194  87  105  )
( -0  -31  54  )
( 141  164  192  )
( -119  -39  32  )
( -5  -55  -92  )
( -186  -124  -52  )
( 12  198  -79  )
( -28  -180  70  )
( -18  69  160  )
( -38  -47  111  )
( 121  168  -96  )
( -7  69  173  )
( 89  119  148  )
( -125  168  -3  )
( -9  196  -33  )
( 188  -70  190  )
( 21  -165  -87  )
( -32  -60  198  )
( 58  -137  -15  )
( -52  23  -163  )
( -154  -117  176  )
( -144  -72  38  )
( -88  42  157  )
( 147  -53  -10  )
( -136  199  -155  )
( -30  190  -20  )
( -162  -89  -185  )
( -22  -44  7  )
( -87  -57  -58  )
( -186  196  8  )
( -36  38  -179  )
( 190  -8  20  )
( -130  -162  56  )
( -112  -182  92  )
( 117  173  93  )
( -169  -105  196  )
( 84  138  -89  )
( -107  -183  -49  )
( 45  -129  -93  )
( -121  -152  -9  )
( 0  -184  -59  )
( 44  -176  2  )
( -123  24  90  )
( -92  -96  -142  )
( -54  124  -84  )
( 21  110  -187  )
( -54  -112  -94  )
( 49  -104  -50  )
( 61  -56  1  )
( 184  20  -121  )
( 6  152  -42  )
( 83  -170  -8  )
( 71  150  -160  )
( 112  -173  -164  )
( 18  60  -21  )
( -154  86  113  )
( 96  193  98  )
( -192  -187  140  )
( 115  60  -104  )
( -72  5  11  )
( -102  133  -191  )
( 70  42  159  )
( 135  194  -29  )
( -157  115  49  )
( 67  -35  -49  )
( -131  -130  100  )
( 105  3  92  )
( 16  70  45  )
( -137  44  109  )
( 196  -100  -22  )
( -70  -33  23  )
( 98  175  12  )
( -132  157  8  )
( 14  -28  2  )
( 24  -129  -13  )
( 39  189  -55  )
( -136  -1  -151  )
( 153  -50  165  )
( 130  128  39  )
( 28  -34  -26  )
( -90  -168  103  )
( 153  -159  15  )
( 78  -127  58  )
( 194  -163  110  )
( -0  -193  -154  )
( 19  69  33  )
( -28  -96  12  )
( -28  -136  107  )
( -176  147  138  )
( -101  54  180  )
( -167  -94  -95  )
( -170  85  110  )
( -16  -50  -12  )
( -148  -121  -163  )
( 140  145  -199  )
( -58  -140  -117  )
( -121  -161  164  )
( 162  180  195  )
( -199  66  48  )
( 154  -0  -84  )
( 140  156  -7  )
( -97  -188  148  )
( -194  45  92  )
( -17  66  -159  )
( 6  143  137  )
( 109  173  -100  )
( -24  183  -172  )
( -36  -26  153  )
( -18  177  49  )
( 176  180  118  )
( -82  165  -192  )
( -120  140  128  )
( 65  -128  133  )
( -169  -183  189  )
( -63  -175  -29  )
( 99  -95  7  )
( -104  147  10  )
( 46  155  5  )
( -35  166  147  )
( 5  35  180  )
( -157  -168  -46  )
( 72  -39  -150  )
( 111  -121  -183  )
( 5  -14  188  )
( -172  159  -20  )
( -8  -194  122  )
( 12  -170  78  )
( -10  165  -78  )
( 132  28  -48  )
( 27  -61  -196  )
( 197  -107  -30  )
( 1  126  -102  )
( -185  -31  -157  )
( -112  -7  56  )
( -10  64  75  )
( 154  -7  -30  )
( -45  99  -178  )
( -55  -158  -180  )
( -19  0  179  )
( -171  -57  190  )
( -127  -4  168  )
( 131  -33  -57  )
( 197  -84  -57  )
( 121  -177  -20  )
( 160  -122  173  )
( -88  198  154  )
( -75  48  -112  )
( 81  86  -124  )
( 35  29  30  )
( -27  174  21  )
( -1  -122  -6  )
( 1  -124  77  )
( -22  -148  -68  )
( 90  -27  -7  )
( 45  79  -86  )
( 126  -105  -124  )
( -75  -37  95  )
( -26  1  -90  )
( -85  -13  -149  )
( 196  45  -185  )
( 24  -115  -163  )
( -165  -71  -66  )
( -19  165  79  )
( -198  -56  -146  )
( -90  -164  -183  )
( 36  162  7  )
( -173  -163  71  )
( 65  19  67  )
( -96  107  -83  )
( -36  -82  -19  )
( 78  -156  -155  )
( 35  -120  -186  )
( 60  43  -153  )
( 54  -134  -28  )
( 47  -166  -79  )
( -195  -64  172  )
( -123  39  94  )
( -159  -187  -17  )
( -49  -94  -2  )
( -148  -12  185  )
( -32  81  -53  )
( -103  -171  -43  )
( 172  -91  -109  )
( 90  -152  -15  )
( 12  -174  28  )
( 85  -112  -114  )
( 199  -129  -59  )
( 166  -136  156  )
( -105  57  -44  )
( 2  -64  -79  )
( -33  158  191  )
( -101  -189  -183  )
( -178  -102  -115  )
( -2  43  16  )
( -115  -198  -114  )
( 107  13  -70  )
( -187  131  -191  )
( -164  -96  55  )
( -182  113  -67  )
( 142  -145  -118  )
( 59  42  -126  )
( -22  184  175  )
( 17  44  28  )
( -51  -106  -99  )
( -171  -49  54  )
( 173  65  -137  )
( -12  -78  -96  )
( -162  -72  29  )
( -157  -32  138  )
( -187  117  -128  )
( 51  -157  -196  )
( 51  -141  -168  )
( -8  99  177  )
( -51  -49  -86  )
( 112  -109  137  )
( -76  -58  115  )
( -59  7  -15  )
( 187  124  77  )
( -152  11  -167  )
( -85  124  -92  )
( 29  -111  -131  )
( 132  129  -172  )
( -26  -115  -175  )
( 55  168  -7  )
( 129  107  89  )
( 139  132  -17  )
( 124  159  -158  )
( 173  62  107  )
( -19  195  -59  )
( -110  -125  4  )
( -98  193  113  )
( -58  -175  -36  )
( -121  191  32  )
( 75  12  -159  )
( -78  103  -61  )
( -181  38  -194  )
( -107  -187  -32  )
( 37  -104  -85  )
( -107  43  -55  )
( -53  -148  64  )
( -8  22  43  )
( -172  -2  53  )
( 181  -31  0  )
( 90  -120  -31  )
( 91  -154  -145  )
( 64  -10  -42  )
( -29  -129  35  )
( 68  0  -83  )
( 197  -17  -39  )
( -31  32  -107  )
( 184  -125  64  )
( -1  -65  52  )
( -59  110  128  )
( 57  -26  169  )
( 67  112  -82  )
( -170  -160  183  )
( -51  -189  -17  )
( -116  -160  178  )
( -174  -111  -44  )
( -192  73  -64  )
( -7  -8  -65  )
( 35  -68  104  )
( 49  138  -175  )
( -102  67  -36  )
( -192  40  54  )
( 163  -14  108  )
( 59  -12  86  )
( -80  43  160  )
( 112  16  143  )
( -134  16  74  )
( -58  -166  47  )
( 98  16  -68  )
( -22  -161  -125  )
( -101  -171  159  )
( -137  -16  -101  )
( 18  -96  -175  )
( -102  -189  -163  )
( 195  55  -90  )
( -134  -32  184  )
( -59  3  41  )
( -52  46  47  )
( -119  17  -45  )
( -22  -94  -105  )
( -106  -33  18  )
( -147  -127  55  )
( 58  -0  72  )
( -64  173  -156  )
( -195  -110  84  )
( 182  138  -125  )
( -92  -105  -10  )
( 53  62  86  )
( -10  72  195  )
( -4  -93  -191  )
( -59  -106  165  )
( 165  -65  48  )
( 22  -152  9  )
( 109  54  14  )
( 120  -135  64  )
( 69  -4  9  )
( -184  -73  190  )
( 74  -29  111  )
( 11  -88  -184  )
( -176  -80  195  )
( -198  148  -176  )
( -36  -148  -160  )
( 90  -152  -137  )
( -51  -77  -16  )
( -84  -155  -40  )
( -14  -40  25  )
( 170  -81  -57  )
( -57  176  105  )
( 93  -22  -8  )
( 126  -20  -137  )
( 48  8  180  )
( -43  -7  145  )
( -38  46  -149  )
( 54  17  -141  )
( -128  52  135  )
( 38  75  98  )
( 8  13  -167  )
( -21  178  28  )
( 9  99  182  )
( 105  29  -179  )
( 128  1  -124  )
( 164  -81  93  )
( 120  -88  198  )
( 75  -185  76  )
( -192  -57  174  )
( -51  111  150  )
( -104  11  -132  )
( 102  -85  -137  )
( 179  -131  -8  )
( 88  -103  143  )
( -4  -91  -128  )
( -183  142  20  )
( -9  176  -55  )
( -159  127  -9  )
( 154  25  54  )
( 5  62  -164  )
( -85  -119  -67  )
( 83  -23  19  )
( -82  -1  -72  )
( -140  -194  178  )
( -48  164  -141  )
( 148  158  116  )
( 80  -62  -59  )
( -131  -11  29  )
( -10  43  110  )
( 66  63  -146  )
( -21  10  93  )
( 67  -92  52  )
( 36  154  198  )
( -136  -171  -98  )
( -195  -179  -158  )
( 102  35  -52  )
( 125  -12  -94  )
( -23  -54  16  )
( -140  115  25  )
( 197  -139  -147  )
( -62  -61  182  )
( -167  -145  46  )
( -114  6  -53  )
( -135  94  5  )
( -58  175  43  )
( 167  -134  -10  )
( 117  156  -189  )
( -179  24  -101  )
( -29  75  141  )
( 167  -131  38  )
( 178  169  192  )
( 20  -161  -109  )
( 86  -33  -58  )
( 62  28  92  )
( -6  -1  -135  )
( -123  -59  -89  )
( -87  63  -17  )
( 72  -76  150  )
( 113  170  139  )
( -89  -115  6  )
( -126  -74  188  )
( -7  154  -54  )
( 62  122  -175  )
( 189  20  -198  )
( -31  80  71  )
( -189  -107  -186  )
( 70  41  79  )
( -186  116  50  )
( 161  -2  103  )
( 55  175  -130  )
( 24  -60  6  )
( 78  89  -112  )
( 152  198  -110  )
( 101  -121  -69  )
( 105  -57  -168  )
( -39  -82  149  )
( -73  161  92  )
( -12  -17  43  )
( 23  67  -158  )
( 56  -121  -97  )
( 159  -164  -183  )
( 191  -170  31  )
( 190  39  199  )
( 74  183  -8  )
( -114  -153  127  )
( -67  -70  -84  )
( -125  30  -185  )
( -169  -31  105  )
( -110  196  -158  )
( -32  -17  169  )
( -99  -80  -20  )
( -29  -95  -104  )
( -171  167  73  )
( 21  -184  -135  )
( 21  152  103  )
( 5  168  -107  )
( -28  -112  167  )
( -145  148  125  )
( 88  111  13  )
( 94  42  -62  )
( -122  23  -77  )
( -33  32  -38  )
( 156  -145  90  )
( 29  -154  37  )
( 141  -44  84  )
( -98  65  -63  )
( 81  -136  161  )
( 95  135  -108  )
( 180  146  -98  )
( -123  163  -4  )
( -161  -182  -40  )
( 185  -19  11  )
( 112  67  127  )
( 180  -125  -195  )
( 52  86  -104  )
( 166  -117  -170  )
( 36  31  -9  )
( 87  57  -51  )
( 144  -123  -197  )
( -22  -57  28  )
( -101  -48  -109  )
( -101  -68  -175  )
( 119  -172  192  )
( -84  42  67  )
( 51  -119  170  )
( -180  -45  40  )
( -105  -146  63  )
( -111  -165  85  )
( -183  147  165  )
( -190  -123  79  )
( -82  78  174  )
( -141  -168  -24  )
( -134  122  -194  )
( -89  -71  137  )
( 134  182  128  )
( -165  -71  63  )
( 151  70  -33  )
( 89  78  6  )
( 66  -121  149  )
( 84  150  -125  )
( -146  -19  106  )
( 156  -9  -131  )
( 176  -111  90  )
( -93  167  18  )
( -28  103  168  )
( -70  26  165  )
( -184  -56  31  )
( 148  -156  -86  )
( -27  -193  138  )
( 71  -104  -85  )
( -133  -50  185  )
( -102  -82  84  )
( 154  -177  159  )
( -65  36  29  )
( 168  -124  -142  )
( 11  -33  -24  )
( -34  87  -107  )
( 34  -11  159  )
( 161  -157  -107  )
( -74  -118  70  )
( -132  -30  148  )
( 114  103  48  )
( 90  -197  190  )
( 10  -94  -24  )
( -169  14  -24  )
( 199  160  136  )
( 94  14  107  )
( 51  -131  -25  )
( 174  52  -180  )
( -18  -23  -52  )
( -158  -119  -64  )
( 26  -108  135  )
( 145  6  20  )
( 64  29  -188  )
( 147  -3  170  )
( 159  -60  -89  )
( -0  -81  122  )
( 170  100  -175  )
( -62  -91  51  )
( -24  -117  -28  )
( -59  147  125  )
( 139  123  178  )
( -193  147  -37  )
( -159  143  -3  )
( 100  -110  -198  )
( -196  -129  -162  )
( -39  -42  -138  )
( 171  32  173  )
( -180  82  -77  )
( 21  146  50  )
( 196  -84  28  )
( -58  0  142  )
( 54  145  152  )
( 196  -39  -151  )
( -191  106  -58  )
( -29  -126  -191  )
( 26  -180  121  )
( -3  41  -188  )
( 152  -146  4  )
( -113  121  -54  )
( 124  -23  145  )
( 163  -130  -101  )
( -41  -142  29  )
( 108  -193  -162  )
( -157  -185  43  )
( 115  51  -167  )
( 195  6  -5  )
( 109  180  -141  )
( -128  -165  86  )
( 78  87  16  )
( 1  38  108  )
( -179  -26  -88  )
( -147  -161  160  )
( -152  34  181  )
( -152  1  -92  )
( -59  29  -4  )
( 57  -183  33  )
( -36  18  168  )
( 137  90  -159  )
( -41  30  125  )
( -187  -3  49  )
( -174  -33  -43  )
( -117  196  9  )
( -167  -47  45  )
( 124  -129  143  )
( -178  158  -3  )
( 2  159  -91  )
( 37  33  -18  )
( 74  89  52  )
( -82  55  -84  )
( -195  71  -184  )
( -33  -78  160  )
( 67  -2  17  )
( -62  -152  134  )
( 195  121  -2  )
( 190  125  64  )
( 12  102  172  )
( -169  -76  -64  )
( 47  43  36  )
( -135  156  4  )
( 45  48  61  )
( -98  -125  3  )
( 59  28  -113  )
( 65  -35  -185  )
( -167  -19  -112  )
( -65  -191  -113  )
( -163  -42  28  )
( 105  87  -116  )
( -9  129  146  )
( 174  -124  132  )
( 187  -137  -92  )
( -25  -84  -173  )
( 71  12  101  )
( 142  -84  162  )
( -118  97  137  )
( -199  191  -119  )
( 120  -39  47  )
( -60  -19  -195  )
( -190  -83  162  )
( -45  186  -194  )
( 130  -150  -147  )
( -58  165  -87  )
( 39  99  -110  )
( -26  155  -23  )
( 189  -66  -173  )
( 6  -143  120  )
( -63  -75  -59  )
( 122  25  93  )
( -160  44  156  )
( 28  -64  84  )
( -189  9  98  )
( 64  132  130  )
( 121  -46  -166  )
( 7  120  21  )
( 145  -168  37  )
( -17  -54  -155  )
( 176  179  160  )
( 165  -47  44  )
( -120  -176  150  )
( 155  -16  61  )
( 21  126  -82  )
( 94  -36  -23  )
( -14  144  182  )
( -196  -8  189  )
( 154  34  -2  )
( -49  -81  -39  )
( -5  146  -134  )
( 30  -186  162  )
( 175  67  48  )
( -75  50  -39  )
( -34  42  40  )
( 137  129  13  )
( 11  65  72  )
( 146  -153  9  )
( -43  -140  -118  )
( 61  126  -44  )
( -38  -175  -173  )
( -121  199  192  )
( 166  53  152  )
( -162  33  196  )
( 30  -34  32  )
( 160  -170  -100  )
( 4  -151  67  )
( -42  185  -6  )
( 117  188  17  )
( 195  -183  27  )
( 52  196  115  )
( -1  -68  109  )
( -187  58  -71  )
( 142  -32  -143  )
( 126  -112  70  )
( -74  189  70  )
( 153  -109  41  )
( -33  92  -123  )
( -165  -5  -140  )
( 138  162  -94  )
( -195  -193  -136  )
( 79  15  -112  )
( 130  -118  182  )
( 181  -118  131  )
( 160  -161  83  )
( 191  -178  -157  )
( 83  -80  -64  )
( 33  173  27  )
( -67  62  61  )
( 152  -65  -123  )
( 138  151  -197  )
( 184  56  -117  )
( 160  58  41  )
( 188  36  15  )
( -21  53  -37  )
( -28  -78  -163  )
( -135  -70  93  )
( -187  18  2  )
( -3  62  174  )
( -83  137  165  )
( -110  -103  70  )
( -170  38  -178  )
( 119  -19  -114  )
( -107  -188  -197  )
( 42  -152  -47  )
( -77  -34  -44  )
( 182  198  40  )
( -31  -72  180  )
( 109  30  -177  )
( -60  -199  -176  )
( 96  -26  -110  )
( 53  168  -182  )
( 29  -77  -191  )
( -31  109  -101  )
( -27  -80  -107  )
( 97  196  153  )
( -145  -47  194  )
( 192  -147  -5  )
( 20  -150  -109  )
( -139  122  175  )
( 12  -167  -158  )
( 151  48  107  )
( -183  4  191  )
( -111  17  -95  )
( -83  64  35  )
( 130  168  19  )
( 78  -76  -36  )
( 156  -73  -127  )
( -29  -167  27  )
( -99  177  -136  )
( 67  -40  -74  )
( -106  -95  84  )
( -175  -17  -1  )
( 184  -179  112  )
( 119  20  72  )
( -182  197  167  )
( -143  181  -50  )
( 52  21  -132  )
( 4  124  107  )
( -73  -53  -28  )
( 28  -2  -54  )
( -117  185  -107  )
( -36  136  144  )
( 14  168  78  )
( 86  -28  -170  )
( 167  46  -61  )
( 121  -167  122  )
( 156  -163  -110  )
( 2  -107  -134  )
( 35  11  77  )
( -92  154  130  )
( 54  153  59  )
( 139  -14  114  )
( -33  -34  -79  )
( -110  29  35  )
( 189  191  -155  )
( -105  -165  100  )
( 88  184  -174  )
( -88  6  114  )
( 74  -117  -19  )
( 198  -65  145  )
( -178  -38  115  )
( -154  -34  -64  )
( 55  -35  81  )
( -83  -95  -15  )
( -71  123  -18  )
( -178  191  131  )
( -87  186  19  )
( 16  6  187  )
( 146  -85  22  )
( -12  -105  -78  )
( 30  -41  104  )
( 27  -197  9  )
( -8  140  -13  )
( 40  -8  47  )
