( 130  146  -60  )
( 112  146  -64  )
( 41  -193  -15  )
( 89  -140  -4  )
( -113  -50  103  )
( 170  96  171  )
( 147  -188  -128  )
( -128  -85  -139  )
( 18  -45  -124  )
( 35  117  -21  )
( -197  144  47  )
( -28  95  23  )
( -110  165  -37  )
( 83  138  -85  )
( -154  145  5  )
( 9  -93  84  )
( -85  -45  197  )
( 61  -146  -38  )
( -144  162  -56  )
( -26  44  -198  )
( -141  139  30  )
( -60  186  -166  )
( 134  142  -116  )
( -82  70  27  )
( -178  13  -53  )
( -137  185  -8  )
( -138  67  -2  )
( 187  -123  77  )
( -180  64  58  )
( 13  34  -78  )
( -22  -38  -171  )
( 183  104  79  )
( -43  -153  -59  )
( 141  97  105  )
( 123  117  128  )
( -82  -105  -130  )
( -174  65  -63  )
( 118  -176  132  )
( 119  -131  -37  )
( 80  -123  132  )
( 26  -169  -37  )
( 184  150  -127  )
( 168  -197  -26  )
( 54  -168  -120  )
( 176  -93  127  )
( -191  130  -143  )
( 108  -182  109  )
( 11  88  -145  )
( 91  -31  -120  )
( 154  94  -159  )
( -104  -135  -83  )
( 107  66  181  )
( -152  -198  -194  )
( -60  78  -6  )
( -169  -50  -168  )
( -31  -170  -87  )
( 110  -95  -66  )
( -147  161  -119  )
( 97  -78  -5  )
( 30  135  140  )
( 28  75  -31  )
( 107  -111  -18  )
( 78  -129  21  )
( 24  -48  177  )
( 90  109  148  )
( 119  9  99  )
( -152  -40  118  )
( -19  61  172  )
( 148  -41  -18  )
( 87  -160  128  )
( -50  -100  120  )
( 150  -190  -51  )
( 35  -109  -86  )
( -165  -132  -39  )
( -132  -172  -78  )
( -10  41  96  )
( 40  -130  -194  )
( -52  96  -151  )
( -159  179  -194  )
( -109  -88  197  )
( 162  -22  93  )
( 88  11  103  )
( 40  -171  69  )
( 118  61  -174  )
( -175  193  -195  )
( -61  -48  148  )
( -118  63  -165  )
( -54  104  39  )
( -65  199  128  )
( 110  -112  111  )
( -87  149  -101  )
( -94  -16  -105  )
( -83  88  -155  )
( -0  24  140  )
( -176  -154  43  )
( -41  154  110  )
( 156  161  -135  )
( 116  79  72  )
( 6  47  110  )
( 133  -157  154  )
( 94  -143  -106  )
( 67  -173  52  )
( -171  79  -188  )
( 41  -128  -183  )
( -49  3  -7  )
( -26  -164  185  )
( -34  187  -23  )
( 149  92  -31  )
( -168  -6  -86  )
( 126  87  -67  )
( -107  -40  19  )
( -10  -111  -96  )
( 12  -67  47  )
( -15  -114  -122  )
( 45  106  -49  )
( -82  -142  33  )
( 112  -113  -103  )
( -151  110  113  )
( 132  -184  -31  )
( 100  -92  38  )
( 47  -139  108  )
( -153  68  -15  )
( 147  10  -93  )
( -187  43  -41  )
( 132  127  -67  )
( 149  -8  32  )
( 69  145  109  )
( 39  69  -33  )
( 0  11  -69  )
( -10  -163  -187  )
( 52  50  -156  )
( -74  3  181  )
( 167  149  -144  )
( 33  -32  70  )
( -53  174  -177  )
( 115  151  89  )
( -58  41  43  )
( -57  36  -47  )
( -49  -82  21  )
( 64  107  -142  )
( -118  98  -111  )
( 157  118  68  )
( 95  3  -171  )
( -12  22  -164  )
( -187  -19  -110  )
( 18  100  131  )
( 47  110  79  )
( -157  -25  -62  )
( -133  -117  125  )
( -41  123  -195  )
( 93  -63  187  )
( 64  16  49  )
( 134  -164  -106  )
( 40  159  30  )
( 161  -58  46  )
( 18  194  41  )
( 154  -198  39  )
( -175  -3  -148  )
( -72  58  69  )
( 115  17  188  )
( -15  -23  90  )
( -146  -69  32  )
( -34  98  -181  )
( -171  8  -185  )
( -148  -2  -102  )
( 199  -158  -62  )
( 118  -23  72  )
( 96  -112  127  )
( 2  123  92  )
( 171  100  36  )
( -172  21  93  )
( 75  -125  -25  )
( -81  171  -197  )
( -70  99  77  )
( -98  145  -104  )
( -91  -36  -184  )
( -28  160  39  )
( 161  153  7  )
( -83  3  -111  )
( 18  112  8  )
( -136  -25  -105  )
( 180  163  195  )
( -123  -17  -197  )
( 120  -129  -34  )
( 5  4  -69  )
( -158  -168  89  )
( -141  -147  104  )
( 118  79  97  )
( -139  78  23  )
( -123  96  -90  )
( 132  187  -197  )
( 67  77  129  )
( -111  128  -11  )
( -16  62  199  )
( -161  147  93  )
( 20  -62  -51  )
( 13  -127  3  )
( 45  168  -114  )
( 9  -28  -1  )
( -91  -153  -2  )
( -73  188  103  )
( -34  -123  -9  )
( 167  10  -75  )
( 75  199  180  )
( -100  25  155  )
( -42  -118  -143  )
( -132  45  69  )
( -191  -143  167  )
( -24  -44  29  )
( -61  137  -102  )
( 114  138  -197  )
( -152  -163  -126  )
( 3  -126  -12  )
( -2  44  -53  )
( -16  -104  89  )
( -24  62  150  )
( -120  159  -41  )
( 119  -4  -136  )
( 107  137  -51  )
( -199  -121  165  )
( -146  -194  -103  )
( 48  -178  23  )
( -126  -128  31  )
( -77  -122  15  )
( -144  -18  140  )
( 66  -189  -15  )
( 174  139  7  )
( -101  65  179  )
( -56  -55  -39  )
( 128  -85  134  )
( 192  -42  145  )
( -175  -85  130  )
( 72  124  -199  )
( -44  196  -174  )
( -139  14  -75  )
( 55  -184  67  )
( 80  -28  -191  )
( 9  -3  199  )
( -2  -41  1  )
( -149  -182  29  )
( 92  113  -163  )
( 176  -11  185  )
( 39  -136  44  )
( -149  -104  -59  )
( -92  102  81  )
( -81  -3  -186  )
( 132  10  110  )
( 57  -151  56  )
( 125  8  -99  )
( 181  183  -123  )
( -64  -142  -76  )
( -183  -89  -148  )
( -188  -13  137  )
( 138  150  -149  )
( -193  55  -22  )
( 97  -49  -179  )
( 133  -16  130  )
( 151  93  -144  )
( -34  -167  -169  )
( 99  -122  -11  )
( -171  -2  42  )
( -104  161  -62  )
( -15  -6  154  )
( 132  -190  130  )
( 62  96  166  )
( -37  197  196  )
( -16  -53  26  )
( -71  103  -124  )
( 64  25  -100  )
( -80  33  22  )
( 64  -106  12  )
( -40  118  -80  )
( 71  -109  64  )
( 77  76  21  )
( 171  -95  -21  )
( 63  -155  -47  )
( 194  113  -43  )
( -38  -162  -173  )
( -26  -45  -107  )
( -183  101  -91  )
( -137  -197  133  )
( -30  -189  180  )
( 190  -110  -73  )
( -1  -159  57  )
( 119  -7  -141  )
( -199  128  190  )
( -169  -89  -64  )
( -81  166  2  )
( 170  98  -78  )
( 146  -140  -119  )
( 91  -83  191  )
( 196  -5  -153  )
( 111  -6  -169  )
( -61  -199  -5  )
( -62  131  199  )
( 18  128  -138  )
( 121  -54  141  )
( 171  191  13  )
( -171  -93  167  )
( -147  181  -117  )
( -122  31  -149  )
( -9  -117  -84  )
( -172  8  135  )
( 167  -80  -1  )
( -169  -18  -121  )
( -26  164  37  )
( 168  -146  -82  )
( -27  -96  -91  )
( 27  -59  20  )
( -64  -26  147  )
( -188  -45  -142  )
( -88  -17  -106  )
( 162  54  -37  )
( -174  -64  156  )
( 160  10  107  )
( 20  -29  54  )
( 18  -131  -128  )
( 39  -192  -16  )
( 24  194  -37  )
( -71  162  184  )
( -101  -94  -9  )
( 98  12  -7  )
( 153  -118  -121  )
( -9  183  -14  )
( 171  64  180  )
( 176  -6  177  )
( -45  94  -43  )
( 70  -68  189  )
( 5  -197  -58  )
( -8  -159  -90  )
( -28  -17  62  )
( 162  -7  -133  )
( -112  157  24  )
( 14  -87  16  )
( 39  96  182  )
( -166  49  126  )
( -34  121  47  )
( -178  71  -138  )
( 4  3  -113  )
( -81  21  82  )
( 7  -181  138  )
( -177  -101  -116  )
( 136  194  -100  )
( -19  145  197  )
( -181  167  -62  )
( 58  -98  146  )
( 79  -89  69  )
( 95  15  97  )
( -188  199  162  )
( -53  -197  -190  )
( -134  -27  38  )
( 46  165  -58  )
( 3  178  90  )
( -24  2  -66  )
( -100  -190  189  )
( 165  -9  81  )
( -79  145  100  )
( -118  132  50  )
( 92  153  21  )
( -148  -196  -47  )
( 61  -19  106  )
( 159  -42  -178  )
( -59  -53  -86  )
( 129  -71  -8  )
( -175  -174  121  )
( -59  80  -83  )
( -137  -110  139  )
( -178  -156  -153  )
( -178  -105  -49  )
( -108  -99  14  )
( -93  -139  30  )
( -35  81  -49  )
( 32  2  -54  )
( 148  138  -136  )
( -118  -101  92  )
( -195  155  146  )
( 167  35  -75  )
( 146  -51  17  )
( -114  -122  -53  )
( 85  133  61  )
( -71  -116  -73  )
( 89  101  23  )
( -179  -107  80  )
( -182  -4  130  )
( 123  99  -102  )
( -4  -138  5  )
( -51  -172  14  )
( -144  -98  -87  )
( 168  130  191  )
( -0  160  73  )
( 77  154  33  )
( 74  -151  118  )
( 142  64  -165  )
( -65  -81  -28  )
( 6  -59  181  )
( 35  115  -116  )
( -5  -130  -66  )
( 198  -43  -181  )
( 148  105  -170  )
( 106  -20  -64  )
( -199  -46  141  )
( -138  93  -109  )
( -189  -192  -11  )
( 102  -110  61  )
( 189  -154  103  )
( 29  -23  -4  )
( 1  -29  -127  )
( -175  13  103  )
( 41  58  127  )
( -85  108  -178  )
( -14  -19  -161  )
( -50  163  172  )
( -38  157  -103  )
( -99  -154  -112  )
( 75  33  -12  )
( -167  74  -51  )
( 138  100  -142  )
( -98  60  10  )
( 177  165  70  )
( -60  22  -86  )
( -53  -31  29  )
( 120  136  -4  )
( -18  -164  93  )
( -147  169  66  )
( 96  -46  -138  )
( 139  -7  107  )
( 183  30  112  )
( -23  34  180  )
( -197  -36  -134  )
( 188  -68  -180  )
( 47  15  31  )
( -16  -135  -146  )
( 173  2  -183  )
( 187  -36  76  )
( -68  -96  139  )
( 107  -130  -91  )
( 3  199  81  )
( 27  177  61  )
( -134  -67  13  )
( -61  -36  143  )
( -155  -159  35  )
( -138  -72  37  )
( -63  -76  64  )
( -70  31  32  )
( 150  69  -143  )
( 83  100  -186  )
( -189  84  -131  )
( 160  -135  -1  )
( -32  196  -18  )
( 122  43  100  )
( 100  -75  -5  )
( 190  -137  6  )
( -199  -198  -135  )
( -10  -195  105  )
( 59  -55  -177  )
( -98  -33  -133  )
( -125  -161  -68  )
( -19  -140  -158  )
( 56  -88  129  )
( -55  -116  35  )
( -65  -155  140  )
( 187  -112  153  )
( 199  -109  119  )
( -41  -120  5  )
( 73  -124  -173  )
( -19  92  -55  )
( 112  -82  20  )
( 156  -0  24  )
( -184  -69  176  )
( -142  64  -173  )
( -21  158  81  )
( -64  148  -78  )
( -174  105  173  )
( 0  114  132  )
( 10  -44  4  )
( 90  -92  -30  )
( -12  -43  -72  )
( 183  -87  69  )
( 34  -78  59  )
( -73  44  10  )
( 145  172  194  )
( -0  -101  -188  )
( 125  -145  136  )
( -73  72  -50  )
( -169  -118  159  )
( 99  -179  -8  )
( -156  -39  96  )
( -12  125  129  )
( -85  -35  -153  )
( 8  -23  -72  )
( 160  -39  78  )
( -6  -51  2  )
( 130  152  -52  )
( 21  160  -78  )
( -100  -123  -93  )
( 168  187  -115  )
( -149  -19  114  )
( -27  -160  57  )
( 135  -71  161  )
( 107  17  -69  )
( 17  153  178  )
( -10  197  36  )
( 21  8  195  )
( -193  -4  -169  )
( 109  -48  175  )
( -57  137  -107  )
( 4  41  6  )
( 117  87  -58  )
( -42  -32  84  )
( -46  -153  100  )
( 23  -64  -62  )
( 150  81  -156  )
( 71  -48  67  )
( 144  117  -65  )
( 160  -70  7  )
( -65  74  -50  )
( -146  -193  -5  )
( -123  -1  -64  )
( -173  -182  21  )
( 97  -141  -61  )
( -105  154  -6  )
( 71  86  -170  )
( -23  51  -135  )
( 60  -58  -54  )
( -153  63  36  )
( 14  -116  -28  )
( 168  -50  -141  )
( 8  121  170  )
( -21  10  106  )
( -183  -7  -1  )
( 165  0  103  )
( 11  -74  107  )
( -134  158  173  )
( 174  79  157  )
( -63  -55  139  )
( 138  -186  -114  )
( -181  -103  -45  )
( 80  52  -175  )
( -170  43  -139  )
( -19  -27  162  )
( -158  -15  139  )
( 133  -65  111  )
( 100  -87  -145  )
( -101  79  -106  )
( 54  -20  -192  )
( 89  -84  66  )
( 42  190  141  )
( 50  27  127  )
( 19  -186  119  )
( 45  -135  -126  )
( -15  112  139  )
( -11  64  82  )
( 100  106  -116  )
( 87  -180  -32  )
( -0  -74  -158  )
( 130  -172  -157  )
( -93  -196  112  )
( 43  11  192  )
( -151  184  97  )
( 41  -34  171  )
( 177  45  -12  )
( -185  -29  -58  )
( 57  172  46  )
( 40  166  199  )
( -40  -82  122  )
( -35  129  10  )
( 51  -83  185  )
( -123  19  85  )
( 133  -119  137  )
( -141  -73  -2  )
( -186  -78  122  )
( 90  -32  80  )
( 83  21  -55  )
( 39  111  144  )
( 21  -152  -88  )
( 120  -23  -82  )
( 192  54  -44  )
( 174  -114  -89  )
( -0  -89  -79  )
( 97  47  89  )
( -188  -152  40  )
( -84  -58  -0  )
( -53  16  -127  )
( -48  -23  187  )
( -35  -149  -57  )
( 71  -44  -11  )
( -105  7  107  )
( 195  85  45  )
( 83  15  186  )
( 16  170  -119  )
( -72  74  36  )
( 199  31  -71  )
( -159  -56  -42  )
( -185  -162  -71  )
( 101  194  26  )
( -47  30  122  )
( 191  147  -45  )
( 99  18  -53  )
( 35  102  -101  )
( -144  -50  199  )
( -167  -91  -95  )
( -95  138  -28  )
( -80  -3  97  )
( -47  -35  -48  )
( -26  -52  51  )
( -94  141  132  )
( 100  -77  -156  )
( 139  107  -177  )
( 92  56  -21  )
( -118  32  22  )
( 176  150  160  )
( -90  12  -103  )
( -194  29  97  )
( 38  -55  -194  )
( -64  -41  -181  )
( -17  148  -60  )
( -1  133  -40  )
( 13  -171  169  )
( 175  -55  -2  )
( 185  98  11  )
( 193  104  117  )
( -186  -83  89  )
( 54  29  -132  )
( -70  67  -120  )
( -54  76  -22  )
( -184  63  -15  )
( -163  -62  -47  )
( -86  -169  93  )
( -132  66  157  )
( 20  -63  -77  )
( 16  43  -20  )
( 68  -98  17  )
( -49  42  -55  )
( -120  -72  126  )
( 82  -152  159  )
( -43  -65  69  )
( -10  -125  84  )
( 160  -158  175  )
( 10  17  -4  )
( -14  199  -161  )
( 116  -163  -192  )
( -72  -188  96  )
( -185  -59  -148  )
( 89  182  161  )
( -105  -118  -185  )
( -150  109  70  )
( -52  105  -107  )
( -10  126  -27  )
( 126  -80  -184  )
( -148  -37  -153  )
( -41  -124  -1  )
( -39  92  157  )
( -51  109  -38  )
( 139  -141  -171  )
( -10  110  69  )
( -67  188  155  )
( -92  118  -35  )
( 82  -197  4  )
( 82  -148  -35  )
( -147  -27  142  )
( -7  -25  82  )
( 83  10  48  )
( 6  -68  -151  )
( 66  19  147  )
( -138  123  -192  )
( -5  -172  37  )
( 170  20  76  )
( -10  -61  36  )
( 19  -108  31  )
( -45  -92  56  )
( -163  -180  -91  )
( -187  -59  -168  )
( -157  -134  19  )
( -120  47  133  )
( -93  150  112  )
( 193  167  -113  )
( -150  -169  -57  )
( 84  -123  -5  )
( -90  -32  -152  )
( -73  68  60  )
( 58  -121  102  )
( -149  -173  147  )
( -185  112  58  )
( 185  124  -121  )
( 175  57  -40  )
( -32  -163  58  )
( 195  -0  -29  )
( -12  -67  3  )
( -162  44  0  )
( 132  195  -176  )
( 79  -159  -87  )
( -60  67  111  )
( -154  193  -83  )
( 66  162  95  )
( -80  90  140  )
( 80  -147  -82  )
( 188  178  186  )
( 174  25  -188  )
( -190  16  -176  )
( -32  3  -82  )
( -182  44  -180  )
( -92  -174  56  )
( -54  154  -72  )
( -118  -110  -133  )
( 170  130  -68  )
( 96  71  197  )
( -58  31  -132  )
( -33  90  101  )
( 33  62  -131  )
( -175  -78  -87  )
( -171  181  186  )
( -173  78  68  )
( 106  32  -177  )
( -182  -160  80  )
( -77  104  34  )
( -160  88  94  )
( -43  69  6  )
( 37  -158  118  )
( 22  137  115  )
( 160  -173  187  )
( 103  15  48  )
( 50  -77  19  )
( -42  134  154  )
( -49  183  52  )
( -88  -68  -197  )
( -69  163  -150  )
( 29  30  196  )
( 98  -168  14  )
( -96  57  101  )
( 94  39  72  )
( -127  198  -150  )
( -18  -199  -22  )
( -152  74  -125  )
( -5  99  10  )
( 166  186  104  )
( -82  -76  184  )
( 76  -0  67  )
( -79  176  -111  )
( -106  118  192  )
( 151  163  103  )
( -151  188  -105  )
( -2  -144  142  )
( 179  -146  157  )
( -54  155  88  )
( -84  -60  -71  )
( 107  -13  -10  )
( 84  -10  18  )
( -83  17  191  )
( -50  -84  -4  )
( 135  197  -45  )
( 79  77  -187  )
( -58  -142  16  )
( -11  70  -67  )
( -3  -77  -69  )
( -72  -90  -122  )
( 198  -15  136  )
( 47  160  56  )
( 51  153  125  )
( -99  -108  129  )
( 155  -194  -40  )
( 39  174  138  )
( 194  -101  146  )
( -25  117  3  )
( -98  126  -159  )
( 41  -103  -160  )
( 199  8  96  )
( 2  10  56  )
( 78  -47  -86  )
( -57  -96  -144  )
( 74  -122  127  )
( 171  81  152  )
( -42  -66  157  )
( -85  -17  98  )
( -183  25  66  )
( -184  -172  134  )
( -95  -174  -198  )
( -129  -101  -70  )
( 16  -196  -140  )
( 9  188  153  )
( -36  -84  -77  )
( -88  -152  -97  )
( 110  -55  20  )
( -108  106  -199  )
( -162  120  -49  )
( 135  28  -148  )
( 170  -159  -52  )
( -59  58  188  )
( 1  135  -193  )
( 140  14  -60  )
( 193  191  183  )
( -190  165  15  )
( 195  -21  -169  )
( -160  167  -99  )
( 10  -131  -167  )
( 89  -12  -130  )
( 80  -37  -163  )
( -52  -81  87  )
( 178  -34  -83  )
( 157  127  118  )
( 155  -87  -32  )
( 53  -55  104  )
( 138  -158  123  )
( 181  -56  39  )
( -61  188  -180  )
( 101  146  117  )
( -44  -184  -177  )
( 67  141  99  )
( 98  -177  57  )
( 52  -189  27  )
( 44  127  40  )
( 67  48  -165  )
( -178  -174  122  )
( -133  -23  148  )
( -105  104  45  )
( -188  -169  69  )
( 126  104  160  )
( -38  -155  -166  )
( -18  -152  -154  )
( 70  -116  -67  )
( -71  111  96  )
( 81  -30  -126  )
( -82  30  32  )
( 135  159  -46  )
( 164  143  -168  )
( 112  119  -193  )
( -99  -196  91  )
( 85  -103  150  )
( 101  -196  195  )
( -143  -171  36  )
( -96  -60  -47  )
( 122  -100  95  )
( -24  149  -70  )
( 139  89  -189  )
( 81  -192  -59  )
( 52  -167  -123  )
( -177  185  -133  )
( -96  -89  -109  )
( -118  -99  -1  )
( -83  59  -64  )
( -7  -124  160  )
( 194  13  190  )
( -105  -139  -42  )
( -46  -63  108  )
( 9  31  158  )
( 159  -139  -93  )
( -145  137  -124  )
( 102  -136  -32  )
( -142  182  -166  )
( 47  73  155  )
( 151  172  122  )
( 4  174  -24  )
( -189  69  157  )
( 176  -163  -40  )
( 198  121  13  )
