( -120  148  -33  )
( 69  72  -2  )
( -159  185  -111  )
( -164  -95  -193  )
( 139  -197  163  )
( 105  -34  -158  )
( 129  -112  -88  )
( -163  184  173  )
( 175  0  -43  )
( 136  176  -161  )
( -92  -88  -52  )
( -94  170  130  )
( -86  124  40  )
( -162  -115  -152  )
( 42  20  33  )
( 141  -113  -195  )
( 56  188  -26  )
( 16  -65  -64  )
( 70  191  -160  )
( -48  -20  100  )
( 148  -106  -79  )
( -11  188  -12  )
( 171  -150  -199  )
( 65  -49  -153  )
( 108  69  -161  )
( 160  48  129  )
( -95  75  40  )
( -41  -112  -174  )
( 115  91  170  )
( 81  -69  -184  )
( -7  75  -37  )
( -17  -41  -124  )
( 38  -114  -42  )
( 184  58  -28  )
( 157  -66  183  )
( -68  199  66  )
( -117  47  -49  )
( -189  3  197  )
( 29  82  178  )
( 122  153  79  )
( 176  121  -11  )
( 123  -165  -105  )
( 134  -186  66  )
( -11  -157  34  )
( 128  -31  118  )
( 61  -163  80  )
( 89  80  185  )
( -54  18  37  )
( 32  121  -19  )
( 35  186  34  )
( 25  48  -40  )
( 7  -126  -91  )
( -154  190  83  )
( -198  178  116  )
( 165  -76  132  )
( 72  -103  2  )
( 181  -104  155  )
( 41  64  17  )
( 7  193  40  )
( 7  -71  129  )
( -158  60  -167  )
( -79  108  65  )
( -123  -34  38  )
( -141  71  113  )
( -144  198  -73  )
( 168  -56  -114  )
( 187  167  -154  )
( 123  -17  26  )
( -115  -110  -192  )
( -106  -122  57  )
( 22  49  -78  )
( -157  -11  61  )
( 164  182  138  )
( 30  133  -198  )
( 150  86  171  )
( -3  144  -194  )
( 106  156  136  )
( 28  -66  -109  )
( 35  198  115  )
( -29  170  -5  )
( -156  -198  109  )
( 139  -137  52  )
( -152  69  -4  )
( -141  24  -31  )
( -6  -87  82  )
( -137  -183  161  )
( -133  185  -50  )
( 129  114  -73  )
( 92  -42  41  )
( -182  40  -155  )
( -89  54  33  )
( 56  12  -168  )
( -137  93  17  )
( 116  107  199  )
( -109  -187  134  )
( 194  109  -11  )
( -173  160  25  )
( -95  -141  -192  )
( -82  154  -137  )
( -63  196  -29  )
( -29  112  81  )
( 10  100  170  )
( -116  40  159  )
( 192  -38  -187  )
( -91  -76  142  )
( -79  5  -146  )
( -50  -88  125  )
( -26  -84  -193  )
( 180  122  -36  )
( -50  105  -35  )
( 109  181  -26  )
( -49  -69  142  )
( -159  -190  35  )
( -176  109  105  )
( -179  -194  25  )
( -50  -180  52  )
( -112  -161  -111  )
( 161  65  -47  )
( -54  122  199  )
( -91  115  -61  )
( 141  7  26  )
( -20  45  -140  )
( -103  -127  -69  )
( -75  -17  -73  )
( -115  5  17  )
( -189  96  -104  )
( 141  -25  112  )
( -89  135  172  )
( 52  -198  -132  )
( 35  95  -149  )
( -119  -47  -4  )
( 101  57  118  )
( -183  185  -196  )
( -147  -131  180  )
( -79  62  -114  )
( -152  110  -135  )
( 1  147  73  )
( 139  100  159  )
( 64  60  -147  )
( 36  170  -67  )
( 195  -36  -57  )
( 157  49  -51  )
( -25  -48  -11  )
( -4  -21  59  )
( 25  100  -37  )
( 56  -47  -36  )
( -39  34  -93  )
( -87  192  11  )
( -13  -157  -54  )
( -113  182  188  )
( 159  182  -58  )
( 190  8  -26  )
( 114  -178  -115  )
( 79  128  160  )
( -136  -167  190  )
( -14  -24  -28  )
( -39  -4  86  )
( 35  151  -117  )
( -42  74  -14  )
( -3  113  -12  )
( 112  38  -193  )
( -151  166  12  )
( 197  -83  5  )
( -82  -128  155  )
( 53  -55  108  )
( -127  170  -85  )
( -24  -150  127  )
( -116  105  -127  )
( -11  -43  -176  )
( -153  -148  -173  )
( 7  -134  56  )
( 26  -174  -144  )
( -19  -191  20  )
( -156  89  83  )
( -84  172  20  )
( 84  35  -82  )
( 38  -190  -57  )
( 65  -18  -6  )
( 7  194  -195  )
( 75  -76  -89  )
( -100  -189  72  )
( 115  -132  174  )
( 163  -20  -69  )
( 170  -19  -106  )
( 76  121  -24  )
( -19  129  -154  )
( -110  -1  90  )
( -156  -106  83  )
( 2  -47  24  )
( 42  38  49  )
( -165  74  -27  )
( -89  118  -60  )
( -146  44  -16  )
( -20  112  16  )
( 59  -146  22  )
( -132  164  26  )
( -128  -74  -182  )
( 100  -62  198  )
( -148  -187  81  )
( 127  -4  187  )
( -43  57  191  )
( -105  45  147  )
( -60  115  -31  )
( 162  125  -134  )
( -111  179  -112  )
( 52  92  170  )
( -66  13  -75  )
( 24  -106  -188  )
( 36  104  59  )
( -198  109  44  )
( 37  -123  81  )
( 148  96  174  )
( 155  -30  -87  )
( -176  169  129  )
( -103  -16  59  )
( 165  -38  123  )
( -87  -120  107  )
( -107  76  -36  )
( 77  152  127  )
( -150  -167  142  )
( -192  -33  -71  )
( -97  -94  31  )
( -180  -182  39  )
( -175  -117  83  )
( 111  30  194  )
( 68  38  49  )
( -3  44  -86  )
( 180  -144  -173  )
( -182  60  -13  )
( 62  -70  -30  )
( 103  174  -57  )
( -106  180  166  )
( 29  -186  46  )
( 98  197  120  )
( -31  -94  -154  )
( -193  -52  -49  )
( -81  14  7  )
( -167  -186  177  )
( -122  -98  116  )
( -27  -143  195  )
( 143  132  76  )
( -146  -173  133  )
( 188  32  -38  )
( 188  -117  -172  )
( 182  -9  -137  )
( 138  103  18  )
( 195  -97  -0  )
( -79  -128  -42  )
( -133  176  166  )
( 101  -69  91  )
( 123  184  -26  )
( -124  11  8  )
( -183  62  -73  )
( -42  -125  -191  )
( -148  -76  -180  )
( 179  -169  -64  )
( -88  -186  100  )
( 189  -165  -96  )
( 196  20  14  )
( 139  146  104  )
( 74  173  -51  )
( -165  52  -177  )
( -134  95  118  )
( -102  -47  44  )
( -159  46  -135  )
( 83  105  179  )
( 67  95  59  )
( -131  -91  66  )
( -53  177  193  )
( -176  -148  -83  )
( -143  182  89  )
( 96  163  32  )
( -136  32  89  )
( -93  -115  91  )
( 56  38  119  )
( 72  7  81  )
( -138  88  36  )
( 45  -83  -9  )
( 41  -77  -80  )
( -110  99  -181  )
( 132  184  84  )
( 4  -12  -109  )
( -97  -98  136  )
( 150  129  100  )
( -48  -0  65  )
( -137  46  -119  )
( 16  -173  135  )
( -27  85  172  )
( 78  80  31  )
( 102  -13  157  )
( 120  -149  180  )
( 102  115  -33  )
( -35  -29  31  )
( 25  -65  55  )
( 107  151  95  )
( -196  140  157  )
( 35  -96  186  )
( 183  -36  -196  )
( 172  -127  0  )
( -147  -68  -11  )
( -31  57  38  )
( 133  -142  14  )
( -154  53  -193  )
( 16  12  -9  )
( 3  -185  125  )
( -128  119  -112  )
( -51  81  57  )
( -135  -198  -31  )
( 62  124  126  )
( 7  107  -47  )
( -64  -106  -188  )
( -87  162  -149  )
( -136  27  94  )
( -18  -148  1  )
( -37  -9  180  )
( 86  154  99  )
( 8  -68  16  )
( -46  140  -156  )
( 87  -50  -102  )
( 28  131  52  )
( -6  -139  -59  )
( 188  -173  -29  )
( 35  87  -55  )
( -170  2  182  )
( 122  161  168  )
( 79  185  65  )
( 172  131  -69  )
( 124  44  -137  )
( 103  137  167  )
( -177  -23  -167  )
( -108  167  85  )
( 27  57  79  )
( -133  145  166  )
( 64  29  -168  )
( -97  -68  -34  )
( 172  41  -23  )
( 178  -111  -108  )
( 175  -31  47  )
( 23  -87  -20  )
( -135  110  -195  )
( 110  156  -130  )
( 197  186  64  )
( -93  -101  -171  )
( 116  22  -10  )
( -80  96  89  )
( 166  -133  -160  )
( 126  -151  -120  )
( 102  133  20  )
( 137  -94  -173  )
( 86  -165  -41  )
( 112  162  -70  )
( -90  -164  173  )
( 149  172  19  )
( 103  94  136  )
( -154  192  147  )
( -180  -117  190  )
( 106  -55  85  )
( -194  -193  -149  )
( 126  71  90  )
( -16  30  -0  )
( -17  -87  -29  )
( 17  -100  -66  )
( -59  118  26  )
( -41  62  51  )
( 120  135  -121  )
( -126  61  -34  )
( 9  7  143  )
( -158  -10  -22  )
( -117  62  146  )
( 140  144  -158  )
( 129  72  144  )
( 26  13  -65  )
( -46  153  -144  )
( -98  -183  -15  )
( 188  -165  93  )
( -42  -62  -150  )
( -20  14  65  )
( -139  6  192  )
( 129  -61  17  )
( -163  17  -120  )
( -22  69  -3  )
( 53  118  -133  )
( -190  111  -102  )
( 71  -9  190  )
( 187  95  193  )
( -163  76  180  )
( 136  -95  118  )
( -164  190  162  )
( -174  -165  69  )
( 154  -51  32  )
( 108  -101  -132  )
( -83  28  41  )
( -54  112  116  )
( -68  182  6  )
( -121  129  88  )
( -129  -144  -164  )
( -43  -69  142  )
( -185  -138  -91  )
( -165  -32  -76  )
( -192  -100  -101  )
( -59  117  147  )
( -130  -50  44  )
( -154  23  -19  )
( 77  -81  -84  )
( -0  193  -153  )
( -180  -38  105  )
( 23  186  -98  )
( -167  103  57  )
( -77  54  -182  )
( 151  180  -68  )
( 2  104  178  )
( 174  64  -29  )
( 16  85  39  )
( -150  -165  -177  )
( 69  12  162  )
( -3  15  14  )
( -168  -74  -68  )
( -95  97  -110  )
( 136  -158  -63  )
( -118  -159  26  )
( 145  11  51  )
( 155  9  70  )
( -60  -51  78  )
( 186  44  73  )
( -72  -8  -37  )
( -184  -47  165  )
( -91  12  60  )
( 72  -195  -154  )
( -10  16  162  )
( -25  116  144  )
( 179  13  76  )
( -131  139  -195  )
( -135  27  -51  )
( -181  -129  88  )
( 57  -8  26  )
( -192  187  -59  )
( 70  135  -163  )
( -167  198  88  )
( 134  88  116  )
( -180  -103  14  )
( 114  -1  -97  )
( 42  -43  -32  )
( 178  143  162  )
( -63  -34  -84  )
( -146  -69  -82  )
( -154  -95  -2  )
( 135  168  191  )
( -173  51  -79  )
( 145  171  34  )
( -2  191  151  )
( 175  -100  -68  )
( 115  -19  -48  )
( 115  197  -73  )
( 123  120  -83  )
( -181  41  -46  )
( -112  -39  79  )
( -52  72  90  )
( 72  151  -32  )
( -18  -78  -5  )
( 121  -142  170  )
( -105  -137  -104  )
( -199  -43  -150  )
( -158  148  -179  )
( -42  -57  154  )
( -165  99  163  )
( -134  32  167  )
( -121  -111  -108  )
( 64  -27  -120  )
( -75  195  -48  )
( 35  53  -76  )
( 111  60  -140  )
( 118  139  -77  )
( -183  -161  -177  )
( 170  179  189  )
( 24  118  13  )
( -103  132  -64  )
( 105  159  64  )
( -10  -30  128  )
( 37  -84  140  )
( -40  30  166  )
( 199  11  -156  )
( 199  -12  -145  )
( 25  -31  -149  )
( 18  -108  79  )
( -79  -31  135  )
( -35  -76  -99  )
( 124  -15  -11  )
( 91  114  -112  )
( 41  133  165  )
( 31  -101  190  )
( 87  -81  -145  )
( 141  -86  18  )
( -84  -120  147  )
( -9  -79  -116  )
( -42  -104  -3  )
( 47  5  -158  )
( -184  169  -24  )
( -28  139  -83  )
( 196  -110  -91  )
( -143  -97  173  )
( 185  -149  -126  )
( 83  31  44  )
( 49  108  172  )
( -9  -118  -3  )
( 114  -145  123  )
( -88  -181  98  )
( -85  -123  78  )
( 164  -0  -6  )
( -49  165  -91  )
( 193  166  -42  )
( -120  -127  121  )
( -8  4  -7  )
( -80  109  -123  )
( 134  -12  140  )
( -135  -164  -131  )
( 190  76  129  )
( 132  -34  178  )
( -150  176  -67  )
( 95  -188  21  )
( -157  112  -25  )
( 181  -12  -34  )
( -64  106  60  )
( 24  105  -35  )
( 73  160  -76  )
( -150  -121  -51  )
( 98  -158  -149  )
( 162  86  -150  )
( 78  37  -24  )
( 121  -60  -151  )
( -58  -198  -158  )
( 125  -75  115  )
( -140  -37  -158  )
( -163  119  197  )
( -61  -91  -10  )
( -68  109  -61  )
( -197  -166  -135  )
( 16  -172  -107  )
( 64  -161  -159  )
( 151  -100  -152  )
( -113  144  55  )
( 161  -176  -76  )
( -147  -43  -98  )
( -129  42  -26  )
( 27  -175  41  )
( -87  116  -187  )
( 85  -94  -96  )
( -199  159  47  )
( 189  91  -195  )
( 6  32  -38  )
( -160  13  -117  )
( -6  -136  -180  )
( -124  -166  -79  )
( 135  139  195  )
( 155  -181  -27  )
( 24  -193  -54  )
( 12  -14  185  )
( 57  39  -94  )
( 74  43  84  )
( -52  72  -6  )
( -17  59  137  )
( -12  -106  49  )
( -114  4  49  )
( 117  -131  -30  )
( -176  -74  -60  )
( -180  -191  14  )
( 116  -134  -54  )
( -148  -12  -190  )
( -107  186  -114  )
( 54  -87  25  )
( -156  -56  149  )
( 8  35  -95  )
( -53  126  -158  )
( 26  -101  -53  )
( 151  -43  -14  )
( 107  103  -76  )
( -183  145  57  )
( -109  163  18  )
( 115  52  -101  )
( -69  -142  -122  )
( 109  94  185  )
( -30  -196  62  )
( 53  97  165  )
( 98  -147  -56  )
( -3  19  -153  )
( 2  15  152  )
( -14  -196  -3  )
( 45  -158  139  )
( -59  149  -105  )
( -190  6  72  )
( -42  89  183  )
( 65  -85  -123  )
( -99  -131  75  )
( 4  142  -52  )
( -91  -100  -24  )
( 105  117  -30  )
( -172  113  -168  )
( 38  178  187  )
( -71  180  69  )
( 162  119  -85  )
( 123  149  -61  )
( -125  -119  93  )
( 54  192  -116  )
( 194  -175  -120  )
( 48  93  103  )
( -150  -112  -37  )
( 75  79  85  )
( 11  -36  156  )
( 52  -153  -112  )
( 163  40  140  )
( -0  44  195  )
( -79  -149  -121  )
( 48  -18  -120  )
( -55  187  41  )
( 61  15  -137  )
( -177  -119  -158  )
( -28  8  106  )
( -88  78  113  )
( -44  149  -141  )
( -118  40  -70  )
( -37  -171  133  )
( -170  129  -6  )
( 194  146  117  )
( 92  -130  -145  )
( 164  196  78  )
( -185  -99  36  )
( 92  164  -177  )
( 104  99  182  )
( -107  155  172  )
( -20  176  105  )
( 154  -192  -191  )
( 33  120  48  )
( -47  155  -189  )
( -4  189  -153  )
( -154  195  -15  )
( -45  -72  -44  )
( 63  -40  43  )
( 144  130  135  )
( -13  157  -1  )
( 138  187  103  )
( 173  16  178  )
( 41  -127  -141  )
( -4  88  -90  )
( 143  55  -45  )
( 191  22  -166  )
( -82  -100  -120  )
( 36  -172  25  )
( -176  -96  -140  )
( -110  26  50  )
( -91  22  -100  )
( -145  -104  133  )
( 160  138  45  )
( 120  76  167  )
( -38  -114  -94  )
( -91  71  -197  )
( 182  -183  198  )
( 4  -176  -141  )
( 1  178  -70  )
( -108  -148  -181  )
( -6  75  -166  )
( 116  103  20  )
( 82  -41  0  )
( 34  158  63  )
( -41  -65  -46  )
( -54  -8  -127  )
( -142  168  -10  )
( -158  163  -88  )
( -151  -190  80  )
( 148  -114  165  )
( -171  95  -58  )
( -15  -111  -178  )
( -64  78  187  )
( 18  -56  -117  )
( -188  -21  -73  )
( 100  146  -36  )
( 66  -85  174  )
( 161  -22  72  )
( 134  36  -160  )
( -1  -145  -143  )
( -155  176  23  )
( -175  -172  8  )
( -2  161  -195  )
( 77  -84  -93  )
( -117  -15  -160  )
( 23  -145  -4  )
( -116  27  -74  )
( 125  -108  -177  )
( 122  -41  7  )
( 185  107  30  )
( -12  113  131  )
( -49  112  -81  )
( -97  -81  -92  )
( -177  -6  152  )
( -18  118  -183  )
( -98  170  -96  )
( 168  67  32  )
( 34  -66  151  )
( -59  -42  129  )
( 131  193  -189  )
( -149  19  -186  )
( -89  -74  -100  )
( -170  -88  -149  )
( -79  -137  -4  )
( -124  119  -2  )
( 90  106  104  )
( -24  -101  -164  )
( 17  -147  145  )
( 15  -164  90  )
( -8  106  -166  )
( -105  100  5  )
( -43  -72  138  )
( -54  166  44  )
( -80  134  191  )
( -133  -115  -130  )
( -156  -189  -24  )
( -151  143  179  )
( 120  176  29  )
( 189  25  -118  )
( -153  36  72  )
( 186  -165  -123  )
( 49  -156  190  )
( -70  19  102  )
( 159  -126  150  )
( 102  -3  74  )
( 99  -31  18  )
( 131  -158  9  )
( 169  152  16  )
( 45  181  6  )
( 173  8  -11  )
( 47  177  90  )
( -21  178  -188  )
( 37  -168  80  )
( 197  -195  -86  )
( -189  -136  -135  )
( -128  -60  -87  )
( -16  -194  69  )
( 174  63  -151  )
( 122  -128  -179  )
( -164  115  62  )
( -74  21  118  )
( -118  -126  135  )
( 144  -49  23  )
( -191  187  -50  )
( -36  127  126  )
( -147  30  -140  )
( 44  70  138  )
( -30  81  -128  )
( 161  -47  -79  )
( -89  107  137  )
( -143  -188  157  )
( 99  -192  -139  )
( -144  -167  -97  )
( -158  -133  33  )
( -98  37  -53  )
( 14  -10  21  )
( -124  -146  119  )
( -160  194  81  )
( 7  142  85  )
( -116  -104  -111  )
( 1  21  42  )
( 65  -96  124  )
( 18  -121  103  )
( -94  128  78  )
( -16  -182  -81  )
( -149  -66  78  )
( -162  -151  134  )
( -70  -166  -8  )
( 52  135  -49  )
( -31  177  -193  )
( -141  55  -107  )
( 191  27  -188  )
( 48  125  164  )
( 199  -41  -127  )
( -167  -30  -76  )
( -61  -142  147  )
( -82  -3  110  )
( 0  -1  157  )
( 195  192  -153  )
( 32  46  -62  )
( -137  79  -57  )
( 104  134  128  )
( 43  -125  167  )
( -188  142  -71  )
( -111  90  47  )
( 46  -173  -125  )
( 33  177  -183  )
( 164  175  40  )
( -137  155  -44  )
( 197  -59  122  )
( 93  -17  -96  )
( -3  -117  -35  )
( -154  -121  -71  )
( 35  59  -195  )
( 110  -150  85  )
( -103  -112  -56  )
( -163  61  105  )
( -157  79  -51  )
( -17  -108  151  )
( 119  -101  31  )
( 65  179  101  )
( -45  -102  -186  )
( -2  24  12  )
( 155  -174  131  )
( 67  54  -60  )
( 102  119  -103  )
( 150  133  196  )
( 87  52  12  )
( 118  -140  -29  )
( -183  -171  -180  )
( 88  169  22  )
( -14  72  -174  )
( 172  -120  -65  )
( 138  72  124  )
( -19  -175  -133  )
( 96  -29  42  )
( -82  -86  -99  )
( -113  114  -124  )
( -92  -131  -140  )
( 50  153  131  )
( 94  52  -22  )
( -45  -73  -169  )
( 6  -67  129  )
( 42  7  -191  )
( 46  152  50  )
( 18  -102  60  )
( -123  -97  -192  )
( -132  125  -193  )
( 100  -197  -25  )
( 104  -91  -112  )
( 61  -166  -170  )
( -179  -33  159  )
( -149  172  72  )
( 3  139  -111  )
( -34  -119  29  )
( 80  -195  155  )
( -80  188  197  )
( -47  -122  18  )
( -141  -104  80  )
( 141  -177  -149  )
( 53  34  87  )
( -139  41  78  )
( -108  54  168  )
( -58  -123  -159  )
( 100  96  187  )
( 152  -60  147  )
( -112  9  -105  )
( -166  -60  9  )
( -30  -68  173  )
( 5  -130  -7  )
( 16  162  190  )
( -146  -43  -33  )
( 33  63  -152  )
( 187  -144  56  )
( -21  78  -77  )
( 91  -167  192  )
