( -103  131  -19  )
( 162  71  -104  )
( 173  -131  -6  )
( 9  -111  89  )
( 156  52  -105  )
( 66  -72  -154  )
( 191  104  -85  )
( 63  170  44  )
( 125  -56  142  )
( 85  41  64  )
( 59  53  -181  )
( -153  114  26  )
( 93  -182  120  )
( 196  27  99  )
( -165  195  -145  )
( 36  -109  -162  )
( -30  -107  -51  )
( -22  40  51  )
( -106  -21  55  )
( -190  82  186  )
( -150  106  -40  )
( 182  146  -39  )
( -78  97  -184  )
( 161  -77  -86  )
( 92  -163  -196  )
( -194  53  -104  )
( 14  137  172  )
( 168  156  -199  )
( 36  -167  73  )
( 5  -24  -29  )
( -144  175  84  )
( -116  42  13  )
( 14  30  -82  )
( -150  -9  141  )
( -26  67  140  )
( 5  -139  -132  )
( -1  190  -109  )
( -11  -155  36  )
( 180  -17  -77  )
( -75  190  -170  )
( 109  -154  131  )
( 84  -160  107  )
( 103  113  -66  )
( -0  -11  194  )
( 59  2  5  )
( -158  159  -17  )
( -108  -68  12  )
( 146  -166  45  )
( -64  180  18  )
( 135  -131  84  )
( 11  15  195  )
( -110  -141  -80  )
( -194  -41  -62  )
( -54  176  -80  )
( -168  50  -193  )
( -164  -81  199  )
( 94  -156  -54  )
( -24  -199  -21  )
( -63  -62  -61  )
( 32  -188  -90  )
( -109  -130  13  )
( 89  138  -39  )
( -120  -168  -162  )
( -55  -143  82  )
( 9  -102  -101  )
( 41  -94  -178  )
( -177  97  197  )
( -93  170  71  )
( -195  -186  -125  )
( -60  -172  -143  )
( -125  -96  -26  )
( -97  153  -63  )
( 45  -58  36  )
( 168  107  57  )
( -55  -42  -49  )
( -36  -80  -86  )
( -149  139  -75  )
( -119  57  -43  )
( 95  12  106  )
( -139  -39  113  )
( -127  -193  -13  )
( 174  79  160  )
( -59  -109  -6  )
( 0  -165  -155  )
( -152  -174  117  )
( -153  169  -54  )
( -180  -162  -40  )
( -116  -171  155  )
( -160  169  -12  )
( -10  -77  194  )
( 89  -103  -141  )
( -104  129  68  )
( -76  -173  -186  )
( 101  -9  80  )
( -153  123  -119  )
( -188  -163  -12  )
( -198  -178  -31  )
( 45  50  66  )
( -11  17  -125  )
( -198  90  75  )
( -87  7  -105  )
( -114  -32  -129  )
( -20  161  -76  )
( -145  -70  103  )
( -35  -106  32  )
( -14  199  -11  )
( 29  -126  99  )
( 89  9  6  )
( 142  88  45  )
( -22  -54  -159  )
( 145  122  -45  )
( 49  2  110  )
( -77  -64  -113  )
( -141  -106  182  )
( -53  -196  44  )
( -184  89  160  )
( 32  -42  -41  )
( -30  57  -177  )
( 40  -98  25  )
( 20  181  109  )
( 55  -186  -89  )
( 26  194  -147  )
( 186  -90  105  )
( 11  -38  -8  )
( 66  -194  149  )
( -161  120  173  )
( -145  -23  77  )
( -186  -143  -164  )
( -67  90  178  )
( 94  177  99  )
( 73  188  64  )
( 65  -139  -191  )
( 141  -152  -42  )
( -45  -117  156  )
( 20  109  36  )
( 105  78  -26  )
( -175  -121  102  )
( -74  -121  4  )
( 133  8  -15  )
( 52  -114  -163  )
( 50  125  -150  )
( -11  -6  197  )
( -117  -166  -189  )
( -39  -193  -113  )
( 191  131  -78  )
( -63  175  84  )
( 3  199  103  )
( -152  -3  14  )
( -190  -103  56  )
( -21  98  197  )
( 125  71  -10  )
( -13  -181  -120  )
( -67  89  194  )
( 113  -42  -74  )
( -76  44  175  )
( -26  -4  -45  )
( -38  -23  -105  )
( -191  147  -65  )
( 129  132  49  )
( 68  80  -65  )
( 164  8  17  )
( 118  -110  -112  )
( 53  -154  189  )
( 197  -192  6  )
( 69  -81  -22  )
( 115  -50  -173  )
( 16  163  -32  )
( -27  -159  -12  )
( 94  -11  -158  )
( -172  34  51  )
( -116  -49  124  )
( 87  158  -117  )
( 166  -110  -99  )
( -130  -43  169  )
( -2  153  100  )
( -147  171  70  )
( -49  79  11  )
( -101  -66  193  )
( -168  -89  118  )
( 153  -51  4  )
( 194  142  -45  )
( -51  -41  45  )
( -38  -154  106  )
( -44  95  50  )
( -127  145  15  )
( -169  159  66  )
( -119  83  147  )
( 149  160  113  )
( -113  184  32  )
( 102  -141  5  )
( -185  60  137  )
( -128  -156  -52  )
( 20  -175  73  )
( 32  -83  54  )
( 103  -141  41  )
( -70  110  44  )
( -128  94  -103  )
( 152  -133  -0  )
( -147  13  174  )
( -68  187  43  )
( -19  -30  16  )
( -40  -99  60  )
( -52  115  19  )
( -107  71  -161  )
( -27  29  -59  )
( -6  177  -171  )
( 63  -103  -38  )
( 77  31  -151  )
( 148  -24  10  )
( -83  -166  -71  )
( 191  -68  -36  )
( -42  -196  168  )
( 101  90  -4  )
( 72  34  -23  )
( 58  -161  -11  )
( 71  188  -108  )
( 24  -76  111  )
( -121  -191  -158  )
( -37  -123  -160  )
( -20  -132  119  )
( -186  -112  -187  )
( -118  164  -147  )
( 144  77  42  )
( 115  159  -119  )
( -37  -39  -102  )
( -46  -98  134  )
( 87  80  -150  )
( -143  121  -180  )
( 67  183  27  )
( 137  193  -119  )
( 57  162  40  )
( -167  46  -2  )
( -133  -55  179  )
( -49  75  -161  )
( -175  -151  -110  )
( -117  -132  -105  )
( 95  137  2  )
( -193  120  55  )
( -154  -58  172  )
( 139  -37  8  )
( 81  -134  -30  )
( 77  11  -96  )
( 136  -175  194  )
( 179  76  23  )
( -186  -160  181  )
( 41  140  -30  )
( 145  158  102  )
( 39  132  52  )
( 137  181  -49  )
( 91  -152  25  )
( 125  107  -86  )
( 65  130  10  )
( 71  -91  198  )
( 130  160  53  )
( -56  39  31  )
( -60  27  -63  )
( 159  -63  173  )
( 139  -79  99  )
( -37  -18  53  )
( 77  55  -63  )
( 146  55  -20  )
( -54  129  -12  )
( 177  161  -32  )
( 53  -149  -56  )
( -152  -44  -111  )
( 168  183  -94  )
( 173  57  -27  )
( -28  -53  -0  )
( 73  20  48  )
( -174  -135  194  )
( -192  147  -14  )
( -123  -39  -174  )
( 112  13  -167  )
( 63  113  -161  )
( -0  -136  -100  )
( -16  123  -48  )
( 23  -95  162  )
( -133  135  -141  )
( -38  148  98  )
( 53  181  61  )
( -149  144  -48  )
( -74  -73  -79  )
( -87  -186  195  )
( 13  30  134  )
( 60  190  -161  )
( -135  -147  46  )
( 51  -191  -160  )
( 173  -102  140  )
( -156  12  51  )
( 81  121  71  )
( -110  178  99  )
( 47  124  114  )
( -72  110  -82  )
( 57  140  198  )
( -14  -20  101  )
( -132  116  -155  )
( 94  -185  56  )
( 131  -99  132  )
( -12  46  37  )
( 192  101  41  )
( 51  44  32  )
( 25  -104  46  )
( -79  -92  -47  )
( 191  -0  30  )
( -61  19  81  )
( 162  -90  -14  )
( -128  91  189  )
( 21  -175  137  )
( -63  -99  -167  )
( -75  70  106  )
( -79  78  171  )
( -68  -47  -8  )
( 149  33  -158  )
( 141  -65  -182  )
( 9  -44  -156  )
( 132  -181  -26  )
( -153  -92  195  )
( -94  16  -86  )
( 2  165  -167  )
( -199  20  -178  )
( 106  -56  0  )
( 93  -194  -154  )
( 71  -116  77  )
( 74  -31  87  )
( 125  -34  155  )
( 68  137  152  )
( -65  133  46  )
( 138  88  -89  )
( 159  140  -95  )
( 173  24  -75  )
( 171  151  -93  )
( 177  115  -124  )
( -63  -46  67  )
( -38  -160  156  )
( -114  -104  -90  )
( 91  140  186  )
( 3  167  -189  )
( -159  -51  -155  )
( 78  61  133  )
( -181  -44  171  )
( 88  -184  54  )
( -89  34  -83  )
( 188  -112  69  )
( 122  29  55  )
( -32  60  -162  )
( 61  148  -42  )
( -118  -130  141  )
( -16  0  134  )
( 25  194  -138  )
( -129  159  24  )
( 127  -143  -51  )
( 160  -104  -111  )
( -81  104  19  )
( -184  76  -7  )
( 181  -60  -18  )
( 65  -21  -171  )
( -174  145  168  )
( 35  159  106  )
( 76  -60  -154  )
( -52  -147  138  )
( 169  93  -90  )
( -13  23  62  )
( 103  22  188  )
( 112  37  -29  )
( -105  -36  35  )
( 38  -114  7  )
( -153  -144  -161  )
( -36  -183  194  )
( 100  3  -53  )
( -115  -181  -182  )
( -124  193  174  )
( 158  -50  -86  )
( 157  -96  79  )
( 41  -137  -126  )
( -43  13  -163  )
( 21  -17  173  )
( -124  163  56  )
( -30  159  -143  )
( 79  195  155  )
( -160  136  -19  )
( -127  -191  72  )
( -188  176  -133  )
( -56  179  34  )
( -172  135  -189  )
( -58  -123  -100  )
( 53  -142  -97  )
( 54  -124  -62  )
( -149  140  150  )
( 3  -50  -174  )
( -140  191  145  )
( 55  -119  -3  )
( -14  114  -68  )
( -124  21  64  )
( 79  109  187  )
( 58  -120  -3  )
( 75  -85  114  )
( 70  50  -39  )
( 109  -179  132  )
( 88  -50  62  )
( -101  -189  134  )
( 74  92  -81  )
( 7  139  162  )
( 175  -67  172  )
( -90  -186  -149  )
( 175  98  46  )
( 1  -146  110  )
( 114  33  106  )
( -199  176  -113  )
( 188  -69  -26  )
( -7  -60  -92  )
( 45  58  100  )
( 189  -59  -117  )
( 106  10  -48  )
( -37  83  13  )
( -82  -11  -14  )
( 119  -13  115  )
( 177  40  -102  )
( 167  30  -178  )
( 185  -81  -120  )
( -23  98  -30  )
( -91  118  32  )
( -94  147  90  )
( 74  179  -43  )
( -27  -182  -70  )
( -105  -190  7  )
( -151  -79  -17  )
( -120  -105  133  )
( 147  -174  151  )
( -162  154  -46  )
( -77  -89  -163  )
( 177  -7  42  )
( -43  -67  98  )
( 164  -17  90  )
( -157  101  -121  )
( -84  -114  -147  )
( -110  -51  28  )
( -189  82  177  )
( -191  -11  -74  )
( 150  192  -74  )
( -70  -128  104  )
( -38  31  30  )
( 9  -151  76  )
( 26  -101  -144  )
( -150  -129  -6  )
( -91  -151  1  )
( 196  -55  23  )
( 101  -82  -186  )
( -21  94  -103  )
( -35  100  -34  )
( -98  2  134  )
( -80  162  4  )
( -199  -79  -61  )
( 40  -101  46  )
( -135  104  -112  )
( -90  126  -98  )
( 64  140  -67  )
( 67  156  135  )
( 122  -0  180  )
( -195  -25  150  )
( 88  -182  94  )
( 191  54  38  )
( 1  -98  184  )
( -89  -83  -65  )
( 141  99  -172  )
( -178  83  167  )
( 159  -63  -138  )
( -175  -134  30  )
( -112  -49  33  )
( -61  -54  52  )
( 40  -143  -146  )
( -19  -158  154  )
( -169  -43  -55  )
( -56  45  183  )
( 188  103  102  )
( 157  171  -163  )
( 142  -75  -36  )
( -90  129  -91  )
( 64  66  -65  )
( -180  -153  183  )
( 38  -154  -59  )
( 123  -138  63  )
( 131  143  -56  )
( -132  -65  191  )
( 28  139  -154  )
( 172  48  -23  )
( 189  87  -125  )
( 185  -60  -55  )
( -184  41  -146  )
( 71  101  -185  )
( -170  61  -193  )
( -14  92  -86  )
( 153  -114  -1  )
( 8  -186  40  )
( -130  -48  -151  )
( -168  51  187  )
( -37  -40  6  )
( 58  -175  14  )
( -45  130  -24  )
( 41  -187  -103  )
( -198  -15  -31  )
( -53  -180  -84  )
( 42  160  -33  )
( 78  -192  142  )
( -40  101  -175  )
( -20  -72  -150  )
( 21  -103  178  )
( -40  150  146  )
( -111  -20  184  )
( 59  98  95  )
( 20  -158  -190  )
( 136  -124  -99  )
( -115  9  192  )
( -108  -110  12  )
( 124  119  -36  )
( 25  149  191  )
( 61  -149  -85  )
( 8  -159  -56  )
( -99  -117  55  )
( 73  -75  -173  )
( 133  -127  -170  )
( 97  -174  -145  )
( 176  -16  -45  )
( 88  -28  -29  )
( -74  -191  -69  )
( 122  193  81  )
( -7  -199  -150  )
( 64  108  -80  )
( -180  158  -34  )
( 117  104  -7  )
( 1  -46  -142  )
( -62  -86  64  )
( -40  5  -35  )
( 63  144  -32  )
( 40  -16  -148  )
( -176  21  71  )
( -151  30  161  )
( -147  171  10  )
( -105  99  -141  )
( -113  196  -121  )
( 90  -96  -148  )
( -177  -1  74  )
( -6  112  -163  )
( -161  -138  77  )
( -26  22  -124  )
( 125  -4  -40  )
( -47  66  145  )
( -63  -101  -183  )
( 21  181  167  )
( -119  -61  -95  )
( -124  -28  101  )
( 50  65  -196  )
( -2  99  -170  )
( -65  198  -56  )
( 26  -21  -181  )
( -147  115  -191  )
( 173  -14  167  )
( -9  -184  130  )
( 189  66  -128  )
( -24  72  127  )
( -183  60  90  )
( 148  -22  94  )
( 102  -99  -40  )
( -175  10  -126  )
( -166  46  -150  )
( 168  190  -171  )
( 122  -194  26  )
( -31  -84  133  )
( 21  -198  121  )
( 135  16  -183  )
( 45  -124  66  )
( -171  -184  -33  )
( -141  -193  -148  )
( 65  137  52  )
( 21  90  -172  )
( -126  -17  67  )
( -45  -119  -108  )
( 67  -17  182  )
( 160  -116  3  )
( -68  48  -59  )
( -165  -151  84  )
( 65  151  96  )
( 112  -137  174  )
( -18  -66  -168  )
( 43  168  -123  )
( -138  107  -7  )
( 61  -143  10  )
( -162  -18  181  )
( -163  -190  -161  )
( -36  -154  88  )
( 178  -109  32  )
( 64  -123  195  )
( -69  145  11  )
( 35  59  -47  )
( -187  -58  163  )
( -152  58  -189  )
( -105  196  -165  )
( 60  58  -113  )
( -197  80  -171  )
( 169  151  -137  )
( -0  -180  52  )
( -16  -166  0  )
( -184  -79  -191  )
( -51  -112  -0  )
( 193  -67  -89  )
( 105  -115  148  )
( 41  -13  146  )
( -15  -194  -17  )
( -116  184  182  )
( 193  32  79  )
( 36  -173  -63  )
( -117  24  -64  )
( -22  -31  -75  )
( -86  -36  120  )
( -12  -175  -57  )
( -51  -4  131  )
( 102  85  127  )
( -128  -82  179  )
( -135  170  -189  )
( -104  -30  147  )
( -133  62  80  )
( -162  24  164  )
( -81  -127  -153  )
( -7  148  39  )
( -157  52  -150  )
( 145  -199  -152  )
( 76  170  70  )
( -89  -27  132  )
( 24  58  -44  )
( 29  170  -105  )
( 28  -124  -188  )
( -60  -97  92  )
( 57  -82  -92  )
( -16  160  -185  )
( -22  30  15  )
( -29  112  82  )
( -124  146  -66  )
( -137  79  109  )
( 64  126  153  )
( 165  177  -65  )
( -178  -122  11  )
( -44  71  93  )
( 148  -162  -53  )
( -135  -63  197  )
( 174  125  -8  )
( -165  143  -88  )
( -1  -100  -198  )
( 58  28  -105  )
( -192  -147  -157  )
( -15  114  -13  )
( 169  -146  28  )
( 145  38  186  )
( 100  -145  156  )
( -179  -56  -35  )
( 70  112  69  )
( -156  -188  107  )
( -14  189  -42  )
( 175  144  -31  )
( 52  -160  -182  )
( -114  71  -26  )
( 64  -68  180  )
( -33  -38  -149  )
( -93  1  175  )
( 35  -36  -83  )
( 109  -55  169  )
( -111  96  -168  )
( 34  111  90  )
( -187  -108  83  )
( -65  -26  -118  )
( 191  -165  149  )
( -9  -49  187  )
( -117  103  54  )
( -175  179  7  )
( 87  156  104  )
( 112  166  -19  )
( 15  48  83  )
( 38  93  30  )
( -142  -101  -103  )
( -90  -5  190  )
( -188  47  -61  )
( -109  42  -193  )
( 51  167  -98  )
( -183  189  54  )
( -57  155  -72  )
( 54  -137  72  )
( -19  -43  -6  )
( 199  30  -122  )
( -3  41  -117  )
( -176  -179  -49  )
( 13  199  -107  )
( -177  -39  -159  )
( 183  21  -105  )
( 73  -175  48  )
( -7  -77  -114  )
( -156  144  -154  )
( -18  -135  -117  )
( 28  141  -79  )
( 133  -44  -151  )
( 2  156  135  )
( -170  93  164  )
( -92  -145  120  )
( -137  115  -157  )
( -133  -87  -187  )
( 184  163  -61  )
( 107  -77  21  )
( 120  -13  -178  )
( 12  -150  -159  )
( 100  -130  -135  )
( 159  94  24  )
( -131  94  -19  )
( -159  -138  111  )
( 70  -193  -26  )
( -126  56  -8  )
( -26  -138  157  )
( 100  -153  196  )
( -69  -139  163  )
( 48  -145  -91  )
( -68  -10  -66  )
( -45  103  128  )
( 84  1  -96  )
( 195  2  -51  )
( 160  -71  175  )
( 61  -129  79  )
( -84  29  -65  )
( 59  -141  115  )
( -49  76  47  )
( -84  26  129  )
( 102  97  159  )
( 139  16  199  )
( 99  48  -98  )
( -6  193  183  )
( -116  -12  -188  )
( 118  -87  -154  )
( 35  50  -72  )
( 103  -1  144  )
( -50  34  20  )
( -18  120  62  )
( -193  -65  38  )
( 131  -144  143  )
( -75  73  89  )
( -184  -119  -65  )
( -23  127  -158  )
( 121  -94  -91  )
( 11  127  152  )
( -172  162  -63  )
( 93  -6  5  )
( 58  -189  -72  )
( 89  -187  -177  )
( 52  -114  156  )
( 36  8  111  )
( -163  -136  185  )
( 161  86  77  )
( 55  105  122  )
( -177  -71  -47  )
( -41  -13  -181  )
( 157  5  155  )
( 80  -156  -56  )
( -137  -41  -178  )
( 37  -92  -72  )
( -60  -137  -143  )
( 87  43  67  )
( -119  -101  178  )
( -176  104  -154  )
( 35  -169  22  )
( 159  165  -112  )
( -194  -50  -120  )
( 192  -104  -56  )
( -56  -122  -0  )
( -40  159  -96  )
( 110  -125  47  )
( -192  123  -106  )
( 116  -197  -100  )
( -89  -151  -175  )
( 12  -124  -130  )
( 84  -58  -164  )
( -35  76  -77  )
( -192  -27  73  )
( 198  142  -176  )
( -40  49  18  )
( -10  116  64  )
( 51  99  184  )
( 151  -146  71  )
( -138  69  -53  )
( 1  120  -179  )
( 167  193  -175  )
( -30  38  -97  )
( -80  116  115  )
( 60  -175  88  )
( 81  -20  -64  )
( -140  192  147  )
( -95  -173  10  )
( -112  -79  -94  )
( 1  -27  193  )
( 7  -20  136  )
( -86  101  -59  )
( -28  15  -163  )
( -107  67  -78  )
( -70  -148  -17  )
( -12  -77  -57  )
( -118  -174  182  )
( 79  195  17  )
( -35  123  -113  )
( -38  13  126  )
( -90  -46  -12  )
( 180  122  -100  )
( 28  -37  34  )
( 194  -94  -182  )
( -129  167  30  )
( 118  63  44  )
( 167  -136  -179  )
( 49  -78  -19  )
( 18  -26  -104  )
( -120  11  -46  )
( -58  55  190  )
( 13  195  -5  )
( -58  -48  64  )
( -68  -194  -138  )
( 144  -61  -3  )
( 59  113  -83  )
( -55  -131  -87  )
( 23  -103  40  )
( 22  116  -30  )
( -14  -20  104  )
( -182  -44  -150  )
( 193  -187  -63  )
( 69  26  -131  )
( 136  -103  -39  )
( -175  36  -66  )
( 126  -15  -122  )
( 95  126  122  )
( 63  79  28  )
( -114  33  42  )
( -26  -156  -25  )
( 54  -72  -177  )
( 164  -138  -87  )
( 123  -27  -47  )
( 87  60  19  )
( 140  -67  -150  )
( 1  -166  -40  )
( -145  192  -59  )
( 80  -47  167  )
( 13  22  146  )
( 158  154  77  )
( -187  -158  -104  )
( -137  -163  -96  )
( -35  -30  47  )
( -32  -20  -73  )
( -179  -149  -128  )
( -50  -14  -54  )
( -136  73  35  )
( -74  178  88  )
( -129  178  44  )
( 64  31  192  )
( -179  181  17  )
( -77  6  -98  )
