( -41  60  -175  )
( -116  -185  47  )
( -147  -91  -26  )
( -19  89  103  )
( 123  -78  -171  )
( 73  94  37  )
( 0  -88  -155  )
( 146  128  -30  )
( -84  85  33  )
( 91  -99  136  )
( -105  176  44  )
( 127  8  117  )
( -11  -85  96  )
( -190  -157  -11  )
( 164  141  -83  )
( -179  -138  -71  )
( 23  -5  -142  )
( 45  119  97  )
( -20  -147  -70  )
( -136  -20  176  )
( 196  44  -32  )
( 37  -38  31  )
( -93  111  29  )
( -74  63  35  )
( 70  -69  27  )
( -62  -13  4  )
( 122  11  -95  )
( 188  5  27  )
( 6  -32  -0  )
( -54  -149  -131  )
( 57  191  -115  )
( 121  183  -97  )
( 108  -163  -130  )
( 154  -173  8  )
( 111  -55  -44  )
( 126  -4  13  )
( -189  171  181  )
( -13  7  28  )
( 0  74  -192  )
( 108  87  -36  )
( 17  34  32  )
( -118  9  -169  )
( 100  9  165  )
( -18  -57  89  )
( 60  171  109  )
( 42  163  -16  )
( 41  -158  -42  )
( 4  114  117  )
( -34  -161  195  )
( 113  -139  -119  )
( -94  -62  97  )
( 109  9  130  )
( 176  -172  20  )
( 15  83  -191  )
( 163  -125  109  )
( -91  -11  -146  )
( 188  30  -161  )
( -171  -87  -111  )
( -131  -53  -166  )
( 1  -187  39  )
( 58  -110  -113  )
( 97  6  94  )
( -43  177  -36  )
( 24  41  -166  )
( -67  58  -92  )
( 66  141  108  )
( -1  122  -99  )
( -147  22  190  )
( -15  -48  -142  )
( 7  -73  121  )
( -29  39  154  )
( -7  -138  137  )
( 48  -184  105  )
( -67  151  -12  )
( 31  50  -138  )
( -20  -175  198  )
( -54  52  -163  )
( 62  -135  199  )
( -64  27  102  )
( -164  160  -187  )
( -27  -2  -55  )
( -52  -9  21  )
( -112  25  -137  )
( -182  99  106  )
( 51  115  -155  )
( -122  72  -7  )
( -195  45  -12  )
( 56  55  195  )
( 45  19  -36  )
( -192  144  -35  )
( -164  194  19  )
( -127  -126  -1  )
( 20  -130  -165  )
( -157  -161  52  )
( 150  2  18  )
( -115  -63  93  )
( -162  -16  183  )
( 192  -91  182  )
( 22  -113  -172  )
( -168  -102  172  )
( 147  136  -30  )
( 154  -159  -184  )
( 129  -197  -135  )
( -141  72  177  )
( 78  -80  -18  )
( -8  96  20  )
( 24  -14  -56  )
( 64  -83  -110  )
( -62  -106  129  )
( 24  118  178  )
( -94  -184  -135  )
( -17  28  -188  )
( 17  4  -126  )
( -99  191  17  )
( -177  77  -21  )
( -72  181  -189  )
( 2  -26  163  )
( -141  -116  -84  )
( 105  -20  -174  )
( -117  -78  -92  )
( -50  71  -157  )
( -131  -88  115  )
( 24  -147  -30  )
( -37  -82  140  )
( -17  -118  119  )
( 28  162  47  )
( -152  172  5  )
( 86  -173  11  )
( 88  113  -58  )
( 192  83  -93  )
( -119  8  -0  )
( -85  105  6  )
( 11  -27  44  )
( 81  149  172  )
( -30  192  66  )
( 117  -35  -48  )
( 0  130  127  )
( -185  -68  -186  )
( 114  191  -197  )
( 141  167  -80  )
( 43  -37  60  )
( -48  -89  -159  )
( -194  93  -70  )
( -54  85  86  )
( 59  178  88  )
( 73  -197  103  )
( 176  5  -94  )
( 149  82  181  )
( 55  -1  -180  )
( 142  183  50  )
( 67  -143  55  )
( 20  -180  -145  )
( 51  186  76  )
( -23  73  -42  )
( -176  187  132  )
( -182  -139  78  )
( -91  60  -77  )
( 90  -0  45  )
( 43  -129  -67  )
( -12  -194  144  )
( 53  -73  90  )
( 147  93  -149  )
( -163  143  -98  )
( -37  -155  187  )
( -135  99  73  )
( -18  -172  -24  )
( 3  196  -148  )
( 182  34  186  )
( 71  -189  76  )
( 193  141  -143  )
( 124  40  113  )
( -118  156  80  )
( 186  -108  179  )
( -196  -45  163  )
( 137  197  -198  )
( -159  190  -112  )
( 126  14  45  )
( 167  -75  -58  )
( 54  112  94  )
( 149  -2  -112  )
( 193  91  -147  )
( 2  -5  -15  )
( 189  197  -138  )
( 155  42  -68  )
( 99  11  -16  )
( 121  -110  100  )
( -76  -164  -77  )
( 98  78  -102  )
( -7  -88  24  )
( 53  104  -36  )
( -91  150  40  )
( 16  106  -130  )
( 1  87  184  )
( -10  -39  -53  )
( 115  -166  16  )
( -147  -100  -155  )
( 26  -164  130  )
( -13  89  -40  )
( 62  73  -169  )
( -194  157  119  )
( 175  -129  -170  )
( -166  -73  26  )
( -108  -17  -20  )
( 120  -88  -37  )
( -47  -15  106  )
( -188  184  100  )
( -128  -140  -15  )
( -166  176  187  )
( 39  109  -92  )
( -197  -59  -76  )
( 101  -74  -29  )
( -122  -137  -165  )
( -136  150  183  )
( 113  46  29  )
( 1  102  -171  )
( 22  156  -23  )
( 96  -85  -7  )
( 59  48  -148  )
( 104  99  155  )
( 167  79  102  )
( -95  154  45  )
( 104  -69  145  )
( -108  15  29  )
( -51  -103  46  )
( -196  -172  141  )
( -116  3  -185  )
( 5  150  52  )
( 11  -12  124  )
( 138  3  193  )
( -100  126  149  )
( 110  2  -53  )
( 181  -40  17  )
( 104  90  179  )
( 64  37  144  )
( 156  -65  -152  )
( 82  185  -47  )
( 196  -28  152  )
( 76  86  -181  )
( -143  -35  -98  )
( -150  105  49  )
( -139  -131  -60  )
( 36  22  16  )
( -180  -34  -19  )
( 184  -133  -93  )
( 34  114  69  )
( -98  153  -189  )
( -18  35  -69  )
( 14  123  -9  )
( 162  75  116  )
( -132  88  139  )
( 6  -111  -19  )
( 167  -58  -13  )
( -192  21  31  )
( -115  -13  135  )
( 86  158  -55  )
( -146  16  124  )
( 22  33  44  )
( 35  28  -107  )
( -34  80  135  )
( 0  50  -99  )
( 44  124  -117  )
( -122  -73  -114  )
( 52  -30  -27  )
( 122  -84  57  )
( 11  -110  124  )
( 178  161  158  )
( 98  -57  -127  )
( 53  107  184  )
( 146  169  184  )
( -99  -175  26  )
( 175  -134  19  )
( -187  113  183  )
( -138  -131  168  )
( 59  39  93  )
( -3  60  79  )
( 48  35  30  )
( -81  -191  -144  )
( 74  46  -135  )
( -33  66  -185  )
( -95  -73  13  )
( -10  -180  -28  )
( -2  167  197  )
( -188  -28  99  )
( -178  104  -164  )
( -155  -33  -149  )
( 44  103  155  )
( 174  -23  171  )
( 57  137  0  )
( -113  -52  98  )
( -127  12  -19  )
( -11  70  -128  )
( 194  -187  -18  )
( 26  -174  -187  )
( -75  56  78  )
( 105  79  95  )
( 154  -74  89  )
( 178  -40  18  )
( 85  108  141  )
( -117  -71  -118  )
( -105  190  114  )
( -2  -112  29  )
( -98  -54  11  )
( 169  -72  -26  )
( -91  -107  197  )
( 195  -135  -150  )
( 78  -38  -6  )
( 121  99  162  )
( 35  -199  172  )
( -103  -82  -28  )
( 6  134  107  )
( -54  -36  -186  )
( -178  -81  37  )
( 177  162  -2  )
( 164  146  -47  )
( 106  67  96  )
( -27  -16  -33  )
( 42  -12  112  )
( -177  47  -164  )
( 151  111  74  )
( -103  92  -55  )
( -53  -171  -153  )
( 152  151  22  )
( 90  -50  -193  )
( -32  19  103  )
( -64  63  43  )
( 3  146  135  )
( -98  63  -161  )
( 51  -88  -157  )
( -24  -165  -105  )
( 1  -193  -45  )
( -15  -13  -48  )
( -5  -156  -130  )
( 10  142  -96  )
( 101  -8  -122  )
( -105  -134  52  )
( -80  85  -181  )
( -130  173  59  )
( -49  -82  -158  )
( -165  141  -87  )
( 157  -98  -190  )
( 133  -123  1  )
( -125  -85  74  )
( 95  36  -42  )
( -75  14  143  )
( -70  167  -161  )
( -12  -53  131  )
( 122  -42  103  )
( 117  -100  166  )
( 55  -48  142  )
( -130  -109  108  )
( 140  -144  -82  )
( 164  -194  64  )
( 188  -104  -40  )
( 102  112  104  )
( -49  -43  137  )
( 60  -80  -15  )
( -85  93  -144  )
( -5  -83  37  )
( 51  -115  -3  )
( 76  55  181  )
( 41  -68  -128  )
( 20  116  -155  )
( 196  133  7  )
( -86  -167  -140  )
( -79  -192  -165  )
( -176  -137  -74  )
( -153  146  -74  )
( -98  -117  -196  )
( -80  48  194  )
( -124  -171  72  )
( 196  78  -126  )
( 151  -75  -58  )
( -1  15  41  )
( -44  -150  -38  )
( -160  53  35  )
( -18  -97  -2  )
( 96  45  40  )
( 114  -2  -120  )
( -59  104  -17  )
( 137  28  -54  )
( 124  -136  88  )
( -41  20  -166  )
( 194  -164  123  )
( -127  -82  103  )
( -137  19  162  )
( 153  -169  67  )
( -158  7  -107  )
( 89  -44  -64  )
( -144  -161  -64  )
( -5  186  13  )
( -44  179  16  )
( -170  -39  69  )
( -20  -71  46  )
( -39  71  47  )
( -139  111  -160  )
( 14  -151  162  )
( -50  -29  174  )
( 63  135  -13  )
( -83  161  10  )
( 38  80  -112  )
( 151  88  49  )
( -18  -112  -167  )
( 71  -113  173  )
( -129  67  -175  )
( 172  -173  18  )
( -199  -24  -128  )
( -191  -33  76  )
( 184  48  -91  )
( 34  -168  18  )
( -66  177  2  )
( -17  110  -0  )
( 44  -90  -118  )
( -78  178  -151  )
( 68  -33  -87  )
( -154  163  -142  )
( -179  137  -125  )
( -147  -133  125  )
( -33  -87  -120  )
( -127  186  -93  )
( 72  -155  109  )
( 144  -142  127  )
( -135  6  -172  )
( 0  -168  92  )
( 122  -145  152  )
( 20  146  192  )
( -63  113  164  )
( -149  66  101  )
( -134  101  70  )
( 144  -66  136  )
( 148  92  178  )
( 184  -162  -84  )
( -82  -8  153  )
( -31  48  -75  )
( 90  130  144  )
( -108  157  -170  )
( -137  -143  44  )
( -150  -101  103  )
( 85  95  59  )
( -19  131  -47  )
( -119  -47  43  )
( 26  -60  -166  )
( 3  82  39  )
( 57  -108  182  )
( 133  86  42  )
( 128  -10  133  )
( -133  -95  70  )
( -182  79  -196  )
( 55  198  6  )
( -14  -42  -127  )
( 29  163  167  )
( 180  -175  -167  )
( 22  -176  168  )
( -114  -154  145  )
( -185  121  -107  )
( -150  164  143  )
( -143  -46  -126  )
( 143  63  35  )
( -43  7  -37  )
( -174  156  -37  )
( 171  -124  -48  )
( 60  70  -45  )
( 87  -86  -179  )
( 167  83  124  )
( 110  -155  56  )
( 33  -11  -112  )
( -164  198  -43  )
( 167  92  -65  )
( -144  -105  116  )
( 19  -197  51  )
( -96  -67  122  )
( 30  179  -133  )
( 51  -100  189  )
( 86  -143  -131  )
( 87  -114  -94  )
( -23  149  182  )
( 50  175  -93  )
( 59  32  -97  )
( -123  -2  -133  )
( 141  -43  -22  )
( -21  184  -186  )
( 192  -100  -50  )
( 91  18  117  )
( -40  -146  194  )
( 118  0  -27  )
( -20  -172  -101  )
( 64  -98  -180  )
( -26  -197  28  )
( -150  114  174  )
( -71  -178  55  )
( 176  -36  169  )
( -14  112  -133  )
( 36  53  -29  )
( 43  -103  104  )
( -67  16  -72  )
( 184  -60  49  )
( 124  13  46  )
( -167  7  130  )
( -124  -95  60  )
( -153  -115  -131  )
( 186  -129  -59  )
( 107  94  -186  )
( -108  58  -68  )
( -70  85  69  )
( -78  11  -178  )
( -116  -149  150  )
( 37  115  8  )
( 188  111  -199  )
( -74  122  172  )
( -191  184  -31  )
( 125  -22  -146  )
( 42  126  5  )
( -110  -79  -177  )
( -196  -75  -114  )
( 162  -94  -174  )
( 69  -178  170  )
( -187  -8  94  )
( -27  -157  -29  )
( 185  140  -40  )
( -114  37  -85  )
( -122  -113  162  )
( 136  191  -24  )
( -138  91  135  )
( 108  -95  159  )
( 63  -9  159  )
( 125  112  -161  )
( -67  -190  135  )
( 46  37  9  )
( 175  161  150  )
( 69  -42  167  )
( -34  -180  3  )
( 136  143  -27  )
( -51  139  -73  )
( -157  -155  86  )
( 53  -188  -31  )
( -139  -14  -0  )
( -80  197  -119  )
( -7  -179  -65  )
( 157  129  -99  )
( -126  -78  66  )
( 151  -78  84  )
( -149  16  -158  )
( 33  -157  -2  )
( 50  16  80  )
( 150  159  176  )
( 10  -72  -154  )
( 173  114  -196  )
( -84  76  95  )
( -0  169  120  )
( 166  83  -12  )
( 45  -13  197  )
( 122  -88  41  )
( 168  13  154  )
( -176  -86  88  )
( 119  70  -98  )
( -92  -111  -104  )
( 44  140  -184  )
( 3  -75  -79  )
( -29  -170  -20  )
( 137  94  -179  )
( 76  -17  -38  )
( -95  -38  -48  )
( -144  77  102  )
( 98  -1  -3  )
( 85  -66  45  )
( 16  143  152  )
( -124  -176  145  )
( 38  76  70  )
( -89  -84  4  )
( 95  -186  34  )
( -156  -107  -185  )
( -91  -129  114  )
( -37  134  62  )
( 69  148  66  )
( 0  -100  -123  )
( -128  86  -28  )
( 51  54  -89  )
( -90  -192  43  )
( 27  -136  176  )
( 82  178  109  )
( 102  150  11  )
( 169  40  -27  )
( -83  -180  183  )
( 183  -113  -90  )
( 163  14  15  )
( 168  -141  29  )
( 129  136  178  )
( 33  157  -127  )
( 59  -163  53  )
( -35  48  -141  )
( -124  118  72  )
( -94  -192  193  )
( 31  46  -19  )
( -123  164  -119  )
( 30  89  39  )
( 78  -64  -38  )
( -52  -193  190  )
( -78  -56  80  )
( 163  168  98  )
( -41  96  92  )
( 110  129  -81  )
( 50  39  76  )
( -147  -61  107  )
( 177  69  -72  )
( -158  -71  86  )
( 177  54  -154  )
( -82  91  -35  )
( -38  175  31  )
( -81  187  -162  )
( -30  -81  55  )
( -5  130  169  )
( 1  168  -57  )
( -180  -8  23  )
( 166  -23  -107  )
( 48  96  5  )
( -186  -91  82  )
( -36  -49  -162  )
( 168  157  -47  )
( -80  -158  -121  )
( -124  73  -193  )
( 50  -94  52  )
( -86  -21  -87  )
( 31  -8  -175  )
( -187  176  -69  )
( -119  189  -26  )
( -146  -176  153  )
( 198  -151  173  )
( 144  -163  -175  )
( 3  173  -141  )
( 170  -185  -16  )
( 64  133  91  )
( 98  111  -37  )
( -72  -5  -119  )
( -108  15  -146  )
( 102  126  87  )
( -4  105  190  )
( -183  -106  -178  )
( -4  -58  -11  )
( -86  194  -9  )
( 111  133  -54  )
( 55  178  -126  )
( -47  53  -65  )
( -117  -38  111  )
( 127  -3  169  )
( -156  143  -130  )
( 116  26  172  )
( 83  -155  -133  )
( -17  -61  -24  )
( 126  -77  8  )
( 116  150  7  )
( -110  170  -123  )
( -114  94  -191  )
( 195  -65  -144  )
( 12  119  -135  )
( 46  29  -47  )
( -150  -186  96  )
( 188  82  -100  )
( 26  9  25  )
( -121  -165  -81  )
( -149  191  157  )
( -7  180  130  )
( -154  38  109  )
( 0  -81  -148  )
( -145  -126  68  )
( -91  -198  -47  )
( 42  25  140  )
( -47  -137  -3  )
( 175  54  105  )
( 168  54  163  )
( 140  -59  -38  )
( 31  42  -19  )
( 56  -52  -86  )
( -41  155  54  )
( -16  -150  98  )
( -169  122  88  )
( 75  50  -45  )
( 105  41  133  )
( -82  -123  -152  )
( 15  -87  -155  )
( 128  68  134  )
( 192  112  -14  )
( -155  -65  92  )
( 46  179  6  )
( -85  -28  -76  )
( 84  173  157  )
( -1  49  75  )
( -68  114  -113  )
( -170  55  192  )
( -56  22  -181  )
( -25  133  24  )
( 181  -125  93  )
( 119  87  155  )
( -95  -150  190  )
( -16  -39  119  )
( 44  -56  -13  )
( 4  -96  147  )
( 116  131  140  )
( 59  -142  40  )
( 154  -144  -157  )
( 145  -166  -169  )
( -131  -83  51  )
( -41  98  152  )
( -16  -122  38  )
( -136  -99  173  )
( -5  -25  43  )
( 157  101  95  )
( -33  196  -142  )
( 114  122  -20  )
( -53  89  6  )
( -22  114  172  )
( 191  -1  197  )
( 94  78  -192  )
( 130  -175  -77  )
( -88  -12  103  )
( -127  -59  194  )
( -64  61  52  )
( 65  195  104  )
( 85  -23  112  )
( -135  35  184  )
( -173  86  77  )
( -116  -157  -7  )
( 57  -25  -4  )
( 38  -155  147  )
( -19  -58  90  )
( 149  27  -151  )
( 32  -77  113  )
( 108  33  -54  )
( 168  141  106  )
( -140  -162  -45  )
( 195  -9  -46  )
( -85  70  -135  )
( -107  -92  131  )
( -93  116  10  )
( -160  99  -108  )
( 56  151  -123  )
( -46  -151  -160  )
( 172  127  122  )
( 73  -90  -49  )
( 1  179  90  )
( -114  -140  -63  )
( -140  -177  77  )
( -167  15  57  )
( -154  -136  181  )
( 37  -25  -103  )
( 101  174  197  )
( 25  -75  59  )
( 35  -147  -190  )
( 5  168  109  )
( 182  39  -25  )
( -140  -174  168  )
( 175  -75  138  )
( -190  85  164  )
( -143  -192  14  )
( 159  -99  71  )
( 45  95  24  )
( 48  -92  67  )
( 61  88  30  )
( -38  50  -182  )
( -130  62  117  )
( 41  106  -136  )
( -78  96  31  )
( -121  -155  -80  )
( -73  189  -185  )
( 133  -129  -195  )
( -50  81  80  )
( 99  -48  95  )
( 73  77  55  )
( 123  56  -76  )
( 94  131  198  )
( 100  31  129  )
( 42  -34  -172  )
( 175  120  168  )
( 173  -167  98  )
( -102  -119  184  )
( 17  -155  -88  )
( 23  -82  -119  )
( 194  112  -145  )
( -159  -28  53  )
( -160  -0  -128  )
( -197  52  123  )
( 171  -9  39  )
( 150  196  50  )
( 55  129  -122  )
( 199  106  -158  )
( -120  180  -155  )
( 35  -111  7  )
( -109  48  145  )
( -8  -154  -76  )
( -6  -162  16  )
( 121  -37  42  )
( 190  180  -171  )
( -167  -165  41  )
( 186  -33  194  )
( -84  115  -34  )
( -122  176  75  )
( -84  135  -41  )
( -43  -98  109  )
( 4  0  -159  )
( -63  -89  -116  )
( -27  -178  -92  )
( 188  129  193  )
( -10  124  -112  )
( -87  -49  140  )
( 99  106  -135  )
( -100  -93  146  )
( -157  70  -153  )
( 16  116  188  )
( 162  -3  11  )
( -126  -105  -35  )
( 13  180  130  )
( -103  127  -167  )
( 170  179  53  )
( 60  8  -188  )
( -180  126  -7  )
( -161  -181  169  )
( -105  40  -175  )
( -86  -12  -170  )
( -83  155  178  )
( -98  44  167  )
( -121  109  -184  )
( -105  109  -148  )
( 155  -91  -63  )
( -156  3  100  )
( -40  -21  -98  )
( -97  -40  -68  )
( -136  29  -162  )
( -141  68  -122  )
( 33  -134  -177  )
( -124  152  -30  )
( 115  -158  59  )
( 158  169  109  )
( -13  170  -116  )
( 50  92  -103  )
( 57  121  -189  )
( -184  -13  39  )
( -163  -176  -89  )
( -192  78  -97  )
( 161  197  -40  )
( -56  137  -47  )
( 32  1  -179  )
( 76  51  -57  )
( 183  56  123  )
( -145  -91  -99  )
( 62  -5  -96  )
( -178  53  0  )
( -173  33  -5  )
( 165  -141  166  )
( -95  111  -3  )
( 179  -123  -32  )
( 176  117  186  )
( 62  -82  2  )
( -74  -84  129  )
( -180  -148  97  )
( -125  -77  -62  )
( 115  -19  -122  )
