( -159  -181  196  )
( -172  50  147  )
( 36  -186  -18  )
( -22  -106  -181  )
( -60  46  76  )
( 178  -148  155  )
( -148  65  49  )
( -188  -42  123  )
( -139  194  59  )
( 37  -179  -89  )
( -166  -158  -28  )
( 125  -32  156  )
( 98  -174  176  )
( -92  -38  -20  )
( -93  -83  -181  )
( 92  62  147  )
( 161  -187  149  )
( -138  -106  -143  )
( -47  -115  185  )
( -77  -3  -135  )
( 19  88  192  )
( -82  -94  -48  )
( 175  -162  172  )
( -81  147  -183  )
( -30  -183  129  )
( 72  -87  69  )
( 20  -132  -138  )
( -133  186  110  )
( -190  -184  49  )
( 8  -118  115  )
( 89  150  -76  )
( 141  36  -102  )
( 191  -150  156  )
( -146  -68  178  )
( -60  -170  85  )
( 99  189  115  )
( -142  28  -165  )
( 99  -7  192  )
( -23  -98  164  )
( -111  17  94  )
( -190  151  99  )
( -142  34  -11  )
( -54  50  39  )
( -23  97  137  )
( -186  -183  -174  )
( 89  -106  -81  )
( -11  145  165  )
( -136  -143  -118  )
( 103  109  171  )
( 173  -77  -76  )
( -75  -165  -65  )
( 62  108  121  )
( -47  -124  53  )
( -135  -163  114  )
( -113  -24  106  )
( 169  55  163  )
( 100  101  -43  )
( -91  -144  -199  )
( 79  -117  -162  )
( 89  -185  -19  )
( 79  54  123  )
( -151  -156  -188  )
( -20  55  -54  )
( 5  -198  -54  )
( 69  78  191  )
( -116  102  -30  )
( 179  -198  187  )
( -49  -108  9  )
( 131  -64  -39  )
( 43  -96  -170  )
( -144  -63  109  )
( -166  151  118  )
( -148  -196  -66  )
( 139  132  88  )
( 100  179  -156  )
( 69  -33  31  )
( -120  112  130  )
( -105  -127  -94  )
( 29  -5  150  )
( 39  16  178  )
( -137  132  -68  )
( 32  -171  149  )
( -145  -171  73  )
( -11  -93  -20  )
( 184  -165  -73  )
( -155  -6  29  )
( 172  -0  73  )
( -165  29  170  )
( -173  79  113  )
( -199  -125  38  )
( 118  158  -81  )
( 193  -134  177  )
( 132  35  -47  )
( -175  122  105  )
( -157  145  -171  )
( 106  -101  150  )
( 70  -158  34  )
( 166  190  -186  )
( 124  -127  -190  )
( 11  -180  -59  )
( 136  199  175  )
( -18  190  -134  )
( -156  -69  184  )
( 69  28  -3  )
( -68  155  -30  )
( 41  -185  -195  )
( 50  -62  -11  )
( -106  -102  -41  )
( 23  41  179  )
( 37  75  -11  )
( 143  149  -136  )
( 189  72  -53  )
( -87  -85  -165  )
( 48  -14  191  )
( 191  -111  16  )
( 79  -108  -73  )
( 12  159  81  )
( -55  190  28  )
( 105  194  -14  )
( 81  -52  129  )
( 194  -0  47  )
( 45  -115  178  )
( 135  46  173  )
( -67  -16  -14  )
( 199  44  -160  )
( 119  186  52  )
( 8  -177  -187  )
( -167  -59  -185  )
( -135  -157  61  )
( -27  139  130  )
( 74  -13  2  )
( 176  -170  -138  )
( 99  -117  -119  )
( 8  -116  -111  )
( 93  189  -67  )
( -148  61  -164  )
( -52  -155  50  )
( 111  -167  -158  )
( 25  -90  -91  )
( -162  29  7  )
( -102  -121  -32  )
( -67  184  -162  )
( -122  93  84  )
( 183  -155  162  )
( -189  -145  5  )
( -47  119  -32  )
( 145  -160  -20  )
( 83  70  -21  )
( -107  -105  -54  )
( -126  95  -4  )
( 139  133  26  )
( -93  98  152  )
( 198  -57  35  )
( -48  3  27  )
( 136  37  -181  )
( -83  74  22  )
( -60  -114  -188  )
( 183  143  -114  )
( -53  0  -132  )
( -115  113  81  )
( -82  132  -113  )
( -94  -99  110  )
( 3  -17  -114  )
( 150  -67  -161  )
( -21  -36  -77  )
( 78  170  -195  )
( 26  -66  -83  )
( -34  -50  -7  )
( 40  -180  -149  )
( 45  -71  59  )
( -43  -124  20  )
( -93  -178  -103  )
( 78  91  64  )
( 192  5  32  )
( 195  39  -117  )
( -49  52  33  )
( 39  -62  140  )
( 187  61  -7  )
( -40  -144  -97  )
( 122  -171  126  )
( 145  155  149  )
( 11  -183  -41  )
( -38  91  -131  )
( -117  85  101  )
( 100  -39  -195  )
( 108  8  -71  )
( 164  82  60  )
( -81  27  -129  )
( 0  -45  186  )
( 159  87  11  )
( -162  34  164  )
( 168  -58  -190  )
( 35  16  -122  )
( -50  145  123  )
( -36  -100  153  )
( -15  -176  43  )
( -98  28  192  )
( -156  -42  -49  )
( 40  -139  176  )
( -101  11  130  )
( 23  -198  45  )
( -79  31  142  )
( 71  -1  146  )
( 48  145  -70  )
( -152  -95  2  )
( -87  176  -24  )
( 97  -48  -117  )
( 78  137  73  )
( -20  -11  27  )
( -48  163  172  )
( -179  -96  -86  )
( -10  144  -152  )
( 159  -110  -20  )
( -170  94  -12  )
( 159  -95  187  )
( -53  -115  140  )
( -4  -188  66  )
( 8  50  -111  )
( -102  173  -182  )
( 106  -96  80  )
( -187  -93  -175  )
( 126  87  31  )
( 83  -24  -196  )
( 107  195  -151  )
( 143  -102  -32  )
( -13  -182  -170  )
( 19  -60  192  )
( -114  -145  45  )
( 151  -47  116  )
( 87  -79  -134  )
( -176  -51  153  )
( 7  -78  11  )
( 66  41  100  )
( -32  46  -195  )
( -170  154  -131  )
( -170  -153  -27  )
( -110  -127  -9  )
( -49  180  129  )
( 48  -29  -162  )
( 14  139  12  )
( 23  86  18  )
( 133  -100  -74  )
( -71  3  5  )
( -91  164  140  )
( -62  -94  -46  )
( 98  91  118  )
( 11  -19  -115  )
( -188  -83  114  )
( 99  150  -198  )
( -90  -37  172  )
( -148  177  -77  )
( -173  -147  120  )
( -181  179  -196  )
( -88  81  -24  )
( 23  -125  165  )
( 116  -54  -193  )
( 148  -188  93  )
( 28  -67  -116  )
( 96  47  146  )
( 132  20  -57  )
( 72  -182  -145  )
( -69  -128  18  )
( 154  46  -98  )
( 49  -113  61  )
( -100  46  -114  )
( -83  -104  -52  )
( 148  -172  -162  )
( 126  176  179  )
( 25  -155  15  )
( 192  -189  89  )
( -188  80  -25  )
( -93  -199  -181  )
( 56  -153  81  )
( 56  122  -7  )
( -24  66  -193  )
( -42  13  175  )
( 111  -148  50  )
( -149  129  112  )
( -39  -102  -90  )
( 67  94  134  )
( -8  194  13  )
( 57  80  182  )
( -14  196  -79  )
( 54  -107  -172  )
( -55  -96  -64  )
( 102  12  -142  )
( 168  144  -165  )
( -173  130  109  )
( -124  111  -130  )
( -91  -138  -106  )
( 119  -185  134  )
( -85  -133  -183  )
( -22  32  174  )
( -52  92  -31  )
( -57  130  -180  )
( -189  157  -69  )
( 109  26  43  )
( 38  51  -39  )
( -31  168  40  )
( 195  87  -149  )
( 126  158  -14  )
( -104  56  199  )
( 177  -178  77  )
( 141  95  126  )
( -108  52  -82  )
( -148  -20  -108  )
( -173  -185  35  )
( -60  51  -124  )
( 189  140  -87  )
( -84  -53  158  )
( 85  -78  -74  )
( -28  -37  91  )
( 113  -29  131  )
( -126  17  111  )
( 182  127  147  )
( -169  -72  102  )
( -25  -129  -178  )
( -21  52  -27  )
( -88  157  -165  )
( -105  124  -137  )
( -33  84  14  )
( 146  194  -192  )
( -103  -89  -61  )
( 124  153  -87  )
( 149  -124  -100  )
( 184  -177  -10  )
( -34  -181  -145  )
( 132  -194  -90  )
( -93  154  -52  )
( -51  -182  49  )
( 110  189  -147  )
( 113  -14  -95  )
( 28  171  -163  )
( -40  85  -81  )
( -193  -94  109  )
( -189  4  -114  )
( -156  -72  33  )
( -116  -24  -83  )
( -130  -14  83  )
( 83  132  -155  )
( 180  155  162  )
( 87  -57  26  )
( 119  55  102  )
( 129  -30  164  )
( 12  178  -152  )
( -129  -21  85  )
( -65  163  160  )
( -26  -28  -109  )
( 83  -58  -138  )
( -37  -143  80  )
( 122  197  125  )
( 160  -188  147  )
( 76  21  54  )
( 81  -53  -102  )
( 121  -191  163  )
( -117  -40  -30  )
( -5  197  183  )
( -63  2  -164  )
( -117  159  -33  )
( -145  -17  57  )
( 177  48  -112  )
( -174  70  69  )
( 58  -86  66  )
( 173  190  37  )
( -110  27  50  )
( -52  54  85  )
( 175  185  -86  )
( 116  75  49  )
( -61  -128  58  )
( -173  -14  -153  )
( -57  -122  -130  )
( 145  13  16  )
( 89  183  135  )
( -63  -59  -15  )
( 30  -36  -127  )
( -73  76  -80  )
( 43  -56  124  )
( 7  53  -76  )
( -127  -27  119  )
( -99  135  180  )
( -20  -35  -34  )
( -191  -94  124  )
( -87  -157  -83  )
( 132  141  -58  )
( -157  117  -135  )
( -32  36  58  )
( -12  -136  -100  )
( 138  142  -87  )
( -63  -60  159  )
( 0  -17  -124  )
( 161  -8  -24  )
( -33  -189  195  )
( -182  15  -146  )
( -41  198  -32  )
( -160  -45  -36  )
( -84  -16  3  )
( 189  -118  -175  )
( -90  -121  -165  )
( 48  57  -45  )
( 188  -144  97  )
( -159  -144  76  )
( -41  54  188  )
( -178  -81  171  )
( 150  99  81  )
( 193  -116  111  )
( -138  177  -44  )
( -45  72  68  )
( -54  -166  2  )
( 56  93  22  )
( -26  -180  -110  )
( -147  -123  -132  )
( -90  -35  87  )
( -23  195  34  )
( -60  -36  -126  )
( -45  -154  122  )
( -148  -45  -106  )
( 173  -118  -49  )
( -103  7  -158  )
( -183  -16  -143  )
( -199  62  150  )
( 104  -15  -188  )
( -97  -187  197  )
( 137  -130  -78  )
( 116  -19  -168  )
( 140  -180  -10  )
( 123  -194  153  )
( -122  2  143  )
( 198  155  -16  )
( 40  101  -107  )
( -162  -114  192  )
( 87  -152  -153  )
( 140  -164  171  )
( 135  -100  -94  )
( 184  89  16  )
( 38  -13  126  )
( -156  99  -112  )
( -132  -26  -75  )
( 62  79  -49  )
( -142  146  89  )
( 107  2  -51  )
( 46  160  148  )
( -13  -9  -98  )
( -70  -108  122  )
( -111  72  -14  )
( -167  -120  11  )
( -55  17  -193  )
( -196  18  -149  )
( 141  -50  -4  )
( 121  -156  -124  )
( -15  101  97  )
( 56  -115  -182  )
( -81  166  13  )
( -16  190  28  )
( -38  -77  154  )
( -134  19  191  )
( 135  -56  -60  )
( -48  -61  166  )
( -16  159  -110  )
( 180  -41  -133  )
( -42  -148  178  )
( -101  86  29  )
( -26  -30  10  )
( -53  160  182  )
( 165  163  138  )
( -56  86  132  )
( -169  -106  73  )
( 97  -51  192  )
( -64  14  182  )
( -194  -34  -26  )
( -136  -161  20  )
( -60  -129  185  )
( -124  -14  147  )
( 162  -188  83  )
( -45  175  -117  )
( 77  -137  144  )
( -92  -17  27  )
( 94  -71  116  )
( 104  161  -155  )
( 128  -39  143  )
( -126  100  -198  )
( 146  -119  30  )
( 109  -193  111  )
( -126  -128  25  )
( 81  -27  61  )
( 14  143  -114  )
( -16  -6  191  )
( 88  183  192  )
( -31  -168  186  )
( 192  -199  -40  )
( -140  -198  -182  )
( 133  134  -37  )
( -17  -116  -68  )
( -101  -40  137  )
( 38  18  -124  )
( -193  32  -2  )
( 105  35  -69  )
( 187  135  -136  )
( -97  -148  141  )
( -46  -176  -159  )
( -81  -48  140  )
( -186  -68  66  )
( -107  -4  44  )
( -178  134  -104  )
( 67  -168  184  )
( -10  -111  125  )
( -115  -100  194  )
( 137  -176  -125  )
( -18  5  -87  )
( 24  113  27  )
( 19  -76  -194  )
( -30  151  148  )
( 14  31  -105  )
( -199  -74  159  )
( -157  147  -141  )
( 103  -14  -9  )
( -17  -57  -100  )
( 118  -109  34  )
( -194  -75  -17  )
( 159  84  63  )
( -41  148  -76  )
( -178  46  197  )
( 59  88  -22  )
( 97  30  99  )
( 148  -88  103  )
( 197  61  124  )
( -116  -196  -149  )
( -14  -138  48  )
( -41  -88  15  )
( 131  -32  -192  )
( 114  -74  -125  )
( 183  -58  -31  )
( -40  47  198  )
( -101  -26  104  )
( -41  -19  -145  )
( 134  -88  -147  )
( -142  66  184  )
( 65  187  -106  )
( 16  64  185  )
( -97  122  27  )
( -109  -50  -134  )
( 174  98  -161  )
( -12  92  68  )
( 47  192  182  )
( 62  -151  -28  )
( -190  181  -51  )
( 67  71  -122  )
( 87  -27  149  )
( -20  -53  69  )
( -174  55  -98  )
( 25  -182  -55  )
( -5  117  -141  )
( -136  -36  -26  )
( 69  123  -130  )
( 86  -82  -132  )
( 88  91  -35  )
( 174  -55  -91  )
( 156  69  128  )
( -91  -118  -99  )
( 42  -117  -195  )
( -135  -130  193  )
( -98  -23  94  )
( 105  28  -152  )
( 195  172  -81  )
( -165  16  -191  )
( -24  153  25  )
( -67  -93  167  )
( -29  96  -185  )
( -9  21  -72  )
( 3  48  77  )
( -2  -60  -72  )
( 102  -197  179  )
( 78  -171  28  )
( 11  23  -102  )
( -57  87  -125  )
( 86  -105  198  )
( 0  45  -143  )
( 97  -46  -27  )
( 169  63  -166  )
( 171  164  41  )
( 179  -22  -147  )
( 110  180  99  )
( 103  -108  -20  )
( 60  43  109  )
( 43  12  -18  )
( 135  126  -116  )
( 145  -75  -47  )
( -5  143  161  )
( 10  36  37  )
( 25  52  178  )
( -58  -109  -158  )
( 149  -165  -0  )
( 142  -105  -9  )
( -186  -188  167  )
( 44  -175  10  )
( -77  -121  -80  )
( 133  81  -51  )
( 132  18  -0  )
( -27  -111  172  )
( 75  -9  -29  )
( -118  -34  81  )
( -190  34  55  )
( -25  126  140  )
( 167  -183  -27  )
( 177  -190  -117  )
( -77  112  -175  )
( 66  124  -65  )
( 36  -68  -25  )
( -158  134  -117  )
( -122  -147  -60  )
( -143  190  -6  )
( 167  147  28  )
( -31  -14  151  )
( 146  -159  -141  )
( 44  -107  4  )
( -155  -7  44  )
( 164  35  -107  )
( 98  156  -97  )
( -71  58  -176  )
( 5  -70  -130  )
( 193  33  9  )
( -81  -32  -193  )
( -13  -38  -3  )
( -95  -59  -161  )
( 32  -168  -114  )
( -63  15  -125  )
( -88  -49  -50  )
( -122  65  -189  )
( 69  56  -19  )
( -32  -80  151  )
( -18  -192  -110  )
( -3  -79  -22  )
( -20  64  -132  )
( 12  122  14  )
( -153  53  108  )
( 60  -84  -136  )
( -160  69  -188  )
( 138  105  195  )
( 5  -50  -61  )
( -97  -79  -19  )
( 191  25  -63  )
( -74  -19  -141  )
( 137  0  159  )
( -70  -183  103  )
( -156  163  -40  )
( 111  -23  26  )
( -60  59  37  )
( 10  -72  63  )
( -143  44  -17  )
( 164  82  -27  )
( 64  157  -40  )
( -138  -34  -56  )
( 67  -161  110  )
( -10  2  -189  )
( 19  -5  117  )
( -44  103  -96  )
( 32  7  2  )
( 155  66  -54  )
( -137  147  57  )
( -89  -138  -63  )
( 46  92  -137  )
( 23  11  -73  )
( 84  -80  21  )
( 59  -12  -136  )
( 64  -178  86  )
( 130  176  136  )
( 13  -193  66  )
( 27  141  154  )
( -156  -20  -34  )
( -185  121  199  )
( 51  107  117  )
( -1  89  -25  )
( 143  -28  165  )
( 86  154  -182  )
( 112  172  35  )
( -136  -183  -124  )
( 133  97  -166  )
( 22  -100  1  )
( -147  -194  120  )
( 164  138  -196  )
( -55  110  -111  )
( -58  183  -117  )
( 170  -69  -88  )
( 157  42  16  )
( 141  -25  -2  )
( -166  -62  168  )
( 0  152  -111  )
( 54  157  12  )
( -74  129  -47  )
( 187  110  64  )
( -36  -123  88  )
( 145  188  -7  )
( 187  -178  15  )
( -150  156  172  )
( -91  41  -193  )
( 48  -23  127  )
( 198  0  120  )
( 96  -147  79  )
( 97  134  -122  )
( -23  -193  21  )
( 159  -75  -79  )
( 30  125  -33  )
( 156  18  126  )
( -87  -50  70  )
( -45  -164  189  )
( -71  -146  -193  )
( -21  -135  -198  )
( -112  -168  20  )
( 20  6  80  )
( 141  -171  107  )
( -178  19  -110  )
( -95  86  143  )
( -53  18  -130  )
( 183  -142  -11  )
( 76  -58  -109  )
( 121  -123  144  )
( -117  65  -49  )
( 162  152  -195  )
( 159  -78  -67  )
( 89  54  6  )
( -145  -92  -159  )
( 137  -121  -191  )
( -156  -164  -73  )
( -158  -118  -43  )
( -73  -94  -160  )
( -30  171  -101  )
( 113  -75  -140  )
( 189  114  158  )
( 162  -79  19  )
( -93  -7  -44  )
( -90  -89  17  )
( -107  -139  -155  )
( -126  199  88  )
( 53  -164  137  )
( 146  -72  165  )
( -97  70  -49  )
( -20  170  52  )
( -191  114  134  )
( -164  158  76  )
( 115  -15  -52  )
( -145  42  -165  )
( -57  -131  -127  )
( -1  5  130  )
( 109  -47  191  )
( -93  -92  -153  )
( 5  -30  92  )
( -95  -123  126  )
( 43  -96  190  )
( -32  -6  54  )
( 130  165  -117  )
( 52  20  109  )
( -90  35  118  )
( 111  -142  -50  )
( 93  -45  131  )
( 104  129  -165  )
( 139  195  197  )
( 25  193  138  )
( 134  -185  -24  )
( 31  170  -62  )
( -157  149  34  )
( -98  192  -61  )
( 45  82  100  )
( 117  -1  99  )
( -29  5  -38  )
( -79  -25  -147  )
( 195  17  174  )
( 178  -6  151  )
( 174  3  -9  )
( -138  16  -167  )
( 76  32  -141  )
( 167  96  -116  )
( -167  -176  20  )
( 190  -160  -167  )
( 10  76  -173  )
( 117  -129  191  )
( -112  -183  187  )
( -98  83  -88  )
( 73  159  -191  )
( -146  15  -113  )
( 188  62  -135  )
( 71  -93  179  )
( 93  -0  163  )
( 132  196  83  )
( -31  50  -195  )
( 112  5  49  )
( 93  29  -58  )
( -90  191  -60  )
( 24  -130  80  )
( -85  28  71  )
( 100  -124  113  )
( -21  -140  -32  )
( -66  96  -105  )
( 184  -181  72  )
( 81  167  -88  )
( 151  129  184  )
( 139  46  8  )
( -141  -53  -106  )
( 35  -103  163  )
( 136  54  77  )
( -144  155  -16  )
( -125  -19  -108  )
( -170  -124  -90  )
( 81  -76  179  )
( -137  -3  164  )
( -116  -190  -64  )
( -74  -107  -53  )
( -27  -172  89  )
( 15  -70  97  )
( 188  -138  -128  )
( -170  180  197  )
( -85  151  -23  )
( -176  19  61  )
( -75  -116  -107  )
( -172  99  100  )
( -78  -1  80  )
( 198  -118  174  )
( 191  104  141  )
( 80  70  193  )
( 85  -90  -63  )
( -125  -152  133  )
( -163  26  -178  )
( 17  91  186  )
( 77  -101  -22  )
( -191  79  197  )
( -112  164  7  )
( -90  -13  67  )
( -88  73  98  )
( -135  146  -107  )
( 111  -70  166  )
( -3  139  116  )
( 61  -78  -135  )
( -25  106  103  )
( -26  198  -50  )
( 189  83  196  )
( 96  -81  2  )
( -139  188  -65  )
( 47  33  141  )
( 120  -81  30  )
( 82  59  -80  )
( -59  156  185  )
( -52  -20  198  )
( 175  -190  28  )
( 92  -140  -104  )
( 123  -0  52  )
( -3  -112  67  )
( -1  -37  -36  )
( 89  59  -14  )
( 177  -111  77  )
( -118  -105  -178  )
( -57  -162  37  )
( 79  24  163  )
( 82  -80  149  )
( 94  190  138  )
( 184  145  164  )
( -69  -159  -57  )
