( -11  190  -112  )
( -133  -136  -80  )
( 6  66  130  )
( -112  95  -187  )
( -44  -98  147  )
( 161  -128  129  )
( 188  126  155  )
( 115  27  -4  )
( 37  134  -154  )
( 6  -79  31  )
( -127  -162  167  )
( 30  40  -197  )
( 156  40  -49  )
( 173  -40  0  )
( 31  -58  -114  )
( -168  10  -186  )
( -179  -56  -154  )
( 73  -62  -59  )
( 190  -128  188  )
( 90  42  146  )
( 165  116  57  )
( -131  88  -145  )
( 153  -127  112  )
( -129  -78  -165  )
( -74  -188  -31  )
( 101  54  58  )
( -75  159  152  )
( 45  -5  53  )
( -128  -25  -42  )
( 60  -107  39  )
( 164  -163  134  )
( 123  -129  -130  )
( -73  181  -190  )
( -105  109  -86  )
( 66  -38  -138  )
( 131  -157  20  )
( -81  -51  -99  )
( 195  -127  -158  )
( -76  20  -97  )
( -8  -23  -27  )
( 4  -178  -114  )
( 171  193  -96  )
( -138  5  114  )
( 127  74  -199  )
( 147  167  144  )
( 133  -182  157  )
( -42  68  -48  )
( -113  -136  -145  )
( -92  110  -105  )
( 165  12  10  )
( -92  -98  -30  )
( 172  -19  -122  )
( -32  -72  -44  )
( 83  197  -105  )
( 87  33  -60  )
( 111  47  35  )
( -5  -140  -25  )
( 12  -193  199  )
( 139  113  66  )
( 69  81  -175  )
( 148  -3  185  )
( 173  66  130  )
( -1  -173  -176  )
( 140  -68  -188  )
( 57  14  -143  )
( 193  -170  -43  )
( 113  -139  -131  )
( 193  71  97  )
( 194  -69  138  )
( -99  170  91  )
( 14  85  135  )
( -87  -140  -103  )
( 123  -77  84  )
( -34  170  -147  )
( 111  32  132  )
( -191  -148  -8  )
( 188  89  -100  )
( 195  87  -102  )
( -183  13  172  )
( 70  -116  -142  )
( 67  191  -114  )
( -134  70  -124  )
( 86  94  92  )
( -140  -185  198  )
( -32  -152  -42  )
( -108  -132  120  )
( -155  -127  84  )
( -41  -32  177  )
( -184  -158  -176  )
( -26  -151  44  )
( 166  74  92  )
( -25  -154  140  )
( 52  32  -171  )
( -139  -173  47  )
( 97  -197  -119  )
( 175  14  193  )
( -20  124  183  )
( 87  120  61  )
( 9  -166  -106  )
( 24  -135  -32  )
( -170  -65  62  )
( 168  -35  -181  )
( -25  51  -48  )
( 14  -38  -128  )
( -176  -88  -157  )
( -122  -47  67  )
( 15  174  135  )
( -122  28  -43  )
( 156  -117  96  )
( -191  143  165  )
( 181  41  -109  )
( 41  -94  185  )
( 74  -24  -4  )
( 11  -47  -199  )
( 43  83  155  )
( 43  -152  115  )
( 53  89  34  )
( -85  -180  -72  )
( -21  -194  174  )
( 20  188  145  )
( 18  194  -58  )
( 1  -148  26  )
( 140  189  134  )
( -176  -125  167  )
( -183  -102  -27  )
( -47  199  -18  )
( -152  -1  140  )
( 161  -133  127  )
( -154  2  188  )
( 110  -124  -75  )
( 41  -8  -195  )
( 52  18  92  )
( -48  -113  44  )
( 85  194  -133  )
( -26  168  -95  )
( 134  -79  64  )
( -122  17  -104  )
( 8  -185  70  )
( -197  -110  -100  )
( -19  99  -176  )
( -29  119  61  )
( 26  183  -67  )
( -40  -58  63  )
( -171  -111  166  )
( 11  -125  -104  )
( -178  52  176  )
( -106  59  -43  )
( 69  127  -48  )
( 32  -25  73  )
( 32  -135  181  )
( -48  168  -50  )
( -6  -27  60  )
( -194  135  -92  )
( 124  -17  -90  )
( 60  151  -2  )
( 59  197  -29  )
( -111  199  -45  )
( 19  -183  -86  )
( -144  166  -48  )
( 142  -128  -92  )
( 37  -164  -184  )
( -113  149  -87  )
( 39  40  -18  )
( -58  52  -105  )
( -29  -182  24  )
( -146  39  -197  )
( 23  191  43  )
( -120  -5  -9  )
( 1  149  -123  )
( -12  -184  -94  )
( -195  121  -110  )
( -131  -28  0  )
( -170  -42  -196  )
( 195  -47  168  )
( 89  3  -44  )
( -124  197  47  )
( -159  -122  42  )
( -17  8  -125  )
( 43  74  -126  )
( -142  92  -196  )
( 163  -92  7  )
( 130  -39  -73  )
( 69  152  197  )
( -86  67  17  )
( -81  -124  90  )
( 178  -79  -12  )
( 45  -81  -80  )
( 32  -43  -13  )
( 68  -139  19  )
( -75  -87  -36  )
( -172  73  103  )
( -94  60  -74  )
( 194  198  99  )
( 133  97  -159  )
( -67  -65  197  )
( -140  -183  -151  )
( -147  -42  151  )
( -198  -164  -98  )
( 148  51  -46  )
( 39  15  -160  )
( -33  -67  162  )
( -136  -198  143  )
( -170  196  93  )
( 8  -2  50  )
( -5  -89  -97  )
( -164  -113  125  )
( -137  -92  -79  )
( 53  59  -12  )
( -195  -77  113  )
( 93  -42  -45  )
( 144  63  140  )
( 129  -39  -24  )
( -132  -195  -149  )
( -37  116  77  )
( -93  -76  -82  )
( -132  143  56  )
( 78  -67  175  )
( 185  182  67  )
( 21  -69  -65  )
( -115  49  -131  )
( 155  166  -192  )
( -113  -90  -175  )
( -159  170  -65  )
( -95  6  146  )
( -68  7  59  )
( 45  -61  -115  )
( 48  -3  65  )
( 195  71  -106  )
( -80  15  -157  )
( -125  112  31  )
( -102  153  -38  )
( 135  -83  -19  )
( 41  -109  113  )
( 43  72  106  )
( 159  -37  -38  )
( -67  120  -44  )
( 193  -40  92  )
( -57  76  107  )
( 115  -162  -70  )
( 137  63  103  )
( 107  -75  53  )
( -161  188  -21  )
( 193  -198  126  )
( 32  -26  24  )
( -164  -4  181  )
( -172  165  96  )
( -41  -194  -69  )
( 182  -49  -92  )
( 36  145  89  )
( -132  -64  94  )
( 20  -140  -130  )
( -155  -141  -29  )
( -66  146  -98  )
( -22  -79  142  )
( -1  -119  194  )
( 57  -44  -82  )
( -41  -132  -74  )
( -37  -74  55  )
( 2  -165  -100  )
( -124  -31  -74  )
( 166  -107  -132  )
( 78  -127  -167  )
( 137  191  -150  )
( -168  116  97  )
( 140  32  -124  )
( 66  198  140  )
( 113  -118  -10  )
( -177  72  -101  )
( 114  65  11  )
( -58  129  185  )
( 151  6  -67  )
( -132  196  141  )
( -103  -144  196  )
( 111  -4  -1  )
( -156  -72  90  )
( -106  99  -147  )
( -100  17  -198  )
( 1  82  126  )
( 99  -68  -198  )
( 25  -124  108  )
( -198  -147  116  )
( 7  80  -59  )
( -17  -163  96  )
( -17  -87  57  )
( -45  -74  62  )
( 62  -170  -112  )
( 97  47  164  )
( 186  -179  -102  )
( 193  129  32  )
( 33  -34  87  )
( 199  89  24  )
( 38  -26  102  )
( 175  100  -146  )
( -78  -174  37  )
( -149  -91  -29  )
( 48  -72  -179  )
( -88  -160  91  )
( -165  133  -170  )
( -153  -102  -138  )
( -134  -146  63  )
( -70  116  60  )
( -123  134  2  )
( -191  130  139  )
( 43  -63  -192  )
( 122  169  -191  )
( 21  -187  -146  )
( 43  149  6  )
( 141  -16  -43  )
( 183  -100  194  )
( 101  179  -19  )
( 89  -122  53  )
( -121  -133  -46  )
( -101  14  -77  )
( -135  75  -186  )
( 1  -83  41  )
( 100  143  186  )
( -19  12  -108  )
( -141  143  -104  )
( -186  142  131  )
( 38  24  130  )
( 189  75  -32  )
( -129  169  -77  )
( -67  -79  -63  )
( 88  85  89  )
( 184  -123  120  )
( 68  -197  -182  )
( -46  -5  33  )
( -197  -49  16  )
( 43  42  179  )
( -59  -174  -43  )
( -174  110  99  )
( 164  4  161  )
( -184  86  111  )
( 192  -87  5  )
( 13  102  -125  )
( -182  121  -144  )
( -52  -34  -59  )
( -152  181  77  )
( 91  39  -161  )
( -89  -188  -68  )
( -186  -66  193  )
( 114  48  107  )
( -40  46  -182  )
( -14  55  182  )
( -161  195  174  )
( 3  81  130  )
( -103  -181  119  )
( -66  21  3  )
( 98  -91  62  )
( -38  -128  40  )
( 132  -48  35  )
( 80  -153  164  )
( -137  -83  166  )
( 114  145  -44  )
( -58  53  82  )
( -30  -38  -95  )
( 70  180  7  )
( -163  -46  79  )
( 146  -189  79  )
( 68  22  191  )
( -163  -128  38  )
( -87  -86  -57  )
( 10  25  -23  )
( 90  -3  136  )
( 184  101  123  )
( -164  -19  -130  )
( 92  135  -10  )
( -123  -25  133  )
( 32  134  -114  )
( -157  -168  -100  )
( -17  -16  10  )
( -197  -195  143  )
( 188  -18  -117  )
( -85  -68  115  )
( -107  -30  -64  )
( -85  187  -158  )
( -114  15  124  )
( -181  76  -56  )
( 162  126  107  )
( 175  145  -81  )
( 134  -146  -51  )
( 65  -48  25  )
( -59  -66  25  )
( -194  -35  -36  )
( -139  36  141  )
( -76  -121  34  )
( -68  -182  48  )
( 136  144  128  )
( -52  -165  177  )
( -104  -177  -142  )
( 127  138  -166  )
( 157  143  -53  )
( -136  103  54  )
( 174  -93  -119  )
( -104  -63  -13  )
( -70  -71  -139  )
( -14  85  156  )
( 165  -115  166  )
( -62  -91  135  )
( 48  117  -67  )
( 129  -171  -55  )
( 54  195  -46  )
( -152  95  -185  )
( 199  -85  98  )
( 188  -166  95  )
( 148  197  27  )
( -198  -73  -19  )
( 33  -56  -138  )
( -78  -156  140  )
( 102  -118  112  )
( -26  179  10  )
( 60  148  110  )
( -188  -102  130  )
( 147  -44  158  )
( -132  -90  -171  )
( -135  -176  -66  )
( 182  143  123  )
( -97  -67  99  )
( -102  -195  -84  )
( 34  -103  172  )
( -88  -73  37  )
( -49  -141  38  )
( -87  -89  129  )
( -80  132  -69  )
( 179  -177  -126  )
( -166  -136  -110  )
( -43  199  193  )
( -197  139  88  )
( 123  167  53  )
( 21  -87  -118  )
( 77  -140  -18  )
( -133  -182  172  )
( 127  -64  49  )
( -86  -13  161  )
( 83  -148  -154  )
( -11  98  176  )
( -98  193  18  )
( -100  -75  192  )
( 36  166  51  )
( -1  -9  52  )
( 167  54  -86  )
( 191  -65  -136  )
( 74  -21  -123  )
( -30  106  -63  )
( -36  -89  -22  )
( 169  83  140  )
( 149  114  132  )
( -129  142  -20  )
( 153  -66  106  )
( -60  28  -27  )
( -1  4  150  )
( -190  16  -9  )
( -99  54  -50  )
( -80  94  -181  )
( 89  179  -48  )
( 174  165  175  )
( 97  -179  -137  )
( 191  -99  90  )
( 104  145  113  )
( -116  -130  140  )
( -40  -109  189  )
( -192  26  19  )
( -197  78  -21  )
( -65  100  152  )
( 184  -166  31  )
( -194  88  175  )
( -82  -92  -165  )
( -155  130  -135  )
( -135  -108  186  )
( 148  -168  159  )
( 79  102  124  )
( 149  169  153  )
( -100  -116  89  )
( -186  172  -91  )
( -174  -35  118  )
( -151  -39  33  )
( -184  -118  -157  )
( -64  29  124  )
( 90  -8  172  )
( 85  58  190  )
( 77  18  101  )
( 42  161  160  )
( -27  -18  -11  )
( 43  85  -8  )
( -139  163  -86  )
( -149  -5  -108  )
( 88  -52  189  )
( -159  108  -24  )
( 154  -92  -103  )
( -56  -155  141  )
( -63  153  -142  )
( 79  106  120  )
( 190  110  -5  )
( -69  82  24  )
( -39  7  -22  )
( 8  -183  44  )
( 10  -54  82  )
( 135  177  -46  )
( 96  87  -192  )
( -82  146  -125  )
( 109  102  -93  )
( 164  -156  -99  )
( 112  53  -125  )
( 93  -104  -49  )
( 67  -79  -78  )
( -125  74  197  )
( 57  95  79  )
( 34  85  41  )
( -146  196  114  )
( 141  144  -110  )
( 134  113  114  )
( 5  122  -157  )
( 69  49  -31  )
( -130  100  134  )
( -55  94  -17  )
( 172  157  104  )
( 169  -4  101  )
( 81  -125  160  )
( -90  -144  69  )
( -56  46  191  )
( -61  -147  -156  )
( 129  -63  -168  )
( 169  174  -181  )
( -98  -122  64  )
( 128  162  -58  )
( 84  -186  -98  )
( 95  -24  199  )
( 147  -44  126  )
( -179  -73  109  )
( 6  83  46  )
( -86  75  142  )
( 157  42  -133  )
( 50  -82  -126  )
( 142  24  -0  )
( 0  43  -143  )
( -19  -176  2  )
( 166  94  76  )
( -78  139  -155  )
( 82  -91  128  )
( 147  104  -115  )
( -182  120  -121  )
( 125  47  128  )
( -108  179  170  )
( 120  -164  -34  )
( 142  -2  -99  )
( 175  -95  40  )
( -32  17  134  )
( -194  19  -135  )
( 110  50  -91  )
( 70  131  53  )
( 83  170  12  )
( -152  -94  -129  )
( 165  193  -90  )
( 62  138  24  )
( 146  -11  197  )
( 54  -77  75  )
( 81  130  79  )
( 75  169  163  )
( 25  42  -131  )
( -130  -183  -2  )
( 21  177  -60  )
( -191  150  -99  )
( 9  -141  63  )
( -153  -0  -118  )
( -110  97  198  )
( 103  -154  142  )
( 150  -108  -54  )
( -118  -88  156  )
( -176  -195  140  )
( 152  94  76  )
( 16  78  -69  )
( -162  54  103  )
( 81  -27  22  )
( -195  15  -114  )
( 31  118  -64  )
( -127  -172  18  )
( -47  -153  -160  )
( 57  38  -159  )
( -143  185  -193  )
( 42  -34  -170  )
( -93  -49  172  )
( -107  -60  54  )
( 79  72  -155  )
( -16  -12  -13  )
( 94  -24  -136  )
( 41  17  125  )
( 25  -38  -26  )
( 195  -6  -104  )
( -123  -53  138  )
( -15  18  -48  )
( -26  -150  -186  )
( -133  37  81  )
( -171  161  -80  )
( 175  71  160  )
( 61  -51  -167  )
( 161  -76  -129  )
( -132  80  -104  )
( -179  -189  -162  )
( -151  186  -74  )
( -2  139  -75  )
( 114  63  -144  )
( -137  -51  -151  )
( -71  -41  45  )
( -175  37  -127  )
( 79  -110  183  )
( -179  -195  -156  )
( -14  173  -106  )
( -128  -168  22  )
( -39  -143  -129  )
( 36  92  16  )
( 42  -56  85  )
( -158  -132  -100  )
( 152  -164  -60  )
( -29  -53  136  )
( 105  169  197  )
( 184  11  114  )
( -183  -163  -147  )
( -54  71  -52  )
( -18  -90  -136  )
( 24  167  -19  )
( -131  144  -4  )
( -65  148  137  )
( 29  -14  87  )
( 37  -52  144  )
( 62  -169  -172  )
( 28  -106  -45  )
( -86  9  -184  )
( 16  -174  151  )
( -187  110  -142  )
( 3  94  -104  )
( -116  -178  71  )
( -67  -173  76  )
( -184  -158  -85  )
( 127  -55  -154  )
( 198  -164  -166  )
( -193  173  -77  )
( 42  -111  -198  )
( -130  162  181  )
( -107  -77  -95  )
( -87  -101  -106  )
( -111  -77  89  )
( 44  86  -69  )
( 100  -86  -59  )
( 12  -76  102  )
( 26  -47  181  )
( -2  -194  -51  )
( 199  -30  -98  )
( 102  -105  -14  )
( -71  152  89  )
( 188  66  98  )
( -17  193  144  )
( 29  -95  132  )
( 55  -53  -82  )
( 169  59  -98  )
( 56  54  99  )
( -71  96  153  )
( -155  153  -147  )
( -192  -106  -147  )
( -127  -32  183  )
( -199  165  -128  )
( 34  -72  158  )
( 156  11  99  )
( 49  2  57  )
( -91  196  113  )
( -14  33  -155  )
( 77  -198  39  )
( 187  68  136  )
( -74  -105  -182  )
( -38  -78  -72  )
( 73  -160  -1  )
( -87  154  34  )
( -18  -185  -160  )
( -144  -125  -100  )
( 187  -49  -166  )
( 167  156  183  )
( -18  22  -129  )
( -57  77  58  )
( 164  -4  -62  )
( 87  33  109  )
( 27  -42  -89  )
( -151  9  77  )
( -0  -139  79  )
( 121  148  -104  )
( 119  61  165  )
( 1  135  -113  )
( 54  -22  73  )
( 0  10  -150  )
( -40  -94  153  )
( -170  -125  158  )
( -10  79  84  )
( -181  176  -60  )
( -152  77  176  )
( -135  -173  -29  )
( -127  -49  -95  )
( 196  -49  103  )
( -49  2  -23  )
( -131  59  67  )
( 142  -117  -81  )
( -63  -144  -134  )
( 73  30  167  )
( 16  31  -120  )
( 160  -86  66  )
( 63  121  -158  )
( 192  16  -142  )
( -17  132  -59  )
( 197  157  -17  )
( 89  80  -34  )
( 66  -153  81  )
( 18  55  118  )
( -72  -60  95  )
( 162  116  38  )
( 197  -196  -116  )
( -103  115  -83  )
( -55  19  90  )
( 151  61  50  )
( 187  195  191  )
( 12  -116  44  )
( -107  146  -172  )
( -104  -31  -32  )
( -130  -117  94  )
( 158  -54  -11  )
( 192  -52  16  )
( -159  178  -130  )
( 188  137  39  )
( 141  -187  118  )
( 144  150  173  )
( 11  -86  3  )
( -96  51  58  )
( 64  46  82  )
( -150  -121  104  )
( 116  176  2  )
( 49  -142  -149  )
( -178  -81  4  )
( -11  -8  153  )
( 51  56  64  )
( 48  -150  -35  )
( 13  -10  122  )
( -67  -191  -185  )
( -114  44  129  )
( 20  -15  -62  )
( -194  160  -176  )
( 88  96  -93  )
( -192  85  180  )
( 20  -29  -138  )
( 53  -78  -141  )
( -194  -53  -38  )
( -105  20  4  )
( 145  -46  22  )
( -54  170  -16  )
( 56  12  137  )
( 27  175  -48  )
( -143  107  -121  )
( -65  -9  74  )
( 141  -115  146  )
( -123  -110  -104  )
( 86  -183  172  )
( 138  6  -14  )
( -28  70  -19  )
( 34  171  195  )
( -46  -102  -95  )
( 179  145  -163  )
( 91  -177  92  )
( -34  82  -16  )
( 121  158  37  )
( -175  163  36  )
( -28  92  -79  )
( -20  -156  -148  )
( -98  -186  103  )
( 192  -0  -95  )
( 105  -66  -71  )
( -51  -145  -74  )
( -23  -80  -21  )
( -26  150  137  )
( -39  -32  -76  )
( -185  -109  56  )
( 124  132  106  )
( 96  71  181  )
( -28  -21  118  )
( 84  153  -151  )
( -168  -78  -62  )
( 44  -60  108  )
( -181  -109  162  )
( 48  -104  50  )
( 153  109  34  )
( 11  65  115  )
( -171  127  98  )
( -112  -27  176  )
( -67  -157  28  )
( -94  -95  15  )
( 63  53  -71  )
( -47  -80  181  )
( -198  17  -199  )
( -168  -19  -170  )
( 193  147  -145  )
( -51  123  -179  )
( 38  123  -60  )
( -82  195  -26  )
( -60  -178  7  )
( -181  -116  -102  )
( -124  42  -194  )
( -73  -106  36  )
( -9  -115  20  )
( -33  -156  186  )
( -199  7  -8  )
( 106  77  130  )
( 58  -51  45  )
( 73  -41  -47  )
( -0  -53  -190  )
( 69  18  158  )
( 29  -133  -93  )
( 73  80  132  )
( -46  84  -142  )
( 74  -21  -121  )
( 6  -77  66  )
( -196  6  -21  )
( 150  -104  -61  )
( 83  -35  -25  )
( 86  90  111  )
( -9  -1  124  )
( 17  1  -170  )
( 74  -14  -152  )
( 62  -140  198  )
( 124  191  -98  )
( -17  -132  72  )
( 97  -155  -13  )
( -67  75  138  )
( -107  94  -119  )
( -142  -13  114  )
( 73  118  -82  )
( 197  -64  89  )
( 18  -107  -5  )
( -131  -154  -117  )
( 104  -189  -142  )
( 80  -117  -163  )
( -92  -177  -52  )
( -155  141  45  )
( -68  -118  150  )
( -26  151  58  )
( 111  20  102  )
( 158  136  -105  )
( -25  -19  72  )
( 148  -145  -48  )
( 174  15  -103  )
( 71  139  186  )
( -170  128  27  )
( -37  -148  139  )
( -28  196  1  )
( -65  137  -33  )
( 147  169  151  )
( 49  -28  50  )
( 41  1  -92  )
( -20  -83  -103  )
( -50  -76  120  )
( -129  -95  -55  )
