( -146  17  -101  )
( -61  118  109  )
( 150  166  183  )
( 57  -189  167  )
( -173  104  28  )
( 3  -128  -21  )
( 36  131  132  )
( -113  19  -106  )
( -83  135  -16  )
( 80  73  -8  )
( -164  46  -29  )
( 135  -156  18  )
( -157  -9  32  )
( 85  102  -133  )
( -80  -177  53  )
( 91  -167  55  )
( 175  -149  76  )
( 53  -187  -73  )
( -95  -82  158  )
( -62  -78  96  )
( -45  -189  -190  )
( 46  -140  -97  )
( -7  -163  197  )
( -74  62  -17  )
( 139  191  -50  )
( -85  -175  -3  )
( -119  -20  44  )
( -42  21  -104  )
( 198  -72  102  )
( -111  -178  -157  )
( -116  -8  -129  )
( 40  60  76  )
( -3  66  94  )
( -50  -86  39  )
( 179  81  155  )
( 0  -100  -52  )
( -98  52  -117  )
( -162  -133  -67  )
( 56  146  -190  )
( 170  31  82  )
( 6  8  138  )
( -83  -30  51  )
( -136  15  -14  )
( -106  79  60  )
( -38  -163  119  )
( 153  188  34  )
( -193  -84  -164  )
( -104  -52  91  )
( 150  129  -16  )
( 36  -114  50  )
( 190  -155  -101  )
( -109  -12  -133  )
( -77  63  -159  )
( -90  -100  -186  )
( -17  100  134  )
( 36  97  141  )
( -197  -176  61  )
( 174  -47  -181  )
( -111  -44  -135  )
( -163  -34  88  )
( -187  -93  175  )
( 13  151  -46  )
( 179  -26  43  )
( -48  92  -52  )
( -154  187  -170  )
( 64  23  -123  )
( -66  143  -84  )
( -91  -23  150  )
( -44  96  46  )
( -193  -67  -89  )
( -114  -192  100  )
( 9  -142  93  )
( -175  122  -74  )
( 109  159  -40  )
( -116  -16  -54  )
( -164  25  -111  )
( 197  34  -45  )
( -103  -113  -182  )
( -115  -116  -162  )
( -165  -47  -26  )
( -99  -67  -81  )
( 153  22  98  )
( 40  175  -108  )
( 129  14  179  )
( 83  -111  -109  )
( 68  -195  -8  )
( -20  83  -39  )
( -161  -150  -26  )
( 11  68  116  )
( -39  -2  50  )
( -45  160  -81  )
( -109  135  168  )
( -102  -165  -95  )
( 175  -114  134  )
( -174  92  -127  )
( -78  43  107  )
( 172  159  153  )
( -43  16  -14  )
( -174  -83  86  )
( -159  156  -101  )
( -20  97  -53  )
( -128  179  147  )
( -82  -7  -185  )
( -87  121  -61  )
( -158  -49  -104  )
( 1  51  -153  )
( 52  -9  141  )
( -158  9  -197  )
( -45  130  197  )
( 185  -170  121  )
( -88  -142  35  )
( -154  -157  -100  )
( -19  -112  159  )
( 42  -167  -14  )
( -93  141  -55  )
( -93  133  34  )
( 98  154  170  )
( 187  -165  196  )
( -99  -129  -106  )
( -192  -16  -19  )
( -165  65  84  )
( 35  79  -187  )
( 44  -84  -42  )
( 112  -132  94  )
( -37  153  95  )
( -43  -147  -64  )
( -163  -10  -157  )
( 199  -88  -188  )
( 28  86  -156  )
( -149  -163  -167  )
( 170  3  -132  )
( 117  192  -174  )
( 7  -134  100  )
( -186  119  69  )
( 116  -70  134  )
( -144  140  157  )
( -111  37  52  )
( 118  -194  168  )
( -173  179  -196  )
( -103  38  188  )
( -32  121  131  )
( -91  155  -23  )
( 8  -107  181  )
( -60  77  61  )
( 18  -41  166  )
( -116  7  36  )
( -143  -47  139  )
( 154  -103  -104  )
( -12  -120  19  )
( 122  148  85  )
( 25  69  -158  )
( 105  108  82  )
( -188  195  -80  )
( -30  -166  95  )
( -180  130  -187  )
( 11  125  -198  )
( -36  -67  108  )
( -12  -38  -99  )
( 84  -62  -141  )
( 30  -138  163  )
( -25  -90  96  )
( -151  -192  -150  )
( -26  151  -101  )
( -138  -89  -164  )
( 189  95  -49  )
( 105  -133  66  )
( 0  108  -35  )
( -185  148  83  )
( -0  -72  -65  )
( 34  -33  176  )
( 24  61  -156  )
( 178  118  60  )
( 161  -127  -123  )
( -31  126  -155  )
( 98  178  -116  )
( -182  112  -125  )
( 7  -92  -2  )
( 65  -13  -60  )
( 1  -198  161  )
( -35  -62  -199  )
( -103  -98  95  )
( 109  91  -151  )
( -178  -75  78  )
( -39  179  3  )
( -105  109  -179  )
( -31  -1  -11  )
( 176  22  55  )
( -31  62  -76  )
( 183  -131  -100  )
( 114  149  -130  )
( 38  97  -158  )
( -41  -97  3  )
( -188  30  111  )
( -42  27  26  )
( -113  1  8  )
( -98  -18  142  )
( 198  166  -172  )
( 135  -52  93  )
( -3  -65  -185  )
( 136  40  159  )
( -85  -92  149  )
( 88  -156  179  )
( -163  -10  -58  )
( 50  86  47  )
( -150  -115  -66  )
( 139  6  -125  )
( -157  -77  -95  )
( -78  155  9  )
( -52  6  146  )
( 76  28  156  )
( 96  -159  -119  )
( 176  100  58  )
( -101  -126  -8  )
( -84  -198  -48  )
( 173  197  4  )
( -66  123  34  )
( -59  -168  -80  )
( 24  119  127  )
( -70  -28  -75  )
( -198  130  180  )
( 91  168  -143  )
( 9  -103  -64  )
( -195  31  -68  )
( -44  -113  95  )
( 184  -125  -8  )
( 99  -112  111  )
( 129  118  31  )
( -124  -172  73  )
( -137  -118  166  )
( -137  192  99  )
( 62  157  -43  )
( -1  -45  -50  )
( -17  -85  83  )
( -38  -42  -45  )
( 81  134  -56  )
( 59  34  -181  )
( -56  -173  74  )
( 69  155  127  )
( 198  -68  164  )
( 45  -51  -171  )
( -12  14  -69  )
( -107  -114  -70  )
( 55  -37  -114  )
( 99  131  -34  )
( -69  88  118  )
( -148  190  184  )
( -160  -156  -18  )
( 160  126  49  )
( -196  130  87  )
( -147  -173  -90  )
( -30  194  -83  )
( 153  -155  -118  )
( -165  -72  30  )
( -8  -100  152  )
( 126  145  45  )
( -39  -110  111  )
( -183  81  -154  )
( 92  49  192  )
( 18  -79  198  )
( 177  131  32  )
( 106  118  -188  )
( -108  122  68  )
( 14  126  20  )
( -80  -109  -58  )
( -39  27  -23  )
( 49  -198  -64  )
( -195  -192  14  )
( 150  117  136  )
( -136  -5  147  )
( 102  70  165  )
( -113  -161  85  )
( -41  10  72  )
( -133  134  -181  )
( 122  25  -190  )
( -171  -15  -57  )
( 79  136  -3  )
( -78  -33  -130  )
( -166  168  -40  )
( -24  -170  129  )
( 116  141  -157  )
( 146  -149  -108  )
( 197  6  95  )
( 140  106  75  )
( 11  -100  178  )
( -26  72  -18  )
( 172  -132  -86  )
( 171  -126  107  )
( -78  -112  -130  )
( -90  14  -190  )
( -23  154  195  )
( 48  92  -13  )
( -140  -161  163  )
( -121  99  -11  )
( 115  15  181  )
( 187  -159  185  )
( 155  138  172  )
( 99  -7  -89  )
( 81  26  -153  )
( -21  -20  147  )
( 79  -151  135  )
( 103  0  70  )
( -112  133  141  )
( 48  -184  7  )
( -151  -170  66  )
( -191  -41  29  )
( -145  192  157  )
( 66  -94  -143  )
( 198  152  -151  )
( 102  -198  176  )
( 161  -186  82  )
( 136  -80  -39  )
( -164  -9  -149  )
( 47  -35  4  )
( -38  120  -46  )
( -13  -5  -157  )
( -50  -104  -92  )
( -87  -192  54  )
( 35  -28  -91  )
( -116  -9  -137  )
( -188  -124  -157  )
( -10  113  -75  )
( -167  -70  139  )
( 197  -26  -171  )
( 121  50  -194  )
( -106  -30  18  )
( -167  -67  127  )
( 117  115  175  )
( -199  -113  -41  )
( 97  -99  86  )
( 116  67  0  )
( 177  128  101  )
( -123  -195  1  )
( -58  -0  1  )
( -50  118  -186  )
( 149  121  185  )
( -165  93  -69  )
( -95  -43  -183  )
( 64  15  43  )
( -59  -188  -100  )
( -195  -14  157  )
( 31  153  -115  )
( -103  32  -190  )
( -173  26  52  )
( 69  27  59  )
( -57  103  191  )
( -36  26  155  )
( -107  138  -19  )
( -157  117  20  )
( 168  -67  49  )
( -65  -35  88  )
( -121  40  -67  )
( -146  -54  39  )
( 73  167  -149  )
( 25  -179  -129  )
( -1  -99  82  )
( 167  187  135  )
( -69  -128  124  )
( -16  167  -155  )
( -42  -164  163  )
( 85  -148  61  )
( 197  43  61  )
( 15  113  -7  )
( -44  144  -90  )
( -36  199  -155  )
( -152  -99  -53  )
( 109  -127  165  )
( 11  -70  194  )
( 119  -85  -72  )
( 192  166  188  )
( 120  -82  -18  )
( -163  -92  122  )
( 30  -94  18  )
( -158  85  46  )
( -101  -150  -91  )
( 193  -81  -38  )
( 55  46  -132  )
( -71  -88  -118  )
( -192  28  128  )
( 150  -96  -82  )
( 45  -93  198  )
( -62  -94  -54  )
( -33  -186  128  )
( 125  -79  192  )
( 187  -4  -146  )
( -101  125  188  )
( 11  181  -131  )
( -97  -137  -7  )
( 33  -111  187  )
( 120  -12  163  )
( 43  -170  81  )
( 111  44  22  )
( -119  -57  171  )
( 24  4  -159  )
( 62  147  28  )
( -7  -69  -71  )
( -39  -74  48  )
( -78  79  84  )
( -117  -148  -4  )
( 50  -114  32  )
( -198  27  30  )
( -117  -47  4  )
( -124  142  -46  )
( -126  70  103  )
( 130  102  -103  )
( 183  -66  103  )
( 160  183  94  )
( 191  135  185  )
( 129  197  43  )
( 71  -101  -74  )
( -149  -11  -31  )
( -34  178  35  )
( 149  -39  -64  )
( 113  49  -174  )
( 48  35  89  )
( -121  166  193  )
( 173  100  122  )
( -35  193  -9  )
( -128  61  -74  )
( -170  -159  -192  )
( 191  -128  196  )
( -127  -167  133  )
( -81  73  188  )
( 18  -75  -183  )
( 58  175  -54  )
( -107  160  -186  )
( 61  179  119  )
( -3  -85  -136  )
( 5  109  177  )
( 194  -2  -8  )
( -144  191  -69  )
( -178  -94  37  )
( 143  110  187  )
( 181  82  -99  )
( 139  80  -21  )
( -78  171  -93  )
( 84  46  160  )
( -179  -163  96  )
( -85  110  54  )
( 86  -87  168  )
( -95  -145  -73  )
( -112  -9  -16  )
( 108  38  76  )
( 101  89  -25  )
( 80  -57  186  )
( -167  -9  -32  )
( 157  193  123  )
( -4  139  5  )
( 178  196  1  )
( 59  -88  -46  )
( -36  -89  114  )
( 56  69  -49  )
( 81  153  155  )
( -184  87  -135  )
( -103  -86  -129  )
( 133  73  -164  )
( 128  -12  -87  )
( -94  49  47  )
( 153  -131  -43  )
( -104  -125  -30  )
( -123  -29  -7  )
( -79  -185  -17  )
( -83  -1  -46  )
( -77  -148  43  )
( -10  -7  182  )
( -94  30  -115  )
( 119  -11  63  )
( 85  -7  -97  )
( 19  156  44  )
( -64  100  11  )
( 41  -8  79  )
( -115  93  88  )
( -118  -84  152  )
( 42  149  27  )
( -72  -160  70  )
( -54  -157  72  )
( 186  -138  44  )
( -53  114  -78  )
( -96  -169  -142  )
( 56  176  -4  )
( -66  -149  153  )
( 166  82  146  )
( 134  -5  -79  )
( 78  -92  13  )
( 140  73  56  )
( -66  92  180  )
( -38  -83  -116  )
( 167  139  -128  )
( 95  194  113  )
( 145  -63  -64  )
( 139  153  -92  )
( 151  -158  -16  )
( -191  -13  24  )
( -150  14  45  )
( -41  56  19  )
( -142  121  44  )
( 92  55  50  )
( -115  -90  -34  )
( -116  -121  -47  )
( 111  113  -79  )
( 190  108  43  )
( 186  48  -171  )
( 6  139  29  )
( 94  -147  125  )
( 62  123  75  )
( -35  27  -8  )
( -199  39  122  )
( 145  -129  112  )
( -84  21  -148  )
( -135  -179  103  )
( 4  161  -154  )
( -158  -29  -15  )
( -52  -62  78  )
( -24  -57  -145  )
( 87  139  -118  )
( 116  58  -84  )
( 154  -140  1  )
( 87  157  20  )
( 173  -75  -61  )
( -76  33  96  )
( -102  126  56  )
( -78  -54  51  )
( 197  194  41  )
( -185  107  81  )
( -88  82  185  )
( 134  -63  47  )
( 0  -112  -117  )
( -192  146  -15  )
( -18  75  124  )
( 66  -76  -147  )
( 190  -171  48  )
( 181  108  189  )
( -149  -184  -25  )
( -126  -96  142  )
( 9  -1  -52  )
( -46  78  -172  )
( -65  12  -97  )
( -183  11  -139  )
( -183  102  190  )
( -188  41  122  )
( -137  66  151  )
( -64  81  -43  )
( 66  -110  -180  )
( 22  112  -74  )
( 52  -115  118  )
( -94  161  -112  )
( 92  -12  84  )
( 142  -177  -170  )
( 45  -37  173  )
( 120  89  -36  )
( 47  -166  -149  )
( -64  -112  92  )
( -58  43  -126  )
( 23  -107  20  )
( 98  173  90  )
( 165  51  195  )
( -51  -108  -137  )
( -113  47  69  )
( 117  169  -34  )
( -54  -197  121  )
( 73  -42  -36  )
( 129  -161  -15  )
( -160  114  -57  )
( -100  52  -6  )
( -3  -48  -116  )
( -143  -110  -48  )
( 30  46  87  )
( 182  -79  132  )
( -193  -75  -43  )
( -171  -113  -130  )
( -44  -6  -111  )
( -67  29  150  )
( 12  80  39  )
( 103  -22  -3  )
( -115  -13  -1  )
( -14  -194  10  )
( -155  -40  -183  )
( 58  35  162  )
( -172  129  100  )
( 20  -174  -67  )
( 58  -80  171  )
( -189  103  102  )
( -48  86  89  )
( -184  65  -158  )
( -124  46  148  )
( -134  -105  195  )
( 40  61  -49  )
( 72  -126  89  )
( -38  -12  -144  )
( 42  71  41  )
( -66  53  -169  )
( -111  12  134  )
( 155  137  -51  )
( -147  -6  10  )
( 81  -179  -5  )
( 95  -198  -79  )
( -135  71  112  )
( 122  49  -137  )
( 1  31  -111  )
( 171  -143  91  )
( 62  -71  -63  )
( 183  182  -101  )
( -75  72  118  )
( -56  128  -131  )
( -10  5  -78  )
( 112  -43  52  )
( 56  -93  -69  )
( 166  -133  107  )
( -82  62  -155  )
( 175  -179  -147  )
( -93  -72  -44  )
( 176  100  101  )
( -73  27  79  )
( 55  -180  173  )
( 145  -142  -198  )
( -135  4  186  )
( 62  -40  144  )
( 109  -91  181  )
( 119  -108  187  )
( 31  142  -125  )
( 53  175  -87  )
( -111  -48  94  )
( -114  -112  104  )
( -128  20  55  )
( -135  130  -72  )
( 65  -7  166  )
( -118  -47  192  )
( -187  -67  -40  )
( -176  -92  -3  )
( 68  186  33  )
( -4  -52  -148  )
( 49  55  -77  )
( -91  -86  73  )
( -167  -163  -149  )
( -42  -59  -198  )
( -44  159  -166  )
( 113  -120  112  )
( -79  -76  68  )
( 24  63  165  )
( 74  -171  118  )
( 143  -113  -31  )
( 126  -179  -32  )
( -119  -35  -23  )
( -182  149  -32  )
( 68  -73  -15  )
( -46  -70  -179  )
( 156  52  -160  )
( -145  -156  66  )
( -15  -164  192  )
( -54  57  -134  )
( 50  -133  166  )
( 57  -129  -152  )
( 145  186  -94  )
( -73  -192  8  )
( -180  -142  -155  )
( -54  45  -183  )
( -190  -29  166  )
( 25  -27  112  )
( -190  -24  116  )
( 72  168  -34  )
( 111  -41  46  )
( -73  -197  158  )
( -168  4  142  )
( -133  -65  142  )
( -140  -138  -73  )
( -143  -100  32  )
( -76  81  124  )
( 132  36  -90  )
( 146  34  120  )
( 12  -118  198  )
( 2  37  -11  )
( -103  72  -85  )
( 63  125  -26  )
( -95  -16  171  )
( -115  105  -70  )
( -199  34  158  )
( 74  -147  112  )
( 184  -66  -112  )
( 108  -30  -127  )
( 75  191  -157  )
( 51  196  111  )
( -133  -122  39  )
( 111  -31  9  )
( 95  127  -145  )
( -16  -30  -34  )
( -196  197  14  )
( 1  -109  26  )
( -39  -123  156  )
( -106  139  -111  )
( 122  -31  -131  )
( 61  22  -150  )
( 46  -15  62  )
( -91  131  163  )
( 12  158  -175  )
( 2  144  72  )
( 141  -189  -134  )
( 150  -44  92  )
( 166  14  -167  )
( 19  -136  -34  )
( -175  139  -164  )
( -175  -53  -188  )
( -33  -62  -58  )
( -161  138  166  )
( 102  16  -137  )
( 5  -171  -141  )
( 154  194  -195  )
( 46  9  37  )
( 76  149  -112  )
( 102  25  -55  )
( 77  109  -198  )
( 188  -167  -77  )
( 47  -36  -83  )
( -83  -138  14  )
( -8  69  149  )
( -78  43  -100  )
( 121  -165  173  )
( 100  134  76  )
( -170  51  114  )
( -68  -185  -43  )
( 11  53  165  )
( -165  -126  16  )
( -100  -74  181  )
( -122  -112  55  )
( -39  -30  44  )
( 188  193  78  )
( -156  23  108  )
( -80  22  108  )
( 159  -173  169  )
( 130  -60  117  )
( -184  -148  -145  )
( -37  -41  -103  )
( 133  136  -27  )
( 78  -165  -44  )
( -11  175  -69  )
( -152  -165  0  )
( -27  155  -54  )
( -64  149  -156  )
( -78  140  19  )
( 103  57  -151  )
( 101  -128  -112  )
( -184  157  -130  )
( 21  39  64  )
( 160  11  -124  )
( 4  -14  101  )
( -84  16  -46  )
( 21  -42  3  )
( 28  142  -94  )
( -199  117  -148  )
( -50  -140  115  )
( 173  -143  -151  )
( -27  136  6  )
( 197  180  -124  )
( 3  -125  179  )
( 181  -172  -55  )
( 62  129  157  )
( 144  175  153  )
( -0  66  -190  )
( -12  -141  -27  )
( -33  113  -179  )
( 20  84  77  )
( -79  54  196  )
( 18  -198  -129  )
( 53  -141  24  )
( 94  -105  -3  )
( -181  99  190  )
( -155  -46  7  )
( -118  110  -43  )
( -39  -125  -128  )
( 35  190  64  )
( 199  -145  -178  )
( 8  -184  124  )
( 183  36  -49  )
( 133  -0  172  )
( -167  42  -103  )
( 76  128  30  )
( 191  7  127  )
( -192  -54  -172  )
( -87  194  119  )
( 71  -65  -31  )
( -0  -138  -122  )
( 93  149  27  )
( 126  138  28  )
( -21  -73  39  )
( -70  179  -117  )
( 33  25  159  )
( 19  -98  44  )
( -15  136  -118  )
( 109  -53  -21  )
( -9  188  -168  )
( 149  -51  154  )
( 16  -127  -51  )
( -84  110  -186  )
( -162  9  147  )
( 94  17  -155  )
( 80  -25  -6  )
( 35  -112  -132  )
( 132  102  57  )
( 18  -183  -100  )
( -144  107  45  )
( 31  8  -66  )
( 134  -9  7  )
( -142  -39  -196  )
( -3  30  -171  )
( -173  96  -57  )
( -9  -5  -19  )
( -108  -128  181  )
( -151  -170  -28  )
( -21  11  -54  )
( -192  95  140  )
( -120  -86  -122  )
( -124  21  -103  )
( 179  134  187  )
( 154  -199  -148  )
( -178  21  -83  )
( 94  -109  -64  )
( 174  -147  -198  )
( -71  8  64  )
( 185  -145  175  )
( 32  76  -27  )
( 116  43  192  )
( -57  147  104  )
( -20  -155  -154  )
( 58  59  110  )
( -0  -87  -173  )
( -37  -32  2  )
( 105  123  -116  )
( -186  1  -185  )
( -189  -84  129  )
( 4  -28  -155  )
( 136  -32  36  )
( 78  49  -33  )
( -49  130  121  )
( -91  129  144  )
( -81  -132  -78  )
( -60  43  -11  )
( 28  82  73  )
( -159  191  19  )
( 35  115  -125  )
( 38  74  112  )
( 126  171  -71  )
( -124  -158  3  )
( -149  13  -82  )
( 164  125  54  )
( -112  -128  71  )
( 131  195  -184  )
( 145  155  169  )
( 86  -23  -182  )
( -59  77  168  )
( 106  -35  34  )
( -142  -150  144  )
( 173  188  57  )
( -129  192  -56  )
( 141  -74  190  )
( 36  -166  -107  )
( -32  -27  117  )
