( 111  150  106  )
( 19  117  110  )
( -32  -100  -195  )
( 53  42  -72  )
( -178  -59  -32  )
( -125  -61  161  )
( 139  119  -148  )
( 60  -119  33  )
( -12  -165  16  )
( 1  -111  -147  )
( -91  68  -32  )
( 67  146  -119  )
( 116  -133  -103  )
( 184  30  -116  )
( 14  141  -81  )
( 192  85  37  )
( 26  -99  83  )
( -110  -111  77  )
( 20  -51  38  )
( -10  -186  -177  )
( 29  -6  54  )
( 90  137  -65  )
( 182  -37  51  )
( 83  -130  6  )
( 140  47  176  )
( 49  167  197  )
( -52  -24  -22  )
( 55  84  -133  )
( -142  158  95  )
( 97  -60  -193  )
( -3  35  178  )
( 45  -46  44  )
( 113  -41  -63  )
( 33  -72  142  )
( -178  -124  -185  )
( 104  -86  44  )
( 186  161  -46  )
( 161  104  155  )
( 191  17  -155  )
( 183  -52  -113  )
( 137  121  -3  )
( 143  1  79  )
( -105  -79  -144  )
( -187  -40  36  )
( -183  185  -75  )
( 49  53  -141  )
( 199  -131  93  )
( -39  -32  44  )
( -102  153  -100  )
( 154  -7  124  )
( -136  180  -45  )
( 32  -116  -197  )
( 48  146  39  )
( 87  187  -24  )
( -157  -197  75  )
( -182  184  35  )
( -181  -167  -158  )
( 87  165  -180  )
( 28  -82  145  )
( 99  -124  -67  )
( 95  138  -175  )
( -95  74  -67  )
( 74  87  -160  )
( -197  -88  18  )
( 37  63  131  )
( 142  -178  -197  )
( -197  -125  176  )
( 173  -3  -65  )
( -159  108  -33  )
( 27  -114  48  )
( 146  -137  136  )
( -45  -170  112  )
( -196  -187  4  )
( -193  70  -50  )
( -156  15  28  )
( 188  46  -137  )
( 8  -155  37  )
( -32  -160  135  )
( -161  18  -44  )
( -178  26  176  )
( 171  -193  31  )
( -47  196  -195  )
( -103  -169  139  )
( 76  165  107  )
( -64  -125  -156  )
( 4  -12  -62  )
( -59  82  113  )
( 171  29  -120  )
( -13  177  -25  )
( -48  190  -10  )
( -183  76  -168  )
( 110  -168  46  )
( -25  -5  -39  )
( -146  185  -116  )
( -21  22  -91  )
( -128  184  -149  )
( 36  39  -23  )
( -88  3  4  )
( 26  -123  -4  )
( 173  100  -106  )
( 87  -129  -181  )
( -19  -178  23  )
( 44  -100  198  )
( 132  -185  -130  )
( 16  126  -33  )
( 157  -31  25  )
( 41  -102  168  )
( 78  176  -39  )
( 61  22  71  )
( 19  195  65  )
( 65  80  129  )
( 78  38  -172  )
( -193  56  -62  )
( -172  -157  143  )
( 9  135  163  )
( 192  142  -102  )
( -59  182  -124  )
( 147  85  194  )
( 21  -186  77  )
( 118  -88  32  )
( -134  -94  32  )
( -10  -33  -148  )
( -130  -63  -59  )
( 145  -168  14  )
( -80  17  -42  )
( -27  -46  -14  )
( -126  3  -54  )
( 96  58  146  )
( -34  32  0  )
( -103  153  53  )
( -1  -74  49  )
( -179  57  144  )
( -2  -12  -42  )
( -198  94  -56  )
( -168  -20  -180  )
( 5  170  106  )
( 37  160  -59  )
( 125  30  183  )
( -26  -52  -69  )
( -97  -38  -152  )
( -161  -123  -26  )
( 50  165  -181  )
( -31  156  -154  )
( 49  80  -46  )
( 15  -146  113  )
( 78  67  -33  )
( -52  151  -24  )
( 14  45  -40  )
( 29  161  24  )
( -91  -77  -85  )
( -137  -135  -41  )
( 58  109  -6  )
( -177  -164  82  )
( -164  -100  -198  )
( -199  -140  166  )
( -56  -20  -161  )
( 164  24  -194  )
( 184  -8  11  )
( 43  -143  -11  )
( 24  -158  -53  )
( -48  -70  -119  )
( -146  85  -36  )
( 15  -162  142  )
( 102  70  129  )
( -35  67  115  )
( 61  -62  135  )
( 69  -50  -131  )
( -32  -64  -170  )
( -136  -142  76  )
( 87  -139  -16  )
( -0  -4  -2  )
( -39  -67  -106  )
( -36  -94  136  )
( -162  79  -196  )
( -76  56  188  )
( -103  -20  102  )
( -159  -148  -51  )
( 36  196  85  )
( 104  -25  47  )
( -87  -120  -140  )
( 116  -0  132  )
( -46  147  173  )
( -197  -52  168  )
( -73  -13  -195  )
( 91  189  171  )
( -196  76  104  )
( -58  -71  -99  )
( -168  121  15  )
( 117  76  84  )
( -39  130  36  )
( -181  151  136  )
( 16  -106  -131  )
( -104  143  -56  )
( -143  -55  -120  )
( 10  -57  -86  )
( 112  -111  -198  )
( -16  -115  148  )
( 1  -153  -86  )
( 159  -66  192  )
( -155  -104  -196  )
( 123  192  35  )
( 128  83  19  )
( -52  113  -49  )
( -62  104  -117  )
( -84  -150  4  )
( 90  34  48  )
( 49  -80  74  )
( -66  172  69  )
( 190  102  143  )
( -52  -54  -161  )
( 67  90  -18  )
( -17  158  -154  )
( 123  184  -115  )
( -46  34  -191  )
( 199  192  39  )
( -162  -120  47  )
( 147  -65  63  )
( -14  -181  133  )
( 120  174  -131  )
( 23  89  -140  )
( -15  111  175  )
( 79  -183  -41  )
( -126  51  40  )
( -7  140  -38  )
( -113  -187  136  )
( 13  -109  79  )
( -81  15  49  )
( 88  -164  193  )
( 135  -5  58  )
( 172  -10  24  )
( -74  -60  -3  )
( 178  106  -22  )
( -148  -173  138  )
( -148  -132  17  )
( 13  125  -6  )
( 1  -25  99  )
( 115  172  113  )
( -180  109  -42  )
( 45  4  116  )
( -169  197  11  )
( -145  -159  -95  )
( -189  -195  -187  )
( -20  -151  -9  )
( -68  33  -127  )
( 69  80  -71  )
( 153  10  3  )
( 171  145  -100  )
( 142  166  -27  )
( -106  168  56  )
( -156  -132  138  )
( 60  -121  123  )
( 102  -185  -121  )
( -158  83  -183  )
( -53  -42  116  )
( -191  -117  193  )
( -197  -7  -46  )
( -80  144  85  )
( -197  55  -89  )
( -31  -163  -161  )
( -8  29  -83  )
( 26  -129  179  )
( 101  -120  27  )
( -106  163  -54  )
( -49  -186  -161  )
( -21  151  -113  )
( 173  118  56  )
( 62  151  159  )
( 131  -162  -15  )
( -75  105  -176  )
( 45  -11  -115  )
( -122  173  -165  )
( 135  -53  9  )
( 35  -118  -48  )
( 196  54  63  )
( 27  -188  156  )
( -191  -112  -64  )
( -67  -97  -184  )
( -191  -107  -41  )
( -124  -107  -33  )
( -27  143  -131  )
( -191  22  -132  )
( -73  -120  -100  )
( 91  149  -33  )
( 31  161  75  )
( 34  85  81  )
( -12  49  -191  )
( -96  -5  -108  )
( -89  -170  -49  )
( 16  184  -196  )
( -29  -193  25  )
( 31  91  -14  )
( 174  77  -35  )
( -146  50  -121  )
( -74  47  120  )
( -78  121  -6  )
( -22  -62  -30  )
( 26  81  -164  )
( -87  2  -67  )
( -92  37  -133  )
( 19  173  -197  )
( -22  35  116  )
( -41  -93  -50  )
( 79  54  -92  )
( 186  94  160  )
( -0  10  -92  )
( -164  -52  -131  )
( -44  -147  -104  )
( 3  0  -115  )
( 27  -49  195  )
( -169  174  -152  )
( -62  46  -35  )
( -158  -159  155  )
( -119  -111  -140  )
( 15  -150  70  )
( -96  119  -10  )
( 175  131  68  )
( 108  -24  92  )
( -197  163  -178  )
( -195  -29  -40  )
( -166  108  67  )
( -173  126  -150  )
( -5  93  -33  )
( 62  -140  -75  )
( 185  168  189  )
( -183  -10  -181  )
( -65  -139  56  )
( 36  -6  -149  )
( -172  -32  123  )
( -4  185  80  )
( 0  85  -154  )
( -131  173  -161  )
( -7  -121  -89  )
( -59  -147  -83  )
( -2  98  -86  )
( -137  -36  130  )
( 113  28  -164  )
( 40  174  156  )
( -124  -72  -174  )
( 2  -144  11  )
( 165  104  -84  )
( 88  127  0  )
( 0  2  63  )
( -65  -137  37  )
( 191  -50  165  )
( -142  57  118  )
( 195  -190  -160  )
( 145  -41  -106  )
( -174  -28  11  )
( -142  -135  -112  )
( 138  -5  -54  )
( -170  61  -70  )
( -127  83  -98  )
( 196  -198  -173  )
( 51  -198  36  )
( 169  -65  175  )
( -20  46  -118  )
( -46  -12  134  )
( 94  -170  173  )
( -62  85  -75  )
( 18  65  -95  )
( -87  -121  180  )
( -179  -194  19  )
( 188  106  103  )
( -182  73  142  )
( -80  -35  17  )
( 52  170  83  )
( -5  -140  156  )
( -54  162  13  )
( -90  79  -162  )
( -15  -39  159  )
( -94  -53  150  )
( -71  -137  140  )
( -97  44  -153  )
( -83  -100  0  )
( 19  11  128  )
( -147  177  -120  )
( 24  17  -158  )
( 187  99  -173  )
( -179  -2  -104  )
( 58  197  -61  )
( -166  25  161  )
( 108  -9  -69  )
( 87  -33  54  )
( 55  -7  15  )
( -14  -40  -11  )
( 57  14  153  )
( -152  91  -174  )
( 182  165  4  )
( 188  52  166  )
( -167  176  128  )
( -183  -171  125  )
( -10  78  114  )
( 186  194  3  )
( -86  139  -114  )
( 37  151  -83  )
( -192  -122  -12  )
( -152  -151  -37  )
( -58  154  -22  )
( -85  -13  -95  )
( 91  34  25  )
( -191  58  9  )
( -125  134  172  )
( -106  -74  -108  )
( -0  81  -60  )
( 58  78  -101  )
( -155  -118  -148  )
( 92  141  -98  )
( -124  187  185  )
( 24  172  57  )
( 110  171  -128  )
( 154  69  -2  )
( -57  -148  47  )
( -162  -158  133  )
( -5  1  135  )
( 126  138  -62  )
( 149  199  -178  )
( 35  97  -166  )
( 168  54  189  )
( -93  -176  5  )
( 47  49  -142  )
( -115  -89  -17  )
( 81  104  -180  )
( -164  145  76  )
( 140  55  -138  )
( -132  64  29  )
( 144  -16  83  )
( -66  -126  34  )
( -171  140  -148  )
( -96  -95  -13  )
( 82  123  2  )
( 6  -26  147  )
( -131  -130  158  )
( 161  -160  -102  )
( -101  -147  135  )
( 14  -70  -133  )
( -20  165  132  )
( -191  194  -159  )
( 38  -32  -65  )
( 81  76  -91  )
( -176  -74  100  )
( -168  13  118  )
( -194  61  163  )
( 67  -111  85  )
( -59  -43  118  )
( 64  73  -139  )
( -71  -99  177  )
( 109  11  66  )
( -72  50  -93  )
( 147  -128  -166  )
( 77  43  -172  )
( 102  13  85  )
( -115  -74  -147  )
( 112  -41  -173  )
( -150  -37  19  )
( -139  -40  -171  )
( -144  175  -146  )
( -163  -13  35  )
( -127  -178  -188  )
( -123  -22  -6  )
( 180  5  18  )
( -25  -2  -128  )
( -175  93  -102  )
( -63  31  -133  )
( -122  -166  -171  )
( 148  24  56  )
( -2  -133  -70  )
( -46  61  157  )
( -38  87  -166  )
( -124  85  122  )
( 59  143  -114  )
( 66  -53  -103  )
( 67  14  174  )
( -35  38  -34  )
( -25  141  81  )
( -149  132  -4  )
( 137  -82  -18  )
( 63  33  -113  )
( -27  57  2  )
( 150  102  -31  )
( -189  -145  -120  )
( 67  153  -28  )
( -37  -53  198  )
( 36  72  -159  )
( -195  27  -86  )
( 51  -46  54  )
( -13  31  -10  )
( 40  -109  61  )
( 103  166  -55  )
( 66  182  -124  )
( 18  28  -99  )
( 121  -156  146  )
( -144  74  -149  )
( -131  94  101  )
( -107  40  -123  )
( -49  -186  165  )
( -180  1  -185  )
( -76  -118  138  )
( 157  -132  -116  )
( -173  186  95  )
( -20  -159  135  )
( 165  -7  110  )
( -163  -54  -0  )
( -101  140  -56  )
( -48  134  -181  )
( -135  172  -194  )
( 97  -71  87  )
( -69  -186  102  )
( 185  -188  -37  )
( -17  -132  -79  )
( 69  -46  123  )
( 136  18  55  )
( -153  -56  -81  )
( 111  -96  144  )
( -167  163  -49  )
( -134  81  22  )
( -54  178  68  )
( -21  -138  56  )
( 32  48  92  )
( 172  -191  -1  )
( -6  92  107  )
( -167  -171  -20  )
( -13  128  155  )
( -19  -198  -54  )
( -161  20  -156  )
( -170  -78  -68  )
( -150  184  181  )
( 182  -22  5  )
( 57  -91  117  )
( -159  53  -189  )
( 117  -161  159  )
( -196  118  -30  )
( -88  29  -155  )
( 143  -1  -60  )
( -59  -55  -181  )
( 187  -6  -181  )
( 188  109  174  )
( 55  196  129  )
( -128  5  -19  )
( -184  54  -162  )
( 135  101  62  )
( -89  -170  70  )
( 2  -63  38  )
( 141  92  24  )
( 58  -104  -12  )
( -141  136  163  )
( -178  -38  -182  )
( 134  58  -89  )
( -38  157  62  )
( -119  -23  17  )
( 56  156  -157  )
( 131  188  -22  )
( -53  142  -132  )
( -166  -193  183  )
( 48  -197  -194  )
( -81  -12  -88  )
( -129  -134  -69  )
( -148  -52  -137  )
( -75  140  -175  )
( 125  -117  -159  )
( 99  108  -10  )
( 130  -4  98  )
( -53  44  146  )
( 44  -21  -198  )
( -75  -38  119  )
( 131  -171  41  )
( 169  12  143  )
( 172  116  137  )
( 95  -6  -14  )
( 31  -122  22  )
( -80  -0  39  )
( -8  174  -124  )
( -98  -134  -131  )
( 139  -61  179  )
( 163  108  17  )
( -85  177  30  )
( 89  41  -5  )
( -157  107  57  )
( 159  174  -15  )
( 86  119  115  )
( -182  146  69  )
( 18  172  -45  )
( -12  -158  -93  )
( -130  -58  158  )
( 65  17  99  )
( -136  195  17  )
( 168  104  -27  )
( -18  50  -23  )
( 20  89  -189  )
( -57  104  101  )
( -137  20  -70  )
( 104  -117  60  )
( -188  199  -90  )
( 92  -144  95  )
( 120  -47  22  )
( -133  -62  140  )
( -75  93  -85  )
( -46  -99  -68  )
( 134  52  31  )
( 76  -67  52  )
( 57  141  36  )
( -29  -135  -81  )
( 112  -102  39  )
( -108  -155  38  )
( 12  73  153  )
( 21  -174  -112  )
( 77  -130  -184  )
( -149  37  78  )
( -12  72  15  )
( -103  99  61  )
( 157  121  -100  )
( 143  162  -67  )
( -64  69  159  )
( 42  -56  173  )
( -127  -113  -1  )
( -173  -84  74  )
( -180  183  -196  )
( -41  -32  4  )
( -12  13  -17  )
( 93  186  15  )
( 43  156  40  )
( 56  0  90  )
( 114  -198  -197  )
( 134  45  156  )
( -178  157  72  )
( -16  -84  -35  )
( -196  -186  -14  )
( -113  39  -196  )
( -114  47  -173  )
( -112  -17  71  )
( -9  44  141  )
( -150  181  -173  )
( 44  -193  30  )
( -175  124  68  )
( 188  -129  11  )
( 76  158  83  )
( 130  145  -164  )
( 190  179  75  )
( -141  -79  0  )
( -40  85  -65  )
( 58  -175  25  )
( 176  59  19  )
( 184  170  -180  )
( 24  199  9  )
( 155  -2  -193  )
( -133  129  90  )
( -155  116  32  )
( -37  -152  -123  )
( 103  109  32  )
( -162  -59  -51  )
( -79  -10  -176  )
( -3  182  13  )
( -22  39  -33  )
( 165  -191  146  )
( -97  -56  26  )
( -199  -42  82  )
( 119  -68  67  )
( -70  -199  -106  )
( 129  -91  -183  )
( 148  113  126  )
( -115  10  60  )
( -158  177  130  )
( -11  69  -23  )
( 58  -30  97  )
( -93  165  153  )
( -178  65  -8  )
( 82  -135  -42  )
( 90  -89  87  )
( 116  199  60  )
( -174  -194  -60  )
( -191  110  -64  )
( -138  144  -186  )
( 43  -51  -151  )
( -12  -17  -155  )
( -23  61  -112  )
( 133  -86  -135  )
( -165  -103  14  )
( -190  150  87  )
( 107  31  -172  )
( 31  150  123  )
( 5  194  183  )
( -66  -19  -79  )
( -116  112  197  )
( 51  -108  -102  )
( -165  -59  69  )
( 3  29  -27  )
( 114  -20  -61  )
( -74  -120  -13  )
( -54  75  -72  )
( 110  114  -12  )
( -151  -22  91  )
( -20  101  194  )
( -61  81  -189  )
( -185  -155  88  )
( -36  -43  -102  )
( 178  8  -168  )
( -171  114  89  )
( -71  0  -101  )
( -134  -32  72  )
( 188  48  -69  )
( 89  12  136  )
( -9  -49  -81  )
( 85  -120  -122  )
( -121  -58  -144  )
( -194  45  -40  )
( -49  -151  -182  )
( -178  158  41  )
( -195  139  110  )
( 69  97  -152  )
( -28  -128  -25  )
( 77  -107  -153  )
( 108  -56  176  )
( 147  25  144  )
( -107  24  89  )
( -98  11  29  )
( -28  -91  160  )
( 130  -136  148  )
( 6  148  68  )
( 48  197  -39  )
( 107  -86  -129  )
( 35  134  -177  )
( 55  73  155  )
( 32  -81  106  )
( -185  165  -159  )
( 66  77  130  )
( 71  -111  -12  )
( -187  73  191  )
( 154  166  -65  )
( -168  124  160  )
( -142  27  125  )
( 99  144  164  )
( -87  16  65  )
( -138  108  6  )
( -188  -109  173  )
( 152  -47  43  )
( 8  -185  -165  )
( -172  149  -162  )
( -137  92  -18  )
( 136  145  -85  )
( -128  69  137  )
( 188  -162  -64  )
( 190  22  193  )
( -91  -165  150  )
( -148  -142  6  )
( 81  -102  140  )
( -64  181  115  )
( 99  19  11  )
( 4  165  -9  )
( 163  -0  -65  )
( 169  137  72  )
( 83  194  156  )
( -181  -29  -172  )
( 23  -97  64  )
( 12  20  52  )
( 108  71  -66  )
( 81  74  -73  )
( -159  62  161  )
( -158  140  153  )
( 135  -152  -34  )
( 1  3  30  )
( 87  172  -60  )
( -17  165  -185  )
( -3  44  -22  )
( 61  93  1  )
( -4  179  -141  )
( 39  92  51  )
( -5  126  75  )
( 100  -85  -120  )
( 11  -109  -8  )
( 104  0  24  )
( 144  -69  -13  )
( -184  3  -133  )
( 179  -108  41  )
( 50  -72  -62  )
( 189  190  -36  )
( 190  40  5  )
( -117  -180  -26  )
( 29  68  -143  )
( 2  83  -104  )
( 156  -163  -143  )
( 144  -194  149  )
( 79  -151  -87  )
( -121  -14  -185  )
( 20  -95  -92  )
( -18  77  117  )
( 149  -53  55  )
( 103  132  -152  )
( -18  125  -196  )
( -0  198  52  )
( -71  -117  -132  )
( 43  -7  -70  )
( -153  -112  -142  )
( 163  22  191  )
( 105  6  -48  )
( 184  67  -90  )
( 192  131  99  )
( -118  104  -67  )
( 50  140  -150  )
( 145  -131  -90  )
( 120  46  -55  )
( 183  14  -103  )
( -82  -55  111  )
( 54  2  -166  )
( -113  194  -161  )
( -151  160  32  )
( 39  104  158  )
( 125  114  -142  )
( 42  -108  -165  )
( 57  -157  -41  )
( -50  176  -164  )
( -76  -47  122  )
( -161  113  -110  )
( 46  -147  -157  )
( -74  18  43  )
( 19  105  -40  )
( 104  -115  155  )
( -78  -108  185  )
( 100  104  -25  )
( -115  -42  -109  )
( -180  4  118  )
( 92  174  77  )
( 81  189  -25  )
( -145  -39  -107  )
( 38  -197  -75  )
( 35  141  -45  )
( 196  121  192  )
( -195  28  -115  )
( -198  189  161  )
( 151  -33  102  )
( 97  101  -39  )
( -162  -96  12  )
( 170  -106  52  )
( -142  -125  57  )
( 29  -106  105  )
( -50  -113  35  )
( -48  85  94  )
( 31  182  -30  )
( -191  46  -93  )
( -116  188  33  )
( 128  35  134  )
( 25  -7  83  )
( 178  -189  9  )
( 125  -163  -85  )
( 113  25  67  )
( -150  96  -144  )
( 158  113  -166  )
( -195  30  81  )
( -19  24  36  )
( -63  -74  2  )
( -184  -111  170  )
( 48  81  -149  )
( 45  124  -29  )
( -177  -190  167  )
( -141  152  -172  )
( 98  -65  -107  )
