( 177  -181  -8  )
( -29  90  108  )
( -100  -110  147  )
( -131  -135  -30  )
( -122  194  -43  )
( 36  58  -83  )
( 149  -98  107  )
( -135  -187  -105  )
( -44  172  24  )
( 113  -150  -193  )
( 21  -181  138  )
( -152  -192  -90  )
( -198  148  -56  )
( -146  38  -92  )
( -103  -175  108  )
( 188  8  101  )
( -191  -113  -99  )
( 27  17  -86  )
( 115  95  -149  )
( -196  40  -62  )
( -59  -56  95  )
( -44  -27  -149  )
( 131  -70  97  )
( -146  -84  128  )
( -155  -190  -135  )
( 66  128  151  )
( -21  182  181  )
( 190  -144  182  )
( 74  194  -118  )
( 130  -126  13  )
( -158  -82  174  )
( 129  -188  29  )
( 69  -70  183  )
( -57  -115  -165  )
( -77  190  -52  )
( 49  193  -133  )
( 22  -75  -31  )
( -180  -178  -197  )
( -35  -137  106  )
( 174  -107  24  )
( -90  29  48  )
( -177  -147  -45  )
( 2  -135  91  )
( -65  -20  -182  )
( 133  112  128  )
( 48  -55  -56  )
( 134  -89  41  )
( -30  63  159  )
( 107  130  180  )
( -82  -3  156  )
( -143  135  44  )
( 61  146  44  )
( 122  155  190  )
( 186  -104  -58  )
( 18  -153  -179  )
( -110  103  -19  )
( -94  158  -115  )
( 57  -133  5  )
( 74  -8  -191  )
( 24  96  -105  )
( -130  -165  14  )
( 43  68  165  )
( 158  40  140  )
( -169  -114  -108  )
( -18  -87  2  )
( -59  -55  -168  )
( 131  89  -180  )
( 103  -175  -186  )
( 87  48  185  )
( 141  33  -140  )
( 144  -149  -182  )
( 71  23  100  )
( 165  -184  8  )
( 111  57  166  )
( -181  198  26  )
( -10  -190  -9  )
( 108  52  -101  )
( 80  180  14  )
( -63  156  141  )
( -114  173  -129  )
( 131  191  -65  )
( -130  -175  179  )
( -126  175  27  )
( -144  -8  -168  )
( -194  -61  100  )
( -28  162  -24  )
( -1  75  -122  )
( 136  -19  -86  )
( -148  13  41  )
( -92  -29  -150  )
( 17  126  -131  )
( 60  -95  -31  )
( -155  129  75  )
( 107  -37  120  )
( 154  -29  54  )
( 149  -93  142  )
( 27  52  -77  )
( 121  133  -7  )
( -52  176  25  )
( 184  -173  99  )
( -109  -22  45  )
( 79  151  -1  )
( -51  175  55  )
( -142  -147  73  )
( 90  -88  -32  )
( 47  -82  -32  )
( 53  15  80  )
( -16  -40  179  )
( 50  -192  -100  )
( -26  -164  -61  )
( -109  27  -170  )
( -190  44  -34  )
( -147  -191  -107  )
( -36  -4  -101  )
( -197  47  -109  )
( -191  -121  2  )
( 153  -154  -49  )
( -107  -144  170  )
( 127  98  -139  )
( 66  153  151  )
( 3  164  125  )
( 9  154  -50  )
( -168  190  -76  )
( 190  163  -80  )
( -4  -81  19  )
( -158  46  -75  )
( -178  86  -170  )
( -150  26  135  )
( 36  189  137  )
( -110  -113  183  )
( -153  103  -174  )
( -25  -148  -112  )
( -155  98  57  )
( -56  -26  33  )
( -154  134  146  )
( 139  -51  65  )
( -82  -83  170  )
( 180  21  185  )
( -99  63  -107  )
( -48  -42  127  )
( -86  -80  25  )
( 167  -113  81  )
( 59  1  131  )
( -97  164  -173  )
( -124  174  101  )
( 25  -9  -143  )
( -124  -43  -142  )
( -193  -180  -19  )
( 172  177  -28  )
( -180  149  -0  )
( 17  -54  -91  )
( -13  191  76  )
( -101  193  62  )
( 103  -155  -17  )
( -106  178  -28  )
( -160  58  25  )
( 4  124  84  )
( -99  -185  18  )
( 162  155  -39  )
( 84  20  28  )
( 141  -133  -158  )
( -86  -10  109  )
( 151  -132  -62  )
( -1  -144  -78  )
( 138  -115  -123  )
( -36  2  -21  )
( -53  -197  187  )
( 63  30  8  )
( -120  -180  -2  )
( -104  79  -154  )
( -16  -15  157  )
( -187  49  -102  )
( -130  71  -183  )
( 63  127  -160  )
( -130  -16  -5  )
( -49  -115  -155  )
( -68  134  28  )
( -16  195  15  )
( -177  -25  -35  )
( -66  124  130  )
( 16  -26  -112  )
( -20  -163  -150  )
( -105  26  86  )
( 57  95  -68  )
( 189  51  5  )
( -147  193  91  )
( 90  -181  -124  )
( 5  -92  -125  )
( 1  -187  -175  )
( -89  -29  -125  )
( -171  50  -65  )
( -70  -139  85  )
( -9  70  -95  )
( 3  20  131  )
( -88  46  -193  )
( 52  -163  -166  )
( 45  115  78  )
( 146  -95  151  )
( -132  -84  100  )
( 195  -66  -165  )
( -161  70  57  )
( -115  5  111  )
( 55  -65  155  )
( 159  -142  184  )
( -63  -97  147  )
( 147  -177  -84  )
( 194  5  -130  )
( -33  76  -188  )
( -75  146  135  )
( -185  5  30  )
( -197  140  -163  )
( 55  -22  190  )
( -74  79  63  )
( -116  146  -89  )
( -19  -7  180  )
( 69  37  25  )
( 196  52  -105  )
( 157  131  70  )
( 7  -68  -61  )
( 113  27  40  )
( 84  -199  151  )
( -32  -116  41  )
( 163  -81  -8  )
( 182  -61  -78  )
( -62  -63  -193  )
( 48  -106  90  )
( -144  145  2  )
( 72  -31  -67  )
( -34  -93  -164  )
( 31  -130  117  )
( 66  -142  125  )
( 154  148  171  )
( -59  90  -65  )
( 53  -75  -58  )
( 59  193  49  )
( 135  -151  -172  )
( 1  54  -96  )
( -123  -148  -165  )
( -94  132  -42  )
( 185  0  43  )
( -153  92  32  )
( 100  -60  -10  )
( 10  77  186  )
( 169  -22  -18  )
( 132  191  -102  )
( -116  57  -35  )
( 43  -182  -1  )
( -162  -42  44  )
( 15  45  102  )
( 182  -139  25  )
( -57  69  160  )
( 35  -68  78  )
( 182  139  11  )
( -118  -195  95  )
( -59  121  -107  )
( -96  6  198  )
( 54  20  93  )
( -100  -72  -88  )
( -36  123  27  )
( -84  150  25  )
( 141  7  156  )
( 181  167  96  )
( 189  126  -98  )
( -62  -78  -170  )
( 189  4  -75  )
( 165  -98  3  )
( 13  -94  172  )
( 20  -143  -3  )
( -161  -189  -78  )
( -81  -85  -94  )
( -8  -44  -1  )
( 41  -49  196  )
( -26  155  -176  )
( 15  -57  102  )
( -190  51  -173  )
( 142  7  66  )
( 2  -186  168  )
( 100  138  42  )
( 107  -3  40  )
( 78  87  111  )
( -51  -119  11  )
( 4  109  49  )
( -27  17  -61  )
( 90  -140  -13  )
( 77  -12  102  )
( 28  -84  -11  )
( 176  142  132  )
( -43  174  152  )
( -23  -141  60  )
( -108  82  80  )
( -125  152  142  )
( -63  95  -29  )
( -145  60  -166  )
( -15  28  -74  )
( -172  -191  80  )
( 197  -187  78  )
( -86  -92  -87  )
( 129  153  155  )
( 111  10  2  )
( -43  -109  42  )
( 13  47  -102  )
( -151  -139  -155  )
( 139  16  -64  )
( 90  92  -110  )
( -197  -128  102  )
( 197  191  176  )
( 117  -173  -20  )
( 145  113  116  )
( -26  -199  -105  )
( -39  47  -18  )
( -182  -25  -106  )
( -18  194  132  )
( 158  -195  -30  )
( -143  -7  -161  )
( 84  -165  -69  )
( -16  95  25  )
( 127  43  -81  )
( 178  85  118  )
( -151  -178  -77  )
( 130  144  28  )
( 191  -124  92  )
( 114  18  -32  )
( -141  -177  118  )
( 160  -47  -197  )
( 9  -18  1  )
( -110  101  172  )
( 5  94  90  )
( 194  46  185  )
( -157  -170  -78  )
( -8  158  -55  )
( 24  -131  42  )
( 158  -60  -21  )
( 135  156  -17  )
( 139  -66  -146  )
( 190  33  -198  )
( 128  149  -152  )
( 49  -38  -150  )
( 178  -196  -179  )
( -139  -176  78  )
( 103  65  3  )
( 54  -17  -12  )
( -54  -96  41  )
( 15  -182  -90  )
( 182  73  185  )
( 156  59  -162  )
( -111  -142  150  )
( 199  166  -102  )
( -103  -178  36  )
( 111  -197  167  )
( 159  142  127  )
( 76  -12  -5  )
( 92  33  85  )
( 64  194  -77  )
( -83  -192  -17  )
( 124  160  -185  )
( 4  45  32  )
( 100  -35  -56  )
( -75  24  -138  )
( -179  -86  195  )
( 34  -159  -146  )
( 158  65  31  )
( -81  -199  8  )
( 159  -38  -187  )
( -42  134  -109  )
( -54  -12  -140  )
( -140  182  -195  )
( 195  92  130  )
( -192  90  140  )
( 178  173  -41  )
( -157  121  -137  )
( -3  -110  121  )
( 192  -38  139  )
( 106  25  -55  )
( -6  184  124  )
( -156  171  -44  )
( -117  -113  -139  )
( 29  179  -145  )
( 194  5  -59  )
( -167  172  105  )
( -41  -20  -128  )
( -199  102  55  )
( -66  172  -186  )
( 131  -149  -125  )
( -108  117  46  )
( -34  22  176  )
( 115  126  79  )
( -83  155  -141  )
( 186  -44  -171  )
( -107  -187  -179  )
( -52  71  -129  )
( 70  -49  157  )
( -91  -4  -105  )
( -175  -70  30  )
( 64  4  104  )
( -74  -70  -57  )
( -121  49  159  )
( 13  162  28  )
( -114  -104  -181  )
( -141  -78  152  )
( -103  132  1  )
( 84  166  -6  )
( -88  -168  2  )
( 87  42  18  )
( -141  62  164  )
( 99  -24  121  )
( -42  82  -72  )
( 184  -82  25  )
( -154  -109  -35  )
( 155  -16  182  )
( 142  141  197  )
( -144  87  83  )
( -74  160  142  )
( 7  121  -170  )
( 50  44  86  )
( -146  -75  135  )
( 142  -176  43  )
( 145  -16  -75  )
( 183  -113  13  )
( -126  -62  151  )
( -89  -20  -154  )
( 168  112  156  )
( 121  83  -63  )
( -114  99  -74  )
( -22  19  -36  )
( 23  -26  164  )
( 180  -83  -93  )
( 98  86  33  )
( -183  -40  127  )
( -147  107  64  )
( 108  8  25  )
( -129  147  -78  )
( -144  -156  5  )
( -57  -145  -131  )
( 41  170  -133  )
( 46  182  -38  )
( 140  27  149  )
( 88  -15  -78  )
( -35  -175  -57  )
( 111  -163  -164  )
( -121  132  -82  )
( 8  -116  74  )
( 27  -180  -79  )
( 155  -135  -129  )
( -68  35  107  )
( 112  -107  -154  )
( -109  183  53  )
( 96  143  -82  )
( -7  -144  -174  )
( -117  -180  -177  )
( -85  128  186  )
( 25  146  -195  )
( -69  169  -115  )
( -58  -145  -30  )
( -99  -76  -46  )
( 124  -11  -190  )
( -155  4  105  )
( 91  -197  43  )
( -191  147  64  )
( 152  136  -153  )
( 140  23  -38  )
( 45  46  22  )
( 13  192  130  )
( -11  149  -115  )
( -152  -34  -192  )
( 167  109  -32  )
( -3  -140  -42  )
( 65  -199  113  )
( -82  90  196  )
( 71  -64  31  )
( 194  15  -112  )
( 16  -180  114  )
( 61  28  -35  )
( -63  48  -80  )
( 153  -195  -171  )
( 128  5  -77  )
( -24  197  -103  )
( 86  124  183  )
( 166  96  44  )
( -86  -67  -95  )
( 56  -182  87  )
( -48  56  -26  )
( 141  36  131  )
( 10  -170  -49  )
( -186  128  39  )
( -137  -46  -154  )
( -104  191  32  )
( 4  146  144  )
( -100  146  -31  )
( 173  105  -196  )
( 64  47  -113  )
( -105  -84  -29  )
( -147  -162  189  )
( -3  -130  -144  )
( 72  -0  121  )
( -9  -156  54  )
( 167  -39  62  )
( -59  154  22  )
( -156  -35  -136  )
( -68  18  64  )
( -101  -112  160  )
( 85  33  31  )
( 65  -183  16  )
( 152  -181  189  )
( 180  182  -58  )
( 107  -165  -1  )
( -43  -148  49  )
( 18  -155  -198  )
( 80  113  63  )
( 184  160  168  )
( -141  -191  -8  )
( 63  24  -106  )
( 193  -106  -87  )
( 114  60  -182  )
( -80  -83  176  )
( -191  -59  -69  )
( 104  154  4  )
( -117  112  -188  )
( 5  -41  -28  )
( 139  -154  -61  )
( -143  -5  -102  )
( 135  169  104  )
( -168  71  158  )
( -59  -191  -68  )
( 15  -110  -148  )
( -78  -13  -102  )
( 43  -57  116  )
( 87  50  -129  )
( -23  -32  -47  )
( -179  -108  9  )
( -74  -107  102  )
( -68  71  -31  )
( -99  -169  -5  )
( -106  -129  38  )
( 12  -104  -94  )
( 116  46  -21  )
( -29  -149  -85  )
( -104  90  162  )
( 133  -66  -6  )
( -123  59  -49  )
( -84  75  -179  )
( -148  70  -42  )
( -81  44  -93  )
( 52  -91  172  )
( -70  166  -109  )
( 123  -13  -109  )
( 155  10  -87  )
( 6  -2  -141  )
( 111  -68  -55  )
( -36  125  -130  )
( 123  12  -51  )
( -182  129  -16  )
( -90  12  -4  )
( -55  -0  -176  )
( -21  133  -63  )
( 35  -198  -25  )
( 71  2  57  )
( 164  102  -173  )
( 110  -88  21  )
( -67  99  -187  )
( -180  -146  79  )
( 29  -181  53  )
( -118  195  -136  )
( 41  123  6  )
( 100  77  -105  )
( -33  -12  3  )
( 115  165  -146  )
( -97  -13  135  )
( -33  62  -137  )
( -11  -89  -167  )
( 169  -76  -16  )
( -86  -162  111  )
( 148  5  -128  )
( -153  17  -155  )
( 182  131  -167  )
( 105  12  67  )
( -170  -45  -117  )
( 145  149  86  )
( 127  -113  -93  )
( -96  -100  130  )
( -94  -135  93  )
( -197  -88  -150  )
( -56  51  -162  )
( -98  -117  -92  )
( -98  -165  -111  )
( -10  -45  -85  )
( 150  -184  104  )
( 108  -93  -123  )
( -117  -147  118  )
( -36  -117  93  )
( 87  162  -76  )
( -154  23  -31  )
( 6  -128  -182  )
( 177  28  79  )
( 156  -0  94  )
( 101  6  83  )
( 169  66  74  )
( 143  -199  51  )
( -169  139  77  )
( 124  -107  123  )
( 13  -170  -153  )
( 42  -100  119  )
( -12  -41  18  )
( -187  -165  11  )
( 191  151  64  )
( -121  -29  -141  )
( 135  199  -57  )
( 120  27  -152  )
( -9  59  -112  )
( -29  -193  96  )
( 80  -159  3  )
( 103  183  -139  )
( 40  -129  -33  )
( -157  187  2  )
( -141  137  -193  )
( -64  -50  30  )
( 106  4  -17  )
( -154  65  140  )
( -16  147  -73  )
( 122  107  -95  )
( -179  93  95  )
( 133  -84  106  )
( 132  -176  -143  )
( 113  73  193  )
( 175  -12  -172  )
( 84  -72  -196  )
( 199  126  -115  )
( -24  16  -71  )
( -161  -177  82  )
( 79  195  10  )
( 99  -14  -110  )
( -103  -72  -192  )
( -3  -25  146  )
( -43  187  -24  )
( -144  -47  143  )
( 72  -119  189  )
( 153  169  -190  )
( -107  -3  64  )
( 21  -160  -78  )
( -47  -8  -165  )
( -19  161  184  )
( -119  -192  114  )
( -30  164  17  )
( -124  -21  95  )
( 19  58  85  )
( -68  -73  -58  )
( -113  -78  -114  )
( 78  110  139  )
( 179  97  -9  )
( 94  -101  53  )
( 47  55  129  )
( 56  -34  -0  )
( -125  5  135  )
( 55  73  148  )
( 91  20  -51  )
( 64  80  108  )
( 99  -133  70  )
( -81  -59  -181  )
( 166  188  -185  )
( 140  -138  76  )
( -23  129  -28  )
( -23  88  164  )
( 199  78  69  )
( 54  -41  87  )
( 103  -182  -6  )
( 103  -150  63  )
( -34  48  22  )
( 167  -184  160  )
( 178  -185  -121  )
( 24  43  -169  )
( -168  -111  2  )
( 168  -1  -94  )
( 90  127  199  )
( -51  124  134  )
( 154  -138  -114  )
( 79  75  34  )
( 116  -65  -183  )
( 192  129  176  )
( 188  91  8  )
( -92  118  -10  )
( 72  90  107  )
( 97  -103  -90  )
( 116  -158  -101  )
( 160  -181  175  )
( 46  172  -120  )
( -146  -84  174  )
( 155  -32  -116  )
( 113  173  111  )
( 44  27  9  )
( -39  -59  193  )
( 66  -175  130  )
( -30  -17  -175  )
( -3  -164  109  )
( 11  -66  -77  )
( -108  39  87  )
( -4  -188  106  )
( -15  164  -37  )
( -112  69  90  )
( -184  -135  -122  )
( -82  156  60  )
( -31  -82  45  )
( 151  168  129  )
( -103  -100  81  )
( 86  -193  119  )
( 18  68  128  )
( -94  22  77  )
( 180  12  35  )
( 5  -92  197  )
( 91  162  -70  )
( -107  154  122  )
( 81  45  91  )
( -31  199  91  )
( -183  155  -108  )
( -167  -133  47  )
( 186  -39  -133  )
( 151  -15  -68  )
( 33  -62  -192  )
( 66  129  -172  )
( -27  92  60  )
( 122  -129  18  )
( 178  -162  173  )
( -39  123  71  )
( 119  -120  -196  )
( -85  -113  144  )
( -146  -35  -90  )
( 173  -162  86  )
( 50  -57  -87  )
( 69  -181  50  )
( -145  75  -101  )
( 40  -139  -161  )
( 151  -199  10  )
( -40  119  -17  )
( -6  -166  39  )
( 90  194  -15  )
( 134  -51  174  )
( -180  163  177  )
( 99  -128  184  )
( 143  27  81  )
( -35  -146  179  )
( 53  140  23  )
( -87  118  -43  )
( -86  -0  -173  )
( 65  -107  32  )
( -121  26  -2  )
( -178  72  112  )
( 168  54  181  )
( -55  86  131  )
( 21  63  -199  )
( 197  -4  64  )
( -124  10  117  )
( -20  -108  -123  )
( -36  -35  -94  )
( -82  -106  172  )
( 14  -97  10  )
( 98  16  -15  )
( -86  -48  -157  )
( 55  31  -92  )
( -119  -70  -45  )
( 190  177  -103  )
( -154  197  108  )
( 46  125  -167  )
( -125  137  195  )
( 179  -13  128  )
( 130  -76  -72  )
( -192  127  147  )
( -195  -129  -173  )
( -121  74  192  )
( 17  43  47  )
( 17  -127  192  )
( -157  11  174  )
( -39  18  -193  )
( -120  -127  130  )
( -106  -128  -103  )
( -28  -51  -91  )
( -137  88  -26  )
( 38  -131  167  )
( -187  188  77  )
( 114  -28  41  )
( 181  41  92  )
( 84  77  -5  )
( 14  -72  -106  )
( 101  -28  165  )
( 141  -173  157  )
( 69  46  -167  )
( 31  -8  150  )
( -62  183  94  )
( 46  158  22  )
( 82  21  147  )
( -57  -129  -64  )
( 155  -109  -26  )
( 85  -159  25  )
( -14  61  39  )
( 20  136  18  )
( 161  127  -88  )
( -185  -21  -172  )
( 136  -184  -5  )
( 181  -193  -87  )
( -187  -13  -132  )
( -112  -160  13  )
( -91  121  -22  )
( 2  -185  -165  )
( -157  -15  -186  )
( 124  -28  5  )
( 176  -4  34  )
( 16  -91  -129  )
( 87  8  -86  )
( -127  46  -97  )
( -48  -167  142  )
( 187  175  184  )
( 151  142  67  )
( -93  -123  -27  )
( 191  -107  129  )
( -83  -77  19  )
( -103  10  -122  )
( -104  116  -152  )
( -122  135  124  )
( -99  143  5  )
( -23  151  -79  )
( -119  128  -175  )
( -23  177  -173  )
( -13  -18  -136  )
( -183  -173  63  )
( 198  75  121  )
( -177  -47  -125  )
( 168  154  69  )
( 160  -100  -86  )
( 180  -67  -147  )
( -108  190  -100  )
( -166  -108  67  )
( 65  -180  -3  )
( -79  -103  166  )
( -141  -88  167  )
( 63  -62  -88  )
( -152  107  -187  )
( -127  164  -14  )
( 69  168  41  )
( -97  95  -21  )
( -64  140  189  )
( -47  182  -70  )
( 134  -93  76  )
( -20  -102  72  )
( -192  -177  140  )
( -104  5  -156  )
( 28  -41  -46  )
( 6  132  -64  )
( 112  65  74  )
( -117  51  74  )
( 92  23  -106  )
( -115  -107  -43  )
( -10  -105  -156  )
( 175  -50  -92  )
( 53  171  -13  )
( 68  25  149  )
( 73  171  34  )
( 22  -153  144  )
