( -122  85  189  )
( -28  -75  -138  )
( 78  141  -2  )
( 27  -77  -55  )
( 170  -21  193  )
( -49  182  161  )
( 37  -26  35  )
( 79  -191  137  )
( 193  82  -63  )
( 97  -47  -33  )
( -131  142  -60  )
( 199  -177  -131  )
( -91  -117  50  )
( 49  -43  -115  )
( -196  -49  -113  )
( -26  182  -69  )
( -87  142  182  )
( 178  -99  -21  )
( 82  -149  77  )
( -120  -96  -190  )
( -139  105  69  )
( -76  66  -165  )
( 160  138  59  )
( -131  90  -36  )
( -82  -13  -29  )
( 133  29  52  )
( -69  86  -181  )
( -143  -33  180  )
( -119  -155  79  )
( -22  -37  68  )
( -163  -53  123  )
( 186  15  99  )
( 57  -120  194  )
( 52  -154  -58  )
( -130  80  109  )
( 62  155  -124  )
( 34  -82  -186  )
( -115  133  -46  )
( -31  141  189  )
( 43  52  150  )
( -103  115  -6  )
( -131  -53  -137  )
( -55  -38  23  )
( -187  -36  119  )
( -143  -33  58  )
( -162  45  192  )
( -67  -120  43  )
( 40  -192  64  )
( -54  34  30  )
( 125  -53  159  )
( 21  -146  -24  )
( -160  -151  11  )
( 4  105  -194  )
( -124  150  106  )
( 133  9  10  )
( 41  -196  -85  )
( -7  -152  116  )
( -136  54  127  )
( -39  27  6  )
( 85  51  156  )
( -48  87  111  )
( 33  -139  -185  )
( -185  -67  -106  )
( 176  -48  34  )
( -3  -73  -39  )
( 11  134  -123  )
( 21  -125  -2  )
( 146  39  97  )
( 136  44  -28  )
( 23  -184  74  )
( -87  25  -37  )
( -170  26  -62  )
( 151  -10  118  )
( -7  -2  -86  )
( 173  33  74  )
( -85  110  -149  )
( 110  54  -98  )
( 143  137  -2  )
( -102  186  -103  )
( 81  136  -123  )
( -123  -194  -86  )
( 24  -92  -28  )
( -102  82  -172  )
( 16  178  -4  )
( -165  -170  -90  )
( 126  -132  95  )
( -172  5  121  )
( -122  60  -88  )
( -64  136  -4  )
( 18  151  -25  )
( 162  69  132  )
( 123  -70  -193  )
( -23  -56  -1  )
( 83  -113  -132  )
( -96  72  76  )
( 45  -127  -22  )
( -90  -89  -46  )
( -176  -160  -126  )
( -69  126  -67  )
( 43  35  -55  )
( -15  190  -45  )
( 99  139  124  )
( -177  -8  -159  )
( -65  -82  43  )
( -133  -59  -117  )
( 12  -83  123  )
( -5  41  -103  )
( 19  147  159  )
( 13  -110  -114  )
( -63  113  -46  )
( -36  1  -140  )
( -194  -71  -69  )
( -33  -106  65  )
( 179  -19  -79  )
( -162  63  145  )
( 34  -166  156  )
( -125  7  83  )
( -132  83  -124  )
( 191  174  -57  )
( -198  184  92  )
( -173  168  136  )
( 6  80  -42  )
( -30  -76  -145  )
( -64  197  139  )
( -86  -138  -182  )
( -9  -87  -140  )
( 28  -180  -108  )
( -188  -128  109  )
( 122  14  -93  )
( -25  -39  140  )
( -92  67  132  )
( 34  -64  -15  )
( -131  111  156  )
( 134  158  -149  )
( -182  -106  -150  )
( 100  197  78  )
( 120  -111  29  )
( 113  44  64  )
( 98  178  3  )
( -68  197  -156  )
( -50  -157  -42  )
( -199  179  -126  )
( 149  95  -189  )
( -65  -175  83  )
( -80  166  -187  )
( -146  148  -131  )
( -91  76  26  )
( 191  -110  87  )
( -42  -118  126  )
( -65  -3  -168  )
( -171  -104  -86  )
( -8  48  141  )
( -182  62  -89  )
( -181  -193  -1  )
( 48  -130  25  )
( -5  64  -135  )
( 37  187  173  )
( -55  -63  32  )
( 112  -78  149  )
( 153  -145  -135  )
( 158  185  -115  )
( 164  -81  58  )
( 55  64  21  )
( 23  52  -35  )
( 89  9  4  )
( -78  73  104  )
( 150  -48  -41  )
( 189  -9  -31  )
( -150  41  -196  )
( -44  29  -172  )
( 62  -83  18  )
( 22  -174  -161  )
( -10  -118  124  )
( -127  -17  130  )
( -172  11  -14  )
( 187  -161  -197  )
( -142  -58  141  )
( 153  165  24  )
( -163  -151  100  )
( 68  -158  29  )
( -127  28  9  )
( 13  125  88  )
( -12  -125  -157  )
( 85  -35  -185  )
( 169  -104  100  )
( -82  -93  -98  )
( 64  91  -63  )
( 178  -87  -174  )
( -1  117  -93  )
( -174  121  -179  )
( -64  158  -56  )
( -128  140  -3  )
( -79  -103  -56  )
( -6  138  131  )
( -72  74  7  )
( -180  94  -120  )
( -50  62  -94  )
( -69  135  84  )
( -121  81  -55  )
( 113  175  -18  )
( 70  60  73  )
( -45  -181  156  )
( -119  -28  20  )
( 165  85  -159  )
( 165  -69  -187  )
( 107  -140  84  )
( -180  -106  -157  )
( 71  -102  72  )
( -9  -103  -53  )
( -65  4  -106  )
( 190  -96  39  )
( 38  187  164  )
( 199  140  153  )
( -171  170  -150  )
( 130  181  -10  )
( -195  142  -13  )
( 133  22  90  )
( -123  65  -174  )
( -184  -193  100  )
( 87  68  0  )
( -185  76  -133  )
( -123  -27  45  )
( -43  -170  -92  )
( -10  -198  -119  )
( -73  14  48  )
( -2  119  191  )
( 168  9  94  )
( 101  -26  -198  )
( 137  190  12  )
( -29  161  -143  )
( 40  86  -141  )
( 141  140  -5  )
( -71  -163  -155  )
( -140  174  -120  )
( -85  -19  -115  )
( -123  -108  174  )
( 21  167  -108  )
( -53  83  -84  )
( -160  149  -162  )
( -177  74  105  )
( -40  120  10  )
( -170  -89  123  )
( 77  -35  111  )
( -114  174  150  )
( -123  -118  -44  )
( 198  115  -87  )
( 63  114  -169  )
( -81  170  -58  )
( -168  -132  -123  )
( -165  151  89  )
( -108  -40  123  )
( -32  -146  -7  )
( 104  -186  55  )
( -80  -107  -69  )
( -109  58  -189  )
( -195  -19  -2  )
( 52  -113  -28  )
( -106  116  -77  )
( -163  -175  -54  )
( 28  -0  -31  )
( -45  139  141  )
( -27  93  103  )
( 178  162  64  )
( -155  159  24  )
( -37  -118  -139  )
( 149  20  9  )
( 94  -145  66  )
( 81  -185  78  )
( -60  -171  95  )
( 13  -45  -38  )
( 118  37  152  )
( 182  -161  155  )
( -75  -53  -194  )
( 182  91  175  )
( 186  185  -147  )
( -15  150  79  )
( 133  -10  127  )
( -57  -27  123  )
( -170  169  -98  )
( 167  -153  -140  )
( -28  115  83  )
( 187  -90  -134  )
( -18  -163  -38  )
( 166  148  110  )
( 61  -152  158  )
( -56  -155  -151  )
( -120  -166  100  )
( -140  -129  -165  )
( 178  -37  189  )
( 57  -19  -97  )
( 20  -33  123  )
( -100  -24  130  )
( 95  -178  -62  )
( -83  -178  74  )
( 174  51  -13  )
( 116  -174  179  )
( -155  -27  -22  )
( -196  156  65  )
( -24  -136  87  )
( -30  193  169  )
( -3  123  -191  )
( -1  150  87  )
( -58  -169  -182  )
( -131  -33  15  )
( -137  183  72  )
( -166  -156  -152  )
( -145  184  -48  )
( -14  -112  -142  )
( 132  102  194  )
( 52  28  -15  )
( -131  -135  -93  )
( -104  -149  -101  )
( -40  7  -19  )
( -21  -72  37  )
( 171  60  17  )
( -164  106  -121  )
( -164  -153  159  )
( -192  -111  -9  )
( 12  -75  -62  )
( 184  20  78  )
( 72  48  -28  )
( 182  64  138  )
( 170  104  -112  )
( 190  35  39  )
( 150  -20  103  )
( 196  11  -138  )
( 194  58  -70  )
( 191  99  -59  )
( -117  62  -182  )
( 81  -175  -142  )
( -15  20  110  )
( 15  172  -58  )
( 159  -169  -108  )
( 11  50  84  )
( -105  154  199  )
( -133  -135  74  )
( 157  -41  104  )
( -93  177  86  )
( -98  120  193  )
( 141  -77  -26  )
( 155  -35  135  )
( -60  -168  53  )
( 155  -135  -65  )
( -37  141  151  )
( 139  -78  -28  )
( -138  82  -47  )
( -40  -90  -199  )
( 133  -104  -186  )
( 90  79  -40  )
( 69  139  -177  )
( -54  -171  -2  )
( -41  -36  -184  )
( 120  -43  70  )
( -189  148  -141  )
( 152  62  56  )
( 191  13  151  )
( -152  1  191  )
( 123  -193  -91  )
( 65  180  97  )
( -154  -122  42  )
( -187  100  94  )
( 185  -70  -36  )
( 167  -122  38  )
( 94  -0  99  )
( 8  -146  -102  )
( 119  -149  63  )
( 101  -144  -134  )
( -187  -190  -79  )
( 46  -53  -77  )
( 113  191  79  )
( -170  128  99  )
( -93  -76  132  )
( 61  132  4  )
( 148  191  179  )
( -34  -104  -3  )
( -177  45  -23  )
( -142  -163  -87  )
( -86  -99  -146  )
( -11  -137  -28  )
( 140  -103  -85  )
( 80  192  -153  )
( 120  31  21  )
( 195  188  115  )
( 97  -150  -32  )
( 127  15  -26  )
( -175  104  -93  )
( 17  97  85  )
( 34  79  172  )
( -175  -114  188  )
( -181  159  88  )
( 120  178  179  )
( 160  16  61  )
( -91  56  30  )
( 75  190  27  )
( 143  38  -105  )
( -120  9  99  )
( -95  -131  -80  )
( 87  156  16  )
( -23  103  -14  )
( 160  146  179  )
( 105  182  53  )
( 75  135  -186  )
( 42  98  -85  )
( 125  147  -157  )
( -159  80  21  )
( 75  63  -57  )
( -91  -24  83  )
( -179  81  -100  )
( -169  141  -68  )
( 172  12  -128  )
( -66  -139  19  )
( 166  20  -173  )
( 22  -184  -74  )
( -185  -1  -133  )
( 72  107  77  )
( -188  7  -198  )
( 91  -44  -104  )
( -34  -195  97  )
( -74  53  73  )
( -70  90  108  )
( 9  -21  86  )
( -66  173  -147  )
( -27  139  -109  )
( 188  -173  24  )
( -182  -187  183  )
( -10  178  -128  )
( -136  75  186  )
( 180  -173  183  )
( -191  167  192  )
( -38  -95  144  )
( 23  62  60  )
( -113  -109  172  )
( -16  143  149  )
( 165  158  -156  )
( -20  -108  30  )
( -186  -10  -82  )
( 75  -102  -111  )
( -181  116  63  )
( -183  -123  5  )
( -126  -33  -123  )
( 94  131  -116  )
( 71  -106  -120  )
( -38  -46  -96  )
( -77  81  -56  )
( -73  -150  -75  )
( 165  147  29  )
( 69  186  141  )
( -134  196  -167  )
( -133  -110  194  )
( -65  4  -82  )
( -191  166  41  )
( 137  -3  -157  )
( -48  107  -81  )
( 87  -99  -100  )
( -177  -20  44  )
( -83  161  -19  )
( -41  -73  137  )
( -120  148  62  )
( -168  -60  57  )
( -28  -30  93  )
( 56  -193  174  )
( -90  193  3  )
( -127  73  -118  )
( -196  174  126  )
( -192  20  -113  )
( 167  -63  -155  )
( -155  140  -90  )
( -195  130  44  )
( -139  40  190  )
( 4  83  -153  )
( -21  -173  -150  )
( 0  -106  -19  )
( -175  -94  126  )
( -152  -40  71  )
( 4  185  151  )
( 66  -52  -138  )
( -49  -196  60  )
( -108  -126  72  )
( 75  -58  -84  )
( 47  58  9  )
( 8  -77  154  )
( 170  -64  7  )
( 26  -177  -31  )
( -54  -110  -113  )
( -60  -98  120  )
( -25  -90  87  )
( 180  -199  155  )
( 9  -142  -99  )
( 12  98  142  )
( -85  -80  103  )
( 76  -97  153  )
( 43  180  -39  )
( 183  -184  20  )
( 174  199  -101  )
( 199  -182  179  )
( -64  -56  -6  )
( 195  9  123  )
( 68  -184  -198  )
( 99  46  164  )
( -120  100  176  )
( 61  -190  71  )
( -148  107  120  )
( 62  12  -74  )
( 17  43  33  )
( -63  -152  -154  )
( 136  79  151  )
( 189  -134  -26  )
( -138  -139  -57  )
( -18  -101  -21  )
( 103  -189  -9  )
( -130  86  72  )
( 197  -125  -92  )
( 95  56  -100  )
( -44  94  -9  )
( 104  62  -155  )
( 27  -109  175  )
( -35  -121  111  )
( -170  -35  -196  )
( 46  -122  -13  )
( -144  159  -126  )
( -68  -51  88  )
( -110  32  -109  )
( 4  47  70  )
( -169  6  -36  )
( -118  -44  160  )
( -118  -123  -114  )
( 12  -161  14  )
( -8  196  -172  )
( 6  -140  44  )
( -66  -72  -117  )
( -131  85  174  )
( 92  43  102  )
( -12  153  -103  )
( -64  -149  -165  )
( -161  -1  -146  )
( 137  56  -87  )
( 195  184  -139  )
( 69  -131  -14  )
( -101  -181  -182  )
( 38  -121  -168  )
( -108  197  -180  )
( 22  131  147  )
( -152  123  39  )
( -50  114  -176  )
( -109  13  -194  )
( 190  22  -4  )
( -14  43  50  )
( 103  -112  38  )
( -158  -125  -7  )
( -101  -124  -111  )
( -191  -86  8  )
( -184  127  -47  )
( 70  -0  -36  )
( -17  127  183  )
( -170  4  83  )
( -128  194  -167  )
( -40  48  -112  )
( -182  81  186  )
( 130  168  51  )
( -42  158  94  )
( -89  -72  -83  )
( -177  36  105  )
( 171  30  75  )
( 36  -10  -134  )
( -79  14  132  )
( -177  138  -1  )
( -101  47  64  )
( 46  -64  -92  )
( -112  -45  -83  )
( -106  -170  165  )
( 74  -25  185  )
( -85  -49  73  )
( -12  -44  -87  )
( -50  59  20  )
( 187  139  99  )
( 73  -126  -81  )
( 64  -23  -77  )
( -8  -132  -104  )
( -76  187  -62  )
( 182  19  63  )
( -59  -136  179  )
( -166  -35  -199  )
( -152  189  -92  )
( 37  -185  -106  )
( 173  2  150  )
( -54  100  17  )
( -69  -80  -185  )
( -41  -161  79  )
( 84  -32  -16  )
( -33  19  -65  )
( -31  -15  -69  )
( 185  -36  182  )
( 14  33  163  )
( -113  -6  195  )
( -182  -100  39  )
( -96  139  146  )
( 27  -181  17  )
( 0  105  -118  )
( 146  -173  -193  )
( -121  118  92  )
( -127  79  -1  )
( 125  -34  -143  )
( -110  163  55  )
( -8  131  35  )
( 134  71  8  )
( -174  -124  -193  )
( -160  -126  -20  )
( -44  59  167  )
( 80  156  -139  )
( 149  -16  -131  )
( 81  144  164  )
( -28  -164  99  )
( -78  62  19  )
( -163  11  -191  )
( -23  33  29  )
( 41  -100  95  )
( -83  -18  133  )
( 174  -25  113  )
( 142  173  121  )
( -114  -43  167  )
( 181  1  120  )
( 157  136  139  )
( -142  -70  144  )
( -196  186  -7  )
( -166  -19  -120  )
( -163  -82  103  )
( -58  12  -15  )
( -38  157  197  )
( 52  158  -173  )
( -41  -188  -192  )
( 83  191  159  )
( 5  21  -192  )
( -35  178  -94  )
( 78  62  90  )
( 16  -69  139  )
( -166  92  -10  )
( 182  -171  -68  )
( 37  147  166  )
( -30  33  -65  )
( -184  155  -19  )
( -69  -159  -190  )
( 113  -168  -74  )
( 97  139  74  )
( 117  96  150  )
( -167  29  -182  )
( 122  72  -110  )
( 126  37  69  )
( 94  -190  -40  )
( 158  -93  55  )
( -35  -92  -69  )
( -103  -129  -8  )
( -2  -55  16  )
( 142  -87  -37  )
( -38  -0  -151  )
( 14  -170  -81  )
( -113  -175  -123  )
( 132  41  63  )
( -178  -87  148  )
( -102  149  130  )
( 43  -9  -73  )
( 73  -4  -23  )
( 67  -184  105  )
( -180  -53  -179  )
( 124  -46  83  )
( -31  160  -71  )
( 178  52  -103  )
( 128  95  -43  )
( 96  -192  -64  )
( -93  4  -17  )
( 31  106  -107  )
( 132  -170  -45  )
( -63  19  50  )
( -63  163  49  )
( 100  -103  181  )
( 16  -86  33  )
( -25  158  -0  )
( -138  -119  102  )
( 56  118  87  )
( -147  -123  -75  )
( -18  -62  96  )
( -83  -195  -112  )
( -173  -136  -144  )
( 11  53  143  )
( 150  -129  -8  )
( 64  109  -17  )
( 11  -190  -126  )
( -110  -92  -119  )
( 32  -6  137  )
( 124  -130  11  )
( -152  151  -166  )
( 153  -87  9  )
( 29  157  149  )
( 100  -28  191  )
( 165  156  -174  )
( -101  83  -122  )
( 135  -177  72  )
( -185  30  40  )
( -51  187  30  )
( -70  -166  128  )
( -165  -23  30  )
( -131  92  -43  )
( 25  145  -160  )
( -9  -186  0  )
( -95  -195  154  )
( 124  149  175  )
( -18  -121  -2  )
( 179  169  -77  )
( 115  140  114  )
( -157  -187  121  )
( -87  64  -1  )
( 9  104  -145  )
( 143  145  -75  )
( -165  90  -160  )
( 101  86  93  )
( 40  -128  -196  )
( 196  -185  31  )
( -136  186  39  )
( -157  -147  2  )
( 166  159  -142  )
( 27  -147  -50  )
( 102  48  -197  )
( 5  -161  -198  )
( 193  74  -167  )
( 107  -183  193  )
( 1  -50  -150  )
( -126  96  -112  )
( 91  40  108  )
( -141  -29  -64  )
( -161  -132  154  )
( -162  -96  -82  )
( -98  159  -120  )
( -107  -43  22  )
( -184  -133  191  )
( 80  21  17  )
( -25  -156  -176  )
( -13  75  46  )
( 86  -136  -35  )
( -0  -88  5  )
( -119  52  129  )
( -36  115  69  )
( 28  20  -169  )
( -85  -47  -146  )
( 113  175  -89  )
( -160  33  -107  )
( 60  73  136  )
( 97  -36  198  )
( 130  -74  42  )
( -72  164  48  )
( -89  181  -13  )
( 19  -195  193  )
( 152  -2  -59  )
( 181  -120  -77  )
( 194  -43  -199  )
( 36  100  -20  )
( 180  73  99  )
( -90  125  -113  )
( 14  102  -189  )
( 190  11  13  )
( 54  109  -192  )
( 49  -38  83  )
( -136  -45  -144  )
( -93  -123  144  )
( 193  -84  -151  )
( -10  59  19  )
( 89  107  128  )
( 106  167  -158  )
( 20  147  198  )
( -162  -130  98  )
( -189  142  147  )
( 68  102  40  )
( 193  164  146  )
( 22  135  50  )
( -24  -114  -71  )
( -95  -4  -138  )
( -136  138  -42  )
( -46  -155  21  )
( 124  145  -95  )
( -26  -127  101  )
( -38  52  8  )
( 78  110  42  )
( 73  146  59  )
( -20  83  -68  )
( 22  138  -142  )
( -129  8  176  )
( -118  -162  136  )
( -118  -46  112  )
( 184  -83  21  )
( 3  138  -189  )
( -123  102  -68  )
( 96  167  50  )
( 142  155  -63  )
( 181  -26  149  )
( 192  -74  119  )
( -193  146  -187  )
( -27  84  -182  )
( -91  -153  108  )
( -133  -196  49  )
( -148  83  -5  )
( -119  121  188  )
( -64  -94  -106  )
( -78  -23  -108  )
( 107  -133  -22  )
( -188  -116  -144  )
( 108  -103  -144  )
( -54  -8  106  )
( -56  -195  182  )
( -125  -19  155  )
( 46  100  -15  )
( -64  192  -54  )
( 101  -23  -61  )
( -22  53  43  )
( -95  89  -181  )
( 114  41  -53  )
( -46  128  44  )
( 99  -88  -145  )
( 149  175  70  )
( 50  -83  19  )
( -128  88  174  )
( 111  -78  40  )
( -154  -67  -171  )
( -118  -53  69  )
( 179  -43  -141  )
( -119  -51  151  )
( 130  -138  190  )
( 101  -114  -29  )
( 165  -47  -163  )
( -177  105  31  )
( -173  -27  56  )
( -19  47  -112  )
( 126  -119  -167  )
( -53  67  63  )
( 96  100  166  )
( -76  -88  53  )
( 86  147  -78  )
( 79  20  -29  )
( -108  128  198  )
( 33  -86  -38  )
( 131  -63  -31  )
( 34  -157  -152  )
( 156  -106  182  )
( -18  169  154  )
( -32  -53  113  )
( -178  -184  14  )
( -15  -22  -71  )
( -10  -8  42  )
( 4  -26  -134  )
( -104  173  3  )
( -150  -91  -139  )
( 188  28  -199  )
( -81  -78  -180  )
( 126  -154  -13  )
( -190  -70  -12  )
( -96  173  -141  )
( 110  -104  -193  )
