( -137  52  -10  )
( 182  25  27  )
( 36  130  194  )
( 44  48  124  )
( -78  -179  -92  )
( -1  133  -193  )
( 63  45  -91  )
( -7  -76  55  )
( 157  -109  -158  )
( -36  -179  -98  )
( -196  -36  185  )
( 181  179  -104  )
( -190  -160  99  )
( 13  -60  148  )
( -95  57  155  )
( -96  118  -114  )
( 180  83  36  )
( 102  -141  111  )
( -197  147  -47  )
( 129  -45  -71  )
( 80  -69  17  )
( -45  63  198  )
( 150  -193  52  )
( -52  22  112  )
( -62  -34  -181  )
( 180  188  108  )
( 134  95  69  )
( 102  -91  -34  )
( 109  -128  -29  )
( 194  -4  59  )
( 80  -11  59  )
( 68  -15  -49  )
( -101  -147  114  )
( -48  193  57  )
( 141  -171  -149  )
( -26  134  81  )
( -7  -189  164  )
( -3  -83  -165  )
( 171  -32  15  )
( 167  -103  188  )
( -42  -159  188  )
( -101  64  85  )
( -47  20  -139  )
( -47  -114  -86  )
( 65  -16  162  )
( -28  186  185  )
( -21  29  56  )
( 77  -59  170  )
( -57  -88  87  )
( 39  -48  -128  )
( 76  198  -113  )
( 95  -163  4  )
( -5  87  43  )
( 38  29  49  )
( -4  150  149  )
( -190  114  -155  )
( 119  -92  -120  )
( -189  -113  105  )
( -192  107  -43  )
( -45  -93  0  )
( -77  104  -28  )
( 96  -134  4  )
( -78  -178  147  )
( 195  -89  -152  )
( -78  -24  -113  )
( -180  38  -129  )
( 58  -66  -20  )
( -186  -39  25  )
( -97  112  -100  )
( -53  6  169  )
( -56  163  -47  )
( -33  -24  187  )
( -47  -84  119  )
( 34  -27  -32  )
( 25  102  -168  )
( -86  51  -71  )
( 161  124  156  )
( -39  -144  81  )
( 65  169  153  )
( -176  114  -12  )
( 113  -174  -25  )
( 67  79  -106  )
( -50  -75  4  )
( 149  -5  71  )
( -77  5  147  )
( 108  139  -85  )
( -92  -120  -126  )
( 161  71  -96  )
( 165  -43  11  )
( -52  74  128  )
( 118  86  116  )
( -100  -49  87  )
( 197  -86  54  )
( 116  19  -99  )
( 37  -151  120  )
( 47  177  59  )
( 180  151  94  )
( 127  113  -40  )
( -191  34  186  )
( -97  76  -185  )
( -69  67  80  )
( 57  108  139  )
( -165  107  -191  )
( -18  -71  155  )
( -79  1  -158  )
( -72  10  76  )
( -58  93  139  )
( 56  -90  -70  )
( 165  -153  137  )
( 162  106  55  )
( -161  70  -30  )
( -106  -101  -157  )
( 7  137  -44  )
( 160  137  182  )
( 155  181  -17  )
( 138  -161  93  )
( -172  113  100  )
( -75  195  86  )
( -116  -88  93  )
( 185  -138  -60  )
( 92  27  -109  )
( -93  -193  -90  )
( 37  -20  -28  )
( -199  57  21  )
( -156  -150  14  )
( 146  134  111  )
( 117  68  194  )
( 37  -33  -162  )
( 107  -138  -32  )
( -105  -171  67  )
( 163  85  126  )
( 125  -128  124  )
( -176  -26  -137  )
( 31  107  -199  )
( -73  -0  -35  )
( 125  -146  -135  )
( 76  177  -3  )
( -144  53  -45  )
( 4  43  -132  )
( 49  42  -171  )
( 105  -102  10  )
( 107  132  28  )
( -155  -59  -169  )
( 63  79  158  )
( -140  -157  -113  )
( -87  114  -162  )
( 161  27  58  )
( -175  166  -68  )
( 46  134  146  )
( -55  -136  119  )
( -157  106  -149  )
( 154  -96  140  )
( -194  -169  -140  )
( 7  153  -152  )
( 55  177  130  )
( -129  106  -44  )
( 40  186  -86  )
( -26  -144  17  )
( -172  16  -155  )
( -53  57  -107  )
( 163  -100  -57  )
( 51  -173  -37  )
( -144  -11  -33  )
( -114  -101  13  )
( -150  -124  -131  )
( 85  3  59  )
( 15  90  17  )
( 7  134  -18  )
( -146  -189  -131  )
( 77  -108  -179  )
( -134  -156  -88  )
( -189  182  136  )
( -1  -131  188  )
( 6  -31  40  )
( 161  185  -197  )
( -47  -191  43  )
( 131  34  -186  )
( -102  -62  -6  )
( 173  -61  -182  )
( 197  188  24  )
( -32  -190  -144  )
( 67  98  160  )
( 15  -182  -48  )
( 170  5  -55  )
( 111  -160  152  )
( -22  -111  -40  )
( -110  69  -140  )
( 84  56  187  )
( 74  98  147  )
( 31  -146  154  )
( 45  72  -192  )
( 198  -184  164  )
( -139  -77  -132  )
( -52  -125  85  )
( 48  -80  20  )
( 131  63  85  )
( 111  -90  14  )
( 163  -124  -52  )
( 34  -184  123  )
( -26  33  -37  )
( 15  -173  -152  )
( -80  135  148  )
( 86  -163  125  )
( -80  190  148  )
( -10  -182  92  )
( 190  -109  -196  )
( 31  46  126  )
( -51  105  144  )
( 72  -175  -63  )
( 177  86  -183  )
( -92  173  -70  )
( -77  0  69  )
( 182  -46  -25  )
( 199  179  -134  )
( -45  -184  81  )
( 107  23  -192  )
( 14  -62  43  )
( -102  -157  -160  )
( -198  190  -14  )
( 27  37  36  )
( -50  -163  131  )
( 98  144  -156  )
( 134  185  -45  )
( 174  1  93  )
( -8  -93  24  )
( -76  -74  98  )
( -11  132  -162  )
( 40  -182  176  )
( 136  -34  -109  )
( -75  187  165  )
( -37  -175  99  )
( 161  -191  17  )
( 60  -126  -0  )
( 54  -127  -169  )
( -65  -128  -183  )
( -5  64  -163  )
( -167  135  147  )
( -144  29  183  )
( -97  117  82  )
( -117  42  -134  )
( 142  74  116  )
( 98  65  -176  )
( 40  52  100  )
( 32  -191  137  )
( -110  -187  -24  )
( 4  -161  87  )
( -58  -11  62  )
( -3  61  164  )
( 142  -136  -175  )
( 116  118  135  )
( 147  144  -15  )
( 86  23  85  )
( 97  -187  -161  )
( -193  12  8  )
( 97  -55  -84  )
( 25  -29  196  )
( 91  45  39  )
( 57  80  -63  )
( -155  -75  -71  )
( -140  -68  158  )
( -135  36  -187  )
( 54  -35  61  )
( 101  -164  68  )
( 170  5  -21  )
( -170  41  -149  )
( 89  38  35  )
( 10  -77  -4  )
( -146  -86  187  )
( -25  -29  -90  )
( -144  115  -9  )
( 39  20  -57  )
( -37  43  99  )
( 47  -56  18  )
( 72  126  10  )
( 18  182  107  )
( -1  70  135  )
( 68  20  113  )
( -166  -6  87  )
( -87  158  -44  )
( -61  170  -90  )
( -109  130  17  )
( -91  144  -83  )
( 12  -30  -82  )
( 18  -114  51  )
( -155  57  158  )
( -11  110  -160  )
( 43  112  108  )
( -190  -197  183  )
( -119  -153  73  )
( 140  138  44  )
( -82  -65  30  )
( 35  -151  52  )
( -17  -15  -56  )
( -54  114  117  )
( 76  6  129  )
( -163  15  -122  )
( 192  89  -161  )
( 78  76  -41  )
( -51  -63  -54  )
( -65  -10  32  )
( 132  20  194  )
( -49  -25  36  )
( 46  -108  155  )
( 29  -53  -81  )
( 166  163  189  )
( 103  54  135  )
( -150  32  169  )
( 156  82  -133  )
( 81  72  -84  )
( 61  59  153  )
( -82  57  -101  )
( 196  40  -148  )
( -51  171  86  )
( -173  -37  -183  )
( 81  46  190  )
( 117  163  -16  )
( -81  195  -93  )
( -45  103  116  )
( 48  150  -124  )
( -163  -84  -143  )
( -56  -58  -40  )
( -90  6  -87  )
( 169  151  36  )
( -39  156  -38  )
( 138  132  134  )
( 129  -142  -94  )
( -168  -121  149  )
( 53  -136  -21  )
( -169  143  -21  )
( -31  179  106  )
( -92  123  86  )
( 25  155  60  )
( -74  -32  -4  )
( 34  116  -63  )
( 1  7  -9  )
( -99  -126  184  )
( 173  -186  154  )
( 142  -145  -153  )
( -46  -27  180  )
( -116  12  30  )
( 198  92  117  )
( -88  101  -174  )
( 140  -66  -124  )
( -197  43  -109  )
( 53  107  33  )
( 104  27  -147  )
( -152  81  76  )
( -179  135  187  )
( -191  146  -185  )
( 181  -62  -178  )
( -61  66  133  )
( 79  187  -77  )
( 128  -153  -194  )
( -85  37  119  )
( 109  133  -51  )
( 190  -110  167  )
( -176  118  42  )
( 174  177  -72  )
( 96  134  2  )
( -111  -103  -98  )
( -35  91  160  )
( -116  -38  68  )
( 174  40  -144  )
( -104  -109  61  )
( -152  18  -160  )
( 135  91  -190  )
( -9  91  74  )
( -5  77  -126  )
( 21  165  17  )
( -42  97  113  )
( 74  51  113  )
( 192  45  -168  )
( -53  50  137  )
( 114  198  -35  )
( 103  57  -29  )
( -100  -42  186  )
( -145  70  143  )
( -78  -151  0  )
( 74  67  135  )
( -180  -60  -104  )
( 116  91  18  )
( 62  82  -115  )
( -142  -35  163  )
( -30  100  121  )
( -7  -174  -27  )
( -46  -47  82  )
( 146  -25  -142  )
( 116  149  -39  )
( 74  130  -147  )
( -65  121  -110  )
( 1  -101  161  )
( 128  130  4  )
( -21  -7  -178  )
( 19  21  -135  )
( -70  -116  42  )
( 6  -141  89  )
( 155  140  -174  )
( -180  116  -172  )
( -188  160  -127  )
( -6  -64  -168  )
( -62  187  -16  )
( 109  -160  -98  )
( -102  57  174  )
( 75  66  180  )
( -183  -131  -43  )
( 117  63  36  )
( -129  -8  28  )
( -132  -150  112  )
( 123  -191  -103  )
( -159  -117  115  )
( 162  -19  121  )
( -161  137  -178  )
( -67  98  -59  )
( -23  -131  -191  )
( -23  -84  106  )
( -149  -2  -79  )
( -171  -140  55  )
( -197  -118  87  )
( -49  199  35  )
( 95  51  92  )
( -87  -71  -74  )
( -21  -90  -194  )
( -69  -184  72  )
( -151  -155  -2  )
( 5  -187  -33  )
( 128  133  -114  )
( 123  93  -159  )
( -45  -189  167  )
( 188  18  40  )
( 144  195  99  )
( -158  47  131  )
( 191  -157  -115  )
( -137  153  -54  )
( -186  160  -77  )
( -82  75  62  )
( 190  188  -66  )
( -182  -196  -166  )
( 145  -171  199  )
( 132  35  187  )
( -191  35  -142  )
( -24  29  59  )
( 26  -19  124  )
( -86  69  68  )
( -193  38  42  )
( 78  193  -104  )
( -37  -153  116  )
( 37  88  -177  )
( 157  -113  -114  )
( -75  -56  -137  )
( -91  -157  -129  )
( 69  -30  122  )
( -20  -133  178  )
( 31  142  -104  )
( 157  40  195  )
( -197  -102  -6  )
( -169  158  -21  )
( 180  -92  86  )
( -78  -67  -7  )
( 27  155  43  )
( 166  26  -99  )
( 181  -192  -196  )
( 189  -36  -132  )
( 46  -131  -1  )
( -157  -93  40  )
( -161  -183  -157  )
( -34  173  -113  )
( 12  -191  4  )
( -44  173  -27  )
( 68  32  -12  )
( -174  -171  154  )
( 150  173  -165  )
( 197  -26  149  )
( 41  -131  -42  )
( 137  89  -185  )
( -180  141  172  )
( -76  72  -181  )
( 188  -76  -145  )
( 72  -79  175  )
( 97  174  6  )
( -177  -178  -153  )
( -10  -195  110  )
( 143  -37  -106  )
( 197  -47  -154  )
( -15  -54  -115  )
( -94  -115  -75  )
( -28  4  187  )
( -134  81  168  )
( 181  -128  59  )
( -177  59  102  )
( 79  -80  -12  )
( -102  90  -68  )
( 59  -43  -187  )
( -37  177  -152  )
( 59  -14  -142  )
( 27  -88  -184  )
( -13  131  1  )
( -170  78  -179  )
( 119  -131  2  )
( 116  -124  -68  )
( 177  -161  78  )
( -50  86  1  )
( -184  68  -75  )
( 64  49  -199  )
( -169  129  105  )
( -112  -182  14  )
( -130  155  52  )
( 197  -57  28  )
( 168  137  -179  )
( 49  193  1  )
( -135  -45  -197  )
( -41  183  -39  )
( -150  -57  175  )
( 121  179  -13  )
( 49  -80  62  )
( -73  67  16  )
( 130  166  -114  )
( -172  73  -66  )
( -118  163  -162  )
( 98  -24  77  )
( 68  -65  -8  )
( -103  -178  44  )
( -46  -40  60  )
( -157  97  85  )
( 187  -149  -48  )
( -71  -96  -152  )
( -77  -197  73  )
( -191  -194  19  )
( -77  -50  -67  )
( 57  -47  178  )
( 159  -167  85  )
( 82  -24  164  )
( -107  -66  80  )
( 59  29  -25  )
( 186  -137  48  )
( -77  186  -35  )
( 71  -130  168  )
( 166  192  -90  )
( -44  94  -199  )
( 111  11  -99  )
( 144  -118  172  )
( 194  -188  -101  )
( 167  49  -59  )
( -72  -44  64  )
( 146  197  -98  )
( -96  21  175  )
( -174  -179  -151  )
( 24  -41  -117  )
( 150  82  182  )
( 84  112  134  )
( -64  180  -70  )
( 10  -79  47  )
( 140  -75  -147  )
( 53  108  -157  )
( 197  -21  -2  )
( 58  160  195  )
( -16  -134  -35  )
( 42  -13  21  )
( -56  180  145  )
( -81  39  -170  )
( 189  -148  92  )
( 100  34  -112  )
( -117  -1  83  )
( 47  -175  11  )
( -174  85  80  )
( -145  30  17  )
( 115  48  -182  )
( -171  37  -125  )
( -58  -68  -31  )
( 99  -182  60  )
( -39  30  -179  )
( 129  192  -194  )
( 155  53  -15  )
( -61  173  -97  )
( 9  -179  98  )
( -84  175  -21  )
( 61  25  113  )
( -45  -194  160  )
( -91  67  -182  )
( -25  3  33  )
( 11  94  136  )
( 193  -182  -113  )
( -50  44  -110  )
( -147  131  53  )
( 15  -198  -189  )
( -165  168  30  )
( 9  -103  42  )
( -114  153  67  )
( 5  158  -165  )
( 41  -156  -184  )
( 128  -63  195  )
( 48  186  118  )
( -58  -17  -169  )
( -143  28  -171  )
( 166  -49  -24  )
( -125  -167  71  )
( 55  -159  166  )
( -21  113  -19  )
( 74  102  -22  )
( 177  -61  73  )
( 144  -75  72  )
( -133  -52  86  )
( -196  178  -197  )
( -152  193  -102  )
( 116  38  58  )
( -148  120  78  )
( 8  191  -54  )
( -109  67  18  )
( -155  12  -144  )
( -146  125  107  )
( 22  -181  162  )
( -132  44  -58  )
( -139  152  -196  )
( 159  48  22  )
( 114  -195  132  )
( -41  -170  -100  )
( 117  187  31  )
( -184  188  -65  )
( 196  78  147  )
( -78  176  -111  )
( -109  150  168  )
( -1  32  38  )
( -8  -184  16  )
( 32  170  -28  )
( 17  198  -20  )
( -36  -168  -102  )
( -110  160  -173  )
( 153  85  -6  )
( 63  -191  -107  )
( -132  12  -160  )
( -182  81  -97  )
( -31  -149  -66  )
( 177  48  166  )
( -129  -199  84  )
( 188  198  0  )
( -174  73  -3  )
( 146  -34  7  )
( -158  -171  -103  )
( -87  7  -140  )
( 24  116  110  )
( -172  38  148  )
( -3  44  -27  )
( 119  189  -144  )
( -98  75  -143  )
( -166  -62  -64  )
( -198  154  -157  )
( 55  187  -52  )
( -160  135  41  )
( -70  184  -134  )
( -105  28  -173  )
( 140  -172  174  )
( 88  85  57  )
( -42  64  119  )
( 83  58  119  )
( -121  115  -4  )
( -21  69  44  )
( 35  3  160  )
( -46  92  136  )
( -85  -138  -65  )
( -94  -151  -70  )
( 115  -111  28  )
( -149  -96  71  )
( 64  -17  -199  )
( -62  -97  156  )
( 166  -128  -146  )
( 80  58  -163  )
( 128  136  118  )
( 198  -96  129  )
( -118  91  -12  )
( -12  134  109  )
( -58  -188  131  )
( -172  -162  -168  )
( -43  -58  -111  )
( 100  187  -148  )
( 46  51  73  )
( -82  153  94  )
( -45  -22  78  )
( 119  11  95  )
( 55  155  43  )
( 123  -104  169  )
( 76  -45  -40  )
( 183  75  -88  )
( 56  -195  188  )
( -38  -127  130  )
( -46  198  137  )
( 44  26  86  )
( -95  -99  -168  )
( 111  -151  -97  )
( -88  -74  -77  )
( 145  -177  -112  )
( -109  -115  -32  )
( -89  45  8  )
( -55  -145  123  )
( -177  -29  87  )
( 26  -132  -167  )
( -125  -13  32  )
( 150  109  155  )
( -78  -5  6  )
( 49  162  -78  )
( 36  -69  29  )
( -179  11  -42  )
( -193  141  111  )
( -110  94  135  )
( 45  -161  136  )
( 159  149  75  )
( 2  -181  -12  )
( -2  16  145  )
( 0  -198  -66  )
( 35  -175  139  )
( -190  174  198  )
( -60  -187  33  )
( 100  166  -137  )
( -166  -49  101  )
( 116  -153  -70  )
( 115  -119  -11  )
( 63  -189  7  )
( -118  -41  -111  )
( -32  -166  50  )
( -14  -156  -87  )
( -97  81  96  )
( 122  82  -171  )
( -106  -21  -24  )
( -35  -128  136  )
( 145  -118  -137  )
( 6  166  -194  )
( 108  -46  -63  )
( 76  -8  6  )
( -117  -137  88  )
( -183  -59  132  )
( 160  -66  77  )
( 2  -115  -32  )
( 162  172  43  )
( 195  168  -56  )
( -121  11  199  )
( 92  -112  -114  )
( 61  29  178  )
( -48  -120  -17  )
( -40  9  70  )
( -92  145  109  )
( 79  85  185  )
( -77  127  111  )
( -126  42  18  )
( 56  94  -83  )
( 21  -166  -178  )
( 56  -85  -114  )
( 187  70  69  )
( 44  -54  -72  )
( 28  186  16  )
( -104  187  77  )
( -96  -150  -33  )
( -171  -129  -182  )
( 127  -73  166  )
( 177  68  148  )
( 154  -95  -195  )
( -84  -83  -40  )
( 186  114  -115  )
( -182  -28  174  )
( 113  195  -23  )
( 42  -71  -159  )
( -23  176  -199  )
( 116  105  -159  )
( 191  193  -132  )
( -66  106  -30  )
( 115  136  127  )
( 157  148  -179  )
( 120  38  -196  )
( 11  190  -128  )
( -136  185  -81  )
( 176  45  -111  )
( -72  180  -170  )
( 96  19  -49  )
( -126  -87  70  )
( -163  -51  176  )
( -93  144  23  )
( 113  -127  -29  )
( 64  166  72  )
( -69  -129  44  )
( -176  -56  42  )
( -128  199  97  )
( 151  -153  -173  )
( 38  45  -168  )
( -126  -147  -104  )
( 42  135  -64  )
( 174  1  -12  )
( -165  7  -64  )
( -82  104  -112  )
( -109  -148  -99  )
( -109  136  -100  )
( 86  -171  32  )
( -18  -124  -156  )
( -52  -139  141  )
( 17  128  129  )
( -138  30  -110  )
( -1  111  71  )
( -45  -59  150  )
( -141  177  -89  )
( -66  -199  150  )
( 173  -111  161  )
( -175  78  -4  )
( -154  12  -19  )
( -108  24  -99  )
( 68  -66  -183  )
( -30  29  -3  )
( -191  -196  199  )
( -106  25  96  )
( -113  -65  146  )
( -17  137  180  )
( -91  -131  117  )
( 180  -33  91  )
( 157  -115  -22  )
( -143  35  -137  )
( -95  133  38  )
( -194  -25  -177  )
( -134  161  -93  )
( -61  98  19  )
( -153  -76  27  )
( 25  -176  -23  )
( -29  144  -99  )
( 189  18  93  )
( 59  -151  177  )
( 174  -173  -163  )
( -142  -58  137  )
( 132  172  116  )
( -143  -125  161  )
( 84  180  88  )
( -113  46  97  )
( -113  -91  96  )
( -0  110  -15  )
( -34  98  7  )
( 160  21  -65  )
( -155  -106  -160  )
( 60  47  -122  )
( -53  153  -167  )
( -27  80  181  )
( 104  112  -50  )
( 68  -22  -99  )
( 33  -148  -34  )
( -67  5  1  )
( 183  -60  113  )
( -10  159  -185  )
( 87  -124  -69  )
( 104  35  166  )
( 15  -147  46  )
( -62  112  -164  )
( 74  10  111  )
( -115  -99  105  )
( 173  90  193  )
( 166  157  174  )
( 10  38  -157  )
( -27  -107  -145  )
( -190  168  119  )
( 94  -114  -119  )
( 93  -76  -71  )
( 80  75  -155  )
( -118  -80  -45  )
