( -87  -35  199  )
( 106  29  -19  )
( 174  -69  -134  )
( 77  116  -132  )
( 17  139  -88  )
( -84  -70  -19  )
( -174  39  155  )
( 74  -156  -160  )
( -95  73  40  )
( -183  34  9  )
( 77  98  10  )
( 195  129  36  )
( -33  138  -142  )
( 183  -190  -121  )
( 96  88  173  )
( -79  -175  16  )
( -40  113  -67  )
( 20  58  93  )
( -176  179  -91  )
( -116  -19  -37  )
( 10  187  -81  )
( -14  64  40  )
( -104  -1  -168  )
( -28  -111  -155  )
( 189  79  42  )
( 3  129  -97  )
( -116  55  -157  )
( 153  -189  86  )
( 138  184  67  )
( 185  -94  56  )
( -136  192  173  )
( 116  102  30  )
( -102  195  61  )
( 5  -23  126  )
( 189  -20  47  )
( -0  84  -77  )
( -171  -34  -87  )
( 5  42  -98  )
( 88  163  -135  )
( -60  145  -199  )
( 13  26  -186  )
( 3  -125  199  )
( 135  65  -183  )
( -110  -169  -43  )
( -189  33  66  )
( 126  -180  -163  )
( -171  127  57  )
( -146  112  -72  )
( -146  167  160  )
( -65  167  76  )
( 193  -166  53  )
( 24  -114  7  )
( 118  34  137  )
( 141  -89  127  )
( 33  -126  -187  )
( 60  -58  116  )
( 165  194  159  )
( -135  -81  -25  )
( 108  -9  8  )
( -11  72  150  )
( -129  109  104  )
( -116  11  79  )
( 75  136  74  )
( 53  24  -186  )
( -125  -67  34  )
( 123  163  -195  )
( 187  28  168  )
( -93  -81  143  )
( -100  41  -47  )
( 135  129  -126  )
( -133  -25  119  )
( -17  170  -70  )
( 47  163  178  )
( -158  84  -159  )
( -138  -155  70  )
( -108  -18  45  )
( 169  -60  51  )
( -92  87  177  )
( -33  79  -22  )
( 88  -182  8  )
( 113  77  69  )
( 99  -56  -28  )
( -19  -87  8  )
( 58  -133  26  )
( 69  176  -156  )
( 136  -122  -29  )
( -97  -84  -60  )
( 77  -80  -142  )
( -119  -147  -127  )
( -146  -144  -115  )
( -178  57  -164  )
( -24  9  27  )
( 28  177  2  )
( -81  -36  -125  )
( 123  178  129  )
( 132  -148  159  )
( -26  70  -103  )
( 161  -24  96  )
( 120  -23  -66  )
( -124  -169  11  )
( 120  64  55  )
( 76  -102  198  )
( -31  -187  -12  )
( 172  -29  -111  )
( -63  -37  80  )
( -131  29  88  )
( -165  -135  93  )
( 73  -95  100  )
( -31  10  159  )
( 163  11  4  )
( -150  130  87  )
( 59  -52  -32  )
( 175  -54  -126  )
( 157  -76  21  )
( 0  84  46  )
( 141  168  167  )
( 172  183  -144  )
( -64  113  -14  )
( 185  123  -101  )
( -120  -121  -27  )
( 160  -56  147  )
( -170  -4  16  )
( 69  -70  -94  )
( -166  99  -136  )
( -193  -82  -2  )
( 54  73  -88  )
( 88  -134  -142  )
( 31  127  -141  )
( 25  14  -105  )
( 85  -124  175  )
( -141  -32  11  )
( 12  40  95  )
( -36  -177  -73  )
( 35  80  104  )
( -85  66  136  )
( 123  -160  -144  )
( 185  186  162  )
( -155  -15  91  )
( -176  -28  -105  )
( 1  -125  -152  )
( 47  80  125  )
( 71  28  114  )
( 112  69  -81  )
( -69  55  40  )
( -40  111  11  )
( 33  99  64  )
( -164  -31  -181  )
( 14  118  -124  )
( 170  4  46  )
( -12  -32  150  )
( -167  188  -17  )
( -184  101  -24  )
( -158  -136  -31  )
( 146  -152  50  )
( -196  -107  116  )
( 71  -108  199  )
( -163  -40  20  )
( 186  37  50  )
( 113  -54  23  )
( 197  -3  -110  )
( 18  -52  112  )
( 71  -102  -21  )
( -140  -100  -47  )
( -128  15  175  )
( -29  -148  127  )
( 196  111  -102  )
( -195  -77  -121  )
( -121  184  -183  )
( 102  139  -1  )
( 60  -172  -117  )
( 148  -10  -29  )
( 110  68  -189  )
( -19  -194  -83  )
( -129  -160  -187  )
( 102  -73  95  )
( -80  -59  194  )
( 15  156  -193  )
( 3  184  174  )
( 31  -12  145  )
( 17  51  -47  )
( 114  109  -134  )
( 37  167  -90  )
( -183  26  -186  )
( 168  -145  -61  )
( 197  -52  182  )
( -131  36  127  )
( -175  196  -20  )
( 183  164  189  )
( -179  161  144  )
( -135  159  -55  )
( 66  21  160  )
( -55  149  181  )
( 29  184  7  )
( -152  -54  103  )
( -39  115  -55  )
( 98  66  2  )
( 22  -60  127  )
( 178  2  79  )
( -169  -107  -171  )
( 69  -185  81  )
( 137  -194  -41  )
( -155  -78  -101  )
( 52  195  -156  )
( 16  -173  -159  )
( -104  109  -21  )
( 115  -70  124  )
( 156  97  13  )
( 111  -180  155  )
( -191  175  29  )
( -117  120  -19  )
( -164  -39  119  )
( 131  157  106  )
( -65  -67  -36  )
( 89  -47  -22  )
( 25  -170  -174  )
( -7  140  152  )
( -141  -61  123  )
( -75  85  118  )
( -74  131  -20  )
( -159  27  -49  )
( -94  -171  54  )
( -91  -125  175  )
( -16  -19  -33  )
( 92  -35  164  )
( 8  99  -55  )
( 97  138  -63  )
( -146  -192  -184  )
( 96  144  -21  )
( -117  54  -145  )
( 179  -13  -19  )
( 137  -103  -92  )
( -147  117  92  )
( -159  -62  27  )
( 107  -170  74  )
( 7  69  -3  )
( 171  67  41  )
( -45  -169  -193  )
( 190  135  -152  )
( -48  66  191  )
( 164  -158  -173  )
( 117  -15  -31  )
( 114  49  29  )
( -101  -166  -185  )
( 180  -167  -60  )
( -188  -117  99  )
( 85  102  -36  )
( -170  -163  92  )
( -64  -171  -95  )
( 38  -39  -21  )
( -9  -144  39  )
( 50  -160  156  )
( 19  109  183  )
( -100  136  -63  )
( -48  160  191  )
( -72  -169  -114  )
( 107  -79  -148  )
( 6  126  -38  )
( 88  166  -163  )
( -163  -107  -61  )
( -69  -153  8  )
( -79  70  -171  )
( -77  -124  -79  )
( 96  -159  148  )
( -148  37  198  )
( 153  187  -136  )
( -95  169  77  )
( -10  133  -176  )
( 145  -50  -69  )
( 84  9  -71  )
( 56  -43  -126  )
( -166  135  -7  )
( -184  -121  197  )
( -112  -179  167  )
( -79  91  32  )
( -121  -145  81  )
( 53  -135  33  )
( 173  -170  -18  )
( 68  146  102  )
( 197  -55  -183  )
( -80  -166  1  )
( 73  -179  76  )
( -177  -25  -10  )
( -167  -163  0  )
( -67  -144  65  )
( 112  -7  26  )
( 138  -67  -172  )
( -41  -34  65  )
( 169  -94  173  )
( -79  -118  124  )
( 2  136  167  )
( 146  -39  14  )
( 181  -79  73  )
( -13  55  -188  )
( -45  -142  -194  )
( -8  143  177  )
( 137  168  176  )
( 49  48  -165  )
( 33  -155  -184  )
( 50  -114  29  )
( -95  114  94  )
( 152  -7  -96  )
( 123  -111  75  )
( 113  -104  122  )
( -194  48  149  )
( -34  -25  181  )
( 164  -99  -21  )
( -139  -106  144  )
( -60  29  -104  )
( -14  30  171  )
( 165  -148  139  )
( -194  -39  174  )
( 42  -5  195  )
( -140  190  132  )
( -47  -160  -158  )
( 125  35  -197  )
( 166  -122  16  )
( 78  -145  140  )
( -60  71  -7  )
( 164  -152  -11  )
( -78  -116  66  )
( -74  -102  187  )
( -173  83  -192  )
( 186  -104  -147  )
( 104  71  -139  )
( 167  -35  -174  )
( -14  6  -70  )
( -9  163  166  )
( -17  -112  -31  )
( 140  -175  16  )
( -71  -84  34  )
( -22  193  -6  )
( -58  62  -22  )
( 166  -84  125  )
( 107  170  -174  )
( 56  25  -187  )
( 92  -88  160  )
( -118  10  121  )
( -3  179  72  )
( 132  -61  -15  )
( 37  -25  -19  )
( 143  53  41  )
( 54  -74  62  )
( 28  -135  -73  )
( 93  -5  -70  )
( 194  24  -127  )
( 199  160  -124  )
( 64  156  27  )
( 184  -37  155  )
( 146  75  126  )
( 109  -0  133  )
( -148  59  -88  )
( -113  -186  53  )
( 49  -53  -36  )
( 37  73  -192  )
( -91  -93  -114  )
( -27  147  145  )
( -62  69  -91  )
( -77  22  -142  )
( 39  -167  176  )
( -153  -79  -94  )
( 159  82  -85  )
( -9  15  -176  )
( 98  -137  -155  )
( -123  40  -153  )
( -18  -101  69  )
( -63  171  -109  )
( 173  126  -96  )
( 92  140  138  )
( 158  -97  -84  )
( 71  173  85  )
( -187  143  145  )
( 112  159  150  )
( -127  13  108  )
( 40  190  -11  )
( 38  -91  178  )
( -27  106  -46  )
( 107  -172  80  )
( 145  80  -112  )
( -107  153  -125  )
( 21  14  -83  )
( -177  -105  100  )
( 121  139  -124  )
( -160  66  -108  )
( 149  -183  -135  )
( -95  -162  -31  )
( -189  -24  45  )
( -54  -94  -89  )
( -100  13  79  )
( -125  137  -95  )
( -139  -93  47  )
( 98  -91  100  )
( 177  55  -84  )
( -36  -163  -160  )
( 109  21  -119  )
( 29  155  -64  )
( 129  -81  -132  )
( -126  193  -183  )
( -195  -29  170  )
( -98  158  -178  )
( 197  105  -178  )
( -75  168  -39  )
( 173  -72  160  )
( 129  -176  -126  )
( -75  -129  76  )
( 35  76  -110  )
( -104  131  46  )
( -5  178  106  )
( -99  -22  169  )
( 29  120  140  )
( 60  144  -70  )
( -141  75  67  )
( -84  -120  -103  )
( 38  -194  196  )
( -85  -64  25  )
( -101  75  -152  )
( -170  -2  67  )
( 59  -146  167  )
( 86  -23  171  )
( 172  9  -97  )
( -77  40  -31  )
( 137  115  -53  )
( 162  139  -5  )
( -122  -182  -159  )
( 43  -130  90  )
( -132  84  150  )
( 128  86  -186  )
( -52  148  -0  )
( 15  29  -83  )
( 112  -147  138  )
( -129  -15  152  )
( -69  -145  -94  )
( 24  43  137  )
( 35  -97  85  )
( 127  -58  -14  )
( 22  46  121  )
( 167  -161  105  )
( -165  6  135  )
( 183  100  124  )
( -177  23  -87  )
( 150  93  191  )
( 139  -156  -76  )
( 154  -91  -194  )
( -38  -8  -160  )
( 28  5  -197  )
( -89  21  -17  )
( -161  -187  -63  )
( -42  -2  -71  )
( 52  133  -164  )
( -145  73  -53  )
( -115  -98  76  )
( -130  -181  69  )
( 51  -196  -181  )
( -1  -68  -100  )
( 143  -194  147  )
( -96  61  77  )
( 131  -199  -54  )
( -67  152  -95  )
( -143  -92  134  )
( 84  -8  166  )
( 104  -7  29  )
( -45  -145  -23  )
( 46  65  -137  )
( 156  -14  31  )
( 104  -35  -10  )
( 69  79  -108  )
( -157  30  -139  )
( 158  196  7  )
( 55  -25  87  )
( -164  -124  -54  )
( 46  -51  -185  )
( -19  -136  -6  )
( -52  185  -195  )
( 177  189  74  )
( -157  -173  148  )
( 28  179  144  )
( 131  140  -108  )
( -198  -169  199  )
( 105  -80  119  )
( -129  -78  87  )
( 41  -48  -172  )
( -157  186  -29  )
( -39  77  181  )
( 191  -13  -187  )
( 15  113  154  )
( -139  0  -99  )
( -178  26  125  )
( 83  17  171  )
( -4  77  114  )
( -108  -164  7  )
( -119  196  157  )
( 28  -192  117  )
( 83  58  119  )
( -133  -186  -9  )
( 169  -2  90  )
( 131  169  142  )
( -26  -107  105  )
( 37  22  -142  )
( -40  172  -98  )
( 156  -2  -24  )
( 132  -60  -178  )
( 58  91  -38  )
( 18  41  -144  )
( 194  -54  158  )
( -16  -137  -179  )
( 128  -145  127  )
( -190  192  79  )
( -7  124  -41  )
( 68  47  -178  )
( 117  -175  131  )
( -120  -196  -76  )
( 121  -150  -78  )
( -119  138  145  )
( 98  173  10  )
( 169  161  162  )
( 0  -61  -31  )
( -61  170  93  )
( 117  -96  191  )
( -148  -15  -79  )
( 164  -29  -43  )
( 8  -115  85  )
( 79  59  188  )
( 158  -189  -114  )
( -130  128  -23  )
( 155  115  60  )
( 25  116  165  )
( -154  -89  -49  )
( -177  -197  115  )
( 131  -90  -54  )
( 100  -46  -5  )
( -4  -36  100  )
( 161  -173  98  )
( 127  148  101  )
( -4  -116  191  )
( -196  -104  -109  )
( 99  49  3  )
( 27  191  -108  )
( 95  -8  90  )
( -151  17  -174  )
( -137  114  -101  )
( -193  8  -58  )
( -184  85  -96  )
( 193  144  93  )
( 134  149  -59  )
( -186  118  -193  )
( -96  -80  -29  )
( -144  17  -197  )
( 118  145  60  )
( -136  41  -20  )
( -180  -153  -182  )
( 79  -163  114  )
( 100  85  -41  )
( -157  138  67  )
( -20  48  -164  )
( -49  -59  114  )
( 125  32  0  )
( -65  -18  163  )
( 178  -81  53  )
( -148  -10  -34  )
( -9  -105  136  )
( -142  -153  126  )
( 170  -174  143  )
( 55  131  -24  )
( 115  -99  177  )
( 79  -195  -173  )
( -157  -12  62  )
( 65  24  164  )
( -113  -172  84  )
( -199  39  -112  )
( 104  70  -32  )
( 167  48  119  )
( 117  -99  127  )
( -106  19  158  )
( 167  -65  -120  )
( -51  81  -2  )
( 98  -26  -64  )
( -154  197  -122  )
( 80  -92  60  )
( 6  -79  -57  )
( 27  68  60  )
( -70  -50  -8  )
( -70  -98  126  )
( -142  188  -110  )
( -141  99  -3  )
( -3  -191  -198  )
( -15  181  149  )
( -113  32  107  )
( -154  193  -71  )
( -8  41  -157  )
( -24  45  -192  )
( -95  -144  39  )
( -25  -121  -135  )
( 184  170  53  )
( 158  22  -38  )
( 42  -142  128  )
( 138  87  62  )
( -83  -55  95  )
( 26  102  25  )
( 45  188  70  )
( -58  45  -66  )
( 71  -136  -106  )
( 61  177  187  )
( 4  85  118  )
( -92  101  -130  )
( -24  182  165  )
( 197  -153  -199  )
( 59  -82  35  )
( -55  116  163  )
( -159  -144  57  )
( 13  -61  48  )
( -166  75  -152  )
( -59  99  111  )
( -25  117  186  )
( -118  15  -193  )
( -185  192  -88  )
( -113  -142  -16  )
( -117  110  29  )
( 196  -4  -195  )
( -186  -101  -96  )
( -42  32  21  )
( 24  61  -4  )
( -13  22  -63  )
( -168  187  -36  )
( -27  -30  80  )
( -97  -189  51  )
( -112  43  0  )
( 146  195  181  )
( -149  -158  -3  )
( -192  199  -178  )
( 27  -69  -40  )
( 170  100  -150  )
( 70  -130  -121  )
( -29  -5  -55  )
( -136  194  -196  )
( 73  117  161  )
( 146  100  43  )
( 123  -97  -181  )
( -75  -176  -2  )
( 67  10  113  )
( -27  111  132  )
( 132  8  -108  )
( -107  -108  -41  )
( -104  112  150  )
( 122  -179  -97  )
( -195  -148  17  )
( 136  138  23  )
( -112  -185  34  )
( -77  96  -17  )
( 140  37  -141  )
( 177  42  130  )
( 12  196  97  )
( -52  77  76  )
( 64  112  25  )
( -188  13  132  )
( 9  116  7  )
( 189  -158  -14  )
( 182  50  -132  )
( 13  186  -69  )
( -100  -18  52  )
( 75  -119  171  )
( -98  134  -89  )
( 88  -60  -158  )
( 146  -6  -170  )
( -47  111  -72  )
( -21  -111  65  )
( 100  -78  -132  )
( -192  -63  -157  )
( 26  199  41  )
( 186  29  63  )
( 101  -197  27  )
( -25  -39  170  )
( 5  139  -22  )
( 41  -184  119  )
( 25  106  143  )
( -197  11  92  )
( 36  -112  73  )
( 198  116  -66  )
( 149  -33  95  )
( -113  49  -186  )
( -1  134  -92  )
( 198  -84  -170  )
( -94  -23  153  )
( -175  64  -186  )
( 71  -171  -32  )
( 36  -135  -133  )
( 184  68  -131  )
( -18  -59  -153  )
( -176  -71  146  )
( 38  111  95  )
( -155  -83  -172  )
( -55  64  -159  )
( -31  57  -43  )
( -39  -16  -47  )
( 191  -44  -89  )
( -20  173  -98  )
( -107  -17  -100  )
( -45  50  -51  )
( -196  54  163  )
( -66  70  -22  )
( -137  -199  139  )
( 12  -103  106  )
( 174  -103  -136  )
( -86  -169  120  )
( 180  65  83  )
( -188  197  -102  )
( 117  -101  -4  )
( -119  -6  -49  )
( -102  62  -128  )
( -165  149  113  )
( -54  123  -169  )
( -130  -108  -3  )
( 81  -118  -88  )
( -49  -87  131  )
( -84  -160  -37  )
( -112  189  111  )
( 7  -174  50  )
( -190  189  -6  )
( 95  190  -5  )
( -43  -14  -46  )
( -17  -22  -3  )
( 29  -94  -3  )
( 132  -136  142  )
( 23  89  9  )
( 37  -2  -62  )
( -176  -149  119  )
( -149  -195  162  )
( 185  -140  -23  )
( -88  -73  -71  )
( -50  144  106  )
( 38  57  -1  )
( -102  -158  147  )
( 3  56  188  )
( 133  -160  -41  )
( -153  38  188  )
( -152  190  142  )
( -36  127  172  )
( -158  60  -54  )
( -96  184  123  )
( -35  -12  -185  )
( -175  -127  -10  )
( 33  100  119  )
( 193  -20  29  )
( 194  108  3  )
( -4  123  121  )
( 159  -179  199  )
( 196  2  147  )
( -153  -21  193  )
( -59  -179  -50  )
( 174  -19  -64  )
( 92  -149  140  )
( 136  196  160  )
( 77  -160  85  )
( 91  106  183  )
( -109  -82  -127  )
( -130  -64  190  )
( -87  -77  -13  )
( 40  182  -66  )
( 121  -122  25  )
( 171  110  155  )
( 106  -78  175  )
( -38  -151  181  )
( -11  -189  135  )
( 167  134  -170  )
( -152  100  -142  )
( 32  -191  31  )
( -143  -178  -69  )
( -180  -197  141  )
( -122  98  117  )
( -125  29  171  )
( -62  179  -163  )
( -103  6  -25  )
( -128  -143  -8  )
( -160  9  -183  )
( 13  4  -22  )
( -85  152  -100  )
( -113  -148  39  )
( -136  192  -17  )
( -12  -64  166  )
( -92  -99  -123  )
( -148  -137  23  )
( 34  -40  129  )
( -90  4  -169  )
( -150  131  -161  )
( -124  45  46  )
( 120  185  142  )
( 168  4  -188  )
( -66  40  -88  )
( -6  132  -124  )
( 193  -118  -197  )
( 34  -184  24  )
( -100  96  -69  )
( 18  25  -76  )
( -53  113  111  )
( 18  -189  89  )
( 184  148  -112  )
( 13  197  -95  )
( 77  9  -149  )
( -43  -123  27  )
( -36  -73  -119  )
( 67  -95  -144  )
( 143  162  -95  )
( 31  197  137  )
( 56  33  98  )
( 163  144  -105  )
( -89  -42  125  )
( 18  -134  90  )
( -24  -153  -98  )
( -142  171  -3  )
( -93  84  -96  )
( -68  17  158  )
( 38  4  -83  )
( -84  -116  141  )
( 190  -9  -117  )
( 0  -152  -124  )
( -83  48  -158  )
( -136  25  51  )
( -91  -111  -34  )
( -142  -60  199  )
( -76  -90  180  )
( 90  -68  -177  )
( 81  23  -28  )
( 83  161  -65  )
( 137  -164  10  )
( 159  -107  162  )
( 157  -134  -76  )
( -4  107  -22  )
( 80  -157  -26  )
( 189  121  122  )
( 27  88  -55  )
( 118  195  165  )
( 32  -192  -196  )
( -42  145  186  )
( 61  147  105  )
( -59  -127  114  )
( 27  -112  -110  )
( 121  136  44  )
( -9  -18  -86  )
( -100  81  -86  )
( 98  127  -188  )
( 132  -11  -134  )
( 41  -174  -85  )
( -108  132  -63  )
( -149  -169  76  )
( -6  164  -134  )
( 64  172  127  )
( 12  172  145  )
( 189  2  -128  )
( -153  75  155  )
( -152  117  -108  )
( -29  136  174  )
( 28  22  16  )
( 175  -125  -126  )
( -164  -63  124  )
( -103  162  -31  )
( 41  161  52  )
