( -163  30  174  )
( -122  137  82  )
( 54  83  -196  )
( -178  51  160  )
( 25  -174  39  )
( -52  102  4  )
( 2  98  -66  )
( 66  -176  -31  )
( -180  -159  -89  )
( 87  -116  -97  )
( -115  87  27  )
( 78  -10  1  )
( 199  -190  175  )
( 46  -118  40  )
( -143  174  -32  )
( -106  185  -125  )
( 197  125  -62  )
( 141  17  -8  )
( 88  5  198  )
( 18  -133  45  )
( 158  -1  -94  )
( -191  -48  15  )
( 138  -117  147  )
( -38  -79  174  )
( 193  108  49  )
( -177  90  151  )
( -40  -81  -62  )
( -77  -39  -144  )
( -118  24  93  )
( -82  -197  -62  )
( -162  -27  65  )
( 159  8  52  )
( 21  89  -8  )
( 60  -7  87  )
( -146  92  153  )
( -3  23  165  )
( 129  46  121  )
( -106  172  161  )
( 81  -180  -96  )
( -139  59  -104  )
( -188  -13  4  )
( -184  53  147  )
( 37  -124  50  )
( 145  -57  -133  )
( -114  -83  180  )
( 48  109  79  )
( 27  92  133  )
( 167  -146  -104  )
( 70  188  44  )
( -15  192  114  )
( 53  -74  72  )
( 192  -14  35  )
( -50  -93  20  )
( -126  -146  -181  )
( 192  23  -166  )
( 70  -83  143  )
( -166  -110  192  )
( 64  -109  -27  )
( -117  28  157  )
( -156  -183  -195  )
( 199  -37  -195  )
( 83  -87  -102  )
( -162  96  154  )
( 162  101  111  )
( 122  -145  -197  )
( -149  110  39  )
( -176  20  171  )
( -166  -56  12  )
( -6  122  -161  )
( 179  15  137  )
( -64  -82  49  )
( 62  -50  -186  )
( -111  125  87  )
( 166  117  190  )
( -152  146  177  )
( -148  181  -67  )
( 75  135  -193  )
( 105  91  50  )
( -20  189  -71  )
( -61  106  192  )
( -49  -18  40  )
( 18  -183  -154  )
( 31  173  -163  )
( 138  170  -25  )
( 13  114  115  )
( -71  -29  8  )
( -82  -1  -30  )
( -26  -107  -27  )
( 121  -189  -87  )
( 172  57  171  )
( 29  -196  102  )
( -166  140  -86  )
( -44  -182  152  )
( -188  91  -45  )
( 190  45  -88  )
( 74  36  162  )
( -1  -104  89  )
( -100  198  83  )
( 91  -52  -154  )
( 3  182  -14  )
( -78  158  -151  )
( -59  -9  -189  )
( 147  -171  -190  )
( 18  51  64  )
( -104  24  -163  )
( -132  162  -196  )
( -81  51  29  )
( -40  -185  125  )
( 106  -17  -0  )
( 31  -7  -193  )
( -51  -112  84  )
( -43  -23  -74  )
( 136  -45  89  )
( 15  188  -126  )
( 141  -194  11  )
( 152  -165  -23  )
( -57  196  -67  )
( -182  95  -93  )
( -53  -154  127  )
( -97  172  -37  )
( -16  -92  -83  )
( 71  -108  17  )
( 120  199  -44  )
( -91  107  -127  )
( 75  -82  141  )
( 13  163  181  )
( 159  142  185  )
( 135  12  -165  )
( 179  110  -21  )
( 86  165  173  )
( -71  -172  -114  )
( -25  49  155  )
( 149  -146  35  )
( -144  -198  111  )
( 82  6  80  )
( 193  -168  72  )
( -44  30  -7  )
( 144  79  75  )
( 76  -95  164  )
( -24  -107  113  )
( 84  -99  157  )
( 16  -139  -197  )
( 74  -194  72  )
( 59  -29  -173  )
( -118  -35  154  )
( -56  191  175  )
( 144  -26  112  )
( -119  -33  -12  )
( 160  84  -140  )
( -196  45  182  )
( 152  -150  -125  )
( 72  -93  162  )
( -175  27  -87  )
( 53  -182  -36  )
( 61  181  191  )
( 92  -169  25  )
( 38  -176  -147  )
( 150  -110  -190  )
( 47  178  -120  )
( 87  -164  -144  )
( -178  186  82  )
( -49  10  -129  )
( -192  -176  -64  )
( 57  -143  121  )
( -163  -130  136  )
( -162  -139  -23  )
( 79  63  -132  )
( -55  -131  -35  )
( 56  -198  21  )
( -137  -30  6  )
( 130  185  -197  )
( 48  88  -190  )
( -151  195  -104  )
( -72  -189  -70  )
( 58  122  -175  )
( -81  -185  -43  )
( -57  48  -134  )
( 95  -152  48  )
( -176  -118  -117  )
( 152  -36  129  )
( -142  78  41  )
( -110  15  138  )
( -7  189  167  )
( -72  -2  188  )
( 84  81  -23  )
( -51  190  39  )
( 37  2  42  )
( -130  178  199  )
( 68  -58  90  )
( -85  -120  -194  )
( 148  -191  -135  )
( 32  -82  174  )
( -112  -64  22  )
( -32  15  66  )
( -8  143  -83  )
( 122  83  101  )
( -164  24  -86  )
( -171  6  5  )
( -76  67  -126  )
( 170  3  140  )
( -95  136  100  )
( -51  -162  6  )
( -17  162  127  )
( -33  45  7  )
( -59  150  79  )
( -17  -78  39  )
( 31  -80  185  )
( -86  178  -103  )
( -146  -113  183  )
( 141  84  -121  )
( -5  93  138  )
( -90  -14  33  )
( -21  -158  190  )
( -93  -84  -146  )
( -100  194  60  )
( 10  162  163  )
( -164  -96  170  )
( 7  73  -12  )
( -7  41  -158  )
( -107  -62  12  )
( -51  -86  36  )
( -89  73  35  )
( 69  84  -74  )
( 99  -88  67  )
( 49  -189  -150  )
( 185  147  162  )
( -180  -12  -15  )
( 124  175  -45  )
( -162  189  -136  )
( -177  -137  -193  )
( 67  5  195  )
( 0  153  20  )
( -74  27  -178  )
( -186  162  99  )
( 54  -21  -178  )
( -14  117  148  )
( -181  -166  -53  )
( -143  -80  113  )
( -164  155  83  )
( 161  -125  -95  )
( 153  116  64  )
( 164  154  -63  )
( -104  -49  195  )
( -177  136  80  )
( -84  3  102  )
( -35  159  33  )
( -156  -152  72  )
( -58  -71  -72  )
( -188  168  -78  )
( -83  156  -9  )
( 54  62  15  )
( 106  -166  138  )
( 76  -89  -60  )
( 66  -55  -115  )
( 101  -44  -167  )
( 188  -14  159  )
( 141  -131  186  )
( -136  70  193  )
( -6  14  34  )
( -135  195  -179  )
( -123  130  45  )
( -112  122  -57  )
( 68  -108  104  )
( -29  26  -126  )
( -63  12  42  )
( 57  -166  60  )
( 194  -156  155  )
( -130  70  89  )
( -55  80  146  )
( 11  88  73  )
( -159  -24  -59  )
( -77  4  26  )
( 98  -10  -8  )
( -69  132  -135  )
( -179  130  117  )
( -13  151  149  )
( 154  75  -33  )
( -28  109  -52  )
( 91  4  -183  )
( 40  -181  -138  )
( -141  -69  -2  )
( -178  -10  -29  )
( -121  149  189  )
( -121  49  122  )
( -75  -36  170  )
( 194  159  -119  )
( 131  -12  146  )
( -2  -132  129  )
( 59  -138  -66  )
( -113  -80  166  )
( 46  131  -192  )
( 97  21  128  )
( 78  -158  123  )
( -4  125  -35  )
( -173  2  75  )
( -189  -122  173  )
( -58  -39  -81  )
( -195  101  -12  )
( -192  -24  134  )
( -121  -16  147  )
( -134  -12  56  )
( -58  -178  42  )
( 84  156  -10  )
( 121  1  63  )
( -171  135  118  )
( 56  100  -147  )
( -89  -22  -6  )
( -147  -165  -28  )
( 52  -137  -167  )
( -23  -184  100  )
( 102  131  112  )
( -124  -106  -71  )
( 156  -70  195  )
( 148  -11  -133  )
( -151  -198  -105  )
( -81  -169  -127  )
( -51  194  -124  )
( -158  199  -102  )
( -192  -67  -40  )
( -66  -16  -154  )
( -133  -55  185  )
( -17  160  -114  )
( 2  -17  143  )
( 64  -51  -67  )
( -187  121  -176  )
( 35  186  96  )
( 31  190  10  )
( -119  45  185  )
( 194  -148  -26  )
( -44  -180  -84  )
( 181  -10  5  )
( -35  130  -25  )
( 91  -163  3  )
( -142  -65  -157  )
( -127  50  126  )
( -75  -139  -191  )
( 131  25  4  )
( -26  80  -1  )
( -27  -90  193  )
( 27  2  149  )
( 148  -196  2  )
( 106  82  -49  )
( 99  -132  191  )
( -34  27  -71  )
( 143  -107  133  )
( -191  15  170  )
( 115  163  -64  )
( -1  -97  -102  )
( 66  -97  85  )
( -149  -24  154  )
( 114  137  196  )
( -141  24  -45  )
( -1  -2  -54  )
( 81  -44  128  )
( 136  -77  -117  )
( -181  151  -161  )
( -147  25  94  )
( -108  87  -184  )
( -134  -198  -107  )
( -42  -129  191  )
( 88  162  -129  )
( 1  48  163  )
( -71  57  -195  )
( -46  50  -9  )
( -80  197  -110  )
( 138  -101  113  )
( -95  -126  -112  )
( -3  -9  -75  )
( -52  25  136  )
( 25  -75  198  )
( 80  43  -37  )
( -72  -149  -65  )
( -30  152  21  )
( 118  193  -133  )
( 74  -146  129  )
( -106  142  -147  )
( 50  -183  99  )
( -134  34  -64  )
( -67  76  -22  )
( 73  -3  10  )
( 102  115  -10  )
( -188  83  0  )
( -49  182  153  )
( -123  -65  -190  )
( 142  -174  172  )
( 197  87  43  )
( 82  -167  -115  )
( -47  105  135  )
( 100  -15  20  )
( 141  161  194  )
( -135  85  121  )
( -17  -160  93  )
( 117  -142  -124  )
( -2  -132  -185  )
( 166  22  -138  )
( 46  -5  23  )
( 129  6  151  )
( 44  -102  -197  )
( -13  129  147  )
( 81  -149  168  )
( 16  -87  -4  )
( -164  110  -51  )
( -100  -149  23  )
( -39  -137  165  )
( -23  71  -148  )
( -191  -28  -79  )
( -38  -23  -178  )
( 128  -111  36  )
( 70  -47  148  )
( -150  -76  14  )
( 23  -117  -44  )
( 172  -179  46  )
( 61  73  -170  )
( -54  -36  -32  )
( -159  141  53  )
( 108  -149  199  )
( -56  -77  27  )
( -187  -164  195  )
( 133  138  -62  )
( 18  128  59  )
( -83  -54  -192  )
( 128  -193  -57  )
( -179  -46  -124  )
( -136  39  -35  )
( 19  133  -192  )
( -119  -157  -128  )
( 108  168  134  )
( 8  -180  -174  )
( 151  126  41  )
( -3  142  11  )
( -51  154  8  )
( 176  -76  -19  )
( 65  -194  178  )
( -179  -51  64  )
( -36  -58  41  )
( 165  -4  -50  )
( 76  -162  -126  )
( 109  144  99  )
( -127  86  -30  )
( 154  -1  193  )
( -154  129  -124  )
( 145  91  186  )
( -116  -119  45  )
( -8  -185  163  )
( -6  3  -58  )
( -177  41  -59  )
( -115  122  -113  )
( -64  24  101  )
( 26  100  156  )
( 1  199  -148  )
( 82  -70  174  )
( -77  -0  24  )
( -28  73  90  )
( -109  92  -89  )
( -32  66  81  )
( 155  170  -103  )
( 101  46  -3  )
( -86  179  172  )
( -127  19  -11  )
( 77  139  130  )
( 30  123  -41  )
( -69  34  -49  )
( 63  -69  90  )
( 3  -140  172  )
( -91  105  179  )
( -198  -115  -62  )
( 19  155  48  )
( 176  -187  120  )
( -148  -135  -160  )
( 191  -81  87  )
( 12  84  122  )
( -105  -188  -57  )
( 78  -156  -150  )
( -74  190  -150  )
( -98  194  142  )
( -27  -149  -70  )
( 33  46  -164  )
( -196  -117  -187  )
( -176  53  169  )
( 170  -123  10  )
( -57  -11  -45  )
( 196  134  11  )
( 3  82  90  )
( 3  70  186  )
( 78  -66  -108  )
( -19  2  91  )
( 40  179  -172  )
( -71  138  -108  )
( 40  -45  179  )
( 64  -87  -101  )
( -111  -120  -75  )
( 126  121  -15  )
( 161  1  -155  )
( 65  -44  19  )
( 109  -46  -29  )
( -136  85  64  )
( 156  48  34  )
( -51  -148  65  )
( -132  92  35  )
( -49  -159  128  )
( -97  -24  -49  )
( -91  5  -153  )
( -26  -198  -31  )
( -153  -155  171  )
( -13  33  135  )
( -82  -138  69  )
( 65  -192  155  )
( 112  170  153  )
( -186  -115  134  )
( -33  114  -4  )
( -131  113  -161  )
( 113  11  -174  )
( 46  -186  -49  )
( 16  -30  152  )
( 174  66  -68  )
( 70  20  -55  )
( 38  -134  -19  )
( 141  123  -57  )
( -35  18  120  )
( -87  21  -0  )
( 86  -187  70  )
( 10  -31  -102  )
( 194  50  8  )
( -3  35  147  )
( -39  131  94  )
( 45  -24  -72  )
( 12  -96  85  )
( -146  73  180  )
( -139  -132  -24  )
( -60  168  176  )
( 34  -145  -22  )
( 121  -157  87  )
( 91  131  49  )
( -72  -17  -159  )
( 48  131  46  )
( -118  58  169  )
( -173  -152  -199  )
( 108  19  14  )
( -42  -89  183  )
( 93  158  100  )
( -38  -42  -90  )
( 87  -3  17  )
( 67  -84  158  )
( 43  91  -182  )
( -13  -1  -102  )
( -147  38  163  )
( 33  -145  38  )
( 194  85  -2  )
( 35  104  68  )
( 103  -90  11  )
( -38  -101  108  )
( 45  53  -133  )
( -44  -18  21  )
( 105  -9  197  )
( -57  -121  103  )
( 189  -188  -91  )
( -45  47  -187  )
( -1  -23  170  )
( -100  74  -93  )
( 64  -52  84  )
( -31  -78  93  )
( 127  30  160  )
( 107  21  -144  )
( 63  8  98  )
( -94  55  -88  )
( -142  6  179  )
( -74  190  -117  )
( -177  -1  4  )
( -152  -194  171  )
( -156  -121  -9  )
( -6  -173  -120  )
( 61  42  73  )
( -28  50  -89  )
( 10  -111  -13  )
( 188  -6  91  )
( 56  -174  -101  )
( 5  -118  -120  )
( 13  -36  -166  )
( 103  -184  -170  )
( -37  -129  54  )
( 124  -140  -131  )
( -156  123  56  )
( -94  -90  93  )
( 107  6  -144  )
( 118  -156  -124  )
( -61  164  -134  )
( -154  -63  -176  )
( -76  60  -2  )
( -114  124  -89  )
( 12  171  -169  )
( -153  -54  39  )
( -2  107  175  )
( 109  40  27  )
( 16  -22  159  )
( 37  21  -3  )
( -156  197  83  )
( 126  -110  167  )
( -106  -190  -16  )
( -171  28  -166  )
( -163  50  -137  )
( -150  -78  -100  )
( -84  -9  78  )
( -165  -33  115  )
( 57  -112  -138  )
( 54  148  -122  )
( 68  -194  -159  )
( -105  177  -6  )
( -85  28  -65  )
( -199  -6  101  )
( 191  136  -64  )
( 167  -166  45  )
( 129  -193  48  )
( -188  133  -65  )
( -142  110  183  )
( 152  43  199  )
( -198  107  82  )
( 98  38  34  )
( 83  -173  191  )
( 28  141  -125  )
( 163  -193  -64  )
( -157  -198  -123  )
( -133  -68  121  )
( 183  153  -33  )
( -82  -135  -38  )
( 97  -30  161  )
( 112  -174  18  )
( 179  -139  -93  )
( -23  -104  79  )
( -48  99  55  )
( -135  52  -17  )
( -49  155  191  )
( -110  -157  128  )
( -134  9  157  )
( 168  -86  -114  )
( 113  154  4  )
( -79  -124  97  )
( 8  168  100  )
( 106  159  31  )
( -6  186  -24  )
( 14  124  53  )
( 149  165  -172  )
( 48  164  163  )
( -31  134  -35  )
( -114  72  98  )
( -86  -190  -124  )
( -61  -167  198  )
( 61  13  53  )
( -67  -49  -166  )
( 52  -21  2  )
( 120  93  178  )
( 96  -32  133  )
( 174  -44  -17  )
( -185  2  -59  )
( 46  199  98  )
( -58  168  -188  )
( 9  190  4  )
( 119  -131  -29  )
( -52  -185  77  )
( 102  -116  -39  )
( -88  -172  14  )
( 163  70  71  )
( 102  -73  -103  )
( -185  92  37  )
( 60  -158  154  )
( 189  95  -19  )
( -151  27  -142  )
( -112  190  19  )
( -0  106  -32  )
( 137  20  -163  )
( -12  158  -109  )
( 127  -2  -11  )
( 174  100  11  )
( 77  -171  42  )
( -96  194  -142  )
( 122  136  89  )
( 13  -43  195  )
( 52  45  56  )
( -82  -172  -16  )
( -196  -63  -43  )
( 37  152  -165  )
( 146  -48  26  )
( -108  101  -67  )
( 153  52  93  )
( 16  0  -66  )
( 68  -179  52  )
( 139  189  -125  )
( 70  23  -120  )
( 110  -176  116  )
( 164  -65  29  )
( 151  35  -144  )
( -91  -37  156  )
( -131  170  -152  )
( 169  -173  -159  )
( -104  -52  33  )
( 189  -129  132  )
( 114  -27  126  )
( 74  92  -81  )
( 89  83  126  )
( -6  45  186  )
( -161  -98  77  )
( -25  8  -147  )
( -187  -7  77  )
( 111  -76  -91  )
( 119  -12  -155  )
( -178  130  109  )
( -195  95  -60  )
( 162  73  93  )
( -117  197  -7  )
( 88  -149  -178  )
( -11  -35  -64  )
( 175  40  -9  )
( 64  15  -174  )
( 131  32  94  )
( -30  10  157  )
( -165  147  -114  )
( -157  51  -162  )
( -91  98  119  )
( -101  99  78  )
( -140  109  19  )
( 82  -159  -175  )
( -126  -66  89  )
( -14  165  145  )
( -113  120  -158  )
( 33  117  -176  )
( -12  36  -72  )
( -56  74  -47  )
( -147  194  -91  )
( 44  163  -132  )
( 199  -63  39  )
( 102  190  153  )
( -10  41  -139  )
( -146  180  163  )
( 37  -32  -195  )
( -151  10  77  )
( -39  -106  -22  )
( 105  -186  107  )
( -161  15  65  )
( 176  -172  -113  )
( -109  -164  -80  )
( -46  184  -54  )
( 126  -4  -124  )
( -55  -138  17  )
( 128  94  -49  )
( 197  -199  43  )
( -80  -172  98  )
( -2  26  -8  )
( 14  53  -83  )
( -193  -85  -190  )
( 150  -47  -154  )
( -28  -0  -112  )
( -169  39  82  )
( -52  40  148  )
( -164  60  -148  )
( -187  181  -70  )
( -125  -36  -137  )
( -82  -48  101  )
( -74  -199  -121  )
( 174  -177  179  )
( 69  16  154  )
( 193  -142  -106  )
( 82  29  52  )
( 38  196  -164  )
( 91  39  -146  )
( 92  -52  -77  )
( -199  139  -59  )
( -135  -57  137  )
( 132  179  -100  )
( 74  144  -166  )
( -5  -81  -21  )
( -32  -16  179  )
( -107  -162  73  )
( -114  -70  -120  )
( 174  -9  82  )
( -91  199  -111  )
( -42  -121  162  )
( 198  -55  97  )
( 61  164  179  )
( 143  -131  38  )
( 68  -153  -60  )
( -3  94  -34  )
( -35  164  44  )
( -142  -138  75  )
( -34  198  -52  )
( 40  -109  -99  )
( 146  -184  -181  )
( -72  -199  -179  )
( 110  127  -62  )
( 161  106  -72  )
( 114  -123  -14  )
( -155  194  -128  )
( 58  -17  -32  )
( -152  121  -32  )
( 0  -156  -127  )
( -62  -125  153  )
( -169  -183  -28  )
( -187  4  -110  )
( 132  -84  4  )
( -199  13  -103  )
( 12  170  -119  )
( 1  155  151  )
( 160  133  137  )
( 2  -86  -140  )
( -187  1  172  )
( 103  99  23  )
( 198  -83  157  )
( -15  -39  128  )
( 166  -187  -132  )
( 113  21  79  )
( 83  -172  26  )
( 80  -150  85  )
( -56  -50  92  )
( -55  68  168  )
( 17  -103  -67  )
( -102  -103  37  )
( -120  193  -185  )
( 120  0  -40  )
( 169  21  -106  )
( 105  -32  -169  )
( 72  -95  46  )
( 7  -75  -94  )
( 105  -13  -2  )
( -137  -165  143  )
( 11  -17  99  )
( -43  -52  34  )
( -3  -17  125  )
( 171  41  -63  )
( 139  -132  -48  )
( 23  182  106  )
( -18  72  97  )
( 7  -198  -106  )
( 57  155  193  )
( 169  -20  57  )
( 69  -113  -142  )
( 122  -21  -1  )
( -116  74  134  )
( -0  70  29  )
( 80  -83  -64  )
( 97  -61  187  )
( -98  55  140  )
( 142  -67  191  )
( 184  155  4  )
( -148  -138  -124  )
( -79  -23  -16  )
( -177  81  -71  )
( -83  45  -20  )
( -133  46  -76  )
( -110  -175  -34  )
( 139  111  60  )
( 160  17  118  )
( -62  69  192  )
( 49  177  70  )
( -137  117  -3  )
( 73  -23  156  )
( -7  -63  18  )
