( 84  -2  -239  )
( 151  92  -70  )
( -125  207  -249  )
( 211  -208  153  )
( -145  -60  188  )
( 240  -111  249  )
( 67  -178  10  )
( -184  96  -197  )
( 71  -146  -230  )
( -15  215  82  )
( 240  -65  -208  )
( 108  239  -202  )
( 184  154  -1  )
( -180  242  95  )
( 127  224  -201  )
( -66  -122  -137  )
( -169  207  104  )
( 96  81  189  )
( 133  98  -116  )
( -173  21  -155  )
( -190  -106  108  )
( 194  -115  -156  )
( -119  235  -67  )
( 186  31  -108  )
( 71  -195  179  )
( -80  172  -97  )
( -248  -154  174  )
( -249  -87  -33  )
( -184  44  -218  )
( 147  -47  -184  )
( 53  196  -237  )
( -136  8  -41  )
( 188  25  4  )
( 71  195  45  )
( 135  -167  172  )
( 6  -8  -156  )
( 45  -189  -202  )
( 109  -211  -71  )
( -122  103  -47  )
( 129  -59  158  )
( 62  155  99  )
( 56  -191  -39  )
( -38  247  219  )
( 96  -246  -70  )
( -178  -6  -34  )
( 161  -121  -6  )
( -215  228  238  )
( 114  -65  -170  )
( -10  188  92  )
( 101  -103  -100  )
( 140  -142  74  )
( 248  201  -77  )
( -238  169  -240  )
( 23  -147  -124  )
( 169  30  193  )
( -227  117  -49  )
( 128  242  176  )
( -147  145  -150  )
( 98  -191  106  )
( -40  -173  28  )
( 8  -124  190  )
( 127  -30  186  )
( 114  -206  -50  )
( -140  -213  -150  )
( 18  192  92  )
( 196  192  -32  )
( -126  188  35  )
( 99  -236  2  )
( 75  -195  -45  )
( 70  156  -218  )
( -70  -31  140  )
( 206  26  -70  )
( -125  -96  137  )
( 116  91  -107  )
( 217  -175  78  )
( 75  -107  98  )
( -34  -154  40  )
( 96  83  -85  )
( -185  126  -157  )
( 75  -51  -14  )
( 60  -248  -40  )
( -44  -52  -137  )
( -87  -206  -44  )
( -4  113  -96  )
( -109  -188  149  )
( -233  18  -65  )
( -14  108  -21  )
( 207  25  -147  )
( 44  -58  248  )
( 52  118  -146  )
( 218  -46  19  )
( 174  -114  146  )
( 142  190  135  )
( -157  -215  209  )
( 248  183  61  )
( 169  240  103  )
( 65  -46  -243  )
( 170  17  133  )
( -71  3  -102  )
( 190  -76  188  )
( 125  119  2  )
( 16  213  96  )
( 109  113  -176  )
( 15  144  -143  )
( -14  -223  130  )
( 182  84  67  )
( -16  78  -80  )
( 188  155  -90  )
( 169  -211  -61  )
( -108  -55  -225  )
( -161  -231  147  )
( -232  -161  -0  )
( 94  5  116  )
( -12  -38  14  )
( -64  59  -198  )
( 220  14  67  )
( -23  228  -79  )
( -230  -118  -80  )
( 81  164  238  )
( -210  -100  158  )
( 236  45  202  )
( -149  226  -33  )
( -167  37  -222  )
( -211  -125  15  )
( 116  152  -44  )
( 173  -194  213  )
( -242  144  85  )
( -198  192  -127  )
( 205  89  -21  )
( 7  97  17  )
( -79  239  228  )
( 224  45  140  )
( -95  -32  0  )
( -135  -220  -167  )
( -21  232  168  )
( -139  11  144  )
( 128  57  -2  )
( 19  -188  -124  )
( 221  85  237  )
( 246  81  197  )
( -166  -218  17  )
( 93  217  120  )
( 143  -85  74  )
( 105  159  -20  )
( 35  -70  207  )
( -214  -106  -8  )
( 204  243  18  )
( -230  -118  59  )
( -215  -130  6  )
( -243  205  -42  )
( 248  153  2  )
( 141  -202  -182  )
( 128  -35  76  )
( -27  21  -10  )
( 63  21  17  )
( 10  124  62  )
( 138  -197  44  )
( -23  -42  -75  )
( -81  -192  94  )
( -126  151  -87  )
( 238  -226  135  )
( -238  196  94  )
( 172  -128  -4  )
( -228  -247  -120  )
( 200  161  -58  )
( 152  -94  -225  )
( -94  17  -233  )
( -20  58  76  )
( -216  54  -43  )
( -181  227  143  )
( -136  -0  -64  )
( 66  -44  163  )
( -200  51  -246  )
( 187  232  224  )
( 162  147  231  )
( -242  -228  93  )
( -132  -20  -37  )
( -177  -120  -161  )
( -192  -85  112  )
( -133  -54  87  )
( -207  137  43  )
( 174  -193  -11  )
( 239  -154  -79  )
( -245  -74  -188  )
( 159  56  112  )
( 92  -113  -129  )
( -108  51  36  )
( -194  -238  -111  )
( -81  129  -83  )
( -206  -157  -145  )
( -10  -63  92  )
( 244  -127  -208  )
( 166  226  69  )
( -64  -51  -16  )
( 130  27  88  )
( -249  134  -155  )
( -77  -128  -29  )
( -49  -140  57  )
( -141  159  -91  )
( -17  -121  103  )
( -236  -100  219  )
( 249  -111  139  )
( -210  136  213  )
( -42  136  127  )
( -116  170  181  )
( -141  -7  187  )
( 9  109  -112  )
( -237  204  -103  )
( 108  211  -182  )
( 180  236  225  )
( -91  -32  -43  )
( 106  89  -149  )
( 124  27  234  )
( -57  -194  -222  )
( 103  144  -67  )
( 165  -73  -77  )
( 125  -232  -22  )
( -102  -239  152  )
( -151  -106  -98  )
( -36  31  -64  )
( 241  211  91  )
( -47  -151  -20  )
( 90  101  182  )
( -194  -207  200  )
( -15  -31  -170  )
( -99  100  83  )
( 202  -183  -168  )
( -100  -175  205  )
( 123  135  -218  )
( 35  97  165  )
( 47  -5  156  )
( -123  -131  -25  )
( 139  -194  -54  )
( 196  1  168  )
( -93  14  120  )
( -52  145  -158  )
( -91  67  247  )
( 80  -213  -170  )
( -94  -182  99  )
( -47  51  18  )
( 222  184  -185  )
( -198  -151  -168  )
( -28  235  -192  )
( -144  26  -96  )
( 28  -227  69  )
( -91  84  -158  )
( -144  -70  -39  )
( -99  -127  -114  )
( 127  -230  240  )
( -47  -188  -114  )
( 161  -224  242  )
( -237  109  70  )
( 197  180  162  )
( 88  235  28  )
( -115  1  -162  )
( -177  122  -22  )
( -171  39  104  )
( -40  81  -154  )
( 21  -11  59  )
( -132  45  -199  )
( -93  -106  99  )
( 126  -70  22  )
( -119  -17  -21  )
( 38  123  -28  )
( 158  -21  195  )
( -18  56  3  )
( -136  -99  -15  )
( 136  82  176  )
( -184  67  -136  )
( -71  -147  20  )
( -129  -81  52  )
( 9  38  -123  )
( 240  60  232  )
( -149  69  -205  )
( -41  128  20  )
( 230  -55  159  )
( -80  -138  -143  )
( -206  248  143  )
( 157  -207  -31  )
( -8  -169  177  )
( -52  -103  232  )
( -191  171  -121  )
( 192  -46  -159  )
( -209  41  223  )
( 235  -110  -58  )
( -168  208  -84  )
( -163  -106  -150  )
( -68  64  217  )
( 176  -178  140  )
( 201  -77  -239  )
( 139  83  176  )
( -63  -69  -178  )
( 35  21  93  )
( -134  -140  -156  )
( -138  212  -72  )
( 158  -60  209  )
( 64  -197  216  )
( -6  97  144  )
( -45  166  137  )
( 64  175  -15  )
( -210  238  -174  )
( -140  -63  -153  )
( -125  19  84  )
( 135  -6  -224  )
( -119  -202  -203  )
( -3  -42  -226  )
( 10  145  -165  )
( -131  249  244  )
( 246  209  -185  )
( 82  70  -113  )
( 107  40  -2  )
( 52  -36  -86  )
( -221  -20  54  )
( -159  217  153  )
( -134  249  -62  )
( 233  79  84  )
( -135  37  162  )
( -234  -218  245  )
( 57  80  -52  )
( 113  -229  -161  )
( 240  -224  -45  )
( -239  39  -144  )
( -56  143  128  )
( 156  -92  164  )
( -244  -234  140  )
( 32  175  219  )
( 109  249  97  )
( -65  -221  -176  )
( -32  -83  236  )
( 184  138  -134  )
( -241  -97  54  )
( -244  138  -213  )
( -214  -185  -78  )
( 206  -29  245  )
( -216  -47  -93  )
( 76  201  184  )
( 147  -245  69  )
( 214  157  -174  )
( 189  -143  18  )
( -214  -223  22  )
( 115  -132  56  )
( -83  -244  103  )
( -186  -0  128  )
( 12  70  -181  )
( -220  -136  47  )
( -240  78  -163  )
( 209  -88  -98  )
( -112  97  -63  )
( -229  116  82  )
( -100  -111  145  )
( -238  219  43  )
( -233  -174  140  )
( -114  219  236  )
( 66  142  -70  )
( -229  -84  109  )
( 114  -81  -88  )
( -156  164  -0  )
( -244  196  -141  )
( 47  119  235  )
( -237  151  90  )
( 130  -223  234  )
( -233  -78  -7  )
( 100  102  -94  )
( -123  120  248  )
( -163  -88  78  )
( -242  -114  -45  )
( 141  77  36  )
( 7  123  -26  )
( 56  -122  29  )
( -205  -213  204  )
( -24  144  98  )
( -97  237  -65  )
( -178  153  -108  )
( 123  -180  -94  )
( 4  -117  138  )
( -229  26  58  )
( 237  222  -89  )
( -223  23  2  )
( 184  58  -245  )
( 242  -238  -16  )
( -73  -96  -178  )
( -162  -56  34  )
( -171  64  -2  )
( -56  234  -198  )
( 242  198  155  )
( 211  33  47  )
( -188  103  180  )
( -75  -157  -193  )
( 223  166  64  )
( 81  -144  39  )
( -18  -186  -131  )
( 73  159  90  )
( -183  64  -199  )
( -18  -140  -122  )
( -28  238  41  )
( -114  -145  216  )
( -68  208  229  )
( -230  -158  26  )
( 92  199  -83  )
( -147  -142  164  )
( -189  -12  137  )
( 107  145  -249  )
( -212  60  107  )
( -227  -118  129  )
( 115  87  104  )
( 245  -92  187  )
( 26  -85  41  )
( 79  -126  -225  )
( 40  14  76  )
( 138  -196  182  )
( -149  -200  143  )
( 210  115  -168  )
( 240  -243  15  )
( -72  33  204  )
( 197  -172  -127  )
( 138  19  66  )
( 36  138  -161  )
( 128  249  -203  )
( -28  202  -79  )
( -13  62  -246  )
( -122  66  209  )
( -107  162  97  )
( -6  85  -2  )
( 178  -39  -104  )
( 95  73  198  )
( -215  -26  -159  )
( -28  136  -147  )
( -72  198  240  )
( 13  -40  165  )
( 210  70  37  )
( 65  -78  -24  )
( 125  84  -154  )
( -153  181  -14  )
( -199  46  -243  )
( -135  -67  -16  )
( -70  168  -64  )
( -121  -75  -52  )
( -138  -17  196  )
( 171  -143  50  )
( -17  -38  -163  )
( 124  -126  28  )
( 142  -189  -216  )
( -239  191  -213  )
( -184  -152  -20  )
( 194  224  -169  )
( 72  -128  144  )
( -75  -148  -72  )
( 15  -41  -30  )
( 99  -68  113  )
( 83  -237  119  )
( -202  -126  -136  )
( 73  20  -147  )
( 134  -51  -149  )
( -117  -81  60  )
( -196  90  218  )
( 166  -131  -202  )
( -91  111  165  )
( 109  204  -138  )
( -83  171  92  )
( 82  137  43  )
( -177  152  -10  )
( -46  -101  -51  )
( 28  -99  243  )
( -242  -171  -149  )
( 159  241  -176  )
( 214  39  153  )
( 246  105  -108  )
( 15  33  -20  )
( -154  219  -104  )
( -181  99  -235  )
( 69  145  -39  )
( -213  -110  -145  )
( 14  -61  -249  )
( 87  77  187  )
( -73  205  -149  )
( 42  195  132  )
( 9  -94  73  )
( -93  -247  -129  )
( 136  234  -120  )
( 185  -178  -238  )
( -232  -172  63  )
( -49  126  232  )
( -71  -140  -219  )
( -38  -73  173  )
( -177  -38  -159  )
( -39  104  -159  )
( -184  233  130  )
( -114  188  -245  )
( -159  158  157  )
( -93  -186  154  )
( -43  -27  180  )
( 20  -14  113  )
( 85  150  17  )
( 220  -179  84  )
( -133  25  -131  )
( 88  89  -29  )
( 109  -16  -2  )
( -111  235  72  )
( -118  178  -182  )
( 66  -168  -102  )
( 13  -224  -135  )
( -190  35  179  )
( 27  -163  131  )
( 4  88  173  )
( 77  -19  229  )
( 235  169  -155  )
( -53  161  -215  )
( -42  158  44  )
( 22  215  -20  )
( -175  -84  -83  )
( 131  -13  198  )
( -241  17  171  )
( -27  -224  -97  )
( 196  -43  102  )
( -12  -164  -204  )
( 9  -110  140  )
( -249  176  -45  )
( 151  -66  -85  )
( 132  -170  -45  )
( -105  -63  72  )
( 134  -150  125  )
( -205  -232  92  )
( 9  89  202  )
( 219  -141  -22  )
( -38  -109  -119  )
( 91  190  -84  )
( -147  168  -197  )
( -133  -150  -109  )
( -232  115  -141  )
( 17  165  42  )
( 112  -5  -36  )
( -162  187  203  )
( -63  97  200  )
( 146  166  -32  )
( -247  138  26  )
( -26  197  -152  )
( -152  -155  -140  )
( 37  66  127  )
( 73  22  213  )
( -9  -93  -131  )
( 197  -247  -88  )
( -129  -76  -161  )
( -195  207  205  )
( -182  44  210  )
( 87  54  88  )
( -73  199  -74  )
( -215  -61  227  )
( 8  -56  217  )
( -180  -244  -53  )
( -54  -119  -38  )
( -151  192  69  )
( 127  106  -5  )
( -17  16  -213  )
( -217  -193  73  )
( -33  -52  144  )
( -171  142  26  )
( 52  2  -192  )
( -131  154  -224  )
( 174  -202  234  )
( 191  134  37  )
( -35  143  -141  )
( 248  212  240  )
( 166  105  11  )
( -116  69  66  )
( -98  137  -114  )
( 92  -118  -145  )
( 39  33  88  )
( -129  160  -88  )
( 123  205  115  )
( -165  -9  -103  )
( -97  -11  -170  )
( 56  -180  166  )
( -199  68  126  )
( -49  -225  240  )
( 13  208  -26  )
( 5  -211  193  )
( -57  66  -71  )
( -104  -136  211  )
( -225  -112  96  )
( 83  107  -122  )
( 50  -139  54  )
( -126  -125  -173  )
( 21  169  -57  )
( 179  88  -229  )
( -177  -10  79  )
( -105  179  141  )
( -57  -45  18  )
( -26  -121  -162  )
( -126  122  -174  )
( -86  55  -168  )
( -2  215  -148  )
( 38  144  -161  )
( -207  -168  -199  )
( -65  64  181  )
( -151  126  34  )
( 118  -151  -121  )
( -11  28  184  )
( 173  80  -156  )
( 202  220  -189  )
( -20  91  -170  )
( 198  124  -31  )
( -68  38  72  )
( -175  81  -80  )
( -119  -226  -189  )
( 79  -134  -151  )
( 39  -126  87  )
( -187  12  -156  )
( -117  154  215  )
( -188  183  -202  )
( -231  111  229  )
( -49  191  18  )
( 20  -180  -230  )
( 154  -70  228  )
( -245  7  -49  )
( -191  -128  -98  )
( 190  26  -159  )
( 21  237  -104  )
( 32  -159  62  )
( 248  -101  -1  )
( 152  -95  -213  )
( -16  81  191  )
( 140  -152  17  )
( 70  104  176  )
( -152  123  -202  )
( -69  -155  -41  )
( -64  -56  -94  )
( -15  246  -179  )
( 184  -220  11  )
( 26  -122  -137  )
( 107  123  175  )
( 200  -107  -85  )
( -133  155  22  )
( -103  189  -241  )
( -169  30  -0  )
( 116  -206  152  )
( 78  -29  -142  )
( 96  194  -244  )
( 132  -107  154  )
( -203  -74  -39  )
( 27  -100  -164  )
( -100  194  87  )
( -7  -151  -2  )
( 218  -96  219  )
( 219  237  -81  )
( -74  -46  101  )
( -216  101  -13  )
( -93  154  57  )
( -80  216  -180  )
( 176  -20  153  )
( 101  12  -206  )
( 200  33  88  )
( 245  118  217  )
( 234  -209  -145  )
( 140  154  226  )
( -112  222  242  )
( -211  149  -136  )
( -118  -150  -94  )
( -42  117  222  )
( -172  -18  157  )
( 16  -66  163  )
( -163  -17  192  )
( -22  235  229  )
( -54  67  200  )
( 218  -57  54  )
( -25  147  21  )
( 127  -249  7  )
( 72  -12  -22  )
( -48  38  -140  )
( -163  -229  22  )
( -32  -125  -76  )
( -101  -124  33  )
( -22  -126  -107  )
( 232  45  -206  )
( 76  96  -45  )
( -27  -6  -44  )
( -206  -211  -53  )
( 241  157  186  )
( -33  -126  -138  )
( 158  227  40  )
( -237  103  206  )
( 28  123  -23  )
( 82  -120  -42  )
( 12  76  79  )
( 74  211  102  )
( -235  104  64  )
( -61  -78  6  )
( -247  -81  -119  )
( 160  -133  229  )
( 130  89  -96  )
( 116  -43  134  )
( -206  124  9  )
( -104  80  -142  )
( -128  145  -84  )
( -151  231  125  )
( -16  -155  -239  )
( -110  -115  -114  )
( -125  -85  204  )
( -184  40  -215  )
( -56  -208  143  )
( 159  -153  -17  )
( 90  246  149  )
( 43  88  -29  )
( -243  -110  159  )
( -29  -137  -43  )
( -136  82  71  )
( 67  -168  -23  )
( 31  208  -228  )
( 198  -243  174  )
( -77  224  -181  )
( -86  110  -184  )
( -244  86  169  )
( -93  -110  160  )
( -57  -121  193  )
( 33  136  -203  )
( -244  183  -157  )
( 195  159  -108  )
( -164  221  129  )
( 54  -124  92  )
( 159  47  -65  )
( 132  -63  67  )
( -16  36  114  )
( -48  111  114  )
( 161  213  -194  )
( -224  -7  -214  )
( 177  -246  118  )
( -88  -108  105  )
( -117  63  -248  )
( 220  216  -103  )
( 141  227  159  )
( -38  -16  -187  )
( -91  -22  152  )
( 142  182  232  )
( -145  47  -96  )
( 48  182  38  )
( 174  -29  -175  )
( 109  -194  242  )
( 123  -136  23  )
( -84  -189  -65  )
( -79  -18  -166  )
( 57  80  128  )
( 107  52  39  )
( -66  37  226  )
( -70  91  -211  )
( 190  238  73  )
( 117  99  140  )
( 228  47  50  )
( -189  -70  -51  )
( -50  42  93  )
( -117  -192  88  )
( -230  -175  -217  )
( -60  -129  -42  )
( -119  -234  -84  )
( -75  64  110  )
( 115  167  23  )
( 53  -72  18  )
( -192  -86  197  )
( -87  -76  -168  )
( -133  -170  -216  )
( 199  -17  -178  )
( -154  -131  208  )
( 141  2  115  )
( -40  7  -86  )
( -150  86  10  )
( 100  144  -183  )
( -135  155  9  )
( 190  15  -219  )
( -116  235  -28  )
( 139  -140  -23  )
( 239  -191  -134  )
( 183  -31  -180  )
( 211  -90  88  )
( 51  184  -39  )
( 5  -194  -66  )
( 41  204  -37  )
( 233  214  -179  )
( 150  11  184  )
( -88  -72  -153  )
( -76  44  1  )
( 219  -69  7  )
( 70  84  48  )
( -158  164  124  )
( -211  -142  -138  )
( 247  -20  -32  )
( 90  124  91  )
( -222  -144  -54  )
( -16  -183  139  )
( -58  179  -39  )
( 216  -198  -145  )
( 12  90  -77  )
( -42  -214  -4  )
( -191  18  182  )
( -173  -238  -189  )
( 194  -106  107  )
( -174  74  198  )
( -126  -201  67  )
( 50  -61  23  )
( 193  -27  -163  )
( 138  -95  -143  )
( 13  -215  -104  )
( 129  -208  -150  )
( 195  -87  -244  )
( -238  -206  -112  )
( 140  10  97  )
( 171  116  12  )
( -41  208  -137  )
( 68  117  195  )
( 221  44  52  )
( -213  -166  105  )
( 161  88  -197  )
( 33  66  -231  )
( -177  -185  -132  )
( -168  106  231  )
( 109  128  234  )
( -162  -28  -218  )
( 109  -170  -112  )
( 27  -125  -106  )
( 132  -241  78  )
( -221  151  -219  )
( -26  159  28  )
( -242  -111  -68  )
( 199  -32  -138  )
( -38  -68  -72  )
( -198  201  67  )
( 60  21  69  )
( 92  -216  -153  )
( 112  -38  12  )
( 90  46  84  )
( 176  2  -217  )
( -4  -243  -234  )
( 167  -223  -20  )
( 244  190  49  )
( 218  18  222  )
( 239  -244  -193  )
( 104  133  -56  )
( 78  -121  -189  )
( -157  -182  -33  )
( 167  94  -184  )
( 247  -153  75  )
( 75  147  218  )
( -88  -214  -87  )
( 87  -8  -144  )
( -90  -145  232  )
( -169  -247  -118  )
( -197  34  53  )
( -105  124  -56  )
( -209  127  -23  )
( 7  168  117  )
( 109  110  86  )
( 227  -179  -219  )
( 23  -103  -106  )
( 72  -128  -186  )
( -9  73  -144  )
( 85  99  -114  )
( -150  -181  -69  )
( 237  -75  33  )
( -132  33  216  )
( -219  48  -171  )
( -99  -228  241  )
( -99  30  212  )
( 115  -7  73  )
( -223  -134  175  )
( -147  98  160  )
( 119  170  -213  )
( -50  24  78  )
( -174  22  -126  )
( 187  45  139  )
( 220  -125  -109  )
( 116  114  -82  )
( 96  -151  -62  )
( -159  31  -187  )
( 121  29  46  )
( 76  -85  -168  )
( -184  -23  0  )
( 110  -196  160  )
( -224  -71  90  )
( -242  -218  -98  )
( -95  150  -97  )
( 3  16  -28  )
( 44  -186  1  )
( 165  226  -206  )
( 76  -178  -175  )
( -218  -208  -16  )
( -33  -127  -180  )
( 51  -96  -126  )
( 137  -241  46  )
( 133  168  16  )
( 207  -243  -237  )
( 74  37  -55  )
( -126  -45  56  )
( -141  83  -131  )
( 56  -36  234  )
( 103  -68  94  )
( -44  -223  -112  )
( -163  141  -124  )
( 6  -53  75  )
( 118  -173  66  )
( -168  191  34  )
( 73  217  169  )
( -74  -244  214  )
( -12  108  62  )
( 157  -72  -10  )
( 25  10  -91  )
( 226  150  -15  )
( -202  205  -36  )
( 26  -35  165  )
( -13  121  193  )
( -30  -151  176  )
( -64  -144  241  )
( 158  164  -219  )
( 193  -53  175  )
( -159  42  -243  )
( -217  -183  167  )
( -130  119  -108  )
( 245  195  170  )
( 206  -207  -157  )
( -137  125  160  )
( -167  159  231  )
( -22  -128  10  )
( -67  -73  -98  )
( -229  -147  207  )
( -217  -244  -176  )
( 38  164  -157  )
( -11  -187  83  )
( -174  -207  123  )
( 143  181  204  )
( 51  64  43  )
( 102  -92  0  )
( 137  134  -151  )
( -78  70  -150  )
( -200  -238  6  )
( 101  117  53  )
( 111  -117  -8  )
( 145  -128  63  )
( 49  -183  215  )
( 2  18  -170  )
( -213  -216  -60  )
( -81  111  -240  )
( -20  -128  134  )
( -1  -224  15  )
( -64  -117  184  )
( 196  87  -249  )
( -189  174  31  )
( 75  -241  -86  )
( -174  246  152  )
( 43  -10  136  )
( 68  144  -189  )
( -236  233  118  )
( -158  141  -230  )
( -19  49  109  )
( -61  15  -76  )
( -232  223  -209  )
( 88  -14  169  )
( -210  143  -112  )
( 198  -243  177  )
( 188  51  17  )
( 38  190  -28  )
( 114  93  201  )
( 86  -232  77  )
( -168  -218  -90  )
( -109  13  191  )
( 121  76  34  )
( 138  106  227  )
( -55  175  -78  )
( 113  -87  79  )
( -178  -26  -96  )
( -31  -202  -60  )
( -175  19  -93  )
( -223  -170  -45  )
( 222  -59  -114  )
( 235  -206  181  )
( 110  142  160  )
( 15  -147  134  )
( -188  -31  30  )
( 12  126  208  )
( 182  -11  12  )
( 190  -198  -188  )
( 236  212  -103  )
( 163  38  242  )
( 161  -201  133  )
( -14  111  -110  )
( 100  48  -103  )
( -19  139  2  )
( 140  215  -84  )
( 17  155  118  )
( 158  191  -60  )
( -38  170  67  )
( -240  245  -201  )
( 39  43  -32  )
( 7  -139  -227  )
( -21  -49  -27  )
( -104  186  -214  )
( -92  -242  73  )
( 89  171  -166  )
( 77  -18  -140  )
( -72  99  197  )
( -4  157  -110  )
( 124  77  -3  )
( -36  151  16  )
( -46  176  -178  )
( 54  -227  53  )
( -16  -74  -65  )
( -123  180  -58  )
( -20  167  66  )
( -175  -236  150  )
( -20  227  -89  )
( -65  -54  83  )
( -15  -214  231  )
( -31  86  239  )
( 167  81  34  )
( -155  153  -188  )
( 20  131  -155  )
( 187  121  -97  )
( -41  -23  204  )
( -165  0  107  )
( -211  57  -147  )
( 154  -79  -213  )
( 108  148  -103  )
( 191  -34  114  )
( 144  86  -100  )
( -176  -207  156  )
( 8  -109  -224  )
( -41  -86  -33  )
( 142  -140  -144  )
( 36  -148  -13  )
( -45  169  203  )
( -205  -180  115  )
( 13  50  135  )
( 214  -150  12  )
( 199  42  106  )
( 65  -136  223  )
( 177  -68  249  )
( -104  51  -37  )
( -147  50  86  )
( -143  -155  -151  )
( -202  -212  -138  )
( -61  -211  227  )
( -105  54  198  )
( -103  -204  231  )
( -84  249  242  )
( -234  -32  26  )
( 123  -46  -235  )
( -23  -78  -215  )
( 216  -163  32  )
( 244  130  167  )
( 149  189  113  )
( -152  -202  221  )
( 197  231  -89  )
( -249  -112  50  )
( -27  167  143  )
( 148  -15  31  )
( -213  -140  117  )
( -67  -101  164  )
( -163  186  -19  )
( 102  93  113  )
( 4  -245  241  )
( 15  -104  -58  )
( -126  -158  175  )
( -67  -122  -13  )
( 153  157  152  )
( -67  163  243  )
( 110  -90  220  )
( -1  -213  56  )
( 39  2  -72  )
( 18  -126  -13  )
( -232  -220  150  )
( -42  169  175  )
( -222  47  16  )
