( 132  -203  -222  )
( 49  218  223  )
( -27  206  -38  )
( -29  25  112  )
( -85  -51  -216  )
( 82  -124  0  )
( 45  187  -240  )
( -170  199  -128  )
( -57  -36  -101  )
( 129  12  -104  )
( 2  164  -123  )
( -160  106  142  )
( 93  212  -52  )
( -200  83  -80  )
( 90  64  203  )
( -121  5  48  )
( -57  -204  -159  )
( -33  -145  186  )
( 112  -26  -129  )
( -231  175  -202  )
( -0  -144  -149  )
( 173  -165  -129  )
( 138  -174  -226  )
( -94  51  -53  )
( -13  -105  27  )
( -73  -220  -46  )
( -183  -16  -69  )
( -130  109  47  )
( -77  105  -48  )
( 228  -153  4  )
( 97  212  -51  )
( -190  -212  35  )
( 205  -216  38  )
( -163  -131  97  )
( 60  27  -227  )
( 51  -114  -87  )
( 45  -81  -65  )
( -166  206  130  )
( 11  171  -176  )
( -36  -98  -21  )
( 118  108  192  )
( -131  -45  93  )
( 87  -158  -62  )
( -185  42  203  )
( 182  178  90  )
( 20  -24  127  )
( 190  -248  -183  )
( 56  62  -239  )
( -240  160  -216  )
( -116  -249  141  )
( -4  -120  98  )
( -177  68  29  )
( -114  220  42  )
( 109  237  -104  )
( 55  -155  -38  )
( -204  -80  171  )
( 190  -20  -223  )
( -174  -163  52  )
( 155  -183  121  )
( 21  -226  -244  )
( -95  -57  -131  )
( 226  -184  -64  )
( 80  -47  3  )
( 227  212  207  )
( 179  17  225  )
( -89  227  87  )
( -93  -245  49  )
( -248  230  -95  )
( -22  206  168  )
( -195  243  -152  )
( 103  -157  -75  )
( 221  -34  -158  )
( -184  -194  -100  )
( 12  -2  51  )
( 107  -194  -242  )
( -235  -197  -1  )
( 60  -34  199  )
( 32  25  -189  )
( 161  -229  -30  )
( 78  52  -138  )
( -34  -50  142  )
( 140  -233  210  )
( 170  -147  92  )
( -159  -15  130  )
( 201  28  105  )
( -189  -1  -72  )
( -207  -149  -140  )
( -117  -12  49  )
( -66  -113  -105  )
( -181  118  -198  )
( -165  -106  111  )
( 189  21  -133  )
( 184  -75  -82  )
( -71  -23  -6  )
( 209  39  104  )
( 202  -112  -18  )
( -234  -144  -34  )
( -48  -159  -226  )
( -129  -172  39  )
( -243  181  241  )
( -171  245  -204  )
( 77  75  -22  )
( 157  -221  35  )
( 10  164  116  )
( -191  170  70  )
( 6  -247  170  )
( 9  -151  73  )
( 114  189  -87  )
( -177  168  -200  )
( 153  -143  -245  )
( -41  59  67  )
( -104  -87  13  )
( -203  233  -49  )
( 232  -167  195  )
( -116  201  -239  )
( 145  158  -131  )
( 213  208  247  )
( 149  162  163  )
( 218  -180  -213  )
( 133  -4  152  )
( -227  114  -16  )
( -154  30  42  )
( 147  201  100  )
( -124  -64  -120  )
( -212  173  151  )
( 21  -5  247  )
( -231  33  -202  )
( -32  -131  149  )
( 238  -175  -81  )
( 133  -132  -219  )
( -175  -72  -139  )
( -24  156  200  )
( -17  228  -129  )
( -34  71  61  )
( -113  -224  -148  )
( 150  -25  -70  )
( 73  -134  -10  )
( 198  100  8  )
( 244  35  -99  )
( 229  100  148  )
( -10  224  -24  )
( -80  -224  213  )
( -44  -135  144  )
( -4  -199  -124  )
( -174  -184  135  )
( 166  106  -141  )
( -179  0  160  )
( -81  220  43  )
( 175  62  57  )
( -81  -108  175  )
( -101  130  -129  )
( -33  167  -154  )
( 179  6  -194  )
( -130  -161  -116  )
( 118  166  -239  )
( -37  -63  199  )
( 5  -210  77  )
( -160  -109  -150  )
( -105  9  88  )
( -200  -132  -213  )
( -127  -192  134  )
( -84  88  -133  )
( 223  -130  -220  )
( 185  237  -35  )
( 155  232  208  )
( 118  -85  -98  )
( -96  -113  -184  )
( -84  218  -119  )
( -191  143  190  )
( -80  -121  -125  )
( 58  80  -25  )
( -72  243  -60  )
( 91  29  110  )
( -237  -157  -22  )
( -94  -242  52  )
( 17  -82  191  )
( -156  -227  84  )
( -180  193  -245  )
( -181  -215  232  )
( -38  -176  27  )
( -207  218  237  )
( 85  55  240  )
( -123  -11  -52  )
( 91  -168  29  )
( 92  201  -222  )
( 55  147  230  )
( 8  44  211  )
( 162  247  181  )
( -0  -223  -26  )
( -66  154  -174  )
( -5  -223  -185  )
( 187  -134  79  )
( -170  -212  -46  )
( -31  -100  -79  )
( -246  -149  -96  )
( 12  232  102  )
( 69  47  57  )
( 63  142  188  )
( 100  -153  109  )
( 170  -34  -209  )
( 209  174  -13  )
( -246  189  -147  )
( -201  85  -49  )
( -65  70  -88  )
( 125  203  141  )
( 92  172  -239  )
( 85  136  -215  )
( 214  -23  94  )
( 156  -132  -149  )
( 101  -158  -45  )
( -7  191  -56  )
( 140  93  -145  )
( 142  19  95  )
( 249  112  -209  )
( 24  12  71  )
( 158  1  -222  )
( 111  168  -248  )
( 156  -55  119  )
( -88  -166  82  )
( 1  -209  184  )
( -46  -17  243  )
( 95  129  219  )
( -79  123  37  )
( 112  82  107  )
( 67  -37  -116  )
( 120  -141  -235  )
( 220  -78  -159  )
( 15  -184  144  )
( 51  24  -107  )
( 195  -194  -199  )
( -62  -145  214  )
( 84  -232  -214  )
( -38  85  132  )
( 148  134  71  )
( 44  177  -31  )
( 31  -28  -8  )
( 231  27  -133  )
( -64  241  -88  )
( 5  -244  -34  )
( 30  -54  -67  )
( 16  -216  97  )
( 29  -167  92  )
( 156  55  139  )
( -135  98  187  )
( -172  142  120  )
( -6  -13  -161  )
( 1  -48  161  )
( 232  88  73  )
( 212  244  164  )
( -122  -235  -78  )
( -211  30  214  )
( -75  55  181  )
( -186  -165  196  )
( 48  11  -42  )
( 45  -248  65  )
( -7  -186  234  )
( -43  -16  58  )
( -64  102  159  )
( 99  -69  108  )
( -208  63  70  )
( 163  -209  84  )
( -155  233  -4  )
( 78  -95  -3  )
( 151  -50  175  )
( -161  165  -15  )
( 91  54  39  )
( -191  -207  -247  )
( 107  63  -182  )
( 204  200  -229  )
( -68  180  -108  )
( -236  52  -36  )
( -93  66  -30  )
( -85  -158  -174  )
( -118  -143  124  )
( 41  -146  -200  )
( 95  -211  -26  )
( 184  -123  -105  )
( -227  -160  133  )
( 239  8  198  )
( -193  -243  55  )
( 128  218  111  )
( 214  -229  -41  )
( 21  183  -209  )
( 62  -82  -75  )
( -1  -249  -240  )
( -212  57  192  )
( -219  94  -187  )
( 206  -160  208  )
( -53  -48  79  )
( -217  239  -124  )
( 6  -108  248  )
( 69  104  216  )
( -144  -59  65  )
( 33  -120  210  )
( -243  224  -91  )
( -92  4  -197  )
( 0  -100  140  )
( 249  -8  -98  )
( 161  -173  121  )
( -104  -215  -204  )
( -63  -135  -222  )
( -60  -49  -12  )
( -159  70  -98  )
( 193  -200  -211  )
( -58  27  -247  )
( -172  -70  -5  )
( -123  -80  138  )
( 186  -81  -203  )
( 120  132  22  )
( 194  -53  -123  )
( -92  176  30  )
( -18  11  -16  )
( 122  111  -210  )
( -20  249  -70  )
( -97  54  172  )
( 166  83  29  )
( 108  101  105  )
( -180  -70  -231  )
( -201  46  -200  )
( -27  -242  192  )
( -86  40  -88  )
( 154  78  167  )
( 44  -194  154  )
( -131  -220  210  )
( 225  -96  -205  )
( -164  104  40  )
( -159  -198  48  )
( -61  -53  -229  )
( -18  -206  -162  )
( -211  106  200  )
( -197  -218  -133  )
( -144  136  217  )
( 37  53  -106  )
( -246  -155  95  )
( -167  36  178  )
( -149  -111  114  )
( -81  83  -114  )
( 61  139  239  )
( -212  -17  76  )
( -74  -12  208  )
( -26  113  -169  )
( -10  134  -174  )
( -70  126  -138  )
( 17  30  -139  )
( -24  72  66  )
( -70  231  -168  )
( -208  13  -141  )
( 23  146  -208  )
( -36  140  83  )
( 171  106  -53  )
( -199  195  -120  )
( 175  -127  152  )
( 186  -215  -4  )
( 66  -51  -244  )
( -106  -174  177  )
( -166  173  -60  )
( 57  -59  -129  )
( -98  120  -63  )
( -103  130  217  )
( -105  -154  90  )
( 53  188  205  )
( 236  -209  49  )
( 221  -150  79  )
( -124  -126  170  )
( 76  118  210  )
( -98  145  -48  )
( -223  32  -65  )
( 109  -178  4  )
( -248  145  -23  )
( 159  -73  -109  )
( -215  -135  -24  )
( -75  47  233  )
( -93  -240  210  )
( -103  66  213  )
( -163  178  -39  )
( 60  164  71  )
( 163  -93  -65  )
( 74  -183  48  )
( -110  16  -3  )
( -1  -196  149  )
( -163  98  -50  )
( 128  -199  190  )
( -153  48  -41  )
( -204  248  -26  )
( 40  -63  -64  )
( -52  213  165  )
( -182  179  52  )
( 131  247  83  )
( 104  -246  -148  )
( 64  -150  48  )
( 60  171  -192  )
( -121  -27  134  )
( -131  -27  169  )
( -135  158  206  )
( 243  100  -64  )
( -184  -52  207  )
( 205  159  194  )
( 47  -5  102  )
( 236  -233  199  )
( 174  -124  45  )
( 25  134  -224  )
( -246  -156  12  )
( -9  101  176  )
( -247  -76  162  )
( 98  231  -185  )
( 241  -51  -124  )
( -190  104  2  )
( -64  -182  39  )
( 84  -198  159  )
( 105  69  159  )
( -48  114  -77  )
( -144  -131  43  )
( -43  -44  -232  )
( -210  197  151  )
( -101  74  178  )
( -155  -223  -127  )
( -14  -205  -189  )
( 179  112  -147  )
( 209  -234  -138  )
( -108  -196  -127  )
( 17  -195  88  )
( 219  14  63  )
( 100  -243  55  )
( -231  -115  -228  )
( 3  64  107  )
( -169  -89  115  )
( -117  175  -239  )
( 118  -121  -194  )
( 4  -212  126  )
( -17  -137  -23  )
( -222  56  -239  )
( 228  203  -112  )
( 137  -73  235  )
( 110  -48  130  )
( -188  136  -53  )
( -219  -157  -67  )
( -35  -157  -138  )
( 87  120  13  )
( -106  -32  98  )
( -181  -100  -51  )
( -88  100  227  )
( -200  192  35  )
( -229  -115  230  )
( 90  35  -92  )
( -57  51  -103  )
( 29  55  160  )
( -237  39  -165  )
( 222  -246  119  )
( 216  -76  -140  )
( -77  235  -225  )
( -38  -206  120  )
( 203  -245  -94  )
( 14  -81  69  )
( -56  9  151  )
( 5  -85  -233  )
( -171  -127  191  )
( -62  -207  1  )
( 114  -131  218  )
( -224  113  73  )
( -227  -179  -140  )
( -56  25  68  )
( 229  52  -220  )
( 32  35  -131  )
( -237  -158  -82  )
( -201  24  -112  )
( -7  226  195  )
( 144  132  -185  )
( 210  63  -66  )
( -45  -186  -177  )
( -60  106  -219  )
( 62  241  208  )
( 66  -210  -228  )
( -17  16  -25  )
( -43  224  -178  )
( 16  -40  -1  )
( -204  -248  -207  )
( -21  -113  -135  )
( 227  -109  128  )
( -210  -185  -32  )
( -249  -213  -29  )
( 136  248  125  )
( -187  -97  83  )
( -17  135  -99  )
( 175  23  -43  )
( 234  -128  -8  )
( -155  121  80  )
( -247  13  84  )
( 123  -108  -135  )
( -4  39  158  )
( -185  130  101  )
( 176  -25  22  )
( 55  188  -235  )
( -220  132  93  )
( -64  -163  167  )
( -241  -100  17  )
( 54  -88  235  )
( -163  172  -201  )
( 6  226  15  )
( -225  17  154  )
( 216  182  -76  )
( -35  -231  172  )
( -17  -231  -131  )
( -69  21  -32  )
( -166  -61  -122  )
( -239  -94  -52  )
( 136  -123  213  )
( 149  -175  -189  )
( 67  -223  -190  )
( -12  -205  -201  )
( -0  91  13  )
( -83  59  161  )
( 134  -57  -130  )
( 110  -217  120  )
( 11  49  -112  )
( -203  171  -215  )
( 28  -30  -49  )
( -220  186  26  )
( -75  221  223  )
( -169  245  167  )
( -127  -161  -71  )
( -205  -219  -222  )
( -232  -210  13  )
( -216  -163  4  )
( -106  -187  -43  )
( -151  -172  55  )
( -48  -236  249  )
( 28  -234  -37  )
( 41  -4  -204  )
( 42  98  -23  )
( 237  -114  130  )
( -212  153  71  )
( -239  198  -243  )
( 75  72  -71  )
( -181  83  18  )
( -126  208  -222  )
( -221  222  -70  )
( 199  75  -107  )
( -238  247  217  )
( 42  172  -68  )
( 140  148  240  )
( 238  172  -226  )
( -177  180  -171  )
( -58  84  -229  )
( -140  28  190  )
( -182  20  -160  )
( 87  -23  -239  )
( -222  -204  141  )
( -37  -79  -197  )
( -202  38  143  )
( -154  -134  228  )
( 17  48  227  )
( 65  -240  -83  )
( 79  -123  50  )
( -187  -160  178  )
( -193  -21  -5  )
( -207  -84  172  )
( 13  48  43  )
( -194  -154  243  )
( 77  -187  -103  )
( 178  -207  249  )
( 177  240  -184  )
( -194  203  -100  )
( 173  -6  35  )
( -194  -115  -28  )
( -149  -203  235  )
( -194  150  -175  )
( 112  5  -190  )
( -157  -162  3  )
( 78  30  132  )
( 130  -245  -47  )
( 112  42  249  )
( 4  237  -6  )
( 45  249  81  )
( -36  129  -0  )
( 70  48  50  )
( -204  -59  -55  )
( 55  -86  -56  )
( -50  -210  54  )
( 105  128  -126  )
( 19  -78  -22  )
( 167  -183  -124  )
( 49  -7  110  )
( -135  -5  116  )
( -98  -109  41  )
( 59  -248  -167  )
( -149  4  -164  )
( 111  158  -238  )
( 90  240  -56  )
( -242  -15  129  )
( -24  155  199  )
( -47  -216  49  )
( -198  -208  116  )
( -2  -71  95  )
( -52  -198  -56  )
( 196  103  32  )
( -69  188  -178  )
( -87  -178  161  )
( 163  191  -136  )
( 90  79  65  )
( -239  107  234  )
( 149  -143  -84  )
( -139  93  -118  )
( -87  42  -232  )
( -16  172  -9  )
( -57  -154  130  )
( 155  0  195  )
( -45  -229  -138  )
( -12  -176  -161  )
( 110  63  48  )
( 71  -87  -233  )
( -57  196  -58  )
( 58  21  33  )
( -153  74  137  )
( 109  -189  -34  )
( -225  -96  150  )
( -107  -225  245  )
( 114  178  -93  )
( -32  125  3  )
( 206  -227  60  )
( -166  -236  -98  )
( -205  -107  -131  )
( 209  25  76  )
( 223  -231  131  )
( -144  -131  140  )
( -90  -5  -47  )
( -207  157  161  )
( 34  155  97  )
( -161  18  2  )
( -167  56  -46  )
( 155  36  183  )
( 29  -235  -25  )
( 100  177  -227  )
( 55  46  -56  )
( 119  239  -7  )
( 1  -5  -124  )
( -105  242  51  )
( -2  -205  -161  )
( -219  -112  73  )
( 219  -130  41  )
( 248  33  -1  )
( 202  16  213  )
( 27  -146  -160  )
( 96  36  243  )
( 247  118  -139  )
( -99  32  26  )
( -15  95  -48  )
( -159  -79  -233  )
( 71  16  164  )
( 235  8  16  )
( -20  52  115  )
( 99  20  -103  )
( -127  -220  -247  )
( -57  203  -230  )
( 249  -237  -216  )
( -30  194  -45  )
( 146  -217  -239  )
( -133  186  97  )
( -3  -12  -162  )
( -88  -8  95  )
( -200  123  -196  )
( -109  -186  20  )
( 185  -37  228  )
( 183  160  5  )
( -248  150  155  )
( 44  -19  242  )
( -134  -187  -38  )
( -71  -166  42  )
( 15  70  226  )
( -15  59  110  )
( 81  151  -24  )
( -93  -33  -129  )
( -174  117  -31  )
( -223  81  -115  )
( -121  65  163  )
( -44  141  -19  )
( -121  -186  52  )
( 205  220  46  )
( 141  -10  190  )
( 207  -244  89  )
( -51  -75  188  )
( 158  -171  -212  )
( -146  -246  237  )
( -160  -193  196  )
( 230  62  -17  )
( -219  182  25  )
( -86  7  -79  )
( 13  -36  -151  )
( 51  9  -27  )
( -114  -249  -75  )
( 102  134  78  )
( 56  -75  212  )
( 96  164  -107  )
( -27  51  -232  )
( 200  2  -15  )
( -26  151  81  )
( -14  -211  -43  )
( -149  -18  168  )
( -216  78  175  )
( 180  87  47  )
( 95  163  101  )
( 231  8  240  )
( 99  65  -85  )
( -122  -223  -188  )
( -229  -235  -102  )
( 61  154  35  )
( 58  124  30  )
( -55  68  -103  )
( -6  125  95  )
( 198  -129  1  )
( -148  -39  100  )
( 46  239  -5  )
( -227  129  138  )
( 13  -114  146  )
( -14  -69  -40  )
( -198  109  232  )
( 211  154  -225  )
( -176  -142  235  )
( -227  188  51  )
( 246  230  184  )
( -39  146  195  )
( -36  -71  -133  )
( -225  -238  153  )
( -62  156  -20  )
( 138  -43  -61  )
( 77  -228  -239  )
( -243  -50  -223  )
( 123  -142  -122  )
( 38  -55  -134  )
( 54  -169  -188  )
( -166  123  132  )
( 33  -218  60  )
( 65  -228  -100  )
( 79  125  -209  )
( -170  198  100  )
( -53  -175  -201  )
( -110  -208  7  )
( -192  185  114  )
( -113  179  153  )
( 32  126  -183  )
( 110  -134  -186  )
( -209  -82  -122  )
( -17  243  150  )
( -213  80  47  )
( 119  18  -179  )
( 146  -172  -119  )
( -91  -183  171  )
( -170  -183  -209  )
( 163  106  -133  )
( 102  -8  -189  )
( 220  -232  -189  )
( 73  102  106  )
( -125  208  -132  )
( -142  -73  0  )
( -90  -145  136  )
( -168  -223  -227  )
( 10  153  142  )
( 80  173  70  )
( 82  -165  -104  )
( 228  104  19  )
( 178  -202  118  )
( 140  114  212  )
( 65  -161  -214  )
( 22  -19  -3  )
( 162  -141  105  )
( 164  245  -82  )
( 160  -165  67  )
( -231  177  -203  )
( 185  150  -79  )
( 99  244  -5  )
( 155  -180  -105  )
( 160  -117  -165  )
( -207  -248  -40  )
( -155  197  -131  )
( 110  175  171  )
( 26  241  38  )
( 138  -86  -7  )
( 12  -71  -222  )
( 79  94  -78  )
( 79  129  -148  )
( -213  -104  169  )
( -102  56  -87  )
( -244  -214  -240  )
( -125  13  246  )
( -83  200  -117  )
( -86  59  199  )
( 153  -127  184  )
( -59  -156  245  )
( 152  75  -108  )
( -82  214  159  )
( 239  162  143  )
( -12  -159  112  )
( 205  49  90  )
( 126  7  -227  )
( 56  -45  243  )
( 178  -222  195  )
( -0  -231  -127  )
( -192  138  99  )
( 54  -2  248  )
( -24  158  211  )
( -153  -115  -216  )
( -42  -197  -13  )
( -210  36  -45  )
( 25  107  197  )
( 90  -77  -64  )
( 98  65  66  )
( 145  248  -105  )
( 93  -94  -117  )
( -223  90  13  )
( 77  164  166  )
( 80  149  -40  )
( 203  -110  134  )
( 174  217  109  )
( 124  146  230  )
( -232  -248  83  )
( -19  -105  108  )
( -164  139  -237  )
( -12  51  17  )
( 74  225  -141  )
( -182  241  -60  )
( -114  9  -151  )
( 171  -127  -174  )
( 62  218  -75  )
( 191  -81  -83  )
( 80  -249  39  )
( 213  -195  -49  )
( 243  -74  -216  )
( 183  -181  -34  )
( 186  -104  73  )
( -24  -18  213  )
( 101  226  -135  )
( -65  28  -177  )
( 202  -113  -111  )
( 118  -229  -155  )
( -19  20  -44  )
( -189  185  -74  )
( -47  -197  230  )
( 20  181  -69  )
( -133  129  225  )
( -82  -98  -5  )
( -186  -11  -104  )
( 16  -132  -40  )
( 76  112  52  )
( -123  -240  -212  )
( -88  73  117  )
( 89  77  -130  )
( 225  109  -152  )
( 159  140  71  )
( 156  -30  -63  )
( 154  -46  77  )
( 139  156  -94  )
( -77  177  -71  )
( 86  50  45  )
( -188  -107  -209  )
( -193  -87  -133  )
( -39  246  -163  )
( 44  -8  166  )
( -61  134  -82  )
( 98  108  162  )
( -61  -152  22  )
( -32  -153  6  )
( -95  -233  175  )
( 102  -221  -121  )
( 12  -102  153  )
( 92  26  132  )
( 120  -183  -164  )
( 21  240  -206  )
( -25  148  168  )
( 46  108  222  )
( 171  120  218  )
( 139  -26  -60  )
( -10  -70  133  )
( -1  -246  -128  )
( -126  214  217  )
( -109  244  245  )
( -239  -49  -89  )
( -45  191  -180  )
( -193  125  151  )
( 71  232  -172  )
( -68  -15  -218  )
( 78  15  -111  )
( 22  100  -163  )
( 234  136  -52  )
( 59  53  84  )
( -239  -182  -118  )
( -78  -169  218  )
( 71  78  59  )
( -147  -41  149  )
( -201  136  226  )
( -149  156  -47  )
( -198  -78  5  )
( 114  113  173  )
( 143  138  -144  )
( 146  -109  91  )
( -133  -116  179  )
( 5  88  64  )
( 107  -220  -11  )
( 180  204  94  )
( 7  204  -31  )
( 186  1  243  )
( 188  229  -172  )
( -144  165  -110  )
( 41  -11  -99  )
( 142  182  79  )
( -216  -192  33  )
( 150  -81  -22  )
( -159  174  12  )
( 164  -51  62  )
( -91  -130  47  )
( -160  -67  211  )
( -218  -220  -4  )
( -25  -19  -175  )
( 6  204  -236  )
( 155  176  45  )
( 235  -43  2  )
( 178  122  162  )
( -3  24  -248  )
( 211  55  233  )
( 48  -63  -200  )
( -11  -24  73  )
( 145  60  -134  )
( 208  -41  -8  )
( -147  -88  163  )
( 220  116  35  )
( 168  -207  244  )
( -81  -139  90  )
( 82  108  245  )
( 58  -221  -11  )
( -206  134  -57  )
( -65  -190  -19  )
( -111  63  22  )
( 155  58  -47  )
( -142  -30  139  )
( 142  19  -80  )
( -124  49  -8  )
( 37  -191  97  )
( -142  93  172  )
( 44  77  118  )
( 66  -163  -52  )
( 12  -234  159  )
( -5  36  -18  )
( 180  51  42  )
( 46  112  175  )
( -158  -40  -148  )
( 184  -80  -246  )
( -95  -182  -163  )
( 44  -30  89  )
( -69  44  -181  )
( 232  52  45  )
( 182  -117  214  )
( -128  85  118  )
( -60  -185  -73  )
( 163  221  140  )
( -192  47  -95  )
( 30  -109  -161  )
( -83  166  -240  )
( -37  200  59  )
( 39  -137  154  )
( 117  -72  -202  )
( 184  -11  -137  )
( -76  -222  -166  )
( 81  -202  -167  )
( 238  -246  0  )
( -167  -190  115  )
( 32  -70  97  )
( -32  27  108  )
( -89  118  -28  )
( 84  -99  -7  )
( 99  -10  -41  )
( 216  -236  240  )
( -219  -26  -211  )
( -96  203  242  )
( -178  -168  92  )
( 90  -198  -178  )
( 212  87  -189  )
( 33  124  34  )
( -113  237  -20  )
( 229  66  192  )
( 236  -205  -194  )
( -214  -65  64  )
( -66  -64  -205  )
( -131  13  174  )
( -195  -236  -101  )
( 36  27  156  )
( -153  73  -188  )
( -30  -144  124  )
( 71  190  -137  )
( 20  104  176  )
( -65  -227  -24  )
( -120  -7  -94  )
( 89  59  -118  )
( -62  -146  161  )
( 21  233  79  )
( -230  83  -24  )
( 137  145  -99  )
( 116  112  -163  )
( 7  -56  -75  )
( -175  -209  223  )
( -174  53  94  )
( 88  136  -111  )
( 232  234  69  )
( 110  229  -24  )
( 246  20  -183  )
( -90  226  -149  )
( 30  111  94  )
( -123  -184  33  )
( 228  146  -149  )
( -199  -140  -120  )
( 110  244  92  )
( 106  222  -72  )
( -145  -125  55  )
( -45  -155  59  )
( -239  -117  -242  )
( 130  -142  156  )
( 117  99  -51  )
( 143  -178  -95  )
( 20  53  21  )
( -53  -110  242  )
( 42  14  -233  )
( 235  163  170  )
( 12  -244  178  )
( 122  -49  56  )
( -237  81  9  )
( -79  -102  209  )
( 101  -11  -121  )
( 79  182  131  )
( 192  47  -216  )
( -204  191  159  )
( 138  -143  68  )
( -108  -204  -212  )
( -67  -119  211  )
( -115  123  134  )
( -239  -218  -31  )
( -100  -44  77  )
( 46  15  140  )
( -129  38  -139  )
( 135  176  41  )
( 45  -223  -175  )
( -216  -141  -131  )
( 17  83  -79  )
( 20  -224  -138  )
( -9  79  199  )
( 224  184  -49  )
( 147  -185  -169  )
( 191  237  -242  )
( 156  -141  -220  )
( 95  -108  222  )
( 112  -188  174  )
( -162  133  88  )
( -95  -52  -182  )
( -35  -52  -68  )
( -115  29  97  )
( 99  -56  -12  )
( 212  -3  204  )
( -80  -143  17  )
( 98  -248  231  )
( 52  83  151  )
( -127  89  -55  )
( 224  23  -0  )
( 68  -54  -101  )
( 97  246  -145  )
( 199  129  193  )
( 65  82  101  )
( 82  -50  -97  )
( -185  -112  165  )
( -13  -244  -143  )
( 66  -78  -90  )
( -189  -79  45  )
