( 34  134  180  )
( -244  4  -129  )
( -183  3  -38  )
( -127  203  -241  )
( 79  -112  13  )
( -138  -127  213  )
( -162  149  -214  )
( -234  139  -197  )
( 104  5  -99  )
( -14  34  68  )
( 245  -184  -233  )
( -120  -9  85  )
( 130  141  -204  )
( 185  -184  -154  )
( 203  141  -62  )
( 46  -163  -134  )
( 52  -64  92  )
( -63  -185  -176  )
( -24  241  211  )
( -44  180  -31  )
( 29  122  75  )
( -199  209  -223  )
( 104  -10  -59  )
( -176  117  -248  )
( 183  198  117  )
( 87  -186  -9  )
( -85  -45  -238  )
( -175  59  120  )
( -102  207  183  )
( 176  -104  114  )
( -214  -231  83  )
( 108  171  201  )
( -84  -14  119  )
( -231  -143  -8  )
( 68  -233  -53  )
( -103  -244  -177  )
( 157  146  121  )
( 18  246  161  )
( 134  -168  215  )
( 116  -203  175  )
( 94  186  -12  )
( 63  -160  236  )
( 173  89  249  )
( 3  210  -128  )
( -82  46  -23  )
( 109  65  -220  )
( -130  98  42  )
( -142  -247  185  )
( -65  27  -103  )
( -116  13  15  )
( 124  204  31  )
( 155  -233  231  )
( -122  -204  15  )
( 164  -82  83  )
( 249  112  -219  )
( 90  -143  -123  )
( 84  -207  201  )
( 221  114  -18  )
( -12  133  97  )
( -191  144  1  )
( -126  -14  113  )
( -183  -158  218  )
( 88  43  -134  )
( -233  -150  -231  )
( 77  -111  -3  )
( 190  -219  234  )
( 198  171  -18  )
( -236  -206  -158  )
( -237  94  -37  )
( 31  -11  28  )
( 166  10  53  )
( -246  156  186  )
( -157  -84  -110  )
( -114  -84  135  )
( 58  128  -242  )
( 106  173  34  )
( 169  -27  -112  )
( -166  219  -105  )
( 75  -164  -86  )
( 197  -33  126  )
( -246  197  -41  )
( -196  -193  -10  )
( -16  -170  -198  )
( -62  -207  248  )
( -127  109  -124  )
( -85  32  -88  )
( -195  -247  -36  )
( -245  69  -55  )
( 93  135  57  )
( 146  160  -156  )
( -82  -249  149  )
( -35  -141  166  )
( -226  236  106  )
( 99  -239  -236  )
( 175  -77  35  )
( -40  62  148  )
( 94  -16  -243  )
( 2  5  197  )
( -132  -1  -120  )
( 22  -86  -113  )
( -195  245  39  )
( -239  -15  -214  )
( -241  248  -30  )
( 14  -146  213  )
( 130  -101  222  )
( 60  82  -153  )
( -25  -43  -244  )
( -9  -80  65  )
( -73  -47  141  )
( -55  228  160  )
( -231  -54  4  )
( -66  -175  150  )
( 122  235  85  )
( 118  67  227  )
( -225  -172  -21  )
( 185  158  -226  )
( -63  -171  242  )
( -86  -182  -107  )
( 183  49  -226  )
( -121  -6  17  )
( -109  -45  -143  )
( -159  98  220  )
( -74  148  56  )
( 166  167  184  )
( -111  -236  66  )
( 81  -22  -205  )
( -151  107  -242  )
( 206  -197  239  )
( -156  -247  237  )
( -215  -223  5  )
( 170  57  159  )
( -54  -180  213  )
( -166  -97  -170  )
( 126  -167  121  )
( 128  117  165  )
( -21  94  200  )
( 60  -234  -190  )
( -75  106  -171  )
( 178  -137  64  )
( -184  -16  234  )
( -99  -107  197  )
( 132  160  -83  )
( 145  -248  143  )
( -140  -146  -17  )
( -218  29  -115  )
( -166  -93  128  )
( -173  162  -40  )
( 33  -67  144  )
( -10  -249  -164  )
( 170  103  64  )
( 137  -154  236  )
( 170  130  136  )
( -225  -192  -48  )
( 206  -54  -26  )
( 13  129  -117  )
( -43  -20  -86  )
( -108  -35  147  )
( 62  -138  -41  )
( 138  -15  230  )
( -76  147  -212  )
( 240  114  208  )
( -143  -166  232  )
( -187  80  14  )
( 200  31  103  )
( 59  -73  152  )
( 163  -64  -214  )
( 142  54  198  )
( 70  -71  142  )
( -87  101  -0  )
( 220  -211  -130  )
( -9  18  19  )
( 136  158  -211  )
( -184  225  -81  )
( 180  11  -46  )
( 113  125  -212  )
( -85  157  -76  )
( -90  -202  190  )
( -197  34  172  )
( -182  -143  49  )
( 160  249  -123  )
( 106  -6  66  )
( 169  -125  -160  )
( 80  86  -188  )
( 152  -210  -69  )
( -181  228  227  )
( -210  99  -204  )
( -29  -181  10  )
( -17  -126  -29  )
( -90  -72  30  )
( 129  161  192  )
( -150  167  -152  )
( 155  43  -0  )
( -245  -77  115  )
( 178  198  -25  )
( 140  149  24  )
( 194  126  123  )
( -166  91  -44  )
( -97  -149  -150  )
( -132  -146  -248  )
( 182  -243  248  )
( 184  -106  186  )
( 42  -156  -40  )
( -156  -115  -113  )
( 69  234  -223  )
( 16  158  151  )
( -191  -211  -207  )
( 159  55  -239  )
( -187  -91  -100  )
( -96  -193  -243  )
( -172  -108  -36  )
( 89  56  156  )
( -90  -242  -224  )
( -106  -151  226  )
( -9  225  186  )
( 178  -35  231  )
( -148  -230  -37  )
( -215  218  9  )
( 7  4  -22  )
( 81  218  102  )
( 3  70  -57  )
( 147  -41  201  )
( -41  -97  35  )
( -171  -6  -168  )
( 236  -197  -29  )
( -206  -21  147  )
( -30  -149  -101  )
( -86  -172  33  )
( 111  244  249  )
( 104  70  -101  )
( 83  -98  -37  )
( 230  -29  -155  )
( 111  -160  204  )
( -16  -249  72  )
( 82  63  200  )
( -32  -235  -62  )
( 48  168  64  )
( -3  -171  24  )
( 12  71  -87  )
( 198  94  86  )
( -172  174  216  )
( -205  35  -230  )
( -247  160  99  )
( -241  3  51  )
( 152  244  196  )
( 75  -177  205  )
( 90  -53  211  )
( -181  -179  9  )
( 220  -75  112  )
( 38  -78  -66  )
( -211  -101  -215  )
( 12  234  222  )
( 158  157  118  )
( 246  -187  24  )
( 36  -4  160  )
( -145  72  -136  )
( -36  -13  199  )
( 150  -20  -174  )
( 24  22  118  )
( 106  -231  -105  )
( 214  85  -181  )
( -15  -157  115  )
( -20  -25  122  )
( -150  95  -235  )
( -4  55  192  )
( 114  102  -225  )
( 66  231  239  )
( 16  -93  -109  )
( 40  -232  31  )
( -204  -205  54  )
( 178  -1  -202  )
( 112  -141  -11  )
( 96  -112  -30  )
( 40  82  22  )
( 6  -67  -17  )
( 35  139  -16  )
( 58  26  159  )
( 61  -76  238  )
( -181  -183  -93  )
( -149  -205  -173  )
( 142  98  30  )
( -151  -96  238  )
( -77  38  -106  )
( -51  -235  -246  )
( -37  179  -219  )
( -71  196  45  )
( -70  -233  -180  )
( 116  188  192  )
( -66  102  211  )
( 242  -102  141  )
( -94  149  -175  )
( -191  -101  47  )
( -220  -188  177  )
( -158  32  234  )
( 131  -241  43  )
( 169  112  230  )
( -164  -134  -202  )
( -81  -158  117  )
( -100  -196  31  )
( 82  144  -126  )
( 77  -39  -1  )
( -171  81  85  )
( -225  -30  -65  )
( 24  191  -215  )
( -39  140  26  )
( -245  204  234  )
( 94  -200  -120  )
( -88  -208  -215  )
( -171  96  98  )
( 53  -87  -99  )
( -212  113  -214  )
( -182  37  145  )
( 30  -246  27  )
( 5  -58  79  )
( -206  -168  -41  )
( 118  -35  51  )
( 248  113  -44  )
( -100  27  -43  )
( -89  224  220  )
( -130  -239  -188  )
( 111  -181  -62  )
( 79  -177  160  )
( -4  -225  115  )
( -136  168  -20  )
( -70  -104  176  )
( -87  -68  50  )
( -51  166  198  )
( -82  -48  -89  )
( -97  91  248  )
( 230  -81  231  )
( 52  -138  -151  )
( -232  -167  -17  )
( 66  130  36  )
( 245  96  -183  )
( 101  42  -134  )
( -70  164  -241  )
( 209  -247  148  )
( 92  91  42  )
( -142  192  249  )
( -108  -47  66  )
( -199  44  241  )
( 166  28  -47  )
( -6  56  93  )
( 103  114  42  )
( -96  -135  -144  )
( -53  52  -41  )
( -83  222  180  )
( 129  -19  -100  )
( 138  144  18  )
( 186  -164  118  )
( -32  -122  245  )
( 163  -59  -164  )
( 170  75  -231  )
( -199  -123  13  )
( -220  -94  57  )
( -171  161  79  )
( 207  174  -213  )
( -208  -123  80  )
( 83  -19  -196  )
( -116  -162  46  )
( -54  162  96  )
( -141  -49  -65  )
( 219  180  -135  )
( -173  72  -249  )
( -118  -74  -203  )
( 15  -108  -211  )
( -191  37  61  )
( 24  -166  -110  )
( 10  -80  55  )
( 87  -8  -97  )
( 14  185  -151  )
( 18  66  -245  )
( -86  183  131  )
( 215  30  -71  )
( -87  240  -181  )
( 39  -85  -32  )
( 189  -247  140  )
( 248  67  221  )
( 142  -91  -2  )
( -104  131  229  )
( 115  -207  -27  )
( 165  207  -213  )
( -108  -235  65  )
( 90  94  -66  )
( -33  18  215  )
( -216  -161  154  )
( 28  -74  187  )
( 240  11  108  )
( -45  236  -7  )
( -94  3  -72  )
( -79  80  248  )
( -146  160  30  )
( 232  -77  -42  )
( -219  -160  52  )
( -149  63  -126  )
( -123  15  -199  )
( 16  -234  -21  )
( -64  -179  -9  )
( -122  42  -222  )
( 81  235  91  )
( 240  164  -132  )
( -140  -172  -178  )
( -67  164  90  )
( 1  -24  119  )
( 51  -154  -238  )
( 188  -32  -172  )
( 133  212  47  )
( 46  -99  38  )
( -237  -104  -206  )
( 19  151  -61  )
( 231  -159  91  )
( 128  160  101  )
( 181  -187  41  )
( 0  247  149  )
( 165  168  37  )
( -211  -235  -52  )
( -163  -125  104  )
( 245  39  163  )
( -247  85  44  )
( -206  -95  185  )
( -172  197  80  )
( 203  -226  -123  )
( -5  -158  -47  )
( -32  -139  186  )
( 57  -94  10  )
( -189  164  -9  )
( 87  180  188  )
( 212  -158  99  )
( -185  97  104  )
( -73  -104  57  )
( 153  -118  -166  )
( -42  -205  -121  )
( -113  -167  235  )
( -4  -192  135  )
( 85  -96  60  )
( -245  -113  -217  )
( -105  -76  0  )
( 127  117  -63  )
( 150  -132  77  )
( -34  -89  157  )
( 195  225  -168  )
( -90  -203  219  )
( -62  -150  -126  )
( -163  -68  -187  )
( -139  117  35  )
( 43  -64  -22  )
( 120  -61  -145  )
( 3  -70  57  )
( 229  -248  -18  )
( 23  7  -144  )
( -79  -184  -7  )
( -29  151  113  )
( 119  -135  199  )
( -102  -161  177  )
( 129  -8  121  )
( -94  219  7  )
( -94  243  -42  )
( 128  -73  144  )
( 83  115  -79  )
( 124  -239  180  )
( 170  74  247  )
( -134  31  -42  )
( -51  -163  73  )
( 106  -179  -244  )
( 225  15  -74  )
( 105  188  -153  )
( -77  -7  -226  )
( -116  -242  -132  )
( 41  33  -94  )
( -91  199  -238  )
( 161  163  -107  )
( -26  -25  32  )
( 226  158  167  )
( 128  -35  -242  )
( -193  -66  -71  )
( 79  -29  -3  )
( 172  106  200  )
( -195  -59  38  )
( 189  33  -194  )
( -88  212  196  )
( 26  -177  -98  )
( -19  -77  192  )
( -218  149  -61  )
( 213  -242  -209  )
( 52  216  -37  )
( 244  -100  239  )
( 190  -184  -52  )
( -25  -10  111  )
( 147  228  70  )
( 49  216  145  )
( 99  140  -224  )
( -215  -164  -56  )
( -68  189  66  )
( 124  247  -0  )
( -145  186  -2  )
( -100  -32  -85  )
( -77  82  132  )
( -109  -213  203  )
( -87  -82  -15  )
( 40  44  201  )
( -83  135  -235  )
( 113  -179  149  )
( 47  -228  -220  )
( -220  -41  2  )
( 82  -53  176  )
( -70  -172  -221  )
( -212  -80  153  )
( 154  -99  241  )
( 189  124  31  )
( 207  143  135  )
( 188  -70  60  )
( -136  -246  -120  )
( 28  87  -85  )
( 67  -77  0  )
( -86  11  173  )
( -5  -101  -127  )
( 118  205  180  )
( -11  -239  -26  )
( -222  26  46  )
( -122  19  -119  )
( 177  0  -45  )
( 157  102  161  )
( 85  89  -120  )
( 8  146  -92  )
( -231  80  123  )
( 119  -104  6  )
( 180  -51  12  )
( 134  -152  -234  )
( 223  -38  -138  )
( -75  247  220  )
( -203  201  174  )
( 41  237  -173  )
( -178  -117  111  )
( -42  -12  -226  )
( -69  68  -172  )
( 168  1  212  )
( 15  185  39  )
( 139  -13  189  )
( 132  188  37  )
( 109  -185  208  )
( 6  187  119  )
( 79  234  -199  )
( -43  -109  64  )
( 97  59  -20  )
( 57  129  79  )
( 79  -187  -221  )
( -199  -213  -57  )
( 165  -49  106  )
( 157  -54  104  )
( -240  43  -55  )
( -91  -219  242  )
( 125  84  68  )
( -101  -141  -2  )
( 184  -243  97  )
( 46  -135  -177  )
( 134  151  53  )
( 45  66  -119  )
( 2  -181  245  )
( 74  184  -29  )
( 14  -88  158  )
( -58  -15  123  )
( -161  -229  69  )
( -234  -68  -82  )
( -226  172  -100  )
( -56  -231  -27  )
( 81  -78  -77  )
( -139  152  116  )
( 221  2  141  )
( 16  194  -136  )
( -246  -171  -100  )
( -195  201  -150  )
( -17  131  192  )
( 33  -75  22  )
( -128  187  145  )
( 150  132  -206  )
( -84  -105  -92  )
( -161  -173  -35  )
( -135  -203  -68  )
( -57  -101  240  )
( -215  4  178  )
( 239  -41  167  )
( -183  234  -196  )
( -127  177  63  )
( 51  -239  -167  )
( 114  167  -240  )
( 205  62  -201  )
( 197  135  -108  )
( -67  13  -197  )
( -94  9  -119  )
( 129  -89  -236  )
( -96  165  37  )
( 190  36  -107  )
( 106  227  -20  )
( -90  221  -14  )
( -145  -101  143  )
( 108  72  -197  )
( -142  163  247  )
( 0  -164  -170  )
( 136  -46  -70  )
( 237  94  147  )
( 143  -164  -134  )
( -233  9  -7  )
( 185  147  45  )
( 208  -15  228  )
( 84  114  -155  )
( 227  -90  129  )
( 159  -67  187  )
( 57  94  -208  )
( -57  -23  154  )
( -156  105  61  )
( 200  -192  -58  )
( 189  206  64  )
( 176  -91  -132  )
( -6  -180  237  )
( 50  -41  121  )
( 50  -234  -144  )
( 229  18  -192  )
( -33  -51  143  )
( 196  59  121  )
( 48  101  -218  )
( -239  -159  161  )
( 214  42  97  )
( 111  207  172  )
( -169  -120  -133  )
( 57  173  -200  )
( -183  104  -248  )
( -182  117  100  )
( -72  114  -241  )
( 18  -7  38  )
( 44  237  244  )
( -205  -35  80  )
( 2  100  -82  )
( 231  203  -114  )
( 56  -183  190  )
( 237  -14  227  )
( -200  82  195  )
( -116  157  -171  )
( -58  133  -48  )
( 149  -121  -12  )
( -187  -108  -115  )
( -116  -120  -90  )
( -117  -9  93  )
( 63  12  -227  )
( 73  -18  66  )
( 225  160  142  )
( 214  -56  -157  )
( -172  32  -247  )
( -40  -141  165  )
( -96  153  127  )
( -46  138  -215  )
( 123  44  242  )
( 174  -62  -50  )
( 23  -235  -9  )
( 23  170  134  )
( -120  6  10  )
( -8  186  212  )
( -192  -101  -136  )
( 166  245  72  )
( 241  -52  -196  )
( -22  97  -66  )
( 44  -60  -36  )
( 248  -84  86  )
( -73  -213  -54  )
( 205  -187  60  )
( 165  -185  207  )
( 29  -52  194  )
( -130  241  154  )
( 121  210  -67  )
( 99  191  153  )
( -99  -10  -206  )
( 130  -20  -169  )
( 9  140  49  )
( 186  -34  -195  )
( 167  190  112  )
( 161  -138  -61  )
( -139  -38  -19  )
( 166  112  177  )
( 73  -218  232  )
( 99  -143  -244  )
( 227  -153  -20  )
( 203  -118  -190  )
( 139  182  -58  )
( 37  -205  -25  )
( -106  -76  -31  )
( -247  -244  -182  )
( -65  -6  -114  )
( -127  -213  -72  )
( 200  175  186  )
( -81  -184  -199  )
( -57  -91  -41  )
( 244  136  -164  )
( -32  145  69  )
( 95  106  154  )
( -40  85  -192  )
( -161  7  123  )
( 76  -155  -67  )
( 246  -97  -84  )
( 103  215  -186  )
( -119  -124  173  )
( 206  245  192  )
( -211  133  -225  )
( -137  -238  210  )
( -106  11  10  )
( 71  -156  -196  )
( -159  -57  82  )
( 203  174  248  )
( -20  64  67  )
( -25  -135  -13  )
( 38  52  128  )
( 245  -1  219  )
( 234  196  -112  )
( 35  217  51  )
( 78  167  -31  )
( 105  150  11  )
( -2  12  214  )
( 177  198  -180  )
( -218  -216  89  )
( 170  52  146  )
( 244  14  -213  )
( -98  -20  239  )
( -138  130  -243  )
( 105  -112  32  )
( 99  -13  -111  )
( -184  -54  -138  )
( -119  51  12  )
( -85  -43  120  )
( -124  95  126  )
( -84  -46  185  )
( -135  28  -46  )
( 225  224  -22  )
( -169  -153  130  )
( 114  244  -14  )
( -94  -134  171  )
( 125  -216  -206  )
( -70  -243  224  )
( -183  -159  36  )
( -210  -104  -232  )
( -236  -88  -98  )
( -225  46  82  )
( 235  -23  105  )
( -28  138  40  )
( 37  -239  90  )
( 177  -129  72  )
( -140  142  110  )
( 205  83  33  )
( 248  -84  -223  )
( -45  -49  93  )
( -159  -140  -104  )
( -67  223  -200  )
( 112  -138  -164  )
( -226  207  -159  )
( 161  181  -41  )
( 241  -4  191  )
( 57  -195  130  )
( 10  247  203  )
( 107  31  -191  )
( 199  -143  -230  )
( 8  -232  -224  )
( 49  -137  -61  )
( 122  -5  -78  )
( -223  202  -116  )
( 91  46  -55  )
( 186  239  43  )
( -211  -18  -212  )
( -123  -73  -205  )
( 94  246  -97  )
( 229  30  -108  )
( -34  -2  -31  )
( -89  30  -203  )
( 211  -16  185  )
( -158  -15  -207  )
( -202  -131  84  )
( 208  114  186  )
( -122  33  249  )
( 47  240  -6  )
( -36  -232  217  )
( -87  130  -176  )
( -150  -139  117  )
( -25  -11  242  )
( -21  180  24  )
( 140  -208  25  )
( 9  -240  -197  )
( 83  -79  -31  )
( -50  141  -200  )
( 9  -132  10  )
( -189  -194  244  )
( 59  -214  -89  )
( 61  -122  56  )
( 64  217  -124  )
( 75  40  -225  )
( -103  -209  -56  )
( -44  72  -169  )
( 186  -183  -62  )
( 177  2  22  )
( -114  189  -240  )
( 246  -113  -192  )
( 238  -100  57  )
( -189  46  127  )
( -238  149  212  )
( -1  172  233  )
( 186  -105  128  )
( 150  17  243  )
( 113  -83  154  )
( -68  61  -239  )
( 211  -42  -125  )
( -35  154  66  )
( -70  198  -171  )
( -92  -201  -211  )
( 60  -144  -163  )
( -156  36  186  )
( 139  -38  -175  )
( 227  74  130  )
( 7  195  81  )
( 216  159  -222  )
( -101  -223  -148  )
( 132  3  -111  )
( 195  -52  229  )
( 236  -129  159  )
( -98  -51  -86  )
( 170  -42  54  )
( -143  -14  225  )
( -163  193  236  )
( -125  126  165  )
( -102  89  -64  )
( -248  -148  213  )
( -125  174  -168  )
( 164  -239  130  )
( 35  120  -138  )
( -138  -243  -146  )
( -79  63  113  )
( -12  2  -7  )
( -201  166  -243  )
( 19  -41  219  )
( 223  -196  160  )
( 205  50  -176  )
( -178  -112  230  )
( -176  -70  -129  )
( 142  -220  161  )
( -218  -91  -234  )
( 17  -167  -131  )
( 38  0  64  )
( 98  -88  129  )
( -164  187  -153  )
( 90  50  92  )
( -229  -167  -103  )
( -150  107  -159  )
( -204  131  194  )
( -127  65  -187  )
( -167  13  -238  )
( 41  -20  191  )
( -79  35  -196  )
( 112  75  37  )
( -195  -224  -239  )
( 111  181  110  )
( -154  148  43  )
( 123  -176  190  )
( 32  17  189  )
( 246  14  31  )
( 221  55  20  )
( 212  -13  166  )
( 219  55  -198  )
( -159  -65  84  )
( -62  -123  -94  )
( -41  -22  130  )
( 239  -45  -67  )
( -25  118  -172  )
( -171  -169  248  )
( -93  128  47  )
( 66  35  204  )
( 5  57  -163  )
( -211  13  -68  )
( 177  -170  -197  )
( -54  163  -126  )
( -87  59  -57  )
( -148  -96  185  )
( -212  -41  -209  )
( 4  -76  -29  )
( -49  104  -121  )
( -21  -70  41  )
( -151  190  -130  )
( -35  -109  -199  )
( -172  143  42  )
( -111  -90  23  )
( -142  106  89  )
( -193  3  -150  )
( 136  159  -214  )
( 94  -3  -66  )
( 87  -152  -67  )
( -4  163  240  )
( -28  -160  -184  )
( -183  -207  69  )
( -75  184  -242  )
( -3  204  -88  )
( -190  -215  171  )
( 138  -238  93  )
( 25  249  185  )
( 206  -57  -43  )
( 54  34  168  )
( -208  -25  46  )
( -70  -204  183  )
( -71  -6  1  )
( 58  -214  -155  )
( 12  -186  33  )
( 179  88  -150  )
( 158  -148  60  )
( -46  -61  -66  )
( 114  -178  -23  )
( 70  -178  151  )
( -170  -98  227  )
( -214  149  106  )
( 126  127  -239  )
( 75  144  -41  )
( 133  -94  -91  )
( 171  229  -72  )
( 131  31  -18  )
( 202  -248  69  )
( -3  -237  -153  )
( -63  -42  221  )
( -193  65  37  )
( -33  139  198  )
( -192  -162  245  )
( 81  40  -74  )
( 39  62  132  )
( -236  -137  -162  )
( 27  -63  112  )
( 249  -14  -25  )
( -123  -98  21  )
( 32  -72  -246  )
( -76  -87  -180  )
( -249  83  -66  )
( -112  152  159  )
( 246  -221  212  )
( -193  -231  35  )
( -11  -232  -74  )
( 164  -10  -133  )
( 74  -204  135  )
( -41  -165  -223  )
( -171  74  -131  )
( 227  -1  233  )
( -117  183  61  )
( 166  -49  216  )
( -67  16  179  )
( -170  -134  68  )
( 208  -71  249  )
( 19  6  -180  )
( -93  -16  38  )
( 35  43  239  )
( 34  9  100  )
( 12  -225  234  )
( -159  -47  211  )
( 110  -113  -46  )
( 81  -71  160  )
( 207  -134  159  )
( 181  -184  -173  )
( 180  48  68  )
( -235  123  247  )
( 103  -227  5  )
( 7  86  -210  )
( 238  -2  45  )
( -214  -58  -4  )
( 93  -177  248  )
( 45  -130  178  )
( -38  -77  -233  )
( 192  -217  -11  )
( 153  -178  -74  )
( -54  -44  177  )
( -2  38  -30  )
( -178  67  95  )
( -163  -83  -35  )
( 11  -107  209  )
( 116  -30  170  )
( -96  126  -37  )
( 14  -2  124  )
( -57  -97  -87  )
( -145  -86  -92  )
( 172  51  188  )
( -70  112  -199  )
( 1  230  -191  )
( -217  -246  163  )
( 75  80  -234  )
( -58  -211  -246  )
( 139  122  218  )
( 203  47  205  )
( 179  76  -122  )
( -47  140  186  )
( -70  57  -154  )
( -123  106  65  )
( 145  176  -144  )
( -21  -176  -44  )
( -24  204  -140  )
( 162  8  -49  )
( 174  117  -221  )
( -95  -172  127  )
( 22  118  -216  )
( 40  184  -50  )
( -233  123  -182  )
( -181  -243  109  )
( -62  -176  -52  )
( -170  -93  97  )
( -79  -139  -47  )
( 213  169  -98  )
( 248  -43  -88  )
( -107  -95  -41  )
( 212  -25  43  )
( -29  244  -203  )
( 111  -241  51  )
( 169  56  -82  )
( -41  116  24  )
( -15  80  82  )
( -175  231  -170  )
( -82  -122  34  )
( 221  183  248  )
( 47  35  -164  )
( 205  92  18  )
( 129  216  241  )
( 12  146  -168  )
( 150  -193  117  )
( -138  57  70  )
( 248  -235  175  )
( -32  -159  -31  )
( -219  -214  -18  )
( -147  103  -3  )
( -197  143  35  )
( -64  161  -192  )
( -244  -87  28  )
( -32  181  55  )
( -231  43  171  )
( 24  201  58  )
( -227  -178  -183  )
( 177  -224  14  )
( 148  -129  112  )
( 25  57  -209  )
( -173  179  88  )
( 109  -100  -220  )
( -242  -199  -163  )
( -44  183  170  )
( -209  86  113  )
( 150  -126  33  )
( 75  88  197  )
( -62  70  167  )
( -6  170  184  )
( 79  -57  -33  )
( 27  -180  213  )
( 194  -69  -3  )
( -140  244  147  )
( -146  -200  51  )
( -113  -77  100  )
( -165  -219  47  )
( 204  -11  97  )
( -104  156  -46  )
( 8  14  -33  )
( -249  157  -164  )
( 107  -150  -84  )
( -23  234  4  )
( -92  45  31  )
( -49  39  -43  )
( 87  -146  -130  )
( -109  101  -96  )
( 98  206  211  )
( -41  136  -141  )
( -180  -16  -131  )
( 101  -38  -122  )
( -213  -16  84  )
( 151  -27  246  )
( 145  127  -185  )
( -82  -171  1  )
( 61  174  -102  )
( 49  190  188  )
