( -96  132  207  )
( -209  241  158  )
( -241  -76  5  )
( 57  -120  137  )
( -196  -31  97  )
( -56  -206  -81  )
( -232  -82  -24  )
( -92  113  -167  )
( 8  175  222  )
( -227  112  -129  )
( -109  190  236  )
( 78  64  69  )
( 86  199  78  )
( -156  -165  169  )
( -110  11  -36  )
( -172  -248  -216  )
( -65  -151  -217  )
( 73  224  -62  )
( 171  188  218  )
( 20  22  134  )
( 80  -129  -70  )
( -115  160  -85  )
( -65  240  -204  )
( 196  -81  -116  )
( -111  -228  164  )
( -97  -98  194  )
( -248  209  224  )
( 129  223  151  )
( -58  38  122  )
( -33  -233  -74  )
( -174  187  -186  )
( 124  -12  56  )
( -1  -42  80  )
( 90  117  43  )
( -56  -169  -90  )
( -211  219  -8  )
( 16  176  203  )
( 41  154  65  )
( 16  -109  -161  )
( -43  -213  -103  )
( -137  -44  180  )
( 190  238  -174  )
( -144  95  -48  )
( 236  161  88  )
( -151  -107  190  )
( -65  -189  -126  )
( 120  -8  -46  )
( 230  -91  81  )
( -154  -244  -7  )
( 189  -211  -148  )
( 193  208  -164  )
( -31  24  -46  )
( -22  143  234  )
( 249  81  72  )
( -245  -95  170  )
( -70  -176  123  )
( -221  7  -154  )
( -97  -49  54  )
( 170  118  -36  )
( -38  247  121  )
( -47  126  38  )
( -60  16  1  )
( -176  -133  78  )
( -187  -36  200  )
( -136  167  -145  )
( 130  227  45  )
( 188  140  15  )
( -26  -64  13  )
( 244  189  59  )
( -44  156  -160  )
( -103  104  -84  )
( -130  39  72  )
( 59  248  182  )
( -207  176  -244  )
( 89  -61  27  )
( -30  -34  229  )
( 46  174  247  )
( -215  -11  240  )
( 138  -192  211  )
( 174  99  -135  )
( -171  -159  85  )
( -200  -3  6  )
( 99  217  -206  )
( -196  100  102  )
( -47  84  29  )
( 117  211  -236  )
( 22  -73  67  )
( 65  -160  -13  )
( -7  80  93  )
( -101  -150  194  )
( 97  -101  170  )
( 177  105  -10  )
( 161  208  211  )
( -52  -24  48  )
( 204  -221  -195  )
( 113  56  -137  )
( 93  76  23  )
( 125  -24  3  )
( -139  187  148  )
( -131  84  -216  )
( -225  -168  224  )
( 173  209  -13  )
( 69  67  -18  )
( 141  7  -214  )
( 112  -192  -185  )
( -23  5  169  )
( -190  -43  -203  )
( 114  29  146  )
( -67  -51  -96  )
( 237  107  -235  )
( 7  126  -76  )
( -151  -66  -2  )
( -185  -188  -50  )
( -84  -113  91  )
( 218  65  -214  )
( 72  -141  -45  )
( -60  -49  197  )
( -1  8  -14  )
( -47  58  -16  )
( 208  25  125  )
( -118  0  -156  )
( 244  -199  -187  )
( -161  -169  -136  )
( 80  -87  -69  )
( 245  -111  211  )
( -218  235  77  )
( 124  -210  -144  )
( 11  58  208  )
( -47  45  -209  )
( -195  -27  167  )
( -15  26  -72  )
( -237  46  6  )
( 87  -114  -202  )
( 198  -196  -64  )
( 184  -74  -32  )
( 244  -213  60  )
( -225  -6  52  )
( 91  -157  71  )
( -142  32  150  )
( 183  -56  -102  )
( 222  99  -17  )
( -89  131  -85  )
( -237  -210  161  )
( 191  -127  17  )
( 196  -211  50  )
( 219  153  -98  )
( 202  112  36  )
( 92  -186  -118  )
( 157  54  108  )
( -84  226  -191  )
( 140  -141  -188  )
( 222  -202  -140  )
( 182  -159  53  )
( 116  131  135  )
( 58  217  -154  )
( 207  -90  103  )
( 150  205  -73  )
( -52  7  -122  )
( 150  -25  -111  )
( 20  -18  -145  )
( 93  -215  222  )
( 88  73  225  )
( -136  12  -235  )
( 78  -186  170  )
( -59  89  -133  )
( 119  43  -27  )
( -129  -203  -233  )
( 111  32  -225  )
( 102  152  -84  )
( 5  -166  121  )
( 223  206  -185  )
( -246  -22  28  )
( -102  -75  92  )
( 180  98  246  )
( 99  241  -146  )
( -40  19  -28  )
( -76  -90  -79  )
( -109  -244  192  )
( 59  -61  -136  )
( 105  -91  186  )
( 114  -184  148  )
( 62  7  -58  )
( -94  126  -14  )
( -147  -170  19  )
( -172  -30  42  )
( -198  1  -12  )
( 118  236  190  )
( -209  -89  34  )
( -178  102  -137  )
( 31  -35  -96  )
( -23  -62  17  )
( 81  -99  -183  )
( -22  -170  166  )
( 184  2  -241  )
( 0  -60  72  )
( -174  121  141  )
( 147  223  156  )
( -0  -237  -87  )
( -242  -94  -219  )
( -210  237  -22  )
( -246  -114  161  )
( 119  -231  140  )
( -145  134  99  )
( 72  -126  46  )
( -175  -110  169  )
( 233  -144  -6  )
( -99  -85  -81  )
( 187  -88  -76  )
( 33  100  148  )
( -32  134  -203  )
( -217  239  -55  )
( -231  -170  244  )
( 38  -201  115  )
( -13  116  -80  )
( -97  41  156  )
( 68  -60  -123  )
( 112  -48  -175  )
( -107  -201  72  )
( 39  -54  -237  )
( -49  -160  196  )
( 200  69  124  )
( -171  -124  106  )
( 64  18  -34  )
( 21  9  151  )
( -133  79  246  )
( 134  -157  -14  )
( -191  -137  -218  )
( 163  138  -4  )
( 100  147  -227  )
( 129  -3  -199  )
( 152  214  103  )
( 131  -7  1  )
( -226  -206  199  )
( -115  -89  -55  )
( -159  198  -88  )
( -206  241  147  )
( 42  -95  57  )
( 242  201  20  )
( 83  185  243  )
( 149  -216  -113  )
( 54  -56  178  )
( -212  -244  133  )
( 88  29  220  )
( -52  104  -142  )
( -143  -240  38  )
( -65  -185  -231  )
( 145  -34  -31  )
( 136  -14  24  )
( -29  -56  147  )
( 90  24  101  )
( 3  -85  -125  )
( 57  -90  -225  )
( -210  84  165  )
( -174  -217  -28  )
( -218  162  143  )
( 187  -33  -133  )
( 178  -169  182  )
( 182  -77  -114  )
( -37  -6  92  )
( 146  109  247  )
( 188  21  248  )
( -54  7  -64  )
( -202  -171  36  )
( 131  -195  -93  )
( -182  -15  81  )
( -56  121  3  )
( 199  75  -192  )
( -161  -46  69  )
( 60  -121  150  )
( 231  -54  212  )
( -227  179  224  )
( 137  33  105  )
( 15  -160  80  )
( 165  -124  -155  )
( -133  182  93  )
( 213  -4  125  )
( -186  242  15  )
( -215  31  -120  )
( 214  -197  131  )
( 196  100  173  )
( 173  -63  38  )
( -5  -215  -163  )
( -57  -164  -208  )
( 112  214  2  )
( 94  134  2  )
( 120  -5  -198  )
( 241  80  7  )
( 131  -29  -243  )
( -38  -48  -242  )
( -201  10  -226  )
( 152  -22  -86  )
( -45  -164  17  )
( 97  53  3  )
( 181  -6  38  )
( -44  231  165  )
( 168  -43  -187  )
( -217  -236  -195  )
( 203  -60  -44  )
( -139  -81  -70  )
( -205  243  4  )
( 84  -236  -120  )
( -132  -55  1  )
( -241  -132  -23  )
( 212  -243  -9  )
( -99  -129  -189  )
( -117  -6  -66  )
( -172  -148  -37  )
( 94  -35  -92  )
( 101  -210  -130  )
( 200  104  43  )
( 52  -163  -239  )
( 36  88  -5  )
( -216  107  -5  )
( 88  -40  195  )
( -218  -10  -98  )
( 246  -195  -185  )
( -72  22  -139  )
( 164  241  69  )
( 198  170  33  )
( -227  -241  110  )
( -3  94  209  )
( -118  -95  -236  )
( -95  207  -13  )
( -61  -87  -193  )
( 55  -138  219  )
( 157  -214  48  )
( -241  -217  -78  )
( 144  -48  -240  )
( -89  -105  78  )
( -230  238  -159  )
( -115  -103  2  )
( 115  81  130  )
( -73  -85  201  )
( -69  39  224  )
( -75  83  88  )
( -160  -195  -218  )
( -5  27  30  )
( -107  -40  -13  )
( 73  -2  -164  )
( 211  87  -175  )
( 152  134  -86  )
( 200  212  163  )
( -29  -169  232  )
( 77  -121  -142  )
( 51  -245  191  )
( 175  -94  15  )
( 186  71  44  )
( -200  220  -209  )
( -226  -180  83  )
( 178  231  180  )
( -233  -96  38  )
( 130  -192  -36  )
( 1  -103  -125  )
( -108  -127  92  )
( -104  230  75  )
( -165  -21  -101  )
( 96  -106  -74  )
( 121  -199  -80  )
( 226  11  -178  )
( 177  120  -160  )
( -246  130  -206  )
( -56  74  -28  )
( -237  79  11  )
( 184  27  -111  )
( -36  -180  -113  )
( -138  -8  12  )
( -83  -38  -97  )
( -80  125  138  )
( 86  -129  -69  )
( -2  116  -47  )
( -182  37  148  )
( 9  215  -137  )
( 111  23  4  )
( -215  173  -129  )
( 77  -224  164  )
( 79  42  130  )
( 178  -154  -44  )
( -45  208  -233  )
( -116  -123  -11  )
( 61  -157  -240  )
( 174  120  -53  )
( 214  -54  -153  )
( -188  -46  -7  )
( 116  -142  100  )
( -8  118  -101  )
( -190  37  130  )
( -76  238  230  )
( 131  111  151  )
( -215  -142  -190  )
( -245  78  106  )
( -19  -12  -157  )
( 113  199  223  )
( -135  -172  -92  )
( 76  36  -118  )
( -63  -175  203  )
( -172  -198  -231  )
( 155  236  -240  )
( 48  218  -246  )
( -189  -150  1  )
( -85  -199  88  )
( -84  -172  -211  )
( -85  124  129  )
( 43  -196  -36  )
( -83  205  -12  )
( -161  -6  -12  )
( -167  35  -227  )
( 240  -32  -118  )
( 125  -235  -57  )
( 66  -50  177  )
( -224  -171  -168  )
( -10  -226  -0  )
( 140  36  188  )
( -71  208  -151  )
( 85  -117  -46  )
( 82  37  117  )
( 134  -56  -149  )
( 108  50  -151  )
( 112  128  -106  )
( 234  21  127  )
( -248  83  135  )
( 41  10  197  )
( 126  -50  63  )
( 21  -205  -210  )
( 80  148  60  )
( -102  40  -139  )
( 111  -188  -143  )
( 30  85  60  )
( -6  26  3  )
( -45  149  -200  )
( -47  -53  -73  )
( -114  123  -95  )
( -167  53  -224  )
( -150  -139  -186  )
( 131  2  -165  )
( -179  -202  -188  )
( -201  -155  162  )
( -175  -88  -66  )
( 177  -229  36  )
( -90  -129  -57  )
( 164  -152  54  )
( -62  -187  108  )
( -57  -98  169  )
( 209  16  -98  )
( 57  208  -81  )
( 21  -94  -9  )
( 221  -72  -151  )
( 26  -106  -156  )
( 79  6  113  )
( 63  222  30  )
( -159  62  -207  )
( -56  211  -37  )
( -236  -244  -100  )
( -175  -188  15  )
( -33  -166  -28  )
( 36  -11  111  )
( -248  206  80  )
( 18  -104  106  )
( 85  10  174  )
( 42  133  -228  )
( 24  -69  242  )
( 143  16  242  )
( -129  -62  91  )
( -3  33  106  )
( 187  -58  -183  )
( -110  -125  -6  )
( 17  104  -187  )
( 234  -236  -6  )
( -51  -10  166  )
( 246  247  -142  )
( 107  150  223  )
( -150  236  217  )
( 119  34  -109  )
( -53  199  -15  )
( -69  98  247  )
( 143  -216  39  )
( 42  -243  -240  )
( -42  -109  151  )
( 20  -191  -39  )
( -186  -29  -154  )
( 35  239  224  )
( -11  -104  -122  )
( 84  55  -165  )
( 53  -184  156  )
( 42  -195  218  )
( 156  -231  105  )
( -210  -114  -238  )
( 158  45  -116  )
( 31  226  35  )
( 153  36  56  )
( -139  195  228  )
( -127  -31  -114  )
( -93  137  -62  )
( -127  -2  -46  )
( -184  -59  -127  )
( -0  -128  100  )
( 231  -48  243  )
( 167  126  36  )
( -142  -64  -32  )
( -197  -92  -28  )
( 97  -108  -239  )
( 237  223  155  )
( 233  -232  -14  )
( -144  3  -148  )
( -64  -186  195  )
( 121  198  177  )
( -131  23  141  )
( 51  -135  236  )
( -123  229  156  )
( 192  238  -114  )
( -62  127  -79  )
( -131  -0  7  )
( 26  5  -127  )
( -49  219  -157  )
( 248  -81  153  )
( -28  -52  31  )
( 59  -192  37  )
( -125  -189  -158  )
( -101  -221  -78  )
( 231  -191  164  )
( -244  -241  28  )
( 36  168  17  )
( -31  103  -185  )
( -145  120  -173  )
( 10  -200  202  )
( -124  -55  156  )
( 180  -155  124  )
( 13  223  4  )
( -217  -19  -139  )
( 11  -217  131  )
( -203  -183  -233  )
( -155  -169  168  )
( 150  -4  96  )
( 46  47  96  )
( 133  216  20  )
( 54  160  -92  )
( -52  -182  230  )
( -174  57  148  )
( -162  204  -206  )
( 149  234  -81  )
( -199  175  -228  )
( -127  -164  -34  )
( 22  181  -69  )
( -52  160  152  )
( -208  -61  -40  )
( 93  248  -85  )
( -87  -13  -51  )
( 62  -189  112  )
( 186  -184  159  )
( 213  -25  61  )
( 56  -89  -70  )
( 104  185  225  )
( 203  53  -156  )
( -104  36  -89  )
( 152  104  25  )
( -240  -5  -235  )
( 35  27  151  )
( 194  40  208  )
( -103  -182  -228  )
( 95  -242  -139  )
( 100  85  -7  )
( -15  112  225  )
( 223  -59  -246  )
( 46  214  -207  )
( 149  -14  89  )
( -149  64  179  )
( 100  -22  230  )
( -227  -181  -59  )
( -79  143  235  )
( -178  -55  175  )
( -214  141  -135  )
( -65  -199  32  )
( 49  -182  45  )
( -229  -202  211  )
( 143  112  65  )
( -59  48  -239  )
( 212  146  -103  )
( 160  -28  -163  )
( 80  -112  0  )
( -33  34  -109  )
( -117  205  -114  )
( 188  -93  168  )
( 110  -23  193  )
( 77  -85  136  )
( -10  -153  -89  )
( 241  109  -55  )
( 123  -97  207  )
( 246  -230  104  )
( -87  44  88  )
( -41  11  162  )
( -213  -224  222  )
( -41  51  97  )
( 176  109  244  )
( 217  121  129  )
( -207  -109  -83  )
( 89  -155  -168  )
( -95  245  -219  )
( 131  214  -232  )
( -93  177  -124  )
( 235  185  -127  )
( 129  -123  -79  )
( 52  184  59  )
( 217  -74  -94  )
( 37  -237  175  )
( 12  -109  -57  )
( 206  -190  -244  )
( 44  -61  -217  )
( 120  142  -234  )
( -3  -204  87  )
( -216  -155  -173  )
( 51  -207  119  )
( -126  172  119  )
( -44  99  97  )
( 199  125  -111  )
( 66  158  117  )
( -12  152  65  )
( 6  229  124  )
( 192  -105  -220  )
( 213  -107  191  )
( -178  -102  -217  )
( 27  169  247  )
( 89  212  -168  )
( 77  -173  -191  )
( -106  -190  -187  )
( -86  -104  35  )
( -51  157  -149  )
( 112  179  -164  )
( -79  180  -220  )
( 211  -29  -105  )
( -154  -196  244  )
( -65  239  208  )
( -134  208  -118  )
( 72  249  75  )
( -89  -19  23  )
( -249  -14  -145  )
( 18  -84  -96  )
( 92  11  -231  )
( 131  147  -197  )
( -199  17  105  )
( -167  -33  115  )
( -174  -23  -44  )
( 93  -98  21  )
( 24  144  -72  )
( 131  -124  -127  )
( 162  -36  34  )
( 138  133  165  )
( 33  -94  -209  )
( 71  -218  22  )
( -174  -15  -97  )
( -74  -65  -14  )
( -74  -102  205  )
( 155  213  144  )
( 103  -219  63  )
( -54  191  -197  )
( -60  65  -166  )
( -189  -47  146  )
( 29  76  -79  )
( 10  -6  177  )
( -150  204  132  )
( -199  -78  -44  )
( -107  -16  195  )
( 129  -64  160  )
( 132  -112  36  )
( -42  -40  198  )
( 224  -63  178  )
( 164  182  231  )
( -132  118  -110  )
( 210  130  191  )
( 1  -5  4  )
( 158  -249  -30  )
( 142  -170  201  )
( -116  -141  -47  )
( 49  -92  -98  )
( 155  173  -55  )
( -28  -158  -146  )
( -88  -229  -24  )
( 203  -208  -32  )
( -107  82  -183  )
( 220  55  -160  )
( 170  -247  192  )
( 243  38  -45  )
( -39  179  34  )
( 110  164  -108  )
( -245  -103  -148  )
( -74  209  -134  )
( -63  -101  -195  )
( -81  -233  -32  )
( 19  34  215  )
( -67  70  157  )
( -143  -23  -15  )
( -114  -14  -59  )
( -107  -219  175  )
( -34  80  158  )
( 148  -123  181  )
( 234  -21  245  )
( 67  -168  -112  )
( 135  -78  206  )
( 175  -80  -30  )
( -98  104  94  )
( 232  188  -106  )
( 29  221  -189  )
( -87  -96  -121  )
( 114  215  44  )
( -91  211  -39  )
( 21  -28  228  )
( -70  162  147  )
( 34  -32  175  )
( -104  100  149  )
( -114  -15  -59  )
( 36  85  183  )
( -238  -66  -123  )
( -116  -119  227  )
( -9  93  226  )
( -178  -66  191  )
( -16  160  -7  )
( 32  226  43  )
( -248  59  33  )
( -44  19  15  )
( 13  123  122  )
( -233  -64  -190  )
( -199  -83  -28  )
( 194  -219  171  )
( 225  -126  -108  )
( 241  -84  -227  )
( -157  -242  -30  )
( -125  37  100  )
( -35  245  50  )
( -103  238  -102  )
( 223  -39  110  )
( -182  -139  126  )
( 100  168  -111  )
( -246  -180  164  )
( 39  -96  140  )
( -244  52  30  )
( 70  95  65  )
( 175  -149  45  )
( -129  245  63  )
( -127  -100  42  )
( -135  249  -94  )
( 140  133  -126  )
( -216  46  7  )
( -248  -78  -4  )
( 229  -134  149  )
( -222  -242  -207  )
( -18  -241  -184  )
( 131  151  20  )
( -10  -53  -81  )
( -236  175  117  )
( -38  16  229  )
( -157  170  224  )
( 38  91  -178  )
( -226  -126  7  )
( 232  137  -204  )
( 69  109  177  )
( -194  -154  79  )
( 239  195  -181  )
( 13  -12  -65  )
( 153  -99  189  )
( -75  139  88  )
( 118  172  -142  )
( -98  -226  -6  )
( 218  223  -148  )
( 130  -23  144  )
( 133  -92  131  )
( -247  87  74  )
( 191  -122  61  )
( -146  102  -108  )
( 70  95  100  )
( -163  -216  -77  )
( 146  -16  80  )
( 18  -76  -128  )
( -87  -155  -51  )
( -118  185  -96  )
( 4  43  245  )
( -71  -122  -234  )
( -138  -208  96  )
( -10  -244  93  )
( 178  161  241  )
( -149  -23  -152  )
( -120  -112  -168  )
( 129  -22  -226  )
( 43  119  -173  )
( -136  17  73  )
( 82  -194  42  )
( 63  -67  -181  )
( 227  -40  74  )
( 223  -95  -14  )
( -1  -31  168  )
( 231  114  215  )
( -184  -182  -27  )
( 139  222  225  )
( -89  205  -246  )
( -45  -213  28  )
( 8  -76  -5  )
( -244  -88  113  )
( -230  -84  -145  )
( 179  71  -145  )
( 140  -242  -26  )
( -207  195  152  )
( -14  78  155  )
( 127  137  -26  )
( 249  -73  226  )
( -47  78  233  )
( -104  -53  -114  )
( -110  -219  -70  )
( -224  -11  -193  )
( -126  38  64  )
( 22  -235  183  )
( -109  -44  -157  )
( 170  31  206  )
( -98  -4  -95  )
( -110  167  -87  )
( 143  61  167  )
( 48  169  221  )
( 78  65  -9  )
( -186  -143  -149  )
( -32  -96  -225  )
( 32  -196  -137  )
( -238  -41  223  )
( -207  196  -161  )
( 173  74  125  )
( -15  -246  167  )
( 204  -21  -210  )
( -154  25  -41  )
( -98  -118  -33  )
( 168  -162  -40  )
( 224  175  55  )
( 158  -126  -205  )
( 194  -64  32  )
( -199  -179  187  )
( -185  -73  -20  )
( 244  177  -120  )
( -99  -74  199  )
( -27  109  189  )
( -167  -27  243  )
( 238  -52  -25  )
( 192  -205  -6  )
( -71  -156  -42  )
( -160  -26  29  )
( 103  -60  -130  )
( 241  176  231  )
( 175  179  -144  )
( -164  -148  167  )
( -7  5  165  )
( 49  69  13  )
( -123  148  -210  )
( 177  12  -20  )
( 135  182  68  )
( 212  -8  -210  )
( 10  173  -210  )
( 194  -222  180  )
( 68  -137  -142  )
( 194  -100  -135  )
( -42  -48  88  )
( 172  38  -34  )
( 139  -160  172  )
( -116  -183  -19  )
( -185  -121  193  )
( 51  67  -111  )
( 154  212  -44  )
( 105  -65  -116  )
( -172  -50  147  )
( 60  -145  -227  )
( -75  -162  -37  )
( -138  230  95  )
( 129  -162  232  )
( -28  -138  217  )
( 120  10  -104  )
( 189  179  7  )
( -176  131  216  )
( -158  -106  166  )
( 8  -128  116  )
( -72  190  19  )
( -87  91  23  )
( -32  2  -40  )
( 6  -218  192  )
( -71  83  -191  )
( -33  -219  82  )
( 144  145  236  )
( -89  -162  192  )
( 160  182  31  )
( -141  100  3  )
( -187  -20  -94  )
( 203  27  54  )
( -29  -179  242  )
( -5  111  70  )
( 95  120  -45  )
( -192  -18  -61  )
( 105  -8  132  )
( 126  -41  79  )
( -233  12  26  )
( 8  235  -114  )
( -216  -232  -118  )
( -30  -57  -102  )
( 175  -241  90  )
( 67  164  16  )
( 109  -187  97  )
( -206  -46  -215  )
( 8  -169  63  )
( -130  -48  -110  )
( -64  -13  -44  )
( 248  129  -57  )
( 24  65  161  )
( -45  -28  93  )
( -131  42  -62  )
( 67  -6  -134  )
( -63  -122  246  )
( 73  -11  -106  )
( 36  -102  214  )
( 167  206  41  )
( 200  215  216  )
( -112  -247  -71  )
( -147  214  -135  )
( 204  190  -195  )
( 196  244  32  )
( 210  -151  153  )
( -52  202  40  )
( -4  -231  48  )
( 24  -194  67  )
( 45  141  -48  )
( -180  52  174  )
( -157  143  118  )
( -213  135  104  )
( 108  199  105  )
( 163  -105  -154  )
( 193  -145  -209  )
( -0  -56  -27  )
( 193  -36  112  )
( -227  55  -112  )
( -173  75  -176  )
( 143  -194  -49  )
( -34  168  136  )
( 97  166  -116  )
( 178  148  41  )
( -144  -64  -233  )
( 232  47  104  )
( -18  233  88  )
( 75  137  -175  )
( 68  -248  181  )
( 245  41  -50  )
( 160  -220  219  )
( 94  60  -185  )
( 65  139  -103  )
( 157  -178  194  )
( 162  23  158  )
( -76  -182  9  )
( 73  230  72  )
( -179  -36  -70  )
( 24  160  -118  )
( -7  -116  14  )
( 94  21  -98  )
( -44  -161  -222  )
( 159  89  -48  )
( 209  -82  -106  )
( -176  249  78  )
( 64  -149  34  )
( -205  187  120  )
( -156  -114  -143  )
( -144  -244  -178  )
( 146  218  52  )
( -190  234  120  )
( -25  -246  190  )
( 234  -86  1  )
( 122  -198  -197  )
( 126  -89  -104  )
( -235  150  115  )
( 29  185  -209  )
( 51  -109  -114  )
( -17  -114  12  )
( -86  -139  174  )
( -242  -214  41  )
( 201  -137  99  )
( -143  95  -20  )
( 69  -185  -231  )
( -79  137  -112  )
( 185  122  -140  )
( -199  87  -85  )
( -211  77  210  )
( 196  -54  -112  )
( 12  8  -142  )
( -32  -226  175  )
( -70  -206  -239  )
( -201  -188  -64  )
( 100  -192  85  )
( 161  77  -38  )
( 13  -191  -9  )
( -179  60  -222  )
( 7  236  58  )
( 142  -209  208  )
( -182  5  102  )
( 54  210  90  )
( 117  213  -128  )
( -111  -184  -137  )
( -40  -15  -178  )
( -9  -207  -240  )
( 107  89  -128  )
( 232  173  -57  )
( -235  7  17  )
( -97  -129  -191  )
( 97  69  224  )
( -103  9  77  )
( -133  115  89  )
( 192  125  -127  )
( 135  66  -26  )
( 29  60  -241  )
( 249  100  -61  )
( 140  -221  70  )
( -179  -176  56  )
( 184  175  3  )
( 75  213  -36  )
( -107  -174  -165  )
( 218  -92  201  )
( -207  144  234  )
( -99  139  -94  )
( -56  -6  -132  )
( -5  -208  -12  )
( -65  153  107  )
( 185  -144  130  )
( 39  88  -174  )
( 220  -112  -76  )
( 70  69  -72  )
( 112  -107  -150  )
( -208  112  231  )
( 131  119  -78  )
( -140  182  -55  )
( 105  148  37  )
( -214  20  -90  )
( 44  138  -110  )
( 53  -120  -73  )
( 115  216  -165  )
( 236  -248  -176  )
( 21  -230  73  )
( 109  -102  -88  )
( -195  44  77  )
( 78  141  -195  )
( -243  -2  23  )
( 173  59  169  )
( 237  -128  -34  )
( 118  199  -211  )
( 192  27  9  )
( 143  -75  173  )
( 182  -201  -41  )
( -99  -73  78  )
( 92  -17  -74  )
( 139  41  193  )
( -182  213  238  )
( 196  141  -79  )
( 109  44  166  )
( -222  127  -36  )
( -161  122  -170  )
( -94  38  24  )
( 140  11  -139  )
( -75  -198  247  )
( -18  -21  -105  )
( -78  -112  110  )
( -112  -84  -96  )
( -208  -148  -170  )
( -40  -213  184  )
( -194  110  -201  )
( -67  245  -20  )
( -150  -149  112  )
( -26  197  70  )
( -140  69  12  )
( 199  168  10  )
( 140  145  34  )
( -20  -98  175  )
( -222  -44  38  )
( -69  56  92  )
