( -171  -134  77  )
( 165  -168  30  )
( -106  -180  -76  )
( 141  -99  -18  )
( 143  241  113  )
( -228  -236  -96  )
( -99  138  -107  )
( -85  173  83  )
( -217  35  -6  )
( -175  -88  -122  )
( 228  -52  36  )
( -33  37  -205  )
( 142  223  121  )
( -155  241  -205  )
( -62  -124  208  )
( -185  -58  -34  )
( 10  -132  247  )
( -232  -22  -145  )
( 172  83  -41  )
( 124  230  -0  )
( 243  154  18  )
( -135  -217  -152  )
( 214  246  -92  )
( 205  142  -96  )
( -187  -35  -81  )
( -211  190  -138  )
( 176  -46  -114  )
( -161  200  126  )
( -168  188  92  )
( 48  54  153  )
( -23  32  -202  )
( -118  -238  85  )
( -49  -149  79  )
( -3  -245  -72  )
( 115  111  -181  )
( -17  -194  -6  )
( -184  224  24  )
( -210  74  -134  )
( -122  117  -235  )
( 209  25  143  )
( 146  167  -219  )
( -127  57  208  )
( 100  22  -8  )
( 101  -228  -94  )
( 72  235  -97  )
( 135  -185  11  )
( -202  -184  224  )
( 100  230  53  )
( -21  -113  180  )
( 98  147  -90  )
( 43  -94  222  )
( 194  243  -211  )
( -54  -209  -243  )
( 218  207  -112  )
( 4  101  34  )
( -219  228  206  )
( 200  -240  -178  )
( -138  33  199  )
( -191  94  -147  )
( 173  -31  -71  )
( -164  -248  -214  )
( -8  63  -92  )
( 29  227  -225  )
( -145  -157  245  )
( -164  -222  -28  )
( -55  118  -105  )
( -169  -86  -12  )
( 184  105  3  )
( -141  -30  -236  )
( 121  -74  91  )
( 161  204  85  )
( 25  127  -131  )
( 176  -114  59  )
( 46  102  30  )
( -66  -167  -40  )
( -229  105  -204  )
( 133  79  129  )
( -189  93  97  )
( 220  71  123  )
( -106  -70  146  )
( -162  -55  -121  )
( -167  -2  247  )
( 139  42  236  )
( -57  -186  -144  )
( 80  97  86  )
( 49  168  -126  )
( 106  -196  -98  )
( 70  -215  18  )
( -122  -89  109  )
( 51  37  -9  )
( 24  21  -38  )
( -66  -197  97  )
( 27  -135  104  )
( -176  -170  159  )
( -57  45  117  )
( -147  -235  -123  )
( 118  153  228  )
( 170  -12  -65  )
( 160  156  -228  )
( -203  -221  -70  )
( 239  -164  108  )
( 44  -20  -184  )
( -249  -205  11  )
( 52  219  -114  )
( -174  190  66  )
( -75  -47  -212  )
( -232  171  -41  )
( -139  -68  -208  )
( -112  34  70  )
( 64  12  -140  )
( -164  -80  -34  )
( -117  71  -175  )
( 50  -140  -245  )
( -210  -53  -237  )
( -200  -1  83  )
( 216  -213  49  )
( -174  200  -88  )
( 233  -214  114  )
( -183  -115  11  )
( 193  231  -224  )
( 180  226  -36  )
( 208  -234  200  )
( 78  99  -4  )
( -213  104  -224  )
( 104  -173  75  )
( -148  -228  -219  )
( -44  245  -0  )
( 54  -148  -121  )
( 242  -90  164  )
( -177  239  -148  )
( 185  219  244  )
( 184  244  109  )
( 91  -241  -184  )
( 246  39  -41  )
( 164  8  -174  )
( -174  147  -179  )
( -58  160  162  )
( 201  -47  140  )
( -176  -247  81  )
( -189  182  -233  )
( -176  26  -140  )
( -195  -241  -162  )
( 13  -193  -31  )
( -157  -182  -220  )
( -63  -85  189  )
( 13  151  197  )
( -115  -244  139  )
( -245  12  -57  )
( 13  213  51  )
( 176  -71  -45  )
( 181  -230  -206  )
( -136  -236  225  )
( -237  202  113  )
( 151  156  -26  )
( -180  11  26  )
( 58  41  208  )
( -221  148  71  )
( -143  -121  113  )
( 63  175  32  )
( -113  -168  159  )
( -5  227  -152  )
( -38  56  211  )
( -184  75  -235  )
( 4  106  -159  )
( -247  182  -136  )
( 159  -54  -156  )
( -38  -10  191  )
( 246  55  205  )
( -15  -241  -113  )
( 213  82  -123  )
( 31  -88  4  )
( -50  -161  157  )
( 3  -160  58  )
( 200  8  -206  )
( 72  -172  21  )
( 14  -141  77  )
( 135  -214  -20  )
( -167  28  165  )
( -74  -224  -167  )
( -166  224  -127  )
( -90  -177  20  )
( -81  -17  44  )
( -126  158  -242  )
( -69  -17  133  )
( -176  -164  203  )
( -217  191  98  )
( 145  227  213  )
( -24  167  93  )
( -227  207  142  )
( -6  -191  57  )
( 189  244  -83  )
( 201  -179  191  )
( 86  93  247  )
( -213  86  -138  )
( -28  155  -120  )
( -85  124  233  )
( 102  -17  -42  )
( 245  -98  -63  )
( 8  147  -126  )
( -94  -150  161  )
( -245  171  -99  )
( -104  173  -237  )
( 166  185  68  )
( -228  -134  149  )
( -35  208  94  )
( 44  -156  73  )
( -90  113  138  )
( 217  -232  -33  )
( -197  158  -86  )
( -126  229  -222  )
( 156  33  213  )
( -86  -100  -170  )
( 13  247  -161  )
( 242  -35  -165  )
( 106  78  -141  )
( -71  70  -62  )
( -22  216  -108  )
( 121  218  -152  )
( -192  218  100  )
( 242  -102  56  )
( -115  38  -96  )
( -101  195  -202  )
( 134  235  93  )
( -46  -131  208  )
( -184  -102  -171  )
( 47  -173  -35  )
( 21  -140  -171  )
( -241  -249  216  )
( 182  -156  -55  )
( -160  -31  -128  )
( -242  -152  -119  )
( 212  54  -51  )
( 247  -149  -120  )
( -69  -148  72  )
( 182  164  140  )
( -93  123  70  )
( -184  189  247  )
( 100  120  -178  )
( -43  -105  244  )
( 78  190  238  )
( -132  244  -117  )
( -104  -57  -52  )
( 173  -71  239  )
( 157  7  -8  )
( -62  16  -113  )
( 149  -148  215  )
( -80  185  -90  )
( 29  -229  -89  )
( 182  -9  -168  )
( 17  153  -203  )
( 128  -109  -214  )
( 3  219  66  )
( 164  58  -213  )
( 204  80  119  )
( 231  78  134  )
( 56  -82  156  )
( -97  71  -128  )
( 231  -15  -185  )
( 3  127  111  )
( 124  -5  6  )
( 20  -182  -200  )
( -103  185  -200  )
( -46  78  -114  )
( -146  -16  204  )
( -134  -32  247  )
( -126  -41  145  )
( 176  188  -31  )
( 223  212  -76  )
( -133  -49  -182  )
( -191  -138  12  )
( -149  47  196  )
( 220  75  80  )
( 36  221  166  )
( -18  -183  -148  )
( -22  -72  29  )
( -26  -114  -226  )
( 39  -108  -145  )
( -114  -128  163  )
( 101  189  -28  )
( 30  -143  -181  )
( 176  -74  -13  )
( -241  89  -25  )
( 102  -224  -223  )
( 69  -159  56  )
( 235  -127  199  )
( -70  -132  -109  )
( -239  228  80  )
( 230  -72  209  )
( -206  -25  -223  )
( 28  181  -18  )
( 193  -25  101  )
( -103  77  -221  )
( 12  -97  229  )
( 141  -209  215  )
( -47  103  -149  )
( 163  -8  189  )
( 87  -99  -104  )
( 239  145  5  )
( 30  43  -124  )
( 181  129  -128  )
( 188  157  -201  )
( 152  -88  204  )
( 111  226  -186  )
( 35  -238  171  )
( 31  -166  51  )
( -78  191  186  )
( 86  -12  -213  )
( -170  -55  -119  )
( 114  -70  -167  )
( -187  19  -113  )
( 165  179  -119  )
( 216  -12  -244  )
( -201  120  71  )
( -146  -109  180  )
( 214  52  -204  )
( 237  44  155  )
( -207  -161  -171  )
( 93  19  -143  )
( -138  -238  130  )
( -79  215  15  )
( -102  168  19  )
( -183  129  208  )
( 23  90  181  )
( -22  58  232  )
( 32  13  145  )
( -192  247  143  )
( -7  196  -1  )
( -116  224  72  )
( -36  129  -91  )
( 167  -101  -80  )
( -98  148  -155  )
( -218  43  91  )
( -147  159  85  )
( 127  -182  -121  )
( -138  -30  -189  )
( 98  112  122  )
( 51  186  -136  )
( -184  177  -151  )
( 124  -161  208  )
( -230  202  145  )
( -112  61  101  )
( -64  -204  -106  )
( -46  72  174  )
( 189  -181  104  )
( 46  -20  -228  )
( 208  -42  0  )
( 173  229  121  )
( 62  248  -235  )
( -32  -1  -38  )
( -220  -52  180  )
( 223  204  -241  )
( -40  210  -81  )
( -230  66  -208  )
( -56  -49  26  )
( 27  128  -159  )
( 36  -238  -96  )
( 13  -45  -35  )
( -165  141  168  )
( 86  196  -21  )
( 46  36  139  )
( 124  202  97  )
( -122  38  -199  )
( -162  69  -138  )
( -74  106  -171  )
( 240  -52  90  )
( 5  141  237  )
( -240  -114  -45  )
( 192  249  -157  )
( 24  -171  -7  )
( 70  -49  -132  )
( -74  56  -236  )
( 246  170  244  )
( -238  64  -95  )
( 56  236  130  )
( -13  -164  221  )
( 72  123  -84  )
( -128  -45  -124  )
( 125  179  -187  )
( 40  -59  188  )
( -78  -44  -62  )
( 115  -153  210  )
( -168  207  141  )
( -55  67  -167  )
( 186  -68  -187  )
( -188  -228  -98  )
( -202  -151  -189  )
( 123  204  -82  )
( -207  -148  113  )
( 63  -8  -39  )
( 91  -18  -168  )
( -118  36  -230  )
( -29  244  -177  )
( -127  63  -95  )
( -249  174  228  )
( -229  -212  -183  )
( 113  -70  22  )
( 68  164  172  )
( 26  -104  202  )
( -25  164  -130  )
( 211  6  139  )
( 202  -61  182  )
( 126  -222  94  )
( 245  -110  -107  )
( -42  -151  -53  )
( 131  244  -42  )
( 28  89  68  )
( -62  219  -58  )
( 67  176  28  )
( 76  27  69  )
( 62  -228  -207  )
( 10  93  181  )
( 113  82  -90  )
( -136  -37  -63  )
( -33  117  119  )
( 8  -123  61  )
( 219  44  -82  )
( -175  121  84  )
( -23  12  -107  )
( 185  -132  -65  )
( 81  -161  -152  )
( 129  90  -165  )
( -13  182  17  )
( 235  240  -205  )
( 57  174  -223  )
( -197  -180  87  )
( 164  -61  -216  )
( 143  -96  -74  )
( 107  20  -11  )
( -71  117  68  )
( 172  -206  197  )
( 220  -4  -197  )
( 73  -169  -158  )
( -205  -90  -34  )
( 229  -159  -52  )
( -85  -131  -28  )
( 48  43  -212  )
( -183  243  204  )
( -133  -214  149  )
( -160  -72  135  )
( -223  -9  56  )
( -132  173  143  )
( -165  -142  -3  )
( 86  11  -116  )
( 114  181  -124  )
( -46  -145  -3  )
( 57  -105  175  )
( 85  -195  -60  )
( 162  166  -213  )
( -170  248  35  )
( -72  -176  17  )
( 35  -18  194  )
( 207  233  -37  )
( -81  -90  189  )
( -58  -186  95  )
( 233  148  -175  )
( -33  -186  -0  )
( -220  -162  -48  )
( 246  226  214  )
( -64  -75  -222  )
( 38  96  -122  )
( 67  26  44  )
( -98  -71  93  )
( 163  128  -9  )
( -189  -28  138  )
( -162  -199  104  )
( 112  -196  28  )
( 200  -103  162  )
( -180  233  81  )
( 184  -152  34  )
( -182  -202  31  )
( 205  -200  -203  )
( -215  -59  -127  )
( 40  154  -49  )
( 194  129  -26  )
( 151  158  -227  )
( -11  241  159  )
( 214  -125  221  )
( 127  86  -197  )
( -232  209  -164  )
( -9  -231  -155  )
( 149  18  150  )
( -169  236  -32  )
( -112  -116  -208  )
( 121  105  -55  )
( -218  228  20  )
( 216  178  8  )
( -15  13  182  )
( 142  -46  109  )
( -79  170  -68  )
( 124  125  -240  )
( 16  178  -185  )
( -81  -37  -135  )
( -247  189  37  )
( -240  59  17  )
( -226  18  76  )
( 178  67  217  )
( -218  -236  136  )
( 91  -186  -66  )
( 77  -231  -206  )
( 130  -37  112  )
( -247  -53  113  )
( 73  178  -146  )
( 223  -69  75  )
( -54  33  -90  )
( 13  41  -142  )
( 233  -65  113  )
( -94  208  -144  )
( 61  78  -104  )
( -155  -147  4  )
( -7  -60  128  )
( -67  -124  -130  )
( -60  55  -245  )
( -65  79  16  )
( -45  -139  -10  )
( -168  -209  -171  )
( 4  -23  43  )
( 180  -205  -46  )
( -32  120  -40  )
( -12  105  -168  )
( 208  -192  120  )
( 43  122  -175  )
( -96  20  -209  )
( -90  59  -175  )
( 219  207  243  )
( 98  -190  -115  )
( 207  -28  -144  )
( -82  -231  132  )
( -206  152  -185  )
( -239  -101  180  )
( 213  -195  -217  )
( -114  -150  -29  )
( 52  -209  -14  )
( -59  -161  -232  )
( -77  -163  -21  )
( -113  100  124  )
( 59  -169  -178  )
( -80  181  -164  )
( 84  -20  247  )
( -179  -206  4  )
( -171  -16  222  )
( -122  -114  -6  )
( -116  -209  -112  )
( 47  195  45  )
( -12  133  -161  )
( -51  -165  -215  )
( 149  174  -1  )
( 94  -170  -219  )
( 129  155  236  )
( 187  30  -119  )
( -65  -50  -94  )
( -244  151  -184  )
( 96  -24  204  )
( 96  -115  37  )
( -170  243  -67  )
( 12  -238  -66  )
( -94  35  57  )
( 6  -189  190  )
( 66  -209  16  )
( 154  -142  -29  )
( -38  93  -145  )
( 18  -165  -127  )
( 38  -45  -212  )
( -140  -234  -10  )
( 101  -81  -73  )
( -83  66  119  )
( -220  -159  69  )
( -65  -37  41  )
( -134  -190  -25  )
( 35  -108  -145  )
( -187  -56  123  )
( 129  -96  -7  )
( 124  171  223  )
( -78  -126  106  )
( -141  27  -104  )
( -70  209  -62  )
( -86  -199  -213  )
( -229  -127  -107  )
( 170  -162  87  )
( 154  137  -220  )
( 224  232  81  )
( -89  -78  -164  )
( -206  -104  -124  )
( -34  189  142  )
( 62  -115  -82  )
( 24  -75  -84  )
( 143  -205  181  )
( -235  -44  176  )
( 9  131  -75  )
( -241  -154  29  )
( -37  21  36  )
( 177  124  -58  )
( 51  98  -167  )
( 26  -115  45  )
( 30  94  -150  )
( -10  217  81  )
( 13  127  51  )
( -211  -73  14  )
( 162  -213  236  )
( 204  -212  -167  )
( -233  46  93  )
( 216  6  224  )
( -163  66  99  )
( -227  37  216  )
( 67  -199  -167  )
( 226  -181  92  )
( -84  80  -71  )
( 121  -146  217  )
( 6  -35  213  )
( -218  47  191  )
( -64  -63  -55  )
( -7  171  115  )
( -4  -0  49  )
( 141  193  -157  )
( 76  -136  -16  )
( -133  -160  -157  )
( 218  -104  -159  )
( 112  243  -12  )
( -234  -134  -231  )
( -238  -25  43  )
( -59  -153  196  )
( 239  -68  -57  )
( 159  95  64  )
( 71  -237  -196  )
( 180  -157  130  )
( 136  -83  222  )
( -193  -169  86  )
( 93  86  -177  )
( 189  -65  27  )
( -80  -109  -43  )
( -222  -154  194  )
( -33  -241  26  )
( 240  -108  189  )
( -88  69  99  )
( 101  99  146  )
( -241  182  31  )
( 11  53  84  )
( 160  19  64  )
( -133  209  -25  )
( -73  180  -77  )
( -41  -94  -150  )
( 65  -90  216  )
( -149  215  -221  )
( 6  -114  227  )
( 146  -27  -116  )
( -227  111  -10  )
( -232  -79  93  )
( -170  166  -177  )
( 148  200  -13  )
( 112  -164  215  )
( 76  -8  208  )
( 0  127  -131  )
( 42  54  198  )
( 154  -216  -92  )
( 129  51  13  )
( 166  229  54  )
( -81  186  196  )
( -0  190  -182  )
( 36  238  -34  )
( -46  -102  194  )
( -206  -50  -124  )
( -108  163  -79  )
( -86  -65  223  )
( -135  100  -225  )
( -193  -195  14  )
( 249  13  -87  )
( 238  104  -230  )
( -98  -149  -131  )
( 191  94  -198  )
( 172  200  -211  )
( 79  -36  200  )
( -13  -225  -158  )
( 243  184  95  )
( 142  149  77  )
( 177  67  195  )
( 36  68  -154  )
( 195  129  41  )
( -7  -200  19  )
( -193  -96  71  )
( -183  90  241  )
( 82  184  193  )
( 73  -139  31  )
( -126  208  -155  )
( -135  82  137  )
( -228  39  110  )
( 125  58  172  )
( 30  31  -246  )
( 48  236  -197  )
( 221  75  66  )
( 190  -173  -166  )
( -111  77  -15  )
( 74  -194  -122  )
( 138  -189  231  )
( 69  89  31  )
( 131  218  64  )
( 41  -221  -71  )
( 10  -86  80  )
( 212  71  79  )
( 180  -228  150  )
( 171  141  -33  )
( -120  121  131  )
( 178  -97  26  )
( 99  -90  -240  )
( -113  182  -61  )
( 218  210  -151  )
( 53  14  106  )
( 132  22  206  )
( 216  -151  -146  )
( 207  -62  -215  )
( 102  172  -45  )
( 211  210  -145  )
( -91  -17  -106  )
( 215  89  13  )
( -208  115  -155  )
( 248  92  -119  )
( 160  230  -225  )
( 134  -224  -159  )
( 109  -9  180  )
( -206  -36  -243  )
( -232  -79  -185  )
( 177  199  -236  )
( -241  -94  -235  )
( 237  -248  64  )
( 146  218  79  )
( 159  -28  190  )
( 195  179  -4  )
( -189  88  110  )
( 90  235  185  )
( -135  -80  -201  )
( 39  -28  236  )
( -106  155  212  )
( -215  -226  -3  )
( 194  123  118  )
( 190  -119  -134  )
( -81  -169  -210  )
( -87  41  18  )
( -109  207  -37  )
( -190  -172  -1  )
( 239  59  -143  )
( -134  200  31  )
( -30  -75  18  )
( 174  37  -175  )
( -148  52  47  )
( -41  -7  36  )
( -217  26  144  )
( -169  209  4  )
( 230  -240  -169  )
( -84  118  -240  )
( 88  -6  -16  )
( 40  -171  -175  )
( -67  192  -130  )
( 220  -244  163  )
( -14  121  30  )
( 89  79  184  )
( 181  233  158  )
( 26  -53  149  )
( -249  26  -29  )
( -183  -109  226  )
( 85  166  130  )
( 239  240  45  )
( -224  -147  -25  )
( 113  88  235  )
( -152  17  57  )
( 97  87  60  )
( -43  247  -93  )
( -76  -19  -209  )
( 123  198  -145  )
( 7  -9  -155  )
( -75  149  131  )
( -18  236  243  )
( 154  141  85  )
( -43  84  25  )
( -235  141  75  )
( -19  124  26  )
( 156  192  72  )
( 242  80  75  )
( 188  -159  2  )
( -193  116  38  )
( 110  171  -75  )
( -104  -216  -109  )
( -64  202  -102  )
( -45  137  -0  )
( -20  22  154  )
( 47  81  163  )
( 246  -8  -136  )
( -32  205  -123  )
( -112  236  -38  )
( -137  142  124  )
( -102  -98  -99  )
( 199  204  -197  )
( -208  103  -194  )
( -139  234  -52  )
( -70  -129  68  )
( 235  -25  -147  )
( -138  -128  212  )
( 167  -5  47  )
( 200  -173  -89  )
( 5  -229  -149  )
( -219  -100  -166  )
( 83  -139  -79  )
( -185  95  -49  )
( -180  -50  -199  )
( -178  120  -46  )
( 144  -174  203  )
( 18  121  -218  )
( 77  -182  53  )
( -100  89  -219  )
( -85  -57  12  )
( 25  -11  -87  )
( 11  -181  -32  )
( 107  46  240  )
( -10  -177  143  )
( 243  -191  -146  )
( -235  -169  66  )
( -54  123  157  )
( -166  131  224  )
( 161  118  -55  )
( 32  -163  -159  )
( 67  -1  -70  )
( -194  248  -125  )
( 124  75  -130  )
( -59  73  -130  )
( 138  67  127  )
( -248  -23  -53  )
( -25  151  -204  )
( -169  -209  -198  )
( -195  220  155  )
( -89  201  -217  )
( -89  97  -204  )
( 47  -28  -163  )
( -150  -42  -159  )
( -183  2  170  )
( 238  -169  -145  )
( 237  -155  53  )
( 209  -149  49  )
( -175  57  147  )
( -52  231  145  )
( -45  -178  -57  )
( 11  10  -33  )
( 187  18  80  )
( 42  -166  -35  )
( -62  169  109  )
( 223  -84  -105  )
( 80  10  156  )
( -101  -156  200  )
( 18  175  -209  )
( 232  248  0  )
( -148  -54  -2  )
( -8  -186  131  )
( 36  236  -227  )
( 200  187  -201  )
( 90  -191  -198  )
( 82  -101  93  )
( -72  139  119  )
( 20  8  113  )
( 219  -85  -98  )
( 234  33  -96  )
( -132  -37  89  )
( 106  -39  -130  )
( -227  -182  -44  )
( 14  129  168  )
( -14  107  -243  )
( -183  -92  161  )
( 118  -48  -114  )
( -189  21  179  )
( -133  -26  145  )
( -74  31  36  )
( -181  -165  247  )
( -212  126  52  )
( 205  -98  236  )
( 207  -3  148  )
( 164  -227  -18  )
( 29  145  60  )
( -93  62  -1  )
( 162  -125  -18  )
( -24  46  19  )
( -3  144  -135  )
( -160  -95  -87  )
( 112  220  -245  )
( -54  -95  -67  )
( 105  -79  -208  )
( 56  13  -207  )
( -86  -137  -121  )
( -120  -25  119  )
( 23  -27  231  )
( -184  22  89  )
( -232  148  -84  )
( -31  -20  224  )
( 145  165  -209  )
( -108  225  52  )
( -190  -171  -135  )
( 234  -51  -113  )
( -30  209  -116  )
( 144  57  161  )
( 187  -55  54  )
( -132  -199  168  )
( -161  198  122  )
( -249  77  195  )
( -23  33  144  )
( -42  -85  231  )
( 180  190  -48  )
( 196  191  -199  )
( -181  196  -7  )
( 100  -239  -71  )
( -185  244  -7  )
( -158  -168  221  )
( 43  212  163  )
( 185  11  -62  )
( -164  151  18  )
( 19  68  -53  )
( 69  -103  121  )
( 133  -224  -175  )
( 106  28  -11  )
( 117  206  -29  )
( -87  -142  98  )
( 220  -30  229  )
( 188  -127  3  )
( 204  27  228  )
( 220  8  58  )
( 132  65  12  )
( -119  188  -77  )
( 194  238  85  )
( 93  -100  -19  )
( 178  -184  -193  )
( -210  -118  -160  )
( 208  -202  177  )
( -51  236  75  )
( 29  20  60  )
( -167  13  -101  )
( -148  48  193  )
( 73  231  245  )
( 57  144  -59  )
( 231  -126  -147  )
( -155  -180  187  )
( 104  -187  73  )
( -149  55  237  )
( -152  -232  -70  )
( 160  10  -158  )
( -177  -139  -2  )
( 52  -33  19  )
( -211  119  156  )
( -20  -160  -15  )
( -158  210  -109  )
( 146  176  210  )
( 61  147  -200  )
( 108  198  -37  )
( -77  -185  227  )
( 167  -143  -221  )
( 129  180  -126  )
( 78  196  1  )
( -107  -153  211  )
( -90  -67  0  )
( 46  102  -96  )
( 227  47  6  )
( 242  -248  -44  )
( -156  214  12  )
( 197  53  -236  )
( -160  -156  -51  )
( 75  -68  -121  )
( -226  -83  34  )
( 182  110  -30  )
( 188  -70  -220  )
( 129  6  -43  )
( -29  58  -143  )
( -54  157  189  )
( 118  113  140  )
( 61  -1  35  )
( -248  -72  -125  )
( -171  65  -133  )
( -236  -122  -188  )
( 5  -88  -207  )
( 75  -17  -94  )
( 164  228  -67  )
( -102  -39  -139  )
( -109  -90  175  )
( 42  -151  43  )
( -97  -75  -197  )
( -5  155  -10  )
( 83  187  152  )
( 199  -48  -102  )
( -135  220  -213  )
( 156  -213  54  )
( 69  51  15  )
( -114  -175  231  )
( -3  -31  -178  )
( -151  185  -56  )
( 25  -85  51  )
( 232  4  -181  )
( 184  168  -57  )
( -85  -122  -36  )
( 190  -153  114  )
( -22  -166  -123  )
( 96  45  -2  )
( -210  120  206  )
( 180  126  71  )
( 240  -182  199  )
( -227  76  10  )
( -73  -148  -214  )
( 46  59  68  )
( 73  -90  -63  )
( 174  198  107  )
( -244  -146  115  )
( -8  58  -217  )
( 196  33  82  )
( -31  -82  248  )
( -21  237  103  )
( -109  -117  144  )
( -89  -78  -132  )
( 211  -13  182  )
( -108  -7  -109  )
( -151  180  -68  )
( -63  241  -38  )
( -111  -101  -6  )
( -149  -57  10  )
( -189  -136  -227  )
( -113  -152  25  )
( -235  55  53  )
( -93  158  58  )
( -71  50  -227  )
( 225  196  -231  )
( 171  -94  115  )
( -181  -147  -23  )
( -233  -19  -107  )
( -33  -118  89  )
( -115  157  14  )
( -62  7  118  )
( -140  229  -52  )
( -97  -164  181  )
( -11  -201  96  )
( 159  160  77  )
( -101  185  71  )
( 172  65  26  )
( -0  -137  21  )
( -145  70  -125  )
( 42  -19  227  )
( 223  243  28  )
( 71  -31  -246  )
( -148  18  -114  )
( -224  -9  -156  )
( 118  89  -61  )
( -128  236  153  )
( -136  53  130  )
( -27  54  86  )
( 76  26  79  )
( 62  240  -239  )
( 44  220  126  )
( 77  -175  30  )
( -42  206  -96  )
( 145  230  142  )
( 103  35  -203  )
( 127  -176  -8  )
( -91  -212  176  )
( 200  -171  232  )
( 112  -201  62  )
( 97  -168  -187  )
( 11  0  -12  )
( 245  -154  -87  )
( 140  -97  -117  )
( 96  23  7  )
( 56  57  -72  )
( 74  122  31  )
( 61  222  -165  )
( 112  -4  -145  )
( 66  117  -132  )
( -24  8  -208  )
( 190  167  -186  )
( -189  88  -46  )
( -94  -169  -5  )
