( 107  -65  -80  )
( -166  -65  -41  )
( 241  -118  115  )
( 205  -224  -67  )
( 134  -95  191  )
( -34  156  -18  )
( 239  -71  132  )
( 50  117  166  )
( 38  -65  186  )
( 163  205  -52  )
( -83  -212  46  )
( -75  -219  -156  )
( -215  -140  -206  )
( -115  -60  -104  )
( 210  182  -180  )
( -179  -122  -93  )
( -55  -103  -189  )
( -157  97  124  )
( -129  -86  -239  )
( 84  167  168  )
( 126  108  -182  )
( 187  -150  213  )
( 97  -108  90  )
( 190  192  -99  )
( -212  -219  -161  )
( 109  -156  61  )
( -171  -155  230  )
( 81  24  -16  )
( -65  -118  -198  )
( -18  21  -39  )
( 82  -71  -180  )
( 169  -67  99  )
( -105  192  -38  )
( 110  -10  -48  )
( -21  -226  -118  )
( 53  -127  216  )
( -109  -40  69  )
( 229  3  -53  )
( -192  -234  36  )
( -80  -30  189  )
( 87  113  -4  )
( 177  -125  172  )
( 36  -231  -10  )
( -22  -9  -113  )
( -240  196  50  )
( 109  -76  -35  )
( 78  102  95  )
( 50  -243  -163  )
( 237  60  223  )
( 229  102  -4  )
( -129  -96  -245  )
( 165  223  -85  )
( 239  220  -94  )
( 151  -162  156  )
( 133  100  -21  )
( 249  136  186  )
( 200  83  -79  )
( -87  -167  -94  )
( 234  -152  217  )
( 130  46  189  )
( 170  -60  -241  )
( -142  58  -180  )
( -190  51  210  )
( -12  2  25  )
( 28  -128  188  )
( -27  -118  128  )
( 95  18  132  )
( -162  37  38  )
( -212  -155  -247  )
( 82  6  235  )
( -82  131  244  )
( 64  -42  37  )
( 27  134  -12  )
( -174  224  -14  )
( 119  61  -0  )
( 233  195  -164  )
( 160  63  -118  )
( 241  -18  24  )
( -8  41  76  )
( -103  46  -237  )
( -99  -5  -203  )
( 12  -216  201  )
( 206  209  -124  )
( -131  -178  97  )
( -86  141  -175  )
( -182  93  -198  )
( -96  53  68  )
( 41  168  63  )
( -173  123  114  )
( -98  -74  -159  )
( 207  -180  143  )
( -6  -8  -127  )
( -214  -204  100  )
( 50  48  -74  )
( 150  28  -176  )
( -123  -187  161  )
( 102  196  -214  )
( 32  237  243  )
( -129  -169  -108  )
( -227  71  -171  )
( 100  224  -218  )
( -0  82  160  )
( 34  -107  164  )
( -141  -236  -64  )
( -181  42  103  )
( 219  -24  -27  )
( -242  30  54  )
( 59  15  -246  )
( 239  -73  16  )
( -145  -91  155  )
( -163  -221  67  )
( -42  -185  34  )
( -10  179  156  )
( 164  219  48  )
( -101  -171  -62  )
( 90  -61  73  )
( 72  47  -242  )
( 232  -193  -25  )
( 123  135  102  )
( -112  -202  -123  )
( -133  -145  -62  )
( 241  129  -77  )
( 21  130  178  )
( 235  149  39  )
( 209  185  -124  )
( 147  99  -242  )
( -119  -194  202  )
( 239  92  51  )
( -157  -195  -178  )
( 72  114  -222  )
( 92  204  130  )
( -65  44  82  )
( 242  -14  -52  )
( -168  149  186  )
( 231  -102  -0  )
( -58  223  29  )
( 60  110  66  )
( -244  -122  -45  )
( 46  -169  -114  )
( 46  115  230  )
( 241  -205  -90  )
( -25  -243  -219  )
( -93  202  190  )
( 167  -148  -52  )
( 219  -246  181  )
( 125  -25  -205  )
( -9  13  -249  )
( -152  115  43  )
( 231  -115  -143  )
( 16  -97  159  )
( 233  219  -111  )
( 190  200  -101  )
( -58  -246  -167  )
( 183  -151  -84  )
( -6  40  -220  )
( 159  114  -66  )
( -145  139  238  )
( -77  -115  -31  )
( -88  147  60  )
( -47  3  -210  )
( -209  202  3  )
( -14  -28  216  )
( -141  63  -200  )
( 36  100  137  )
( 150  122  -167  )
( 145  -188  -205  )
( 129  234  -122  )
( -72  -212  140  )
( 169  -88  126  )
( -195  -151  -163  )
( -220  -58  -107  )
( -30  58  138  )
( 25  -136  -45  )
( -9  117  116  )
( -105  58  172  )
( 37  -74  134  )
( 155  190  128  )
( -159  -201  -103  )
( 160  89  -152  )
( -139  -185  -205  )
( -213  16  174  )
( -88  -73  237  )
( 202  26  -41  )
( -185  245  -73  )
( -73  -100  -185  )
( -210  174  -45  )
( 22  -104  16  )
( 38  248  130  )
( -26  -78  108  )
( -52  93  -39  )
( 98  -58  -123  )
( 182  4  155  )
( 190  152  19  )
( 195  225  161  )
( -225  97  -101  )
( 163  -159  95  )
( -39  224  104  )
( 145  95  72  )
( 104  -191  -133  )
( 233  -242  11  )
( -64  246  -136  )
( -17  -86  10  )
( -41  10  -137  )
( -89  5  -76  )
( 10  141  -80  )
( -141  99  -146  )
( 147  2  134  )
( 77  -57  -20  )
( 196  140  150  )
( 246  127  -65  )
( 175  29  97  )
( 184  -79  -25  )
( 192  127  -155  )
( 100  -190  -45  )
( -169  -164  175  )
( 141  -39  -154  )
( 229  -226  78  )
( -141  29  -242  )
( 55  -95  192  )
( -94  163  152  )
( 79  103  5  )
( -60  16  230  )
( -209  193  -147  )
( -136  -96  -42  )
( -147  -208  29  )
( 96  -127  206  )
( 186  -217  70  )
( 160  -216  138  )
( -46  -137  -125  )
( -101  -39  -160  )
( -230  216  -193  )
( -148  91  121  )
( -59  -87  177  )
( 35  -203  -163  )
( 215  54  -94  )
( 168  -193  -64  )
( -124  207  -182  )
( 180  109  161  )
( 99  89  1  )
( -157  -100  -195  )
( -221  -240  -189  )
( 194  46  -187  )
( 188  -142  120  )
( 230  -179  176  )
( -193  63  194  )
( -159  61  160  )
( 165  -117  203  )
( -38  -242  -240  )
( -150  -195  -212  )
( -17  232  115  )
( -121  194  -180  )
( -3  59  -48  )
( -65  -137  247  )
( -17  -5  -96  )
( 80  -134  208  )
( -244  -86  228  )
( 59  -51  -224  )
( 168  108  -216  )
( -167  174  -21  )
( 109  41  -133  )
( 239  -174  153  )
( -99  -33  74  )
( 125  -142  -243  )
( -20  -232  -177  )
( 62  100  -145  )
( 178  61  -188  )
( -146  -183  -72  )
( 42  179  62  )
( -223  102  -203  )
( 100  147  -223  )
( 174  60  -37  )
( -208  214  -157  )
( 80  102  -163  )
( -247  218  -59  )
( -105  -187  99  )
( 248  -96  -43  )
( -158  -22  -149  )
( -134  -236  -39  )
( -134  -214  182  )
( -62  -8  115  )
( 49  16  98  )
( -203  -33  241  )
( -1  217  -32  )
( -159  89  -37  )
( 191  -42  143  )
( 229  -136  -186  )
( 170  177  180  )
( -108  212  -38  )
( -77  146  229  )
( 87  236  -213  )
( -214  -97  79  )
( -119  247  107  )
( 27  -130  166  )
( -205  -6  227  )
( 126  -14  -205  )
( -92  23  123  )
( -46  136  249  )
( -43  -30  235  )
( 195  70  -234  )
( -174  8  32  )
( 171  205  204  )
( 52  -119  57  )
( 43  -112  215  )
( -119  -32  -245  )
( -214  149  175  )
( 19  -205  58  )
( -166  -87  41  )
( 41  -168  158  )
( 21  -103  146  )
( -43  54  -20  )
( -245  178  34  )
( -60  145  245  )
( -140  115  -49  )
( 214  222  -163  )
( -167  2  -201  )
( -130  86  -228  )
( -218  -166  -91  )
( -211  -94  50  )
( 165  -191  70  )
( -84  -173  241  )
( 239  -70  -247  )
( -131  -174  204  )
( 30  97  32  )
( 134  -139  98  )
( -130  -236  30  )
( 186  -150  242  )
( 151  173  176  )
( 133  -60  121  )
( -7  -187  -117  )
( 162  198  42  )
( -162  2  -153  )
( 151  -36  -109  )
( 93  14  -27  )
( 245  58  -132  )
( -169  103  -184  )
( 152  -149  231  )
( -151  -65  248  )
( 126  110  -54  )
( 9  -126  193  )
( -183  -161  204  )
( -2  -118  -164  )
( -135  119  -56  )
( -249  243  -133  )
( -210  169  -15  )
( -137  -10  30  )
( 35  52  -136  )
( 134  -183  35  )
( 85  -9  -96  )
( -59  15  -35  )
( -119  -159  166  )
( -14  3  -95  )
( 46  95  222  )
( -189  -184  -162  )
( -98  21  -35  )
( -26  -245  22  )
( -17  -178  -229  )
( 42  -61  -124  )
( 104  81  213  )
( 135  55  -80  )
( -205  141  167  )
( -55  -247  164  )
( -116  175  135  )
( 124  67  9  )
( -69  -132  -199  )
( -137  -145  -15  )
( -135  219  -3  )
( -188  -166  -18  )
( 14  92  129  )
( -140  -121  -30  )
( -194  76  237  )
( 78  -133  -237  )
( -70  108  63  )
( 52  -114  -243  )
( -192  86  12  )
( 26  -199  -83  )
( -154  176  -197  )
( -53  -177  -54  )
( 105  161  -74  )
( 116  73  -43  )
( 73  86  136  )
( 40  -14  94  )
( -215  -29  -12  )
( 128  112  -87  )
( -227  -158  179  )
( -205  51  -169  )
( 64  244  -23  )
( -101  -151  -30  )
( 66  176  -43  )
( -37  -174  144  )
( 37  -197  -80  )
( 114  -149  -97  )
( 22  -158  240  )
( -104  206  241  )
( 5  104  107  )
( 112  -2  -47  )
( 107  -215  230  )
( 43  120  145  )
( 182  194  -155  )
( 38  46  -151  )
( 140  -108  247  )
( 218  220  -240  )
( 236  -239  86  )
( -156  -127  184  )
( 249  -205  204  )
( 81  -6  199  )
( -143  -100  -61  )
( -247  -48  101  )
( 14  -154  -244  )
( 185  -100  98  )
( 74  -64  -236  )
( -187  -152  -79  )
( 151  -229  -172  )
( 224  -22  -212  )
( 135  -13  -101  )
( -83  3  188  )
( 130  220  47  )
( 67  226  38  )
( 243  176  227  )
( 243  59  20  )
( 28  -191  -157  )
( 19  218  -109  )
( 210  11  -133  )
( 245  27  -44  )
( -163  105  17  )
( 95  -111  -204  )
( -158  -229  117  )
( -102  -126  -124  )
( 146  -241  50  )
( 165  177  69  )
( -15  18  235  )
( 145  52  -174  )
( 128  22  192  )
( -64  -212  -117  )
( 168  216  148  )
( 123  -77  154  )
( 98  125  -192  )
( 181  68  -151  )
( -138  179  -72  )
( 26  -151  -86  )
( -164  149  -143  )
( -57  -243  32  )
( 132  -141  -62  )
( -58  172  115  )
( 130  10  8  )
( -173  132  130  )
( -81  202  -23  )
( 77  -66  -84  )
( -176  -31  226  )
( -72  -149  134  )
( 132  -203  236  )
( 242  -88  -159  )
( -47  179  149  )
( 12  -180  153  )
( -12  -217  -13  )
( -80  -127  209  )
( -90  -225  -42  )
( 8  -89  -112  )
( -44  -20  118  )
( 117  143  -249  )
( 178  185  85  )
( 155  -107  -75  )
( -130  15  217  )
( -37  -47  244  )
( -107  246  131  )
( -86  -191  30  )
( 119  146  76  )
( -146  22  -107  )
( 166  -106  -225  )
( -213  243  -224  )
( -6  -216  -4  )
( 110  71  190  )
( 211  238  -144  )
( 41  -106  133  )
( -7  -237  84  )
( -170  -31  191  )
( -177  238  -217  )
( -81  -73  -61  )
( 38  50  219  )
( 0  144  69  )
( 64  107  -76  )
( 217  -206  182  )
( 77  -178  -165  )
( 125  -132  108  )
( -89  -227  58  )
( -178  -22  30  )
( -33  18  201  )
( -165  80  35  )
( -117  16  -195  )
( -38  185  20  )
( -51  158  -112  )
( 222  135  -170  )
( 79  -240  248  )
( -46  -88  55  )
( 4  -107  -103  )
( -124  73  -20  )
( -229  206  83  )
( -103  99  -13  )
( -23  67  -209  )
( -85  98  -141  )
( -138  -103  159  )
( 161  -84  155  )
( 12  234  -68  )
( -217  175  136  )
( 105  242  231  )
( 233  213  125  )
( 121  -206  -246  )
( 127  -249  -84  )
( 173  -32  -165  )
( -177  -31  139  )
( 149  148  -222  )
( -195  41  81  )
( 46  -83  -31  )
( -39  78  241  )
( -133  240  -23  )
( 170  10  -169  )
( 67  -35  -148  )
( 19  27  -42  )
( 60  30  -212  )
( -211  -1  -78  )
( 188  104  85  )
( 81  220  126  )
( -173  -221  208  )
( -12  164  -234  )
( 190  -244  -154  )
( 163  -109  236  )
( -100  -94  -169  )
( 190  -77  -118  )
( -130  36  -126  )
( -36  53  217  )
( 97  68  -26  )
( -39  -205  127  )
( -10  -128  225  )
( -16  147  -101  )
( 217  199  76  )
( 201  -215  121  )
( -119  103  222  )
( -51  -23  0  )
( -136  62  -130  )
( -65  -140  -186  )
( 191  -16  -225  )
( -228  168  -145  )
( -29  20  141  )
( 139  26  41  )
( 241  -2  125  )
( -27  9  195  )
( 40  -203  118  )
( -178  215  52  )
( 222  -88  -6  )
( 112  92  131  )
( -6  175  -32  )
( -166  147  88  )
( -86  177  -130  )
( -81  108  29  )
( 125  32  -75  )
( 44  -198  202  )
( -189  -31  170  )
( 68  205  227  )
( 67  16  -186  )
( 198  77  -122  )
( -98  -94  -227  )
( -105  -189  231  )
( -0  -104  -192  )
( -70  -63  220  )
( 212  181  -72  )
( -75  94  -128  )
( 40  -27  211  )
( -77  62  78  )
( 220  -142  -200  )
( 178  48  228  )
( 82  -93  -46  )
( -27  204  151  )
( -204  169  -226  )
( -14  32  103  )
( 151  4  44  )
( 143  -98  54  )
( -106  19  -3  )
( 61  -37  53  )
( 9  51  105  )
( 47  -179  240  )
( -170  91  147  )
( -41  223  -196  )
( 58  138  147  )
( -177  -68  12  )
( -141  -142  -75  )
( 33  69  75  )
( 105  -87  233  )
( -133  -119  -98  )
( -248  -28  -218  )
( -218  121  14  )
( 163  -92  79  )
( -217  -113  199  )
( 126  -184  237  )
( -2  219  -91  )
( 237  178  -105  )
( -229  -150  -62  )
( 221  -156  129  )
( -39  210  -55  )
( -3  11  -248  )
( -53  -130  -199  )
( 238  95  67  )
( 131  81  -2  )
( 1  39  -114  )
( 212  147  159  )
( -95  -19  -86  )
( -193  33  -144  )
( 171  172  -230  )
( -171  193  42  )
( 126  -187  49  )
( -249  -6  -102  )
( -6  -54  0  )
( -153  -197  169  )
( -24  -114  -59  )
( 86  126  -238  )
( -177  -206  -18  )
( -169  -182  199  )
( 114  179  -134  )
( -94  172  -58  )
( 115  164  120  )
( -236  15  105  )
( 214  -86  211  )
( -196  -48  100  )
( -90  -25  199  )
( -193  135  16  )
( 236  -173  -143  )
( -184  -89  -42  )
( 131  -84  108  )
( 120  -18  42  )
( 120  -161  -54  )
( 154  118  -127  )
( 78  24  167  )
( 125  -43  46  )
( 136  -249  168  )
( 103  -105  -101  )
( -184  31  68  )
( -227  -157  -120  )
( 136  160  -226  )
( 50  -180  192  )
( 204  -68  162  )
( 178  134  223  )
( 198  194  43  )
( -194  -123  -178  )
( 94  10  -130  )
( 9  -171  128  )
( 168  -6  -215  )
( -50  211  -1  )
( -25  187  -72  )
( 163  -214  -178  )
( -181  -134  -96  )
( -111  -170  -76  )
( -158  52  -249  )
( -61  85  -103  )
( 82  114  -225  )
( -196  -44  -144  )
( 164  -34  -121  )
( 191  -18  56  )
( 202  -140  20  )
( -208  -77  70  )
( 145  -146  -16  )
( -218  -216  -140  )
( 56  -127  177  )
( 20  -147  -81  )
( 121  -179  222  )
( -13  189  125  )
( -212  -215  168  )
( -225  140  -12  )
( -153  -175  240  )
( -190  -16  -166  )
( 111  -141  -237  )
( -73  0  -78  )
( 86  -219  -122  )
( -63  -150  1  )
( -46  -106  236  )
( -52  -166  18  )
( 210  217  -153  )
( -244  -189  -196  )
( 22  -224  39  )
( -133  -21  147  )
( 98  -230  82  )
( 215  87  -228  )
( 215  -51  247  )
( 74  -90  -186  )
( -153  -164  -226  )
( -126  -119  189  )
( 164  -67  -171  )
( 141  111  -13  )
( -237  57  -24  )
( 145  -146  -19  )
( -42  129  188  )
( -178  -20  141  )
( -247  69  92  )
( -187  22  93  )
( -208  -247  -33  )
( 101  -56  -55  )
( 139  -83  214  )
( -196  -130  113  )
( 212  125  -247  )
( -122  39  20  )
( 64  238  160  )
( 111  184  -127  )
( 142  159  149  )
( 63  -240  -153  )
( 13  -110  -28  )
( 84  11  220  )
( -33  226  -40  )
( 100  -59  -189  )
( -66  98  -67  )
( 0  131  -71  )
( -118  -120  134  )
( 104  -171  80  )
( -6  72  11  )
( 41  -228  -83  )
( 135  226  -103  )
( -75  106  208  )
( -167  71  -83  )
( -55  -135  128  )
( -32  159  8  )
( 27  -6  79  )
( -136  234  -228  )
( 105  43  -2  )
( 134  196  150  )
( -87  79  43  )
( -34  -207  9  )
( -26  -74  202  )
( 70  -220  138  )
( 97  18  -78  )
( -248  -233  64  )
( 190  -170  195  )
( 64  35  -128  )
( 148  -66  58  )
( 135  121  -90  )
( -146  198  -188  )
( 169  137  -132  )
( 183  -201  57  )
( 144  155  -77  )
( -174  -198  119  )
( -172  111  66  )
( 171  -235  239  )
( 72  213  -129  )
( -63  124  34  )
( -131  40  -111  )
( -107  -187  203  )
( 115  -158  -50  )
( 231  163  14  )
( 84  -224  -127  )
( 244  210  80  )
( 41  -29  42  )
( 210  -165  8  )
( 103  -43  -211  )
( 163  161  196  )
( -139  123  142  )
( 97  -245  67  )
( 5  -33  -84  )
( -80  133  229  )
( 16  105  -185  )
( 119  -180  -98  )
( -231  -44  -77  )
( 116  128  187  )
( -165  -97  -36  )
( 103  -244  -52  )
( 82  -201  -99  )
( 41  155  131  )
( -128  173  98  )
( -95  -9  54  )
( -105  235  240  )
( 101  -98  174  )
( 113  -28  -246  )
( 33  45  163  )
( 86  70  -220  )
( -59  -153  -51  )
( 219  158  55  )
( 227  -108  168  )
( 206  135  -25  )
( -112  157  20  )
( 206  -55  -181  )
( -199  77  -142  )
( -86  4  3  )
( -84  74  154  )
( -219  101  81  )
( 177  48  127  )
( -188  239  -110  )
( -83  146  165  )
( -220  -240  113  )
( -173  69  153  )
( -119  182  -38  )
( 98  84  36  )
( 63  20  -42  )
( -129  -225  89  )
( -171  -215  -55  )
( 237  -184  121  )
( -139  17  137  )
( 114  148  118  )
( 180  190  -225  )
( -7  57  -78  )
( -173  12  111  )
( -231  159  53  )
( 53  -239  25  )
( 220  130  78  )
( 72  74  240  )
( -117  -101  -188  )
( 70  -214  -20  )
( -133  -248  200  )
( -160  166  113  )
( -247  -172  -211  )
( 112  5  14  )
( -128  -15  154  )
( 209  -207  -97  )
( -26  -150  47  )
( -222  115  13  )
( -15  -191  100  )
( -15  -87  -23  )
( 182  141  159  )
( -231  -206  -38  )
( 185  -130  -191  )
( 110  -97  -25  )
( 95  84  -153  )
( -14  43  -229  )
( 235  220  -129  )
( 160  4  111  )
( 46  -10  -183  )
( 81  169  60  )
( 33  184  225  )
( -92  -138  76  )
( -189  -154  170  )
( 195  -68  174  )
( -52  -132  89  )
( 63  -155  -64  )
( 3  -49  -152  )
( -203  241  -73  )
( -186  -144  -78  )
( -111  -229  160  )
( 205  71  126  )
( 243  -34  106  )
( 225  -65  129  )
( -158  -85  50  )
( 132  92  -106  )
( -201  -5  101  )
( 6  -34  141  )
( -12  -207  242  )
( -18  217  -138  )
( 189  185  143  )
( -216  -27  -108  )
( 169  115  -53  )
( 207  -13  -76  )
( 92  -181  190  )
( -207  187  -144  )
( 123  136  -44  )
( -107  98  -47  )
( 243  117  106  )
( 133  -79  -22  )
( -155  106  190  )
( -236  -124  -219  )
( -110  -115  23  )
( 46  -187  101  )
( -79  194  -69  )
( -228  -84  -93  )
( -126  -84  -8  )
( 48  143  -47  )
( -156  238  -6  )
( -175  -233  -200  )
( -56  -50  125  )
( 106  -104  -91  )
( 176  -145  104  )
( -193  -118  117  )
( 34  -181  -54  )
( 56  35  -101  )
( 226  45  179  )
( -49  -74  -24  )
( -43  178  45  )
( -214  -166  243  )
( -25  -205  234  )
( 129  -153  117  )
( -80  -239  -114  )
( -218  54  81  )
( -40  83  207  )
( -163  -65  -108  )
( 229  -34  190  )
( 103  -193  245  )
( 240  -3  49  )
( -82  11  -171  )
( 122  31  -221  )
( -178  182  -170  )
( 82  5  191  )
( 229  221  -150  )
( -114  -155  -116  )
( 141  -189  137  )
( 111  -105  -100  )
( 64  220  77  )
( -62  -185  178  )
( 140  -98  -42  )
( -161  -82  41  )
( 143  115  135  )
( -14  -164  -199  )
( 219  205  -235  )
( 82  178  -209  )
( -29  -111  -154  )
( -151  117  113  )
( 145  -141  -204  )
( -227  181  -53  )
( 142  17  42  )
( -111  246  -118  )
( 19  -65  -90  )
( 172  -24  139  )
( -111  -76  237  )
( -144  -141  -171  )
( -27  -8  83  )
( -7  -39  219  )
( 70  94  -67  )
( -176  -2  102  )
( 239  -105  46  )
( 149  -47  -16  )
( -203  -73  61  )
( 206  174  -65  )
( -54  19  -27  )
( -39  148  170  )
( 247  3  -142  )
( -50  33  91  )
( -230  113  -125  )
( 99  247  149  )
( -144  190  -84  )
( -42  -166  -82  )
( 98  -110  -139  )
( -139  29  -190  )
( 111  40  -56  )
( 87  160  -26  )
( -126  213  -134  )
( 62  -25  -243  )
( -173  154  -78  )
( -165  -30  145  )
( 190  230  166  )
( 119  124  118  )
( -238  193  -20  )
( -36  -80  -179  )
( -165  238  -190  )
( -161  233  -143  )
( 34  149  -240  )
( 209  -5  23  )
( 222  -245  -41  )
( -178  209  -88  )
( -69  70  -104  )
( 83  -110  -55  )
( -218  -9  -54  )
( 149  -48  -151  )
( 35  243  236  )
( 167  -152  160  )
( -18  196  -31  )
( -32  187  113  )
( 235  109  -183  )
( 60  -215  45  )
( -85  -209  -220  )
( 77  70  193  )
( -107  56  144  )
( 11  83  -125  )
( -153  -145  226  )
( 239  -111  -1  )
( 190  -160  -164  )
( 135  20  -188  )
( -190  197  -83  )
( -65  -101  -143  )
( 186  8  187  )
( 240  -246  37  )
( 132  18  -146  )
( 27  -26  148  )
( 110  105  -199  )
( -5  -73  -13  )
( -84  -148  -225  )
( -56  80  -61  )
( 15  -119  -134  )
( -134  46  243  )
( 238  -108  115  )
( 158  -168  -53  )
( 107  -134  -96  )
( -94  -20  177  )
( -12  -57  24  )
( 152  47  163  )
( -181  160  249  )
( 32  -66  -146  )
( 66  24  -47  )
( 114  -234  237  )
( 121  41  -165  )
( -83  -45  -195  )
( 91  63  164  )
( 77  -2  91  )
( -125  14  -15  )
( -142  -188  -213  )
( 12  100  179  )
( 63  237  -221  )
( -145  220  151  )
( 116  -93  56  )
( -206  198  80  )
( -146  104  230  )
( -49  -186  70  )
( -165  229  -107  )
( -102  143  237  )
( -23  -222  -136  )
( -96  1  -165  )
( 64  152  109  )
( 64  -105  -68  )
( -232  198  25  )
( 17  -168  112  )
( -64  -88  -150  )
( -125  51  -165  )
( -161  -130  -99  )
( 120  178  134  )
( -84  -199  -147  )
( 213  -122  -18  )
( 232  -79  -179  )
( -196  157  197  )
( 168  -211  -30  )
( -128  52  -49  )
( 70  -126  182  )
( -190  -121  -244  )
( -229  219  -210  )
( 206  -171  -238  )
( -27  197  -106  )
( 3  198  -30  )
( -239  -25  -219  )
( -163  -24  -194  )
( -227  -17  -99  )
( -118  200  -94  )
( 207  -129  87  )
( 55  -112  144  )
( 62  55  -60  )
( -89  126  158  )
( 16  -104  2  )
( 4  181  113  )
( -31  43  -99  )
( -70  210  10  )
( 95  150  -13  )
( -70  -122  -83  )
( -137  240  67  )
( 38  -77  244  )
( 0  -106  107  )
( -152  51  -20  )
( -218  -117  5  )
( 217  -59  101  )
( -150  -33  106  )
( -56  -226  -28  )
( 41  -130  -191  )
( 147  80  -39  )
( -95  -184  90  )
( 33  170  -193  )
( -111  -112  -118  )
( 192  -132  134  )
( -105  -126  137  )
( 207  -25  241  )
( -181  184  -66  )
( 235  -232  -54  )
( -159  49  -31  )
( -141  71  -162  )
( -6  26  11  )
( -11  -37  248  )
( -243  163  189  )
( 209  -220  -47  )
( 155  210  -144  )
( -85  167  176  )
( 79  -115  -228  )
( -174  197  35  )
( 195  165  -178  )
( 168  -33  124  )
( -70  165  226  )
( -216  61  206  )
( 147  -124  129  )
( 4  166  -142  )
( -84  16  -94  )
( 212  84  150  )
( 36  -115  -165  )
( 137  19  -129  )
