( -234  -116  -100  )
( 194  -141  -138  )
( -136  167  -164  )
( -213  202  149  )
( 114  133  -56  )
( 51  -128  -10  )
( 3  127  212  )
( -173  100  -108  )
( 37  111  62  )
( -69  183  -162  )
( -9  134  224  )
( -194  13  -198  )
( 146  197  149  )
( 246  -81  -47  )
( -70  -16  -48  )
( 236  181  231  )
( 177  176  180  )
( -114  99  -239  )
( -143  -123  -61  )
( -28  141  241  )
( -15  49  171  )
( -236  -246  -226  )
( 76  -171  -237  )
( 240  -15  -114  )
( -24  -206  -134  )
( 192  120  158  )
( -29  8  63  )
( 233  179  -214  )
( -159  -246  -35  )
( -82  63  21  )
( 171  -217  107  )
( -33  -136  -43  )
( -101  -12  -105  )
( 123  30  -15  )
( 200  -93  -51  )
( -101  25  -93  )
( -15  -44  4  )
( -61  121  149  )
( 5  204  -72  )
( -179  240  -22  )
( -241  -99  193  )
( 162  -62  80  )
( 197  112  198  )
( -138  47  217  )
( -58  -143  -110  )
( -0  150  203  )
( -176  -4  183  )
( 85  -133  226  )
( 146  -41  199  )
( -154  194  165  )
( 202  -14  222  )
( 34  136  -205  )
( -188  -103  88  )
( -4  -30  -53  )
( -173  -91  19  )
( -155  -83  -147  )
( 199  84  56  )
( 159  -17  31  )
( -10  233  186  )
( 168  146  -190  )
( 106  182  29  )
( 118  243  -203  )
( -122  208  126  )
( 190  -198  -212  )
( 209  -212  33  )
( 46  143  147  )
( -124  5  -236  )
( -229  41  202  )
( 163  71  -98  )
( -165  188  167  )
( 247  -30  -224  )
( -73  -237  153  )
( -245  41  -154  )
( -164  70  -248  )
( 203  -109  -170  )
( 27  -10  58  )
( -153  -9  184  )
( -110  -151  27  )
( 131  9  161  )
( 220  221  -185  )
( 122  150  89  )
( -22  -31  248  )
( -102  -16  -173  )
( -239  -218  63  )
( 96  35  -27  )
( 170  -56  -214  )
( 164  96  -190  )
( -14  -18  -40  )
( -123  226  32  )
( -63  -102  25  )
( 93  -141  121  )
( -15  -230  201  )
( -65  -213  -151  )
( -71  62  -30  )
( -37  152  -113  )
( -14  -67  214  )
( -61  -198  -75  )
( -222  -29  -160  )
( -76  30  204  )
( -166  193  -236  )
( 171  148  129  )
( -117  -114  -48  )
( 110  -147  -87  )
( -81  -150  -214  )
( -88  -22  220  )
( 172  61  -93  )
( -67  25  43  )
( 234  145  -185  )
( 126  93  75  )
( -169  227  -69  )
( 112  19  -45  )
( 129  -144  -195  )
( -170  229  -99  )
( 21  -206  49  )
( -218  -96  215  )
( -199  153  -116  )
( -42  -34  85  )
( 236  112  75  )
( -183  -64  -193  )
( -57  -135  154  )
( -215  -0  -234  )
( -232  133  -215  )
( 67  237  114  )
( -132  -53  -106  )
( -131  -200  91  )
( -137  -85  -213  )
( -183  193  -202  )
( 57  12  245  )
( 182  204  47  )
( 164  242  -173  )
( -145  -154  161  )
( -174  -172  -136  )
( 107  85  161  )
( -235  128  208  )
( 168  167  187  )
( -231  -15  71  )
( -199  121  140  )
( 227  -34  27  )
( -43  -139  61  )
( 208  -242  74  )
( -126  -59  -215  )
( -26  -40  -31  )
( -78  63  171  )
( -238  133  -94  )
( 236  162  -141  )
( -7  224  212  )
( -249  -8  1  )
( 71  20  246  )
( -187  -30  143  )
( 201  43  -67  )
( -229  113  9  )
( -18  -136  -31  )
( -49  -197  -142  )
( -38  124  -116  )
( 48  -72  173  )
( -151  -29  -42  )
( -165  85  -175  )
( -25  -107  199  )
( 145  47  188  )
( -24  -54  -128  )
( 100  161  -36  )
( -68  138  -222  )
( -159  -2  163  )
( -196  221  -22  )
( 76  -89  -51  )
( 141  -64  102  )
( -131  -12  184  )
( 9  246  79  )
( 162  -225  -100  )
( 22  -172  -133  )
( -30  136  2  )
( -9  110  171  )
( 225  -38  50  )
( -179  -30  200  )
( 159  57  -187  )
( -47  136  -198  )
( 0  39  -89  )
( 115  92  -180  )
( -105  -238  228  )
( 247  164  49  )
( 247  -23  -138  )
( -94  -115  -229  )
( -120  78  -114  )
( -19  -166  153  )
( -5  -18  -52  )
( -132  37  -48  )
( 111  98  240  )
( -113  -135  188  )
( 175  -164  -13  )
( -146  190  129  )
( -128  19  -103  )
( 157  87  14  )
( -64  119  -202  )
( 53  92  125  )
( -125  -194  -0  )
( 108  181  54  )
( 212  244  1  )
( 74  110  -64  )
( 59  244  61  )
( -11  -76  159  )
( -70  -139  -224  )
( 130  -118  -203  )
( -186  153  92  )
( -245  -158  3  )
( 56  102  112  )
( 134  -115  225  )
( -212  202  235  )
( 106  137  -69  )
( 243  -116  -37  )
( 66  -62  -202  )
( -36  -116  37  )
( -215  -57  103  )
( -221  28  15  )
( 53  240  113  )
( -214  -82  -234  )
( 115  -12  -145  )
( -152  -180  158  )
( 94  180  -47  )
( -91  30  15  )
( -229  37  -242  )
( -132  -22  -241  )
( -209  -120  150  )
( -227  -36  -197  )
( -43  -242  -127  )
( 228  -56  69  )
( -115  -49  -152  )
( -117  -170  169  )
( -15  209  -161  )
( -229  157  -191  )
( -63  131  157  )
( 23  -149  -194  )
( -240  -233  -166  )
( 141  190  -51  )
( -146  -121  -127  )
( 54  172  -116  )
( -91  -72  -231  )
( -111  200  142  )
( 61  146  156  )
( 225  212  51  )
( 228  38  31  )
( -175  168  -164  )
( 133  -134  192  )
( 71  126  81  )
( -124  190  -40  )
( -192  177  242  )
( -69  168  117  )
( -136  -184  56  )
( 53  -48  -244  )
( 160  -20  -245  )
( 218  -162  158  )
( 20  -153  208  )
( 155  -18  -65  )
( -42  -124  166  )
( -225  -188  58  )
( 135  -241  186  )
( 8  175  140  )
( -118  102  198  )
( -47  189  -245  )
( 22  212  -80  )
( 153  -136  -36  )
( 249  115  -170  )
( 27  191  -145  )
( -151  -109  -135  )
( 222  -200  15  )
( 18  -166  43  )
( 111  -196  25  )
( 178  235  -95  )
( -175  -118  -176  )
( -43  5  105  )
( -234  -208  -55  )
( -171  168  -145  )
( 37  -191  77  )
( -95  210  -227  )
( -123  23  -183  )
( -28  -64  -202  )
( 144  81  -72  )
( -196  153  -144  )
( -137  -100  73  )
( 248  24  83  )
( 113  -196  -54  )
( 248  195  104  )
( 97  -36  -35  )
( 233  82  -4  )
( 155  -58  160  )
( 107  213  -90  )
( 37  -10  47  )
( 73  -201  -222  )
( 223  -142  229  )
( -77  227  -129  )
( 158  -156  246  )
( -192  -187  -42  )
( 189  -147  249  )
( 88  -31  -36  )
( 37  -234  -95  )
( 167  -15  -153  )
( -39  162  114  )
( -157  -153  -195  )
( -234  154  212  )
( 129  222  -32  )
( 54  -165  215  )
( 166  231  171  )
( -174  97  162  )
( -218  -143  129  )
( 163  -192  -47  )
( 30  103  -136  )
( 125  -124  -138  )
( -29  -147  -139  )
( -62  -144  -27  )
( -163  208  147  )
( 169  -50  -181  )
( -119  -223  59  )
( 148  245  144  )
( 121  144  43  )
( 179  -137  54  )
( -155  118  -17  )
( -28  205  -121  )
( -241  226  152  )
( -137  38  -176  )
( 123  165  -60  )
( 186  96  -119  )
( 195  -21  169  )
( 147  -46  -91  )
( 73  30  -183  )
( 67  -164  194  )
( 98  -116  -115  )
( 197  130  224  )
( 4  247  -203  )
( -214  142  184  )
( 120  -116  210  )
( 203  95  17  )
( -132  54  99  )
( 63  79  106  )
( 190  -83  -48  )
( 197  -165  154  )
( 3  11  -134  )
( 2  -168  43  )
( -140  -194  -24  )
( -41  13  183  )
( 48  -155  72  )
( -87  -200  -152  )
( -43  132  -34  )
( -215  -1  154  )
( -38  227  202  )
( -75  -48  -215  )
( -34  149  -30  )
( 68  -56  -237  )
( 119  176  213  )
( -173  -191  46  )
( -58  -144  75  )
( -220  -121  -149  )
( 130  41  122  )
( -188  120  206  )
( 236  -108  -161  )
( -138  -30  144  )
( -202  -193  210  )
( 50  212  123  )
( 51  -40  -222  )
( 208  -92  -93  )
( 86  -174  -51  )
( 209  179  -23  )
( -248  116  114  )
( 26  -51  42  )
( 246  10  -140  )
( 222  142  177  )
( 95  155  -171  )
( -171  27  -11  )
( 200  -168  96  )
( -32  56  42  )
( -156  -88  -204  )
( 102  68  -239  )
( 191  18  -75  )
( 239  -205  55  )
( -94  56  70  )
( -207  -46  -206  )
( -82  33  110  )
( -220  -189  -196  )
( -152  -231  177  )
( -36  109  -4  )
( -113  -117  28  )
( 219  -172  -178  )
( 16  58  203  )
( 164  -95  83  )
( -174  -82  75  )
( 245  210  -102  )
( -149  -233  -209  )
( 243  109  114  )
( -65  -28  -116  )
( -104  46  -213  )
( 150  -127  113  )
( 204  -40  -223  )
( -197  -97  -119  )
( 113  -55  74  )
( 100  143  -241  )
( 106  35  -227  )
( -6  137  -92  )
( 139  148  -72  )
( -45  19  -177  )
( 34  -77  144  )
( -65  29  128  )
( 228  99  -128  )
( 99  231  69  )
( 73  176  82  )
( -236  203  -184  )
( -125  -230  224  )
( -197  -41  -219  )
( 18  99  13  )
( 88  47  108  )
( -1  70  -156  )
( 22  109  -91  )
( -215  61  -205  )
( 86  231  -56  )
( 90  -183  41  )
( 145  226  -100  )
( -243  -61  -64  )
( 203  -12  -212  )
( 98  194  113  )
( 175  112  -184  )
( 53  96  25  )
( -219  135  -34  )
( -217  -222  -115  )
( 68  -124  73  )
( 70  194  -73  )
( 33  70  75  )
( -49  -47  236  )
( 156  160  -161  )
( 202  190  46  )
( -87  -33  -63  )
( -76  43  94  )
( 62  116  167  )
( 238  -4  183  )
( -52  -75  110  )
( 58  94  47  )
( 202  200  -123  )
( 99  145  60  )
( 202  -11  79  )
( 27  51  -118  )
( 231  152  198  )
( 189  -88  -174  )
( 134  219  -218  )
( 123  33  146  )
( -156  -234  -85  )
( 167  120  192  )
( 43  -177  -121  )
( -237  -1  74  )
( 126  -201  82  )
( 129  -222  -206  )
( -74  170  197  )
( -198  -230  -158  )
( 233  -202  81  )
( -123  -223  206  )
( 200  245  -243  )
( -79  85  -210  )
( 247  -246  -149  )
( 92  46  -175  )
( 177  110  -183  )
( 152  -155  -21  )
( -78  -9  -55  )
( 229  -86  234  )
( -220  227  -180  )
( -208  -129  -1  )
( 119  158  65  )
( -170  114  -137  )
( 58  22  -2  )
( 175  142  66  )
( 183  -48  -22  )
( 181  -88  -223  )
( 205  47  127  )
( 146  34  -114  )
( 242  171  -234  )
( 172  -70  -193  )
( -193  -120  -188  )
( 29  107  184  )
( -153  -95  209  )
( -111  -177  216  )
( -219  249  103  )
( -235  157  45  )
( 68  155  151  )
( 161  -183  -241  )
( 227  -213  112  )
( -178  78  205  )
( 28  92  115  )
( -112  -153  22  )
( 119  -193  204  )
( -199  -128  86  )
( 37  7  119  )
( 220  -207  -65  )
( 193  204  237  )
( -167  177  163  )
( 37  164  -185  )
( 16  -211  106  )
( -118  133  -4  )
( -191  14  225  )
( 55  -220  228  )
( 249  -34  30  )
( -46  75  90  )
( -55  -184  -185  )
( -88  229  86  )
( -73  15  -170  )
( -142  -18  -201  )
( -213  155  -160  )
( -78  183  -12  )
( -75  249  -214  )
( 222  -82  1  )
( 246  75  133  )
( 232  231  150  )
( 142  63  238  )
( -249  102  -93  )
( 226  225  8  )
( 32  73  79  )
( 241  30  49  )
( -142  -226  -190  )
( -1  -10  232  )
( -157  139  -59  )
( -239  -48  139  )
( -145  -93  33  )
( 213  46  -240  )
( 173  7  54  )
( 240  176  235  )
( 28  74  -113  )
( -84  28  -187  )
( -90  182  248  )
( -104  187  -137  )
( -92  226  197  )
( 116  129  115  )
( 66  11  16  )
( 220  -147  160  )
( 100  243  -249  )
( -90  241  71  )
( -133  215  182  )
( 18  -170  100  )
( -164  -113  128  )
( 189  79  -186  )
( 162  44  234  )
( -218  -103  -41  )
( 125  87  -40  )
( -127  -146  -148  )
( 127  9  78  )
( 222  216  -124  )
( 29  224  -80  )
( -242  -15  -55  )
( 71  221  39  )
( -8  -84  62  )
( 184  -1  -19  )
( 45  -50  177  )
( -81  179  -154  )
( 124  -198  45  )
( -22  -77  -129  )
( 47  -194  -174  )
( 245  77  -69  )
( 193  -5  -223  )
( 239  97  93  )
( -94  231  246  )
( 22  -75  203  )
( 113  -18  -225  )
( -146  -175  43  )
( 20  41  -236  )
( 34  37  -86  )
( 234  -126  -17  )
( 70  -236  -187  )
( -47  32  -27  )
( 122  150  -164  )
( 46  135  115  )
( -206  205  -165  )
( 158  -143  200  )
( -214  223  -135  )
( -84  16  -42  )
( 12  -122  -34  )
( -239  -59  71  )
( 45  -106  97  )
( -6  127  -97  )
( 176  25  -130  )
( 101  84  204  )
( -192  88  -229  )
( 241  -100  -158  )
( -167  -221  -191  )
( 237  46  -109  )
( 70  -133  -198  )
( -244  83  -206  )
( -50  31  -160  )
( 246  -191  181  )
( 81  10  -97  )
( -216  -88  -217  )
( 58  17  -193  )
( -35  172  182  )
( -17  188  -240  )
( 218  100  88  )
( -205  -208  203  )
( -18  -68  -207  )
( -224  -236  221  )
( 240  -242  100  )
( 246  112  -140  )
( -107  -44  -141  )
( 104  -149  -121  )
( 87  85  -247  )
( 16  -196  187  )
( -64  -131  -83  )
( -228  -57  -242  )
( 6  -81  180  )
( 31  -148  147  )
( 199  -135  -208  )
( -26  -141  -34  )
( 10  -147  -101  )
( 41  37  186  )
( 119  24  242  )
( -235  -53  -154  )
( -216  -233  -226  )
( -154  -81  163  )
( -173  45  206  )
( 246  50  -188  )
( 3  -232  11  )
( 216  -1  214  )
( -78  117  -8  )
( -85  -128  -31  )
( -195  -129  -234  )
( 9  -31  74  )
( -169  -223  -39  )
( 110  -56  -50  )
( 101  -198  247  )
( 184  -211  -72  )
( 1  -96  -33  )
( -198  196  1  )
( 41  -89  -140  )
( -120  -67  -151  )
( -162  243  -166  )
( 96  207  -78  )
( 223  -54  -21  )
( 155  -193  214  )
( -116  62  -221  )
( 228  -209  26  )
( -187  93  -141  )
( 152  118  -144  )
( 26  166  -11  )
( 217  22  196  )
( -187  -153  112  )
( -177  105  -193  )
( 32  3  201  )
( -47  39  0  )
( 18  -178  -126  )
( 98  -197  239  )
( 140  -16  -46  )
( 18  -226  222  )
( 120  222  125  )
( 35  -235  -133  )
( -189  219  3  )
( -113  76  176  )
( 12  -148  -157  )
( 155  38  -112  )
( 87  -107  -106  )
( -44  -225  -151  )
( 218  126  -228  )
( -14  71  -89  )
( -193  27  -43  )
( 98  149  90  )
( 218  144  76  )
( 41  107  218  )
( -127  182  -226  )
( 208  -79  -182  )
( 51  126  -142  )
( 20  193  44  )
( -95  -198  -32  )
( 60  -13  -90  )
( 235  85  -120  )
( -31  -246  -117  )
( -63  -175  215  )
( -15  -157  208  )
( -119  -149  209  )
( 17  -99  145  )
( -138  163  -1  )
( -100  -190  -40  )
( -175  127  10  )
( -219  -66  73  )
( 99  -51  -128  )
( -70  -167  -107  )
( 188  -2  92  )
( -153  145  50  )
( -33  19  -194  )
( -86  -168  -210  )
( 127  -35  99  )
( 52  -198  -201  )
( -192  -230  158  )
( -149  151  190  )
( -90  182  241  )
( -68  -87  -90  )
( 91  -210  -157  )
( -2  -63  213  )
( -125  133  -53  )
( -198  71  113  )
( 215  100  3  )
( 205  235  36  )
( -88  122  50  )
( -90  225  113  )
( 99  -185  40  )
( -83  191  0  )
( -44  30  21  )
( 128  -240  179  )
( -99  -77  216  )
( 178  -229  220  )
( 170  -241  249  )
( 50  -49  180  )
( -225  3  -185  )
( 204  -23  18  )
( -84  191  -12  )
( -72  246  142  )
( -117  -123  -183  )
( 135  63  -19  )
( 68  73  -9  )
( -100  -87  57  )
( -23  -235  219  )
( -174  197  -90  )
( -56  -189  133  )
( 17  231  245  )
( -6  241  -89  )
( 193  247  -96  )
( 70  -60  100  )
( -62  247  171  )
( -166  110  -86  )
( 168  35  -113  )
( -192  6  149  )
( -49  -40  99  )
( -52  -121  125  )
( -40  43  93  )
( 61  -126  120  )
( -10  113  -98  )
( 48  -161  244  )
( -130  -179  63  )
( 35  -87  -122  )
( 241  237  91  )
( -69  5  -230  )
( 205  88  243  )
( 232  -85  -205  )
( 142  -110  98  )
( -199  165  123  )
( 16  -171  67  )
( 19  -82  12  )
( 35  -230  45  )
( 204  10  33  )
( 171  175  -20  )
( 92  246  -215  )
( -246  32  -63  )
( 39  -15  29  )
( 197  -135  240  )
( 36  203  97  )
( -129  -231  12  )
( -28  61  2  )
( 198  26  -148  )
( -70  -184  -171  )
( 8  -5  125  )
( 217  -11  -224  )
( -149  211  -130  )
( -131  -33  207  )
( 94  97  179  )
( 42  84  237  )
( 178  -28  -76  )
( 118  -221  -99  )
( -20  -125  -95  )
( 32  -11  31  )
( -203  -199  156  )
( 152  -50  243  )
( -44  -243  -2  )
( 58  221  79  )
( -162  53  -104  )
( -119  -195  156  )
( -46  -7  -47  )
( 179  -240  -71  )
( -28  123  -159  )
( 108  243  90  )
( 125  -101  -80  )
( 18  76  79  )
( -205  194  -177  )
( 148  14  -195  )
( -74  -69  223  )
( 197  110  -234  )
( 26  99  -171  )
( -179  245  191  )
( 18  162  204  )
( 238  -125  184  )
( 202  -215  241  )
( -12  -202  -67  )
( -117  -151  -154  )
( 92  42  28  )
( -193  71  196  )
( -98  -39  73  )
( -216  126  86  )
( -205  41  195  )
( -149  222  239  )
( -34  -14  236  )
( -77  -229  151  )
( -113  -170  -17  )
( -204  99  -95  )
( -160  134  116  )
( -143  -115  -125  )
( -185  -98  -67  )
( -39  34  -90  )
( 217  125  249  )
( -213  200  80  )
( -205  232  -165  )
( -192  -236  -66  )
( 180  26  30  )
( -165  -118  -177  )
( -121  181  88  )
( -124  -21  215  )
( 45  243  -134  )
( 150  -91  -218  )
( 22  -61  173  )
( 73  62  -22  )
( -163  -241  -97  )
( 172  -1  105  )
( 221  -12  122  )
( -159  -187  -136  )
( 187  10  -241  )
( 215  -45  -143  )
( -222  -213  -12  )
( 64  25  -167  )
( 50  136  246  )
( 179  -85  -41  )
( 188  139  -91  )
( 231  235  116  )
( 118  -76  -50  )
( 97  84  176  )
( 247  135  186  )
( 72  -18  148  )
( -149  227  -96  )
( 72  -180  96  )
( -214  149  10  )
( -78  1  22  )
( -61  -232  -145  )
( 83  167  -77  )
( -229  156  -225  )
( -70  12  -225  )
( -181  7  -44  )
( -121  -1  -240  )
( -36  -126  234  )
( 197  74  97  )
( -73  -195  -168  )
( -247  -180  -27  )
( -38  -16  -57  )
( -105  -226  44  )
( -70  222  158  )
( 124  78  -110  )
( -30  76  23  )
( -106  -157  225  )
( -45  -238  -212  )
( -162  -194  130  )
( 115  -121  -72  )
( -31  75  145  )
( -158  154  46  )
( 133  -69  234  )
( 166  -135  140  )
( -137  109  -65  )
( -121  47  -56  )
( 37  -161  134  )
( 154  47  -88  )
( 231  -211  -106  )
( 134  118  188  )
( 111  -232  10  )
( -232  77  198  )
( 239  9  112  )
( -192  181  -115  )
( 192  -189  213  )
( 105  173  -239  )
( -188  -183  30  )
( 172  -112  -81  )
( -57  90  142  )
( 234  52  -233  )
( -160  -2  69  )
( 18  -73  -42  )
( -49  -84  -243  )
( 148  80  108  )
( 238  208  -249  )
( 90  -207  -211  )
( 57  -85  161  )
( -96  -107  -73  )
( -198  -54  183  )
( -73  -90  53  )
( 124  -71  46  )
( -228  219  69  )
( -210  -140  -184  )
( -54  -48  184  )
( -189  160  -44  )
( -8  -163  174  )
( -198  -107  -84  )
( -32  228  -27  )
( 37  -28  68  )
( 29  -245  76  )
( 202  104  61  )
( -198  112  -45  )
( 164  -28  134  )
( 105  187  -163  )
( 43  -145  155  )
( 161  29  -226  )
( 206  -248  -66  )
( -72  -33  -155  )
( 143  -217  175  )
( 223  233  25  )
( 128  -9  178  )
( 214  -43  -79  )
( -82  67  248  )
( -132  48  70  )
( 117  -89  -32  )
( 142  -176  -135  )
( 208  -34  -4  )
( 142  114  12  )
( -210  -93  184  )
( 92  -184  20  )
( -207  32  -172  )
( 94  -240  125  )
( -67  -87  -165  )
( -75  -82  226  )
( -125  156  -24  )
( -71  -202  247  )
( -7  9  -149  )
( -193  -239  -15  )
( -225  -243  -224  )
( -76  -236  237  )
( -11  243  202  )
( -150  -12  94  )
( 179  4  -41  )
( 113  135  -110  )
( 127  56  -34  )
( -170  -15  126  )
( 60  -203  -156  )
( -126  -245  -149  )
( -155  180  -20  )
( 93  82  224  )
( 168  -185  -12  )
( -39  192  77  )
( -235  22  -16  )
( -155  -115  -53  )
( -153  -50  94  )
( -232  -39  -37  )
( -50  -221  218  )
( -52  156  179  )
( -245  120  -205  )
( -89  -208  -160  )
( -79  -64  120  )
( -4  60  210  )
( -120  -248  -233  )
( -185  -245  106  )
( -145  -193  119  )
( -108  26  59  )
( 14  -249  -84  )
( -67  -175  -131  )
( -162  85  34  )
( -118  -180  32  )
( -43  -219  188  )
( -218  196  217  )
( 63  73  219  )
( -199  159  101  )
( -219  117  144  )
( -57  -89  18  )
( -60  201  -91  )
( 177  -116  139  )
( 205  147  -112  )
( -29  95  -79  )
( -72  45  66  )
( -176  -106  -121  )
( -225  167  89  )
( 29  199  242  )
( -71  -109  -89  )
( -138  -81  210  )
( -195  -224  -1  )
( -35  -56  15  )
( 38  -147  65  )
( -86  -154  -10  )
( -84  -184  -0  )
( -163  150  138  )
( -96  -230  -175  )
( -5  -42  -63  )
( 177  44  -219  )
( -54  29  -218  )
( 7  -214  230  )
( -114  -156  -157  )
( -55  228  -71  )
( -27  -137  241  )
( -7  214  -183  )
( -242  -179  -75  )
( -48  125  -37  )
( -179  148  22  )
( -196  153  -86  )
( 208  222  -103  )
( -216  -80  148  )
( -210  52  -243  )
( 101  -178  243  )
( -40  -167  214  )
( 164  150  -219  )
( -181  196  188  )
( 96  79  -34  )
( 48  -247  -15  )
( 244  188  -151  )
( -173  222  123  )
( 126  61  -93  )
( 152  -69  -40  )
( -12  -173  -114  )
( 58  -195  199  )
( -55  -178  169  )
( -186  -231  -131  )
( -215  98  96  )
( -145  -10  -77  )
( -5  -239  26  )
( 47  211  183  )
( 237  -86  148  )
( 242  64  -196  )
( -109  -24  142  )
( 9  89  -216  )
( 8  -187  -95  )
( -217  -25  234  )
( -175  96  -192  )
( 30  -66  -223  )
( -89  -31  149  )
( -68  150  14  )
( 87  205  188  )
( 169  -98  78  )
( 149  109  138  )
( 196  -94  181  )
( -130  58  20  )
( 79  96  116  )
( 69  -150  183  )
( -188  -106  245  )
( -176  241  -194  )
( -244  175  39  )
( -182  178  29  )
( 160  -13  -242  )
( -9  -72  -219  )
( -7  91  188  )
( -158  0  219  )
( -159  120  -140  )
( 48  -239  -27  )
( -38  -9  -40  )
( -151  -148  -238  )
( -98  -72  -138  )
( -55  72  -96  )
( 119  23  244  )
( -229  -227  -209  )
( -216  -108  164  )
( 34  -133  -115  )
( -231  -32  -68  )
( 113  -107  -43  )
( -157  96  238  )
( -197  60  -25  )
( -162  -180  -159  )
( 38  15  -203  )
( -154  116  -91  )
( 102  215  -21  )
( -56  -135  -162  )
( -31  -203  -128  )
( -168  -114  3  )
( 132  181  -32  )
( -223  83  -133  )
( -242  49  -141  )
( -249  -165  -84  )
( 107  -44  -192  )
( 52  103  -194  )
( 159  67  -131  )
( -34  115  39  )
( -219  -29  144  )
( -150  193  145  )
( 121  44  -227  )
( 53  -186  -4  )
( -44  -148  240  )
( -55  -159  -195  )
( -54  110  -121  )
( -112  62  -228  )
( 177  55  -199  )
( 165  140  -84  )
( -95  -17  -159  )
( 86  61  211  )
( -179  -140  244  )
