( 180  -194  80  )
( 244  6  202  )
( 55  -210  -227  )
( 107  15  -132  )
( -135  -180  233  )
( 240  74  56  )
( -228  235  -176  )
( 10  189  105  )
( -207  -43  193  )
( -238  -202  211  )
( -45  175  -240  )
( 200  36  -236  )
( -243  149  212  )
( 47  105  -81  )
( 196  -67  98  )
( 46  -2  188  )
( 100  -60  23  )
( 38  39  98  )
( -184  -32  171  )
( 136  212  -232  )
( -48  174  -224  )
( -157  180  139  )
( -175  -235  203  )
( 114  98  -116  )
( -203  113  -208  )
( -68  109  -95  )
( 45  216  -34  )
( -149  107  -58  )
( -113  -227  -226  )
( -49  -198  -155  )
( -65  -30  240  )
( 19  -106  -33  )
( -155  103  221  )
( 231  155  16  )
( 21  -14  207  )
( -40  -199  144  )
( -219  77  108  )
( 195  228  -174  )
( -204  196  84  )
( 176  -78  15  )
( -230  152  99  )
( -158  -211  -17  )
( -162  -83  -36  )
( -40  -52  134  )
( 140  -100  -114  )
( -244  60  -63  )
( 170  171  -42  )
( 49  -4  -115  )
( 204  -61  -172  )
( 73  225  -85  )
( -57  229  237  )
( -108  -234  229  )
( -36  143  -90  )
( -159  234  150  )
( 76  149  -146  )
( 158  -26  29  )
( 108  -48  -174  )
( 177  -207  -55  )
( 200  -196  32  )
( -64  -106  -53  )
( 152  -15  192  )
( -31  148  -26  )
( -144  112  94  )
( -73  239  186  )
( -193  234  -28  )
( 90  -168  121  )
( 45  151  -85  )
( -63  21  -180  )
( -74  133  117  )
( -196  222  43  )
( 229  168  -62  )
( -5  -110  -177  )
( 181  -193  82  )
( 32  94  -128  )
( -45  140  -137  )
( -215  181  -174  )
( -234  4  83  )
( 16  85  -149  )
( 128  -24  -175  )
( 228  -155  57  )
( 23  -183  51  )
( -220  50  68  )
( -185  -193  -169  )
( 8  -194  -195  )
( 96  -63  105  )
( 93  245  -237  )
( -221  -163  -187  )
( -82  -244  -133  )
( -164  -193  55  )
( 108  -91  -14  )
( -189  -92  -167  )
( -16  37  -70  )
( 173  133  2  )
( 122  188  -7  )
( 88  -24  123  )
( 4  -39  119  )
( 68  218  24  )
( -11  -107  172  )
( -31  -10  56  )
( -111  -92  102  )
( -220  126  41  )
( 135  -41  54  )
( 163  -39  -49  )
( -237  53  -243  )
( 119  246  -32  )
( 140  -159  -220  )
( 40  54  164  )
( -186  98  -5  )
( -131  -232  -195  )
( 112  -77  -17  )
( -101  -222  150  )
( 220  176  245  )
( -177  146  -243  )
( -8  228  -138  )
( -69  -97  26  )
( 55  12  -237  )
( -205  117  -137  )
( 174  -61  29  )
( -48  -160  -66  )
( 137  86  -124  )
( 86  -160  -149  )
( 94  181  -46  )
( -245  107  112  )
( -143  -121  -60  )
( -153  211  37  )
( -87  26  -24  )
( -71  77  -174  )
( 68  27  112  )
( -24  -29  -146  )
( 83  -181  -172  )
( 6  19  -120  )
( -178  -147  2  )
( -6  75  22  )
( 163  -200  202  )
( 145  37  -114  )
( 45  238  -220  )
( 104  -80  -132  )
( 60  105  -198  )
( -189  -42  -30  )
( 7  146  -206  )
( 241  3  135  )
( 19  -48  -229  )
( 125  89  -68  )
( -83  10  226  )
( 87  211  164  )
( 226  -236  -216  )
( 114  -129  138  )
( 49  -206  167  )
( -142  109  46  )
( 201  -210  237  )
( -235  -189  233  )
( 69  -179  -167  )
( 143  70  6  )
( 141  78  -40  )
( -146  140  -218  )
( 173  -118  -114  )
( -222  -136  28  )
( 9  -16  209  )
( 42  -128  -98  )
( 206  -136  -102  )
( 224  -106  186  )
( 157  -35  -244  )
( -50  -100  -194  )
( -236  -225  17  )
( 171  39  -60  )
( -78  118  183  )
( 18  -102  -246  )
( -24  247  1  )
( -127  -2  -134  )
( 205  25  66  )
( 187  -129  -78  )
( -124  -115  191  )
( -219  84  1  )
( -238  154  165  )
( -81  -28  -180  )
( -74  -83  145  )
( -236  -170  16  )
( -123  90  -104  )
( 171  30  -125  )
( 7  107  35  )
( 79  -170  224  )
( 131  -163  -62  )
( -102  145  241  )
( -37  -190  32  )
( -91  31  10  )
( -54  81  103  )
( 57  2  241  )
( -56  -217  37  )
( 175  115  96  )
( -239  -151  -229  )
( 80  -34  -140  )
( 174  135  -199  )
( -52  -109  224  )
( -143  29  242  )
( 166  231  9  )
( -203  6  -89  )
( -35  161  -224  )
( 230  -232  -86  )
( 135  -82  66  )
( -213  -241  177  )
( -144  136  -234  )
( -227  56  -165  )
( -217  -175  -122  )
( -113  -142  -30  )
( -80  -214  -18  )
( -150  -147  177  )
( -97  181  -24  )
( -174  -247  141  )
( 129  -75  -30  )
( 14  -148  -172  )
( -56  35  192  )
( -37  109  142  )
( 125  -34  46  )
( -88  -208  92  )
( -64  -222  92  )
( 17  47  187  )
( 48  247  -129  )
( 212  -22  126  )
( -42  203  59  )
( 129  34  7  )
( 37  -89  -195  )
( 75  229  -29  )
( 230  -69  202  )
( -134  -12  189  )
( -79  -240  237  )
( 3  -36  12  )
( -57  116  64  )
( 185  14  86  )
( 172  -4  -175  )
( -134  -213  28  )
( 21  142  -117  )
( -16  -234  -115  )
( -127  -138  -40  )
( 91  162  246  )
( 171  -100  224  )
( -62  142  123  )
( 96  118  -42  )
( -205  -222  240  )
( 42  95  -68  )
( 188  -41  -25  )
( -25  172  -122  )
( -115  163  52  )
( 195  -108  97  )
( -226  -117  -46  )
( 143  -8  -50  )
( 130  225  -223  )
( -29  -79  210  )
( 115  -35  239  )
( -48  17  -64  )
( 92  -135  23  )
( -190  -174  -21  )
( 135  7  -195  )
( 118  -176  193  )
( -67  103  17  )
( 54  219  153  )
( -209  -21  -153  )
( -22  -248  29  )
( -67  -166  185  )
( 72  -163  -135  )
( 244  109  67  )
( -229  -39  -97  )
( 209  91  137  )
( -231  244  175  )
( -221  -242  244  )
( -217  -143  -36  )
( 154  -186  24  )
( -49  -69  239  )
( -49  -101  -199  )
( 35  -61  141  )
( -41  -129  -86  )
( 151  103  79  )
( -80  -217  105  )
( 110  49  -248  )
( -50  -208  -148  )
( 185  -60  -189  )
( -113  46  -100  )
( -244  -53  -156  )
( 149  233  -170  )
( -53  -52  167  )
( 16  -62  -167  )
( -27  -64  234  )
( -113  166  227  )
( 61  -84  181  )
( 224  -4  141  )
( 216  -39  -179  )
( 227  -110  -97  )
( -230  87  222  )
( -240  91  59  )
( -227  218  -169  )
( 215  200  -159  )
( -10  0  -228  )
( -68  -132  93  )
( -134  -203  241  )
( -206  211  168  )
( 246  154  -239  )
( 194  135  32  )
( -84  216  -182  )
( 244  -50  214  )
( -37  -234  -3  )
( -35  218  -75  )
( 94  -183  -123  )
( -16  -39  -119  )
( -185  106  -47  )
( 189  -67  -125  )
( 206  -63  -70  )
( 103  -97  -143  )
( -204  -176  148  )
( 238  -172  154  )
( -111  -189  -67  )
( 90  -215  -222  )
( 142  -5  180  )
( 64  211  120  )
( 172  -90  104  )
( -136  244  83  )
( -12  0  151  )
( 170  64  197  )
( 1  -226  131  )
( 233  -99  -49  )
( 48  219  -9  )
( 189  -29  -62  )
( 234  191  175  )
( -172  -140  47  )
( 154  -18  43  )
( 80  -242  -10  )
( -32  0  247  )
( -125  -24  -126  )
( 240  -33  -5  )
( 48  -171  -17  )
( -140  234  144  )
( -104  205  -141  )
( -123  108  -66  )
( 2  215  -91  )
( 200  149  -170  )
( 16  -103  163  )
( -236  -32  230  )
( 216  -73  229  )
( 12  55  34  )
( 96  76  -179  )
( -109  215  100  )
( 6  170  189  )
( -176  -92  238  )
( 214  -158  222  )
( 49  117  -226  )
( -149  -40  116  )
( -132  -45  -4  )
( -147  42  -207  )
( 0  204  -48  )
( 199  -211  177  )
( -200  15  142  )
( 105  -129  -151  )
( 104  183  -72  )
( 30  232  -118  )
( 156  184  97  )
( -110  111  6  )
( 104  -223  44  )
( 33  -181  -19  )
( -31  30  -185  )
( -208  -210  163  )
( 12  -47  -99  )
( 234  11  225  )
( -195  -144  -82  )
( -97  183  80  )
( -78  99  -89  )
( 25  169  -214  )
( -102  -56  205  )
( 71  230  -243  )
( 209  -233  41  )
( 1  100  241  )
( -50  -170  36  )
( -116  -231  125  )
( -173  177  -126  )
( 169  -243  -150  )
( 157  197  208  )
( 40  -146  -177  )
( -120  172  216  )
( -126  163  88  )
( -90  -248  -123  )
( 197  78  -38  )
( 13  -39  106  )
( 178  98  227  )
( 234  31  166  )
( -90  245  -111  )
( -54  -207  -202  )
( -247  223  142  )
( -65  -160  166  )
( -106  124  -95  )
( 10  37  -65  )
( 185  -110  -224  )
( 234  -205  -47  )
( 125  130  244  )
( -146  100  204  )
( 176  6  64  )
( 178  240  -233  )
( -8  -169  140  )
( 188  -40  178  )
( 230  -217  49  )
( 244  85  207  )
( 248  127  -115  )
( 207  -40  224  )
( 95  -88  116  )
( 189  -192  160  )
( 123  151  168  )
( 21  -91  -246  )
( -192  37  5  )
( -91  31  -25  )
( 29  211  146  )
( 109  242  207  )
( -197  -217  -201  )
( -219  49  -200  )
( 139  -177  145  )
( 187  105  61  )
( 62  157  150  )
( 58  169  113  )
( -42  -31  202  )
( -201  68  -32  )
( -190  232  31  )
( -149  34  -218  )
( 94  111  32  )
( -204  -94  109  )
( -31  139  146  )
( 168  -241  -64  )
( -143  81  128  )
( -184  150  -149  )
( 196  44  93  )
( 38  -149  -244  )
( 13  182  187  )
( 235  -41  221  )
( 51  204  64  )
( 164  -14  144  )
( -175  -214  230  )
( -184  147  126  )
( 216  -15  -0  )
( -4  -182  -190  )
( -153  -40  -105  )
( -30  -116  89  )
( -239  102  -238  )
( -20  61  133  )
( 227  169  32  )
( 121  -227  -177  )
( 243  -133  32  )
( -233  -174  -95  )
( 58  107  198  )
( -185  -68  65  )
( -6  -74  -39  )
( 203  -137  -189  )
( -222  -157  83  )
( 191  53  -90  )
( 140  -230  -205  )
( 155  -149  163  )
( 152  -70  26  )
( -76  44  -247  )
( 168  116  -24  )
( -74  152  -205  )
( -112  -52  -64  )
( -244  118  -114  )
( -126  233  -39  )
( -128  -45  2  )
( 87  131  -192  )
( -208  70  -15  )
( -179  -202  -207  )
( 39  105  -206  )
( -249  172  56  )
( 153  32  231  )
( 16  175  133  )
( -163  249  -100  )
( 51  -39  -61  )
( -103  9  105  )
( 105  -151  159  )
( -207  -141  -69  )
( -129  120  191  )
( -229  199  -99  )
( 231  179  -168  )
( 143  171  238  )
( -56  -92  -70  )
( -82  191  -239  )
( 111  24  36  )
( -17  120  121  )
( 33  28  67  )
( -13  47  156  )
( 224  69  -47  )
( -240  150  -195  )
( -213  145  238  )
( -47  -169  164  )
( -39  131  190  )
( -16  -39  73  )
( 212  -207  37  )
( -82  115  185  )
( -143  103  30  )
( 113  38  -25  )
( 76  -118  -97  )
( -185  -14  232  )
( 221  -2  77  )
( 104  -211  41  )
( 24  243  -75  )
( 209  -231  -174  )
( 237  -93  -52  )
( 94  -48  -79  )
( 214  163  -150  )
( -153  -114  109  )
( -183  -113  -237  )
( -98  -212  43  )
( -122  -73  -116  )
( -207  1  76  )
( 11  -48  -112  )
( -66  235  241  )
( -16  202  191  )
( 54  -30  34  )
( -57  220  69  )
( -232  -35  -169  )
( -30  -237  -4  )
( 182  98  70  )
( 88  -70  30  )
( 113  -104  -15  )
( 78  -224  -144  )
( 32  133  -121  )
( -28  105  -104  )
( 80  -155  173  )
( -172  97  111  )
( 202  -114  141  )
( -96  -52  -28  )
( 127  -8  83  )
( 9  -91  -214  )
( 116  153  -110  )
( 82  -98  99  )
( 226  91  -150  )
( -148  -241  129  )
( -139  162  -77  )
( -188  -101  -44  )
( -164  -216  -204  )
( 131  35  17  )
( -130  -249  -141  )
( 84  -192  -60  )
( 0  159  -176  )
( 60  -156  -243  )
( -194  -187  -149  )
( -76  -175  83  )
( -79  -204  -80  )
( 246  -115  50  )
( -110  109  -147  )
( 143  155  -15  )
( -113  -248  -158  )
( 75  141  43  )
( -176  -171  -95  )
( 225  -224  -151  )
( -13  -172  144  )
( -20  -209  -224  )
( -85  -130  -222  )
( 96  -140  175  )
( 81  -155  63  )
( 191  -26  79  )
( 48  -158  -133  )
( 135  98  -234  )
( 79  -127  185  )
( -77  70  113  )
( 190  -186  -215  )
( 7  -8  224  )
( -208  -140  -69  )
( -51  137  166  )
( -41  111  -160  )
( -207  -143  95  )
( 145  190  94  )
( -188  -62  -122  )
( -26  94  -174  )
( -248  0  202  )
( 55  194  -67  )
( 112  34  -194  )
( -42  221  -199  )
( 190  -148  144  )
( 100  206  128  )
( 196  123  -223  )
( -117  109  135  )
( -211  36  -118  )
( 116  220  202  )
( -50  97  -100  )
( 201  -40  13  )
( 201  230  63  )
( 34  121  91  )
( 23  41  -162  )
( 6  -44  -230  )
( 170  114  105  )
( -23  -147  150  )
( -22  25  146  )
( -32  85  -108  )
( -133  170  213  )
( 160  37  36  )
( 105  80  -163  )
( -30  -91  -210  )
( 24  168  237  )
( 79  80  122  )
( -13  -243  194  )
( -14  -248  -205  )
( -91  -217  53  )
( -41  -79  24  )
( 234  9  233  )
( 111  80  207  )
( -27  12  169  )
( 120  231  -44  )
( 34  -242  -40  )
( -213  72  9  )
( 201  90  245  )
( -247  7  -8  )
( 6  -157  217  )
( 177  143  -94  )
( 33  79  -27  )
( -241  -28  -238  )
( -181  -49  121  )
( -227  167  -117  )
( -73  -54  -79  )
( 204  -45  222  )
( -100  1  -131  )
( -125  214  3  )
( -70  17  -143  )
( 85  52  226  )
( -137  155  -150  )
( 32  -75  122  )
( -77  21  0  )
( -195  -146  -67  )
( 8  15  117  )
( -46  200  -7  )
( 57  193  -41  )
( -220  187  -12  )
( 56  -70  -95  )
( 241  -63  46  )
( 223  -201  229  )
( -189  104  201  )
( 113  185  -168  )
( -137  -41  175  )
( 236  87  -88  )
( 23  -140  106  )
( -157  190  -143  )
( 232  -109  196  )
( -49  -204  -44  )
( 226  -195  232  )
( 90  -106  -52  )
( -169  216  203  )
( 14  15  -20  )
( -57  -3  -46  )
( -151  205  4  )
( -223  -123  -133  )
( -194  27  -239  )
( -128  62  -39  )
( -186  -63  224  )
( 26  -78  -43  )
( 222  93  205  )
( 98  -161  -84  )
( -196  -80  94  )
( -218  30  -13  )
( -129  100  103  )
( 73  -192  -116  )
( -56  108  -188  )
( -27  -65  -6  )
( -45  -199  -246  )
( -100  159  -137  )
( 149  27  140  )
( -224  129  76  )
( -229  10  -128  )
( -142  -215  232  )
( -19  -200  -16  )
( 244  -33  -207  )
( -105  -50  -230  )
( -52  192  -65  )
( -40  -184  -108  )
( 242  -59  31  )
( 227  216  140  )
( 177  -15  222  )
( 165  -146  -18  )
( 41  194  12  )
( -139  -162  -98  )
( -121  -196  72  )
( 156  222  202  )
( -51  -129  17  )
( -4  231  38  )
( -127  -60  -31  )
( -116  -163  246  )
( 70  -8  200  )
( 81  -16  247  )
( 0  -219  -211  )
( 212  150  -243  )
( -143  50  -209  )
( -117  138  -131  )
( -100  149  215  )
( -226  103  7  )
( -99  197  227  )
( 125  131  69  )
( 210  181  143  )
( -118  212  -181  )
( -214  59  195  )
( 117  -73  151  )
( -110  -164  168  )
( 30  -128  148  )
( -70  -118  156  )
( 46  69  127  )
( -206  -161  218  )
( -242  -83  -99  )
( -212  127  -196  )
( 209  36  -106  )
( -108  -9  101  )
( 117  124  28  )
( -29  -206  107  )
( 63  192  0  )
( 181  42  64  )
( -18  -217  182  )
( -199  131  155  )
( 17  95  -132  )
( -203  -142  237  )
( -159  224  160  )
( -150  15  92  )
( -233  39  -26  )
( -36  -240  -125  )
( -153  -194  94  )
( 137  40  -219  )
( -41  164  211  )
( 29  -196  218  )
( -29  69  84  )
( -198  182  32  )
( 237  -146  143  )
( 93  197  -203  )
( 190  -102  162  )
( 123  174  -4  )
( -119  181  -215  )
( -29  -118  -112  )
( 230  154  -59  )
( 109  105  208  )
( 234  139  27  )
( 156  -96  5  )
( 127  -195  -30  )
( 158  -37  -206  )
( -149  -127  72  )
( -211  8  -127  )
( 185  27  -25  )
( 173  118  150  )
( -195  82  -197  )
( 153  240  90  )
( -249  -130  189  )
( -228  -146  141  )
( -3  97  181  )
( 193  79  -99  )
( 126  -164  168  )
( -164  -236  -96  )
( -41  -86  -206  )
( 113  187  143  )
( -95  17  180  )
( 190  -225  222  )
( -62  -170  -168  )
( 166  206  -32  )
( -37  153  107  )
( 86  -45  3  )
( -79  -182  -226  )
( 48  -143  -126  )
( 142  65  -59  )
( 21  -16  37  )
( 106  -236  28  )
( -152  199  244  )
( 125  -184  143  )
( -191  83  106  )
( 190  13  -105  )
( -77  88  -54  )
( 115  135  208  )
( 155  204  -74  )
( -3  171  -163  )
( 151  98  -213  )
( 77  -148  -151  )
( -18  169  -234  )
( 152  -97  206  )
( 62  44  -58  )
( -241  -119  -139  )
( -174  -44  -81  )
( 246  179  82  )
( 3  -241  -104  )
( 59  -172  99  )
( 178  -122  177  )
( 169  62  12  )
( 152  78  199  )
( 90  247  156  )
( -182  130  -9  )
( -109  -165  122  )
( -228  17  213  )
( 5  -178  -141  )
( -106  -181  141  )
( 74  198  -230  )
( 236  -218  176  )
( -92  102  174  )
( -147  -119  -9  )
( -210  -126  -74  )
( -60  -194  -147  )
( 148  4  -109  )
( -176  -17  -221  )
( -178  -26  99  )
( 193  -30  142  )
( 201  -151  8  )
( 3  211  159  )
( 5  -155  -230  )
( -148  156  190  )
( 204  -95  -212  )
( -172  59  61  )
( 144  -61  -97  )
( -140  -122  129  )
( -61  -108  136  )
( 174  -128  1  )
( 53  -221  5  )
( 32  -54  -100  )
( -59  -113  160  )
( -131  -171  -187  )
( -220  203  16  )
( 59  -176  152  )
( 102  61  233  )
( 208  -150  61  )
( -120  217  -52  )
( 107  -79  137  )
( -88  -56  12  )
( -131  13  -161  )
( -11  49  -192  )
( -215  187  53  )
( 133  -148  -232  )
( -21  -143  61  )
( 127  138  -7  )
( 110  241  -18  )
( -91  174  82  )
( -30  -153  175  )
( -27  -87  221  )
( -229  -222  -160  )
( 75  37  12  )
( -154  71  -163  )
( 242  184  166  )
( 111  174  -230  )
( -172  -122  -57  )
( -12  -224  -119  )
( -201  -89  168  )
( 172  -3  -171  )
( -59  -35  -189  )
( -183  221  21  )
( 131  -120  -121  )
( 209  59  -203  )
( 243  -226  -81  )
( 122  227  -56  )
( 222  -225  34  )
( 201  -160  33  )
( 218  -249  -65  )
( 88  -20  243  )
( -47  -181  -89  )
( -41  244  50  )
( 15  176  -242  )
( -90  20  78  )
( -145  -8  85  )
( -234  -179  -100  )
( 229  220  75  )
( 189  -186  2  )
( 222  163  79  )
( 193  -237  202  )
( -92  167  149  )
( -201  -196  -84  )
( 59  86  198  )
( -230  -174  244  )
( 88  -169  120  )
( 244  65  32  )
( -178  -112  -34  )
( -166  80  -228  )
( 146  175  -92  )
( 130  -24  -52  )
( -140  -213  -220  )
( 162  -70  -198  )
( 67  -120  -97  )
( 22  30  230  )
( -199  157  74  )
( 160  10  -149  )
( 186  -76  98  )
( 91  -206  64  )
( -143  162  -18  )
( -44  212  59  )
( -180  -138  -97  )
( 217  -40  22  )
( -3  164  -207  )
( 10  -132  -231  )
( 226  148  168  )
( 11  1  210  )
( -159  -70  -192  )
( -43  -171  -115  )
( -123  16  -38  )
( -54  -241  -140  )
( -55  208  -44  )
( -228  121  -195  )
( 181  -180  -248  )
( 171  -211  -104  )
( 41  -122  76  )
( 249  216  -167  )
( 1  -106  184  )
( 55  244  -197  )
( 76  -34  107  )
( -94  69  198  )
( -64  -231  52  )
( 171  127  -168  )
( 20  25  -18  )
( 234  215  -169  )
( -91  -15  -118  )
( 86  5  248  )
( -38  -83  112  )
( -112  -1  -81  )
( 27  -28  214  )
( 121  -120  244  )
( 153  228  220  )
( 30  -247  109  )
( -206  72  126  )
( -134  160  111  )
( 66  -219  -52  )
( 50  87  -132  )
( 44  -157  -26  )
( -212  61  -32  )
( 13  225  199  )
( -93  -20  120  )
( -89  -31  -9  )
( 122  -84  -46  )
( 185  80  -132  )
( 12  -163  -128  )
( -119  -92  40  )
( -198  -123  -24  )
( -116  212  -7  )
( 151  -209  110  )
( 178  -86  98  )
( 26  145  -184  )
( 56  194  -185  )
( -214  -170  144  )
( 209  -117  8  )
( -56  112  -216  )
( 198  -54  239  )
( -98  -155  26  )
( 155  -10  -84  )
( 106  115  122  )
( -152  193  -174  )
( 67  -4  96  )
( 156  41  23  )
( -126  -188  -176  )
( -19  130  99  )
( -224  -188  -207  )
( 100  -106  34  )
( 220  18  -94  )
( -70  -166  45  )
( 59  -140  -63  )
( 21  75  33  )
( 240  127  97  )
( -88  134  121  )
( 123  -209  -204  )
( 220  -235  103  )
( -117  193  114  )
( -24  -122  -55  )
( -116  139  -234  )
( 224  232  -117  )
( -169  -39  -143  )
( 147  212  -181  )
( 116  76  -27  )
( 145  228  222  )
( -41  218  129  )
( -126  26  -194  )
( -90  -67  -29  )
( 192  49  61  )
( -114  77  135  )
( 37  203  101  )
( 81  -211  -221  )
( -21  -175  102  )
( -165  -183  -131  )
( -8  77  12  )
( -225  10  174  )
( 217  52  154  )
( -100  -128  -133  )
( -78  116  214  )
( -16  219  -167  )
( 118  65  192  )
( 200  227  -151  )
( 210  -152  -111  )
( 151  -239  -169  )
( -90  -157  74  )
( -135  -54  171  )
( 163  18  -172  )
( 177  0  -26  )
( 17  12  43  )
( 202  -198  -239  )
( -154  -147  187  )
( -243  194  -207  )
( 226  116  -101  )
( -35  232  97  )
( 125  -155  -156  )
( -54  137  240  )
( 71  247  224  )
( 56  -169  -35  )
( -219  -76  -27  )
( -139  108  -114  )
( -86  169  -230  )
( 8  2  -144  )
( -15  88  -84  )
( 155  -173  -117  )
( 205  -134  43  )
( -77  -155  144  )
( -207  7  -238  )
( 104  87  -73  )
( -203  87  -67  )
( -155  -203  -239  )
( 64  -33  162  )
( -228  -211  -245  )
( 220  -219  78  )
( 222  -68  217  )
( 43  88  -11  )
( 46  -122  23  )
( 51  -10  -5  )
( -38  -215  233  )
( -6  171  90  )
( 222  -57  207  )
( 148  41  -166  )
( -197  -16  -198  )
( 23  145  -25  )
( 171  -4  -197  )
( -146  -222  -164  )
( 27  -98  -142  )
( -2  -182  8  )
( 86  -35  -63  )
( -162  175  183  )
( -99  166  -73  )
( 118  -228  89  )
( 148  78  61  )
( -205  70  -227  )
( -101  124  -138  )
( -208  246  95  )
( -129  -46  -219  )
( -5  211  -192  )
( -178  131  154  )
( -239  -217  97  )
( 242  188  191  )
( -176  40  247  )
( 193  163  171  )
( -92  82  -99  )
( -205  -93  -235  )
( 203  -134  76  )
( 152  -172  183  )
( 98  -41  -58  )
( -245  -45  -196  )
( 160  247  190  )
( -97  -5  -8  )
( -169  36  94  )
( 220  -229  200  )
( 84  82  240  )
( -181  85  -239  )
( 17  158  26  )
( 123  -63  -157  )
( -109  139  -164  )
( 229  160  138  )
( -221  -197  158  )
( -47  -85  -114  )
( 249  -120  52  )
( 152  212  -61  )
( 79  95  105  )
( 176  241  -165  )
( 230  9  65  )
( 214  -210  104  )
( -184  2  -7  )
( -168  140  -68  )
( -165  82  191  )
( -242  -56  -198  )
( 165  -200  -198  )
( -70  -133  77  )
( -129  -200  154  )
( -43  132  -115  )
( 148  -217  -214  )
( 211  -156  164  )
( 141  232  167  )
( -62  16  -96  )
( -28  -54  -38  )
( 201  226  99  )
( 68  -226  -80  )
( 40  -63  -175  )
