( 241  111  -95  )
( -234  213  -235  )
( -70  1  -98  )
( 209  248  170  )
( 191  -177  193  )
( 191  -30  -53  )
( 60  219  -164  )
( -106  -40  -68  )
( 205  -158  -29  )
( -2  -11  -86  )
( 200  -215  -57  )
( 95  75  -51  )
( 112  -192  102  )
( 122  -202  212  )
( 72  -185  41  )
( -59  63  -89  )
( -68  54  104  )
( 153  35  -203  )
( -58  194  -45  )
( -220  -138  239  )
( -235  224  147  )
( 230  31  -160  )
( -11  -104  -138  )
( 67  249  -79  )
( 116  22  -213  )
( -18  15  84  )
( -26  154  -195  )
( -115  86  136  )
( 231  -184  207  )
( -126  71  147  )
( -244  39  -61  )
( 244  175  222  )
( 168  177  34  )
( -59  85  190  )
( -107  166  -193  )
( 137  46  82  )
( -135  -248  -72  )
( -35  66  -5  )
( -98  -93  -125  )
( 88  -18  107  )
( -60  110  -6  )
( -204  231  134  )
( 53  189  65  )
( -67  -43  -189  )
( -242  -243  -236  )
( 122  -26  -249  )
( -140  34  15  )
( 70  -213  233  )
( 24  -63  240  )
( -114  108  73  )
( 139  243  -106  )
( 138  -97  -63  )
( -249  240  49  )
( 80  -26  79  )
( -163  60  -227  )
( 77  182  -190  )
( 182  -61  198  )
( 3  240  120  )
( -10  -203  -225  )
( -94  -101  -168  )
( 106  229  -89  )
( 97  237  -178  )
( -35  128  -218  )
( -36  115  -173  )
( -127  -193  -148  )
( 77  -178  -91  )
( -103  -59  -15  )
( 101  -118  102  )
( 184  -2  219  )
( 88  195  -235  )
( 116  26  145  )
( -57  -41  -72  )
( 190  40  -68  )
( -144  -157  212  )
( -47  0  195  )
( -218  -21  231  )
( 198  -228  -20  )
( 171  8  -132  )
( -236  227  -35  )
( 97  79  205  )
( 79  -184  68  )
( 143  -116  1  )
( -39  116  87  )
( -15  -30  -136  )
( -113  163  -215  )
( 143  -116  190  )
( 156  48  233  )
( -13  91  52  )
( 7  -204  -211  )
( 67  211  -33  )
( 86  3  201  )
( -249  131  142  )
( 78  -131  110  )
( 240  -6  29  )
( -247  -195  146  )
( 24  58  57  )
( 230  -146  -192  )
( 76  50  188  )
( -155  -191  -97  )
( 46  45  -48  )
( -47  7  -115  )
( -40  223  113  )
( 243  41  -27  )
( -151  188  -144  )
( 44  38  -239  )
( 237  81  -93  )
( 55  -153  -140  )
( 121  204  157  )
( 223  57  -14  )
( 152  153  -194  )
( 91  -58  64  )
( 247  232  -20  )
( 193  228  -137  )
( 234  5  -57  )
( 124  -195  134  )
( 153  -218  159  )
( 200  -78  121  )
( -144  169  34  )
( -80  2  -133  )
( -138  -77  -110  )
( 204  -56  -66  )
( 126  -74  85  )
( 45  148  -208  )
( 20  -102  134  )
( -23  -201  -197  )
( -18  85  -161  )
( -89  -148  -170  )
( -132  59  -196  )
( 90  23  -112  )
( 6  55  -17  )
( -100  148  -92  )
( -127  -87  -83  )
( 180  -90  183  )
( 131  198  -49  )
( 145  151  242  )
( -91  -215  -179  )
( -183  51  149  )
( -72  142  23  )
( 8  -9  -170  )
( 220  195  -79  )
( -36  -111  82  )
( 36  -123  -49  )
( 206  132  151  )
( 90  -179  -106  )
( -140  -219  230  )
( 57  -198  207  )
( 87  -24  -164  )
( -107  -115  -196  )
( -182  241  -219  )
( -207  -55  -73  )
( 227  88  -58  )
( 154  171  17  )
( 103  -164  74  )
( 179  12  -216  )
( -198  230  -34  )
( -90  28  0  )
( -155  -40  143  )
( -167  123  -17  )
( -159  -206  200  )
( 22  183  -140  )
( 200  50  -156  )
( 161  146  -61  )
( -198  -148  -121  )
( 66  155  237  )
( -179  -84  76  )
( 36  -159  -55  )
( -50  -10  68  )
( 55  192  -221  )
( 132  -197  -25  )
( 188  -47  128  )
( -34  161  174  )
( 105  -173  -137  )
( -85  -158  -6  )
( 27  -153  32  )
( -139  -105  118  )
( -199  -22  211  )
( -135  37  -125  )
( 227  -209  163  )
( -106  189  25  )
( 79  -154  -238  )
( -114  221  -140  )
( 179  166  124  )
( -116  -93  81  )
( -174  72  219  )
( 93  248  -242  )
( 247  -20  -84  )
( 40  180  -215  )
( 137  143  -33  )
( 129  -220  -38  )
( 240  1  -111  )
( -29  -44  59  )
( 7  5  138  )
( 234  -153  64  )
( 165  -135  181  )
( 80  13  41  )
( 117  -141  16  )
( 121  234  192  )
( -150  238  235  )
( -181  -245  71  )
( 191  32  -54  )
( 189  -59  225  )
( 231  206  186  )
( 70  -53  -131  )
( -27  -53  -10  )
( -53  160  97  )
( 205  -86  38  )
( 12  -192  155  )
( 225  -199  -75  )
( -163  -108  -193  )
( 102  91  -149  )
( -224  181  142  )
( -141  238  -98  )
( -64  -113  51  )
( -145  -80  202  )
( 100  15  81  )
( -0  -181  -144  )
( -87  210  -227  )
( -124  -150  168  )
( -199  -220  43  )
( -178  7  -74  )
( -142  -208  -40  )
( -209  242  97  )
( -84  246  -117  )
( 99  185  35  )
( -8  -59  -46  )
( 39  123  -246  )
( 107  199  206  )
( 115  -177  183  )
( 235  -185  126  )
( -186  -15  -30  )
( 217  40  -234  )
( -183  -174  -36  )
( -158  -130  149  )
( -2  175  238  )
( 154  -98  11  )
( -98  47  97  )
( 174  138  135  )
( 240  150  -173  )
( 175  42  223  )
( -15  27  -106  )
( -213  94  -68  )
( -207  -54  -71  )
( 151  -17  -88  )
( 17  167  3  )
( -232  -109  31  )
( 26  -8  -7  )
( -198  -34  -242  )
( -81  -206  -186  )
( 38  -0  86  )
( 136  -208  -5  )
( -156  -5  -72  )
( -80  129  -119  )
( -231  245  88  )
( 104  -219  221  )
( 226  219  -158  )
( -220  -117  228  )
( -47  -122  -112  )
( -227  -212  -24  )
( -155  45  -28  )
( 239  181  113  )
( 154  152  86  )
( -24  16  -66  )
( -93  144  -170  )
( 40  -60  -246  )
( -80  -18  86  )
( 190  -79  182  )
( 113  129  194  )
( -12  -172  -6  )
( 190  -60  94  )
( 234  -242  73  )
( -71  -190  -206  )
( 220  -210  -228  )
( 184  -197  -76  )
( 75  -4  -249  )
( 114  -104  -56  )
( -152  -136  -138  )
( 199  -182  96  )
( -192  182  206  )
( 126  77  -169  )
( -108  59  -197  )
( -162  203  -138  )
( 218  175  123  )
( 88  34  -231  )
( -15  148  -186  )
( 179  -72  -83  )
( -68  118  113  )
( 105  -36  -220  )
( -8  49  70  )
( -170  242  -9  )
( 168  193  220  )
( -43  -55  187  )
( 12  -70  120  )
( -193  -58  37  )
( -182  -171  -89  )
( 199  73  -222  )
( 195  -28  124  )
( 189  -67  66  )
( -15  -87  70  )
( 0  -43  108  )
( -245  181  -56  )
( 64  28  15  )
( -107  85  118  )
( -130  226  47  )
( 94  74  57  )
( -225  -172  3  )
( 17  -203  -51  )
( -182  -23  -167  )
( -130  56  189  )
( 79  19  -181  )
( -217  -54  -228  )
( -154  39  -20  )
( -66  208  -249  )
( -2  5  173  )
( -247  159  99  )
( -194  164  -91  )
( -36  -242  137  )
( 178  36  -196  )
( -121  22  100  )
( 88  190  -39  )
( -187  -171  69  )
( 216  -19  -171  )
( 13  139  129  )
( -195  -184  1  )
( -140  -221  -90  )
( 63  242  138  )
( -5  -184  46  )
( -108  33  222  )
( -189  234  156  )
( -219  196  15  )
( 236  179  -208  )
( -207  -143  214  )
( -169  -173  31  )
( 68  228  -230  )
( 127  72  -156  )
( -82  -83  102  )
( 179  -236  169  )
( -227  45  -60  )
( -6  -90  -214  )
( 145  -9  150  )
( 49  -155  -193  )
( 57  140  13  )
( -215  203  219  )
( 21  -175  -143  )
( -105  196  -7  )
( -112  -78  -145  )
( 203  -11  -7  )
( 51  58  -157  )
( 3  72  59  )
( 228  -126  180  )
( -65  -173  -29  )
( 246  18  -62  )
( 173  170  131  )
( 228  32  105  )
( -231  -140  -225  )
( -200  51  169  )
( -238  -213  60  )
( 55  -23  109  )
( 229  223  115  )
( -149  232  -215  )
( -136  -146  210  )
( 93  88  -96  )
( 173  -219  -24  )
( 114  -72  -226  )
( -64  129  131  )
( -209  -150  -228  )
( -111  -13  -60  )
( -204  166  -135  )
( 107  -186  -224  )
( -135  89  -186  )
( 101  -119  -166  )
( -45  -189  -56  )
( -217  -235  -61  )
( -203  72  -211  )
( -141  193  -217  )
( -80  -6  111  )
( -102  19  -26  )
( 205  107  67  )
( -40  -241  -187  )
( -193  192  -91  )
( 113  86  51  )
( -193  -22  95  )
( -140  143  2  )
( -128  -60  146  )
( -73  121  -31  )
( 153  -141  -81  )
( -176  -196  162  )
( -151  -166  22  )
( -168  176  -115  )
( 18  58  -229  )
( 17  -1  57  )
( 64  6  -206  )
( 62  224  -3  )
( 211  -17  246  )
( 52  141  86  )
( -230  102  -71  )
( 67  -83  -75  )
( 197  -213  239  )
( 158  64  -53  )
( -16  12  202  )
( -23  204  175  )
( 48  146  66  )
( -190  109  22  )
( -209  47  -187  )
( -65  -101  -127  )
( 56  -20  -235  )
( -129  49  0  )
( 234  190  248  )
( -175  109  -81  )
( -39  38  224  )
( 75  -52  -107  )
( -157  147  -107  )
( -158  -80  216  )
( 33  -177  104  )
( 129  93  69  )
( -21  -216  38  )
( 209  205  1  )
( 136  -164  -85  )
( 126  -105  -185  )
( 65  53  105  )
( 57  -107  141  )
( -156  -248  -211  )
( -108  46  -153  )
( -9  223  -28  )
( 249  -247  26  )
( -5  -209  188  )
( -72  -1  -103  )
( 51  -227  221  )
( 130  86  173  )
( -214  144  35  )
( -79  19  -56  )
( 225  248  48  )
( -131  129  -140  )
( 97  -109  -50  )
( -150  -76  -112  )
( -50  -242  186  )
( 196  -165  -223  )
( 117  245  4  )
( 118  25  -74  )
( -91  -186  4  )
( 34  62  -104  )
( 214  11  -224  )
( -69  72  -119  )
( 115  -50  -47  )
( 231  -100  71  )
( 135  -221  210  )
( -102  148  105  )
( -55  -110  132  )
( -175  -187  -155  )
( -92  -79  171  )
( -189  191  -33  )
( 6  188  22  )
( 138  -21  200  )
( 58  -22  86  )
( 166  117  237  )
( -230  179  -187  )
( -226  95  -207  )
( 189  -59  137  )
( -156  -77  -161  )
( -165  -150  -158  )
( 22  -125  -220  )
( 215  -123  -139  )
( -111  -6  -227  )
( -161  -143  84  )
( 80  -244  -239  )
( 236  -50  144  )
( 182  -199  -128  )
( 89  44  -99  )
( -249  23  -220  )
( -194  -244  90  )
( -150  219  249  )
( 215  -27  -96  )
( 177  -94  79  )
( 213  169  110  )
( 12  141  158  )
( 216  -247  148  )
( 100  98  -26  )
( -169  220  207  )
( 79  1  -51  )
( 115  -139  120  )
( -40  -51  25  )
( -231  175  -234  )
( -228  -101  -105  )
( 178  -42  29  )
( 112  178  78  )
( 17  -116  203  )
( 234  -136  -43  )
( 32  -108  170  )
( 42  106  -134  )
( 79  225  -226  )
( -235  101  -174  )
( 31  90  -116  )
( 104  -190  -113  )
( -120  95  -86  )
( 229  130  4  )
( -40  42  22  )
( -244  -107  -87  )
( -132  -106  81  )
( 239  -38  -97  )
( -234  168  -118  )
( -49  -112  -188  )
( -221  76  -190  )
( 85  40  -120  )
( 93  -64  173  )
( 119  121  -238  )
( 152  146  33  )
( -125  -98  -42  )
( -189  -237  73  )
( 40  -14  -228  )
( 93  80  81  )
( 183  -78  -21  )
( 20  158  3  )
( 179  -30  -8  )
( -218  127  -210  )
( 49  48  248  )
( 203  -153  -214  )
( 159  -223  -148  )
( 101  209  -216  )
( 181  140  164  )
( 104  207  -128  )
( 120  119  -68  )
( 108  -211  -64  )
( 239  248  -204  )
( 226  138  42  )
( -109  190  -246  )
( -218  -27  115  )
( -122  206  -82  )
( 8  18  -205  )
( 187  15  -99  )
( 19  -31  83  )
( -200  -95  -120  )
( -138  -9  135  )
( 106  161  208  )
( -69  124  187  )
( -111  -65  189  )
( 150  -158  61  )
( -199  244  -215  )
( -72  -114  -216  )
( 236  90  26  )
( 162  172  -98  )
( -113  215  177  )
( -188  9  -71  )
( -219  238  121  )
( -228  -35  -170  )
( 2  -243  -147  )
( -170  -150  -19  )
( 102  -54  -20  )
( -240  186  190  )
( 69  -184  -198  )
( -73  21  220  )
( -128  -32  248  )
( -31  -47  -42  )
( 94  -161  -145  )
( 18  156  -88  )
( -5  135  137  )
( 49  -165  14  )
( 77  -148  -123  )
( 37  -157  -3  )
( 77  -245  158  )
( 109  -184  207  )
( -3  238  212  )
( 209  53  202  )
( -30  57  45  )
( 109  124  247  )
( -35  -25  -172  )
( -78  75  -67  )
( 103  48  -174  )
( -186  -222  -157  )
( 45  46  15  )
( 116  -222  -104  )
( -86  150  -28  )
( 199  202  -94  )
( 80  -137  115  )
( -67  104  154  )
( -109  -239  134  )
( -70  219  -129  )
( 223  73  -79  )
( 160  91  -187  )
( -128  12  83  )
( -26  40  47  )
( 237  241  124  )
( -179  -154  100  )
( -177  -111  163  )
( -110  -114  95  )
( 100  74  59  )
( -132  -13  -43  )
( -38  16  -6  )
( -152  69  34  )
( 40  245  221  )
( 82  73  -30  )
( -180  -232  239  )
( 160  167  -216  )
( -19  -223  -205  )
( -96  -5  161  )
( -110  -50  64  )
( 139  12  210  )
( 30  63  -208  )
( -159  172  71  )
( 50  149  11  )
( 129  -152  37  )
( -107  160  204  )
( 204  230  -187  )
( 24  -108  119  )
( -157  -46  227  )
( 26  -69  61  )
( -136  -29  202  )
( -239  13  52  )
( -97  48  -27  )
( -104  -96  -133  )
( 195  -25  136  )
( 17  -12  145  )
( -166  -154  -203  )
( 224  76  205  )
( 166  -191  168  )
( 56  79  -60  )
( -234  199  -66  )
( 102  220  131  )
( -137  -99  -26  )
( -234  -40  61  )
( 29  -102  -154  )
( 52  12  -83  )
( 212  83  64  )
( -118  -244  203  )
( -225  50  237  )
( -46  -144  97  )
( -135  -154  -63  )
( -206  14  -164  )
( -61  109  51  )
( 66  81  229  )
( 48  36  137  )
( -111  -69  151  )
( 144  135  140  )
( 180  -221  185  )
( -27  -18  -140  )
( 164  -87  -2  )
( 123  -3  -32  )
( -133  -79  -151  )
( 175  -249  191  )
( 225  30  -44  )
( 76  -221  -123  )
( -10  194  205  )
( 29  -81  127  )
( 248  -69  -53  )
( 9  162  99  )
( -53  69  -237  )
( 166  -43  176  )
( 48  -107  -188  )
( -25  244  33  )
( -158  -116  200  )
( -235  244  195  )
( 69  -178  -211  )
( -95  29  237  )
( 234  -24  177  )
( 21  31  -3  )
( 159  -119  -114  )
( 198  -142  135  )
( 64  -130  -101  )
( -19  -24  211  )
( -176  -150  52  )
( -68  -66  -152  )
( -62  75  70  )
( -181  -70  192  )
( 84  119  -16  )
( 80  16  -83  )
( 227  23  -68  )
( -93  0  47  )
( 116  151  49  )
( 153  154  15  )
( -229  -27  -196  )
( -210  104  -10  )
( -205  -159  142  )
( 7  -234  137  )
( -170  176  -145  )
( 240  -125  41  )
( 147  196  164  )
( 200  -237  -158  )
( 144  -10  237  )
( -196  201  -243  )
( -131  -233  -148  )
( 18  25  -144  )
( -241  202  43  )
( -147  38  236  )
( -60  28  159  )
( -97  -3  48  )
( -103  22  234  )
( -10  5  -224  )
( 164  -70  194  )
( 75  192  102  )
( -62  -120  60  )
( 65  230  59  )
( -108  94  -226  )
( -226  -19  59  )
( 102  -246  -240  )
( -120  -231  105  )
( 165  1  -122  )
( 184  -28  -16  )
( -45  -7  -246  )
( 105  -166  -120  )
( 153  246  39  )
( -78  214  222  )
( -174  -235  160  )
( 43  -8  161  )
( -52  81  241  )
( -167  -81  -239  )
( -239  233  101  )
( -124  -246  128  )
( 245  4  -228  )
( 138  51  -157  )
( -107  -109  244  )
( -139  -15  -79  )
( 26  -174  -120  )
( 149  43  -105  )
( -225  -120  -148  )
( -40  -148  244  )
( -204  91  -157  )
( 92  238  131  )
( -74  203  -9  )
( -202  -32  236  )
( 54  -212  75  )
( -27  99  -138  )
( -135  6  110  )
( -103  -142  135  )
( -136  208  179  )
( -8  -143  -112  )
( 170  -117  -61  )
( 219  161  -53  )
( -225  32  -19  )
( -57  232  -197  )
( 154  -141  159  )
( -132  28  90  )
( 178  66  102  )
( 197  -109  -193  )
( 55  234  114  )
( 23  235  -93  )
( -59  5  132  )
( 246  121  220  )
( -195  -44  -23  )
( -24  116  184  )
( -180  86  -87  )
( 203  159  246  )
( 17  56  -39  )
( -164  -131  223  )
( -23  -178  -54  )
( 133  178  42  )
( 133  -108  98  )
( 53  -7  -243  )
( 138  103  -224  )
( -181  6  -133  )
( 41  -193  184  )
( 105  185  -104  )
( -153  136  -90  )
( 17  -110  -147  )
( 116  -67  -142  )
( 197  -39  185  )
( 138  -167  121  )
( -176  -189  28  )
( -197  170  -201  )
( 103  -55  -247  )
( 67  -88  50  )
( 43  174  169  )
( -21  162  210  )
( -185  -156  -89  )
( -218  26  123  )
( -36  -224  218  )
( 87  -244  209  )
( 182  -50  -240  )
( 203  127  -233  )
( 20  130  136  )
( 224  3  -45  )
( 222  35  191  )
( 6  53  -19  )
( -103  241  -101  )
( -234  -176  36  )
( -145  62  225  )
( 8  226  98  )
( -11  242  -135  )
( -125  -43  35  )
( -44  22  -142  )
( 1  24  214  )
( -155  52  -110  )
( 127  145  -40  )
( 154  7  32  )
( 15  -155  -82  )
( 0  -100  151  )
( 124  91  31  )
( -53  -225  -247  )
( 167  -207  236  )
( -59  -6  -15  )
( -26  -32  42  )
( 27  155  31  )
( -27  181  13  )
( 141  52  -3  )
( -37  120  -2  )
( 37  -228  -190  )
( -70  111  -219  )
( -38  26  -31  )
( -225  -172  71  )
( -189  -49  -200  )
( 172  183  -141  )
( -73  52  186  )
( -222  8  73  )
( -138  139  -184  )
( -70  111  128  )
( 100  147  -143  )
( -173  192  -117  )
( -11  -153  121  )
( 127  146  -17  )
( -207  127  221  )
( 102  232  137  )
( -167  -187  -2  )
( -147  -246  -78  )
( 22  -88  240  )
( 141  80  136  )
( -32  -38  103  )
( 21  156  8  )
( -171  46  36  )
( -215  67  137  )
( -184  181  167  )
( 8  121  162  )
( -56  29  167  )
( 118  -221  -239  )
( -170  111  -27  )
( -237  234  14  )
( 124  -223  -171  )
( -22  -232  139  )
( -154  -147  -12  )
( 168  -91  -152  )
( -167  76  -93  )
( 233  239  74  )
( 219  122  226  )
( -147  -189  -233  )
( -130  56  -23  )
( 23  61  -177  )
( -189  231  -61  )
( 186  -240  238  )
( 209  -101  -197  )
( -213  100  226  )
( 161  248  -66  )
( -31  194  -242  )
( -16  102  13  )
( 229  -172  -110  )
( 193  -163  247  )
( -235  248  -31  )
( -116  -216  16  )
( 214  91  -203  )
( -79  -207  162  )
( 165  -164  -101  )
( -1  -134  119  )
( 166  56  8  )
( -174  -176  151  )
( -218  -159  117  )
( -245  -17  54  )
( -152  -36  -143  )
( -72  132  -245  )
( -1  -208  -39  )
( -44  220  -0  )
( -156  -81  31  )
( 90  -243  3  )
( -86  181  -101  )
( -89  58  230  )
( 149  -20  -12  )
( -88  132  -145  )
( -182  -193  83  )
( -41  -157  25  )
( -130  113  -46  )
( 111  150  -164  )
( 177  171  -166  )
( 177  186  -238  )
( 212  -37  167  )
( -31  -72  48  )
( 122  15  70  )
( -133  67  114  )
( -147  159  172  )
( -120  -92  40  )
( 163  243  205  )
( 35  -53  -140  )
( 164  -143  -174  )
( -192  170  -19  )
( 39  199  156  )
( 63  -135  -223  )
( 111  87  -129  )
( 217  -93  204  )
( 79  27  -210  )
( 112  167  -72  )
( 130  -133  208  )
( 13  216  209  )
( 178  -156  194  )
( 173  -239  -188  )
( 13  -121  236  )
( -74  -126  29  )
( 151  66  205  )
( 40  -161  174  )
( 238  -160  -72  )
( 222  -236  196  )
( -247  -45  146  )
( -154  -71  -177  )
( 142  143  -64  )
( -210  162  13  )
( -137  133  -238  )
( -157  199  64  )
( 116  -86  -101  )
( -150  -88  -203  )
( 119  129  -45  )
( 195  39  -217  )
( -103  -113  -191  )
( -57  182  -26  )
( -128  192  240  )
( -123  -19  199  )
( -211  173  -80  )
( 4  12  -244  )
( 236  22  99  )
( 205  -134  154  )
( 161  -210  -166  )
( 187  -136  117  )
( -133  155  240  )
( -15  -79  -190  )
( -106  -198  -24  )
( -31  -199  -24  )
( -137  -212  -153  )
( 146  -205  -238  )
( -145  36  -245  )
( 200  -20  223  )
( -12  114  0  )
( -216  93  45  )
( -63  173  -137  )
( 244  241  -169  )
( -180  79  -197  )
( -191  -77  92  )
( -116  104  160  )
( -100  -82  187  )
( 12  -40  -41  )
( -130  -149  36  )
( -99  -68  225  )
( 30  -29  -64  )
( -243  -131  69  )
( -58  208  216  )
( -187  184  -14  )
( -151  -60  -54  )
( 16  -52  -215  )
( -9  135  179  )
( -201  217  194  )
( -16  -59  135  )
( 79  93  -89  )
( 46  34  -12  )
( -205  150  -220  )
( 174  -195  -114  )
( -128  234  -154  )
( -112  75  -136  )
( 234  -57  56  )
( -237  -144  222  )
( 194  21  51  )
( -147  122  -234  )
( 72  -168  -103  )
( 57  110  97  )
( -10  45  -148  )
( 177  -228  199  )
( 102  -22  -8  )
( 85  -176  245  )
( 196  202  -74  )
( -19  -86  108  )
( 70  33  130  )
( 25  -161  -193  )
( -51  135  -52  )
( 107  -52  -55  )
( 45  -156  70  )
( -168  -194  -208  )
( 157  -73  29  )
( 73  246  -92  )
( 233  -198  156  )
( 120  -56  -208  )
( 226  -144  230  )
( -148  -47  200  )
( -91  -23  73  )
( 129  -155  -17  )
( -125  133  201  )
( 92  -131  184  )
( 93  40  -15  )
( -201  174  -100  )
( -221  231  220  )
( 144  94  196  )
( -56  107  21  )
( 26  -216  -40  )
( -158  -55  -79  )
( -23  -51  18  )
( 62  21  170  )
( -157  -155  -248  )
( -226  -80  -107  )
( 141  -0  26  )
( -165  -138  26  )
( -183  -137  13  )
( 83  8  136  )
( 187  -45  138  )
( 142  -189  -67  )
( 87  205  119  )
( 99  -35  33  )
( -52  102  149  )
( 248  40  146  )
( -39  101  111  )
( 185  -223  242  )
( -16  56  204  )
( -53  -12  0  )
( -229  -145  236  )
( -216  13  -220  )
( 194  164  -181  )
( -249  -61  39  )
( 185  -144  109  )
( -59  -170  -240  )
( -177  190  249  )
( -35  152  3  )
( 23  105  -76  )
( -16  188  239  )
( -122  64  -170  )
( 218  -227  -8  )
( -206  -199  -28  )
( -145  173  -165  )
( 226  -16  -54  )
( -213  214  110  )
( -86  220  -210  )
( -128  46  -170  )
( 215  -4  60  )
( 223  -38  152  )
( 87  101  -16  )
( -50  29  94  )
( -20  78  -246  )
( -204  -218  187  )
( -220  81  184  )
( 24  -53  -215  )
( -221  -213  -60  )
( -178  166  -247  )
( 86  -244  235  )
( -68  27  10  )
( 109  -206  33  )
( 110  -214  -247  )
( 155  29  -214  )
( 38  -190  -24  )
( -72  102  235  )
( -14  153  -185  )
( -166  -244  164  )
( 4  168  -152  )
( 108  28  -228  )
( -80  -114  241  )
( 114  109  -219  )
( 169  -198  -168  )
( 28  -74  213  )
( 216  -15  -209  )
( 35  242  23  )
( 60  -172  219  )
( -65  -188  -211  )
( 124  -63  -135  )
( 239  1  -101  )
( -194  -87  200  )
( 117  138  217  )
( 141  -19  149  )
( -0  -229  -28  )
( -148  200  -73  )
( -84  234  201  )
( -210  -8  -15  )
( -109  147  -86  )
( 217  -180  203  )
( -244  135  248  )
( 16  -138  150  )
( 56  174  -107  )
( 246  -206  157  )
( 3  244  -232  )
( 143  79  -48  )
( 209  -218  -137  )
( -183  -0  -64  )
( 234  -184  36  )
