( -238  169  198  )
( 129  -75  33  )
( 153  172  -221  )
( -209  -98  -107  )
( -100  -211  -105  )
( -14  218  -112  )
( 207  201  132  )
( -139  66  111  )
( -178  163  51  )
( -58  228  -117  )
( -187  23  106  )
( -106  -236  86  )
( 13  88  -82  )
( 66  210  -247  )
( 224  150  210  )
( 108  183  57  )
( -180  182  2  )
( -158  -103  69  )
( -185  134  96  )
( 247  112  4  )
( -129  171  -127  )
( 91  107  -234  )
( -4  -160  -139  )
( -16  -58  165  )
( -77  32  -9  )
( -26  204  -118  )
( -181  -136  -62  )
( -185  174  -79  )
( -55  220  -235  )
( 4  75  3  )
( -76  -162  -94  )
( -89  -35  128  )
( -106  180  197  )
( -183  -43  83  )
( -205  171  0  )
( -140  7  -214  )
( 75  77  -231  )
( 146  -184  -29  )
( -65  -146  110  )
( 75  161  -180  )
( -237  175  -59  )
( -43  125  -10  )
( -120  -25  -231  )
( -21  120  -144  )
( -20  98  -203  )
( -150  71  -58  )
( -19  116  209  )
( 11  20  148  )
( -54  -33  169  )
( -28  66  -155  )
( -157  -215  -153  )
( -5  -80  213  )
( -172  -211  -56  )
( -207  185  -35  )
( -27  90  132  )
( 191  212  -35  )
( -10  -73  -144  )
( -157  -159  -162  )
( -31  101  -177  )
( 147  53  142  )
( -230  -3  193  )
( -249  16  71  )
( 60  205  -0  )
( 165  55  -69  )
( 11  -176  -203  )
( -234  -242  56  )
( -96  182  222  )
( -19  147  -60  )
( 166  -244  -69  )
( 78  -238  73  )
( -38  33  -116  )
( -23  -199  -219  )
( 242  -114  134  )
( -4  102  -140  )
( 218  9  -136  )
( 234  65  -26  )
( 246  -71  83  )
( -55  33  53  )
( -235  -104  -81  )
( 126  -114  160  )
( 172  109  -192  )
( 157  -43  -249  )
( -188  -7  -18  )
( -173  31  -193  )
( -201  -235  52  )
( 182  232  -199  )
( 100  -109  117  )
( -89  207  97  )
( 131  -101  110  )
( 158  -85  -65  )
( -148  74  3  )
( 34  182  -16  )
( -51  243  56  )
( -139  70  234  )
( 156  -123  198  )
( 221  160  -226  )
( 81  166  176  )
( 192  -60  118  )
( -13  -29  -26  )
( -211  -144  -237  )
( 139  -187  -41  )
( 137  -12  -64  )
( 120  26  -177  )
( 54  -110  9  )
( 95  -188  -189  )
( -15  -26  90  )
( 166  49  -143  )
( -84  -86  -163  )
( 42  -151  89  )
( -186  33  94  )
( -33  218  -115  )
( -174  -85  146  )
( 174  -117  96  )
( 110  137  -185  )
( -249  175  -157  )
( -139  136  27  )
( -236  -98  -82  )
( -59  -70  141  )
( -164  18  -133  )
( 141  -187  -9  )
( -34  -19  16  )
( 33  74  194  )
( -188  212  -12  )
( 185  -209  65  )
( -8  139  -6  )
( -108  43  106  )
( 100  133  -174  )
( -152  170  124  )
( 85  0  -174  )
( -157  13  83  )
( -152  -49  182  )
( 237  -89  149  )
( -152  138  -215  )
( -72  205  184  )
( -39  76  -63  )
( 94  -215  70  )
( -225  123  85  )
( -118  -177  191  )
( -102  -117  -19  )
( -83  -158  -154  )
( -123  -228  132  )
( -93  -127  181  )
( -168  3  58  )
( -208  -33  186  )
( -113  215  70  )
( 17  165  62  )
( 46  -201  -107  )
( 5  -171  -46  )
( -150  -13  82  )
( 57  -223  -169  )
( 196  -101  -10  )
( 77  224  -31  )
( -84  -166  -34  )
( 175  -89  67  )
( -212  48  85  )
( 154  -14  -23  )
( 24  142  122  )
( 49  -171  -187  )
( 132  231  -209  )
( 215  -93  59  )
( -47  89  -67  )
( 29  -241  171  )
( 234  -31  35  )
( -145  190  -44  )
( 152  209  -101  )
( 179  -26  74  )
( -151  -18  184  )
( -91  -175  -96  )
( 31  -80  -238  )
( -212  26  -138  )
( -146  -8  232  )
( -249  -172  -107  )
( -144  227  -242  )
( -62  -50  -116  )
( 25  107  -179  )
( 124  -12  195  )
( 111  -85  -182  )
( -79  -239  -40  )
( 189  67  151  )
( -23  -208  99  )
( -36  -85  33  )
( 240  224  162  )
( 9  -15  131  )
( -79  -169  180  )
( 58  -19  61  )
( 16  -177  33  )
( 103  -117  -161  )
( 152  35  60  )
( 154  -136  -7  )
( -1  143  -162  )
( -137  -228  138  )
( 195  -27  178  )
( -180  153  -70  )
( 76  199  -195  )
( -246  176  -142  )
( 171  191  -95  )
( -25  -43  -240  )
( 224  3  168  )
( 91  239  109  )
( -29  -105  148  )
( 89  3  216  )
( -94  -20  -27  )
( 226  -74  102  )
( 81  -83  141  )
( 63  227  -124  )
( 68  -226  246  )
( -125  50  187  )
( -15  244  77  )
( 5  203  -16  )
( -52  -28  -10  )
( 126  68  248  )
( 5  54  162  )
( 166  -150  35  )
( 120  -227  105  )
( 16  -91  217  )
( 184  123  -94  )
( 215  -126  -187  )
( -161  -24  -89  )
( -195  -9  67  )
( 69  -217  -60  )
( -38  -245  115  )
( 34  198  110  )
( 211  220  -155  )
( -218  -10  -79  )
( 78  -30  91  )
( -54  134  21  )
( -2  -172  144  )
( 145  -37  148  )
( 48  74  -169  )
( -188  -94  129  )
( -202  -50  -241  )
( 115  -183  113  )
( 144  123  134  )
( -33  50  120  )
( -143  -28  245  )
( -28  -192  177  )
( 230  -218  -33  )
( 224  -65  -172  )
( -86  100  -19  )
( 191  -249  175  )
( 234  -86  61  )
( 149  -236  44  )
( 120  -40  -109  )
( 171  19  -167  )
( 13  89  -188  )
( -181  -196  -158  )
( -178  -125  -184  )
( -233  -143  -232  )
( 131  155  213  )
( -115  222  76  )
( 127  -155  117  )
( 72  150  -7  )
( 167  140  -8  )
( -216  -138  231  )
( -128  211  -68  )
( 7  240  -241  )
( -118  -59  92  )
( -53  68  155  )
( -246  29  -245  )
( 168  243  -146  )
( 191  -158  143  )
( 196  -44  2  )
( -151  67  -52  )
( -70  189  -193  )
( 198  -217  -109  )
( -190  32  -30  )
( 76  -188  90  )
( 241  -19  96  )
( 179  -207  94  )
( 100  -175  179  )
( 229  111  117  )
( 177  -73  -15  )
( -93  3  117  )
( 10  177  150  )
( -249  221  -218  )
( -12  -243  -84  )
( -128  -164  -20  )
( -20  -145  200  )
( -156  155  55  )
( -182  49  68  )
( 158  60  -45  )
( 174  211  125  )
( 48  -198  22  )
( -227  -148  169  )
( -118  -238  85  )
( 182  206  232  )
( -125  -67  155  )
( -176  -133  -0  )
( -48  -138  -72  )
( 9  -124  -195  )
( -69  -180  207  )
( 125  -96  114  )
( 162  -103  242  )
( 101  -239  -9  )
( -57  189  210  )
( -91  138  -233  )
( -83  -208  -176  )
( -184  -50  -165  )
( 227  -167  -43  )
( -181  73  -88  )
( -157  110  -116  )
( 131  -74  -104  )
( 32  151  214  )
( -110  -164  -75  )
( -210  -112  -107  )
( -153  -186  -146  )
( 183  -186  201  )
( 51  -214  68  )
( -244  -52  -44  )
( -62  -248  -74  )
( 212  -246  -41  )
( -33  -244  -150  )
( -103  -18  -231  )
( -171  222  95  )
( -214  67  -193  )
( 41  -221  45  )
( 151  -208  82  )
( 224  197  140  )
( -131  168  -74  )
( 148  6  59  )
( -140  -14  199  )
( 25  -115  111  )
( 232  -151  -88  )
( 141  -18  -232  )
( 123  -78  -105  )
( 30  175  155  )
( -18  -10  -164  )
( 164  102  208  )
( 191  -157  -66  )
( 45  218  -192  )
( 61  57  161  )
( -3  236  11  )
( 23  -228  -220  )
( 170  248  -116  )
( -238  151  177  )
( 16  137  -223  )
( -34  -158  -66  )
( 12  61  -163  )
( 203  -201  205  )
( 175  29  -96  )
( 42  54  55  )
( -120  -44  61  )
( 224  170  -29  )
( -79  189  94  )
( 61  201  -75  )
( 152  179  -12  )
( 32  -114  244  )
( -198  -111  -229  )
( -89  -157  140  )
( 110  168  -73  )
( 243  175  34  )
( -9  -154  -122  )
( -99  -135  -154  )
( 77  186  -180  )
( 208  32  66  )
( 112  -217  -211  )
( 40  163  -77  )
( 56  19  102  )
( -155  -243  -201  )
( -103  124  230  )
( 61  -21  -168  )
( 94  -24  37  )
( -68  -142  96  )
( 17  -74  -7  )
( -229  -32  137  )
( 106  87  -178  )
( -196  -238  -4  )
( 43  86  40  )
( -44  206  67  )
( -82  197  -177  )
( -151  -96  51  )
( -136  177  -101  )
( -245  224  203  )
( -145  241  -160  )
( 224  -164  3  )
( -17  103  41  )
( 98  -175  -43  )
( 46  -9  -52  )
( -192  -232  107  )
( 168  228  -79  )
( 24  -209  -76  )
( -110  -132  146  )
( -153  71  -41  )
( 59  198  -189  )
( -16  -204  -130  )
( 2  -180  176  )
( -20  72  -166  )
( 102  122  41  )
( -38  100  22  )
( -22  -170  183  )
( -39  38  -206  )
( 54  121  158  )
( -40  224  242  )
( 75  169  67  )
( -134  149  -201  )
( 60  -128  170  )
( 174  -186  148  )
( -24  162  152  )
( 208  81  73  )
( -249  -163  -170  )
( 49  -136  -51  )
( 216  -245  215  )
( -43  47  157  )
( -151  -211  240  )
( 68  86  -14  )
( -165  -1  -115  )
( -146  -195  1  )
( 145  -106  165  )
( -100  69  15  )
( -149  206  -196  )
( 156  128  225  )
( -129  -26  -3  )
( -177  -138  -1  )
( -92  -163  -207  )
( -48  107  230  )
( 151  247  -137  )
( -68  -146  -124  )
( 112  141  196  )
( 61  50  184  )
( 131  -93  218  )
( 194  -225  111  )
( -249  -152  -127  )
( 192  218  58  )
( 135  -155  -215  )
( 202  197  -69  )
( -23  -32  116  )
( -27  -128  -143  )
( 134  -192  -173  )
( -167  12  17  )
( -7  -214  -154  )
( 115  127  229  )
( -70  -139  -64  )
( -98  100  74  )
( -4  -163  -71  )
( -249  202  113  )
( 195  -120  107  )
( 227  221  -114  )
( -8  -67  234  )
( -131  -155  124  )
( -146  186  -207  )
( 115  188  -109  )
( -61  123  23  )
( -128  -79  1  )
( -190  -222  -38  )
( 86  92  -150  )
( 172  10  108  )
( 200  77  215  )
( -214  -97  155  )
( -234  219  241  )
( -160  158  -217  )
( 131  -151  -232  )
( -205  52  176  )
( 68  -57  -239  )
( 186  58  -20  )
( -144  103  -24  )
( 83  96  -137  )
( 188  -164  242  )
( -107  90  85  )
( -183  232  68  )
( -224  -52  59  )
( 23  174  -93  )
( 123  -21  55  )
( -190  234  -94  )
( -167  111  -35  )
( 211  241  -163  )
( -154  179  46  )
( 206  -154  115  )
( -98  140  -200  )
( 34  -91  96  )
( -240  214  -165  )
( 151  -74  179  )
( 40  32  -121  )
( -14  -38  34  )
( -190  -4  -36  )
( -139  -242  243  )
( 75  -240  89  )
( 207  -208  -142  )
( 122  247  45  )
( -190  28  108  )
( 172  -198  -195  )
( 76  -155  13  )
( 116  140  235  )
( -230  -47  -156  )
( -157  -196  156  )
( -71  -118  156  )
( 171  66  122  )
( 27  153  -157  )
( -205  -106  227  )
( -187  -207  -77  )
( 192  230  94  )
( -241  -215  166  )
( 241  -244  193  )
( 118  -13  -243  )
( -138  -152  23  )
( -176  25  -191  )
( 106  177  37  )
( -15  -71  -12  )
( -197  -186  -145  )
( 117  188  -86  )
( -182  148  76  )
( 27  -104  103  )
( 117  -31  -111  )
( 224  -25  -189  )
( -95  192  -247  )
( -32  26  34  )
( 206  13  215  )
( -0  -90  103  )
( -44  -105  -121  )
( -66  -115  -129  )
( 19  -206  200  )
( -236  -27  -53  )
( 70  -163  6  )
( 100  208  -133  )
( -249  29  -14  )
( 23  -139  -6  )
( -58  21  -102  )
( -202  -90  -45  )
( 226  -101  -135  )
( -213  221  137  )
( -179  239  -196  )
( 212  -77  -93  )
( 96  -240  -227  )
( 133  -46  186  )
( 99  -21  224  )
( 225  68  -217  )
( 237  89  -146  )
( 17  -122  -117  )
( -143  -82  50  )
( -80  -110  -77  )
( 6  -233  -110  )
( 226  215  48  )
( 141  -229  79  )
( -4  196  245  )
( -216  -173  15  )
( 23  179  -81  )
( -54  -130  -15  )
( -245  -219  -66  )
( 162  -249  234  )
( 35  -142  159  )
( -182  -52  -56  )
( 20  163  -30  )
( 215  36  118  )
( -44  -95  -21  )
( 51  59  -151  )
( -126  207  -140  )
( -191  15  96  )
( -65  -119  -242  )
( 12  -8  -31  )
( -133  13  -245  )
( -45  94  23  )
( 45  -78  -159  )
( -147  96  -162  )
( -46  62  147  )
( -219  177  -120  )
( 237  -198  196  )
( 58  72  49  )
( -203  209  -121  )
( 169  -230  74  )
( 90  175  110  )
( 63  -175  -45  )
( 220  -242  -60  )
( -119  76  133  )
( -191  72  211  )
( 248  -243  -213  )
( -197  5  -229  )
( 226  -59  72  )
( -43  65  -244  )
( -27  243  -199  )
( 42  105  164  )
( -206  -125  184  )
( -156  21  215  )
( 112  -190  86  )
( -106  -54  -236  )
( -171  146  131  )
( 140  -246  -228  )
( 36  198  120  )
( 10  38  33  )
( -209  9  192  )
( 206  -59  79  )
( -45  -182  -218  )
( 146  205  -95  )
( 129  -17  -41  )
( 213  -87  139  )
( 34  120  215  )
( -185  91  183  )
( 205  -33  -39  )
( -193  -67  -37  )
( 136  159  -41  )
( 100  -174  24  )
( -91  -200  249  )
( -221  -197  91  )
( 9  -128  174  )
( -83  90  -210  )
( 90  235  128  )
( -86  -160  -217  )
( 157  174  115  )
( -157  -26  -208  )
( 156  215  -106  )
( 243  78  143  )
( -114  165  -182  )
( 35  130  246  )
( 138  -217  27  )
( 44  -92  -132  )
( 211  78  194  )
( -85  -127  -237  )
( 135  -100  181  )
( -177  205  110  )
( -52  75  -203  )
( 247  217  -205  )
( 184  -227  183  )
( 201  124  131  )
( 22  -112  207  )
( -15  -168  200  )
( -106  187  248  )
( -193  53  -45  )
( 153  -22  -24  )
( -156  239  -22  )
( -236  -15  232  )
( -120  -239  -33  )
( -128  37  25  )
( 81  -200  -35  )
( 64  62  -223  )
( 145  25  -235  )
( -106  -15  -240  )
( 241  164  82  )
( -224  39  -31  )
( 228  167  214  )
( -12  -197  140  )
( 66  -21  -128  )
( 15  152  214  )
( -116  -61  -77  )
( 241  244  246  )
( 20  233  -64  )
( -219  154  54  )
( 22  -19  -101  )
( -188  -88  -94  )
( 233  -28  -230  )
( 170  130  -210  )
( -95  54  220  )
( 49  -181  -31  )
( 101  134  6  )
( -72  221  -218  )
( -140  189  194  )
( -62  152  98  )
( 238  -160  84  )
( 119  -193  187  )
( -71  -45  -220  )
( -77  -214  -160  )
( 215  -32  -75  )
( -66  -124  172  )
( -64  -210  -237  )
( -56  -123  -130  )
( -190  -99  -202  )
( -220  192  -244  )
( 150  189  -236  )
( -176  -23  213  )
( 164  249  44  )
( 246  -101  2  )
( 238  -118  -156  )
( -163  220  -222  )
( -61  -0  -19  )
( 96  -76  182  )
( -39  246  190  )
( 229  225  -44  )
( 87  -24  104  )
( 61  -100  -32  )
( -90  152  -156  )
( -169  176  227  )
( -70  -119  117  )
( -23  -228  -70  )
( 50  -119  147  )
( -206  -114  -205  )
( 10  0  -164  )
( -160  162  89  )
( 68  139  60  )
( -230  -143  224  )
( 205  -249  29  )
( 222  -148  -1  )
( -154  -49  138  )
( -58  -181  -248  )
( -69  7  -92  )
( 13  -109  170  )
( -22  -214  173  )
( -29  -33  178  )
( -123  42  -50  )
( 209  -246  -9  )
( 164  71  166  )
( -41  187  -150  )
( -42  -37  -240  )
( 121  29  -237  )
( -178  -164  179  )
( -249  -9  131  )
( -55  -152  9  )
( 134  189  172  )
( 36  110  114  )
( -57  55  190  )
( -79  90  108  )
( 171  -6  -38  )
( 83  56  -75  )
( 116  -190  -58  )
( 32  9  -13  )
( -171  -209  45  )
( -138  -164  207  )
( -40  11  -225  )
( 203  -188  -138  )
( -145  62  -13  )
( 197  104  65  )
( -140  -48  86  )
( 34  -54  244  )
( -234  170  -145  )
( -212  78  -148  )
( -108  75  25  )
( 131  -23  128  )
( 91  -225  -185  )
( -194  -95  34  )
( 67  -190  -218  )
( -146  43  -201  )
( 75  -140  -27  )
( 164  121  67  )
( 245  183  -248  )
( -86  -39  159  )
( -170  223  -140  )
( -133  -117  -111  )
( -6  -165  225  )
( -165  17  162  )
( -86  -5  -92  )
( 110  14  -6  )
( -212  193  198  )
( 70  109  -103  )
( -78  81  -32  )
( -91  221  -119  )
( 213  -193  -112  )
( 51  -134  90  )
( 31  -155  -242  )
( 81  -158  244  )
( 39  201  -66  )
( 245  -178  65  )
( -138  -120  128  )
( 187  -89  139  )
( 10  -18  -234  )
( 31  243  84  )
( -111  -82  -224  )
( 8  -48  46  )
( -169  -65  -87  )
( 239  8  213  )
( -245  -37  143  )
( 112  -14  -239  )
( 42  57  -84  )
( -68  -10  180  )
( 85  43  229  )
( 143  231  167  )
( -229  -14  -211  )
( -81  236  -238  )
( -63  43  -120  )
( -8  130  19  )
( 31  160  -137  )
( -9  70  -134  )
( -63  -167  64  )
( -0  -144  116  )
( -13  -145  119  )
( -78  141  -0  )
( 45  164  -42  )
( -200  -151  121  )
( 18  40  -100  )
( -116  95  -24  )
( 205  -57  -1  )
( -128  230  74  )
( -244  -98  -109  )
( 10  198  -97  )
( 198  207  -67  )
( -163  96  0  )
( -139  -137  124  )
( 64  219  -214  )
( 5  -235  -73  )
( 107  233  -9  )
( 75  -204  -200  )
( -71  40  -112  )
( -51  -100  167  )
( 200  -59  -123  )
( -140  -242  87  )
( 72  -236  -91  )
( -199  131  -221  )
( -17  -194  -167  )
( -18  133  205  )
( 148  -65  223  )
( 167  -89  -177  )
( -164  -142  -71  )
( 171  -33  17  )
( 105  223  97  )
( 14  99  42  )
( -213  180  106  )
( -99  -148  -98  )
( -204  -11  -230  )
( 37  222  211  )
( -163  -36  238  )
( -201  -34  121  )
( -3  -12  163  )
( -152  119  -236  )
( -66  118  96  )
( -150  53  18  )
( 50  87  73  )
( -162  -244  19  )
( 2  -119  69  )
( -83  -148  136  )
( -159  218  59  )
( 86  -5  165  )
( -42  121  -89  )
( -4  -68  -179  )
( -149  -53  161  )
( 198  -99  -164  )
( 23  -14  194  )
( 19  9  -216  )
( -191  68  -162  )
( 74  131  245  )
( -78  -54  -69  )
( 35  48  78  )
( 213  78  -183  )
( -138  198  -63  )
( 205  54  -104  )
( -77  -83  71  )
( 178  -69  47  )
( 79  192  135  )
( -207  181  -73  )
( 195  -161  -171  )
( -168  -88  -105  )
( -122  21  -35  )
( 101  119  -178  )
( -224  117  16  )
( 105  228  -90  )
( -157  89  -184  )
( 216  -201  -79  )
( -181  -31  -97  )
( -157  148  65  )
( -120  -163  -154  )
( 143  84  54  )
( 50  -169  176  )
( -163  -144  -180  )
( -135  105  176  )
( 148  77  48  )
( 36  -144  79  )
( -33  -244  30  )
( 240  203  182  )
( -208  134  -81  )
( -24  -195  162  )
( 90  -123  -56  )
( 181  141  -38  )
( 83  -248  -113  )
( 66  -243  -173  )
( -1  162  -247  )
( 178  238  205  )
( -82  28  59  )
( -131  -173  153  )
( -107  27  214  )
( 211  48  -220  )
( -204  -82  -117  )
( 197  -134  -243  )
( -49  37  152  )
( -30  64  -126  )
( -186  -58  -64  )
( -239  -151  125  )
( -6  -156  -50  )
( -45  -122  -4  )
( 96  -237  70  )
( -17  -76  80  )
( 220  -209  -69  )
( 168  -32  67  )
( -49  -186  -146  )
( 21  80  214  )
( -113  -241  100  )
( 47  136  90  )
( -140  -94  -2  )
( -162  224  -52  )
( -151  88  91  )
( -186  -179  -29  )
( -181  115  197  )
( 14  59  -127  )
( -144  -72  56  )
( 161  222  -45  )
( -113  -28  245  )
( -12  81  34  )
( -161  165  -189  )
( 215  216  17  )
( -53  47  -160  )
( 167  49  -93  )
( 50  28  -101  )
( -118  -10  -238  )
( -241  -48  130  )
( -46  20  165  )
( -12  242  165  )
( -5  195  -232  )
( 189  134  -16  )
( -237  -165  208  )
( -141  -38  -209  )
( -105  -73  -43  )
( -15  156  167  )
( -153  43  -122  )
( 33  -245  113  )
( -232  102  238  )
( 216  -160  -190  )
( -22  118  -173  )
( -72  164  -234  )
( 98  22  -78  )
( -223  -212  115  )
( 63  27  182  )
( 165  17  -195  )
( -115  -248  166  )
( -37  -36  -185  )
( -209  -238  242  )
( -61  -196  99  )
( 58  -91  6  )
( -147  -68  136  )
( 60  -188  -74  )
( 150  -209  -25  )
( -234  249  -242  )
( -120  -158  75  )
( 199  -202  -219  )
( 151  -211  29  )
( 126  166  -240  )
( 217  2  -60  )
( -78  141  51  )
( -65  49  -127  )
( 192  -214  -26  )
( 55  143  -4  )
( -123  193  222  )
( 229  -33  -35  )
( 86  -55  175  )
( 159  -198  -130  )
( -205  17  -82  )
( -175  -131  -84  )
( -121  -135  -183  )
( 86  72  236  )
( 186  34  174  )
( 28  -189  -0  )
( -234  87  -160  )
( -17  229  -130  )
( 87  -0  -149  )
( 55  -134  -61  )
( 108  238  181  )
( -225  206  -96  )
( 118  -242  -163  )
( -210  -120  -18  )
( 114  -109  -18  )
( 155  -113  -39  )
( -192  217  -34  )
( -57  186  32  )
( 88  -240  234  )
( -16  192  -21  )
( -67  -227  139  )
( -154  -27  244  )
( -174  -118  243  )
( 141  21  -42  )
( 154  220  -203  )
( -19  58  46  )
( -238  162  169  )
( 13  -76  90  )
( 201  182  -193  )
( 33  114  131  )
( -217  -238  -87  )
( 142  72  132  )
( -192  144  -193  )
( 80  249  -161  )
( 181  -230  198  )
( 130  -224  -27  )
( 233  -76  -41  )
( 133  245  68  )
( -160  166  26  )
( 1  172  -216  )
( -210  141  125  )
( -34  229  205  )
( 162  -27  57  )
( -56  -104  -77  )
( 42  -158  -184  )
( -65  -98  166  )
( 229  47  95  )
( 200  64  -25  )
( -8  22  -185  )
( 124  103  -65  )
( -18  -33  106  )
( -140  -187  120  )
( -143  19  -180  )
( -88  151  189  )
( -93  26  -32  )
( 169  138  -190  )
( 184  118  249  )
( -208  -156  -225  )
( -89  64  -44  )
( 47  -211  -240  )
( 73  75  -114  )
( -157  -107  34  )
( -39  -180  -220  )
( 112  -99  12  )
( -39  -16  -57  )
( -71  -128  143  )
( 66  -61  45  )
( 26  231  39  )
( -63  170  226  )
( -19  -87  199  )
( -205  235  248  )
( 214  -159  10  )
( 70  157  243  )
( 231  -22  -85  )
( 65  -37  -212  )
( 41  176  -81  )
( 72  -73  26  )
( -229  -239  55  )
( -162  31  20  )
( 15  -25  -230  )
( 124  -150  35  )
( -234  11  48  )
( 203  -192  -239  )
( -117  -128  141  )
( -41  -240  -83  )
( 33  -56  -77  )
( -167  -94  -44  )
( -175  -177  145  )
( -98  10  183  )
( -151  -182  239  )
( -200  3  135  )
( 27  220  87  )
( 4  -90  2  )
( 212  -30  105  )
( 222  219  151  )
( 193  -143  -123  )
( -157  -50  37  )
( 223  5  82  )
( 183  161  34  )
( 82  109  218  )
( -224  5  -143  )
( -117  -77  -110  )
( 180  -193  231  )
( 215  85  -27  )
( -93  146  247  )
( 210  209  123  )
( -205  208  -10  )
( -85  200  96  )
( 93  248  -249  )
( -243  222  -91  )
( 46  214  -203  )
( 206  46  165  )
( -203  -185  -181  )
( 106  -103  -171  )
( -177  -47  -222  )
( 173  -108  104  )
( 162  -207  231  )
( 49  237  171  )
( 133  165  -161  )
( 75  133  135  )
( 191  -0  57  )
( -202  -183  -21  )
( -95  -94  -31  )
( -215  -22  65  )
( 97  -183  -202  )
( 16  -70  -36  )
( -21  95  41  )
( 25  -216  -21  )
( -87  177  -53  )
( -27  -107  -147  )
( -141  223  104  )
( -43  217  -226  )
( 17  223  -134  )
( -37  122  -177  )
( -208  80  91  )
( 55  -9  177  )
( 161  -126  -88  )
( -160  -73  -50  )
( 178  152  7  )
( -103  204  226  )
