( -235  104  -134  )
( -89  -142  114  )
( 73  123  133  )
( 208  25  236  )
( -173  172  98  )
( 163  62  -247  )
( -56  -13  116  )
( -189  37  43  )
( 68  213  -14  )
( 222  249  -134  )
( -129  241  -0  )
( -40  -74  197  )
( -150  -163  137  )
( -199  101  -114  )
( -245  76  -202  )
( -188  -6  -44  )
( -50  -47  -229  )
( -248  115  -183  )
( -120  -143  236  )
( 132  3  -107  )
( -105  213  -152  )
( -179  197  -33  )
( -40  -0  116  )
( -90  -142  96  )
( -0  -120  58  )
( 153  246  217  )
( -55  110  77  )
( -194  186  158  )
( -101  171  -73  )
( 59  54  -108  )
( -33  -1  223  )
( -6  47  -178  )
( -164  84  -91  )
( 200  21  -219  )
( -196  -200  228  )
( -123  72  -209  )
( -152  -25  -200  )
( -186  135  -219  )
( 92  -125  175  )
( -192  -98  -17  )
( -104  163  160  )
( -171  -39  124  )
( 85  -184  -63  )
( -85  -100  249  )
( -225  242  -234  )
( 226  205  -180  )
( -194  -115  -152  )
( -129  -193  -248  )
( 153  -60  229  )
( 123  68  177  )
( 221  -170  136  )
( 32  -126  42  )
( -7  8  144  )
( 100  34  -95  )
( -189  113  42  )
( -22  94  -16  )
( 191  -138  246  )
( 52  -40  -70  )
( 42  -69  8  )
( 246  226  130  )
( 87  -207  -124  )
( 33  116  -105  )
( -213  -237  -35  )
( -41  93  140  )
( -41  -94  68  )
( 179  26  -105  )
( -81  91  10  )
( -181  -238  142  )
( 179  -34  -183  )
( 184  155  81  )
( -2  129  -236  )
( -129  108  202  )
( -135  50  192  )
( -105  -94  -134  )
( -241  109  46  )
( 217  78  -54  )
( 243  71  198  )
( -228  57  -243  )
( 89  -163  218  )
( -52  160  -144  )
( -199  -55  -43  )
( 177  -180  86  )
( 244  -242  246  )
( -32  83  -176  )
( -81  -53  -149  )
( -224  -15  81  )
( -119  -185  149  )
( 52  -92  189  )
( 165  -233  26  )
( -220  -152  -190  )
( 6  181  237  )
( 117  -132  -202  )
( 68  18  111  )
( -104  137  -162  )
( -39  57  -183  )
( 75  124  213  )
( 11  -18  -189  )
( -56  113  244  )
( -30  82  -177  )
( -242  -66  169  )
( -84  -179  -239  )
( -69  181  -153  )
( -146  234  60  )
( 81  27  15  )
( -4  -140  -93  )
( -147  -39  168  )
( 210  69  248  )
( 133  136  95  )
( -117  46  59  )
( -209  154  153  )
( -80  -162  -158  )
( -42  -16  -192  )
( 30  -153  -106  )
( -104  184  -140  )
( -113  -224  -10  )
( -15  229  -234  )
( -58  -14  -241  )
( 143  -233  42  )
( 116  -5  -43  )
( -247  -41  178  )
( 193  -54  44  )
( 171  136  -78  )
( 33  221  141  )
( 20  28  190  )
( -224  -206  152  )
( -83  160  234  )
( 222  245  232  )
( 87  -195  181  )
( 81  -89  114  )
( -41  -23  -231  )
( -72  105  77  )
( -237  -187  39  )
( -153  -49  124  )
( -233  -34  249  )
( -10  116  194  )
( -153  53  28  )
( 196  142  48  )
( -83  -152  243  )
( -131  -35  207  )
( -161  205  -114  )
( -93  145  -141  )
( 182  172  70  )
( -85  143  -206  )
( -235  -174  -160  )
( -22  37  233  )
( -33  60  -152  )
( 204  97  -84  )
( 192  -241  94  )
( -157  210  -202  )
( -39  -23  196  )
( -22  -31  214  )
( -237  -220  16  )
( -131  110  122  )
( 72  152  169  )
( 21  68  -74  )
( 53  -246  -244  )
( 148  -174  122  )
( -90  29  227  )
( -83  218  76  )
( -105  -248  233  )
( 6  110  -184  )
( -189  -52  -184  )
( 236  43  -240  )
( -71  245  13  )
( -57  -108  71  )
( -127  112  -91  )
( 159  -226  99  )
( -198  62  46  )
( 58  21  36  )
( 81  222  216  )
( -195  153  -164  )
( 86  46  -113  )
( 7  168  144  )
( -163  -60  211  )
( -135  -55  -85  )
( 179  187  197  )
( -125  155  -98  )
( 232  -93  -79  )
( -197  208  -185  )
( -230  -26  -114  )
( 234  -197  -97  )
( 35  32  193  )
( 95  149  172  )
( 162  170  57  )
( 6  209  105  )
( -87  -69  -63  )
( 174  -114  142  )
( -160  10  -197  )
( 76  210  -12  )
( 60  204  190  )
( -230  -233  82  )
( 97  66  -43  )
( 31  73  -149  )
( 141  119  237  )
( 126  229  147  )
( 80  -134  -236  )
( -36  192  224  )
( 99  119  132  )
( 177  223  84  )
( -56  -121  173  )
( 3  -203  -190  )
( 161  244  -6  )
( 143  168  -193  )
( 62  202  109  )
( 178  -228  48  )
( -186  107  -57  )
( 162  -81  165  )
( -214  -50  -12  )
( 0  -179  95  )
( -70  203  -150  )
( -94  -176  103  )
( 216  -241  123  )
( -163  -231  132  )
( -161  -186  191  )
( -167  -100  -212  )
( -45  -233  -120  )
( 167  -104  -217  )
( -213  66  -60  )
( 77  -106  -21  )
( 140  21  -161  )
( -212  -86  209  )
( 54  -4  106  )
( 231  213  -194  )
( 135  117  55  )
( -245  -14  -199  )
( -153  -43  167  )
( 20  -55  235  )
( 235  32  120  )
( -159  101  172  )
( 178  -12  226  )
( 243  -23  136  )
( 145  76  130  )
( -212  -246  -218  )
( 87  41  147  )
( -142  -10  -90  )
( 140  -120  -191  )
( 25  241  159  )
( 185  -95  58  )
( 193  188  57  )
( -154  -233  -200  )
( 19  22  -142  )
( -17  -208  79  )
( 42  108  -2  )
( 123  -74  117  )
( -83  73  113  )
( 68  156  -225  )
( 47  239  -200  )
( 51  225  224  )
( 17  -55  -238  )
( -190  -86  -221  )
( -155  168  188  )
( -119  -71  101  )
( 108  200  -106  )
( 191  -100  122  )
( -91  -7  74  )
( 107  -88  -235  )
( -14  -19  6  )
( -85  -91  164  )
( 183  -223  26  )
( 156  -130  216  )
( -205  -154  37  )
( -13  -220  -83  )
( -96  184  193  )
( -232  21  -167  )
( -111  -234  -102  )
( -49  -105  29  )
( 154  -42  -222  )
( 208  131  -135  )
( 66  111  -243  )
( 26  93  112  )
( 48  -10  39  )
( -102  -248  -144  )
( 106  -198  -75  )
( 167  -56  54  )
( -143  94  198  )
( 200  -19  -186  )
( 92  -231  -29  )
( -176  -178  165  )
( 158  61  46  )
( -170  92  91  )
( -4  -166  136  )
( -150  -232  -95  )
( -144  220  128  )
( 216  31  97  )
( -176  22  93  )
( 223  -172  -34  )
( -183  -180  233  )
( 236  -93  214  )
( 230  54  -94  )
( -65  -91  -88  )
( -127  -109  -42  )
( 89  -119  -78  )
( -93  167  -80  )
( 68  -126  132  )
( 159  54  141  )
( -108  -230  -10  )
( 155  204  29  )
( -240  -40  -228  )
( -73  161  37  )
( -66  197  105  )
( -87  207  -180  )
( 213  -134  -4  )
( 202  166  179  )
( 191  59  -35  )
( -19  -127  123  )
( -154  -219  -94  )
( 226  -212  249  )
( -248  -202  79  )
( -48  -82  52  )
( -117  -213  63  )
( 222  155  -117  )
( 138  124  -194  )
( 16  -100  18  )
( -73  248  119  )
( -145  245  93  )
( -131  -181  -184  )
( -210  -48  -244  )
( -107  63  -152  )
( -40  -152  -207  )
( 13  -53  133  )
( -48  -158  -114  )
( 246  -29  16  )
( 82  205  57  )
( 46  52  -174  )
( 29  71  46  )
( -120  24  -17  )
( 97  70  -71  )
( -169  118  -139  )
( -139  -91  177  )
( 201  245  -96  )
( 248  -192  -88  )
( -121  -244  -112  )
( 47  53  11  )
( -81  -243  -179  )
( -164  31  139  )
( 86  239  43  )
( 246  51  37  )
( 213  212  -66  )
( -19  -96  147  )
( 138  -202  -204  )
( -82  -120  -192  )
( 24  -36  205  )
( -186  227  -202  )
( -196  190  180  )
( 77  -148  -167  )
( 80  -241  -122  )
( 206  19  198  )
( -183  216  -10  )
( 111  -235  -205  )
( 134  -96  60  )
( 22  159  127  )
( 126  200  157  )
( 47  80  -200  )
( -169  -135  59  )
( 96  -151  -75  )
( 128  141  -239  )
( 14  61  -69  )
( -5  68  -174  )
( 19  -110  35  )
( 152  201  91  )
( 115  15  40  )
( 99  -36  -247  )
( -159  241  -145  )
( 191  17  47  )
( 8  180  -240  )
( -122  100  -72  )
( 226  -152  192  )
( -244  175  102  )
( 123  -98  16  )
( 89  -236  -94  )
( 5  -115  -114  )
( -161  -68  182  )
( 6  144  232  )
( 87  -210  135  )
( 95  -157  -127  )
( 140  -189  -7  )
( -31  172  -18  )
( 95  -39  -52  )
( 49  243  83  )
( -12  -45  -202  )
( -178  -231  158  )
( 201  -241  -151  )
( 198  154  -190  )
( -130  160  116  )
( 177  -4  -56  )
( -225  81  -55  )
( -145  5  84  )
( 37  -9  -175  )
( 56  -102  -179  )
( -63  -182  117  )
( 196  -36  81  )
( 111  108  -82  )
( 105  -188  -230  )
( 28  -144  -14  )
( -152  146  -90  )
( -181  -224  97  )
( -0  -145  142  )
( -223  -159  -119  )
( 151  -203  -240  )
( -235  31  191  )
( 82  136  120  )
( 105  138  174  )
( -78  142  122  )
( -74  207  -213  )
( 187  236  224  )
( 73  69  -3  )
( -186  64  -25  )
( 127  60  196  )
( 117  -183  81  )
( -44  47  -215  )
( 135  -114  -153  )
( -159  162  -25  )
( 1  184  165  )
( 74  210  169  )
( 100  193  41  )
( -229  -21  234  )
( 46  -153  -86  )
( 104  -136  103  )
( -111  141  214  )
( 14  236  178  )
( 94  74  40  )
( 139  -70  80  )
( 136  163  -152  )
( -21  -98  114  )
( 192  -50  -129  )
( -7  205  59  )
( -184  18  -239  )
( -64  -38  -44  )
( -5  -215  -27  )
( -160  -122  115  )
( -150  -171  -244  )
( 44  -198  82  )
( 215  153  -26  )
( 14  -102  186  )
( -177  -75  -124  )
( -200  -185  88  )
( -162  -39  -153  )
( -203  183  103  )
( 128  -198  2  )
( 85  -83  -29  )
( -58  115  -190  )
( 179  62  54  )
( 86  -112  -234  )
( -42  -97  111  )
( 188  -187  -103  )
( -12  -143  129  )
( -105  -11  100  )
( 207  183  67  )
( 167  -201  -172  )
( -132  77  101  )
( -174  -59  -34  )
( -69  -88  -83  )
( -66  228  -126  )
( 178  111  -109  )
( 232  -207  -214  )
( -201  27  -177  )
( -237  -231  119  )
( 50  -246  -68  )
( -57  106  -234  )
( -234  -167  189  )
( -129  -59  48  )
( 24  -169  249  )
( 161  75  -35  )
( -120  -222  131  )
( -173  42  -96  )
( -203  -180  171  )
( 56  190  -93  )
( -0  220  12  )
( -234  -202  -20  )
( -84  -154  83  )
( -222  163  -141  )
( -157  -153  246  )
( -111  -2  -22  )
( -189  192  70  )
( -51  -77  -6  )
( 107  -77  -229  )
( -25  19  -131  )
( -118  -102  -108  )
( 249  -230  -113  )
( 152  -167  -125  )
( 41  -245  219  )
( 83  -230  248  )
( -53  100  -182  )
( -74  -59  67  )
( -246  -13  -184  )
( -43  -11  226  )
( 26  -215  206  )
( 99  -119  230  )
( -176  -63  74  )
( 119  8  -40  )
( 249  170  213  )
( -37  -124  -171  )
( 177  -133  220  )
( 109  -164  -36  )
( 158  229  -98  )
( 23  80  -201  )
( 109  129  14  )
( -103  -1  141  )
( 87  -101  54  )
( 41  -76  127  )
( -236  -200  91  )
( -201  249  19  )
( 133  -103  -249  )
( 24  -29  -129  )
( -67  30  4  )
( 249  169  176  )
( 206  5  87  )
( -178  -219  -211  )
( -46  158  239  )
( -47  157  -44  )
( 84  210  18  )
( 109  238  249  )
( -202  87  -86  )
( -41  186  -70  )
( 155  163  243  )
( -159  -233  -33  )
( 113  -109  2  )
( -233  -114  -13  )
( 134  -161  -182  )
( 174  119  128  )
( 246  -173  -48  )
( 218  185  50  )
( -220  59  -84  )
( 188  88  202  )
( -175  63  154  )
( 108  -58  3  )
( 99  50  148  )
( -233  83  -98  )
( -10  19  69  )
( 183  222  143  )
( 132  -159  -75  )
( 38  -150  105  )
( -150  3  116  )
( 0  -164  -249  )
( 189  -234  67  )
( -46  -128  224  )
( -185  21  -102  )
( -206  114  101  )
( -24  69  -70  )
( -28  -118  110  )
( -71  229  -21  )
( -10  -132  -165  )
( -221  145  -78  )
( 239  138  181  )
( 54  84  183  )
( -0  47  162  )
( 181  150  -210  )
( -98  238  29  )
( 3  -23  246  )
( -32  -37  152  )
( 58  165  201  )
( 192  201  -18  )
( -243  9  -205  )
( 73  70  -41  )
( -178  -94  196  )
( 140  -204  -76  )
( 163  -56  24  )
( 74  -10  -143  )
( 155  76  211  )
( -112  248  -54  )
( 32  179  -72  )
( -236  -141  -59  )
( 152  35  -19  )
( -125  -231  -220  )
( -221  28  162  )
( 155  173  -135  )
( -164  222  -1  )
( -228  -57  122  )
( -123  -153  234  )
( -66  -32  234  )
( -235  231  210  )
( 70  -242  172  )
( 35  -80  -130  )
( -228  135  -166  )
( -20  210  -180  )
( 144  -247  -66  )
( -57  121  -7  )
( 72  -197  115  )
( 88  123  -228  )
( 206  -7  -0  )
( -168  211  85  )
( -120  239  76  )
( 57  166  107  )
( 61  -96  -85  )
( -87  76  -239  )
( -5  -231  98  )
( 75  6  175  )
( -181  -201  183  )
( 22  86  -207  )
( 239  249  -166  )
( 39  177  86  )
( -179  -185  -68  )
( 73  -152  -20  )
( 34  23  201  )
( -5  11  -220  )
( -153  217  -32  )
( -170  -127  172  )
( -178  213  -12  )
( -99  -151  188  )
( -131  207  -139  )
( -195  -62  -156  )
( -186  118  -61  )
( 171  -40  142  )
( 136  -39  -243  )
( 127  -54  227  )
( 232  -42  -183  )
( -93  -223  -109  )
( -66  238  55  )
( 145  -156  49  )
( 221  -72  -144  )
( -89  -37  209  )
( 149  127  42  )
( 118  216  -50  )
( 213  -22  -98  )
( -44  127  -138  )
( 202  -142  236  )
( -12  98  -212  )
( 197  -104  228  )
( -120  -157  192  )
( -150  91  -189  )
( 163  248  -56  )
( 142  150  -17  )
( 209  -28  77  )
( -38  112  -214  )
( 197  -214  20  )
( -171  207  -137  )
( -88  -162  41  )
( 2  -161  99  )
( -18  37  -66  )
( -118  168  -4  )
( 235  243  221  )
( -147  -113  -143  )
( 137  -6  -7  )
( -8  -171  36  )
( 68  25  -89  )
( -233  135  -127  )
( -242  80  12  )
( 210  78  183  )
( -31  142  -192  )
( 232  69  216  )
( 80  -169  -241  )
( 216  -81  38  )
( -21  -159  139  )
( 114  175  68  )
( -105  -212  -181  )
( -21  -32  -119  )
( -55  -196  -202  )
( -236  155  32  )
( -186  -60  237  )
( 57  66  -77  )
( 224  -109  -33  )
( -229  188  13  )
( 162  -27  -10  )
( -139  -20  -154  )
( -65  -135  -112  )
( 97  -25  -77  )
( 232  -150  76  )
( 102  246  179  )
( 154  229  -202  )
( -221  -17  166  )
( -148  53  62  )
( -225  172  187  )
( 92  8  -141  )
( -66  -37  -215  )
( -89  166  139  )
( -196  -249  -66  )
( 212  -89  -32  )
( -242  131  -166  )
( 40  -212  133  )
( -24  -218  91  )
( -195  -232  -162  )
( 12  -165  -126  )
( 81  82  -62  )
( -225  13  -92  )
( 73  -194  -120  )
( 0  -214  -230  )
( 106  -8  -51  )
( -145  54  -159  )
( 7  151  -181  )
( 117  -179  -238  )
( -227  -14  115  )
( -1  85  207  )
( -231  -69  -146  )
( -166  148  29  )
( -202  -115  222  )
( 76  -186  -205  )
( -201  -209  79  )
( 205  15  16  )
( -14  -201  -50  )
( -234  37  125  )
( -42  -102  -107  )
( 156  72  -150  )
( 227  -154  -40  )
( 91  -194  169  )
( -75  -37  -235  )
( -149  238  -233  )
( -153  -26  -40  )
( 102  -202  215  )
( 211  151  -128  )
( 62  233  82  )
( -12  248  -35  )
( 2  -230  79  )
( -159  242  204  )
( 19  6  88  )
( -38  32  181  )
( -80  -199  -202  )
( 225  -210  70  )
( -228  -85  80  )
( 114  -150  76  )
( -0  223  -2  )
( 36  -213  -150  )
( -126  -94  -132  )
( -157  -78  -21  )
( -36  179  181  )
( 196  -147  127  )
( -215  -21  -124  )
( -70  -33  223  )
( 81  -135  65  )
( -129  -32  -50  )
( -29  80  133  )
( 169  214  137  )
( 153  -182  -144  )
( -220  171  48  )
( 162  7  -94  )
( 174  79  -154  )
( -172  -154  -60  )
( -75  193  -107  )
( -75  249  -192  )
( -165  -141  -109  )
( 202  102  -186  )
( -100  -30  76  )
( -123  90  239  )
( -203  47  -156  )
( 33  152  -203  )
( 110  27  229  )
( -118  -171  20  )
( 247  58  -118  )
( -181  163  195  )
( -139  7  -135  )
( -29  -246  102  )
( 66  -246  -201  )
( 76  53  249  )
( -36  -83  -103  )
( 197  -206  -92  )
( -181  188  -155  )
( -21  71  -88  )
( -1  0  112  )
( 189  -171  30  )
( 20  233  -158  )
( 38  -231  120  )
( 153  -143  53  )
( -27  -242  129  )
( -51  -200  165  )
( 108  -174  -242  )
( -85  -93  66  )
( 121  -111  -68  )
( 212  -22  -186  )
( -160  52  131  )
( -169  147  -72  )
( -156  49  -190  )
( 41  58  123  )
( -30  -161  3  )
( -54  -44  -161  )
( 22  233  102  )
( -71  -95  -236  )
( -226  102  187  )
( -224  150  -235  )
( 41  235  136  )
( -103  28  138  )
( -242  60  84  )
( 80  -174  17  )
( 205  -22  65  )
( 200  19  182  )
( -231  -249  66  )
( 43  234  -13  )
( 55  168  164  )
( 91  -156  -30  )
( 230  -181  -18  )
( -47  -232  -121  )
( 13  73  128  )
( -62  101  175  )
( -246  -81  -205  )
( 0  161  -245  )
( -238  -225  -233  )
( 5  171  235  )
( -236  -91  175  )
( -2  40  -192  )
( 183  160  -60  )
( 96  172  246  )
( -174  -34  193  )
( 30  210  238  )
( 22  13  -58  )
( 167  -139  -175  )
( -177  -110  241  )
( 233  -61  12  )
( 40  -19  -236  )
( -11  123  -213  )
( -141  -241  29  )
( -76  181  59  )
( -18  110  212  )
( 194  -96  165  )
( 145  -247  -56  )
( -66  -86  148  )
( -29  -13  110  )
( 118  -152  -92  )
( -146  -104  125  )
( 4  49  -89  )
( -113  -9  34  )
( -128  -52  -96  )
( -127  84  29  )
( 179  46  -229  )
( -61  -195  -145  )
( -108  -109  -181  )
( -181  -248  -120  )
( -223  -101  -191  )
( -195  34  140  )
( 13  -233  31  )
( 217  -127  189  )
( 125  -43  9  )
( 57  92  -175  )
( 185  -36  -96  )
( 20  -122  47  )
( -37  -48  221  )
( 179  -0  -100  )
( -234  -194  -55  )
( 24  67  197  )
( 187  -206  227  )
( -194  -187  -128  )
( 233  190  147  )
( -162  -130  -24  )
( 187  205  109  )
( 228  202  248  )
( -228  -122  -243  )
( -16  137  -238  )
( 242  139  132  )
( 72  59  23  )
( -29  196  157  )
( 157  84  -173  )
( 43  232  72  )
( 102  -2  32  )
( 66  -189  -243  )
( -234  32  -4  )
( 39  -152  244  )
( 34  -114  132  )
( 25  170  31  )
( -68  -61  -45  )
( -91  225  127  )
( -26  152  240  )
( 84  10  160  )
( -97  -47  -111  )
( -128  175  -176  )
( 124  -98  -62  )
( 2  -232  -182  )
( -207  -104  198  )
( 157  235  -119  )
( 57  226  218  )
( -5  181  -52  )
( -243  183  1  )
( -67  -56  -93  )
( -177  3  -234  )
( -64  214  85  )
( -50  -199  106  )
( -235  237  35  )
( -37  -135  116  )
( -60  -174  84  )
( 54  -134  84  )
( -137  78  -36  )
( -90  -177  -205  )
( -134  199  122  )
( 234  -189  -244  )
( -94  -232  -28  )
( 27  208  16  )
( -163  -60  229  )
( -122  -50  -182  )
( 186  51  231  )
( -219  55  21  )
( 36  -17  -137  )
( 241  167  73  )
( 91  74  27  )
( -153  87  88  )
( -9  -114  229  )
( 194  -169  4  )
( 71  -237  149  )
( -137  -208  -178  )
( 28  -2  -110  )
( 203  174  81  )
( -204  89  -189  )
( 16  -145  -190  )
( -202  44  222  )
( -52  -36  143  )
( 48  194  1  )
( 185  119  -239  )
( 115  -12  229  )
( 78  -49  3  )
( 193  135  183  )
( 126  -117  28  )
( 93  -6  -224  )
( -68  19  152  )
( -161  -198  14  )
( -55  228  56  )
( 183  -171  -157  )
( -0  -156  169  )
( -17  -206  -212  )
( 37  -0  159  )
( -217  17  -189  )
( 115  47  -12  )
( -238  -59  -182  )
( 108  43  -165  )
( -230  16  -52  )
( -216  162  244  )
( -159  -162  -43  )
( -71  -92  152  )
( -32  -151  9  )
( 244  -144  -23  )
( -9  231  -70  )
( 64  2  206  )
( -248  -181  -187  )
( 249  -213  -233  )
( 67  219  -131  )
( -156  143  -114  )
( 140  -87  151  )
( 53  -202  -60  )
( -147  -93  160  )
( -105  53  -193  )
( -122  -17  27  )
( -37  -28  218  )
( 233  241  155  )
( -173  -123  -188  )
( 153  221  56  )
( 58  151  99  )
( -90  -226  -184  )
( -229  35  58  )
( -22  -67  -206  )
( 120  205  105  )
( -118  -131  -71  )
( 154  88  -117  )
( 192  182  175  )
( 86  148  246  )
( -246  -174  -22  )
( -175  -10  -209  )
( 122  -149  225  )
( -41  157  -153  )
( -25  223  60  )
( -212  59  -121  )
( -92  -151  219  )
( -156  131  32  )
( 181  -228  246  )
( -220  -219  94  )
( -33  88  -160  )
( 14  77  122  )
( -78  101  81  )
( -164  159  -169  )
( -198  22  -125  )
( -71  169  178  )
( 208  106  112  )
( 190  79  2  )
( -220  -16  104  )
( 77  -33  207  )
( -132  93  172  )
( -199  -165  141  )
( 83  68  138  )
( -143  49  -248  )
( 2  -247  191  )
( -162  147  -172  )
( 85  -220  -86  )
( 45  -232  229  )
( -233  -120  -61  )
( -40  -23  -72  )
( 28  -168  -110  )
( 14  -71  88  )
( -54  187  -177  )
( -5  145  -63  )
( -123  -119  -204  )
( 115  7  191  )
( -197  -50  104  )
( -192  -158  189  )
( 20  51  26  )
( -25  -196  -44  )
( -90  -197  -36  )
( -173  -96  -35  )
( -93  -122  234  )
( -133  161  -45  )
( -216  151  148  )
( -31  161  -222  )
( 12  -26  85  )
( -90  1  -235  )
( -221  2  148  )
( -187  -198  -34  )
( 62  247  -175  )
( 11  -23  -104  )
( 232  -205  -100  )
( 68  -112  86  )
( 11  -3  101  )
( -197  -69  46  )
( -72  54  -71  )
( 100  120  -230  )
( -136  -141  -211  )
( 223  -69  100  )
( -204  248  -165  )
( -198  126  -238  )
( 124  -128  -46  )
( 76  -170  49  )
( -197  21  -120  )
( -125  217  -162  )
( 131  -95  -158  )
( -232  -171  -218  )
( -168  109  206  )
( -15  -43  52  )
( 114  -226  57  )
( -141  134  -242  )
( 215  -115  -158  )
( -179  128  234  )
( 114  178  -176  )
( -114  76  152  )
( 102  -45  -246  )
( -30  116  24  )
( -178  -187  -231  )
( 96  -66  152  )
( -52  70  218  )
( 204  -210  221  )
( -242  194  -22  )
( 143  -66  -166  )
( 97  88  56  )
( 43  108  -235  )
( -88  82  100  )
( -188  117  204  )
( -86  234  -64  )
( -217  107  115  )
( -11  -124  155  )
( -96  -40  9  )
( -181  -185  -210  )
( 210  -61  13  )
( -40  -91  -99  )
( -217  -120  249  )
( 79  98  -156  )
( 175  6  -128  )
( 155  214  -26  )
( -236  -70  130  )
( 77  69  8  )
( -15  149  102  )
( 88  194  114  )
( -223  -168  -138  )
( 68  -194  -55  )
( 37  -34  -243  )
( 59  -217  190  )
( -216  165  132  )
( -203  74  163  )
( 20  124  217  )
( 33  9  164  )
( -115  -133  198  )
( -81  74  -122  )
( 108  6  -189  )
( -4  111  -5  )
( -158  169  159  )
( -150  -14  153  )
( -243  114  -89  )
( 10  183  167  )
( -249  167  -26  )
( -168  19  -153  )
( -219  84  128  )
( -235  -194  -124  )
( -69  -4  108  )
( -155  -175  126  )
( 16  124  -174  )
( 111  35  99  )
( -92  222  -125  )
( 161  -45  182  )
