( -25  171  229  )
( 155  -229  148  )
( 141  -223  67  )
( 50  114  -229  )
( 154  97  87  )
( -112  43  -129  )
( 224  69  196  )
( -26  45  -127  )
( -46  84  224  )
( -164  -188  -48  )
( 102  142  -140  )
( -0  -165  100  )
( 125  -0  123  )
( -90  161  187  )
( 212  -159  -101  )
( 114  207  150  )
( 72  49  -107  )
( 166  67  200  )
( -234  106  207  )
( 241  116  221  )
( -131  72  -218  )
( 65  -99  -153  )
( 222  212  4  )
( -166  82  192  )
( -82  -154  152  )
( 65  -74  81  )
( -95  -172  34  )
( -73  -193  -111  )
( -150  -196  186  )
( 169  -149  -242  )
( -12  -112  -168  )
( 232  81  -93  )
( -220  -228  -209  )
( 21  -220  116  )
( 235  41  61  )
( 218  -6  196  )
( 45  201  -147  )
( -205  -82  211  )
( 58  225  -189  )
( 51  -238  -122  )
( -174  164  40  )
( -18  -2  80  )
( 228  30  -8  )
( 131  -227  -116  )
( 16  -56  155  )
( -136  -143  -162  )
( 28  -65  131  )
( -68  245  128  )
( 193  82  178  )
( 151  -62  -169  )
( 143  -173  202  )
( -187  22  -244  )
( -50  -165  38  )
( -142  216  -160  )
( 87  192  -164  )
( 164  -112  -197  )
( -142  83  -131  )
( 118  216  -85  )
( -147  -87  -38  )
( -43  -93  -191  )
( -169  209  -92  )
( -172  181  -59  )
( 146  117  156  )
( 46  118  99  )
( 108  14  101  )
( 237  -200  129  )
( -200  18  -23  )
( -178  228  -2  )
( -75  147  185  )
( 97  212  86  )
( -79  112  225  )
( 198  81  -17  )
( 245  -212  -54  )
( 124  94  -233  )
( 243  121  69  )
( -118  -27  -141  )
( 203  214  207  )
( -56  -39  -45  )
( 133  -69  -102  )
( -109  197  97  )
( 57  86  -180  )
( -45  123  95  )
( 36  119  -184  )
( -237  20  -188  )
( -68  -221  181  )
( -93  -21  -247  )
( -38  -55  -229  )
( -190  -218  -247  )
( 146  201  133  )
( -85  -158  241  )
( 6  120  110  )
( -129  -54  -196  )
( 94  240  130  )
( 175  59  42  )
( -198  79  -194  )
( -133  211  9  )
( 58  125  -32  )
( 18  7  -112  )
( -21  -161  -194  )
( -61  -114  -78  )
( -124  -166  184  )
( -23  76  -11  )
( -205  146  -144  )
( -6  54  -205  )
( 225  -124  -57  )
( 154  63  202  )
( -193  -14  24  )
( 246  71  52  )
( -87  -188  -72  )
( -53  -32  -225  )
( 169  58  27  )
( -133  -221  -158  )
( -38  211  113  )
( 28  80  -104  )
( 245  -232  -175  )
( -61  226  6  )
( 15  7  77  )
( -83  204  181  )
( 105  -46  153  )
( 12  121  0  )
( -142  -47  33  )
( -217  216  -170  )
( 70  -217  -233  )
( -36  -52  -114  )
( 139  -77  1  )
( 73  -84  46  )
( -25  6  188  )
( 166  -66  -62  )
( -29  -249  18  )
( 216  243  -184  )
( 111  180  51  )
( 44  -162  116  )
( 172  -213  39  )
( 222  49  118  )
( -102  148  39  )
( -202  -96  121  )
( -243  -120  -244  )
( 206  -155  178  )
( 192  67  5  )
( -186  -35  97  )
( -191  104  183  )
( 27  -159  -37  )
( 28  -120  -73  )
( 135  12  -106  )
( 103  -180  29  )
( 205  49  -22  )
( 38  144  -211  )
( 237  192  -209  )
( 243  96  186  )
( 49  155  -196  )
( -57  144  126  )
( -137  -30  176  )
( 27  -227  -245  )
( -112  249  248  )
( -96  -214  61  )
( 112  44  -149  )
( -59  54  4  )
( 81  -16  221  )
( 51  -101  -63  )
( 106  -226  -3  )
( 125  136  121  )
( 95  210  -189  )
( 131  77  67  )
( 34  11  43  )
( 101  -196  -110  )
( -203  -42  -25  )
( -98  -248  205  )
( 162  26  -127  )
( 188  29  75  )
( 159  133  -74  )
( -174  220  -21  )
( 80  -147  25  )
( -202  43  -178  )
( 18  -225  -53  )
( 66  -22  243  )
( -5  -83  -41  )
( -2  39  170  )
( -13  238  27  )
( 204  -46  27  )
( 123  -145  -52  )
( -157  161  -220  )
( 9  -162  137  )
( 193  148  194  )
( -122  121  -107  )
( 147  131  -145  )
( -68  44  72  )
( -220  101  216  )
( 238  -178  180  )
( -128  238  -94  )
( 237  51  192  )
( 94  106  -174  )
( 210  -132  110  )
( 222  -119  181  )
( 150  237  -187  )
( -25  -131  3  )
( 23  -114  19  )
( 244  -151  177  )
( 117  228  60  )
( -170  172  79  )
( 125  -96  -94  )
( -167  63  -159  )
( 114  45  -21  )
( -100  13  -18  )
( 183  224  -111  )
( -156  214  -54  )
( -175  -70  -63  )
( 57  124  -245  )
( -206  -226  -223  )
( -227  205  -137  )
( 121  -90  202  )
( 61  1  143  )
( -226  195  31  )
( -69  -49  196  )
( -220  58  -209  )
( 226  -216  -219  )
( 133  -120  12  )
( 97  -159  145  )
( 83  -10  155  )
( 131  34  -65  )
( 203  -14  -197  )
( 140  8  13  )
( -135  -95  14  )
( -55  -11  70  )
( 87  18  -97  )
( 14  -193  -59  )
( -104  -138  24  )
( 20  91  -78  )
( -152  -10  167  )
( 81  -96  -170  )
( -236  148  -180  )
( -234  190  34  )
( -236  81  64  )
( 237  244  54  )
( 45  -249  206  )
( -137  165  179  )
( 135  -83  -228  )
( -170  172  -70  )
( -78  -232  16  )
( 18  2  -56  )
( 21  -39  -117  )
( 139  -110  -161  )
( 107  -33  38  )
( -26  234  -89  )
( -114  -132  9  )
( -75  153  -71  )
( -17  -98  101  )
( -177  101  62  )
( 214  53  -235  )
( -190  99  158  )
( 98  99  182  )
( -196  -242  37  )
( 159  -110  128  )
( -184  -9  33  )
( -201  -65  219  )
( 61  -227  -71  )
( -241  15  177  )
( 137  -80  86  )
( -122  44  118  )
( -23  143  168  )
( 152  -119  -117  )
( 65  -98  -161  )
( 186  -18  -20  )
( 185  -115  147  )
( -16  -42  -198  )
( 180  -119  108  )
( 36  -8  248  )
( -225  -89  -183  )
( 176  194  102  )
( 117  65  -208  )
( -161  230  -70  )
( -177  236  140  )
( -208  16  73  )
( -46  160  -78  )
( 228  -210  -55  )
( -173  -41  24  )
( 31  128  -14  )
( -186  217  -159  )
( -34  180  118  )
( -46  -205  196  )
( 9  203  -94  )
( 240  48  192  )
( -101  88  -35  )
( -23  -90  93  )
( -125  214  57  )
( 103  -60  -65  )
( 229  212  145  )
( 52  -220  149  )
( -198  -237  -82  )
( 176  -89  -66  )
( 96  234  143  )
( 69  218  144  )
( 105  -222  204  )
( -134  -49  22  )
( -30  -114  -45  )
( -128  8  -27  )
( -9  184  -116  )
( 57  225  228  )
( 146  231  -119  )
( 115  111  177  )
( 118  -68  219  )
( 125  9  174  )
( -128  44  -172  )
( 86  -33  223  )
( -92  230  135  )
( -11  -176  34  )
( -246  -143  -106  )
( -171  225  80  )
( 241  34  -223  )
( 166  113  194  )
( 75  97  2  )
( -17  -177  130  )
( 113  -245  -34  )
( -144  207  70  )
( 45  84  -83  )
( 164  -37  -224  )
( 246  -65  -138  )
( 34  47  -141  )
( 173  234  -37  )
( 56  11  -185  )
( 80  -175  -62  )
( -10  212  240  )
( 203  -182  49  )
( -35  137  -58  )
( 159  -169  -236  )
( -118  -72  40  )
( 173  79  -52  )
( -210  19  170  )
( -54  59  58  )
( 246  14  132  )
( -106  242  -82  )
( 215  -175  -72  )
( 175  128  -141  )
( -168  11  166  )
( -90  60  -210  )
( -44  84  246  )
( 162  119  -195  )
( 175  135  -107  )
( -44  33  101  )
( -249  -165  -206  )
( -223  81  -1  )
( -58  205  168  )
( -145  -136  98  )
( -218  76  -65  )
( -150  21  106  )
( -156  -57  197  )
( 67  3  -191  )
( 227  -121  101  )
( 17  177  -79  )
( -129  238  -105  )
( 205  91  -57  )
( 214  36  -241  )
( 158  110  -59  )
( -215  -198  35  )
( 57  61  -21  )
( -235  185  137  )
( -201  127  156  )
( 0  235  189  )
( 64  148  -235  )
( 12  153  -240  )
( -58  -15  235  )
( 120  241  201  )
( -180  -107  136  )
( -30  -26  92  )
( -34  121  95  )
( 23  -197  213  )
( 214  -157  162  )
( -60  -157  -154  )
( 124  -206  -174  )
( -188  -160  182  )
( 194  88  -229  )
( 125  30  16  )
( 14  -115  47  )
( -97  132  181  )
( -22  129  136  )
( 79  -61  -12  )
( -68  -128  -113  )
( -12  -118  247  )
( 242  237  -14  )
( -90  155  -192  )
( 26  217  154  )
( 119  -101  -235  )
( 217  15  165  )
( -27  145  182  )
( 194  110  220  )
( 33  -9  211  )
( 193  53  -233  )
( -196  -201  -73  )
( -70  -209  -50  )
( 36  22  -21  )
( -80  -79  -239  )
( -216  -243  100  )
( 58  186  -113  )
( -187  79  231  )
( -83  -219  186  )
( -11  30  -241  )
( -94  -117  -72  )
( 178  101  165  )
( -100  0  58  )
( -228  -65  182  )
( 241  1  -29  )
( -67  -106  181  )
( 153  85  53  )
( 103  -159  -95  )
( 211  238  68  )
( -238  -153  86  )
( -122  -29  81  )
( 26  70  -207  )
( -125  -34  -92  )
( 164  103  126  )
( -198  -134  54  )
( -224  -82  -87  )
( -165  -238  106  )
( -38  170  -178  )
( -100  53  -39  )
( -32  -20  -231  )
( 203  -16  -55  )
( 186  22  173  )
( -128  -63  -221  )
( 15  33  -66  )
( -163  -235  241  )
( 93  -168  -14  )
( -115  141  95  )
( 3  -135  143  )
( -43  20  -89  )
( 9  79  89  )
( -120  160  82  )
( -30  -9  95  )
( 90  -127  -143  )
( -189  215  211  )
( 125  71  -89  )
( -143  -171  72  )
( 248  -67  144  )
( 3  114  -199  )
( -190  -170  -113  )
( 5  19  230  )
( 239  -108  170  )
( -49  221  -82  )
( -94  248  -58  )
( 194  232  102  )
( 131  -207  229  )
( -58  44  -198  )
( 73  -116  -58  )
( -79  -180  -153  )
( 28  145  -126  )
( 161  -126  1  )
( -68  106  128  )
( 84  -14  -64  )
( -124  -116  -147  )
( 32  -69  -152  )
( 74  -223  -184  )
( -143  -106  9  )
( 9  -80  -139  )
( 191  -58  -1  )
( 222  -77  249  )
( 176  -214  -25  )
( -204  -109  -150  )
( -93  -109  205  )
( 105  142  -144  )
( 90  157  -44  )
( 65  -166  89  )
( 172  90  103  )
( 88  234  98  )
( -210  182  -134  )
( 44  233  -115  )
( 234  100  135  )
( -81  -95  8  )
( 168  29  -226  )
( -136  133  117  )
( -143  -107  5  )
( -180  4  -130  )
( -25  -83  157  )
( -177  -156  204  )
( -204  31  182  )
( 110  29  -119  )
( -7  57  224  )
( 246  -179  221  )
( -205  125  228  )
( 180  69  -166  )
( -247  -184  -249  )
( -235  -162  161  )
( -236  -224  16  )
( -249  153  48  )
( -116  195  -138  )
( 197  -3  -156  )
( -248  -14  -3  )
( 244  -136  -170  )
( 193  99  80  )
( 131  -185  239  )
( -201  84  -181  )
( -212  -170  235  )
( -228  -26  -85  )
( -128  -149  -147  )
( -226  -83  27  )
( -246  172  211  )
( 143  -219  182  )
( -189  -135  -78  )
( 90  -227  -235  )
( -173  -21  53  )
( -98  -1  223  )
( -16  -83  -42  )
( -99  106  238  )
( -29  -84  -229  )
( 138  25  157  )
( -67  -231  -39  )
( 236  92  -94  )
( 35  -243  49  )
( 16  9  -125  )
( -229  -105  -224  )
( -141  219  53  )
( 228  151  0  )
( -92  -23  138  )
( 119  -71  -194  )
( -2  -130  -86  )
( 244  18  26  )
( 147  157  12  )
( 128  246  194  )
( -36  -232  229  )
( -9  -130  213  )
( -109  -89  113  )
( -226  249  -42  )
( -203  -50  -167  )
( -29  -17  -85  )
( 163  152  238  )
( 39  -224  -203  )
( -111  26  -164  )
( -114  150  198  )
( -247  103  172  )
( 25  78  -66  )
( -20  223  -184  )
( -177  53  -173  )
( 167  194  -226  )
( -167  -166  199  )
( -189  24  -1  )
( 179  26  -139  )
( -169  168  -202  )
( 171  20  -175  )
( 188  -98  51  )
( 76  222  71  )
( 203  107  195  )
( 117  -197  127  )
( 28  -62  -155  )
( 229  -58  204  )
( -95  94  -238  )
( 100  36  105  )
( -3  103  -54  )
( 85  3  -234  )
( 203  110  -115  )
( 113  140  -195  )
( -119  72  -38  )
( 34  96  158  )
( -242  -166  -28  )
( -228  -95  198  )
( -49  25  51  )
( -198  -84  -175  )
( 124  5  -29  )
( -147  67  230  )
( 217  154  -249  )
( 170  243  101  )
( 39  130  172  )
( -220  236  70  )
( 48  -118  61  )
( 140  149  -208  )
( -126  224  160  )
( -54  9  125  )
( 121  90  -109  )
( -45  -224  76  )
( -73  20  88  )
( 103  -249  24  )
( -14  6  219  )
( 121  169  -42  )
( 63  -179  -229  )
( 196  -13  -56  )
( -117  -109  -31  )
( 115  194  -160  )
( -139  74  -149  )
( 89  130  -190  )
( 103  -162  -21  )
( -166  -121  -233  )
( 231  -4  102  )
( -135  191  198  )
( 27  -106  58  )
( 36  -205  136  )
( 200  -88  77  )
( -128  -187  104  )
( 116  203  108  )
( 159  -22  -172  )
( -185  93  135  )
( -227  29  -100  )
( 178  -207  143  )
( 134  -234  -24  )
( 37  148  222  )
( 201  194  -42  )
( -75  -90  151  )
( -107  213  -15  )
( 55  141  21  )
( -15  214  -108  )
( 86  -79  233  )
( -142  189  97  )
( -90  -132  -185  )
( 150  64  225  )
( 173  -6  -23  )
( -78  85  33  )
( -54  52  145  )
( 249  180  187  )
( 143  -100  -15  )
( -78  -198  -146  )
( 244  135  -236  )
( -237  210  -157  )
( -41  -93  -201  )
( 60  188  -162  )
( 234  -171  204  )
( -38  -3  161  )
( -18  -159  120  )
( 110  -70  -204  )
( -206  193  -225  )
( -222  77  -76  )
( -98  -129  -90  )
( 20  158  27  )
( -87  -213  90  )
( -23  197  -135  )
( 17  202  184  )
( 171  -136  -7  )
( -84  160  65  )
( -234  -23  -73  )
( -226  -217  140  )
( -100  -13  6  )
( -155  -52  187  )
( 112  -64  75  )
( -67  230  -81  )
( 6  233  51  )
( 218  29  182  )
( 61  -223  -146  )
( -230  -28  24  )
( -23  -85  -68  )
( 235  -207  -238  )
( 32  -246  -61  )
( 158  29  198  )
( -207  -81  -131  )
( 92  160  14  )
( -90  64  -206  )
( 186  165  56  )
( -65  -219  -92  )
( -121  -123  195  )
( 55  -47  3  )
( 21  -97  -217  )
( -128  242  -175  )
( 170  -76  193  )
( 129  54  -62  )
( -2  -163  222  )
( 165  -185  -130  )
( -222  -197  -207  )
( 36  167  129  )
( -144  -158  -58  )
( 137  -55  -126  )
( -132  86  -169  )
( -47  4  24  )
( -227  -236  107  )
( 192  137  -108  )
( 139  -104  134  )
( -184  -68  45  )
( -218  25  180  )
( -139  2  77  )
( -196  -15  -94  )
( 23  -110  169  )
( 121  186  -168  )
( -149  241  -78  )
( -107  89  -234  )
( -140  136  -181  )
( -204  -101  -121  )
( -169  -203  -167  )
( -111  -195  -69  )
( 142  -243  -112  )
( -212  -128  62  )
( -68  10  -52  )
( 23  110  194  )
( -8  193  -27  )
( 143  -241  -24  )
( 153  -33  20  )
( -58  203  78  )
( -185  137  57  )
( -202  -75  -223  )
( -114  -121  181  )
( -52  -34  -230  )
( 110  -210  -72  )
( -243  -116  38  )
( -16  156  110  )
( 80  -27  -13  )
( 126  -47  -84  )
( -47  -36  204  )
( 63  -79  186  )
( 249  157  243  )
( -205  191  -56  )
( 135  215  -174  )
( -92  -179  158  )
( -219  -107  -70  )
( 197  -121  32  )
( -36  -163  -200  )
( -201  -6  -8  )
( -155  -17  -227  )
( -145  215  -134  )
( 138  -159  -233  )
( -88  9  106  )
( -157  40  57  )
( 151  -19  -118  )
( 136  67  112  )
( 85  -215  190  )
( -60  -170  -54  )
( -211  185  66  )
( 166  -133  20  )
( 128  -25  -143  )
( 199  -10  -38  )
( -38  132  -57  )
( 50  -206  -213  )
( -26  -60  198  )
( -28  238  244  )
( -117  -152  -54  )
( -59  -86  -124  )
( 198  -189  33  )
( -118  -18  153  )
( 148  176  155  )
( 207  62  225  )
( -52  -5  -67  )
( -215  -83  -213  )
( 124  85  22  )
( -217  -167  241  )
( -42  -25  50  )
( -45  -246  84  )
( 205  -197  -112  )
( 3  -2  -69  )
( 79  -232  236  )
( 106  -132  189  )
( 194  -137  95  )
( 207  3  227  )
( 203  217  198  )
( 102  -236  -59  )
( 64  -173  179  )
( 101  -106  30  )
( -35  127  -171  )
( -3  -123  66  )
( 30  -83  -71  )
( 188  57  223  )
( 31  150  -73  )
( 44  18  -88  )
( 147  192  -218  )
( -116  -108  177  )
( 35  243  -81  )
( -211  119  -113  )
( -22  26  -132  )
( 136  -36  148  )
( -153  -212  1  )
( 117  -202  174  )
( 72  160  -233  )
( -84  1  65  )
( 158  -16  37  )
( -12  -122  172  )
( 180  -110  153  )
( -65  -207  -229  )
( -29  176  -181  )
( 199  237  216  )
( -123  98  218  )
( 235  -201  -217  )
( -216  -96  27  )
( -184  -43  150  )
( -127  -6  134  )
( 88  -64  -98  )
( -21  -147  10  )
( 7  -22  -124  )
( 162  -110  233  )
( 184  4  -54  )
( -240  -118  124  )
( -155  140  243  )
( 52  144  35  )
( -40  138  -180  )
( 4  140  194  )
( -183  -16  126  )
( -156  -153  -21  )
( -114  -245  25  )
( 53  -137  -12  )
( 32  166  -131  )
( -123  193  -5  )
( 72  -228  -16  )
( 104  31  -97  )
( -8  70  -170  )
( 122  -234  91  )
( -81  13  -223  )
( -48  -47  40  )
( 167  249  196  )
( -48  165  -131  )
( 236  -121  -83  )
( -77  -124  -83  )
( 36  -106  154  )
( 208  181  20  )
( -124  -114  137  )
( -11  -86  2  )
( 237  -218  32  )
( -98  -194  183  )
( 158  77  -1  )
( -158  159  33  )
( 235  67  -206  )
( -133  -241  180  )
( 212  13  162  )
( -72  50  -1  )
( -195  74  -76  )
( -210  94  -135  )
( 101  -229  -141  )
( 243  -242  78  )
( 204  -132  -53  )
( 247  93  -60  )
( 91  -172  188  )
( -130  -59  220  )
( 170  -100  -25  )
( 22  157  -187  )
( -32  55  -59  )
( -34  175  -43  )
( -229  83  20  )
( -74  207  249  )
( 58  -72  -25  )
( 55  -145  -219  )
( 150  195  -226  )
( 191  -34  141  )
( 23  -102  -21  )
( -206  -239  -202  )
( 42  23  179  )
( 48  171  -71  )
( -132  145  199  )
( -73  125  -173  )
( -228  133  -62  )
( 61  -143  125  )
( -213  -212  -188  )
( -28  119  -93  )
( 226  15  93  )
( 163  221  37  )
( -165  191  -205  )
( -157  -59  178  )
( 15  175  -50  )
( -126  133  182  )
( 107  85  -223  )
( -49  101  76  )
( -196  148  -120  )
( -7  189  -69  )
( -38  -47  -175  )
( -170  32  33  )
( -178  -148  65  )
( -150  90  139  )
( -39  -115  -168  )
( -28  120  -92  )
( -63  -212  -92  )
( -243  193  152  )
( 176  164  -232  )
( -184  4  -145  )
( 76  167  174  )
( 29  238  -242  )
( -199  -223  -42  )
( -223  157  -217  )
( -236  225  242  )
( -205  1  -105  )
( 106  -1  -128  )
( -239  -34  -179  )
( 174  200  -35  )
( 246  157  235  )
( 234  -195  10  )
( -207  101  -171  )
( -53  73  231  )
( -120  22  183  )
( 245  147  -99  )
( 101  -147  -249  )
( 198  -186  31  )
( 14  168  8  )
( -93  41  156  )
( -102  -132  -118  )
( -226  22  -182  )
( -161  -128  -113  )
( 93  -86  -146  )
( 55  -85  165  )
( -228  207  -110  )
( 123  -80  165  )
( -231  194  34  )
( -77  94  212  )
( 40  -125  -38  )
( -191  34  -76  )
( -98  94  -65  )
( 51  -200  -68  )
( 71  27  -178  )
( -57  58  -71  )
( 14  -122  -228  )
( -83  -127  108  )
( 221  -101  -189  )
( 117  241  104  )
( 52  -92  -8  )
( 111  -86  170  )
( 230  -121  126  )
( 216  -237  102  )
( 94  -151  -5  )
( -156  -230  128  )
( 194  -176  -237  )
( 6  -169  195  )
( 198  -127  -80  )
( 165  174  213  )
( 86  -222  -54  )
( 223  54  -165  )
( 0  -201  -66  )
( -210  -184  70  )
( -63  -71  -207  )
( 201  -245  107  )
( 40  128  175  )
( 159  198  196  )
( -27  -55  13  )
( 3  38  -203  )
( 147  -137  221  )
( -248  199  137  )
( 119  -191  175  )
( -22  249  -187  )
( 179  228  203  )
( 238  83  -74  )
( -242  -239  -156  )
( 96  -54  -116  )
( 117  -183  212  )
( 232  65  162  )
( 119  79  -112  )
( -89  142  2  )
( -174  225  175  )
( 109  -85  -157  )
( 201  76  -69  )
( -119  73  32  )
( -224  -226  30  )
( 209  17  -201  )
( -4  33  -181  )
( 101  7  -245  )
( 19  -228  177  )
( 145  238  -223  )
( -152  -221  19  )
( -146  18  202  )
( 169  -165  -45  )
( -162  -228  -107  )
( 231  95  5  )
( 90  -93  53  )
( -168  78  14  )
( -232  159  94  )
( -222  23  100  )
( -21  122  173  )
( -159  139  -198  )
( -105  -36  171  )
( 9  -214  158  )
( -194  220  -235  )
( -162  -123  -61  )
( 77  39  161  )
( -62  115  -124  )
( 24  9  123  )
( 223  -78  242  )
( -12  174  20  )
( 227  -63  231  )
( 196  83  -36  )
( 186  -231  -76  )
( -128  -50  -125  )
( 12  99  -145  )
( -229  -244  209  )
( 165  -23  163  )
( -234  175  205  )
( 130  151  70  )
( 71  241  -187  )
( 66  54  -243  )
( 60  -203  -40  )
( -122  15  40  )
( 10  -155  -183  )
( -2  -126  141  )
( 229  223  -149  )
( 35  227  40  )
( -163  128  107  )
( 81  239  166  )
( -126  197  108  )
( 73  97  -191  )
( -230  29  56  )
( -172  -238  -204  )
( 34  214  33  )
( -124  -173  -198  )
( -240  101  -35  )
( 220  50  -184  )
( -243  198  150  )
( 28  -224  -183  )
( 55  -56  -161  )
( 117  -34  137  )
( -78  -198  62  )
( 232  -83  -193  )
( -100  -104  -33  )
( 14  -168  155  )
( -3  -64  -207  )
( 63  -209  -73  )
( -167  -145  -129  )
( -24  60  -83  )
( 47  -29  -175  )
( -223  -39  -114  )
( 214  249  140  )
( 225  103  34  )
( -23  70  -214  )
( -144  8  -164  )
( 79  -10  -192  )
( 246  200  -217  )
( -200  -69  -221  )
( -42  -163  172  )
( -37  112  -203  )
( 39  -206  -51  )
( 184  181  -183  )
( 46  155  -80  )
( 74  -188  -150  )
( 190  243  -246  )
( 7  -32  -104  )
( -203  -175  -110  )
( 73  210  149  )
( 76  -137  216  )
( 196  -247  206  )
( 124  -125  -8  )
( -58  -176  -137  )
( -115  164  202  )
( -193  -39  -69  )
( -211  -74  244  )
( -118  -231  -155  )
( 214  52  232  )
( 73  -135  -183  )
( 167  132  83  )
( 12  -52  -17  )
( 139  12  -117  )
( -130  -10  -89  )
( 129  239  225  )
( -108  46  158  )
( -151  95  -88  )
( 13  -28  143  )
( 218  -38  65  )
( -111  -125  -122  )
( -26  -28  107  )
( 209  -85  -7  )
( 20  77  -88  )
( -232  20  98  )
( -143  141  -223  )
( -196  114  61  )
( 239  122  14  )
( -3  244  -221  )
( -28  7  24  )
( -222  -182  -214  )
( 208  224  -139  )
( -93  -14  -5  )
( -132  50  -108  )
( 197  224  -185  )
( 22  -191  40  )
( 146  207  -53  )
( 113  -151  111  )
( 25  227  183  )
( 179  231  -190  )
( -80  -145  -96  )
( -173  85  -132  )
( 55  20  -85  )
( 231  -41  184  )
( 41  -119  -70  )
( 77  210  -32  )
( 208  -0  -197  )
( 78  -202  62  )
( -121  -211  -61  )
( -138  144  243  )
( -17  -187  -44  )
( -231  -71  -223  )
( 165  -30  -84  )
( -92  -90  -62  )
( -165  156  -14  )
( 51  -177  -56  )
( 192  204  -114  )
( 129  -168  -53  )
( 10  33  -72  )
( 153  -212  218  )
