( 170  -134  -144  )
( -36  -54  163  )
( -168  14  -76  )
( 204  -60  151  )
( 82  -4  196  )
( -241  104  82  )
( -205  -237  152  )
( 42  31  -213  )
( 77  -235  181  )
( -112  176  7  )
( 26  154  123  )
( -209  -179  -114  )
( 206  202  162  )
( -34  -192  -167  )
( 129  -164  -163  )
( -185  66  128  )
( -35  -227  -99  )
( -160  -127  21  )
( -196  117  198  )
( 162  67  -10  )
( 198  32  -186  )
( -215  46  -175  )
( 129  -244  -11  )
( -75  93  -23  )
( -151  -247  -70  )
( -60  -173  86  )
( 6  144  217  )
( 232  -120  -79  )
( -187  -127  235  )
( -207  -34  -147  )
( -60  -94  85  )
( -194  -26  -197  )
( -60  241  -172  )
( -180  208  -158  )
( -212  -82  -154  )
( -87  -241  -5  )
( -151  79  -23  )
( -140  223  -134  )
( 64  43  45  )
( 37  -44  129  )
( -58  -16  145  )
( -162  156  -6  )
( 142  -202  -57  )
( -56  -118  -36  )
( 216  41  -241  )
( -218  246  -51  )
( 112  -109  155  )
( 36  249  -133  )
( -162  -93  213  )
( 103  -9  -171  )
( -121  167  -140  )
( -117  -167  165  )
( -123  -44  -248  )
( 88  10  -241  )
( -46  -159  114  )
( -83  177  134  )
( -199  -9  -90  )
( 141  -167  157  )
( 207  54  85  )
( -94  223  6  )
( 190  -137  -51  )
( -0  -181  232  )
( 225  -181  182  )
( 74  200  -210  )
( -150  -62  89  )
( 107  -104  16  )
( -171  223  245  )
( -145  -4  131  )
( -219  -93  197  )
( 169  -38  76  )
( -231  6  -232  )
( -221  -37  -194  )
( -70  -16  37  )
( -77  64  -112  )
( -234  244  72  )
( -248  139  87  )
( 12  -232  -8  )
( -223  -166  -186  )
( 127  -202  -124  )
( -81  232  -44  )
( 92  -135  -192  )
( -101  -93  84  )
( 38  -123  192  )
( 126  -156  -193  )
( 130  16  -174  )
( -87  106  -25  )
( 46  -219  8  )
( 151  -76  198  )
( 61  -223  177  )
( -238  117  -139  )
( 211  167  37  )
( -212  -1  -90  )
( 48  104  117  )
( -143  111  -172  )
( -38  -54  139  )
( -133  -119  -215  )
( 69  249  -120  )
( 73  17  116  )
( -231  241  119  )
( -11  -78  187  )
( -56  101  231  )
( -123  198  220  )
( 168  -136  232  )
( -35  -21  -90  )
( 141  157  -98  )
( 106  -128  -214  )
( -12  -121  -122  )
( 20  185  168  )
( -115  -165  -229  )
( 196  48  25  )
( -47  48  200  )
( 103  -235  -90  )
( 64  178  143  )
( -42  -155  -171  )
( -237  -34  -174  )
( 146  -237  -119  )
( 196  -64  192  )
( -81  -143  177  )
( 165  33  41  )
( 134  -183  74  )
( 106  59  -157  )
( 101  161  -225  )
( 235  -136  16  )
( 54  -153  30  )
( 149  229  -50  )
( -88  80  -45  )
( 152  115  -76  )
( 142  182  -55  )
( -221  -92  -97  )
( -29  15  -66  )
( -69  178  187  )
( -74  208  -169  )
( 102  -171  -148  )
( -205  43  18  )
( 0  -130  -35  )
( 93  -61  140  )
( -95  34  201  )
( 142  196  -36  )
( -131  -7  12  )
( 171  231  63  )
( -174  146  -18  )
( 120  13  -215  )
( -88  -4  -63  )
( -203  -39  204  )
( 92  -207  205  )
( -150  234  -105  )
( 146  93  -173  )
( 184  111  -165  )
( -1  -23  186  )
( -39  -50  -194  )
( -27  -128  80  )
( -235  161  174  )
( -207  140  150  )
( -224  142  127  )
( 123  -122  -92  )
( 172  27  80  )
( -240  60  -167  )
( 116  147  -92  )
( 13  175  183  )
( 24  54  -48  )
( 242  -35  -120  )
( 155  17  184  )
( 105  89  -73  )
( 37  -27  148  )
( 73  -23  -168  )
( -245  -80  -129  )
( -214  157  247  )
( 205  -6  102  )
( -232  185  -60  )
( 86  -101  133  )
( -5  66  -212  )
( -1  246  -120  )
( 93  208  -99  )
( -236  -55  -151  )
( -171  167  -76  )
( 184  96  69  )
( -185  38  -8  )
( 180  -193  -209  )
( 228  45  239  )
( -182  185  -166  )
( -233  128  160  )
( 200  17  188  )
( 176  -169  -161  )
( 233  170  30  )
( 114  -181  79  )
( -247  37  113  )
( 183  -92  -110  )
( 200  -225  -205  )
( 1  -35  -91  )
( -229  -198  -35  )
( 139  -226  -121  )
( -150  -103  -29  )
( -161  12  -108  )
( 17  147  -37  )
( -145  205  -150  )
( 42  99  -246  )
( -68  -198  71  )
( 11  -52  -140  )
( 39  22  106  )
( -89  -99  34  )
( -30  246  -37  )
( 85  78  133  )
( 140  141  -6  )
( -136  104  -150  )
( -118  -83  212  )
( -223  211  -15  )
( 207  60  76  )
( 217  164  -144  )
( 39  186  -66  )
( 193  -130  191  )
( -6  133  -100  )
( 115  33  -196  )
( -6  -100  132  )
( -82  118  -211  )
( -141  176  -179  )
( -217  -178  -26  )
( -146  182  186  )
( -173  34  -41  )
( -163  -124  47  )
( -113  244  -19  )
( 211  -140  214  )
( 88  -95  10  )
( 58  -198  72  )
( -166  49  207  )
( -187  -212  165  )
( 26  -131  -119  )
( -104  147  -66  )
( 218  -118  -30  )
( 218  -184  -122  )
( -48  -146  61  )
( 238  -155  -197  )
( -248  230  -190  )
( -205  -14  237  )
( -202  197  -37  )
( -139  201  146  )
( -208  22  -18  )
( -240  209  -185  )
( 128  -122  249  )
( 44  -14  68  )
( 239  -60  8  )
( -11  -109  17  )
( 25  161  205  )
( -205  -213  176  )
( -210  238  194  )
( -190  -199  -7  )
( 88  67  211  )
( 88  197  91  )
( 190  89  -198  )
( -236  248  5  )
( -77  188  147  )
( -94  -209  -128  )
( -239  189  137  )
( 51  25  63  )
( -187  -44  -169  )
( 2  142  -11  )
( 56  37  24  )
( 244  96  -138  )
( -132  -92  136  )
( 61  -1  241  )
( 218  -228  131  )
( -233  -206  48  )
( -227  98  -249  )
( 143  -90  -169  )
( 99  -164  -194  )
( -115  -211  28  )
( -225  -117  -124  )
( -205  -171  -196  )
( -216  -55  -135  )
( 138  208  11  )
( -127  -201  -145  )
( -108  92  -131  )
( -153  168  202  )
( 188  -7  -220  )
( 237  176  -205  )
( -82  -240  -105  )
( -8  166  -228  )
( -168  -46  -164  )
( -24  40  -61  )
( -45  -64  233  )
( 147  52  59  )
( -37  -38  76  )
( -249  -116  -141  )
( 150  -223  196  )
( 131  217  -12  )
( -140  -81  50  )
( -16  -123  -150  )
( -119  9  243  )
( -53  -95  -7  )
( -17  -105  -24  )
( -100  -168  -202  )
( 141  203  -183  )
( 94  -19  103  )
( 58  -91  -232  )
( 150  -53  -154  )
( 48  -88  199  )
( -104  144  12  )
( -231  9  -189  )
( 176  -112  -107  )
( 121  -57  8  )
( 190  184  -150  )
( 149  215  -69  )
( 43  120  78  )
( -166  156  -169  )
( -90  -60  -161  )
( -137  -108  196  )
( 161  -243  -50  )
( -67  103  -222  )
( 115  170  -44  )
( 185  186  131  )
( -149  -162  -210  )
( -212  185  82  )
( 8  148  -203  )
( 85  74  184  )
( -221  -200  101  )
( -99  128  61  )
( -212  -86  -226  )
( 97  -49  89  )
( 102  -66  91  )
( -141  142  67  )
( -14  -19  -235  )
( 92  -83  -121  )
( 133  -112  9  )
( -156  100  171  )
( 49  6  26  )
( 243  28  -18  )
( -89  20  -149  )
( -84  -62  -161  )
( 200  104  -147  )
( -106  207  131  )
( 203  -137  -211  )
( -220  -219  -4  )
( -228  -71  -223  )
( -140  -40  -180  )
( 55  -154  -183  )
( -105  49  -247  )
( 131  -37  -205  )
( 152  217  -205  )
( 196  -102  -178  )
( -160  46  208  )
( -44  225  243  )
( -2  -131  82  )
( 67  -74  23  )
( -206  -237  -120  )
( -148  211  229  )
( -51  -10  170  )
( -63  -226  192  )
( -58  126  -24  )
( -242  -160  -46  )
( -68  222  166  )
( -36  -0  -233  )
( 143  62  -239  )
( 243  -40  -234  )
( -80  186  112  )
( -69  179  -165  )
( -149  159  70  )
( -161  -107  -45  )
( 147  -188  -126  )
( -187  122  -151  )
( -186  136  -159  )
( 187  -131  -235  )
( -44  -172  157  )
( 25  -220  -75  )
( -240  -239  218  )
( -103  -169  188  )
( 10  195  -8  )
( -22  159  130  )
( 105  90  -188  )
( 131  -116  -145  )
( 27  -215  -57  )
( 6  -82  -212  )
( -45  134  116  )
( 36  25  -167  )
( -113  99  214  )
( 48  244  -201  )
( -142  236  180  )
( 108  35  146  )
( 246  27  -10  )
( -146  39  37  )
( 74  -123  83  )
( 57  -170  108  )
( 128  150  76  )
( -109  134  -59  )
( -187  -67  2  )
( 215  -21  61  )
( -2  20  -176  )
( 162  113  -177  )
( 161  -162  238  )
( -249  137  145  )
( 232  90  67  )
( -224  -16  -84  )
( 141  73  -200  )
( -176  116  -184  )
( -42  -147  -203  )
( -175  146  216  )
( 57  206  238  )
( 173  -32  -62  )
( -207  -59  136  )
( 130  -173  139  )
( 224  115  -198  )
( 188  -211  152  )
( -225  -233  8  )
( -66  131  -38  )
( -84  57  181  )
( -13  222  -207  )
( 76  232  -91  )
( -62  -31  -86  )
( -115  53  4  )
( -175  -187  190  )
( -192  152  247  )
( -182  31  176  )
( -23  165  114  )
( -216  114  82  )
( 90  210  -136  )
( 92  230  -145  )
( 33  50  247  )
( 203  -124  -147  )
( 96  -216  156  )
( -84  137  57  )
( 41  57  -52  )
( 249  -196  168  )
( 137  226  -9  )
( 240  -234  107  )
( -232  -207  -226  )
( -63  81  168  )
( 187  -18  225  )
( -166  -49  -99  )
( -112  200  196  )
( 90  -7  -36  )
( 24  -13  -245  )
( 197  -146  120  )
( -45  235  156  )
( 70  221  -164  )
( -141  -74  -43  )
( 226  -230  -167  )
( 112  5  130  )
( -165  -8  -183  )
( -63  -121  109  )
( 81  -178  221  )
( 19  -139  81  )
( 247  -179  -163  )
( -71  -159  240  )
( -110  -131  98  )
( -152  -19  44  )
( 18  162  -120  )
( -243  83  -106  )
( -146  -158  -95  )
( 9  -196  -220  )
( 24  -160  180  )
( -114  -134  -214  )
( 9  -167  7  )
( -173  73  -243  )
( 231  3  -194  )
( -86  152  -58  )
( -212  126  173  )
( -76  -133  131  )
( 76  -170  -61  )
( -51  130  234  )
( -128  -137  -100  )
( 142  143  -232  )
( -48  -2  187  )
( 58  -5  68  )
( -154  -123  -144  )
( 85  71  -149  )
( -116  240  163  )
( -115  -186  -175  )
( -92  -112  -207  )
( 80  -162  28  )
( -214  59  -79  )
( -216  18  -170  )
( -80  -102  -226  )
( -110  109  -135  )
( -174  -152  107  )
( -22  54  -77  )
( 23  -74  67  )
( -143  -134  93  )
( -50  188  126  )
( 134  184  -94  )
( -19  -214  -220  )
( -120  -171  197  )
( 109  149  39  )
( 82  -50  -85  )
( 33  -163  27  )
( 226  31  -80  )
( -56  -93  43  )
( -41  96  46  )
( 29  212  -218  )
( -174  66  43  )
( 83  24  86  )
( 120  -136  -38  )
( 29  -225  148  )
( 153  -208  241  )
( -123  23  90  )
( -121  -88  46  )
( 236  172  45  )
( -94  -223  -52  )
( 44  -110  -128  )
( -224  196  43  )
( 58  30  52  )
( -137  153  -30  )
( -208  -219  83  )
( 51  -98  157  )
( -18  118  -136  )
( 175  34  -230  )
( 182  145  4  )
( -15  -208  113  )
( -55  124  120  )
( -71  162  -245  )
( 166  21  -52  )
( -239  -141  -113  )
( 62  -105  -160  )
( -50  -132  249  )
( -93  -92  226  )
( 58  147  184  )
( -81  -226  176  )
( -44  186  241  )
( 110  -213  -54  )
( -249  -225  31  )
( -21  -171  109  )
( 8  138  -54  )
( -80  -128  200  )
( -62  -104  145  )
( -170  -212  222  )
( 167  240  247  )
( 54  -86  -164  )
( -148  19  78  )
( -200  -77  124  )
( -28  27  17  )
( -130  -31  157  )
( -108  139  -174  )
( -132  200  72  )
( -171  -29  -240  )
( -146  -39  -234  )
( -226  -146  -247  )
( 51  191  -57  )
( -166  -133  154  )
( -128  -165  -245  )
( 177  62  122  )
( 5  62  242  )
( -228  226  -127  )
( -52  67  -86  )
( 15  156  2  )
( -129  -37  19  )
( -75  178  104  )
( -233  202  -244  )
( 97  33  27  )
( -220  -249  -61  )
( 139  72  -93  )
( 177  -166  68  )
( -113  196  -195  )
( -173  -73  -151  )
( -127  236  36  )
( 220  142  -209  )
( 23  -82  -121  )
( 234  221  100  )
( -28  95  -9  )
( -167  -140  21  )
( 239  149  -249  )
( 233  -242  -130  )
( 97  -202  -175  )
( 196  121  185  )
( 137  -36  106  )
( 132  -27  -212  )
( -236  -164  -100  )
( -165  173  -137  )
( 20  -163  114  )
( 67  137  -84  )
( 170  93  119  )
( 10  234  193  )
( 181  -188  -117  )
( 64  5  246  )
( 104  209  241  )
( 165  -3  -74  )
( 219  85  89  )
( -193  -180  226  )
( 51  -227  44  )
( -177  174  1  )
( -241  -135  60  )
( 124  -242  48  )
( 191  -151  -8  )
( 7  -33  -62  )
( -186  -112  -40  )
( -124  181  162  )
( 197  -51  203  )
( 186  207  -243  )
( -205  215  -144  )
( -176  68  190  )
( -62  28  135  )
( 41  -62  33  )
( 176  -208  43  )
( 113  -62  -233  )
( 220  -247  132  )
( 124  -89  185  )
( 125  -158  170  )
( 138  -45  -1  )
( 46  -148  9  )
( -164  204  -105  )
( -113  -96  12  )
( 127  187  -109  )
( 205  31  -49  )
( 48  119  -227  )
( 75  -21  220  )
( 60  -204  -175  )
( 187  246  20  )
( -59  -15  172  )
( -94  -131  110  )
( -103  163  8  )
( -150  43  -106  )
( -9  -74  -102  )
( 145  36  -147  )
( 47  -7  57  )
( 213  147  -198  )
( -94  -103  54  )
( 25  153  99  )
( 37  143  164  )
( 213  96  -102  )
( 124  -20  -55  )
( -30  197  192  )
( -92  -212  -142  )
( 68  240  -161  )
( -84  7  -45  )
( 156  -108  -171  )
( 63  -172  -165  )
( 43  63  54  )
( 163  59  -81  )
( 75  171  -225  )
( 89  -38  24  )
( 24  157  57  )
( 83  120  -1  )
( 206  244  -193  )
( -52  74  141  )
( -169  -199  133  )
( 159  84  115  )
( -154  45  151  )
( -60  159  -63  )
( 120  -65  18  )
( -135  -24  -129  )
( 79  112  231  )
( -78  121  224  )
( 106  -152  -114  )
( -78  150  24  )
( -120  -88  141  )
( -89  206  -28  )
( 9  -35  -100  )
( -159  -92  105  )
( 116  -130  -124  )
( -142  -21  -242  )
( -6  207  -170  )
( 130  155  -66  )
( 168  143  -88  )
( 247  -239  228  )
( -131  217  47  )
( -97  177  203  )
( 122  52  -128  )
( 132  177  88  )
( -43  -224  -70  )
( 93  -75  -49  )
( 21  194  -84  )
( -216  172  3  )
( 73  -20  223  )
( -187  161  234  )
( -223  -40  171  )
( 149  -67  19  )
( -248  7  -200  )
( 229  172  162  )
( -64  -174  -60  )
( 93  35  -46  )
( -203  204  212  )
( -220  40  -141  )
( 240  -129  -34  )
( -134  150  232  )
( 111  29  -221  )
( 92  -172  117  )
( 76  20  139  )
( 214  -152  238  )
( 10  40  -107  )
( 27  -216  171  )
( 61  -247  -56  )
( -59  -71  98  )
( 36  -221  -160  )
( -75  214  -151  )
( 42  -189  51  )
( -141  156  174  )
( 178  123  -185  )
( 52  -55  -8  )
( -99  86  110  )
( -244  -57  -38  )
( 110  -225  -152  )
( -58  -12  241  )
( -10  -244  85  )
( 206  -34  -84  )
( -57  232  -79  )
( 125  43  -248  )
( 104  46  18  )
( 162  -64  -222  )
( -185  -146  228  )
( 115  28  -72  )
( -247  115  71  )
( 167  -122  -241  )
( -246  216  -42  )
( 149  73  118  )
( -104  32  -206  )
( -152  54  -246  )
( -2  -153  -81  )
( 145  111  84  )
( -124  -98  56  )
( 38  8  204  )
( -179  135  -119  )
( 43  142  -139  )
( -153  103  -178  )
( -8  -220  228  )
( -185  -221  -45  )
( 163  -184  106  )
( -162  -204  -163  )
( 225  238  -114  )
( -66  -184  -44  )
( -51  -120  183  )
( -135  -237  151  )
( 186  125  137  )
( -4  205  -100  )
( -71  -99  -81  )
( 158  -235  -172  )
( -158  90  149  )
( 208  -16  99  )
( 29  -213  8  )
( 191  -45  -86  )
( -113  50  -200  )
( 1  -160  26  )
( 5  -212  -70  )
( -187  -160  17  )
( 94  -14  -199  )
( -213  14  -166  )
( 117  -70  -64  )
( -242  219  67  )
( -52  239  -216  )
( 32  -195  208  )
( 19  -229  56  )
( 39  248  -206  )
( 183  64  -176  )
( -223  -48  224  )
( 6  -221  134  )
( -145  -127  235  )
( -3  82  -146  )
( -89  -42  -116  )
( 65  -9  -234  )
( -200  -164  -112  )
( -48  -123  -132  )
( -219  64  -187  )
( -241  -68  -176  )
( 243  -61  178  )
( -82  36  -51  )
( -146  -170  -50  )
( -238  -18  -168  )
( 233  -30  214  )
( -124  149  -74  )
( -126  210  -142  )
( -158  -206  -45  )
( -66  -67  187  )
( 206  79  -2  )
( 110  166  79  )
( -31  -127  -4  )
( -133  -154  -64  )
( 137  196  152  )
( 88  139  167  )
( 243  172  -65  )
( 172  67  160  )
( 222  -128  -194  )
( -29  -66  69  )
( 129  -182  -86  )
( 110  164  -69  )
( -108  225  171  )
( -132  -81  -158  )
( 26  229  231  )
( 210  29  44  )
( -6  -66  -223  )
( 90  -215  -71  )
( -32  -238  90  )
( 111  -228  220  )
( 104  38  -59  )
( -41  -184  13  )
( -217  242  -184  )
( 209  -80  -180  )
( 103  44  -180  )
( -27  -209  -53  )
( -83  -118  234  )
( -109  -145  -222  )
( -102  147  -170  )
( 65  -188  1  )
( 231  158  -74  )
( 232  77  186  )
( 149  136  212  )
( -92  22  -101  )
( -101  -98  -143  )
( -97  93  155  )
( -223  49  6  )
( -66  114  248  )
( -165  -32  -20  )
( 15  -55  -93  )
( 42  -149  -225  )
( -29  -67  -230  )
( -128  205  -198  )
( 113  125  -139  )
( -131  117  85  )
( -102  -138  -112  )
( -218  127  203  )
( 220  -49  -86  )
( -183  81  -199  )
( 136  243  -227  )
( 53  202  247  )
( -15  112  242  )
( -151  103  -21  )
( -60  232  -63  )
( -197  -74  -105  )
( 66  -47  -26  )
( -114  190  16  )
( -128  36  198  )
( -187  -111  100  )
( 223  178  -119  )
( -212  124  -75  )
( -13  233  37  )
( -73  -85  -131  )
( 166  -68  183  )
( 145  182  -151  )
( -114  -45  -126  )
( -10  140  226  )
( -10  44  -94  )
( -170  -98  -70  )
( 50  121  -101  )
( 174  -52  32  )
( -105  -187  -51  )
( -84  -162  152  )
( -231  243  6  )
( 154  15  98  )
( 144  -34  224  )
( 165  -235  69  )
( 167  48  -193  )
( -24  -55  99  )
( 176  193  178  )
( 207  108  231  )
( 212  187  -214  )
( -156  198  151  )
( -45  -230  -115  )
( 157  -13  207  )
( -158  -17  144  )
( 179  -147  119  )
( -55  -134  -18  )
( 244  75  197  )
( -31  -0  184  )
( 137  -4  -76  )
( -167  78  -47  )
( 136  53  187  )
( 224  142  -94  )
( -107  -202  -215  )
( 246  -105  191  )
( -39  146  -207  )
( 223  -119  218  )
( 176  202  -163  )
( 241  8  116  )
( 181  -122  -109  )
( -219  -8  -184  )
( -37  127  -0  )
( 80  -132  238  )
( -207  109  -66  )
( -11  25  103  )
( 141  -206  96  )
( 169  59  81  )
( 80  -59  -92  )
( -101  -25  133  )
( -124  66  143  )
( 8  133  204  )
( 93  -82  -248  )
( 129  -64  -140  )
( -30  86  95  )
( 116  201  86  )
( -152  18  249  )
( 212  -96  107  )
( 227  -124  -26  )
( -209  95  44  )
( 181  -167  66  )
( -21  203  34  )
( -18  245  207  )
( 200  9  156  )
( -10  177  143  )
( -229  -121  96  )
( -177  -129  -30  )
( 42  100  -146  )
( -211  127  218  )
( -130  224  -77  )
( 115  -139  5  )
( 136  -149  -243  )
( -65  7  57  )
( -172  222  233  )
( -240  12  -71  )
( -243  29  176  )
( 174  -22  -234  )
( -42  242  -236  )
( 82  -93  153  )
( 79  165  229  )
( 155  129  -167  )
( -119  13  220  )
( 10  -151  -13  )
( -243  22  -236  )
( 134  248  145  )
( 40  -69  1  )
( 91  159  69  )
( 14  -176  93  )
( 86  -243  108  )
( 194  20  -72  )
( -193  -205  161  )
( 141  -126  -71  )
( -101  72  75  )
( 143  203  99  )
( 233  196  185  )
( 200  96  -194  )
( 58  212  155  )
( -87  192  111  )
( -186  91  -121  )
( 161  221  12  )
( 138  130  -169  )
( 245  84  164  )
( 89  -241  -194  )
( -137  115  75  )
( -144  -233  -243  )
( -139  -22  -218  )
( -51  138  -162  )
( -52  134  -44  )
( 39  -96  -240  )
( 90  221  71  )
( 127  184  118  )
( -86  41  247  )
( 89  132  -236  )
( 90  -241  206  )
( -19  -137  -103  )
( -135  80  -243  )
( 5  23  32  )
( 100  106  86  )
( -181  248  42  )
( 129  -92  -163  )
( 229  128  23  )
( 179  68  -121  )
( 39  -153  -87  )
( -84  157  149  )
( 80  223  -115  )
( 183  241  190  )
( -22  69  46  )
( 205  -110  190  )
( -106  -43  47  )
( 202  171  -23  )
( -136  139  94  )
( 88  -44  48  )
( 18  22  247  )
( -37  15  181  )
( -80  62  9  )
( 127  170  151  )
( -128  -223  240  )
( 141  -69  -117  )
( -98  -51  -141  )
( -21  0  -243  )
( -53  -221  42  )
( 118  22  -212  )
( 78  -184  -15  )
( 244  -92  231  )
( 237  -83  -155  )
( 187  27  -15  )
( 18  39  74  )
( 46  136  178  )
( -151  -44  -80  )
( 148  31  -216  )
( -243  -17  202  )
( -14  -109  143  )
( -243  -248  -128  )
( -3  168  -134  )
( 0  152  -99  )
( 66  170  167  )
( 181  102  -15  )
( -183  34  -219  )
( 106  151  61  )
( 124  -231  37  )
( 188  96  182  )
( 11  164  -187  )
( -47  185  152  )
( 56  229  -199  )
( 82  -149  -156  )
( -136  109  -193  )
( 140  118  -151  )
( -61  -49  22  )
( -29  91  -62  )
( 18  -201  246  )
( 5  -226  157  )
( -197  59  -126  )
( -121  167  25  )
( -129  -176  -219  )
( 99  165  -80  )
( 245  -25  -112  )
( -192  108  -82  )
( 27  50  59  )
( -12  -125  -138  )
( -207  7  137  )
( -101  180  78  )
( -79  187  -46  )
( 62  -9  -42  )
( -67  238  -159  )
( 72  55  52  )
( 128  -132  25  )
( -39  -94  56  )
( 104  -165  176  )
( 157  81  50  )
( -143  -65  -102  )
( 239  83  108  )
( 24  -249  21  )
( -45  154  68  )
( -77  -248  226  )
( 2  213  167  )
( -189  219  15  )
( 127  -233  -210  )
( -180  62  197  )
( -22  -98  -43  )
( 203  154  -4  )
( -31  118  202  )
( -6  -32  185  )
( 175  139  -8  )
( -145  116  151  )
( 63  164  -30  )
( 30  74  -138  )
( -241  181  -62  )
( -90  216  -106  )
( -190  98  50  )
( 49  117  -46  )
( -63  -0  248  )
( 164  84  42  )
( -75  -80  -13  )
( 92  -1  139  )
( 61  118  31  )
( 3  -137  -209  )
( 152  -124  -109  )
( 169  214  48  )
( 142  -92  -145  )
( 70  -35  -210  )
( 163  115  2  )
( 234  -217  -114  )
( 237  160  10  )
( -78  -5  -14  )
( 123  -231  -47  )
( -24  197  -216  )
( 162  159  207  )
( -199  154  -79  )
( 87  66  72  )
( -211  234  -207  )
( 109  -6  -128  )
( 13  -163  109  )
( 170  91  -209  )
( 3  154  232  )
( -165  233  22  )
( 223  30  183  )
( 43  -59  140  )
( -98  -65  -116  )
( -182  195  -1  )
( 132  228  201  )
( 132  130  -214  )
( -236  6  -53  )
( 238  97  -4  )
( -236  -92  -77  )
( -90  37  201  )
( 114  207  -159  )
( -249  -214  209  )
( -196  210  174  )
( 94  -22  -182  )
( 206  -213  146  )
