( -68  33  -113  )
( 138  -154  224  )
( 121  -12  96  )
( 8  -227  -174  )
( -245  -249  110  )
( 65  -179  121  )
( 86  -62  -188  )
( 36  -35  69  )
( -201  -12  -14  )
( -180  17  -44  )
( 108  18  174  )
( -34  -58  25  )
( -199  92  47  )
( 82  150  -9  )
( -163  205  -36  )
( 246  -79  249  )
( -182  175  81  )
( -222  52  183  )
( -72  161  158  )
( -152  150  180  )
( 7  224  -183  )
( 149  -114  -168  )
( -74  -157  67  )
( -39  234  130  )
( 179  -31  -75  )
( -245  -85  -100  )
( 248  -69  -63  )
( -128  -16  -204  )
( -38  218  -71  )
( 58  140  -59  )
( -224  -2  166  )
( 158  -216  -98  )
( -116  177  -213  )
( 233  -186  -173  )
( -224  -166  142  )
( -115  7  51  )
( -220  -47  -232  )
( -155  -188  168  )
( -181  -81  43  )
( 114  7  -33  )
( -122  -172  -86  )
( -106  -230  71  )
( 165  57  17  )
( -83  -226  -88  )
( 216  -219  -139  )
( 249  -246  -180  )
( 186  125  -73  )
( 62  -70  -18  )
( -118  -97  -131  )
( 185  -128  -57  )
( 56  157  37  )
( -192  -0  -62  )
( -177  -208  -91  )
( 248  185  103  )
( 102  -192  154  )
( 39  78  -128  )
( 33  125  -115  )
( -23  -193  -115  )
( 15  -211  6  )
( 153  193  205  )
( -160  170  -138  )
( 19  -103  -33  )
( 3  -147  -4  )
( 172  126  9  )
( -166  -77  96  )
( -222  161  111  )
( 192  228  -7  )
( -33  8  -86  )
( -186  101  -65  )
( -50  -3  -137  )
( 239  -63  -175  )
( 141  -166  215  )
( 243  -10  215  )
( 130  169  -74  )
( 13  -119  231  )
( -54  106  163  )
( 49  176  -1  )
( 45  130  -157  )
( 45  -131  53  )
( 22  -36  -146  )
( 36  -100  107  )
( -58  -227  -12  )
( 204  224  184  )
( 216  117  -86  )
( -136  78  -112  )
( 237  -244  -212  )
( 21  -59  -93  )
( -145  -175  -79  )
( -223  127  -144  )
( 175  -140  -180  )
( -113  176  -59  )
( -82  19  227  )
( 167  -49  -119  )
( -108  162  65  )
( 207  47  161  )
( 158  -15  -193  )
( -77  -7  -131  )
( 40  182  139  )
( -153  49  -95  )
( 70  200  -203  )
( -54  -193  -130  )
( -163  22  -165  )
( 107  157  12  )
( -30  -29  217  )
( -53  2  195  )
( -73  -117  -199  )
( 156  61  -36  )
( 9  125  192  )
( 34  191  -104  )
( 131  54  170  )
( -41  150  -215  )
( -233  104  237  )
( -132  -165  -156  )
( -106  -64  -220  )
( -130  -191  45  )
( 206  148  -36  )
( -113  -61  60  )
( 198  -130  -26  )
( -137  -74  -39  )
( 201  -84  -134  )
( -81  131  -123  )
( -138  219  142  )
( 175  -162  32  )
( -34  24  -129  )
( -193  9  86  )
( -241  -119  -228  )
( -224  198  23  )
( 66  -84  -247  )
( -69  -72  -203  )
( 172  75  -199  )
( -67  -143  73  )
( 64  81  -133  )
( -67  -93  18  )
( -13  194  -168  )
( -61  232  101  )
( 62  137  41  )
( -206  -241  -108  )
( 100  -51  71  )
( -11  54  229  )
( -2  -141  159  )
( -184  146  -130  )
( 119  123  82  )
( 158  228  -33  )
( 56  -154  35  )
( 221  -190  33  )
( 235  179  182  )
( 200  15  -247  )
( 36  -180  -131  )
( 126  -245  8  )
( 6  187  -74  )
( 101  197  -9  )
( 149  -80  117  )
( -112  59  221  )
( 182  193  -88  )
( -129  -209  111  )
( -179  -36  62  )
( 166  119  -129  )
( 221  -7  72  )
( 30  37  218  )
( 193  156  229  )
( -130  91  64  )
( -28  -174  -211  )
( 171  -176  84  )
( 66  -60  21  )
( 27  -242  -37  )
( -200  -123  -10  )
( 67  -212  -228  )
( 85  -152  -206  )
( 41  -142  -212  )
( 189  65  104  )
( 77  -210  228  )
( -216  -171  228  )
( -40  145  97  )
( -36  -64  240  )
( -104  -11  49  )
( -176  -75  157  )
( 131  37  -110  )
( 37  -220  -249  )
( 78  -154  116  )
( 187  -226  -150  )
( 82  -155  -71  )
( -198  24  -58  )
( 123  19  -241  )
( 214  -182  134  )
( 68  137  -134  )
( -149  112  51  )
( -14  18  84  )
( 166  91  -31  )
( -30  -38  -239  )
( -62  -14  29  )
( 110  169  -85  )
( -229  -87  -192  )
( 235  216  -57  )
( -153  -78  101  )
( -37  166  48  )
( 83  -184  208  )
( -77  -42  -167  )
( 44  18  231  )
( 45  -10  -141  )
( -237  21  -4  )
( 101  -84  -187  )
( 22  -153  55  )
( 30  -187  236  )
( -171  -224  248  )
( 102  10  -55  )
( 39  -50  -240  )
( -238  -45  -116  )
( -224  122  229  )
( 87  -221  24  )
( 3  -124  -32  )
( -167  114  -105  )
( 97  87  38  )
( 205  105  -51  )
( 121  -93  -2  )
( 246  -65  38  )
( 166  -231  -193  )
( -234  132  178  )
( -213  -237  -189  )
( 104  196  -137  )
( 147  -217  -78  )
( -123  -152  135  )
( -208  -140  -126  )
( 3  -31  -116  )
( -241  60  -103  )
( -83  -54  -211  )
( -246  224  45  )
( -84  221  229  )
( -213  -122  114  )
( 12  138  33  )
( -168  247  -219  )
( -28  -127  68  )
( 188  -39  -28  )
( -223  124  -162  )
( 150  -75  222  )
( -24  -163  165  )
( -110  -50  61  )
( -205  188  232  )
( -158  -71  -5  )
( 20  -42  -84  )
( 7  -1  -65  )
( 141  126  189  )
( -53  216  27  )
( -235  -142  -7  )
( 180  186  -26  )
( -215  169  -217  )
( 59  152  -161  )
( 23  161  -244  )
( 220  -149  -39  )
( 133  29  -247  )
( 37  202  -125  )
( -154  -96  163  )
( -19  189  73  )
( -142  -47  -223  )
( -147  2  194  )
( -245  -202  243  )
( 139  191  36  )
( -194  -164  101  )
( -227  186  168  )
( -216  -66  -165  )
( -41  -222  -40  )
( -233  197  -220  )
( 120  27  59  )
( 25  -57  242  )
( -200  -199  239  )
( -247  82  -65  )
( 83  -98  -156  )
( -27  -217  -74  )
( -137  101  60  )
( -99  -146  172  )
( 149  133  212  )
( -70  5  179  )
( -133  -18  -170  )
( -152  47  217  )
( 59  174  -141  )
( -116  -44  26  )
( -53  -83  105  )
( -139  29  17  )
( 204  193  -107  )
( -133  -144  -215  )
( -246  153  -63  )
( -172  151  176  )
( -61  -245  37  )
( 131  -39  65  )
( 149  -179  -123  )
( 45  -96  34  )
( -25  -225  244  )
( -221  -117  141  )
( -4  149  105  )
( -80  188  -191  )
( -88  83  226  )
( -55  -141  34  )
( -110  -72  246  )
( -170  152  -89  )
( 37  154  19  )
( -153  139  -161  )
( -236  -67  144  )
( -75  -19  -128  )
( -215  159  -197  )
( -96  -119  -132  )
( -180  -155  -47  )
( -90  138  155  )
( 232  74  -71  )
( 197  -186  -153  )
( -14  77  202  )
( -205  -82  -145  )
( -172  -123  -93  )
( 228  -204  114  )
( -40  127  122  )
( -199  -200  28  )
( -166  4  213  )
( 183  -8  108  )
( 223  -61  213  )
( -77  -199  47  )
( 134  141  93  )
( 169  -161  246  )
( 28  -6  -177  )
( 172  -28  4  )
( 241  152  -218  )
( 8  -56  -63  )
( -166  -157  62  )
( 246  167  -97  )
( -127  -112  -172  )
( -95  30  -76  )
( -179  -180  191  )
( 121  -240  100  )
( -216  174  -105  )
( -26  -156  64  )
( -140  -1  28  )
( 63  -179  -234  )
( -230  131  198  )
( 133  182  190  )
( 197  170  7  )
( 16  64  237  )
( -177  -141  -121  )
( -37  7  54  )
( -157  -90  -30  )
( 58  216  7  )
( -193  -65  222  )
( -247  233  -92  )
( -232  -199  33  )
( -113  186  -147  )
( -137  210  138  )
( -173  13  117  )
( 57  230  -54  )
( -59  -200  -8  )
( 173  217  1  )
( -139  30  249  )
( 223  -54  -23  )
( 194  213  -15  )
( -210  232  0  )
( 248  54  100  )
( 166  -161  -81  )
( -144  236  71  )
( -52  -97  -106  )
( -166  144  -41  )
( 142  35  190  )
( 125  23  178  )
( 160  -224  217  )
( 67  -227  222  )
( -61  215  -173  )
( -170  210  -27  )
( 222  -19  198  )
( 179  -57  204  )
( 19  -52  136  )
( -168  88  126  )
( 117  -136  -90  )
( 138  -86  -56  )
( -60  -3  95  )
( 220  140  -23  )
( -181  -221  11  )
( 34  -132  -235  )
( -158  -73  105  )
( -68  184  -1  )
( 30  -91  -85  )
( -26  152  -192  )
( -246  -24  -42  )
( -164  -165  -222  )
( 197  -10  -244  )
( 162  -155  187  )
( -173  -226  -32  )
( -42  -222  -90  )
( -4  147  -9  )
( 14  -7  145  )
( -227  -247  -206  )
( -219  56  66  )
( -141  246  -41  )
( -102  241  88  )
( 229  175  -154  )
( 11  55  204  )
( 194  51  142  )
( -148  -213  -87  )
( 242  100  -21  )
( -16  -240  118  )
( -245  248  -158  )
( 32  -16  -148  )
( 0  133  -56  )
( 200  -72  158  )
( -111  92  53  )
( 183  -53  -101  )
( 152  196  -94  )
( 238  193  40  )
( 119  236  180  )
( 61  -221  -84  )
( 193  173  74  )
( 105  -112  20  )
( 139  128  -70  )
( 127  -158  -175  )
( 168  -79  71  )
( 85  5  168  )
( -158  70  189  )
( -164  -48  -117  )
( -18  63  -162  )
( -114  -138  -199  )
( -64  31  91  )
( -182  -167  -136  )
( 15  -127  -164  )
( 151  175  -153  )
( 204  54  -243  )
( 72  -219  137  )
( 40  221  126  )
( -234  -4  185  )
( -243  161  48  )
( 244  -96  193  )
( 71  -87  178  )
( 247  -58  154  )
( -12  -185  190  )
( 9  -42  147  )
( 3  48  97  )
( -64  -120  -197  )
( 119  2  -120  )
( -31  -105  -244  )
( 10  -121  211  )
( -93  33  -83  )
( -78  -33  -103  )
( -203  -157  -174  )
( -117  119  -243  )
( -170  194  13  )
( 20  -213  -45  )
( -52  174  17  )
( -169  -186  -248  )
( -7  -72  143  )
( -186  35  96  )
( -62  -138  18  )
( 162  -195  153  )
( 91  -5  -155  )
( -190  -63  121  )
( -132  -25  -92  )
( -174  183  163  )
( -102  -62  -214  )
( 214  67  124  )
( 34  -11  -114  )
( -237  -14  -177  )
( -50  -214  -140  )
( 79  -175  -169  )
( -240  66  176  )
( -147  155  -199  )
( -90  -221  137  )
( -45  -96  168  )
( -25  110  226  )
( 139  -226  -23  )
( 244  -156  175  )
( 145  52  225  )
( -189  -197  115  )
( -43  92  -98  )
( 214  84  -48  )
( 37  27  22  )
( 24  30  115  )
( 236  105  -93  )
( 55  -161  187  )
( 127  -113  88  )
( -239  -248  21  )
( 155  64  -5  )
( -170  160  19  )
( -140  107  65  )
( -60  143  103  )
( -187  -98  -25  )
( -225  -183  106  )
( 245  -35  117  )
( 161  211  -237  )
( -205  -136  63  )
( 87  -155  161  )
( -13  174  164  )
( 22  169  -46  )
( -144  34  208  )
( -200  -198  -61  )
( 160  -152  -217  )
( -13  -65  214  )
( -72  87  105  )
( 215  -197  67  )
( 196  137  -201  )
( -215  -6  -140  )
( -164  182  9  )
( 134  241  -127  )
( -243  47  60  )
( 240  -212  -6  )
( 218  197  63  )
( -237  -120  -235  )
( -138  50  -128  )
( -118  -106  85  )
( 4  -27  -235  )
( 88  -124  176  )
( -178  -240  28  )
( 165  -222  51  )
( 209  227  74  )
( -219  110  81  )
( -132  213  193  )
( -21  -51  -202  )
( 43  15  124  )
( -26  186  45  )
( -187  33  -201  )
( -246  239  -159  )
( -186  -240  -134  )
( -247  -134  -139  )
( -6  -149  88  )
( 135  -211  219  )
( -207  -82  -241  )
( -7  16  218  )
( 55  -219  43  )
( 56  -81  76  )
( 222  -245  -60  )
( 6  237  231  )
( 143  -191  -151  )
( 228  168  97  )
( 2  92  23  )
( 169  31  218  )
( -120  -134  161  )
( -27  106  -1  )
( 241  131  134  )
( -3  101  231  )
( 109  159  107  )
( 229  -237  245  )
( -150  -160  0  )
( -62  195  -140  )
( -135  51  61  )
( 208  193  -100  )
( 210  -141  1  )
( 237  -60  -166  )
( 246  131  237  )
( 16  14  189  )
( 181  174  -156  )
( 246  181  99  )
( -126  -111  -13  )
( -183  -77  248  )
( 95  154  241  )
( -195  226  -44  )
( 230  -72  -83  )
( -52  237  -55  )
( -37  -87  -247  )
( -233  124  -172  )
( -15  90  -192  )
( -227  191  163  )
( 133  18  -7  )
( 183  -112  147  )
( 205  132  -165  )
( -187  30  112  )
( 211  196  -163  )
( 109  -220  -81  )
( 158  27  -190  )
( -141  220  242  )
( 175  -162  -83  )
( -25  157  -180  )
( -171  39  -178  )
( 102  -65  -115  )
( 219  6  123  )
( -247  -148  243  )
( -59  -86  -166  )
( 244  -199  209  )
( -147  -165  -134  )
( 41  129  138  )
( -121  -115  -130  )
( 36  230  115  )
( 17  -190  103  )
( -80  -3  -118  )
( 80  134  -241  )
( 248  -200  -93  )
( 94  36  -9  )
( 154  201  -166  )
( 15  -159  200  )
( 100  84  -233  )
( -77  82  -186  )
( -227  6  -146  )
( -120  236  -228  )
( -35  238  127  )
( 36  -90  216  )
( -145  -144  46  )
( 178  -203  213  )
( 124  -134  -230  )
( -189  -21  61  )
( 12  -180  -141  )
( 53  -24  -142  )
( -146  -195  -221  )
( 2  182  -11  )
( -149  -31  -81  )
( -58  128  226  )
( -222  -2  -163  )
( -155  108  -2  )
( 160  -204  40  )
( -58  46  242  )
( 66  148  -100  )
( 161  -146  -220  )
( -144  132  -127  )
( -173  -175  154  )
( 97  212  11  )
( 117  -25  -106  )
( -123  -125  -71  )
( -207  78  -87  )
( 218  71  96  )
( 215  -228  115  )
( -229  -147  -11  )
( 7  89  241  )
( -143  167  -20  )
( 80  -44  -200  )
( -220  156  -90  )
( 114  189  58  )
( -233  141  -19  )
( 146  -184  32  )
( 137  142  -218  )
( -195  -172  131  )
( -65  15  -38  )
( -59  90  -69  )
( -200  -63  82  )
( 191  97  -71  )
( 17  219  -216  )
( 184  -40  -62  )
( 95  -89  -79  )
( -103  22  -192  )
( -3  143  -158  )
( -48  50  239  )
( -202  61  -13  )
( -31  186  35  )
( 63  11  168  )
( 115  -226  -159  )
( -211  210  9  )
( 82  -47  166  )
( 150  -101  89  )
( -11  176  -49  )
( -178  -63  -10  )
( 128  -53  41  )
( 171  242  -5  )
( -6  240  -22  )
( 233  -97  -58  )
( -249  -114  -47  )
( -197  236  27  )
( -75  217  243  )
( -192  -170  -38  )
( 189  -30  213  )
( 193  203  182  )
( 30  121  39  )
( -125  160  -180  )
( 150  -94  -118  )
( 79  -197  72  )
( 206  -14  57  )
( -225  -164  -26  )
( -67  52  217  )
( 65  -78  16  )
( -214  196  -20  )
( 240  17  174  )
( -238  -230  -157  )
( 10  -27  176  )
( -239  -38  -203  )
( -225  -199  -183  )
( 58  -104  50  )
( -132  -58  -124  )
( -233  -154  121  )
( 60  -182  234  )
( 247  -125  9  )
( -68  51  207  )
( 148  126  -151  )
( -247  162  170  )
( 27  118  -85  )
( -118  -35  -1  )
( 145  -215  18  )
( -236  104  -27  )
( 61  222  -223  )
( 177  -125  -226  )
( -187  -151  -90  )
( -228  -249  80  )
( 44  -164  -19  )
( 74  132  -73  )
( -47  -165  -69  )
( -130  123  126  )
( -2  189  150  )
( -33  11  73  )
( 115  12  93  )
( -220  -148  67  )
( 235  -7  -158  )
( 98  203  121  )
( 10  1  69  )
( -144  198  -146  )
( 5  -38  231  )
( 199  75  84  )
( -130  -181  231  )
( 189  -50  -72  )
( -199  -82  -166  )
( 223  -133  -27  )
( -16  -145  -249  )
( 124  -25  -185  )
( 233  203  -182  )
( 233  -225  -51  )
( -69  132  22  )
( -48  205  237  )
( 99  -50  223  )
( -167  -110  81  )
( -197  -86  11  )
( -58  142  -149  )
( -158  180  -59  )
( -111  174  228  )
( 101  -165  -178  )
( 188  -244  -32  )
( -219  -195  -214  )
( 166  182  -46  )
( -247  38  42  )
( 178  -173  231  )
( 201  -127  -198  )
( 211  -225  46  )
( 22  -92  173  )
( 211  48  -212  )
( -248  169  119  )
( 6  -139  -214  )
( 232  -58  -167  )
( -219  112  31  )
( 176  -2  -132  )
( 186  -33  -64  )
( 34  -110  -69  )
( 108  -87  237  )
( -36  -206  -32  )
( -248  -237  -168  )
( 123  131  27  )
( -186  94  -39  )
( 26  89  68  )
( 202  83  36  )
( 161  -204  7  )
( 212  -159  -198  )
( 154  121  -174  )
( 173  39  242  )
( -207  -149  -45  )
( 154  19  -171  )
( 26  -208  -182  )
( 177  -106  -210  )
( 166  104  94  )
( -113  219  -95  )
( -48  157  240  )
( 120  15  163  )
( 163  155  -101  )
( 175  65  192  )
( -78  204  -141  )
( -230  35  107  )
( 37  44  -147  )
( 136  7  -208  )
( -225  -233  -11  )
( -36  -244  -228  )
( 165  -186  -152  )
( 85  1  -111  )
( 177  95  -117  )
( 191  103  177  )
( -89  -181  238  )
( -50  -81  169  )
( 162  -143  235  )
( 189  132  -24  )
( 107  -62  121  )
( 79  245  46  )
( 30  7  204  )
( 32  168  -7  )
( 198  111  196  )
( 82  131  -228  )
( -236  86  -247  )
( 63  88  174  )
( 110  -236  -57  )
( -39  120  -100  )
( -64  -77  79  )
( -45  68  113  )
( 160  37  -65  )
( -230  -169  239  )
( -84  16  -118  )
( -16  63  134  )
( -91  36  126  )
( 119  -189  36  )
( -146  72  -65  )
( 54  -3  11  )
( -216  229  31  )
( 21  -135  17  )
( -57  -127  117  )
( 197  179  -119  )
( -113  -85  45  )
( 226  -189  -56  )
( -110  -171  195  )
( 42  98  -217  )
( 233  -248  -5  )
( 17  -122  248  )
( 149  -112  32  )
( -33  -172  -233  )
( -21  166  6  )
( 47  0  8  )
( -93  66  36  )
( 9  -66  -12  )
( 128  219  192  )
( 131  22  163  )
( 102  -216  -74  )
( -110  -71  36  )
( 73  93  13  )
( -6  71  121  )
( -5  -61  -178  )
( 109  -162  -90  )
( 131  148  110  )
( -223  -242  -43  )
( -60  221  -155  )
( 188  181  -103  )
( 136  -181  -111  )
( 31  -65  -174  )
( -177  204  231  )
( -127  244  -180  )
( 40  32  -99  )
( 206  44  34  )
( -42  157  -240  )
( -83  125  78  )
( -93  235  -179  )
( 247  -77  -187  )
( -30  248  -64  )
( 50  -207  -117  )
( -47  229  217  )
( 238  197  -24  )
( 64  111  -198  )
( 99  -152  -211  )
( -92  232  55  )
( 171  -119  187  )
( 65  67  -57  )
( 69  -47  244  )
( 127  -16  121  )
( 40  91  3  )
( 33  -185  -34  )
( 52  80  -156  )
( 182  -119  -201  )
( -60  -41  121  )
( -237  84  -157  )
( 51  89  236  )
( -138  -34  154  )
( 31  -171  19  )
( 52  68  -182  )
( -19  157  -72  )
( 176  175  -246  )
( 45  208  146  )
( -231  77  -192  )
( 191  -237  -141  )
( -60  -34  87  )
( -84  -176  242  )
( -68  -137  213  )
( 54  -248  210  )
( 203  112  -243  )
( 99  68  157  )
( 210  157  99  )
( 212  -184  -80  )
( -235  174  223  )
( -86  -191  -218  )
( -228  139  169  )
( -65  126  181  )
( 109  -205  111  )
( -140  71  -232  )
( -172  -241  -236  )
( 199  -120  -123  )
( -26  -19  122  )
( -99  230  -102  )
( -1  -87  243  )
( -16  15  164  )
( 200  246  104  )
( 88  -25  12  )
( 70  44  84  )
( -6  -154  -51  )
( -46  97  167  )
( -121  -66  -225  )
( 218  26  -104  )
( 11  -157  -186  )
( 26  -206  -164  )
( 245  -225  -38  )
( -193  -56  -163  )
( -150  111  -157  )
( -10  -7  72  )
( -84  206  60  )
( -16  208  94  )
( -98  -226  -156  )
( 9  -92  -162  )
( 119  -226  -248  )
( 247  -111  -62  )
( -124  5  238  )
( 113  7  -76  )
( 145  36  -10  )
( 175  180  109  )
( -152  4  84  )
( -105  -232  -174  )
( -146  141  -242  )
( -54  -149  138  )
( -58  -28  30  )
( -161  222  -58  )
( -56  227  135  )
( -70  149  229  )
( -248  231  108  )
( 158  -184  154  )
( 141  172  -197  )
( -55  22  -11  )
( 14  -61  -58  )
( -114  -51  -34  )
( -53  187  35  )
( 27  202  -36  )
( 206  214  149  )
( 210  -188  211  )
( -85  226  235  )
( -111  -211  -221  )
( 32  9  29  )
( -16  106  118  )
( -240  37  -221  )
( 148  222  37  )
( -63  -110  148  )
( 40  -240  -112  )
( 125  167  -77  )
( 7  114  -74  )
( 178  40  -22  )
( -98  85  -76  )
( 172  -36  -119  )
( -127  58  -161  )
( -67  -93  105  )
( 112  219  226  )
( 49  -249  223  )
( 14  -180  -151  )
( 169  -179  178  )
( -20  -126  -184  )
( 191  -241  -155  )
( 138  -129  136  )
( 115  -131  233  )
( -236  -163  82  )
( 23  79  -231  )
( -201  149  3  )
( -115  -231  126  )
( 69  115  -117  )
( 184  197  167  )
( 20  -43  61  )
( -0  -10  226  )
( 112  226  -114  )
( -55  183  -5  )
( 11  -189  73  )
( 97  -175  181  )
( -135  -73  -42  )
( -106  -219  151  )
( -99  -93  -123  )
( -239  160  -133  )
( -216  159  41  )
( -119  -205  156  )
( -190  -232  233  )
( -1  -68  -141  )
( 207  -218  -153  )
( -220  -108  75  )
( -201  67  46  )
( -88  90  213  )
( -48  -69  225  )
( -236  116  -241  )
( 76  175  134  )
( 98  96  -106  )
( -216  202  27  )
( 84  193  117  )
( -230  -180  91  )
( 244  35  -204  )
( -194  154  -182  )
( 18  -98  -80  )
( -92  -159  -113  )
( -132  86  88  )
( 174  31  -117  )
( -15  180  31  )
( -143  51  12  )
( -94  152  -198  )
( 17  225  -213  )
( 49  -22  113  )
( -50  -3  132  )
( -105  -19  235  )
( -179  -54  -79  )
( 101  146  -198  )
( -104  172  -196  )
( 56  -90  76  )
( -116  25  -205  )
( 193  -88  1  )
( 84  200  -61  )
( 46  -189  117  )
( 76  142  -36  )
( -17  -44  -174  )
( -60  218  66  )
( 160  133  -232  )
( -236  -245  130  )
( -98  -159  5  )
( -204  -239  -44  )
( 225  -95  -112  )
( 241  223  -42  )
( -78  -18  -201  )
( -104  71  167  )
( -191  -91  37  )
( 196  156  24  )
( -151  210  155  )
( -195  54  -132  )
( -130  215  54  )
( -24  27  -39  )
( 175  -42  205  )
( 207  95  214  )
( 32  248  -215  )
( 175  -235  -197  )
( -95  114  11  )
( -211  -111  189  )
( -82  111  -212  )
( 104  -165  -211  )
( 206  45  241  )
( -39  -190  -222  )
( -50  -61  181  )
( 135  194  -202  )
( -97  -154  -52  )
( 239  208  -23  )
( 5  20  -33  )
( -231  7  56  )
( -167  226  0  )
( 237  -178  -109  )
( 130  -160  -16  )
( 75  131  211  )
( -138  -112  42  )
( -56  65  -140  )
( 65  -14  113  )
( -209  -158  227  )
( 6  -210  201  )
( 194  -23  132  )
( -160  7  -221  )
( -225  181  -23  )
( -19  -192  181  )
( 72  -78  -22  )
( 178  111  172  )
( 145  -241  -67  )
( -41  -111  188  )
( -205  -158  18  )
( 41  40  192  )
( -13  -61  -127  )
( -76  -207  -90  )
( 115  219  -193  )
( 216  -94  144  )
( -218  28  -31  )
( 122  39  168  )
( -108  -193  170  )
( 119  -151  170  )
( 207  5  175  )
( 148  -112  -62  )
( 164  -193  -213  )
( -233  -190  223  )
( 143  -70  215  )
( 131  151  -204  )
( -179  155  201  )
( -157  200  192  )
( 158  65  66  )
( 57  99  195  )
( 235  100  223  )
( -11  -70  196  )
( 47  -55  8  )
( -111  114  -229  )
( -23  -98  95  )
( -29  -97  144  )
( 94  100  1  )
( -38  -159  -17  )
( -52  -193  -142  )
( -215  -50  -87  )
( -138  -188  55  )
( -45  -148  -174  )
( 150  -131  -127  )
( -109  -12  32  )
( -181  -49  -139  )
( -142  -239  -194  )
( 237  245  35  )
( 169  150  -12  )
