( 10  -24  137  )
( -105  -175  -229  )
( -165  63  -70  )
( 171  45  -116  )
( -143  234  19  )
( -3  -111  -204  )
( 133  123  -42  )
( 211  -74  -165  )
( -80  183  -97  )
( -58  239  -29  )
( -69  -58  213  )
( -170  -17  -147  )
( -168  -69  -15  )
( 69  66  -159  )
( 86  2  219  )
( -141  222  57  )
( -149  121  -55  )
( -101  -45  68  )
( 10  1  213  )
( 91  -153  1  )
( -154  -2  18  )
( 123  4  -197  )
( 26  -196  -170  )
( 82  22  93  )
( 129  184  -65  )
( -113  -91  -57  )
( -83  152  134  )
( 143  -213  -94  )
( 74  -236  -151  )
( 110  -165  185  )
( 77  -92  -11  )
( -7  -146  122  )
( -174  47  -96  )
( -128  -84  65  )
( 34  8  -97  )
( -139  -248  -112  )
( -179  210  -117  )
( -160  -53  -187  )
( 30  52  -174  )
( -238  -124  207  )
( 54  -95  101  )
( -78  208  237  )
( 102  -95  -168  )
( -206  -77  -29  )
( 84  -28  119  )
( 178  215  -49  )
( -69  3  9  )
( -198  215  -115  )
( -229  -19  -55  )
( 246  -129  38  )
( 114  -91  183  )
( -32  -145  95  )
( -152  -41  -145  )
( 148  59  62  )
( 195  -164  -100  )
( -83  -93  126  )
( -238  17  46  )
( 143  24  119  )
( 192  206  6  )
( -169  -4  -72  )
( 175  65  -141  )
( 92  240  -40  )
( -10  -73  -87  )
( 245  -148  48  )
( 138  159  162  )
( -59  179  139  )
( 116  -50  214  )
( 88  36  -126  )
( -39  199  101  )
( -12  -72  111  )
( 216  29  221  )
( 115  117  -38  )
( -216  146  -155  )
( -232  189  132  )
( 24  184  -166  )
( 144  -190  96  )
( 126  37  -216  )
( -24  -195  115  )
( 146  -39  -24  )
( -36  190  -11  )
( 129  33  -88  )
( 28  173  -120  )
( 82  69  135  )
( 97  211  150  )
( -154  -192  234  )
( -6  203  45  )
( 221  66  -40  )
( 119  -156  -145  )
( 230  197  214  )
( 231  -233  -200  )
( -111  233  -188  )
( 81  -26  233  )
( 137  -225  179  )
( -8  -247  -57  )
( 40  -89  109  )
( -226  93  36  )
( 13  38  -18  )
( -38  -28  -48  )
( -35  -159  66  )
( 231  -29  111  )
( -144  69  -121  )
( -167  189  -110  )
( 221  140  240  )
( -88  -129  -247  )
( 115  184  225  )
( -65  142  -29  )
( 64  32  -145  )
( 158  -12  205  )
( 117  -11  -109  )
( -243  -33  -204  )
( -140  167  -153  )
( -216  -197  -106  )
( -25  -139  -232  )
( -214  -226  245  )
( 155  -239  119  )
( 177  -67  202  )
( 0  178  181  )
( 129  -212  -20  )
( -55  202  95  )
( -73  -139  238  )
( 198  -131  -85  )
( 245  -79  -54  )
( 149  25  143  )
( -40  -155  -122  )
( 208  -231  2  )
( -144  165  -51  )
( -58  -71  16  )
( 145  75  114  )
( -99  -155  118  )
( -218  237  -200  )
( 90  220  -236  )
( -69  -245  -249  )
( 4  -189  -199  )
( 38  125  184  )
( 135  -4  133  )
( -162  -17  96  )
( -164  243  -45  )
( 100  -80  109  )
( 35  104  138  )
( 245  -205  -134  )
( -22  -130  -58  )
( 163  -126  -198  )
( 91  162  -179  )
( -116  -142  74  )
( -61  154  215  )
( -93  -143  16  )
( -175  190  -219  )
( 185  -86  -135  )
( 241  28  -247  )
( 13  -70  -176  )
( -244  61  -142  )
( 119  32  -170  )
( -114  -102  103  )
( 166  108  2  )
( 192  -146  -191  )
( 70  -183  -246  )
( 157  -44  -73  )
( 194  -189  -87  )
( 95  3  -46  )
( 24  198  180  )
( 72  -200  -177  )
( 153  -172  -12  )
( 105  -94  205  )
( 242  245  55  )
( 41  62  56  )
( -72  95  141  )
( 42  138  -209  )
( 221  -23  -147  )
( 165  105  -158  )
( -185  -43  -205  )
( -228  164  -28  )
( -181  242  -56  )
( 78  144  81  )
( -38  -245  44  )
( -65  217  102  )
( -123  89  113  )
( 50  93  214  )
( 94  131  67  )
( -50  -147  -115  )
( -123  -19  -3  )
( 205  -190  -90  )
( -127  -110  -126  )
( -239  -9  -208  )
( 153  -220  -166  )
( 86  20  108  )
( -239  174  -237  )
( -139  179  117  )
( -101  173  -59  )
( 164  81  -97  )
( -197  174  106  )
( 92  88  90  )
( 1  191  -142  )
( -177  204  178  )
( -68  -199  -111  )
( 38  81  225  )
( -93  145  87  )
( 140  150  -94  )
( 240  17  -175  )
( 223  3  -176  )
( 88  55  -155  )
( 169  -5  -102  )
( -102  -48  228  )
( 243  96  170  )
( -11  -41  -100  )
( -124  144  -245  )
( -130  -17  -127  )
( -87  -150  1  )
( -124  139  -34  )
( 159  -7  -191  )
( 164  87  207  )
( 82  65  -214  )
( 117  15  19  )
( -205  -222  -108  )
( -121  -16  116  )
( -57  -163  38  )
( -86  164  -248  )
( -218  -89  239  )
( -62  221  -237  )
( 77  93  89  )
( 50  146  -179  )
( -56  -119  -27  )
( 111  -231  -16  )
( -63  -53  -27  )
( 35  31  4  )
( 155  -100  186  )
( 0  -87  57  )
( 211  -244  -20  )
( 120  91  -173  )
( 37  113  -67  )
( -219  -14  171  )
( -135  -203  -105  )
( -118  -237  17  )
( 147  -230  -46  )
( -166  198  -154  )
( 125  -195  173  )
( -47  204  -191  )
( -228  174  -101  )
( 183  -93  224  )
( 238  175  -239  )
( -222  -135  121  )
( -23  136  196  )
( -198  173  -169  )
( 53  8  -35  )
( -36  230  26  )
( -194  9  -64  )
( 180  158  106  )
( -53  106  70  )
( -39  32  187  )
( -118  -116  190  )
( -57  101  211  )
( -148  91  37  )
( 164  63  -35  )
( 60  -219  -148  )
( -186  12  -96  )
( 100  111  175  )
( 217  38  -212  )
( 242  136  15  )
( -210  47  -45  )
( -136  112  -226  )
( 212  59  45  )
( 101  -39  67  )
( -78  -30  -147  )
( 119  165  137  )
( 48  63  225  )
( 247  -160  4  )
( -218  -184  -47  )
( 82  174  -230  )
( 76  56  0  )
( -54  80  -102  )
( 27  152  196  )
( -248  -181  -59  )
( -169  160  -140  )
( -212  36  -144  )
( -81  10  -39  )
( 100  -211  77  )
( 74  -45  -124  )
( -230  -244  -127  )
( -46  105  -239  )
( -141  93  70  )
( -191  -238  -21  )
( 233  -10  -235  )
( -8  84  224  )
( 71  -164  180  )
( -83  149  132  )
( -227  -76  -6  )
( -116  -129  128  )
( 71  -44  66  )
( 107  74  4  )
( 232  -80  -62  )
( -220  224  103  )
( -91  -166  175  )
( -33  -13  -108  )
( 70  78  151  )
( 99  169  41  )
( 83  -245  28  )
( 133  212  211  )
( -96  235  124  )
( 15  44  169  )
( -33  -36  -11  )
( 88  186  144  )
( 163  -15  58  )
( -53  -192  82  )
( 177  104  -202  )
( -197  157  -181  )
( 159  -232  245  )
( -114  244  -81  )
( -138  117  -142  )
( -79  -222  208  )
( 207  -160  105  )
( 21  91  -31  )
( -115  46  63  )
( 122  92  -44  )
( 176  236  -246  )
( -160  8  -89  )
( 192  -83  -134  )
( -166  36  77  )
( -247  173  -21  )
( 85  -217  205  )
( 207  21  -86  )
( -225  142  -173  )
( -49  23  154  )
( 26  -144  -194  )
( 11  96  -196  )
( 221  177  -5  )
( 72  203  179  )
( -120  -130  -79  )
( -201  102  -241  )
( -140  75  -231  )
( -146  -66  -107  )
( -136  -122  -15  )
( -198  -161  153  )
( 67  124  168  )
( -141  238  114  )
( -205  247  -69  )
( 146  -244  -201  )
( -35  -34  109  )
( 139  25  52  )
( -173  -231  189  )
( 173  95  -186  )
( 238  -105  -144  )
( -63  90  194  )
( 244  -125  -56  )
( -209  173  -122  )
( 150  127  -214  )
( 48  -92  -117  )
( -132  140  170  )
( 60  -238  -205  )
( -47  68  201  )
( -53  -164  238  )
( -201  233  -146  )
( 103  74  -94  )
( -172  -196  -202  )
( 202  -101  -120  )
( -223  103  -65  )
( -17  -119  227  )
( -103  -118  249  )
( -142  178  -149  )
( 160  -51  -109  )
( 218  -188  17  )
( -152  102  -133  )
( -224  221  157  )
( -235  12  -219  )
( -2  16  -225  )
( -38  214  -50  )
( -41  198  33  )
( -205  157  -124  )
( 3  -69  175  )
( 90  -104  101  )
( 200  182  -129  )
( -19  -1  131  )
( 71  161  -126  )
( 131  -234  32  )
( 209  -54  -200  )
( 246  184  -178  )
( 142  -217  -0  )
( -181  -231  24  )
( 202  90  -112  )
( 2  -123  -203  )
( 101  -237  175  )
( -212  143  -82  )
( -150  -147  223  )
( -139  219  -85  )
( 23  -119  -124  )
( -178  -43  -89  )
( 132  -54  173  )
( 210  62  -179  )
( -38  174  103  )
( 53  -45  15  )
( 1  -236  213  )
( 89  100  184  )
( -127  -223  112  )
( -228  72  -50  )
( -27  -53  90  )
( 54  22  122  )
( 145  -120  -126  )
( -152  -198  75  )
( -52  -148  80  )
( -77  30  104  )
( -212  88  12  )
( -248  5  100  )
( -7  123  84  )
( -111  228  187  )
( -192  152  -202  )
( 82  -138  185  )
( 173  -0  58  )
( -240  203  -177  )
( 52  33  -32  )
( -91  83  21  )
( 219  -134  -206  )
( -125  142  64  )
( -42  -208  -198  )
( -189  -172  -141  )
( -116  32  -197  )
( 50  -190  31  )
( 69  210  208  )
( 142  -205  -241  )
( 16  153  102  )
( -7  -40  201  )
( -107  -170  51  )
( -228  -212  -9  )
( -221  -140  15  )
( -107  -109  3  )
( -51  42  -23  )
( 244  -188  -149  )
( 172  -249  -83  )
( -249  -8  123  )
( 202  112  172  )
( 73  225  23  )
( 232  -58  -105  )
( -222  -184  -171  )
( 131  -15  -206  )
( 200  130  -84  )
( -9  0  199  )
( 161  -58  85  )
( 156  99  116  )
( -80  8  -166  )
( 150  211  3  )
( 112  106  -217  )
( -103  110  223  )
( -166  35  -152  )
( -42  -122  -32  )
( -119  -118  -43  )
( -156  110  167  )
( 188  -130  -205  )
( -161  -63  -135  )
( -26  216  -189  )
( -155  -149  -214  )
( -201  138  11  )
( -14  127  -95  )
( -15  86  -4  )
( 222  245  199  )
( 249  -65  -122  )
( 199  122  -56  )
( 7  -161  168  )
( -125  -69  -237  )
( -217  -234  -94  )
( 148  76  87  )
( -224  -53  -0  )
( 137  33  -39  )
( -155  171  -121  )
( 108  -190  41  )
( -43  -122  228  )
( 132  -44  8  )
( 31  -188  17  )
( 232  110  222  )
( -152  -47  -165  )
( 135  121  -237  )
( 59  137  214  )
( -25  -78  -121  )
( 208  249  133  )
( -34  -165  -130  )
( -180  -99  -71  )
( 193  30  13  )
( -1  -244  6  )
( -69  -1  86  )
( -13  152  -5  )
( -132  117  244  )
( -154  9  142  )
( 108  -249  180  )
( 133  153  -118  )
( 200  -114  102  )
( 107  -134  -122  )
( -71  -128  -72  )
( -200  63  4  )
( 158  -58  -152  )
( 40  -9  -217  )
( 167  108  49  )
( 63  23  -11  )
( -37  -176  -247  )
( 35  18  -246  )
( -173  -25  230  )
( 238  -186  107  )
( -200  -44  246  )
( 120  52  46  )
( 130  -169  154  )
( -114  235  -26  )
( 131  -144  -0  )
( -170  -65  180  )
( -216  -186  212  )
( 9  17  -130  )
( 58  -6  183  )
( 199  -17  148  )
( 142  -6  -127  )
( -30  157  234  )
( -210  -101  -179  )
( 230  -156  -197  )
( 11  -206  -95  )
( -63  -197  28  )
( -99  -112  -197  )
( -50  -184  163  )
( -170  93  98  )
( 73  21  109  )
( 104  -32  135  )
( -101  -222  -105  )
( 233  94  -200  )
( -10  180  -74  )
( 185  -137  242  )
( -186  73  64  )
( 118  224  64  )
( -43  -33  194  )
( 203  133  -34  )
( 154  47  -196  )
( 185  -145  98  )
( -69  -64  -228  )
( 162  -232  203  )
( -149  235  -203  )
( 25  236  -119  )
( 76  -66  12  )
( 28  -32  27  )
( 108  43  -60  )
( -98  -190  95  )
( 95  -94  -17  )
( 59  162  -175  )
( 195  123  -203  )
( -132  -4  97  )
( -244  -53  -138  )
( 38  -105  208  )
( 6  114  24  )
( -206  160  -167  )
( 131  5  -205  )
( 69  80  -161  )
( 50  88  -227  )
( 56  -6  -55  )
( -67  -181  -225  )
( 230  180  -146  )
( -86  -140  62  )
( 13  3  -61  )
( -226  1  72  )
( -153  -106  75  )
( 22  88  225  )
( 26  -34  -208  )
( 189  -107  -153  )
( -32  199  15  )
( -201  230  159  )
( -230  -69  55  )
( -171  116  -106  )
( 31  69  -135  )
( -124  10  -112  )
( 75  77  27  )
( -198  -143  5  )
( -104  15  -245  )
( -235  173  -223  )
( -199  80  244  )
( 123  54  -210  )
( -27  -158  206  )
( 234  -39  147  )
( 67  -236  110  )
( 167  -94  82  )
( 245  71  -108  )
( -222  110  -5  )
( 129  217  218  )
( -82  120  208  )
( -2  -220  96  )
( 84  -95  78  )
( 217  35  -220  )
( 146  114  -40  )
( -68  137  153  )
( 185  -145  -68  )
( -212  107  226  )
( 105  18  -235  )
( 214  6  -197  )
( -54  67  -82  )
( -219  91  228  )
( 82  220  198  )
( 103  56  57  )
( 106  -217  188  )
( 91  -20  -56  )
( -183  -145  49  )
( -82  244  -219  )
( -101  -58  -143  )
( -134  -18  186  )
( -182  2  98  )
( -107  151  100  )
( -147  -218  205  )
( 124  -209  -231  )
( 212  84  117  )
( 85  -217  -137  )
( -223  -103  -240  )
( 126  -22  166  )
( 185  62  17  )
( -183  -249  81  )
( 16  -177  -41  )
( -76  -198  214  )
( 133  -130  38  )
( -65  -28  -235  )
( 167  230  -172  )
( -9  97  60  )
( 189  -27  249  )
( 72  120  38  )
( -189  113  -65  )
( -109  98  123  )
( -73  -68  211  )
( 132  20  190  )
( 60  -210  -198  )
( 228  157  182  )
( 112  213  -188  )
( 80  -128  241  )
( -176  214  130  )
( 171  -27  -104  )
( -68  -49  -98  )
( 236  119  -44  )
( 124  135  235  )
( -43  80  237  )
( -220  -213  168  )
( -56  -224  -31  )
( -145  23  170  )
( 56  50  -200  )
( 239  64  -190  )
( -206  149  172  )
( 163  -203  -71  )
( -168  -93  -174  )
( 162  8  64  )
( 200  146  -124  )
( -241  -64  -120  )
( 59  -133  -129  )
( 72  95  65  )
( -102  185  121  )
( -130  123  -69  )
( -113  -11  87  )
( 238  231  -169  )
( 190  -205  -139  )
( 175  -83  246  )
( -195  114  -105  )
( 158  159  -134  )
( 61  172  46  )
( 230  -2  -111  )
( -48  83  -71  )
( 2  -104  -204  )
( -228  175  205  )
( 247  -190  -117  )
( 102  -27  -202  )
( -218  50  8  )
( 85  -207  -81  )
( 126  -168  -75  )
( 65  139  -89  )
( -219  172  65  )
( 233  -54  -241  )
( 141  82  148  )
( 237  227  -134  )
( -219  -0  -173  )
( -151  131  -177  )
( 178  1  -202  )
( -140  -8  -221  )
( -180  208  -222  )
( 140  81  -127  )
( -84  -15  78  )
( 91  -98  -120  )
( 90  131  -93  )
( 123  174  221  )
( 79  -151  -134  )
( -54  172  136  )
( -51  -156  -13  )
( 79  206  41  )
( 106  -176  -245  )
( -224  137  165  )
( 162  245  -7  )
( -33  -59  190  )
( 109  136  7  )
( -68  188  -61  )
( -52  41  113  )
( -167  -63  222  )
( -114  -88  146  )
( 20  -238  -133  )
( 71  110  -27  )
( 54  -36  59  )
( 79  105  -7  )
( 94  -174  -15  )
( -128  175  82  )
( -232  102  -165  )
( 89  -243  182  )
( 167  -127  -223  )
( 75  -11  -172  )
( 108  -38  228  )
( -53  -95  102  )
( 131  37  31  )
( -213  84  238  )
( -198  7  -35  )
( -65  206  141  )
( 10  62  178  )
( -200  150  -36  )
( 179  -178  -49  )
( -179  -75  -201  )
( 189  215  120  )
( 84  -39  81  )
( 136  8  211  )
( -170  -230  -34  )
( 134  237  -88  )
( 239  -247  102  )
( 114  45  232  )
( -188  147  154  )
( 107  3  -31  )
( 110  64  49  )
( -147  -34  212  )
( -41  -125  204  )
( -231  -212  -201  )
( 92  -43  10  )
( 32  -189  -239  )
( 226  151  -31  )
( 172  -166  -237  )
( 156  -42  217  )
( -200  133  -19  )
( -60  174  -197  )
( 235  142  43  )
( -16  201  246  )
( 149  -106  -158  )
( -223  -188  31  )
( 113  88  11  )
( 216  75  -71  )
( -202  42  92  )
( 244  105  9  )
( -211  -10  -175  )
( -112  226  -149  )
( 102  -69  -147  )
( -177  134  187  )
( -204  -206  95  )
( 147  28  246  )
( 138  0  -176  )
( -117  192  -194  )
( -38  -128  -41  )
( -80  -197  200  )
( -157  80  -58  )
( 75  230  155  )
( 223  -129  42  )
( -174  -188  -12  )
( 89  18  93  )
( -143  80  -63  )
( -97  -47  -63  )
( -4  -200  -71  )
( -67  -39  22  )
( 4  -24  136  )
( -190  -117  113  )
( -99  188  236  )
( 185  -241  -149  )
( -242  -136  -68  )
( -153  -124  45  )
( 216  68  -121  )
( 8  175  2  )
( -74  -105  -222  )
( 171  -142  -86  )
( 231  -34  -113  )
( -141  -80  -185  )
( -92  -52  -233  )
( 135  230  -35  )
( 126  9  -2  )
( -187  142  -48  )
( -109  -235  -59  )
( 189  -63  205  )
( -36  203  21  )
( 12  96  228  )
( 91  -207  -218  )
( 116  20  -151  )
( 177  -192  -230  )
( 125  166  213  )
( -73  222  112  )
( 37  128  -216  )
( -110  203  89  )
( 11  169  103  )
( -189  -116  143  )
( -41  -233  -72  )
( 209  -223  136  )
( 123  -102  -228  )
( 226  106  -128  )
( 132  -105  225  )
( 43  -72  224  )
( -85  -151  -228  )
( 216  -160  238  )
( 29  218  -227  )
( 103  -227  234  )
( -4  -60  56  )
( -13  80  -174  )
( -173  -216  107  )
( 65  -130  243  )
( 76  147  144  )
( -219  -112  -159  )
( -138  111  -55  )
( 105  -176  -43  )
( 94  -248  -58  )
( 130  -239  234  )
( -135  41  -59  )
( -36  -105  190  )
( -151  195  -146  )
( 98  15  -151  )
( -19  46  224  )
( -162  31  -225  )
( -206  -41  -78  )
( -237  147  -48  )
( -189  216  25  )
( -79  183  102  )
( -169  151  -204  )
( -169  186  205  )
( -0  6  -231  )
( -191  7  -211  )
( -157  -172  194  )
( 148  -248  -117  )
( 25  179  66  )
( 135  -99  244  )
( 105  -209  -66  )
( -10  -171  213  )
( 116  22  -143  )
( 112  122  246  )
( 219  67  249  )
( -160  -182  -104  )
( -86  153  13  )
( 43  -217  242  )
( 111  43  126  )
( -91  -2  137  )
( -193  -203  167  )
( -152  94  -34  )
( 140  228  62  )
( -213  130  -74  )
( -247  -211  -188  )
( -104  -178  -165  )
( 160  121  -126  )
( 125  -193  3  )
( -54  17  214  )
( 115  127  142  )
( -200  161  193  )
( 21  166  -46  )
( -119  -98  -218  )
( -55  23  -57  )
( 230  235  170  )
( 123  50  153  )
( 200  -187  124  )
( 99  -186  229  )
( 100  -120  187  )
( 108  -228  -167  )
( 177  -158  -213  )
( -199  140  113  )
( 23  11  -142  )
( -243  -129  -176  )
( -180  37  -92  )
( -83  -2  243  )
( -191  -64  110  )
( -97  -104  133  )
( -159  247  -132  )
( -135  79  -200  )
( -44  60  48  )
( -191  -50  -65  )
( -18  -218  47  )
( 204  -207  -235  )
( -131  -86  195  )
( 89  242  -30  )
( 210  194  -180  )
( 245  150  92  )
( -104  107  215  )
( 179  -36  -204  )
( 119  -89  -61  )
( -157  242  112  )
( -75  -155  198  )
( -207  149  -121  )
( 238  146  -103  )
( 210  -173  -126  )
( 224  -196  -197  )
( -228  -177  1  )
( 129  136  211  )
( 189  213  -171  )
( 36  -163  96  )
( 84  143  168  )
( 44  20  -92  )
( 145  -49  79  )
( -110  125  -173  )
( -141  234  221  )
( -161  158  -214  )
( 175  157  154  )
( 170  16  87  )
( -163  44  245  )
( -194  13  -11  )
( 216  -56  108  )
( 87  -125  -38  )
( -152  189  29  )
( 122  -192  -239  )
( -34  -59  -90  )
( -249  237  -2  )
( 215  79  -184  )
( -70  239  -74  )
( 185  177  -102  )
( 130  156  184  )
( 46  -89  -1  )
( 175  -238  -50  )
( -179  -67  -189  )
( -8  207  -19  )
( 104  159  -213  )
( -43  230  -132  )
( 155  -61  37  )
( 63  -23  88  )
( 64  51  -102  )
( -68  227  -174  )
( 231  -216  -237  )
( -241  -33  -12  )
( 102  114  -101  )
( -140  70  -73  )
( 38  111  -149  )
( -88  -143  76  )
( -31  -202  -195  )
( -6  16  198  )
( 70  -117  69  )
( -32  -160  -188  )
( 120  -167  -130  )
( 179  236  -72  )
( 222  71  -217  )
( -14  -201  80  )
( -68  -113  -148  )
( -20  164  126  )
( -37  -125  17  )
( -55  246  189  )
( 31  165  80  )
( 156  144  117  )
( -128  -224  73  )
( -157  -75  45  )
( -199  -96  -195  )
( 94  -123  -25  )
( -183  211  -142  )
( -7  -63  191  )
( -244  -76  -229  )
( -37  -225  -100  )
( 154  200  -151  )
( 200  31  73  )
( 94  -110  -44  )
( -71  133  203  )
( 7  -238  82  )
( 12  -87  214  )
( -241  -211  209  )
( 127  -52  -226  )
( 187  116  129  )
( -217  -200  166  )
( 243  107  217  )
( -31  -223  -58  )
( 81  138  213  )
( -52  -93  65  )
( 158  -221  -1  )
( 104  248  227  )
( 211  62  -31  )
( -239  138  168  )
( -186  -64  243  )
( 50  -135  -151  )
( -77  120  65  )
( -127  -40  -111  )
( -79  218  103  )
( 132  232  -124  )
( 22  -242  -186  )
( -88  -48  -108  )
( -115  193  -107  )
( -221  -54  -13  )
( -35  -185  -5  )
( 64  -113  130  )
( -47  248  115  )
( 30  204  110  )
( 224  56  49  )
( -29  -219  149  )
( 49  103  -226  )
( 76  -248  -200  )
( -28  -231  -40  )
( -241  247  152  )
( -59  173  116  )
( 47  223  179  )
( -247  -172  -159  )
( -236  2  6  )
( -100  -61  197  )
( 2  -78  -75  )
( -119  38  -144  )
( 159  -65  -87  )
( -230  154  218  )
( 19  62  -241  )
( -199  100  -242  )
( 186  -215  53  )
( 182  -20  -146  )
( 51  -111  123  )
( 15  99  -219  )
( 193  87  118  )
( 168  -123  -40  )
( -225  -52  -241  )
( -97  -232  -60  )
( -26  37  -240  )
( -234  149  118  )
( 15  235  -173  )
( 28  83  -103  )
( -48  70  -81  )
( -119  -69  31  )
( -243  -120  199  )
( 6  35  94  )
( 221  168  -248  )
( -9  -196  184  )
( 38  -132  230  )
( 195  5  -90  )
( 62  -53  225  )
( -184  -10  -105  )
( -116  -12  8  )
( -242  -163  111  )
( 142  -50  -199  )
( 160  -169  148  )
( 24  153  -137  )
( -25  120  -74  )
( -57  222  130  )
( 101  -55  218  )
( 84  73  38  )
( 64  -154  24  )
( -86  -172  60  )
( 123  124  -53  )
( 96  -46  -238  )
( -211  10  -196  )
( 132  -121  -84  )
( 206  139  181  )
( 81  116  -35  )
( 140  -73  157  )
( 106  -111  75  )
( -177  79  121  )
( -131  38  33  )
( 199  135  -167  )
( -45  46  -13  )
( 15  73  -45  )
( 8  94  -80  )
( 213  24  -197  )
( -110  160  41  )
( -72  -23  -33  )
( -133  -248  -157  )
( -196  -220  204  )
( 142  -232  179  )
( 222  -50  -238  )
( 180  -218  49  )
( -167  48  -87  )
( -67  -91  -61  )
( 31  50  -202  )
( 195  39  -112  )
( 78  -148  196  )
( -144  157  223  )
( 177  93  -152  )
( 112  232  -244  )
( -37  170  -231  )
( 238  -159  -155  )
( -220  -170  -98  )
( 223  82  75  )
( -164  -128  -38  )
( 183  10  124  )
( 129  184  -3  )
( -210  230  88  )
( -220  -227  184  )
( 195  175  241  )
( 211  189  -111  )
( 86  -78  202  )
( 103  -108  240  )
( 93  140  41  )
( -97  166  -238  )
( 69  -0  96  )
( -96  -67  57  )
( -113  166  2  )
( -208  -166  163  )
( -68  22  -196  )
