( -49  -95  234  )
( 166  109  -8  )
( 59  -140  -10  )
( 243  16  76  )
( 143  17  125  )
( 225  197  -38  )
( -68  -249  60  )
( 1  31  7  )
( -144  102  188  )
( -81  29  160  )
( -64  -248  68  )
( 99  -185  30  )
( -202  -216  67  )
( 3  117  14  )
( -214  15  -209  )
( -74  -249  -1  )
( 207  -205  -235  )
( -9  115  93  )
( 21  47  -243  )
( -176  -94  205  )
( 111  238  82  )
( -199  188  -62  )
( 102  -69  66  )
( 161  -81  -72  )
( 73  26  -43  )
( -102  235  -57  )
( -109  -87  25  )
( 196  184  189  )
( -161  -49  65  )
( -73  -63  91  )
( -29  -200  -26  )
( -29  1  181  )
( -175  120  -206  )
( -76  -143  -193  )
( -229  -2  -129  )
( -213  -240  224  )
( -114  131  -20  )
( -236  135  -214  )
( 201  21  -123  )
( 20  -93  58  )
( -143  43  0  )
( -156  152  -103  )
( -75  -231  -49  )
( 78  191  111  )
( 81  247  215  )
( -21  188  -82  )
( 119  -99  118  )
( -138  -102  -195  )
( -197  -33  -188  )
( 203  -21  -35  )
( 104  -124  56  )
( -198  -60  -4  )
( -160  -211  -227  )
( 36  -144  100  )
( -211  191  74  )
( 69  -73  57  )
( -94  230  -249  )
( 198  130  -45  )
( -60  -127  -203  )
( -158  97  -31  )
( 73  118  103  )
( 181  248  -54  )
( -160  -150  -158  )
( -82  -99  20  )
( 36  29  -34  )
( -189  190  138  )
( -7  135  -245  )
( 242  -86  -57  )
( -147  -107  -36  )
( -62  -197  -18  )
( -135  61  -73  )
( 131  89  -98  )
( 68  -87  132  )
( 203  -55  -23  )
( -177  137  -14  )
( 78  -8  -79  )
( 17  25  -4  )
( -197  149  -160  )
( 205  66  3  )
( -228  -153  132  )
( -32  127  -2  )
( -202  6  115  )
( 41  49  178  )
( -76  -14  8  )
( -236  -231  32  )
( -53  -119  -22  )
( -123  -240  161  )
( 181  -9  154  )
( 72  -141  -42  )
( -206  -82  -227  )
( 103  -61  -60  )
( 173  68  175  )
( -237  174  -176  )
( -73  -96  235  )
( 39  44  -63  )
( 56  -100  -113  )
( 77  221  -164  )
( -227  -202  -98  )
( 87  -194  -58  )
( -53  120  -15  )
( 217  -181  -14  )
( -219  160  -79  )
( -30  21  160  )
( -71  9  221  )
( 170  237  83  )
( 149  -111  122  )
( 113  29  228  )
( 2  -124  132  )
( -24  -180  161  )
( -41  -240  145  )
( -100  -102  -181  )
( 190  96  -179  )
( -166  209  -199  )
( 58  -242  162  )
( -242  75  -50  )
( -49  -31  124  )
( 135  241  -68  )
( -180  -97  158  )
( 237  38  -229  )
( 225  -223  -148  )
( -176  -135  34  )
( 188  -41  -16  )
( 120  35  -50  )
( -173  107  74  )
( -235  212  2  )
( 70  -30  -93  )
( -183  205  -158  )
( -215  97  -178  )
( 243  -193  248  )
( -242  128  -116  )
( 154  76  104  )
( 6  226  93  )
( 184  -193  -33  )
( 88  240  -90  )
( -73  -151  -190  )
( 78  -204  140  )
( -215  22  227  )
( 52  67  8  )
( 102  -53  -200  )
( -84  241  41  )
( 84  -65  -227  )
( 133  57  153  )
( -45  -68  78  )
( 70  74  148  )
( 229  -221  94  )
( -2  234  60  )
( -102  -202  -201  )
( 91  116  -124  )
( 180  86  -146  )
( -159  61  -154  )
( -34  -146  -151  )
( -52  -68  32  )
( 63  231  -205  )
( -209  168  115  )
( -226  220  203  )
( -97  -115  -33  )
( 234  -178  -87  )
( 19  102  -165  )
( -223  210  169  )
( -43  95  -49  )
( 238  -248  -96  )
( 140  -245  99  )
( 218  -15  -99  )
( -192  -31  -84  )
( -37  140  174  )
( 43  12  -163  )
( 20  -208  104  )
( -230  -119  157  )
( 243  127  20  )
( 129  86  45  )
( -126  -203  -153  )
( -154  72  214  )
( -11  -212  -96  )
( 249  82  -37  )
( -61  -76  157  )
( -211  3  127  )
( -132  66  76  )
( -64  208  97  )
( -230  -26  23  )
( 210  111  74  )
( -224  -68  45  )
( -180  -161  -229  )
( -182  -118  -26  )
( 12  174  63  )
( 34  -155  -138  )
( -22  19  -221  )
( 85  207  149  )
( -12  -64  -45  )
( 102  247  -163  )
( -171  26  53  )
( -165  -200  16  )
( -220  42  -118  )
( 176  192  -49  )
( -70  16  -130  )
( 103  -219  133  )
( -161  149  43  )
( -55  131  -172  )
( -6  -147  176  )
( -88  208  18  )
( 45  156  147  )
( 221  99  -224  )
( -91  -32  -74  )
( -231  -37  -175  )
( 242  -148  -224  )
( -45  196  -184  )
( -159  -163  50  )
( -34  -98  -223  )
( -139  121  138  )
( 49  240  52  )
( -137  -147  -177  )
( 15  -131  -176  )
( -109  -61  -218  )
( 102  3  -240  )
( -55  108  225  )
( 157  49  84  )
( 194  -7  -114  )
( 123  -110  -90  )
( -122  -27  160  )
( -186  109  34  )
( -30  -210  91  )
( 89  -130  -12  )
( 241  19  169  )
( -53  -114  190  )
( 109  -192  -128  )
( -114  -13  -12  )
( 127  -114  -246  )
( -112  -155  -242  )
( 120  42  14  )
( -229  -175  52  )
( 62  -238  198  )
( -26  -71  95  )
( 101  213  90  )
( 148  -160  126  )
( -55  162  -56  )
( -174  52  11  )
( -86  83  -168  )
( 55  7  158  )
( -227  -51  -89  )
( -78  -52  128  )
( -134  -104  24  )
( 238  204  163  )
( -103  237  33  )
( -159  -112  92  )
( -97  -84  -248  )
( -176  122  -216  )
( -44  -73  -83  )
( 109  -240  92  )
( -48  7  73  )
( -169  142  -218  )
( 13  -101  236  )
( 116  233  -89  )
( -49  -64  191  )
( -192  -104  -124  )
( -176  201  154  )
( -44  52  -237  )
( -203  -28  -146  )
( 241  181  -200  )
( 208  184  10  )
( -62  -144  13  )
( 144  55  87  )
( -155  -199  215  )
( -13  -172  -93  )
( -10  -220  194  )
( -107  33  -125  )
( -236  -35  206  )
( 167  31  189  )
( -168  -156  -11  )
( -197  -30  -15  )
( -164  56  -8  )
( -224  233  81  )
( 14  231  -230  )
( -216  -95  69  )
( 149  -103  225  )
( 15  -224  199  )
( 208  136  -17  )
( 46  99  -94  )
( -132  15  128  )
( -130  56  78  )
( 238  181  -19  )
( -51  -183  249  )
( -156  -21  -46  )
( -193  -170  -205  )
( 2  41  152  )
( -158  186  -29  )
( 144  -246  18  )
( -233  187  208  )
( -223  -234  -114  )
( -131  -44  -215  )
( -128  95  196  )
( 193  58  -21  )
( -88  -130  -175  )
( 25  149  -46  )
( 179  -99  -119  )
( 186  116  145  )
( -72  -79  -240  )
( -7  -158  225  )
( 211  -1  66  )
( -141  -188  42  )
( -218  228  -68  )
( -172  167  217  )
( 119  202  163  )
( -31  -207  -17  )
( 136  248  -84  )
( -141  205  -95  )
( -128  162  -147  )
( 46  2  63  )
( 106  -104  -44  )
( -34  182  141  )
( 87  -16  -144  )
( 100  -115  171  )
( 175  -50  7  )
( 236  112  -42  )
( -188  248  -61  )
( -207  1  -246  )
( -68  -227  -105  )
( 53  82  -247  )
( 33  210  -19  )
( 84  -52  -11  )
( 119  -71  135  )
( -218  226  131  )
( -195  124  97  )
( 159  -225  86  )
( -194  231  -188  )
( 177  -121  40  )
( 204  83  -116  )
( 89  30  153  )
( 117  243  1  )
( -200  46  197  )
( -244  76  -150  )
( 94  -158  -116  )
( 125  -66  90  )
( 179  -165  -198  )
( -203  -235  -165  )
( -79  157  142  )
( -21  -176  -150  )
( 179  -55  4  )
( -201  20  -186  )
( -40  136  -67  )
( -229  237  7  )
( -71  -190  -67  )
( 153  87  45  )
( -91  -147  145  )
( 133  -75  206  )
( -92  -84  -97  )
( -68  108  -91  )
( 196  25  -191  )
( 169  -19  -154  )
( -160  40  -167  )
( 200  -75  -62  )
( -225  1  -119  )
( 101  -154  -163  )
( -108  -54  -204  )
( -227  -180  -118  )
( -120  -174  84  )
( -153  -176  197  )
( 240  90  -235  )
( 234  -85  155  )
( 245  172  97  )
( -163  81  -33  )
( -195  -89  -230  )
( 139  151  47  )
( -215  -85  -122  )
( -193  189  -176  )
( 102  169  12  )
( -172  -106  177  )
( 225  224  -139  )
( -244  120  33  )
( -231  -132  201  )
( -79  -150  94  )
( -89  -73  120  )
( 152  -21  -65  )
( -33  235  -140  )
( 2  193  -84  )
( -147  28  187  )
( 201  244  245  )
( -74  -132  183  )
( -30  109  -22  )
( -35  46  240  )
( 83  -130  185  )
( -94  92  -217  )
( -130  141  135  )
( 68  -122  65  )
( -214  -35  -72  )
( -212  186  -209  )
( 198  171  -10  )
( -8  49  -81  )
( -12  -229  -109  )
( 124  -64  34  )
( -50  -182  120  )
( -200  54  -150  )
( 120  -135  12  )
( 219  -139  -85  )
( 202  246  -169  )
( 34  55  76  )
( -83  -90  -206  )
( 135  -179  43  )
( -89  -205  -219  )
( -35  74  -195  )
( 247  -61  207  )
( -241  -63  166  )
( -206  132  145  )
( 23  242  -222  )
( -247  -161  -131  )
( -55  -186  238  )
( -168  -93  71  )
( 18  -156  -163  )
( 104  -208  -181  )
( 117  8  99  )
( 121  -19  149  )
( 90  166  14  )
( -181  -198  26  )
( 38  -120  -26  )
( 52  120  -63  )
( -219  61  -131  )
( -239  -18  71  )
( -211  -190  -81  )
( 240  -242  58  )
( -49  238  -36  )
( -111  -154  -119  )
( -84  -118  -25  )
( 21  -193  207  )
( 183  -72  -181  )
( -118  -43  -160  )
( 1  -194  -172  )
( 174  66  -200  )
( -99  103  148  )
( 223  63  52  )
( 148  -160  -214  )
( 223  20  -50  )
( -193  -92  -30  )
( 163  -57  -130  )
( 50  -157  121  )
( 242  92  79  )
( 54  161  -20  )
( 172  94  195  )
( 174  158  239  )
( 92  -168  -124  )
( 10  67  -86  )
( -210  -220  61  )
( -242  -213  -157  )
( 52  -70  225  )
( 241  4  58  )
( 181  -91  -79  )
( -199  -158  108  )
( 42  -186  198  )
( 114  60  -88  )
( -237  1  147  )
( 31  164  99  )
( 226  -207  -63  )
( -39  41  -163  )
( 205  78  -64  )
( -175  15  18  )
( 132  140  69  )
( -17  122  79  )
( -129  -172  -212  )
( -92  -175  -73  )
( -241  -24  -203  )
( -156  162  43  )
( 34  -55  -232  )
( 99  93  171  )
( -37  -16  -156  )
( 45  194  -58  )
( -61  55  249  )
( 137  -234  59  )
( 230  107  183  )
( -95  97  174  )
( -54  89  -176  )
( 184  -98  29  )
( -87  -51  -67  )
( 88  -31  107  )
( -161  -163  138  )
( 52  115  46  )
( -129  131  -226  )
( 116  -172  192  )
( -213  -49  -25  )
( 201  -96  -49  )
( 226  -15  -43  )
( -78  -137  5  )
( 157  220  -162  )
( 20  88  -19  )
( 214  151  80  )
( 169  -209  -161  )
( 113  61  123  )
( -229  152  -45  )
( -153  16  -54  )
( -132  143  -96  )
( -107  110  -34  )
( 152  81  105  )
( -170  -50  194  )
( -182  -80  -87  )
( 12  95  22  )
( -55  138  28  )
( -119  -47  -183  )
( 153  -160  -14  )
( -125  106  -185  )
( 121  239  -70  )
( 200  -237  -189  )
( 24  -65  -123  )
( -113  -139  -208  )
( -159  -188  103  )
( -237  -38  167  )
( 55  -179  91  )
( 85  34  -137  )
( -154  200  -4  )
( 58  49  -42  )
( 72  -92  -28  )
( 206  -4  -15  )
( -204  -195  8  )
( 202  220  112  )
( -70  171  -188  )
( -1  140  0  )
( 247  -123  -144  )
( 94  -159  -17  )
( -113  39  46  )
( -109  -178  -26  )
( -202  170  113  )
( 37  -13  -73  )
( -57  196  -175  )
( 226  151  152  )
( 159  -217  -232  )
( -248  52  94  )
( -235  -211  114  )
( 66  -65  94  )
( -179  -60  121  )
( 207  -165  -93  )
( -201  -182  -83  )
( -165  -242  -83  )
( -46  -16  -108  )
( 86  -177  -169  )
( 116  106  -75  )
( -170  247  -55  )
( -85  139  -64  )
( -61  -45  88  )
( 236  -196  -142  )
( -91  -55  -25  )
( -244  94  13  )
( 216  204  -95  )
( 33  -121  -233  )
( 51  170  115  )
( 43  -114  152  )
( 229  12  -22  )
( 193  -207  -67  )
( 152  -36  234  )
( 48  -153  -18  )
( 191  98  15  )
( -225  -94  213  )
( -102  -199  81  )
( 175  -74  12  )
( -104  36  225  )
( 60  244  106  )
( -137  -174  80  )
( 107  -84  211  )
( -219  -77  -175  )
( 1  93  194  )
( 30  -103  93  )
( 175  69  72  )
( 92  -233  -75  )
( 118  119  -68  )
( 217  208  16  )
( -128  136  218  )
( -177  -140  -163  )
( -121  -188  136  )
( -224  24  43  )
( 237  -87  183  )
( 134  113  -105  )
( 129  14  -101  )
( 155  208  135  )
( 184  -16  2  )
( -180  -229  241  )
( -101  21  -207  )
( 239  163  -85  )
( 220  -144  41  )
( 157  214  -24  )
( -77  216  86  )
( 93  129  -235  )
( 116  -24  -122  )
( -157  153  26  )
( -199  -118  223  )
( 177  84  -153  )
( -69  58  -31  )
( -51  84  -48  )
( -203  216  -151  )
( 139  -44  -96  )
( 162  113  -2  )
( 16  -79  182  )
( 17  83  193  )
( 216  -0  -21  )
( 176  173  -122  )
( -229  -47  -12  )
( 181  175  183  )
( 195  58  -126  )
( -199  -161  -148  )
( 102  237  -11  )
( 152  -146  -108  )
( -146  128  246  )
( 219  -205  226  )
( -153  46  -188  )
( 94  -166  -5  )
( 248  -26  -92  )
( -219  246  -154  )
( 174  -23  78  )
( 54  52  -227  )
( -60  -54  195  )
( 178  0  27  )
( 118  -148  -144  )
( -10  -44  249  )
( -62  -11  154  )
( -237  -64  -100  )
( 59  -82  -6  )
( -125  123  44  )
( -101  221  -225  )
( 235  -35  -24  )
( -203  -47  102  )
( 80  127  74  )
( -30  72  -67  )
( 62  212  -186  )
( -94  152  111  )
( -173  168  -207  )
( -149  -195  -202  )
( 58  141  -104  )
( 19  -143  13  )
( 117  -66  16  )
( -198  241  247  )
( -2  -75  -64  )
( -39  157  -179  )
( 92  -199  10  )
( 213  134  119  )
( 3  40  -239  )
( -160  -179  -236  )
( -19  -90  232  )
( 242  -42  130  )
( 91  172  198  )
( 67  -103  97  )
( 28  144  -233  )
( 237  204  -20  )
( 175  98  118  )
( 18  43  191  )
( 171  -83  -169  )
( 93  12  197  )
( -96  -82  152  )
( -115  158  -117  )
( 149  -28  210  )
( 118  136  -205  )
( 248  -241  -162  )
( 40  -67  -200  )
( 23  3  144  )
( -60  -186  -207  )
( 18  133  -217  )
( 17  112  -106  )
( -221  -222  198  )
( -191  243  229  )
( 31  -176  -26  )
( 66  46  -243  )
( 46  -228  -230  )
( -213  -229  49  )
( 175  -13  -201  )
( 65  138  217  )
( -160  -45  128  )
( -195  213  -149  )
( -0  -50  -159  )
( -172  -15  -213  )
( 105  212  89  )
( 108  20  161  )
( -148  -228  138  )
( -52  185  -50  )
( -245  72  -118  )
( 149  -99  -117  )
( -179  -110  1  )
( -118  244  161  )
( -90  -113  -180  )
( -153  -127  -193  )
( -212  -22  151  )
( 4  196  -184  )
( 201  -8  115  )
( -213  215  -169  )
( -119  167  -151  )
( -153  101  -86  )
( 60  -90  215  )
( -138  188  17  )
( 47  39  136  )
( 121  196  17  )
( -142  -196  232  )
( 132  -117  -113  )
( 94  -16  130  )
( -157  80  85  )
( -110  101  -174  )
( 176  -174  3  )
( 57  -162  -28  )
( 75  -232  -158  )
( -184  -203  -167  )
( 177  229  -200  )
( -148  -138  104  )
( -45  73  20  )
( 45  6  -146  )
( -127  244  190  )
( -87  121  -75  )
( 178  -58  -60  )
( -186  -66  -206  )
( -240  -239  -58  )
( 6  -219  -69  )
( -5  147  71  )
( -141  119  -4  )
( -182  77  65  )
( -50  -52  -77  )
( 89  -134  -114  )
( -25  184  42  )
( 117  118  -66  )
( -167  -170  -238  )
( -8  -181  240  )
( -6  -44  -81  )
( -107  -242  -185  )
( 105  -73  -182  )
( 108  -4  -118  )
( 71  -3  -171  )
( -222  -247  -146  )
( -194  153  152  )
( -146  128  149  )
( 213  -170  93  )
( 170  -91  -152  )
( 113  -183  188  )
( 159  18  21  )
( 202  187  137  )
( 15  -156  -239  )
( -48  -139  -210  )
( 36  -35  -22  )
( -25  228  -19  )
( 24  79  -183  )
( -29  -235  136  )
( -236  -123  -245  )
( 49  213  194  )
( -175  202  212  )
( 9  -121  85  )
( 219  -246  -247  )
( 127  -146  -116  )
( 34  202  179  )
( 6  -76  -55  )
( -13  160  124  )
( -114  7  -96  )
( 156  -29  186  )
( -182  -40  231  )
( 138  17  -121  )
( 170  183  -24  )
( 77  170  -55  )
( 236  -64  29  )
( -115  -105  -170  )
( 80  76  -8  )
( -138  68  -90  )
( -245  249  139  )
( -119  -33  -26  )
( 10  -207  89  )
( -227  -57  125  )
( -139  183  -179  )
( 93  -27  210  )
( -175  156  -33  )
( 132  -105  76  )
( 26  247  -135  )
( -56  -96  174  )
( 141  -97  173  )
( 60  -17  -244  )
( 29  70  -206  )
( -225  -1  -63  )
( 219  236  -131  )
( -84  108  45  )
( 29  220  59  )
( 48  13  223  )
( -84  -92  239  )
( 62  -39  -105  )
( -5  -187  -190  )
( -152  -14  120  )
( 151  218  228  )
( -110  -169  -104  )
( -12  106  178  )
( 119  -133  181  )
( -206  185  -242  )
( -206  104  -152  )
( -245  94  120  )
( 215  -166  -18  )
( 153  -27  -59  )
( -171  -223  142  )
( 9  -57  174  )
( 23  28  173  )
( 29  -99  -94  )
( -110  -235  28  )
( 183  -247  242  )
( 77  -89  -112  )
( 36  -49  244  )
( -165  -96  20  )
( -80  242  -184  )
( 66  -72  -123  )
( 211  -16  185  )
( -166  -175  -67  )
( 76  59  -17  )
( 243  97  -178  )
( -80  164  -102  )
( -129  61  -203  )
( 12  173  179  )
( -26  42  3  )
( 223  -131  240  )
( 242  26  171  )
( -20  240  -244  )
( 159  0  89  )
( 164  154  -103  )
( -54  -126  219  )
( -57  -74  88  )
( -223  -148  -82  )
( -106  69  118  )
( -48  -149  -45  )
( 198  201  225  )
( 183  70  -98  )
( -152  -244  98  )
( -123  11  15  )
( 81  115  -82  )
( -21  121  153  )
( 108  -62  -44  )
( 55  162  -14  )
( 48  31  -79  )
( 221  113  -231  )
( 57  -76  -106  )
( -225  -83  197  )
( -28  -47  245  )
( -200  -243  -44  )
( 21  159  -247  )
( -193  -55  -66  )
( -143  0  71  )
( 167  88  -99  )
( 125  122  115  )
( 38  -177  -200  )
( 99  -70  212  )
( -131  190  -116  )
( -39  59  43  )
( -146  129  86  )
( 32  -229  -43  )
( -160  248  -98  )
( -112  23  207  )
( 240  18  -217  )
( -94  -232  141  )
( -226  149  -4  )
( 115  206  -169  )
( -87  133  -130  )
( 232  123  -222  )
( -102  -44  107  )
( -34  218  -200  )
( -67  236  -171  )
( -21  -76  -210  )
( -174  -6  70  )
( -124  165  -147  )
( 208  -121  61  )
( -117  -162  74  )
( -191  -68  -154  )
( -126  157  72  )
( 123  -188  112  )
( 69  17  -186  )
( 69  -138  -213  )
( 169  67  141  )
( -212  -224  -132  )
( -229  0  71  )
( 77  -220  210  )
( -136  -224  -132  )
( 121  22  195  )
( -247  108  -136  )
( -230  26  221  )
( 237  -220  -114  )
( -31  -39  -16  )
( -228  88  7  )
( -201  22  175  )
( 99  183  104  )
( 243  -68  -196  )
( 34  -142  -146  )
( -43  -54  -7  )
( 192  126  72  )
( 45  153  120  )
( 169  -193  -77  )
( 114  244  -18  )
( 249  -2  106  )
( -12  -182  -245  )
( -192  -41  174  )
( -20  -59  -112  )
( -211  -183  -229  )
( 30  -13  204  )
( 129  -227  -18  )
( -64  231  49  )
( 102  -161  -241  )
( -52  -214  -55  )
( -96  45  -242  )
( -1  83  224  )
( 119  55  191  )
( 10  208  140  )
( 205  -227  -22  )
( 36  196  -179  )
( 40  -245  181  )
( 188  186  -145  )
( 115  25  -244  )
( -136  215  -47  )
( -20  195  -249  )
( 26  -152  -156  )
( -48  -101  77  )
( -69  -51  -169  )
( 119  2  -151  )
( 22  -246  -189  )
( -186  -101  -243  )
( 41  -10  -142  )
( 233  249  -42  )
( -110  243  -130  )
( -227  65  158  )
( -85  -240  233  )
( -2  -240  -111  )
( -9  -141  -179  )
( -247  -152  -141  )
( -74  40  177  )
( -9  164  60  )
( -213  245  -111  )
( -231  -145  60  )
( -243  235  176  )
( 100  13  131  )
( 156  -203  -82  )
( -236  -147  -32  )
( 13  61  -111  )
( 194  133  -206  )
( 16  237  171  )
( 235  -125  -170  )
( 243  99  156  )
( -212  -22  204  )
( -188  33  107  )
( -180  -158  129  )
( 36  28  -203  )
( 157  -9  -66  )
( -157  202  9  )
( -19  211  145  )
( 55  105  -87  )
( 172  -197  160  )
( -57  -127  -202  )
( 136  17  -125  )
( -86  -228  240  )
( 147  27  150  )
( -99  -54  12  )
( -181  -237  136  )
( 187  -29  -85  )
( -157  -248  -10  )
( -177  33  64  )
( -0  -191  -208  )
( 220  -167  77  )
( -201  100  -227  )
( -104  -88  -1  )
( -244  90  -41  )
( -96  -237  -241  )
( 246  216  200  )
( -126  -70  -132  )
( 213  -85  114  )
( -156  -16  175  )
( 82  -9  181  )
( 83  186  -182  )
( -41  139  -59  )
( 210  172  -47  )
( -7  107  -210  )
( -177  243  -75  )
( -79  71  6  )
( -170  -172  81  )
( -173  -10  214  )
( -15  238  -245  )
( 160  28  68  )
( -153  170  223  )
( 19  51  -249  )
( 195  -236  -163  )
( -8  219  -174  )
( -237  64  160  )
( 43  39  -21  )
( -38  -130  -126  )
( -103  245  214  )
( -0  -104  95  )
( -40  -228  77  )
( 229  135  187  )
( 52  -229  207  )
( -224  -9  -181  )
( -97  211  -89  )
( -210  -207  134  )
( -92  243  63  )
( -17  -186  61  )
( -11  152  98  )
( -53  -19  -151  )
( -90  -240  233  )
( 107  62  -234  )
( 16  -136  80  )
( 17  -106  107  )
( -159  -102  112  )
( -222  51  172  )
( -0  19  102  )
( 26  -210  -76  )
( 233  225  -139  )
( -240  -215  150  )
( -196  -126  216  )
( 178  107  173  )
( -146  60  -188  )
( -164  -161  -174  )
( 159  192  -61  )
( -229  198  -29  )
( 140  -232  -19  )
( -244  -153  79  )
( 218  -211  65  )
( -82  245  -142  )
( -100  82  15  )
( -139  2  -112  )
( -104  -95  168  )
( -136  113  -213  )
( 143  -1  203  )
( 114  -167  -9  )
( 117  -134  249  )
( 2  159  -5  )
( -117  1  -234  )
( 6  198  24  )
( -185  -3  189  )
( -13  -127  -196  )
( 81  -35  205  )
( 53  147  105  )
( 236  111  -217  )
( 131  173  -124  )
( -9  223  186  )
( -219  -91  -249  )
( -26  209  196  )
( 9  98  -192  )
( 126  -178  -182  )
( 205  -142  72  )
( -69  147  219  )
( -147  -211  -87  )
( 72  225  210  )
( 76  -101  1  )
( -133  -165  108  )
( 136  12  24  )
( -167  -187  -160  )
( 238  127  193  )
( -120  -202  -242  )
( -202  137  112  )
( 97  118  146  )
( -241  -6  -21  )
( 236  50  -41  )
( 133  172  187  )
( -63  -41  10  )
( 55  74  158  )
( 22  168  -167  )
( 228  113  112  )
( -109  -235  -249  )
( -65  -44  63  )
( 217  160  210  )
( -131  -226  238  )
( -78  112  -219  )
( 225  236  158  )
( -85  -74  147  )
( -21  97  107  )
( -94  -151  -74  )
( -229  169  -108  )
( -8  -209  -127  )
( -118  205  -22  )
( -199  28  167  )
( -14  -127  211  )
( 133  110  228  )
( -3  -167  140  )
( 25  -153  -201  )
( 164  20  217  )
( -204  8  -38  )
( -56  -50  153  )
( -229  -3  177  )
( 43  223  18  )
( 110  -140  44  )
( 52  -209  53  )
( 240  -50  -235  )
( -72  -247  -81  )
( -245  84  6  )
( 94  -10  175  )
