( -4  -197  -8  )
( -30  220  -144  )
( 19  -68  -172  )
( 36  -226  249  )
( 201  49  81  )
( 93  -58  56  )
( 157  117  194  )
( 17  -57  -179  )
( -229  -104  230  )
( 92  51  -109  )
( -160  172  -176  )
( 195  91  -208  )
( -112  -206  -220  )
( -95  -156  -145  )
( 36  -31  2  )
( 28  -98  223  )
( 123  -4  6  )
( -17  -237  238  )
( 88  -55  66  )
( 110  -118  44  )
( 104  212  -6  )
( -163  47  -97  )
( -230  51  -159  )
( 187  -106  -135  )
( 70  -99  -92  )
( 221  21  -83  )
( 93  214  -39  )
( 220  -56  185  )
( 175  125  -128  )
( -167  62  -47  )
( -72  4  103  )
( 186  19  -172  )
( -38  198  -143  )
( 52  -201  -190  )
( 98  75  40  )
( 165  133  -102  )
( -39  214  -14  )
( -150  -16  -219  )
( -107  53  -202  )
( -133  203  42  )
( 65  36  -161  )
( 245  -246  -138  )
( -165  27  -127  )
( 206  191  21  )
( 147  151  23  )
( -112  120  -101  )
( -223  -54  123  )
( -35  74  -146  )
( -56  3  207  )
( 238  -54  65  )
( -39  -232  18  )
( 118  89  25  )
( 215  221  -133  )
( -44  194  -232  )
( 157  165  -145  )
( 75  -95  111  )
( -118  -219  -80  )
( -10  -33  -54  )
( -157  -16  -130  )
( -166  -244  -29  )
( -219  31  -118  )
( 174  89  231  )
( -2  35  -218  )
( 193  -6  -53  )
( 72  238  55  )
( 233  113  -139  )
( 69  182  0  )
( 109  112  -166  )
( -228  127  226  )
( -167  -142  -225  )
( -110  -118  -15  )
( 60  -20  -202  )
( -21  180  -70  )
( 87  98  -218  )
( 84  126  82  )
( 41  73  -44  )
( -249  107  214  )
( 105  217  36  )
( 124  225  -62  )
( 99  50  17  )
( -10  -86  -63  )
( 98  207  20  )
( -152  135  52  )
( 36  -38  -113  )
( -214  129  -170  )
( -163  55  177  )
( -245  26  -196  )
( -96  123  178  )
( 89  58  -92  )
( 26  110  -40  )
( -8  243  224  )
( 57  197  215  )
( -135  -201  177  )
( 19  -168  144  )
( 226  -48  10  )
( -27  87  18  )
( -38  169  -81  )
( -104  158  -43  )
( 98  -112  243  )
( 177  176  -200  )
( 229  -205  -150  )
( 247  127  25  )
( 98  225  -154  )
( -110  -69  -16  )
( 205  -225  166  )
( 91  -246  -59  )
( 92  146  -35  )
( 96  167  97  )
( 59  -33  -83  )
( -14  -133  -43  )
( -83  -148  -98  )
( -126  147  108  )
( -172  -242  9  )
( 92  -190  11  )
( 149  202  -197  )
( 117  31  -132  )
( 31  91  168  )
( 185  -223  -224  )
( 20  129  117  )
( -89  -133  66  )
( 110  92  -195  )
( -21  -140  183  )
( 3  -193  -241  )
( 173  175  200  )
( 142  52  29  )
( 222  -19  -28  )
( 112  222  129  )
( 6  -213  97  )
( 118  -4  29  )
( -210  107  116  )
( -38  213  62  )
( 40  149  -98  )
( -114  -123  221  )
( 165  -69  249  )
( 163  -199  -97  )
( -18  154  55  )
( -70  165  183  )
( -62  -167  50  )
( 113  -115  -55  )
( -50  208  185  )
( 55  -189  120  )
( 193  124  -125  )
( 206  2  68  )
( 184  -81  -187  )
( 34  -140  54  )
( 102  46  34  )
( -45  -155  13  )
( 35  -62  -13  )
( -159  -31  -86  )
( -46  38  -85  )
( 16  -11  52  )
( -234  17  -2  )
( 123  197  -177  )
( -37  -233  -124  )
( -188  -39  202  )
( -158  99  101  )
( -213  36  98  )
( -180  88  -160  )
( 3  128  154  )
( -152  -228  -87  )
( 205  79  226  )
( 113  -171  -121  )
( -160  -72  38  )
( 110  -31  -178  )
( -11  -244  7  )
( -20  -110  -116  )
( -223  103  -210  )
( -110  111  142  )
( 219  210  9  )
( -76  -125  -165  )
( -207  160  213  )
( -216  207  76  )
( 159  -141  -212  )
( 248  -23  -4  )
( 76  -176  120  )
( 154  41  23  )
( 95  -181  -169  )
( 99  -104  70  )
( 190  -117  231  )
( 148  -131  171  )
( 45  -129  -216  )
( 154  -75  205  )
( -37  114  11  )
( -19  -171  26  )
( -129  52  -229  )
( 23  -159  3  )
( -84  70  74  )
( -117  88  113  )
( -29  134  -135  )
( -107  -188  7  )
( -116  85  32  )
( 239  -106  181  )
( -39  83  -160  )
( -218  23  154  )
( -34  44  141  )
( 97  -39  -203  )
( 23  89  147  )
( 24  -234  232  )
( 167  84  -159  )
( 229  -225  71  )
( -69  -33  169  )
( -99  155  137  )
( 25  -223  231  )
( -136  -15  -177  )
( 79  4  16  )
( -76  -26  -40  )
( -206  116  140  )
( 26  97  -215  )
( 38  -240  141  )
( 203  -224  180  )
( -80  -155  -194  )
( 133  242  -53  )
( 44  16  11  )
( 57  -39  -28  )
( -9  -168  -64  )
( -124  -53  -3  )
( -166  37  88  )
( 25  -85  24  )
( 128  45  21  )
( -161  -236  211  )
( -213  -114  44  )
( -129  -152  -242  )
( -18  -184  -191  )
( 139  -75  -56  )
( 136  169  -49  )
( 21  190  -94  )
( 193  110  235  )
( -103  -118  219  )
( 30  32  -161  )
( -62  61  -232  )
( 190  183  -54  )
( -183  -202  48  )
( -24  -241  135  )
( -169  42  -183  )
( -249  209  54  )
( 195  31  109  )
( 209  -107  -104  )
( -186  -234  -145  )
( -188  -2  144  )
( -3  -198  248  )
( -167  245  -203  )
( 176  -70  -131  )
( -176  53  204  )
( 229  135  91  )
( -38  186  -48  )
( -235  -159  4  )
( 40  124  36  )
( -202  -146  133  )
( -95  -142  -248  )
( 17  19  181  )
( -70  -115  85  )
( 34  125  -191  )
( 139  -87  -6  )
( 55  -167  -19  )
( -132  -22  -1  )
( 113  23  -76  )
( 67  172  40  )
( 4  -247  249  )
( -87  10  227  )
( -48  135  -119  )
( -157  -241  -115  )
( -107  -187  -31  )
( -52  225  162  )
( 170  226  -172  )
( -41  134  -22  )
( 223  -179  -243  )
( -243  76  19  )
( -231  123  -169  )
( -19  -48  -109  )
( 181  128  -243  )
( -162  -110  -213  )
( 17  150  -73  )
( -55  243  -203  )
( -21  114  51  )
( 194  14  46  )
( 7  63  -81  )
( 86  -30  -84  )
( -71  4  -70  )
( 14  -151  -19  )
( 112  -78  185  )
( -51  -247  56  )
( -75  186  130  )
( -12  108  -206  )
( 192  -160  28  )
( 91  -186  -52  )
( 79  -61  145  )
( 133  -32  215  )
( 152  -88  3  )
( -10  -11  -66  )
( 189  89  14  )
( -224  -82  115  )
( 203  -123  -180  )
( 218  -199  -48  )
( -227  201  -60  )
( -98  -45  -136  )
( 76  -133  -126  )
( -12  195  -16  )
( -166  -101  71  )
( -104  234  154  )
( -209  -196  48  )
( 35  62  175  )
( 202  -81  147  )
( -168  -100  78  )
( 46  19  33  )
( -51  69  -97  )
( 115  -246  -128  )
( -113  -0  218  )
( -116  -109  -20  )
( -200  66  197  )
( 63  -199  125  )
( -137  204  223  )
( -61  -191  -90  )
( -121  -95  -248  )
( 163  -108  -246  )
( 113  -213  -211  )
( -190  -178  248  )
( 111  92  -85  )
( -194  -75  -48  )
( -15  -195  -184  )
( -45  80  234  )
( 239  -157  77  )
( 10  160  -93  )
( 93  43  -127  )
( -236  188  156  )
( -147  -192  -138  )
( -46  186  73  )
( 140  -4  -48  )
( 47  241  175  )
( 121  231  147  )
( 102  66  -166  )
( 146  21  -131  )
( -63  86  -179  )
( 243  231  12  )
( -242  -43  221  )
( -25  59  -34  )
( 83  238  -123  )
( 5  -209  111  )
( -163  129  54  )
( -137  -66  68  )
( 80  -56  34  )
( 56  2  165  )
( 220  -85  79  )
( 33  134  -53  )
( 110  -55  -76  )
( 124  -98  -183  )
( 105  54  -224  )
( -24  102  -195  )
( 87  -212  -225  )
( 188  138  145  )
( 175  -137  51  )
( -17  96  216  )
( 136  -236  -140  )
( 117  -246  -67  )
( 51  65  -96  )
( -205  -42  147  )
( 234  178  -203  )
( -214  -109  -88  )
( -73  -8  220  )
( 99  -90  169  )
( -158  -196  -55  )
( -219  -92  89  )
( -80  174  42  )
( 53  38  228  )
( 145  99  7  )
( 10  237  204  )
( -155  -184  -121  )
( -56  155  72  )
( -213  99  -130  )
( -211  -244  -212  )
( 8  -232  -12  )
( 27  21  133  )
( -7  110  113  )
( 79  -73  197  )
( 201  214  128  )
( -109  -52  -62  )
( 21  43  222  )
( 95  90  -195  )
( 41  -83  53  )
( 246  -223  -120  )
( -201  -98  93  )
( -113  -243  -214  )
( 21  74  -242  )
( 182  -158  210  )
( -208  191  229  )
( 119  171  229  )
( 149  -11  69  )
( -189  -158  27  )
( 249  1  90  )
( 226  173  -37  )
( -207  65  -86  )
( -73  219  -34  )
( 2  111  -70  )
( 149  -183  -228  )
( -110  -214  -210  )
( -244  -93  -241  )
( 23  -145  -55  )
( -166  -163  97  )
( 22  -32  -158  )
( 106  -12  -200  )
( -93  142  -226  )
( -57  -51  -248  )
( -203  -91  -16  )
( 47  -36  149  )
( 65  178  -167  )
( 92  -132  16  )
( 246  -119  -29  )
( -27  107  -52  )
( 48  75  196  )
( -189  188  -72  )
( 76  233  160  )
( -115  -38  -168  )
( 62  157  124  )
( -139  -112  0  )
( 211  -186  242  )
( -9  12  71  )
( 14  15  37  )
( 60  -121  -105  )
( 189  113  -196  )
( 203  -24  54  )
( 28  112  -3  )
( 13  -118  247  )
( 56  -147  220  )
( -130  244  -38  )
( 147  123  -194  )
( 34  -89  21  )
( -83  -192  141  )
( 86  -4  -208  )
( -214  -91  235  )
( -106  4  149  )
( 206  227  -38  )
( -232  -49  -56  )
( 83  -211  -208  )
( -14  -89  107  )
( 81  193  246  )
( -84  236  110  )
( 165  154  1  )
( -24  -111  -83  )
( 164  -111  174  )
( 198  -212  124  )
( 60  -82  210  )
( -137  157  139  )
( 12  21  128  )
( 88  89  39  )
( -231  -160  199  )
( -88  -210  227  )
( 135  -22  221  )
( -195  239  -132  )
( 73  199  197  )
( -105  222  195  )
( -183  179  -193  )
( -30  -179  -196  )
( -30  -188  165  )
( -59  120  186  )
( 119  -167  102  )
( -100  223  22  )
( 121  -96  239  )
( -170  140  -213  )
( -125  183  19  )
( -2  59  167  )
( 21  -236  137  )
( 121  96  -109  )
( -23  151  -204  )
( 249  125  -216  )
( -71  -227  -92  )
( -13  209  -70  )
( 171  193  -85  )
( -116  86  -15  )
( -187  67  90  )
( 157  178  170  )
( -134  177  207  )
( 12  -77  -123  )
( 57  -214  -127  )
( 126  205  226  )
( -161  -181  -120  )
( -116  -92  158  )
( -88  -15  185  )
( -96  133  -20  )
( -116  111  17  )
( 75  189  172  )
( -204  -127  -53  )
( -72  231  -53  )
( -191  237  -32  )
( 242  108  -224  )
( -10  -228  -184  )
( -67  108  103  )
( -228  -4  -164  )
( -27  -24  127  )
( -173  247  -240  )
( 101  151  145  )
( -3  -89  200  )
( 0  65  56  )
( 236  36  2  )
( -113  132  163  )
( -186  -220  138  )
( -117  -55  68  )
( 196  218  -138  )
( -121  232  -44  )
( 235  -2  197  )
( 71  -236  -179  )
( -228  41  223  )
( 13  241  -113  )
( 43  91  240  )
( -222  -33  -146  )
( 179  -52  -161  )
( -104  237  -149  )
( -124  -190  91  )
( -31  238  -18  )
( 150  -245  39  )
( 58  6  -47  )
( -22  125  -178  )
( -237  -189  -127  )
( 213  53  -50  )
( 43  -249  -40  )
( -108  190  -175  )
( -207  -96  122  )
( 152  57  -173  )
( -246  25  6  )
( -107  -197  226  )
( -181  -238  -175  )
( 63  125  8  )
( -138  246  -165  )
( -237  -21  185  )
( -201  -185  48  )
( 247  -119  -138  )
( -212  -180  6  )
( 160  -108  -61  )
( -101  -77  244  )
( 41  43  148  )
( -206  53  185  )
( -49  -25  -196  )
( -206  72  221  )
( 142  29  171  )
( 39  -100  -62  )
( 203  194  76  )
( -46  -65  -42  )
( -173  -29  -67  )
( -152  4  46  )
( 195  22  158  )
( -216  19  -140  )
( -208  95  58  )
( 201  21  -228  )
( 245  91  60  )
( -26  37  -243  )
( -41  97  -178  )
( 242  -246  82  )
( 165  -155  -217  )
( 63  223  183  )
( -79  168  -31  )
( 80  214  -116  )
( -87  43  174  )
( -199  144  -247  )
( -26  -167  -206  )
( -234  -34  -0  )
( 20  193  46  )
( 178  -147  150  )
( 211  -240  -149  )
( -187  157  16  )
( 46  123  79  )
( -226  -196  244  )
( -117  -53  134  )
( -109  231  -171  )
( -211  176  81  )
( -59  -18  -56  )
( 143  -248  183  )
( -199  -74  178  )
( 112  195  -113  )
( 164  -29  -236  )
( -209  -22  -112  )
( -61  -166  77  )
( -113  -36  114  )
( 157  25  -64  )
( 120  -199  -137  )
( 133  190  155  )
( -21  -145  -78  )
( -37  77  -46  )
( -17  163  -110  )
( -133  15  -137  )
( 97  82  -247  )
( 9  -232  217  )
( -43  -57  245  )
( 244  176  131  )
( -1  -68  5  )
( -186  225  180  )
( 203  -53  26  )
( 79  -165  -108  )
( -106  -111  74  )
( -33  -160  203  )
( 98  -43  -0  )
( 39  180  -101  )
( 216  -221  193  )
( -197  -80  214  )
( 194  -1  -176  )
( 60  163  -18  )
( 75  13  -150  )
( 120  51  -190  )
( -81  -95  124  )
( 137  -89  38  )
( 28  -197  -239  )
( 59  96  -93  )
( -152  232  -119  )
( -132  -68  -154  )
( 50  89  35  )
( 42  179  129  )
( 109  68  -108  )
( 218  -16  -79  )
( 177  149  -237  )
( -147  -122  214  )
( 11  -118  -94  )
( -142  -204  -56  )
( -43  139  -131  )
( 66  242  241  )
( 78  240  160  )
( -196  73  -135  )
( 55  135  -198  )
( -5  240  -155  )
( 192  44  91  )
( -23  -243  145  )
( 179  -153  115  )
( -38  -43  -135  )
( -2  131  -39  )
( 165  -233  -147  )
( 161  -2  -185  )
( -248  225  -215  )
( 28  73  -63  )
( 66  -228  -166  )
( 211  -81  -118  )
( -51  -75  -173  )
( -113  236  -237  )
( 15  -30  -34  )
( 220  -203  150  )
( 43  -69  -4  )
( 72  -219  174  )
( 5  -157  -94  )
( -161  -11  37  )
( -2  232  82  )
( 53  63  -207  )
( 66  -2  67  )
( -226  -31  -194  )
( -247  204  -71  )
( 115  -209  -27  )
( -224  199  45  )
( 185  122  21  )
( -14  230  -76  )
( 68  16  -137  )
( -199  119  -50  )
( 100  44  45  )
( 118  191  127  )
( -172  -98  29  )
( -50  -105  101  )
( 203  -48  -5  )
( 163  186  -162  )
( 80  -120  180  )
( -90  -219  79  )
( -131  201  -56  )
( -81  80  4  )
( 21  20  179  )
( 23  104  159  )
( -4  203  89  )
( 116  -1  -94  )
( 123  -65  -211  )
( 102  -87  -96  )
( -230  -191  84  )
( 234  -51  150  )
( -238  229  79  )
( 64  72  -98  )
( -143  -112  -71  )
( -174  3  105  )
( 199  204  30  )
( -10  44  52  )
( 3  86  -208  )
( -32  122  -209  )
( 187  112  -227  )
( 133  85  -181  )
( 174  -124  -47  )
( 117  197  56  )
( -186  236  84  )
( -145  -124  -206  )
( 246  -134  -172  )
( -8  45  -142  )
( -131  46  191  )
( -213  174  61  )
( 129  176  -48  )
( -53  205  -203  )
( -240  78  -55  )
( 195  81  186  )
( 119  36  145  )
( -86  -204  223  )
( 13  -86  -190  )
( 82  -190  -49  )
( -189  -202  114  )
( 185  161  -199  )
( 244  1  166  )
( -189  -146  44  )
( 98  -53  16  )
( -167  -237  15  )
( -200  -121  -42  )
( 233  206  129  )
( 190  191  -38  )
( 137  -165  -10  )
( 179  114  77  )
( -62  184  116  )
( -5  -123  155  )
( 224  246  -97  )
( 223  185  155  )
( -212  -140  84  )
( 39  97  130  )
( 106  -62  -130  )
( 99  -160  71  )
( -101  -242  224  )
( -119  133  -179  )
( -186  -244  -108  )
( 153  -232  243  )
( -112  173  176  )
( -146  -97  -240  )
( 230  -15  -68  )
( 167  198  -90  )
( 234  -35  150  )
( 195  -225  -230  )
( 200  -213  5  )
( 183  -202  -186  )
( -167  -1  -21  )
( -200  -231  -245  )
( 177  245  196  )
( -97  -159  -43  )
( -64  -247  -73  )
( -67  -27  64  )
( 157  -202  149  )
( -245  -218  -6  )
( 18  70  -32  )
( 133  -44  -61  )
( 239  -45  -184  )
( -235  -151  190  )
( 240  228  131  )
( -240  -201  163  )
( 81  71  -153  )
( 190  97  -98  )
( -245  26  238  )
( 180  74  150  )
( 154  -22  136  )
( 39  188  -5  )
( 83  -164  -177  )
( -47  10  37  )
( 64  136  -204  )
( 219  -134  217  )
( -123  7  -213  )
( 230  40  49  )
( 147  80  72  )
( 175  -206  187  )
( -45  99  -206  )
( 208  214  -50  )
( -188  -149  41  )
( 127  195  249  )
( 111  134  2  )
( -115  -248  -15  )
( 1  18  26  )
( 96  169  -107  )
( -216  -154  -224  )
( -135  -30  129  )
( -56  132  142  )
( 156  -115  -144  )
( 10  245  27  )
( -63  24  -123  )
( -47  113  -147  )
( -15  245  -76  )
( -230  -90  -155  )
( -58  160  -229  )
( 141  -10  113  )
( 60  -55  -48  )
( 81  141  209  )
( -149  -204  97  )
( 69  -46  -74  )
( 189  -179  -183  )
( 70  205  159  )
( 132  -158  30  )
( -170  211  48  )
( -162  149  139  )
( 26  -243  -194  )
( 27  7  128  )
( -95  186  -97  )
( -158  67  177  )
( 120  249  -150  )
( -102  -95  -157  )
( -247  222  84  )
( -96  32  188  )
( -157  240  118  )
( 23  150  248  )
( 179  -46  126  )
( -161  -17  190  )
( 21  201  -40  )
( -180  190  -175  )
( 126  -199  91  )
( 245  247  212  )
( 137  180  -60  )
( -150  -191  3  )
( 189  -122  94  )
( 174  22  57  )
( 180  -52  -156  )
( -166  185  -50  )
( 38  204  -184  )
( 71  -218  -224  )
( -228  -39  217  )
( -66  -88  13  )
( -188  -125  126  )
( -10  -76  -238  )
( -230  -184  -207  )
( -148  27  10  )
( -44  -234  145  )
( 30  195  -69  )
( -41  49  -134  )
( -3  206  -59  )
( 94  -162  -71  )
( 59  -85  24  )
( 184  -235  -232  )
( 100  218  246  )
( -164  -69  -17  )
( 194  243  -199  )
( 144  -59  204  )
( -198  -47  202  )
( -181  190  -198  )
( 27  121  183  )
( 74  27  -112  )
( -173  238  -222  )
( -211  95  185  )
( -75  137  -120  )
( -67  -127  234  )
( 166  178  -104  )
( -81  -123  169  )
( 236  27  12  )
( 93  -205  -66  )
( -97  -74  32  )
( 117  159  6  )
( 165  232  39  )
( 193  113  94  )
( -199  78  -18  )
( -233  -227  214  )
( -78  124  17  )
( -230  69  87  )
( 129  -138  92  )
( 2  -37  -241  )
( 208  83  13  )
( 159  170  -163  )
( -104  12  80  )
( -97  5  -8  )
( 249  50  -205  )
( 203  199  -25  )
( -68  212  -77  )
( 18  -200  -137  )
( 70  69  4  )
( -202  -111  204  )
( 223  -7  -86  )
( -64  -13  -186  )
( -179  -139  -226  )
( 44  -70  129  )
( 12  -200  118  )
( -9  210  -112  )
( 169  211  -15  )
( -107  -57  -189  )
( 155  118  197  )
( -102  -65  -15  )
( -242  165  -224  )
( 123  -88  -33  )
( 66  -232  49  )
( 106  -44  -209  )
( 245  -213  220  )
( 189  170  182  )
( 177  -8  72  )
( 74  -244  231  )
( 165  -95  -43  )
( 8  -112  167  )
( 34  -247  170  )
( 125  -99  -150  )
( -211  -249  62  )
( -39  183  60  )
( 172  -198  146  )
( -86  -122  -245  )
( 181  -163  -204  )
( 106  -34  65  )
( 62  26  111  )
( 2  -159  59  )
( -154  6  -149  )
( -169  -217  68  )
( 43  -150  191  )
( -38  171  -118  )
( 53  116  7  )
( 39  -50  144  )
( 9  125  3  )
( -63  138  -52  )
( -191  54  43  )
( -177  -226  -183  )
( -35  249  82  )
( -192  -196  220  )
( 169  -57  210  )
( 80  116  30  )
( -64  190  139  )
( -144  240  -174  )
( -23  159  222  )
( 178  64  -120  )
( -228  -77  -121  )
( -152  223  -10  )
( -141  28  -37  )
( 87  -18  -64  )
( 140  70  167  )
( -160  185  117  )
( -5  37  -183  )
( 203  130  -15  )
( -37  65  -14  )
( 73  10  156  )
( -152  238  1  )
( 72  -81  -179  )
( -77  -181  -162  )
( -138  -81  106  )
( -165  20  172  )
( -106  -170  68  )
( -160  -136  71  )
( -70  10  242  )
( 72  202  164  )
( 25  -197  233  )
( -11  94  128  )
( 183  219  139  )
( 1  -121  -229  )
( 22  85  -216  )
( 161  -79  -30  )
( 156  43  232  )
( 204  -2  -194  )
( 235  -127  108  )
( 95  -14  92  )
( -249  119  -161  )
( 83  -117  8  )
( 128  -158  78  )
( -135  206  39  )
( 239  -149  -39  )
( -208  -28  130  )
( -21  -209  4  )
( 245  144  188  )
( -142  115  73  )
( -159  67  20  )
( 176  142  241  )
( -204  207  -78  )
( -8  -45  21  )
( 154  -125  -78  )
( 71  117  129  )
( 59  -32  4  )
( -79  200  138  )
( -44  -159  118  )
( -242  51  248  )
( 223  89  233  )
( 61  -2  188  )
( 18  135  78  )
( -85  114  245  )
( -12  -151  30  )
( -20  138  87  )
( 74  239  -184  )
( 172  128  -230  )
( 101  -2  -180  )
( 138  -84  -126  )
( 246  58  202  )
( -59  -136  -4  )
( 195  -58  164  )
( 160  73  80  )
( -201  138  -216  )
( -117  -247  -127  )
( -170  179  45  )
( -203  9  93  )
( -151  221  -193  )
( 194  45  59  )
( -78  247  246  )
( 218  223  -103  )
( 141  158  -245  )
( 3  -109  79  )
( 232  -123  -191  )
( 37  137  -164  )
( 223  -235  -241  )
( -159  44  168  )
( 102  159  195  )
( 32  52  160  )
( 207  149  -91  )
( -66  -163  -198  )
( -244  -89  90  )
( -35  -224  -240  )
( -110  49  -182  )
( 114  76  106  )
( 204  206  176  )
( 167  89  5  )
( 195  59  240  )
( 41  21  133  )
( 210  -228  234  )
( -178  -18  -245  )
( -76  -71  226  )
( 47  25  -62  )
( -206  -241  12  )
( 118  30  117  )
( -139  -93  95  )
( 43  -147  -34  )
( 33  194  153  )
( -249  44  59  )
( 125  102  11  )
( 195  45  184  )
( 207  20  -4  )
( -76  127  -194  )
( 116  -142  212  )
( 171  188  -8  )
( -227  -188  -134  )
( -154  23  -63  )
( -184  191  102  )
( 112  56  -163  )
( -113  222  -11  )
( 94  42  152  )
( -143  -11  -42  )
( -72  191  94  )
( -1  -245  94  )
( -29  -97  39  )
( 222  38  -113  )
( 83  -231  117  )
( -112  -30  224  )
( 25  20  34  )
( 228  -61  4  )
( -111  122  -11  )
( 52  161  -238  )
( -226  -108  -149  )
( 202  -49  -99  )
( 142  211  82  )
( 213  194  118  )
( 26  127  -122  )
( -37  -153  86  )
( 142  147  0  )
( -186  -75  32  )
( 47  -165  205  )
( -0  -112  -148  )
( 157  -233  -49  )
( -173  -180  7  )
( 96  -73  -83  )
( 44  188  69  )
( -4  -202  -0  )
( -126  -119  -27  )
( -61  214  200  )
( 159  -210  48  )
( -92  38  -61  )
( 174  233  -151  )
( 76  3  -143  )
( -184  185  245  )
( 17  -170  -196  )
( 60  -55  202  )
( -156  -66  -71  )
( 197  -196  170  )
( -166  16  231  )
( -196  -69  64  )
( 111  34  -134  )
( 226  189  187  )
( -241  171  -152  )
( 136  -227  -176  )
( 73  -185  -11  )
( -207  -134  -63  )
( 134  -68  -54  )
( 192  -159  222  )
( 194  235  146  )
( 28  209  97  )
( 17  -101  -60  )
( -92  45  167  )
( -6  -104  -212  )
( 46  -129  180  )
( -8  -77  66  )
( -210  -203  36  )
( -203  39  -74  )
( 164  -102  86  )
( -152  -191  215  )
( 56  -32  28  )
( -28  -84  -237  )
