( 83  -222  -172  )
( -231  -41  -197  )
( -104  125  -200  )
( 121  33  -224  )
( -192  -42  -126  )
( 72  71  74  )
( -107  -179  230  )
( -83  -131  -199  )
( -88  143  77  )
( 213  -131  69  )
( -66  98  162  )
( -136  -118  53  )
( 145  42  -50  )
( 245  219  -244  )
( -159  88  203  )
( 164  101  180  )
( -198  -31  -240  )
( 15  31  -203  )
( -18  -50  242  )
( 110  101  -180  )
( 40  -26  118  )
( 104  -96  -156  )
( 168  16  8  )
( 94  99  0  )
( -200  -219  -150  )
( -20  170  -67  )
( -43  233  53  )
( -174  -124  33  )
( 14  -7  19  )
( -118  -82  101  )
( 33  15  117  )
( 229  40  -187  )
( 37  -4  136  )
( -55  234  196  )
( 17  -249  211  )
( -42  28  71  )
( -117  238  -111  )
( -106  186  -246  )
( -141  33  62  )
( -143  9  -68  )
( 93  54  -156  )
( 133  16  93  )
( -0  169  129  )
( -49  60  34  )
( 171  23  13  )
( 178  -65  -82  )
( 209  -164  -202  )
( -150  -40  -116  )
( 17  38  -221  )
( -95  -111  -122  )
( 154  198  125  )
( -54  -81  -213  )
( 45  -231  -42  )
( -168  -112  -215  )
( -243  40  179  )
( 245  205  233  )
( 99  189  49  )
( -24  79  229  )
( -19  -48  -171  )
( -47  -173  126  )
( -94  -99  92  )
( -231  81  34  )
( 166  198  -156  )
( -141  58  249  )
( 201  227  -248  )
( -112  95  -216  )
( -151  24  -18  )
( 149  47  247  )
( -31  175  15  )
( -66  113  83  )
( 22  183  151  )
( -38  -242  127  )
( -109  -159  234  )
( 177  223  226  )
( -229  -38  23  )
( -65  116  -216  )
( -155  156  168  )
( 184  104  -57  )
( -141  -60  105  )
( -202  33  159  )
( 231  -60  -74  )
( -73  -35  -89  )
( 105  147  -174  )
( -110  158  -83  )
( -45  61  22  )
( -246  212  42  )
( 189  -217  -156  )
( 123  -235  55  )
( 94  -213  -19  )
( -22  -59  111  )
( 38  -223  -246  )
( -237  247  -238  )
( 227  79  40  )
( -247  100  79  )
( -238  31  183  )
( -44  109  -107  )
( -38  -161  223  )
( 224  -51  -55  )
( -111  7  -116  )
( -51  -57  69  )
( 172  -151  -31  )
( -132  179  242  )
( -150  51  -140  )
( 107  232  -42  )
( -208  -149  22  )
( -241  126  0  )
( 144  -29  145  )
( -197  -185  165  )
( 199  111  -187  )
( -249  -13  134  )
( 65  -71  34  )
( -220  189  221  )
( -101  -148  -158  )
( -121  -77  -145  )
( -169  -194  -211  )
( 115  -54  -237  )
( 69  -215  -108  )
( -204  -92  -229  )
( -64  -237  62  )
( 223  -129  194  )
( 189  99  183  )
( -116  37  -213  )
( -58  90  -242  )
( -73  119  173  )
( -5  244  140  )
( 239  55  8  )
( -18  -164  -157  )
( 76  -119  22  )
( 115  -24  247  )
( -33  -88  85  )
( -30  142  193  )
( 150  -228  116  )
( 198  90  -1  )
( -53  -173  197  )
( 122  166  81  )
( 105  -115  118  )
( 230  -102  -49  )
( -102  -134  123  )
( -68  73  -151  )
( -191  23  211  )
( 145  -33  244  )
( -82  32  224  )
( 39  108  -158  )
( 119  -96  13  )
( 64  -171  -66  )
( -145  -45  112  )
( -11  155  -167  )
( 84  -72  -39  )
( -1  155  129  )
( 21  -139  -30  )
( 122  235  113  )
( -173  77  -241  )
( 225  -31  -101  )
( 46  71  -123  )
( 2  119  146  )
( -224  19  6  )
( -121  115  -76  )
( -64  69  -136  )
( 171  207  -244  )
( 235  -6  -55  )
( -188  106  -74  )
( -124  -63  211  )
( -101  -199  -157  )
( 67  181  -99  )
( -233  72  -130  )
( 18  -192  -216  )
( 196  112  135  )
( 227  68  -97  )
( 33  48  -145  )
( -39  245  127  )
( 90  -62  -88  )
( 25  -107  42  )
( -155  178  -67  )
( -27  115  166  )
( 207  25  110  )
( 227  248  187  )
( 39  -80  -45  )
( 103  -71  -193  )
( -68  -184  -219  )
( 138  165  135  )
( -123  -89  -27  )
( -220  46  -58  )
( 171  95  61  )
( 38  -68  -40  )
( -25  -59  174  )
( -106  -100  58  )
( 123  -211  153  )
( -103  -17  107  )
( 57  -193  -160  )
( -93  144  106  )
( -29  83  -138  )
( 65  28  8  )
( -213  -50  206  )
( 193  -66  230  )
( 34  -73  212  )
( 144  52  132  )
( -167  -100  -174  )
( -132  -240  208  )
( 192  -75  45  )
( 172  -47  -130  )
( 180  -22  -192  )
( 3  34  193  )
( -109  175  115  )
( -169  198  104  )
( -145  56  232  )
( -171  -132  145  )
( -28  168  -235  )
( -114  -212  249  )
( 48  46  -42  )
( 175  -158  -151  )
( -72  -158  206  )
( 201  128  188  )
( 167  243  -81  )
( -104  220  225  )
( 80  151  -4  )
( -203  -233  109  )
( 4  180  103  )
( 120  186  -203  )
( 73  74  -140  )
( -73  -182  249  )
( -153  156  -5  )
( -192  93  39  )
( 202  18  133  )
( 52  217  27  )
( 179  118  25  )
( -221  -217  -236  )
( 229  -119  -191  )
( 4  -67  13  )
( -228  -153  201  )
( 211  -124  181  )
( -113  -83  -114  )
( -191  150  95  )
( 237  -203  -209  )
( -211  240  -139  )
( -90  193  -57  )
( -225  74  -222  )
( -1  -28  -108  )
( -130  214  9  )
( 78  -151  89  )
( -233  63  130  )
( -66  88  38  )
( -45  -169  -224  )
( -118  -163  -1  )
( -72  -227  -219  )
( 213  -82  -155  )
( -90  133  -102  )
( 88  -67  62  )
( -217  -1  209  )
( -181  59  76  )
( 13  -19  -103  )
( 24  166  -188  )
( 44  81  34  )
( 183  -202  81  )
( -142  224  -236  )
( 47  -36  51  )
( 0  68  -6  )
( 176  -110  -177  )
( -186  -206  78  )
( 151  -19  110  )
( -174  130  164  )
( -163  194  222  )
( 152  -129  -184  )
( 116  171  138  )
( -183  -178  92  )
( 206  134  -191  )
( 146  156  92  )
( 158  236  27  )
( -149  -70  -12  )
( -87  -186  -81  )
( -151  -159  178  )
( -199  12  -138  )
( 69  -222  126  )
( -230  -206  16  )
( 191  95  115  )
( -232  -76  -119  )
( 216  137  237  )
( -30  -91  154  )
( -82  -170  219  )
( 8  -224  -52  )
( 173  -171  -248  )
( -183  -37  -35  )
( -51  237  33  )
( -123  42  152  )
( 24  135  -157  )
( 168  -194  -145  )
( 45  74  231  )
( -118  144  -241  )
( -228  93  -68  )
( -1  -208  34  )
( -235  174  198  )
( 144  -145  127  )
( -138  -159  -1  )
( -143  -247  -187  )
( -37  -66  -92  )
( -18  192  -136  )
( 242  -43  -98  )
( -119  -209  194  )
( -52  96  6  )
( 162  182  -218  )
( 205  -207  218  )
( 214  -188  -184  )
( 232  140  -118  )
( -6  -54  -39  )
( -7  148  -233  )
( -47  -91  195  )
( 204  -54  89  )
( -232  -72  -141  )
( -133  -90  -106  )
( 230  191  -23  )
( -163  -213  21  )
( 149  -106  200  )
( -150  -128  -73  )
( 246  -180  7  )
( -95  182  101  )
( 76  135  115  )
( 210  -146  184  )
( -246  189  -83  )
( -58  -27  -194  )
( -2  75  166  )
( -215  -148  195  )
( 239  44  235  )
( 52  157  -77  )
( -89  158  132  )
( -75  -128  -217  )
( -245  64  213  )
( 0  -248  219  )
( -80  170  17  )
( -108  -149  244  )
( -58  -207  76  )
( -39  -25  -62  )
( -129  -192  -7  )
( -93  -98  -238  )
( 3  182  -152  )
( 59  10  241  )
( 75  -213  139  )
( -40  -210  76  )
( 231  -161  157  )
( 46  -89  140  )
( -161  -198  123  )
( 157  -15  -140  )
( -83  -164  167  )
( 108  49  36  )
( -118  76  60  )
( 103  191  -164  )
( -123  70  165  )
( 88  -184  181  )
( 4  231  -230  )
( 15  160  -179  )
( 248  178  240  )
( -117  -11  196  )
( -41  109  77  )
( -208  -218  42  )
( 223  138  74  )
( 7  177  36  )
( -53  8  -71  )
( -53  227  -60  )
( 9  191  96  )
( 237  95  -212  )
( -201  -102  -57  )
( 201  141  192  )
( 144  -183  -216  )
( 100  228  98  )
( -33  36  -199  )
( 178  -202  -175  )
( 161  128  -19  )
( 72  70  -129  )
( 25  -101  -46  )
( -26  145  -234  )
( 108  -99  83  )
( -191  -111  24  )
( -240  79  -97  )
( -57  129  -236  )
( 142  -148  -117  )
( -192  -98  191  )
( 67  -138  240  )
( -24  33  1  )
( -232  -80  63  )
( 50  54  168  )
( 120  -129  -153  )
( 6  22  -101  )
( -225  -127  -63  )
( -225  171  -235  )
( 142  231  37  )
( -192  -86  -211  )
( -222  -84  -211  )
( -5  -81  -210  )
( -106  -32  -17  )
( -150  -39  122  )
( -90  -59  -106  )
( 49  103  -133  )
( -86  -187  -119  )
( 238  247  74  )
( -146  176  -20  )
( 61  -76  -212  )
( 93  -57  -190  )
( -81  -230  -194  )
( 138  244  36  )
( -219  171  -17  )
( -112  -74  166  )
( -191  -161  -51  )
( -242  -31  11  )
( 185  -158  87  )
( -15  -52  155  )
( 155  -123  -33  )
( 13  -224  236  )
( -115  207  -10  )
( 12  202  109  )
( 19  188  -142  )
( -246  -179  159  )
( 239  -50  8  )
( -114  -127  221  )
( -226  140  -73  )
( -204  158  141  )
( -133  61  16  )
( -199  -21  59  )
( -230  42  -84  )
( -125  -169  51  )
( 33  8  137  )
( -216  -122  -180  )
( 215  -94  -57  )
( 185  219  -133  )
( -38  205  242  )
( 127  25  -242  )
( -41  -207  126  )
( 129  206  -74  )
( -36  52  246  )
( 204  -221  -131  )
( -137  188  -95  )
( 225  -144  19  )
( 75  240  -248  )
( 179  -208  101  )
( 161  -232  -159  )
( -63  -100  97  )
( 18  -190  48  )
( -43  143  -84  )
( 99  -98  -132  )
( 105  -141  -79  )
( 111  -160  -130  )
( 27  -107  -22  )
( 161  212  37  )
( 147  218  121  )
( -88  -64  6  )
( 37  -34  142  )
( -174  164  77  )
( -31  -134  -149  )
( -114  247  45  )
( -165  204  -18  )
( -151  24  -218  )
( -245  10  -126  )
( -161  -121  -73  )
( -65  -6  13  )
( -215  234  -172  )
( -171  -5  -38  )
( 22  53  148  )
( 16  100  88  )
( 98  62  17  )
( -158  -163  -113  )
( -149  -98  145  )
( -204  143  -207  )
( 185  171  154  )
( -200  -203  214  )
( -158  -154  102  )
( 225  142  -15  )
( -129  195  95  )
( -73  -18  82  )
( -55  61  -118  )
( -233  122  -76  )
( 58  -137  202  )
( 233  170  -78  )
( 16  -157  -210  )
( 26  106  135  )
( 163  94  -83  )
( 76  22  -58  )
( -104  233  143  )
( -2  -228  -89  )
( 150  174  -57  )
( -95  18  -4  )
( -238  14  -39  )
( 123  210  57  )
( 203  142  209  )
( -106  64  -234  )
( -167  225  39  )
( 118  -146  -163  )
( -69  -109  -179  )
( -185  249  -229  )
( 73  -37  154  )
( -41  178  239  )
( 189  -34  -112  )
( -200  34  106  )
( -3  177  181  )
( 149  220  -10  )
( 30  216  -212  )
( -176  60  -147  )
( 206  -215  222  )
( 238  31  -178  )
( -231  3  -220  )
( -89  -54  -13  )
( 150  -209  -139  )
( 62  130  51  )
( -159  178  48  )
( 100  -205  -43  )
( -59  -209  46  )
( 14  -215  24  )
( 105  -25  94  )
( -130  -105  180  )
( 147  105  25  )
( 166  100  142  )
( -62  -237  57  )
( -220  192  -124  )
( 39  -122  -20  )
( -169  -17  -140  )
( -61  -123  204  )
( -175  63  60  )
( -119  69  216  )
( 107  207  84  )
( -145  -168  81  )
( 169  180  167  )
( 192  166  246  )
( -173  -211  -134  )
( -177  -64  52  )
( -127  -218  207  )
( -28  -148  -76  )
( 193  169  -35  )
( 123  -155  -212  )
( -142  -86  -115  )
( 82  7  183  )
( -169  59  -84  )
( 37  -195  179  )
( 138  37  -126  )
( -176  159  85  )
( 233  180  236  )
( -55  20  71  )
( -53  55  2  )
( -125  199  211  )
( -149  137  84  )
( -213  -234  221  )
( -36  -208  -135  )
( -188  -121  -114  )
( 34  -89  -42  )
( -48  212  -101  )
( -190  58  -180  )
( 92  158  -101  )
( 14  -105  -21  )
( -38  -79  -118  )
( 72  -87  -231  )
( 155  225  -129  )
( 24  209  -88  )
( 109  190  158  )
( 244  -239  226  )
( 197  -210  130  )
( 190  -133  176  )
( 185  32  -111  )
( -225  46  -223  )
( -132  236  -50  )
( 162  -32  197  )
( -169  153  237  )
( -88  -200  -186  )
( -122  -163  -196  )
( -221  203  68  )
( 151  19  -29  )
( 7  -136  200  )
( 68  -208  126  )
( 147  183  165  )
( -24  -126  248  )
( -142  -146  -231  )
( -100  -73  25  )
( 187  5  90  )
( 87  -242  -134  )
( 237  111  91  )
( 74  49  73  )
( 41  172  -100  )
( -200  214  73  )
( 68  -198  26  )
( 116  -31  -95  )
( -0  -38  -21  )
( 31  -37  -113  )
( 214  188  176  )
( 16  195  -0  )
( -199  -21  -63  )
( -83  185  165  )
( -124  -193  214  )
( -153  181  232  )
( 121  -65  -28  )
( -203  -232  -34  )
( -56  13  -117  )
( -208  163  -77  )
( -189  -165  14  )
( -207  -72  -249  )
( 155  -210  -184  )
( -48  -95  42  )
( -166  -53  104  )
( -201  -109  -206  )
( -123  114  219  )
( -4  1  249  )
( 248  180  241  )
( 195  -155  132  )
( 195  232  132  )
( 73  -33  115  )
( 181  67  -51  )
( -44  -85  -87  )
( -98  168  -235  )
( 92  119  -65  )
( -193  -5  -25  )
( -57  -183  59  )
( -31  204  -60  )
( 211  203  -43  )
( -164  -188  -185  )
( -125  0  -225  )
( 235  32  27  )
( -189  126  179  )
( -249  -67  -176  )
( -36  -5  110  )
( 173  -14  -57  )
( 34  -18  122  )
( -97  -233  204  )
( -200  -155  244  )
( -246  23  56  )
( -245  -117  -226  )
( -137  -231  -236  )
( -140  44  -53  )
( -93  -124  -89  )
( -6  -14  -105  )
( -39  27  3  )
( 148  69  -61  )
( -43  -202  -36  )
( 184  246  182  )
( 210  141  -28  )
( 244  -98  143  )
( -12  139  142  )
( -177  203  -244  )
( -4  34  40  )
( -99  -221  -36  )
( 26  -234  -218  )
( 105  -224  226  )
( -6  -205  -189  )
( 169  -240  -58  )
( 10  98  -163  )
( 82  -158  -52  )
( 3  185  -141  )
( 177  -29  237  )
( 15  -153  -103  )
( 25  51  41  )
( -198  -105  3  )
( -249  34  57  )
( 213  -48  -67  )
( -215  134  162  )
( -195  -241  34  )
( 219  -233  -6  )
( -133  -72  -83  )
( -239  -191  -36  )
( -47  140  48  )
( 4  -140  -89  )
( 233  -97  72  )
( -145  -19  -183  )
( -109  172  -216  )
( 220  20  21  )
( 92  234  -226  )
( -150  173  -216  )
( -232  115  246  )
( -135  156  32  )
( -15  -217  -67  )
( 135  23  -175  )
( -108  -117  52  )
( 141  12  108  )
( -129  52  -140  )
( 54  -52  -148  )
( -174  205  -195  )
( -133  162  -108  )
( 26  -62  119  )
( 245  -2  -165  )
( -170  -42  17  )
( -69  243  7  )
( -181  80  141  )
( -163  84  -151  )
( -51  -189  97  )
( -169  164  -14  )
( 10  -224  -53  )
( 76  13  218  )
( 2  107  -153  )
( -159  78  -12  )
( 52  57  -184  )
( -227  -46  56  )
( 89  -107  -186  )
( 205  222  -108  )
( 92  191  218  )
( 26  -218  160  )
( 95  -227  -164  )
( 133  -211  -20  )
( 91  -237  -2  )
( -246  5  -137  )
( -102  -212  6  )
( -212  18  188  )
( -94  21  126  )
( -204  -189  -117  )
( 131  38  104  )
( 159  106  -109  )
( 145  -27  213  )
( -62  -184  144  )
( 212  -148  -73  )
( 111  87  -120  )
( -8  13  166  )
( -17  29  101  )
( -202  -179  13  )
( 139  31  -2  )
( -83  -16  -201  )
( -49  227  125  )
( -194  -231  220  )
( -25  31  -115  )
( -38  137  114  )
( -122  26  -221  )
( -63  -206  -127  )
( -171  242  -21  )
( 221  -209  11  )
( -17  188  31  )
( 85  131  139  )
( 11  -84  -0  )
( -8  224  -145  )
( 39  106  125  )
( -214  -103  -210  )
( 149  245  -77  )
( 224  30  162  )
( 245  236  -155  )
( 155  -91  76  )
( -218  141  -111  )
( 207  204  -83  )
( -54  -178  -23  )
( 70  230  -136  )
( 45  233  -219  )
( 149  -64  248  )
( -175  113  24  )
( 33  148  90  )
( 241  -219  -235  )
( -5  36  136  )
( 56  -176  154  )
( -70  112  23  )
( 23  -114  -17  )
( 41  -91  225  )
( 61  -55  24  )
( -120  173  -39  )
( 141  3  150  )
( 144  -167  165  )
( -143  245  249  )
( 49  17  121  )
( -4  25  -126  )
( 144  102  153  )
( 94  196  27  )
( 141  -8  -248  )
( 227  33  -71  )
( 13  203  -76  )
( 142  -48  -41  )
( -205  -130  -22  )
( -21  -6  162  )
( 91  100  127  )
( 123  -12  -160  )
( 236  -117  -119  )
( -215  -224  31  )
( -184  -244  157  )
( -198  -36  242  )
( 232  119  34  )
( -168  -27  -111  )
( -86  189  85  )
( 162  36  183  )
( -246  41  182  )
( 88  159  204  )
( 38  10  -87  )
( -100  167  -39  )
( 21  -119  -66  )
( 176  64  177  )
( -101  187  17  )
( -65  173  -79  )
( -72  65  -40  )
( 2  -29  -1  )
( 158  182  242  )
( -28  154  -31  )
( 0  33  -104  )
( -31  -100  -82  )
( -160  -106  165  )
( 32  -7  -110  )
( 143  49  -153  )
( 13  -95  -67  )
( -130  183  -173  )
( 56  218  -41  )
( 47  7  8  )
( -67  -79  245  )
( 17  -72  -168  )
( 61  -228  -82  )
( -69  -157  -241  )
( 5  -138  167  )
( -45  -234  -175  )
( 130  -145  119  )
( 219  165  157  )
( 73  121  240  )
( -220  -93  54  )
( -124  -16  -112  )
( -115  -162  141  )
( 157  -138  -28  )
( 10  -240  -211  )
( 216  -90  -124  )
( 21  -122  -61  )
( -2  241  4  )
( 69  -246  -47  )
( 72  -146  -95  )
( 186  139  152  )
( 46  -68  -148  )
( -215  -134  197  )
( 192  -229  -213  )
( -75  -86  -84  )
( -130  2  197  )
( -23  45  57  )
( 146  212  -134  )
( -169  -59  -7  )
( -74  19  100  )
( 180  -110  -67  )
( 104  -245  33  )
( 5  -221  141  )
( 75  -171  -167  )
( -178  222  38  )
( -110  128  -208  )
( -50  -162  169  )
( -109  178  23  )
( -124  160  -56  )
( -141  145  196  )
( -224  -55  -239  )
( -5  102  200  )
( 197  46  -159  )
( -173  -111  75  )
( 245  69  -117  )
( -20  161  201  )
( 102  -134  131  )
( 114  -212  -90  )
( -122  200  -158  )
( 59  92  57  )
( 131  66  -62  )
( -200  176  -64  )
( 183  58  72  )
( -194  50  123  )
( -196  -175  45  )
( 212  -233  100  )
( -144  -153  32  )
( 7  80  -44  )
( 228  -119  -154  )
( 110  117  -5  )
( -221  201  -30  )
( 74  194  84  )
( -242  226  -68  )
( 208  198  76  )
( -141  -167  126  )
( 81  144  67  )
( 174  -105  50  )
( -108  228  -246  )
( -42  64  -215  )
( 204  93  -108  )
( -82  122  246  )
( 64  104  -121  )
( -130  -162  112  )
( -248  -181  -68  )
( 90  -230  -31  )
( -202  -46  -161  )
( 173  96  -97  )
( -128  37  -151  )
( -175  -127  -116  )
( 84  105  144  )
( 14  -134  20  )
( -157  -86  -128  )
( 85  226  115  )
( -49  249  -127  )
( -117  -65  -9  )
( -97  243  40  )
( -143  -131  -186  )
( -244  -204  -104  )
( 62  55  190  )
( 115  114  -84  )
( -194  76  149  )
( 89  201  131  )
( -247  -23  -10  )
( 141  -162  -119  )
( 210  -237  1  )
( 214  -189  207  )
( -35  120  -87  )
( -129  -149  -154  )
( -175  -68  83  )
( 237  -242  -176  )
( 118  227  185  )
( -232  -26  -109  )
( -48  -35  -183  )
( 170  183  -56  )
( -197  142  -121  )
( 111  -179  -235  )
( -21  100  -236  )
( -90  14  -5  )
( -102  88  -15  )
( -58  -130  157  )
( -206  234  -231  )
( -199  -124  91  )
( 64  139  -133  )
( -6  120  -241  )
( 103  84  -185  )
( -89  -140  -53  )
( 66  -13  107  )
( 188  -96  94  )
( 130  -153  82  )
( -56  209  -52  )
( 232  -209  -235  )
( -37  -213  -13  )
( -28  -115  157  )
( -90  -2  14  )
( 83  244  -101  )
( 211  73  241  )
( 165  210  70  )
( -170  -74  -193  )
( -5  208  36  )
( -216  -55  -97  )
( -99  80  224  )
( 2  -64  -33  )
( -197  -187  -50  )
( -85  -130  -226  )
( -191  189  -223  )
( 174  172  89  )
( -153  138  -246  )
( 40  232  -14  )
( -133  -196  61  )
( -105  -7  -216  )
( -148  182  101  )
( -190  227  -37  )
( -100  96  32  )
( -234  223  -50  )
( -186  -53  -74  )
( 223  236  23  )
( -110  -90  204  )
( -198  122  -13  )
( 222  -170  -41  )
( -191  -193  -48  )
( 228  186  69  )
( 172  95  -249  )
( -248  20  77  )
( -3  194  -61  )
( 181  53  -166  )
( 206  28  231  )
( 95  -165  -182  )
( -94  83  -25  )
( -56  -199  -64  )
( 57  105  149  )
( -145  215  -209  )
( 121  248  -94  )
( 231  63  140  )
( 125  110  137  )
( -67  -16  99  )
( -90  -116  -162  )
( 232  -217  111  )
( -67  176  -0  )
( 19  -213  -151  )
( 107  -58  -125  )
( -42  -209  -49  )
( 125  7  -39  )
( -214  17  -224  )
( -98  112  -80  )
( -62  137  -183  )
( 16  215  -138  )
( -159  -163  34  )
( -191  -211  -75  )
( 229  -101  -188  )
( -42  -152  235  )
( -246  -218  -14  )
( -117  -19  -122  )
( -31  -133  202  )
( -70  -249  220  )
( -211  -172  78  )
( 236  -88  38  )
( 3  -146  -24  )
( 221  175  115  )
( 116  -30  -243  )
( 77  -58  182  )
( 239  198  55  )
( 52  -6  177  )
( 193  -118  -177  )
( 20  100  204  )
( -67  102  -177  )
( 187  -3  74  )
( 166  81  189  )
( -26  47  189  )
( 144  -192  -206  )
( -94  227  -208  )
( 87  -161  -200  )
( -151  19  10  )
( -64  231  134  )
( -143  -200  75  )
( -102  175  149  )
( 135  -239  -85  )
( 57  -145  -214  )
( -246  91  -103  )
( -68  49  -92  )
( 160  9  -85  )
( -144  137  -22  )
( 133  246  158  )
( 176  36  118  )
( -0  -192  212  )
( 226  -35  229  )
( -43  -25  13  )
( -78  -67  -180  )
( -236  193  -244  )
( 177  -65  13  )
( 246  -233  -203  )
( -213  63  223  )
( -135  -15  -47  )
( 54  192  147  )
( -101  217  192  )
( -126  70  -54  )
( -84  -175  -97  )
( -67  212  78  )
( -118  -58  -218  )
( 56  126  10  )
( 13  141  21  )
( 126  242  61  )
( -70  63  -229  )
( -42  14  -79  )
( -108  175  -53  )
( 189  -163  138  )
( -214  -170  -57  )
( -218  204  96  )
( 164  -7  -28  )
( 71  -4  104  )
( -207  -84  109  )
( 80  173  233  )
( -150  59  -222  )
( 211  47  42  )
( -100  -101  12  )
( 170  -129  -162  )
( 150  122  93  )
( 11  126  -125  )
( 95  39  -193  )
( -110  -5  -126  )
( 79  -107  -204  )
( -34  -13  81  )
( 211  -244  -229  )
( -81  -196  -26  )
( -189  123  -197  )
( -123  81  214  )
( 16  -217  7  )
( 163  158  -116  )
( 126  -33  -171  )
( 78  102  193  )
( 143  249  -175  )
( -30  -159  248  )
( -104  221  223  )
( -54  -70  -218  )
( -163  -81  -3  )
( -107  -125  -138  )
( -220  -176  -239  )
( -185  -152  -248  )
( -4  137  -16  )
( 172  -173  -68  )
( 247  -237  215  )
( -33  249  180  )
( 225  100  192  )
( -5  -225  -161  )
( -28  213  -46  )
( -18  230  -105  )
( 131  -48  -53  )
( 201  -238  3  )
( 162  56  -183  )
( 218  -46  -242  )
( 112  -38  -142  )
( -16  201  168  )
( 244  -177  55  )
( -125  -163  -205  )
( -170  20  -10  )
( 185  -95  194  )
