( 34  55  19  )
( -133  -216  242  )
( 175  -242  -169  )
( 98  138  -131  )
( -129  -156  -214  )
( -117  -12  90  )
( 193  164  -173  )
( 135  -219  -110  )
( -81  -34  72  )
( 116  170  -175  )
( -220  -143  173  )
( 136  48  223  )
( -168  126  29  )
( -101  40  175  )
( 73  132  75  )
( -248  26  -80  )
( -170  -95  179  )
( 142  145  74  )
( -108  96  -187  )
( -238  -55  -164  )
( 209  -203  199  )
( 220  -28  106  )
( 245  97  -49  )
( 43  -82  181  )
( 180  -200  -194  )
( -11  -222  -241  )
( 229  52  -134  )
( 7  85  31  )
( -200  -110  -246  )
( 22  -77  13  )
( -13  149  -73  )
( -183  233  -161  )
( 72  -182  185  )
( 26  -242  178  )
( -173  104  124  )
( 196  220  -66  )
( -62  169  -139  )
( -62  -18  115  )
( -161  -55  10  )
( -137  -48  -96  )
( -79  -90  -191  )
( 124  -201  -118  )
( 97  -215  127  )
( -113  120  -39  )
( -180  -24  88  )
( 117  57  233  )
( -184  -240  165  )
( -85  165  62  )
( -112  -106  -180  )
( 60  236  -213  )
( 231  187  217  )
( -138  -120  59  )
( -15  -119  -11  )
( -205  20  227  )
( 206  233  -110  )
( 18  127  -30  )
( 52  183  150  )
( 21  156  -13  )
( -3  -21  31  )
( -33  47  -93  )
( 112  100  -117  )
( -164  -108  -35  )
( -232  133  31  )
( 109  -212  -217  )
( -227  48  131  )
( 71  -188  247  )
( -94  114  -88  )
( 70  -213  -4  )
( 76  107  -69  )
( 78  211  -52  )
( 247  -73  -106  )
( -73  203  44  )
( -67  189  -126  )
( 4  -236  -1  )
( 189  219  -199  )
( 77  -131  165  )
( -44  -201  27  )
( -80  174  -155  )
( -102  -90  179  )
( 137  -228  -201  )
( -149  -0  83  )
( 111  -229  206  )
( 181  -3  185  )
( -209  -69  -11  )
( 161  31  -165  )
( -114  -174  -124  )
( 195  92  6  )
( 107  172  54  )
( 237  211  -108  )
( 228  53  -161  )
( 12  -21  29  )
( -98  -4  -41  )
( -37  -1  3  )
( 37  -224  75  )
( -140  78  -228  )
( 119  23  170  )
( 138  150  183  )
( -184  91  46  )
( -173  -174  212  )
( 144  4  -69  )
( -120  185  -138  )
( 216  -23  -180  )
( -215  -15  94  )
( -40  -139  -31  )
( 84  -142  -207  )
( -237  195  -162  )
( 221  72  0  )
( -223  -152  -228  )
( -207  212  -195  )
( 103  34  -164  )
( -22  245  -139  )
( -20  -132  182  )
( 2  -229  -101  )
( -244  159  37  )
( 173  -6  -170  )
( -185  -154  204  )
( -233  9  26  )
( -136  12  -21  )
( 208  -246  -213  )
( -216  -78  139  )
( -3  -37  149  )
( 170  -37  -66  )
( -240  -140  -63  )
( -36  -68  144  )
( -40  191  48  )
( -239  116  -178  )
( 233  96  28  )
( -19  -242  -8  )
( -21  -63  -137  )
( -139  18  121  )
( -126  -118  -34  )
( -231  191  52  )
( 212  -147  166  )
( -184  -3  49  )
( -191  -127  52  )
( 17  -24  -69  )
( -183  2  223  )
( -211  -20  -155  )
( 95  -149  103  )
( 140  150  152  )
( -209  -213  243  )
( 6  30  -49  )
( 102  -204  -191  )
( -64  -96  230  )
( -63  215  -153  )
( 105  232  214  )
( 55  181  -162  )
( 49  -80  -21  )
( 222  -204  110  )
( -247  187  -217  )
( 220  65  218  )
( 102  129  227  )
( 221  178  194  )
( 51  238  79  )
( 187  -36  -48  )
( -23  -233  -129  )
( -7  231  103  )
( 197  -212  -91  )
( -25  137  82  )
( 114  -164  88  )
( -163  27  -90  )
( -120  129  -4  )
( 124  -53  -233  )
( -135  -61  -246  )
( 219  159  32  )
( 147  41  -70  )
( -200  -136  234  )
( 56  -170  -11  )
( -55  -216  -217  )
( -88  -229  -16  )
( -95  -3  138  )
( -47  194  6  )
( 21  -89  -204  )
( 59  137  216  )
( 207  -157  45  )
( -51  -118  -137  )
( 86  -179  197  )
( -162  -200  119  )
( -205  -120  -32  )
( 137  81  -62  )
( -142  222  104  )
( -248  211  224  )
( -20  -165  32  )
( -211  31  80  )
( -225  -220  -243  )
( -23  184  7  )
( -239  102  85  )
( 115  -99  -146  )
( 56  242  79  )
( 76  -245  129  )
( -188  160  -42  )
( 139  -8  16  )
( 131  19  78  )
( -231  -182  -132  )
( 210  -72  -154  )
( 18  102  -222  )
( 63  -178  224  )
( -111  64  70  )
( -201  -98  -60  )
( 24  -142  -83  )
( -28  -36  -223  )
( -169  84  -112  )
( 89  -248  -194  )
( 179  208  -111  )
( -72  107  -29  )
( 16  -38  37  )
( 189  -167  -233  )
( 230  -165  -99  )
( 170  -120  -57  )
( -144  101  -21  )
( -59  225  -138  )
( -18  217  197  )
( 191  217  -249  )
( 163  37  -181  )
( 234  -101  -25  )
( -10  -242  -50  )
( -179  191  -9  )
( 140  -232  -82  )
( -210  125  -243  )
( -190  246  -30  )
( 76  -19  -81  )
( 184  -163  73  )
( 103  135  -181  )
( -169  109  35  )
( 122  80  -91  )
( -81  31  231  )
( 53  241  -14  )
( 104  -7  192  )
( -170  -107  -174  )
( -174  -150  245  )
( 60  147  237  )
( 123  -74  207  )
( 199  -189  221  )
( -56  157  221  )
( 41  -156  217  )
( 8  -55  -14  )
( -48  176  89  )
( 200  218  -199  )
( 137  -164  193  )
( 8  173  60  )
( -167  -188  180  )
( 25  165  -185  )
( 34  146  152  )
( -92  175  80  )
( -217  203  -96  )
( -147  44  33  )
( -200  -48  232  )
( -242  -57  223  )
( 160  -186  15  )
( -90  157  3  )
( -35  28  -120  )
( -161  26  -239  )
( -151  -49  -22  )
( -72  -149  -158  )
( -174  117  -203  )
( 76  -179  -94  )
( 9  -29  0  )
( -208  -192  -234  )
( -45  38  225  )
( 182  -75  -248  )
( 224  -14  225  )
( 182  197  -95  )
( -245  6  -207  )
( 173  76  -167  )
( 105  -104  71  )
( -81  -171  157  )
( 208  182  -66  )
( 237  -98  2  )
( 58  -170  88  )
( -84  114  17  )
( -1  -249  55  )
( 93  146  -45  )
( 191  16  145  )
( 135  236  -189  )
( -231  -133  -215  )
( -207  93  -238  )
( 125  149  217  )
( 226  -144  216  )
( -99  -234  220  )
( 226  -30  154  )
( -10  155  99  )
( 188  20  174  )
( 6  -80  168  )
( 8  173  -101  )
( 126  -148  -198  )
( 2  106  80  )
( -124  -12  109  )
( 191  107  108  )
( -43  148  89  )
( 100  60  214  )
( 22  -173  -213  )
( -56  -98  143  )
( 138  7  -207  )
( 210  -196  -134  )
( 148  -68  65  )
( 117  185  188  )
( -122  -91  1  )
( 97  -109  -52  )
( -88  0  -64  )
( -25  87  8  )
( 181  -74  -83  )
( 143  136  -28  )
( -16  116  171  )
( -149  176  124  )
( 241  -117  -131  )
( -106  -234  -140  )
( 224  245  145  )
( 239  -247  165  )
( -144  10  20  )
( -159  37  109  )
( 70  -235  93  )
( -26  141  -244  )
( -231  -185  -1  )
( -190  24  -126  )
( 14  34  -27  )
( -96  -192  122  )
( -31  118  -11  )
( 61  142  -201  )
( -46  -215  165  )
( 30  112  -201  )
( 82  181  -45  )
( 107  -27  92  )
( -127  124  -186  )
( -38  61  -26  )
( -147  207  71  )
( -66  248  -39  )
( 229  119  -43  )
( 220  122  -16  )
( 200  132  79  )
( 89  -159  -64  )
( -181  -126  -80  )
( -102  145  178  )
( 188  -200  34  )
( -127  -163  239  )
( -61  104  -115  )
( -244  44  -109  )
( -224  114  121  )
( 187  211  -158  )
( -196  52  100  )
( -22  204  35  )
( 15  -37  -247  )
( -226  119  -50  )
( 156  -184  45  )
( -160  -103  73  )
( -63  -154  122  )
( 204  137  2  )
( 192  210  9  )
( 9  102  -195  )
( 94  -215  176  )
( -79  -243  -32  )
( 243  -106  -40  )
( -126  -169  -205  )
( 193  175  -128  )
( -232  109  192  )
( -35  -195  -160  )
( 79  33  21  )
( 157  -55  -11  )
( 36  -151  -1  )
( 240  26  -48  )
( 54  -228  196  )
( -187  179  183  )
( 190  93  -81  )
( 211  63  194  )
( 212  -81  -197  )
( -196  156  235  )
( -112  180  -171  )
( -135  160  -173  )
( 52  -39  -200  )
( -219  -98  68  )
( -216  65  62  )
( 49  126  59  )
( 50  241  -107  )
( -205  -18  -228  )
( 178  41  142  )
( -193  -13  -145  )
( 22  -184  -159  )
( -128  -158  14  )
( -227  34  156  )
( 89  210  18  )
( 94  -224  -56  )
( -221  52  188  )
( 138  -148  -86  )
( -0  -210  81  )
( -110  -62  -130  )
( -80  3  -163  )
( -241  43  38  )
( 170  78  -6  )
( 20  29  206  )
( 124  248  -136  )
( -56  169  -136  )
( -199  -97  -234  )
( 240  -19  55  )
( -41  174  194  )
( 187  69  -56  )
( 133  198  193  )
( -8  119  29  )
( -174  -229  -182  )
( 24  -31  -177  )
( -246  91  -203  )
( -115  -123  246  )
( -186  -46  187  )
( 231  -229  143  )
( -204  -32  -212  )
( 164  -222  9  )
( 84  -192  -18  )
( -218  -5  246  )
( -155  -32  182  )
( -128  -55  221  )
( -59  44  -223  )
( 81  -98  172  )
( 21  -85  11  )
( -50  -22  205  )
( 184  -83  188  )
( -124  -34  -56  )
( 134  209  6  )
( 240  152  112  )
( -68  -173  -193  )
( -138  97  156  )
( -38  237  -133  )
( 79  8  -103  )
( -210  -57  244  )
( 53  247  119  )
( 204  -141  -68  )
( -241  139  196  )
( -172  48  -210  )
( -63  183  -3  )
( 36  191  158  )
( 70  -177  -128  )
( 47  124  -236  )
( -167  181  185  )
( 20  -218  47  )
( 188  -177  214  )
( 14  -61  241  )
( 202  230  -128  )
( -139  -211  -128  )
( -129  -209  94  )
( -165  -2  -215  )
( 202  189  -175  )
( 225  -124  122  )
( -140  226  -125  )
( -171  -163  -72  )
( -100  -241  62  )
( -8  204  192  )
( -242  53  213  )
( 188  -130  88  )
( -212  -50  192  )
( 81  -135  -29  )
( -122  106  -136  )
( -40  113  -55  )
( -204  -115  -223  )
( -87  115  -119  )
( -209  55  56  )
( 140  48  -200  )
( -159  -166  -149  )
( 50  -155  33  )
( 51  -104  -78  )
( 161  -68  91  )
( -109  170  -110  )
( 151  178  127  )
( 95  80  -3  )
( -79  -187  123  )
( -121  134  -150  )
( -198  -49  -201  )
( -198  22  -1  )
( 84  147  113  )
( -142  -184  -45  )
( 24  49  -180  )
( -92  187  -130  )
( -158  -238  -176  )
( 32  14  -153  )
( 28  95  148  )
( 60  32  -131  )
( -158  77  211  )
( 59  217  65  )
( -150  221  81  )
( 93  -62  40  )
( 68  47  184  )
( 118  228  88  )
( -234  -36  -98  )
( -165  -169  -190  )
( 77  -68  -105  )
( 17  -48  -68  )
( -88  108  -77  )
( -159  106  189  )
( 88  244  -230  )
( 48  -125  -233  )
( -37  -218  192  )
( -53  -206  81  )
( 13  -63  -209  )
( 28  -13  11  )
( 47  -158  61  )
( 181  129  -119  )
( 14  -97  -30  )
( 76  108  93  )
( 190  106  86  )
( -127  15  3  )
( 47  214  -141  )
( 156  -0  9  )
( 195  -184  248  )
( -6  125  236  )
( -28  -36  18  )
( -42  83  -87  )
( -84  21  -161  )
( 194  -124  -233  )
( 159  -175  -243  )
( -144  -213  -20  )
( 240  -232  33  )
( -123  189  -95  )
( -207  210  -30  )
( -160  -138  -102  )
( -197  -5  199  )
( -25  179  35  )
( 66  -82  -183  )
( -121  153  -68  )
( -76  103  -100  )
( -18  96  196  )
( -120  88  -148  )
( -33  -51  95  )
( -224  -20  -34  )
( 196  -166  0  )
( 245  -13  -220  )
( 167  164  179  )
( 11  236  190  )
( 126  244  117  )
( 242  -179  -204  )
( -9  -55  240  )
( 80  -234  -196  )
( 162  209  -236  )
( 102  81  -22  )
( 28  111  134  )
( 112  -77  54  )
( 134  -190  -99  )
( 102  106  -52  )
( -71  102  -225  )
( -23  -25  46  )
( -142  -88  73  )
( -62  211  164  )
( 105  86  183  )
( -118  -191  222  )
( 166  -23  -178  )
( -131  248  -205  )
( -36  26  -17  )
( -206  -166  -235  )
( -100  122  148  )
( 21  -125  213  )
( -242  -238  -180  )
( -43  69  -225  )
( 62  137  159  )
( 163  -149  102  )
( -219  211  -245  )
( -125  -82  -26  )
( -66  -165  204  )
( -114  -173  -104  )
( 122  -218  207  )
( 241  128  0  )
( 68  -2  -11  )
( -211  42  149  )
( -89  178  107  )
( -219  -210  -36  )
( 57  -197  -212  )
( 17  186  -117  )
( 152  -88  134  )
( -86  213  -209  )
( 61  77  19  )
( 189  124  -198  )
( -63  -10  52  )
( 1  35  177  )
( -71  55  -241  )
( 15  223  67  )
( 82  -94  30  )
( 81  -164  -14  )
( -147  83  -34  )
( 109  -72  219  )
( 191  -50  -179  )
( 96  -139  -32  )
( 202  77  -54  )
( 199  -147  -246  )
( -230  -143  33  )
( 19  -77  -196  )
( 160  195  2  )
( -185  -186  48  )
( 241  175  161  )
( 85  230  -128  )
( -47  -241  -72  )
( -162  -47  148  )
( 150  -247  -84  )
( 240  207  -167  )
( 10  148  17  )
( -90  -102  67  )
( -127  61  -101  )
( -232  -249  -111  )
( -63  -167  23  )
( 101  -80  212  )
( -12  -67  79  )
( -112  4  65  )
( -240  243  180  )
( 56  -59  -39  )
( 21  207  236  )
( 128  236  117  )
( 208  -94  249  )
( -65  141  -158  )
( 125  193  9  )
( -142  -115  -46  )
( 112  -85  107  )
( -247  -88  -220  )
( 40  232  -194  )
( 74  167  -60  )
( -184  -141  -64  )
( 208  151  -214  )
( -21  193  -245  )
( 156  -76  -105  )
( 109  -241  48  )
( -64  46  -41  )
( 168  41  102  )
( -179  -113  -34  )
( 27  24  30  )
( 216  -1  98  )
( 234  67  -196  )
( -160  -225  145  )
( 62  85  50  )
( 130  137  94  )
( 11  20  224  )
( -153  13  102  )
( 111  -50  -201  )
( -152  -40  -159  )
( 78  121  210  )
( -190  157  53  )
( -98  -58  140  )
( -164  -16  -20  )
( 210  -232  -217  )
( -163  21  -101  )
( -194  -174  -59  )
( -105  -115  -127  )
( -38  132  -239  )
( -31  -76  -49  )
( -21  -58  128  )
( 41  122  145  )
( 31  -27  5  )
( -229  -7  -44  )
( -49  67  110  )
( -186  -105  104  )
( -117  202  -51  )
( 224  43  -40  )
( -227  191  -19  )
( -233  -231  190  )
( -190  -140  47  )
( -94  -29  -133  )
( 242  139  -118  )
( 245  -20  224  )
( 127  -53  -103  )
( 119  222  122  )
( 103  -8  237  )
( 4  22  -20  )
( 198  -172  -246  )
( -163  -96  -95  )
( -78  244  203  )
( -102  230  211  )
( 95  -99  -200  )
( -145  138  -212  )
( -235  -40  35  )
( 30  38  -113  )
( 119  -38  163  )
( -159  50  104  )
( -77  106  -118  )
( -141  -245  -25  )
( -229  44  35  )
( -215  -72  40  )
( -75  67  58  )
( -54  152  -47  )
( -230  -106  -178  )
( -223  95  177  )
( 11  -75  -130  )
( 106  -82  10  )
( 39  138  97  )
( -8  -35  126  )
( -46  51  89  )
( 130  -207  65  )
( -5  206  97  )
( 73  -114  -131  )
( -33  228  -150  )
( 70  232  55  )
( -177  51  243  )
( 12  -5  22  )
( -71  100  -155  )
( -239  232  -61  )
( -189  -214  -187  )
( -140  -67  39  )
( 120  -235  124  )
( -185  241  -224  )
( -155  57  -46  )
( 115  -23  -22  )
( -101  -92  89  )
( 12  -166  -185  )
( 188  -46  130  )
( -22  -63  -209  )
( 138  229  -40  )
( -39  211  -126  )
( -225  50  214  )
( 222  229  -49  )
( -8  -72  -112  )
( 39  -44  -203  )
( -244  213  158  )
( 105  228  -24  )
( 36  107  -246  )
( 241  192  93  )
( 27  -217  -190  )
( 73  -174  181  )
( -159  -223  -178  )
( -32  12  -194  )
( 249  73  180  )
( 10  -15  248  )
( -4  68  -210  )
( 67  -241  74  )
( 204  85  229  )
( -12  28  105  )
( -82  94  -90  )
( -245  -89  0  )
( -133  210  -102  )
( 168  -180  -123  )
( -20  101  -206  )
( 183  -130  85  )
( 112  34  -187  )
( -71  -114  -106  )
( 96  -20  -154  )
( 247  -71  -33  )
( -221  -5  116  )
( 186  -91  135  )
( -195  -48  41  )
( -70  14  -32  )
( -166  125  215  )
( -103  -73  145  )
( 185  129  0  )
( -88  -135  183  )
( -60  66  166  )
( -241  -25  -123  )
( 82  -215  154  )
( 44  174  -1  )
( 118  200  -9  )
( -122  -203  123  )
( 27  -147  224  )
( -181  186  49  )
( -93  122  -163  )
( 31  169  -54  )
( -225  174  80  )
( 31  72  -106  )
( -158  67  -116  )
( -43  76  77  )
( -65  115  -191  )
( -208  -242  -104  )
( 218  4  50  )
( -41  -9  127  )
( -218  112  -117  )
( -14  34  -204  )
( 125  -115  -117  )
( -132  -9  -219  )
( -49  40  228  )
( 138  -175  193  )
( 188  201  -196  )
( 34  -244  -91  )
( 64  -18  -63  )
( -185  -203  107  )
( -220  124  -217  )
( -101  234  135  )
( -189  216  -219  )
( -19  -178  201  )
( 20  -57  -237  )
( -183  -21  -120  )
( -146  -104  213  )
( 235  32  76  )
( -225  -40  -162  )
( -196  128  -59  )
( -21  -69  -60  )
( 31  134  66  )
( 164  -151  53  )
( 119  -11  53  )
( -66  -233  56  )
( -114  116  -76  )
( 43  219  -187  )
( -155  -46  227  )
( 236  -244  -129  )
( 14  192  128  )
( -32  176  210  )
( -240  -144  -100  )
( 64  -95  -74  )
( -247  16  226  )
( -204  -50  -5  )
( 49  -148  -100  )
( 0  5  142  )
( 245  220  12  )
( -86  -87  100  )
( -93  10  -200  )
( -136  -115  194  )
( -125  -222  -42  )
( 162  158  122  )
( 110  21  -66  )
( 179  150  -100  )
( -28  -125  207  )
( 63  -236  113  )
( -140  71  -213  )
( -49  147  -102  )
( 130  -74  139  )
( 89  141  -168  )
( 182  -168  104  )
( 15  -210  106  )
( -192  140  -153  )
( 141  114  -71  )
( -204  -232  -239  )
( -49  -117  -187  )
( -186  113  -62  )
( -32  185  61  )
( 141  17  -121  )
( 9  7  -68  )
( 13  -117  -16  )
( 31  -79  -35  )
( -242  186  61  )
( -36  233  -124  )
( 182  -190  144  )
( 239  89  -195  )
( -108  -4  -29  )
( 222  15  184  )
( -149  -211  -129  )
( -13  -169  -124  )
( -211  73  78  )
( -218  113  157  )
( 109  -158  42  )
( -188  -96  -90  )
( 100  169  25  )
( -114  -13  221  )
( 91  160  -165  )
( -115  218  -157  )
( 182  -87  -103  )
( -208  137  4  )
( -165  -31  -141  )
( 86  -56  200  )
( 0  204  -44  )
( 195  125  -184  )
( 90  -164  249  )
( 90  106  204  )
( -131  217  -143  )
( 79  -152  -49  )
( 179  -229  -140  )
( -127  64  -145  )
( -60  197  233  )
( 143  -248  -228  )
( -172  -241  192  )
( -181  -67  -191  )
( 33  -75  88  )
( -156  12  208  )
( -40  141  -217  )
( 239  -108  230  )
( -49  236  195  )
( -139  98  231  )
( 113  -30  -192  )
( -100  -61  -136  )
( -85  52  -62  )
( -113  12  215  )
( 208  147  112  )
( 25  203  42  )
( 213  136  -122  )
( -108  199  -203  )
( 244  104  226  )
( -103  13  144  )
( -86  -15  206  )
( 168  -193  222  )
( -235  -143  61  )
( 42  -144  79  )
( -32  213  234  )
( 76  129  -192  )
( 68  174  217  )
( 84  -73  -91  )
( -27  -241  -177  )
( 112  -18  56  )
( 228  -104  -244  )
( 39  247  171  )
( 195  234  -81  )
( -107  48  -249  )
( -35  -48  135  )
( 207  -80  204  )
( 26  -176  -249  )
( 90  27  -168  )
( -41  -14  -169  )
( -226  -134  217  )
( 219  2  -141  )
( 107  209  -24  )
( 59  -177  41  )
( 213  106  -72  )
( 39  -25  93  )
( -219  122  171  )
( -234  105  -158  )
( -188  247  -149  )
( 66  -27  103  )
( 99  146  -98  )
( -91  199  -108  )
( 6  -228  -57  )
( 41  60  -21  )
( 151  213  206  )
( 172  155  -80  )
( -63  114  -105  )
( -178  -87  209  )
( -166  243  -41  )
( 80  84  52  )
( -243  93  2  )
( 177  47  210  )
( -243  -147  5  )
( 165  -127  235  )
( 47  -213  -168  )
( -187  -107  -221  )
( -81  -158  -224  )
( -10  18  235  )
( -146  -11  -207  )
( 104  130  126  )
( -40  -57  -167  )
( -40  -168  105  )
( 192  150  -133  )
( 4  0  79  )
( 34  -242  -126  )
( -36  -29  34  )
( 52  73  -100  )
( 54  -186  62  )
( -68  -177  44  )
( 48  18  122  )
( -73  -218  -87  )
( -174  9  42  )
( 61  -248  244  )
( -61  43  246  )
( -0  -107  135  )
( 130  -55  96  )
( -71  186  65  )
( 34  63  206  )
( -40  -74  86  )
( 240  -164  201  )
( -109  -137  -183  )
( -249  -8  -188  )
( 218  118  44  )
( 116  -75  197  )
( 45  -113  -38  )
( 194  106  -38  )
( 156  228  57  )
( -239  -57  -114  )
( -66  -0  171  )
( 151  103  -146  )
( -105  -71  20  )
( -52  -7  -31  )
( -125  191  37  )
( -145  199  226  )
( 228  -92  209  )
( -127  -84  -3  )
( -178  -113  -249  )
( -14  -203  234  )
( 6  -89  88  )
( 189  242  -91  )
( 95  -23  -51  )
( -195  -200  -95  )
( -141  178  -181  )
( 34  -12  -87  )
( 82  -77  -80  )
( 108  38  195  )
( -220  196  218  )
( -225  -8  -167  )
( -20  138  -191  )
( 19  31  17  )
( 189  139  -106  )
( 216  219  126  )
( 144  104  153  )
( -165  -55  -237  )
( -205  -91  -22  )
( -2  -88  229  )
( -246  -241  146  )
( -243  -184  221  )
( 152  -25  142  )
( -109  -242  -173  )
( -15  202  244  )
( 39  7  -133  )
( 75  -37  203  )
( 14  -238  -168  )
( -90  71  -30  )
( -30  39  -180  )
( -55  10  162  )
( -155  -118  -101  )
( 159  -20  240  )
( -204  147  -101  )
( -120  -86  191  )
( -68  123  -21  )
( -27  149  -16  )
( -12  216  -178  )
( 239  242  115  )
( 182  157  69  )
( 106  -85  -62  )
( 159  -32  -124  )
( 245  -104  -39  )
( 159  169  191  )
( -59  98  128  )
( 56  -70  22  )
( 117  99  223  )
( -127  232  58  )
( -51  -28  52  )
( -72  -144  -68  )
( -155  -143  210  )
( 0  -82  -168  )
( -151  -194  -155  )
( -163  223  54  )
( 164  -130  -173  )
( 62  171  137  )
( -31  -59  56  )
( -213  -235  -45  )
( -158  76  247  )
( -82  32  117  )
( 197  -139  -244  )
( 149  115  -170  )
( -136  -100  -57  )
( 235  18  -115  )
( 40  -223  181  )
( 18  19  -149  )
( 106  -138  240  )
( -87  -208  -179  )
( -81  -94  -184  )
( 231  170  113  )
( -181  195  98  )
( -192  178  84  )
( -4  7  -157  )
( -167  113  -243  )
( -91  -231  126  )
( 147  179  -208  )
( 38  -45  -173  )
( 121  -54  -19  )
( -238  51  -65  )
( -79  -107  243  )
( -200  -198  228  )
( 46  122  -196  )
( 49  -186  -80  )
( 4  26  41  )
( -13  173  2  )
( 91  215  171  )
( -43  106  238  )
( -169  170  -111  )
( 91  188  -79  )
( 19  180  -126  )
( 119  217  -170  )
( -191  244  -229  )
( -185  155  -78  )
( -38  180  13  )
( -36  -170  -100  )
( 183  -85  132  )
( 103  -83  -225  )
( -167  165  -134  )
( 215  -82  216  )
( -112  197  -24  )
( -188  -115  -161  )
( -172  -220  -236  )
( -200  234  -117  )
( -203  131  -2  )
( 93  113  -59  )
( -234  -104  100  )
( -241  106  0  )
( -38  -233  -172  )
( 182  142  -65  )
( -99  -174  219  )
( 115  182  -234  )
( 178  116  -235  )
( 146  89  -10  )
( 127  -4  -148  )
( 142  -23  -157  )
( -13  226  -144  )
( -73  -134  -56  )
( 219  241  -42  )
( 3  164  151  )
( -162  154  26  )
