( -141  -240  -95  )
( 112  40  167  )
( -106  101  108  )
( 182  177  115  )
( 222  246  -242  )
( 211  -157  97  )
( 228  22  -120  )
( -246  36  -205  )
( -214  -149  -126  )
( -68  37  180  )
( 207  198  -105  )
( -8  152  207  )
( -16  20  222  )
( -176  237  -40  )
( 139  179  -111  )
( 211  -33  71  )
( 153  183  129  )
( -70  214  -141  )
( -205  111  39  )
( -31  -103  -100  )
( 109  56  229  )
( -6  -8  162  )
( 8  27  -17  )
( -131  -11  -190  )
( -220  142  -151  )
( 152  215  138  )
( 142  -184  116  )
( -41  -101  -111  )
( 188  -37  -146  )
( -229  -119  -131  )
( -107  -185  113  )
( -39  -242  69  )
( -189  80  228  )
( -16  153  26  )
( -222  -38  72  )
( -102  15  -6  )
( 58  -129  -135  )
( 146  99  -158  )
( 243  -148  -124  )
( 179  -37  177  )
( 130  126  222  )
( -79  214  -163  )
( -189  -212  33  )
( 49  59  -187  )
( 138  -208  -37  )
( -49  141  143  )
( 48  81  196  )
( 101  215  225  )
( 111  -20  -210  )
( -4  -188  -107  )
( 59  159  215  )
( -246  176  229  )
( -105  -29  -99  )
( -145  -8  111  )
( -91  137  -173  )
( 161  -43  45  )
( 38  24  -175  )
( 222  -26  -9  )
( 225  -66  -234  )
( 0  199  215  )
( 70  230  -33  )
( 216  -227  160  )
( -45  22  119  )
( -37  -233  -246  )
( -104  215  -53  )
( 91  77  227  )
( 209  192  201  )
( -74  -219  195  )
( -235  58  134  )
( 52  192  -128  )
( 225  9  -54  )
( 169  151  -34  )
( -55  180  34  )
( 131  -176  48  )
( -9  -24  -205  )
( -60  -96  -132  )
( 106  -4  -36  )
( 156  225  -4  )
( 34  199  -149  )
( -20  160  -118  )
( -230  -45  -64  )
( 199  -171  160  )
( 236  -211  -132  )
( -173  -198  -78  )
( -3  28  -7  )
( 164  -205  -174  )
( -234  -50  135  )
( 46  208  93  )
( 142  163  -167  )
( 86  -157  101  )
( -189  -65  112  )
( -24  170  -77  )
( -49  4  -207  )
( 73  -236  207  )
( 112  -54  224  )
( 210  -65  -84  )
( -227  91  54  )
( -245  -129  -39  )
( 114  11  50  )
( 162  125  -190  )
( 117  99  -102  )
( 196  -48  -64  )
( 35  -152  204  )
( 111  133  -35  )
( -169  118  3  )
( 45  78  -157  )
( 121  191  109  )
( 173  -81  -117  )
( -246  -215  -64  )
( 121  81  162  )
( 203  38  229  )
( -211  160  -37  )
( 113  -209  -211  )
( -146  -156  103  )
( -95  -52  -40  )
( 228  -217  -162  )
( -46  199  -107  )
( 13  -64  -111  )
( -95  40  -248  )
( -201  -86  -24  )
( 129  1  47  )
( 72  177  -6  )
( -155  189  -141  )
( -211  -236  107  )
( 238  -208  -202  )
( -96  -67  11  )
( -231  19  -84  )
( -27  -159  22  )
( 91  16  230  )
( -63  44  17  )
( -60  -20  156  )
( 197  -64  -33  )
( -10  5  117  )
( -40  -179  -185  )
( 101  -135  74  )
( -47  -14  -208  )
( 45  -120  181  )
( -51  -65  -87  )
( 230  221  150  )
( 84  116  -101  )
( 186  240  -59  )
( -115  -47  -89  )
( 52  100  -169  )
( -79  101  72  )
( 133  89  -173  )
( 17  111  -201  )
( 225  -153  -234  )
( -175  -211  22  )
( 75  116  -101  )
( -155  120  75  )
( -122  186  125  )
( 64  -231  104  )
( -199  -126  -149  )
( 68  -44  45  )
( 192  -245  150  )
( 128  147  -151  )
( -185  130  -125  )
( 108  -119  -246  )
( -73  21  149  )
( 171  -222  52  )
( -192  -4  -236  )
( -178  212  222  )
( 168  -101  156  )
( 112  135  215  )
( -235  187  145  )
( -168  -69  -78  )
( -203  -14  -160  )
( -24  227  104  )
( -221  130  19  )
( -135  138  119  )
( 74  96  -64  )
( 23  63  -14  )
( -27  -77  -141  )
( 132  66  -67  )
( 241  -144  -201  )
( 108  40  -143  )
( 246  -231  -99  )
( 92  -60  -237  )
( 191  -233  -94  )
( -137  -83  -66  )
( 2  107  -127  )
( 130  -65  131  )
( 213  -141  -63  )
( 71  -79  -161  )
( -136  69  188  )
( 158  -174  206  )
( -13  -47  48  )
( -27  -218  151  )
( 84  -140  -220  )
( 14  -162  -32  )
( -20  119  75  )
( -239  -238  148  )
( 148  -240  -70  )
( -216  -172  -127  )
( -197  -140  115  )
( 118  -111  57  )
( -183  78  89  )
( 233  -141  -111  )
( -176  -170  -84  )
( -140  107  -32  )
( -242  96  94  )
( 166  -42  20  )
( -134  -161  -226  )
( -19  145  -205  )
( -138  157  -35  )
( 66  99  6  )
( -47  -80  -107  )
( 128  189  4  )
( -175  151  -125  )
( -132  217  213  )
( 27  4  218  )
( 131  52  -80  )
( 190  -166  -206  )
( 158  238  79  )
( 44  225  -88  )
( -116  171  213  )
( -152  161  -204  )
( 229  166  -84  )
( 234  157  6  )
( -15  -164  -225  )
( 249  -155  -167  )
( 138  105  239  )
( 178  -231  81  )
( -57  -177  -114  )
( 56  116  -41  )
( -62  146  119  )
( 14  -30  57  )
( -8  97  118  )
( 215  213  114  )
( 131  116  210  )
( -118  249  -204  )
( -163  132  197  )
( 50  -205  -133  )
( 6  -93  -114  )
( 238  -117  106  )
( -220  -212  237  )
( 115  140  213  )
( 179  -111  -211  )
( -239  23  -114  )
( 49  220  -85  )
( 40  -147  -92  )
( 60  116  -62  )
( -226  -103  182  )
( 44  -65  -26  )
( -117  -27  103  )
( 46  -196  32  )
( -130  190  79  )
( -42  -107  20  )
( 151  -192  -63  )
( 171  15  -32  )
( 24  -129  -134  )
( -176  37  160  )
( 44  47  151  )
( -70  -87  176  )
( 83  186  -217  )
( 66  215  248  )
( -28  -180  235  )
( 53  145  80  )
( 29  -24  -207  )
( 66  -5  -123  )
( -141  -245  18  )
( 73  194  144  )
( 228  -77  40  )
( -231  228  -110  )
( -120  216  9  )
( 249  -90  144  )
( -86  194  -224  )
( -170  185  -159  )
( -239  -207  7  )
( -1  -213  203  )
( 68  24  -132  )
( -233  189  -156  )
( -231  -190  -126  )
( -68  -201  -66  )
( -48  120  126  )
( -12  -198  73  )
( 115  -148  -76  )
( -146  112  -243  )
( 183  169  -47  )
( -140  -172  -124  )
( 167  -206  -129  )
( 134  200  246  )
( -168  -191  -114  )
( -66  120  -229  )
( 63  -183  -249  )
( -34  127  6  )
( -213  48  85  )
( 38  -172  190  )
( -148  -88  -29  )
( -62  193  -231  )
( -66  14  -7  )
( -41  82  -78  )
( -130  -17  230  )
( 4  -53  51  )
( 135  147  59  )
( 47  -183  -80  )
( 165  -51  35  )
( -204  -99  33  )
( -22  -85  -232  )
( 191  -60  207  )
( -201  -87  -21  )
( 228  10  -15  )
( 120  -198  -53  )
( 178  69  249  )
( 169  138  -118  )
( 3  -5  25  )
( 129  -58  -62  )
( 222  -116  -27  )
( 26  -235  -119  )
( -163  -241  44  )
( 131  52  -248  )
( -127  -107  -54  )
( 20  129  -165  )
( -185  -16  -208  )
( 211  156  221  )
( 213  -152  -25  )
( -94  -15  176  )
( 177  -81  -76  )
( 167  -165  -146  )
( -223  153  -41  )
( 191  163  171  )
( -2  76  79  )
( -148  131  238  )
( 103  -107  -181  )
( 109  237  191  )
( 65  -12  99  )
( -95  -191  206  )
( 56  -63  0  )
( 175  -227  -231  )
( -245  -72  -244  )
( -184  171  -191  )
( 49  -42  53  )
( 3  166  79  )
( -120  -124  211  )
( -198  -185  67  )
( -1  23  -175  )
( 132  249  -74  )
( -60  -209  -42  )
( -154  -133  91  )
( 89  211  -229  )
( -39  -40  -141  )
( 80  -127  239  )
( -123  202  -178  )
( -69  -234  213  )
( -203  -171  -181  )
( -45  227  -83  )
( -70  -232  136  )
( 177  -59  237  )
( 0  -183  203  )
( 72  -19  -82  )
( -22  96  76  )
( 49  -128  160  )
( -142  -108  -196  )
( -12  30  -80  )
( -230  217  -57  )
( -126  9  146  )
( -62  -134  197  )
( 34  67  -160  )
( 60  114  221  )
( 48  -116  145  )
( 203  -146  -90  )
( -160  -70  -59  )
( -111  239  -32  )
( -19  69  131  )
( 201  -225  -70  )
( -110  -92  151  )
( 231  126  97  )
( -174  57  70  )
( 103  -169  -239  )
( 97  79  136  )
( 153  148  -112  )
( 63  -123  -145  )
( -220  242  78  )
( -185  -90  79  )
( -227  -34  -102  )
( -207  -241  37  )
( -53  190  -103  )
( -206  188  -19  )
( -170  150  26  )
( 76  244  228  )
( -220  -151  -74  )
( 168  -111  -220  )
( 80  -31  -229  )
( -70  63  -247  )
( 157  187  46  )
( 157  -219  44  )
( 86  -27  -213  )
( -121  -239  -249  )
( -244  -75  13  )
( -161  15  -42  )
( 233  -2  122  )
( 194  62  -72  )
( -202  -87  -60  )
( -122  -225  -75  )
( -33  108  -223  )
( -229  105  -104  )
( 2  -124  -18  )
( -60  -68  -196  )
( 64  49  211  )
( 128  188  193  )
( 161  -17  -165  )
( 40  100  196  )
( 211  68  -7  )
( 187  10  78  )
( -72  -78  8  )
( -112  -83  47  )
( 182  0  14  )
( 225  73  230  )
( -129  -157  -36  )
( 192  -235  88  )
( -157  -232  -243  )
( 185  -166  -187  )
( -171  -227  24  )
( -119  -48  157  )
( 58  125  -204  )
( 131  27  -62  )
( 195  108  -220  )
( 37  134  204  )
( 3  -221  -85  )
( -189  -126  -229  )
( -218  133  -105  )
( -56  169  158  )
( -114  221  186  )
( -3  236  173  )
( 141  87  23  )
( 236  -132  153  )
( -157  128  241  )
( 45  -40  -156  )
( -137  184  -200  )
( 219  190  171  )
( -171  242  -46  )
( -96  -223  150  )
( 41  -216  -69  )
( 23  142  31  )
( 50  -21  168  )
( 24  -126  61  )
( 26  98  144  )
( 27  -4  247  )
( -201  -117  141  )
( -247  -241  242  )
( 32  -102  44  )
( -158  163  52  )
( 141  71  -39  )
( -51  141  -68  )
( -120  200  8  )
( 153  226  181  )
( -190  185  -17  )
( -4  -69  121  )
( -200  122  136  )
( -19  -221  188  )
( 106  56  -161  )
( 30  204  -133  )
( 145  228  123  )
( 211  -72  51  )
( -20  -24  90  )
( -57  143  -223  )
( 139  199  174  )
( -81  119  -181  )
( 49  -93  -134  )
( 100  118  83  )
( -111  143  -188  )
( -145  119  -134  )
( -24  -51  -129  )
( -107  -194  145  )
( 142  168  -149  )
( -28  -214  -104  )
( 125  127  178  )
( -224  -175  -99  )
( 5  -136  102  )
( 203  50  -151  )
( 49  219  -15  )
( -219  130  169  )
( 95  -230  161  )
( -108  -28  -15  )
( -51  -179  -110  )
( 76  -25  -142  )
( 160  -68  -139  )
( -64  8  -77  )
( -74  200  184  )
( -193  -189  177  )
( 216  229  211  )
( 190  133  134  )
( 14  -189  -11  )
( -135  -13  21  )
( -242  151  -187  )
( 221  102  164  )
( 146  68  -116  )
( 174  130  133  )
( -163  -170  -229  )
( -177  -36  -204  )
( -197  206  -187  )
( 85  -168  -207  )
( 106  -90  22  )
( 140  -172  -26  )
( -26  88  50  )
( -24  163  -189  )
( -69  -3  -9  )
( 75  -84  43  )
( 53  198  128  )
( -249  137  91  )
( -150  235  -35  )
( 205  -101  -224  )
( 204  -120  241  )
( -18  -239  199  )
( -147  158  142  )
( -79  -37  -209  )
( -132  -177  240  )
( 27  36  199  )
( -216  -221  204  )
( 78  136  -58  )
( 130  249  24  )
( -4  37  239  )
( -230  146  63  )
( 227  -189  13  )
( -168  193  77  )
( 207  35  201  )
( -32  163  35  )
( 164  43  206  )
( 125  213  155  )
( -146  21  69  )
( -14  172  -159  )
( -208  -77  28  )
( 187  145  16  )
( 94  -2  134  )
( 80  -1  239  )
( -153  39  46  )
( 97  216  143  )
( 43  45  -114  )
( -215  -56  -62  )
( 140  65  -155  )
( -74  92  143  )
( 76  -13  -42  )
( 206  -205  -207  )
( 25  -102  -146  )
( 170  216  78  )
( 180  8  103  )
( -145  -185  53  )
( -130  -66  127  )
( 86  144  119  )
( -215  -76  -87  )
( -66  -101  -161  )
( 212  59  182  )
( 171  -132  -96  )
( -82  13  4  )
( -237  150  187  )
( -50  203  -49  )
( -109  235  -176  )
( -0  -169  244  )
( 191  -14  186  )
( -77  104  37  )
( 135  -96  -237  )
( -116  -118  -170  )
( -41  -78  -164  )
( 23  83  86  )
( -81  79  2  )
( 228  28  208  )
( 122  141  -89  )
( 207  51  183  )
( 234  55  -211  )
( -243  -32  23  )
( 218  -152  46  )
( -106  -104  97  )
( 190  235  84  )
( -190  165  189  )
( -165  237  206  )
( 156  -145  241  )
( 249  94  -82  )
( -2  -206  180  )
( 153  90  94  )
( -179  -238  196  )
( -11  -42  138  )
( -102  -56  75  )
( 69  89  162  )
( 160  180  -211  )
( -153  231  -226  )
( 213  -195  -238  )
( 220  -167  -82  )
( -216  240  145  )
( -225  87  110  )
( -149  -61  -31  )
( -14  95  219  )
( -105  -64  238  )
( -83  -80  163  )
( 46  -129  32  )
( -124  30  169  )
( 248  -34  -145  )
( 202  -132  149  )
( -163  -93  -74  )
( 19  191  75  )
( 242  -65  89  )
( -184  190  202  )
( 181  8  -86  )
( 197  249  -41  )
( -106  85  174  )
( -219  23  -212  )
( -246  23  -76  )
( -170  -96  -11  )
( -152  18  -111  )
( 199  -172  102  )
( 135  210  188  )
( -221  -11  -57  )
( 59  -243  -167  )
( -201  55  -34  )
( -218  243  94  )
( -218  239  -216  )
( -202  -175  136  )
( 110  42  -79  )
( 176  78  -145  )
( 25  56  29  )
( -125  -40  46  )
( 228  145  -178  )
( 129  -150  -138  )
( 197  0  -47  )
( 217  14  189  )
( 71  -33  7  )
( -17  -191  169  )
( -153  -205  248  )
( 203  -16  81  )
( 94  249  244  )
( -145  -71  -182  )
( 53  175  170  )
( 248  91  -34  )
( 29  9  184  )
( -108  60  -218  )
( -115  -93  -169  )
( 224  -76  169  )
( -218  -204  94  )
( -29  101  -125  )
( -49  -113  -233  )
( 50  138  46  )
( 86  174  92  )
( -96  46  -150  )
( -124  7  -229  )
( 218  180  -2  )
( -113  -119  118  )
( 220  31  -58  )
( 248  -170  96  )
( 242  212  31  )
( 20  -44  -121  )
( 226  23  49  )
( -13  123  40  )
( 125  127  245  )
( 26  -123  109  )
( 18  123  191  )
( 238  -139  144  )
( -1  246  -129  )
( -13  153  -208  )
( -166  135  90  )
( 127  -96  -119  )
( 50  -68  -19  )
( -37  -78  -137  )
( 199  162  -211  )
( -73  197  107  )
( -49  197  129  )
( 129  53  95  )
( -106  181  -201  )
( -186  -144  243  )
( -133  -138  -12  )
( -98  -160  -4  )
( 209  122  -163  )
( -175  -13  -124  )
( 150  -230  -200  )
( -79  248  -131  )
( -23  -220  -35  )
( 55  37  -240  )
( 213  6  0  )
( -82  158  -78  )
( -129  -122  -51  )
( -152  121  227  )
( 125  191  -241  )
( 232  -147  -207  )
( 4  -57  168  )
( -222  -186  178  )
( 163  -137  -73  )
( -79  237  -88  )
( -86  213  107  )
( -150  -89  -195  )
( 64  223  219  )
( 248  -121  213  )
( -150  -117  98  )
( -72  -10  124  )
( -129  -234  -142  )
( -122  -231  -49  )
( 48  -156  -86  )
( 119  -185  200  )
( 170  -136  -97  )
( -76  -58  -22  )
( -218  170  47  )
( 247  -86  141  )
( -118  60  -245  )
( -5  -77  9  )
( -129  151  -230  )
( 34  -120  -228  )
( -167  93  210  )
( -125  4  -119  )
( -42  187  -159  )
( 172  71  145  )
( -44  135  -245  )
( -31  -65  -55  )
( 39  -236  214  )
( -131  -30  -70  )
( 233  -91  244  )
( -49  58  -104  )
( 243  101  152  )
( -110  109  -116  )
( -28  8  161  )
( -216  -123  54  )
( -127  112  247  )
( -2  -74  63  )
( -6  227  120  )
( 147  219  222  )
( -171  167  -201  )
( -22  -236  -49  )
( -201  -188  210  )
( 135  134  113  )
( -52  33  -116  )
( -81  17  5  )
( -187  -224  -93  )
( 4  -238  -40  )
( 9  -68  161  )
( -243  123  30  )
( -191  161  -83  )
( 182  188  -203  )
( 43  -44  139  )
( -244  148  152  )
( 179  -0  -62  )
( 60  74  205  )
( -175  189  -115  )
( 233  3  27  )
( -23  136  248  )
( -105  -84  -22  )
( 166  -152  -128  )
( 138  237  -95  )
( -199  -38  26  )
( -109  176  204  )
( 17  67  -66  )
( 206  26  232  )
( 27  107  -203  )
( 117  -92  146  )
( 113  166  196  )
( -241  153  -4  )
( 186  -157  -35  )
( 130  45  -164  )
( -188  -208  -217  )
( 97  21  29  )
( 29  104  -229  )
( 205  241  14  )
( 241  -14  249  )
( -92  -194  131  )
( -226  -189  -23  )
( 8  -114  -136  )
( 53  -224  -71  )
( -42  -213  -181  )
( 168  190  106  )
( 233  182  210  )
( 233  -144  21  )
( 100  65  83  )
( 184  -93  51  )
( -245  -2  107  )
( 20  30  103  )
( 212  -120  -123  )
( -105  159  -235  )
( 62  216  -10  )
( -124  230  128  )
( -178  148  98  )
( -138  118  60  )
( 15  100  -38  )
( -15  74  -201  )
( -71  -55  -85  )
( 189  29  -63  )
( -13  -152  -85  )
( 194  219  -34  )
( -48  -80  120  )
( -18  209  30  )
( -228  -215  -122  )
( -94  -76  55  )
( 25  -190  -64  )
( -232  9  37  )
( 221  -244  -176  )
( -108  -53  18  )
( 220  229  162  )
( 24  89  -163  )
( 230  231  -177  )
( -219  -223  31  )
( 223  191  146  )
( 179  -201  221  )
( 149  126  108  )
( -43  -22  146  )
( 75  -212  132  )
( 91  15  -2  )
( 72  -97  -247  )
( 166  167  216  )
( 9  160  -22  )
( -172  -180  123  )
( 98  -111  242  )
( -170  -127  -225  )
( 95  43  -242  )
( -11  25  121  )
( 147  -249  -42  )
( 202  -35  233  )
( 13  -235  164  )
( -112  -82  -100  )
( -186  -115  144  )
( 243  86  212  )
( 194  -34  -203  )
( 3  233  43  )
( 44  239  -222  )
( 229  -198  -186  )
( 207  109  -59  )
( 18  186  172  )
( -12  129  -217  )
( 181  218  -223  )
( 45  -198  -190  )
( -118  -106  -116  )
( -136  -140  146  )
( 40  -157  -192  )
( 31  155  -52  )
( 189  -219  195  )
( -167  128  245  )
( -34  145  -129  )
( -127  175  -156  )
( -7  144  -22  )
( 223  -43  159  )
( 161  175  -196  )
( 89  180  31  )
( -240  -189  221  )
( -22  -112  -118  )
( -85  -155  173  )
( -41  20  126  )
( 208  207  -74  )
( 130  200  -214  )
( 195  58  79  )
( 31  -107  229  )
( -28  134  125  )
( -42  -18  -77  )
( 187  55  184  )
( -113  -118  -163  )
( 193  184  -131  )
( 146  -172  -69  )
( -122  243  53  )
( 233  -34  -156  )
( 164  161  247  )
( 88  -193  -191  )
( 131  -29  81  )
( -104  70  58  )
( 212  235  -161  )
( 242  -121  -12  )
( -9  -61  -226  )
( 205  -249  185  )
( 52  -146  -212  )
( -123  139  71  )
( -218  99  -199  )
( -42  -233  -195  )
( -25  -200  -161  )
( 147  11  111  )
( -188  -121  -91  )
( -222  29  129  )
( 169  131  46  )
( 122  165  156  )
( -170  -141  73  )
( -29  -68  233  )
( 149  164  38  )
( 92  144  -208  )
( 169  100  15  )
( 67  127  157  )
( -9  -219  53  )
( -49  73  -190  )
( -199  -217  -105  )
( 139  46  -161  )
( -92  -51  176  )
( 23  237  -181  )
( -121  130  -54  )
( 237  53  102  )
( -103  87  189  )
( -245  93  -67  )
( -108  233  -131  )
( -80  -127  -161  )
( 59  209  6  )
( 24  -180  -237  )
( 223  -60  87  )
( 125  -85  -108  )
( 170  -3  -213  )
( 185  -180  -97  )
( -24  -216  130  )
( 182  174  -132  )
( 47  -125  155  )
( -136  -110  -83  )
( 153  -104  59  )
( -3  -63  166  )
( 16  242  -5  )
( -241  216  -197  )
( 34  240  100  )
( -21  182  -84  )
( 218  45  123  )
( 144  58  -48  )
( 173  -132  -218  )
( -178  -75  1  )
( 170  78  7  )
( -61  -20  138  )
( -2  -38  237  )
( -127  -199  -76  )
( -211  107  -202  )
( -204  153  52  )
( -181  43  -235  )
( 238  -100  188  )
( 33  152  -238  )
( -175  198  -218  )
( 203  -30  -187  )
( 172  -29  -75  )
( 64  154  -184  )
( 174  -53  -156  )
( -249  25  173  )
( 180  -229  -1  )
( -83  -142  66  )
( -213  159  -154  )
( 131  169  -198  )
( -103  118  -239  )
( 233  196  -44  )
( -186  -227  -241  )
( -188  78  117  )
( -19  -104  -242  )
( -113  105  142  )
( 65  111  195  )
( 113  -76  23  )
( 15  -129  -149  )
( -126  181  120  )
( 248  -47  139  )
( -106  1  234  )
( -81  180  195  )
( 235  93  128  )
( -245  242  -234  )
( -215  -203  -14  )
( -25  42  -249  )
( 196  7  -151  )
( 29  -213  119  )
( -51  160  -28  )
( 200  81  234  )
( 111  -159  -147  )
( -25  -235  -7  )
( -175  76  -197  )
( -186  16  97  )
( -195  216  226  )
( -214  101  -60  )
( 41  220  -114  )
( -68  -132  -192  )
( 135  8  -87  )
( 29  167  -214  )
( -14  185  -193  )
( 173  -159  -88  )
( -171  -19  31  )
( 130  112  231  )
( -193  153  196  )
( 19  8  102  )
( -199  98  -124  )
( -22  -100  -156  )
( -227  -59  -45  )
( 15  223  -44  )
( 212  -234  4  )
( -249  59  230  )
( -119  -144  -50  )
( 12  77  -210  )
( -33  231  -87  )
( 3  132  100  )
( 100  -220  15  )
( 137  -19  40  )
( -140  14  207  )
( -96  157  -210  )
( -23  -24  -64  )
( 120  -197  242  )
( -121  -240  22  )
( 131  174  -39  )
( -58  195  -147  )
( 129  -118  187  )
( 137  -203  -184  )
( 216  48  -3  )
( 83  20  -202  )
( -39  87  -20  )
( -242  -196  -42  )
( -246  -244  -38  )
( -135  -152  226  )
( -107  -50  -52  )
( 197  15  -34  )
( 19  200  163  )
( -208  -238  136  )
( 138  102  18  )
( -10  63  -195  )
( 82  225  -115  )
( 73  -247  -33  )
( -106  35  203  )
( 88  159  226  )
( -247  27  21  )
( -32  228  23  )
( -70  215  54  )
( 49  3  -225  )
( 31  62  -224  )
( 107  -55  16  )
( 23  -189  65  )
( 158  172  -69  )
( -153  -149  168  )
( 129  -71  -45  )
( 146  169  -52  )
( 240  204  -37  )
( 226  -42  -184  )
( -157  -213  -224  )
( -62  -217  55  )
( -233  -169  143  )
( -0  -197  -77  )
( -222  -98  93  )
( -122  -110  -128  )
( 241  -10  -231  )
( -130  -222  38  )
( -119  144  -129  )
( 111  245  17  )
( -114  -9  -224  )
( 92  -172  128  )
( 14  -149  -223  )
( 15  64  -69  )
( 171  -152  135  )
( 83  159  -180  )
( 195  155  33  )
( -110  164  -180  )
( -197  67  199  )
( 243  64  51  )
( -227  -196  194  )
( -245  113  222  )
( -76  -122  -32  )
( 12  -73  -231  )
( -51  -82  -156  )
( 192  109  -123  )
( 234  31  65  )
( 192  -164  49  )
( -167  -1  -219  )
( -155  196  -147  )
( 21  -151  166  )
( 40  -162  -151  )
( -199  225  40  )
( 110  -175  -13  )
( 204  -39  186  )
( -53  97  86  )
( -145  -139  10  )
( -9  -167  -95  )
( -204  119  -147  )
( -185  60  -168  )
( 95  72  157  )
( 18  21  -105  )
( 29  -67  236  )
( 114  -41  123  )
( 143  217  174  )
( 9  -184  -165  )
( 248  -153  210  )
( -13  -161  -247  )
( -71  -153  -109  )
( -217  135  2  )
( -40  21  132  )
( 173  -126  -16  )
( -56  -218  152  )
( 203  218  248  )
( 116  194  -51  )
( -236  -92  -191  )
( -180  -35  -105  )
( 167  -64  206  )
( 6  102  -235  )
( 99  65  -187  )
( 224  143  -22  )
( 150  -96  -57  )
( 21  -198  -163  )
( -128  -23  -70  )
