( -41  31  212  )
( 13  142  237  )
( 176  -238  -140  )
( 80  -240  -70  )
( -211  -82  -152  )
( -175  -126  50  )
( 189  53  -192  )
( -72  22  -78  )
( -51  -127  79  )
( 12  155  -156  )
( -42  -93  -92  )
( 53  -27  -64  )
( 210  175  -134  )
( -145  116  128  )
( -92  39  138  )
( 131  -90  -44  )
( 11  39  46  )
( 9  -22  62  )
( 209  82  -20  )
( -17  -136  19  )
( -181  185  47  )
( 1  -141  -199  )
( -153  99  -55  )
( -43  97  -32  )
( 51  246  -188  )
( 131  -152  -44  )
( 125  65  -122  )
( 83  182  60  )
( -93  224  -213  )
( 59  -139  182  )
( 148  170  -242  )
( -172  112  216  )
( 94  239  79  )
( 25  23  -144  )
( -135  16  138  )
( -66  -22  46  )
( -134  -51  -188  )
( 33  25  38  )
( 101  76  35  )
( 77  209  -244  )
( 96  233  -190  )
( -155  129  6  )
( -51  228  220  )
( 42  180  146  )
( 108  -248  -28  )
( -248  -161  79  )
( 212  -151  -136  )
( -142  189  148  )
( -105  41  126  )
( 205  20  220  )
( -176  -95  67  )
( 134  85  -150  )
( 121  -48  159  )
( 206  -25  -239  )
( -179  28  103  )
( -148  -182  72  )
( 98  -201  -56  )
( -157  168  -2  )
( 74  75  -90  )
( -0  -175  224  )
( 189  -182  40  )
( 219  239  236  )
( -54  -44  48  )
( -40  -144  129  )
( 144  77  -45  )
( 51  -103  191  )
( 124  -2  194  )
( 7  243  -0  )
( 15  -106  -109  )
( 247  -53  15  )
( -59  178  72  )
( 142  214  -24  )
( -238  198  146  )
( -214  -161  -60  )
( 237  207  171  )
( 93  42  -35  )
( -190  -154  5  )
( 76  -228  -13  )
( 25  54  16  )
( 189  224  -55  )
( -11  37  -47  )
( 184  -220  87  )
( -185  -231  -248  )
( 221  104  159  )
( -195  -44  -118  )
( 80  245  -118  )
( -90  194  -177  )
( -78  -118  187  )
( 226  8  -159  )
( 185  9  79  )
( 152  -186  -32  )
( -4  -72  -242  )
( -92  139  -55  )
( 240  148  -245  )
( -99  137  234  )
( 166  28  140  )
( 54  221  78  )
( -8  -86  36  )
( -142  112  -177  )
( -11  210  113  )
( 1  79  213  )
( -150  60  31  )
( 161  5  92  )
( -235  -14  -115  )
( -113  -44  -206  )
( 218  186  146  )
( 27  31  134  )
( 218  99  -2  )
( 9  -62  83  )
( 83  90  246  )
( -61  98  34  )
( -126  -185  -236  )
( -148  -102  -109  )
( -220  203  144  )
( -4  114  68  )
( -126  93  -189  )
( 130  97  -146  )
( -222  167  113  )
( -167  -207  235  )
( 128  -249  -21  )
( 48  -121  -194  )
( 211  216  -210  )
( -169  -4  -128  )
( 100  246  214  )
( 15  -62  174  )
( -10  -66  -115  )
( 29  -193  -146  )
( -203  -168  227  )
( -41  249  178  )
( 215  124  78  )
( 39  -150  -189  )
( -211  198  164  )
( 11  -196  -241  )
( 80  132  -88  )
( 14  26  242  )
( -85  79  227  )
( 208  219  -106  )
( 31  -28  26  )
( 126  -73  136  )
( 13  215  39  )
( 197  -43  42  )
( -190  125  -106  )
( 13  12  117  )
( 130  -32  176  )
( 91  189  24  )
( -184  -130  66  )
( 113  -84  -232  )
( -189  -228  44  )
( -5  67  -184  )
( -155  -227  -201  )
( -232  107  -48  )
( 185  149  221  )
( 78  223  60  )
( -6  191  -218  )
( 173  -123  128  )
( 114  92  28  )
( 125  177  180  )
( -249  -4  180  )
( -201  -155  -170  )
( -100  122  -77  )
( -162  -127  206  )
( -59  7  -114  )
( -248  216  -100  )
( -62  109  125  )
( -102  222  -149  )
( 174  -221  -240  )
( -7  234  172  )
( 194  162  -238  )
( 47  191  -183  )
( -104  157  -119  )
( -192  -170  -169  )
( 72  157  -196  )
( 39  -175  -163  )
( -60  -55  -68  )
( 153  -172  -122  )
( -193  -168  90  )
( 200  80  180  )
( -125  -55  -96  )
( 54  43  -95  )
( 26  186  49  )
( 204  -39  -248  )
( -9  154  -199  )
( -9  -128  -20  )
( -235  -121  53  )
( -32  -87  56  )
( 98  -105  222  )
( 193  141  -179  )
( -75  158  -243  )
( -218  225  -190  )
( 67  -87  226  )
( -28  83  -194  )
( 215  68  138  )
( 185  -26  121  )
( -69  21  -85  )
( 63  95  87  )
( 123  -79  199  )
( -159  -135  -86  )
( -109  37  102  )
( 70  -154  92  )
( 168  -19  -197  )
( -23  47  -74  )
( 84  93  -165  )
( -76  -117  164  )
( -23  85  -154  )
( 73  16  194  )
( 59  -95  -102  )
( 103  217  17  )
( -137  -212  -248  )
( 204  109  -131  )
( -135  152  110  )
( -124  127  146  )
( 231  172  -223  )
( 104  132  171  )
( -214  -165  -7  )
( 77  -164  -12  )
( -64  59  153  )
( -27  -124  -108  )
( -101  -178  -11  )
( -159  -109  238  )
( -16  198  140  )
( 80  238  -164  )
( 42  186  -74  )
( 40  37  -226  )
( 1  153  -215  )
( 81  155  61  )
( -17  154  -234  )
( 135  -121  89  )
( 191  22  -45  )
( -137  -159  -201  )
( 89  154  60  )
( 207  70  135  )
( 184  5  39  )
( -109  -80  104  )
( -140  10  -87  )
( -51  -117  61  )
( 129  -22  95  )
( 50  -10  98  )
( -77  102  -109  )
( -143  -210  223  )
( 139  -41  130  )
( -58  163  -79  )
( 224  -86  93  )
( -142  79  126  )
( -241  -161  216  )
( -43  125  121  )
( 46  88  -196  )
( 172  -97  70  )
( 44  182  88  )
( -166  164  210  )
( -123  233  -28  )
( 241  -203  -172  )
( 32  -213  -111  )
( 196  66  184  )
( 27  -195  224  )
( -86  -21  -118  )
( -207  -239  -242  )
( -5  -213  -65  )
( -141  64  -218  )
( -115  54  19  )
( -115  -23  94  )
( 180  -48  217  )
( 241  156  -43  )
( -185  -62  -200  )
( 4  108  198  )
( 63  83  99  )
( 50  139  122  )
( 73  -75  -38  )
( -241  -177  -17  )
( 94  200  78  )
( 72  225  15  )
( 102  -16  228  )
( 51  83  218  )
( -68  -241  57  )
( 223  19  -5  )
( 122  -182  -10  )
( 2  214  -70  )
( 77  36  -159  )
( 182  90  -123  )
( 61  -140  -41  )
( 60  -107  85  )
( -147  111  -120  )
( 123  -172  -134  )
( -192  -151  196  )
( -181  240  69  )
( -80  -26  -220  )
( -245  246  41  )
( -94  168  -18  )
( 137  -74  -236  )
( -189  -163  -29  )
( 76  144  -166  )
( 175  -247  64  )
( 11  130  -63  )
( 76  -245  96  )
( 42  -200  -117  )
( 114  30  203  )
( -242  158  64  )
( 187  -172  -30  )
( 157  -172  -92  )
( -226  105  172  )
( -128  -196  54  )
( 208  181  130  )
( 15  -155  76  )
( 150  196  157  )
( 140  147  69  )
( -116  216  -233  )
( 115  -53  182  )
( 182  -80  -98  )
( -27  85  -64  )
( 41  135  217  )
( -126  119  123  )
( -51  -50  -211  )
( 5  233  -45  )
( -141  -146  -72  )
( -155  -193  184  )
( -218  -15  103  )
( 93  71  109  )
( -129  -248  231  )
( -64  184  91  )
( 3  -84  0  )
( 165  187  178  )
( -68  -139  60  )
( 111  -45  -24  )
( 144  182  30  )
( -184  -82  190  )
( 158  153  70  )
( -27  -147  187  )
( 133  144  -37  )
( -77  183  -133  )
( -118  49  116  )
( -61  -55  136  )
( 132  244  123  )
( -236  -228  -237  )
( 25  -72  -174  )
( 29  -41  38  )
( 8  195  -142  )
( -110  -211  -228  )
( -162  -184  3  )
( 229  188  -233  )
( 73  138  -204  )
( -212  -205  -60  )
( 164  -62  127  )
( 143  41  156  )
( 167  -160  -53  )
( 237  238  -217  )
( -141  -13  -189  )
( 163  -44  -38  )
( 112  98  -138  )
( -51  56  -106  )
( -4  208  183  )
( 112  105  -109  )
( 210  -197  45  )
( -224  122  37  )
( -109  188  -100  )
( 183  -173  181  )
( -8  -157  -94  )
( 225  112  60  )
( -230  -135  -152  )
( -90  -195  2  )
( -174  -224  -7  )
( -100  38  247  )
( 60  58  -73  )
( 109  -155  46  )
( -144  -199  -151  )
( 52  -93  213  )
( 34  1  57  )
( 50  172  -115  )
( 51  213  -230  )
( -86  110  249  )
( -179  -41  -95  )
( 96  225  52  )
( -239  47  -186  )
( 120  -39  -87  )
( 110  -235  -182  )
( -197  9  -168  )
( -79  -86  186  )
( -223  106  179  )
( -161  -183  -48  )
( 204  231  -58  )
( -120  -169  -22  )
( -152  -188  49  )
( -249  -25  -203  )
( 51  -128  -103  )
( -213  132  -19  )
( 77  -54  239  )
( -13  -159  115  )
( 245  181  -170  )
( 243  -167  91  )
( 160  168  -150  )
( 135  -9  224  )
( -237  129  81  )
( 181  69  102  )
( 10  159  234  )
( -76  -104  -121  )
( -241  45  -192  )
( 126  -78  -162  )
( 221  97  224  )
( 81  45  69  )
( -24  -178  -5  )
( 27  102  3  )
( 227  -225  -77  )
( -138  190  126  )
( -71  -193  -207  )
( -186  165  -94  )
( 47  -187  34  )
( -239  0  -195  )
( 249  -46  -218  )
( 3  191  -136  )
( 70  -142  -157  )
( 49  26  -170  )
( 235  -208  94  )
( 34  208  195  )
( -25  160  -89  )
( -238  14  -54  )
( -158  -138  218  )
( 57  233  143  )
( 115  129  -220  )
( -53  -65  230  )
( 66  22  220  )
( -199  109  51  )
( -159  -174  113  )
( 249  -97  -180  )
( -104  115  65  )
( -222  -83  -242  )
( 234  -186  69  )
( 233  86  -9  )
( -57  -141  -33  )
( 153  235  207  )
( 3  19  243  )
( -166  -147  -142  )
( -211  162  156  )
( -228  -25  -179  )
( -213  -227  221  )
( 170  -123  77  )
( -20  -206  129  )
( 242  155  -143  )
( 54  -215  -159  )
( -189  35  22  )
( 125  -38  -228  )
( 163  -223  160  )
( -160  90  -94  )
( -83  -206  -164  )
( -109  88  28  )
( -90  36  122  )
( 100  23  74  )
( -86  -118  -53  )
( 34  204  -94  )
( -94  -160  189  )
( -137  203  -152  )
( 153  -219  101  )
( -234  67  135  )
( 131  240  -235  )
( -131  -207  38  )
( 80  61  31  )
( -56  -210  -247  )
( 74  227  -232  )
( -244  -132  -59  )
( 192  -208  29  )
( 116  40  98  )
( 49  224  20  )
( 100  179  -82  )
( -26  -39  -165  )
( -13  79  64  )
( -76  -116  -225  )
( 245  217  -214  )
( 249  -149  -17  )
( -148  91  -118  )
( 44  -147  -161  )
( -240  64  -178  )
( 240  212  59  )
( -153  182  -56  )
( -198  30  15  )
( -1  82  -181  )
( -100  -33  -168  )
( -8  126  -151  )
( -48  -154  -28  )
( 193  -2  186  )
( 230  -35  213  )
( 116  109  -138  )
( -113  179  60  )
( -83  -186  173  )
( 98  50  2  )
( 14  69  -152  )
( 172  -106  -1  )
( -111  -203  -204  )
( -223  209  -104  )
( 44  -50  -45  )
( -186  -81  168  )
( 231  -182  -44  )
( -213  -185  -89  )
( 122  -210  -157  )
( 248  168  234  )
( -203  -68  -140  )
( -87  -33  -242  )
( 157  41  -135  )
( -170  -162  95  )
( 241  -133  218  )
( 128  -48  144  )
( 201  243  31  )
( -128  83  191  )
( -152  -217  159  )
( 197  98  -57  )
( -22  -203  71  )
( -125  19  87  )
( -118  -6  143  )
( -109  -68  -193  )
( 107  249  134  )
( 180  -214  31  )
( 125  204  122  )
( -125  -221  -116  )
( -104  -6  41  )
( -183  -137  -72  )
( 204  104  17  )
( -116  -49  35  )
( 32  79  86  )
( -54  -241  98  )
( -36  -152  204  )
( 27  -85  -95  )
( 123  196  66  )
( 34  -136  185  )
( -68  193  -51  )
( -74  225  168  )
( 143  -170  -109  )
( -110  -194  -6  )
( 113  242  57  )
( -122  -211  -45  )
( -128  -17  71  )
( -166  7  -16  )
( -199  110  157  )
( 164  -98  219  )
( 225  55  -98  )
( 26  -118  241  )
( -96  163  185  )
( -214  133  -182  )
( 113  -43  -98  )
( 24  99  -178  )
( -48  -96  -19  )
( 75  -227  -153  )
( -22  -201  -181  )
( 223  -169  239  )
( 166  -22  -54  )
( 134  12  -70  )
( 53  201  -16  )
( 106  -166  -39  )
( 40  -135  46  )
( 50  21  73  )
( 224  -110  36  )
( 165  -186  -244  )
( 109  -246  170  )
( 82  73  -100  )
( -161  133  42  )
( 101  -65  -236  )
( 174  -93  -75  )
( -192  -41  -173  )
( 31  3  82  )
( 166  -72  -27  )
( 243  -155  -213  )
( -3  -203  98  )
( -130  -158  150  )
( -176  108  -25  )
( 21  198  -111  )
( 207  -40  -47  )
( -42  90  113  )
( -25  213  174  )
( -13  85  -151  )
( -96  242  -9  )
( -247  -241  -66  )
( 120  -0  -138  )
( -0  -201  -39  )
( 53  4  -172  )
( -53  208  -230  )
( 64  -106  -177  )
( -60  -3  153  )
( -242  -158  -182  )
( -101  227  -152  )
( -217  -18  59  )
( -108  -10  83  )
( -245  -234  -121  )
( -230  -224  -96  )
( 80  -181  70  )
( 85  243  4  )
( 228  -6  178  )
( 217  113  214  )
( -35  -62  12  )
( -136  -39  187  )
( 101  2  -236  )
( -150  25  -223  )
( 176  81  96  )
( 117  119  124  )
( 91  67  61  )
( -56  -206  222  )
( -147  28  146  )
( -0  242  40  )
( 30  25  154  )
( 35  -223  -106  )
( -1  233  170  )
( 221  -108  -200  )
( 184  125  -102  )
( 151  152  114  )
( 106  245  199  )
( -141  195  -121  )
( -111  87  217  )
( -205  100  31  )
( -49  81  -199  )
( 197  18  -36  )
( -28  246  -206  )
( -147  -236  -213  )
( 38  -195  -224  )
( 58  104  221  )
( -112  -37  -80  )
( -24  -248  90  )
( 51  -201  200  )
( 190  26  157  )
( 137  -155  49  )
( -180  203  44  )
( 152  182  178  )
( -81  85  -43  )
( 28  70  -77  )
( 149  23  72  )
( -37  -66  -99  )
( 240  -241  191  )
( -8  230  -100  )
( -1  -133  61  )
( 134  166  -33  )
( 75  142  159  )
( 145  197  -62  )
( -58  209  -93  )
( 211  137  34  )
( 219  100  164  )
( -198  -118  121  )
( -116  3  29  )
( -39  -164  203  )
( 121  191  -0  )
( 54  -163  -157  )
( 152  214  211  )
( -103  -215  86  )
( 165  -90  -228  )
( -38  -22  9  )
( -169  -116  10  )
( -78  164  -68  )
( -225  -179  -232  )
( 66  -119  -17  )
( -155  -195  100  )
( 78  86  -227  )
( 67  183  -231  )
( -102  -113  110  )
( -15  181  -133  )
( 127  52  -35  )
( -58  -0  -96  )
( -186  221  233  )
( -232  116  -40  )
( -81  1  -152  )
( 153  149  94  )
( -98  76  -205  )
( -26  -233  -194  )
( 116  -245  -114  )
( 3  -40  -223  )
( -150  -39  135  )
( -191  -90  -123  )
( -127  -22  134  )
( -42  -77  -230  )
( -100  -64  -67  )
( 69  194  -5  )
( -146  6  190  )
( -189  -120  -121  )
( -1  -107  12  )
( 1  -185  189  )
( -15  -227  -222  )
( -152  42  -59  )
( 212  242  -24  )
( -227  19  151  )
( -20  229  207  )
( -43  -111  53  )
( -2  -98  149  )
( -147  -230  -10  )
( -10  149  124  )
( -177  -38  -69  )
( -245  -153  -91  )
( 74  -160  -7  )
( -201  -235  169  )
( 237  -8  30  )
( 111  -190  224  )
( -95  -218  -239  )
( 30  -39  -238  )
( 211  112  68  )
( 89  37  131  )
( -80  79  34  )
( -235  170  -43  )
( 134  -191  114  )
( 109  -87  -68  )
( 76  153  -40  )
( 167  -204  53  )
( 85  -192  156  )
( 64  111  -1  )
( 169  -31  204  )
( -66  -220  -37  )
( 89  55  210  )
( 125  141  213  )
( -156  13  -213  )
( 87  -183  -111  )
( 182  128  -51  )
( -116  240  208  )
( 39  -60  -127  )
( -245  140  8  )
( 109  67  128  )
( -171  165  224  )
( 74  88  104  )
( 138  58  -33  )
( -35  -57  -86  )
( 81  103  110  )
( -199  244  73  )
( -125  -140  16  )
( 224  91  -20  )
( -245  -49  28  )
( 227  232  -108  )
( -68  66  -36  )
( 158  -187  -41  )
( 156  40  -4  )
( -63  222  107  )
( 70  133  -137  )
( -69  178  161  )
( -129  -162  -227  )
( -9  -207  107  )
( 33  -201  -164  )
( 7  108  230  )
( 3  107  181  )
( -239  33  -219  )
( 121  -152  -174  )
( -172  100  -68  )
( 148  -70  -99  )
( 160  248  -206  )
( -211  42  108  )
( -86  -219  -170  )
( -189  -236  125  )
( -40  35  -161  )
( -25  -226  110  )
( 233  -221  29  )
( -144  -52  -54  )
( 158  -6  140  )
( -123  -17  212  )
( 194  -110  -70  )
( 74  94  108  )
( -106  -147  241  )
( -200  -136  -76  )
( -98  244  -24  )
( -18  -177  24  )
( -214  -150  -225  )
( -65  -234  83  )
( -6  95  56  )
( 27  229  181  )
( 86  130  18  )
( 229  -79  -61  )
( 162  87  -230  )
( -216  -148  83  )
( -195  166  -5  )
( 29  175  -78  )
( 157  -84  -29  )
( 33  -182  -135  )
( 161  -169  29  )
( 173  87  -230  )
( -216  53  175  )
( -90  32  193  )
( 172  36  -187  )
( -72  -187  185  )
( -32  -87  53  )
( -45  -90  -242  )
( 149  -19  247  )
( -225  -127  -33  )
( -56  94  -164  )
( -112  245  -232  )
( -157  96  66  )
( 110  -78  232  )
( -149  0  202  )
( 115  79  -178  )
( -238  212  -45  )
( 140  13  -122  )
( -71  234  -233  )
( -127  149  119  )
( -205  63  112  )
( -218  -223  -111  )
( 50  239  -171  )
( 42  29  111  )
( -103  -155  -26  )
( 245  -15  25  )
( -140  -137  0  )
( -160  125  137  )
( 210  -82  -127  )
( -43  42  231  )
( 13  1  69  )
( -37  60  -249  )
( -54  155  56  )
( 50  -121  224  )
( -77  227  56  )
( 156  -172  -220  )
( -96  178  -38  )
( -92  21  161  )
( 146  16  180  )
( 70  180  7  )
( -173  64  -65  )
( -120  5  230  )
( 75  156  38  )
( 90  -21  51  )
( 49  162  213  )
( 207  121  137  )
( 29  -132  -13  )
( -141  -161  76  )
( -2  -199  153  )
( 65  -22  -164  )
( 155  212  -65  )
( -129  84  -55  )
( 76  190  189  )
( 86  -71  122  )
( 91  -117  114  )
( -40  -1  35  )
( -218  -17  50  )
( -86  -85  -233  )
( 105  -82  -57  )
( 83  185  203  )
( -90  -79  -68  )
( 151  154  244  )
( 2  186  -126  )
( 172  -51  -162  )
( -176  -191  -238  )
( 215  -224  -7  )
( -247  11  -66  )
( 124  30  20  )
( 154  155  92  )
( -53  110  -70  )
( 70  -123  -137  )
( 4  209  -69  )
( 204  238  -229  )
( 69  -45  186  )
( 204  -9  -8  )
( 80  -49  116  )
( -121  32  -83  )
( 245  -174  185  )
( -83  -3  -74  )
( 187  217  -230  )
( 136  -181  128  )
( -44  -13  -5  )
( 181  -112  209  )
( 214  -22  -180  )
( 221  35  -184  )
( 131  227  -237  )
( -234  121  -126  )
( 94  188  -192  )
( -167  197  -27  )
( -249  -125  -235  )
( 17  -111  -247  )
( 63  -44  -117  )
( 152  180  -4  )
( 46  -175  205  )
( 34  -162  52  )
( 125  214  27  )
( -199  157  -123  )
( -23  21  135  )
( -101  11  -9  )
( 43  -174  12  )
( -125  24  129  )
( -107  -249  -88  )
( 15  206  -47  )
( -3  187  163  )
( 227  119  229  )
( 216  -108  -23  )
( -137  -214  -67  )
( 183  -122  13  )
( -13  -90  196  )
( -117  -152  227  )
( 68  156  38  )
( 29  -98  25  )
( -27  95  159  )
( 55  -75  -40  )
( 203  30  220  )
( -55  -84  -132  )
( 160  83  -242  )
( 109  151  -110  )
( 107  248  -232  )
( 140  148  190  )
( 204  -213  -110  )
( 150  -19  -223  )
( -95  228  -61  )
( 199  -70  -38  )
( -68  69  83  )
( 92  160  -136  )
( -98  -205  -82  )
( -39  -202  -120  )
( 210  139  -72  )
( 73  -240  -187  )
( 179  226  106  )
( 171  240  -162  )
( 27  -51  -105  )
( -246  152  137  )
( -213  79  161  )
( 244  -132  -107  )
( -126  75  11  )
( -219  -26  -94  )
( 56  -187  -67  )
( -41  -25  149  )
( -86  -163  35  )
( -226  76  29  )
( 156  34  127  )
( -71  -78  -23  )
( 148  -45  41  )
( 55  106  234  )
( -122  -121  -134  )
( 193  -120  -77  )
( 0  -183  20  )
( 166  -227  68  )
( 149  240  -7  )
( -100  229  149  )
( 104  186  -219  )
( -188  -226  -153  )
( 168  50  -198  )
( -197  -50  249  )
( 241  -33  63  )
( -17  172  136  )
( 70  151  -154  )
( -89  -229  203  )
( -15  -23  -80  )
( -115  -34  91  )
( 245  233  -30  )
( -45  -99  -4  )
( -99  -53  94  )
( -114  -175  9  )
( -230  160  208  )
( -37  -65  -46  )
( 185  137  -204  )
( 102  -121  164  )
( 182  216  -46  )
( 47  -83  -185  )
( -241  -122  -183  )
( -71  -161  183  )
( 71  -83  -77  )
( -73  76  -91  )
( -173  -2  27  )
( -0  -241  -212  )
( -138  42  -47  )
( -171  115  47  )
( -174  -6  -153  )
( 177  -183  -62  )
( 84  -15  167  )
( -100  73  228  )
( -49  3  -138  )
( 217  -160  238  )
( 39  35  108  )
( -73  190  198  )
( -185  26  -137  )
( -48  106  154  )
( 75  -122  -132  )
( -33  -34  -207  )
( -218  84  47  )
( -193  -109  -69  )
( 73  -13  -162  )
( -78  172  29  )
( -220  177  -116  )
( -100  228  -8  )
( 233  -0  -124  )
( -71  -186  -150  )
( 59  -33  -64  )
( -176  -84  -127  )
( 227  156  178  )
( -117  -153  -223  )
( 98  -106  -77  )
( 71  146  126  )
( -206  -227  80  )
( -43  -29  -103  )
( -198  -155  -161  )
( -242  187  238  )
( -55  205  50  )
( -143  150  230  )
( -15  82  198  )
( 87  -110  -15  )
( -140  188  -97  )
( -247  -131  86  )
( -216  -45  -100  )
( -167  -240  125  )
( -142  -111  -134  )
( -147  11  -237  )
( -230  163  -113  )
( 4  -234  76  )
( 74  -241  -193  )
( 247  22  -233  )
( -219  -0  88  )
( -221  -157  -188  )
( 225  -37  77  )
( -103  128  136  )
( 90  -146  -53  )
( -68  -163  81  )
( -145  242  -138  )
( -83  30  -96  )
( -102  137  92  )
( 187  14  101  )
( 36  82  -239  )
( 115  -54  10  )
( 33  150  -89  )
( -228  94  10  )
( -188  73  120  )
( 28  56  -127  )
( 32  208  67  )
( 166  -203  96  )
( -212  -131  188  )
( -113  -73  -53  )
( 221  -110  -157  )
( -10  119  193  )
( -103  -195  -165  )
( -184  -233  -88  )
( 188  -64  -39  )
( -118  -8  207  )
( 3  137  -69  )
( 127  -42  1  )
( -120  -22  -64  )
( 77  -143  -14  )
( -221  -197  -0  )
( -13  -164  -57  )
( 129  -64  69  )
( -168  -206  -5  )
( -227  93  -58  )
( 77  206  -166  )
( 107  26  -76  )
( 245  61  -4  )
( -37  73  139  )
( -146  113  -223  )
( -192  -115  -172  )
( -64  126  184  )
( -171  210  -30  )
( 131  -3  -114  )
( -195  -85  -44  )
( -82  190  -23  )
( -44  135  191  )
( 246  211  123  )
( 102  245  -70  )
( -26  163  118  )
( 32  145  225  )
( 213  136  -22  )
( 20  -209  -56  )
( 243  161  -96  )
( -211  1  48  )
( -239  190  -180  )
( 234  29  185  )
( -44  -162  34  )
( -127  74  -234  )
( -126  -161  128  )
( -110  -48  146  )
( 147  64  -60  )
( 239  85  33  )
( 122  -200  127  )
( 213  -113  -24  )
( 68  -133  206  )
( 27  -109  -140  )
( 206  238  2  )
( 95  9  82  )
( 108  -119  173  )
( -17  -224  -34  )
( -247  -77  -13  )
( -186  -64  -195  )
( 64  188  -154  )
( -153  32  -115  )
( 33  -103  137  )
( 197  33  -35  )
( -209  -85  -74  )
( -33  -87  -152  )
( -196  -195  10  )
( -237  -39  135  )
( -142  10  -39  )
( 86  111  -61  )
( 66  -204  237  )
( 122  -144  -166  )
( -167  -62  44  )
