( -205  25  188  )
( -189  -90  247  )
( 117  103  -224  )
( -112  -69  11  )
( -183  -184  157  )
( -214  37  31  )
( 160  176  -54  )
( 39  -133  -130  )
( 177  126  -107  )
( -124  222  -48  )
( -106  -83  224  )
( -98  -47  -129  )
( -208  114  6  )
( -16  100  -4  )
( -199  -161  167  )
( -40  112  176  )
( 176  164  -142  )
( -238  105  -55  )
( 11  -42  204  )
( -22  -152  -209  )
( -191  56  12  )
( -55  6  96  )
( -111  17  243  )
( 50  -7  -193  )
( -180  -157  -67  )
( -149  -247  199  )
( 235  18  -59  )
( -124  55  -126  )
( 235  184  179  )
( 31  -29  -230  )
( 127  155  -11  )
( 19  -190  192  )
( -55  -101  179  )
( -67  -152  198  )
( 5  174  82  )
( 198  -174  -157  )
( -137  198  174  )
( -99  38  -224  )
( -58  185  -24  )
( -86  96  -88  )
( 178  144  107  )
( 205  -62  189  )
( 94  91  78  )
( 232  124  -29  )
( -181  229  248  )
( 228  118  15  )
( -21  -11  187  )
( 219  113  -111  )
( -119  167  176  )
( 112  -62  -239  )
( -85  84  61  )
( -66  246  112  )
( 190  -173  -225  )
( 69  246  100  )
( -27  47  141  )
( 90  -91  -5  )
( -143  175  119  )
( -16  -162  -114  )
( -116  9  23  )
( 58  -203  -156  )
( -202  126  140  )
( 245  -188  142  )
( -46  107  149  )
( -113  -68  -107  )
( 107  248  170  )
( 247  -157  163  )
( -30  -221  138  )
( 236  110  28  )
( 122  -76  15  )
( -124  111  235  )
( 158  236  -131  )
( 187  192  166  )
( 209  -138  140  )
( 170  140  -87  )
( 128  -153  200  )
( -103  -239  -198  )
( 161  185  217  )
( -44  22  -36  )
( -10  -241  211  )
( 32  -65  119  )
( 111  -154  -116  )
( -45  -249  161  )
( -105  82  161  )
( -211  -100  40  )
( 98  167  -41  )
( 246  153  139  )
( -206  -148  -34  )
( -101  159  52  )
( 8  24  6  )
( -18  -86  -47  )
( -206  -154  -164  )
( 32  -93  82  )
( -149  226  -107  )
( -159  -163  229  )
( 39  50  -228  )
( -74  -49  131  )
( 173  35  -123  )
( 211  -154  24  )
( 120  8  -234  )
( -212  122  79  )
( 64  30  53  )
( 73  -226  221  )
( -20  -174  -45  )
( 80  -226  -184  )
( -32  -170  -243  )
( 94  -42  -14  )
( -109  -1  -182  )
( -235  -216  132  )
( -133  113  26  )
( 162  -21  245  )
( -12  -18  -97  )
( 123  -209  4  )
( -36  -116  233  )
( 6  1  -112  )
( -73  -11  87  )
( 192  10  -149  )
( 33  -107  -83  )
( -245  -183  -159  )
( -101  49  89  )
( 12  237  183  )
( -91  -25  -242  )
( -243  -170  122  )
( 6  159  -245  )
( 41  112  158  )
( 129  184  -31  )
( -28  148  190  )
( -19  247  103  )
( 147  -119  -87  )
( -152  -27  21  )
( 137  63  -222  )
( 202  90  -20  )
( 177  213  191  )
( -133  -114  189  )
( -133  -40  -231  )
( -3  -221  -64  )
( 8  -5  154  )
( -73  -148  -162  )
( 93  -183  44  )
( 70  -96  246  )
( 33  173  -161  )
( 122  -197  -31  )
( -158  -167  -99  )
( -200  62  -137  )
( -99  -160  -44  )
( 106  168  -182  )
( -200  52  224  )
( -246  31  -239  )
( 139  109  155  )
( 72  71  -193  )
( 183  181  -23  )
( 135  -84  25  )
( 137  4  182  )
( -96  -148  176  )
( -82  156  105  )
( 112  221  -52  )
( 7  223  247  )
( 210  107  -194  )
( 202  27  -97  )
( -180  173  -214  )
( 241  -230  165  )
( 20  -133  0  )
( 81  -7  -238  )
( 174  -247  -218  )
( -181  29  -95  )
( 223  128  -1  )
( -228  -94  -221  )
( -229  -232  39  )
( -51  50  -145  )
( 20  34  124  )
( 212  -141  -179  )
( 196  -129  54  )
( 57  -93  -214  )
( 85  -232  -224  )
( -234  142  47  )
( 86  119  -26  )
( 134  17  -81  )
( 229  238  -202  )
( -59  -90  -228  )
( 205  79  -214  )
( 118  84  -68  )
( -50  226  125  )
( -187  -188  -27  )
( -107  30  -44  )
( -126  -16  -175  )
( -12  -170  193  )
( 27  59  31  )
( 131  101  -196  )
( 202  121  -207  )
( 7  17  28  )
( -45  150  -127  )
( -141  -140  214  )
( -9  61  169  )
( -73  -182  99  )
( 137  221  -40  )
( 194  148  229  )
( -235  5  72  )
( -181  -106  -38  )
( -181  -117  48  )
( -202  132  -27  )
( -185  118  140  )
( -192  -179  174  )
( -196  -94  89  )
( 248  -212  9  )
( -157  183  -167  )
( 104  47  15  )
( 50  13  -1  )
( -196  11  -133  )
( 243  106  -118  )
( 74  -232  -185  )
( -81  55  -171  )
( 65  -227  -28  )
( -212  -88  2  )
( -29  -94  -18  )
( -28  -220  -112  )
( -140  -38  237  )
( 108  233  -61  )
( 163  -234  231  )
( 137  -213  68  )
( -72  224  -122  )
( 246  53  236  )
( 240  112  226  )
( 161  10  100  )
( 232  170  172  )
( -158  101  82  )
( 69  61  50  )
( 204  143  19  )
( 217  60  -55  )
( 225  123  -6  )
( 69  245  201  )
( 121  -188  141  )
( -239  168  93  )
( 138  41  66  )
( -90  83  -209  )
( 183  -74  54  )
( 242  130  -87  )
( -200  -6  85  )
( -162  -171  -76  )
( 116  26  167  )
( -248  46  210  )
( -118  20  58  )
( -70  -187  -95  )
( 237  243  -206  )
( -68  -123  -75  )
( -67  -164  -105  )
( 185  -71  -216  )
( -186  -145  -80  )
( 163  -146  125  )
( -127  -167  81  )
( 227  -220  83  )
( 155  47  65  )
( 38  180  229  )
( 21  -235  94  )
( 182  -184  -11  )
( 181  53  196  )
( 125  138  -114  )
( -2  -133  -66  )
( 4  -202  66  )
( 29  -183  141  )
( -223  151  23  )
( 209  -173  -9  )
( 112  -156  -120  )
( -39  -137  -226  )
( -125  34  -249  )
( -88  -220  181  )
( -190  -189  91  )
( 40  35  -66  )
( -73  89  -207  )
( -146  182  74  )
( 78  -220  -149  )
( -137  -148  117  )
( -164  183  74  )
( 214  126  -64  )
( 190  206  -123  )
( -246  52  67  )
( -191  243  42  )
( 49  -179  74  )
( -142  -237  -122  )
( 141  -83  116  )
( 97  168  -114  )
( 26  180  -184  )
( 53  -33  -113  )
( -4  48  -203  )
( 143  7  -37  )
( 4  126  13  )
( -39  95  225  )
( -162  -234  143  )
( -243  55  -43  )
( 75  -23  82  )
( 54  139  -130  )
( -161  10  145  )
( -62  -59  166  )
( 180  151  133  )
( -6  -83  -118  )
( 96  -87  240  )
( 147  -167  -169  )
( -203  216  -235  )
( 210  182  -52  )
( 74  246  127  )
( 130  -75  -156  )
( -238  -140  -108  )
( 140  -81  -40  )
( -18  -186  -166  )
( -99  -27  -169  )
( 12  160  -248  )
( 102  76  1  )
( 208  -136  43  )
( 63  -202  151  )
( 23  27  242  )
( -91  231  176  )
( -136  109  236  )
( -82  -54  -135  )
( 152  239  -221  )
( -118  53  140  )
( 138  100  113  )
( -103  236  101  )
( -132  108  191  )
( 206  -101  -105  )
( 89  145  11  )
( -245  -172  -31  )
( -180  46  -69  )
( -126  107  -52  )
( -115  153  189  )
( -206  33  183  )
( -174  80  -92  )
( -204  -164  -230  )
( -196  -56  65  )
( -178  233  93  )
( 195  -129  -126  )
( 165  -143  185  )
( -99  246  211  )
( -99  242  240  )
( 54  -69  237  )
( 188  83  57  )
( 65  -181  -78  )
( -159  -137  -196  )
( 172  -18  245  )
( -4  63  149  )
( 70  1  223  )
( -59  204  50  )
( 1  -90  -59  )
( 196  -5  -157  )
( -58  -209  -176  )
( 197  -158  84  )
( 158  -231  -74  )
( 115  -122  -220  )
( -37  -11  -190  )
( 164  151  175  )
( 120  136  35  )
( -75  -173  81  )
( 60  186  -199  )
( -238  104  67  )
( -134  -247  164  )
( 139  42  143  )
( -243  146  -200  )
( -175  -102  -203  )
( -185  129  -119  )
( -51  115  20  )
( -97  197  -138  )
( -52  176  232  )
( 231  -81  -179  )
( 189  95  122  )
( 100  -159  74  )
( -35  -201  -5  )
( 195  234  168  )
( -140  10  179  )
( 62  182  -65  )
( -220  -227  -245  )
( 135  14  -145  )
( -22  -187  -245  )
( -106  204  42  )
( -115  -229  -162  )
( 134  56  -226  )
( -22  153  142  )
( -118  88  248  )
( -47  -226  240  )
( 139  -109  49  )
( -236  -132  123  )
( -105  -115  236  )
( -2  41  146  )
( -87  30  182  )
( 59  -220  -247  )
( -226  -79  -175  )
( 246  82  183  )
( 15  -189  130  )
( -76  11  -46  )
( -145  -241  229  )
( 168  82  157  )
( -61  197  -77  )
( -125  -13  -19  )
( 58  -116  19  )
( 150  -139  219  )
( -69  -121  131  )
( 66  99  9  )
( -22  214  -167  )
( -171  -45  -140  )
( 159  145  -83  )
( 236  248  -206  )
( 87  -72  60  )
( -101  -191  -234  )
( -235  -204  -169  )
( -61  141  84  )
( -181  23  67  )
( -137  -61  97  )
( 116  149  -135  )
( 88  -60  164  )
( 96  -161  102  )
( 108  235  -230  )
( -172  128  -94  )
( 42  232  185  )
( -240  177  -11  )
( -218  -226  -62  )
( -3  -46  135  )
( 137  162  96  )
( -71  209  -11  )
( -92  68  -192  )
( 90  19  230  )
( -216  -196  -122  )
( 29  -248  180  )
( 80  29  -182  )
( 176  101  -53  )
( -2  -244  -216  )
( -228  -112  73  )
( 74  -30  -112  )
( -3  1  -220  )
( -205  157  87  )
( 111  -159  -172  )
( 210  77  -127  )
( -17  229  -228  )
( -98  221  149  )
( 76  180  -38  )
( 234  -102  -214  )
( -219  -28  13  )
( 90  215  -163  )
( 35  142  -227  )
( 129  -12  -229  )
( 201  5  34  )
( -194  211  -134  )
( -195  -230  -31  )
( -49  89  -65  )
( -120  183  228  )
( -124  -232  213  )
( -182  -75  -132  )
( -9  194  -161  )
( -42  197  -83  )
( 34  -81  68  )
( 9  101  213  )
( -222  36  61  )
( 27  -197  -19  )
( -195  124  -244  )
( -199  -247  -39  )
( 18  181  -212  )
( 195  -162  -18  )
( 156  -111  -189  )
( 28  -157  -152  )
( 164  51  9  )
( 76  159  229  )
( 232  -137  -188  )
( -245  -167  -203  )
( 56  233  164  )
( -8  79  28  )
( -239  70  -199  )
( 1  -66  117  )
( 89  -198  177  )
( 46  -95  -160  )
( 97  -137  42  )
( -118  -82  -101  )
( -172  46  -225  )
( 15  235  -236  )
( 204  -206  216  )
( -197  6  -175  )
( -28  -4  -85  )
( 195  27  86  )
( 216  231  -158  )
( -228  162  -61  )
( 43  155  139  )
( 2  128  -188  )
( -68  106  37  )
( 34  156  227  )
( 1  211  184  )
( -63  126  161  )
( -221  -72  -81  )
( -53  -193  -49  )
( 182  -51  -55  )
( -0  -113  -176  )
( 190  146  13  )
( 4  209  150  )
( -62  -57  104  )
( 146  81  -27  )
( -115  -181  163  )
( -195  -21  -155  )
( -78  219  6  )
( 242  -44  220  )
( -92  185  224  )
( 116  -3  150  )
( 224  -60  -210  )
( -85  -98  66  )
( 37  102  -196  )
( 169  123  -209  )
( -174  -184  194  )
( 213  -107  246  )
( 75  148  161  )
( 207  -25  -139  )
( 34  -118  -176  )
( -11  -120  -23  )
( 37  -96  -117  )
( -62  -39  -124  )
( 65  9  129  )
( 135  -72  -124  )
( 171  -39  140  )
( -8  207  49  )
( 170  238  182  )
( -220  55  -191  )
( 92  104  125  )
( 23  -106  -219  )
( -214  80  11  )
( -11  34  -17  )
( 246  -210  -240  )
( 221  69  -231  )
( 161  14  -51  )
( -58  16  -93  )
( 142  -177  -239  )
( -103  -78  -89  )
( 243  100  -103  )
( -197  32  -196  )
( 168  -70  163  )
( -117  -31  -190  )
( 128  -177  7  )
( 73  108  47  )
( 153  143  160  )
( 190  242  -64  )
( -133  76  153  )
( 123  -58  5  )
( 233  -101  148  )
( -105  -125  -176  )
( 143  7  236  )
( 190  53  -70  )
( -178  -243  -40  )
( 108  109  -107  )
( -86  0  117  )
( 40  -162  -4  )
( 5  135  235  )
( -151  -79  -41  )
( -205  -159  8  )
( 115  41  -16  )
( 169  224  -74  )
( 228  96  -142  )
( 235  61  -218  )
( 241  98  48  )
( 111  -42  -126  )
( 143  244  -174  )
( -21  92  -198  )
( -176  -204  29  )
( -225  157  101  )
( -128  -152  217  )
( 104  138  165  )
( 110  -89  -54  )
( 79  -41  -207  )
( -74  34  -53  )
( 9  -126  229  )
( -161  -9  99  )
( -237  -124  -108  )
( 211  -244  -52  )
( -133  89  -17  )
( 19  222  -1  )
( -115  91  125  )
( 174  138  167  )
( 139  -195  -106  )
( 249  215  172  )
( 131  -153  -210  )
( 60  -116  -197  )
( 105  176  -178  )
( 21  -57  -199  )
( 222  54  -80  )
( 220  -134  -225  )
( -242  -7  178  )
( 121  224  -139  )
( 66  -201  175  )
( 244  67  -123  )
( -115  209  74  )
( 244  -101  -41  )
( 173  222  42  )
( -158  -126  -24  )
( -40  69  -167  )
( 219  -144  14  )
( -191  -4  -205  )
( -3  -27  15  )
( -106  -101  208  )
( 108  -177  65  )
( 53  -205  -145  )
( 148  143  124  )
( 119  46  66  )
( -77  -147  179  )
( -72  115  166  )
( -82  18  -166  )
( -201  244  -19  )
( 88  -100  -214  )
( -190  -52  118  )
( -191  194  -54  )
( 202  1  61  )
( -119  -148  81  )
( -110  -237  -81  )
( 157  -211  -117  )
( 35  -166  -63  )
( -41  -191  -193  )
( -17  171  -38  )
( 220  174  112  )
( -41  130  -110  )
( -55  185  18  )
( -168  124  -189  )
( -195  -131  24  )
( 105  225  -203  )
( -171  -78  -126  )
( 159  195  205  )
( -162  -128  80  )
( -23  -187  -49  )
( 210  4  -173  )
( 90  190  39  )
( 96  -12  122  )
( 9  75  108  )
( 156  -221  3  )
( -5  -105  76  )
( 86  -83  -124  )
( -98  50  -71  )
( -116  -34  -2  )
( 237  -184  -74  )
( 83  185  -77  )
( 212  -17  78  )
( 153  -107  169  )
( 96  -154  148  )
( -113  175  -48  )
( -104  121  30  )
( 232  204  72  )
( -165  -114  -206  )
( 106  35  -11  )
( -46  173  -2  )
( 84  41  76  )
( 222  96  -58  )
( 160  -19  -56  )
( -129  244  -149  )
( -64  135  125  )
( 69  -72  -70  )
( 184  200  96  )
( 195  96  -29  )
( 148  -189  16  )
( 79  -7  0  )
( 236  137  7  )
( -222  28  -39  )
( 208  219  -79  )
( -128  151  232  )
( -64  -244  118  )
( -112  5  -170  )
( -156  18  136  )
( -5  -108  -7  )
( 185  133  -162  )
( 190  -203  95  )
( 53  91  194  )
( -177  -111  117  )
( -23  -132  -55  )
( -33  122  -175  )
( 125  94  122  )
( 243  44  155  )
( 229  -68  -26  )
( 103  121  211  )
( -127  -226  -73  )
( -9  -43  -127  )
( 56  37  143  )
( 145  -108  151  )
( -172  29  -80  )
( -33  4  -157  )
( -37  74  -215  )
( 153  111  -113  )
( 3  -215  230  )
( 220  -180  144  )
( -81  -149  -59  )
( 165  4  -174  )
( -58  -147  97  )
( -105  79  151  )
( 176  -122  13  )
( 77  -74  -58  )
( 63  149  4  )
( -143  207  -97  )
( 123  -101  -31  )
( 226  154  -118  )
( -248  102  138  )
( 44  -108  -187  )
( 83  154  106  )
( -11  84  -229  )
( 35  -217  -102  )
( -248  135  9  )
( -185  137  -159  )
( 148  92  83  )
( -171  -66  71  )
( 234  91  -83  )
( 18  168  241  )
( 123  11  -138  )
( -246  -105  24  )
( 123  82  -184  )
( -77  -13  143  )
( -18  216  -181  )
( 83  -123  93  )
( 249  14  -157  )
( 84  -73  -61  )
( 214  223  -91  )
( -223  -181  -118  )
( 240  244  -81  )
( 219  -233  168  )
( -112  -3  -100  )
( 64  -229  -32  )
( 116  -164  168  )
( -215  -219  -239  )
( 101  -237  -228  )
( -128  -29  94  )
( -45  9  -234  )
( -47  241  -45  )
( 11  -190  -227  )
( -138  94  41  )
( -141  212  53  )
( 142  20  -197  )
( 7  150  -9  )
( -72  53  -205  )
( -6  -3  13  )
( -162  -32  -157  )
( -220  101  121  )
( 46  127  -218  )
( 99  41  -160  )
( -11  -234  -237  )
( -180  -94  59  )
( -56  186  120  )
( 154  -40  -185  )
( 134  196  225  )
( -58  36  180  )
( 138  -112  -24  )
( -157  -169  -140  )
( 6  -106  -93  )
( -151  82  -140  )
( -58  208  95  )
( 153  -210  -110  )
( 44  101  -230  )
( -168  -114  -80  )
( -248  -200  64  )
( -26  45  2  )
( -124  93  -218  )
( 100  -55  -123  )
( -220  146  134  )
( -160  -244  -219  )
( -75  127  -136  )
( 229  15  105  )
( 168  -201  -47  )
( 221  -222  125  )
( 216  -83  200  )
( 55  -137  -183  )
( -69  7  224  )
( 140  133  17  )
( -64  229  -0  )
( -111  207  36  )
( -46  39  -18  )
( 173  -119  -102  )
( 195  97  -103  )
( 151  -104  -57  )
( 89  12  180  )
( -68  -89  -114  )
( 245  182  -187  )
( 103  228  64  )
( 51  152  -0  )
( -200  -131  216  )
( 117  -55  -182  )
( -88  193  -8  )
( -43  233  38  )
( 32  -16  -221  )
( -100  -224  -89  )
( -55  -207  -51  )
( 206  -237  54  )
( -97  -146  231  )
( 169  7  -67  )
( -104  70  -69  )
( -52  191  205  )
( 112  131  -219  )
( 244  -152  -108  )
( 159  221  -210  )
( 141  37  -197  )
( -2  -156  97  )
( 4  -163  -45  )
( 144  119  -93  )
( 72  -38  -84  )
( -239  141  30  )
( -178  -3  64  )
( -211  -56  99  )
( -32  17  -11  )
( 63  -232  -187  )
( 24  -198  -156  )
( -103  -83  -81  )
( 69  248  65  )
( -112  -189  22  )
( -0  194  -167  )
( -188  15  141  )
( 241  -168  83  )
( -239  62  -143  )
( 12  -175  205  )
( 80  201  -128  )
( -220  242  -156  )
( 169  83  123  )
( -19  -53  -249  )
( 8  43  -160  )
( 228  -36  -111  )
( -154  142  -121  )
( -70  34  10  )
( -94  185  -21  )
( -0  241  40  )
( -152  105  62  )
( -223  -106  -239  )
( 13  -7  156  )
( 140  -141  -97  )
( 117  -25  -29  )
( 69  65  -219  )
( -222  -164  234  )
( -46  -220  49  )
( 230  -175  -124  )
( 169  -122  -3  )
( 89  -62  -67  )
( -153  151  108  )
( 65  -249  109  )
( -142  109  -169  )
( 219  143  181  )
( -119  208  -123  )
( 225  -84  181  )
( 141  202  -95  )
( 70  -174  -95  )
( 213  -177  208  )
( -157  95  215  )
( 78  -139  103  )
( 237  15  -85  )
( 130  171  -110  )
( 129  -220  147  )
( 44  127  245  )
( -30  -26  -64  )
( 208  21  210  )
( 198  -139  248  )
( 183  228  157  )
( -30  -218  -53  )
( 112  -94  227  )
( -91  -127  -1  )
( -93  -88  36  )
( 142  235  237  )
( -32  -25  -202  )
( -147  209  186  )
( -73  144  -242  )
( -99  184  23  )
( 61  -60  96  )
( -89  -223  -48  )
( -169  -36  -19  )
( -39  226  -218  )
( -175  49  68  )
( 28  245  224  )
( 242  -6  246  )
( 217  66  -181  )
( -84  -173  20  )
( -1  216  -85  )
( 110  -220  -164  )
( -244  -170  85  )
( -194  -1  -72  )
( -198  -175  63  )
( 230  -101  95  )
( 36  70  -33  )
( 96  -204  19  )
( 46  153  -65  )
( -236  -77  9  )
( -176  20  -99  )
( 181  -49  -101  )
( -132  -109  -206  )
( 223  -48  109  )
( 224  -126  131  )
( -82  -115  -175  )
( -128  -112  -204  )
( -18  -161  -116  )
( -169  -134  -151  )
( -72  -7  124  )
( 174  12  -219  )
( 181  226  -177  )
( 241  144  -7  )
( 65  23  -54  )
( -124  9  -62  )
( 94  -200  199  )
( 221  230  231  )
( 68  -100  163  )
( -152  58  -4  )
( -68  -139  -105  )
( 193  188  -79  )
( 70  -194  -196  )
( -4  -11  74  )
( 247  -22  -1  )
( 26  -235  19  )
( -64  -157  119  )
( 95  -121  74  )
( 82  28  3  )
( 27  219  113  )
( -49  -149  -84  )
( -203  208  -54  )
( -99  -180  144  )
( 226  105  112  )
( -153  -123  84  )
( 0  -159  90  )
( 30  -9  243  )
( 17  -68  -61  )
( -157  -131  86  )
( -16  84  -241  )
( 90  -202  220  )
( -218  16  -95  )
( 226  13  -116  )
( -225  211  -15  )
( -108  209  -30  )
( -144  245  -100  )
( 74  88  -245  )
( -94  224  121  )
( 144  -218  109  )
( 33  201  62  )
( -169  -65  124  )
( -173  -147  226  )
( 6  148  -109  )
( -59  131  -161  )
( -229  -82  -242  )
( 147  22  223  )
( -193  11  140  )
( -78  227  -3  )
( -40  84  -157  )
( -160  -235  229  )
( -101  222  230  )
( 93  -122  -124  )
( 136  165  28  )
( 157  -103  233  )
( -6  207  -165  )
( -229  37  -240  )
( -130  -112  -183  )
( -50  -117  -31  )
( -133  -37  -62  )
( 83  -41  21  )
( 200  21  -38  )
( 222  -45  -249  )
( -15  -220  -73  )
( -44  -140  -11  )
( -19  -176  -43  )
( 99  -228  -195  )
( 199  -31  -87  )
( -197  67  -118  )
( 23  165  -222  )
( -231  -128  224  )
( 117  48  -158  )
( -40  90  -177  )
( 33  127  -89  )
( 78  -225  32  )
( 123  161  180  )
( 90  -233  248  )
( 1  -137  80  )
( 83  -38  159  )
( 91  -133  -103  )
( -203  -185  -34  )
( 151  16  -85  )
( 210  231  -142  )
( 91  -140  -26  )
( 247  78  129  )
( -176  -211  -239  )
( -213  -131  199  )
( 168  -233  184  )
( -41  -21  76  )
( 122  20  -245  )
( 229  -243  16  )
( -21  244  220  )
( -17  179  182  )
( 166  -102  -43  )
( -147  208  157  )
( -121  81  -173  )
( 31  240  213  )
( 155  156  -94  )
( -109  -197  -221  )
( -31  -235  152  )
( 142  12  -131  )
( 5  -168  157  )
( -197  218  -188  )
( -154  -47  209  )
( -99  -231  -146  )
( -134  -65  29  )
( 156  -191  -213  )
( -17  200  74  )
( 46  242  -228  )
( 48  -191  173  )
( 231  -239  -139  )
( 54  100  -16  )
( 145  232  -43  )
( -176  5  -15  )
( 124  -72  -163  )
( -146  -119  -148  )
( -191  132  199  )
( 231  -147  22  )
( 215  -12  69  )
( -235  76  -146  )
( 192  -195  132  )
( 119  137  -4  )
( -216  -5  -211  )
( -121  -76  -149  )
( -186  -18  -99  )
( -115  -140  87  )
( 38  101  9  )
( 130  -123  -158  )
( -236  -197  -82  )
( 219  77  -141  )
( -219  -103  44  )
( 40  -46  -197  )
( -35  111  -161  )
( -150  -93  -145  )
( 185  -57  35  )
( 221  -130  25  )
( -34  -29  -37  )
( 141  148  -107  )
( -87  100  226  )
( -181  -162  20  )
( 42  84  155  )
( 56  178  27  )
( 97  186  -141  )
( -231  -73  34  )
( -12  -53  -38  )
( -29  -221  -68  )
( 96  -154  -222  )
( -149  -190  195  )
( 187  219  -27  )
( 147  -168  -239  )
( 167  -128  -19  )
( 145  -66  -91  )
( 111  112  -137  )
( -57  -65  -214  )
( 33  99  26  )
( -24  146  14  )
( 70  146  -104  )
( 147  244  -90  )
( 242  -237  -9  )
( 146  -9  72  )
( -48  -106  -185  )
( 236  64  -242  )
( 122  -73  -40  )
( -199  214  -150  )
( 113  -178  46  )
( -194  67  236  )
( 150  -243  24  )
( -26  232  204  )
( 94  -57  -6  )
( -142  -214  -228  )
( 89  -87  168  )
( 177  -121  -247  )
( -200  -54  194  )
( -188  107  -153  )
( -12  -156  211  )
( -3  -51  138  )
( 146  109  134  )
( -216  -112  -70  )
( 131  -104  96  )
( -0  -155  249  )
( 226  -37  -124  )
( -194  127  55  )
( 98  -4  14  )
( -13  -245  182  )
( -197  15  119  )
( 239  180  -55  )
( -145  147  82  )
( -200  183  176  )
( -75  102  68  )
( 79  162  -68  )
( 85  -50  150  )
( 74  -151  -174  )
( 15  103  82  )
