( -112  -76  182  )
( -118  84  10  )
( 164  20  -30  )
( -73  -29  -48  )
( 187  197  87  )
( -116  185  229  )
( 65  -31  214  )
( 198  -38  143  )
( 232  -173  176  )
( 72  -41  53  )
( 103  -171  -50  )
( 30  59  -71  )
( 86  -15  96  )
( -227  -47  200  )
( -71  208  87  )
( 179  -58  -178  )
( 191  -56  96  )
( 83  -143  50  )
( -60  132  -154  )
( 246  -122  74  )
( 107  41  -113  )
( -60  -5  212  )
( 5  184  -37  )
( -55  61  -13  )
( -134  1  168  )
( -102  -114  -120  )
( 51  -231  60  )
( 66  -90  117  )
( 95  -227  136  )
( -224  -188  125  )
( -186  -131  -82  )
( 79  201  161  )
( -153  -0  -223  )
( 200  64  -213  )
( -84  116  -190  )
( -6  127  126  )
( 157  -216  77  )
( -172  -203  48  )
( -235  165  18  )
( -64  132  -15  )
( -176  19  -146  )
( 138  -125  -91  )
( 214  102  -65  )
( 198  -191  13  )
( 132  178  98  )
( -52  -56  19  )
( -164  -218  64  )
( 43  205  -235  )
( 25  139  -189  )
( -205  105  -46  )
( 176  47  103  )
( 162  -27  -57  )
( 17  171  210  )
( -53  -135  69  )
( -95  124  161  )
( 6  112  -8  )
( 21  -43  -80  )
( -226  136  -19  )
( -84  -30  36  )
( -59  -70  -172  )
( 83  203  10  )
( 170  239  -20  )
( 148  176  -194  )
( 194  9  75  )
( -219  -141  -21  )
( -194  97  189  )
( 225  -111  86  )
( -72  189  -210  )
( 24  -234  130  )
( 107  -18  -146  )
( -242  -193  157  )
( 23  -46  -80  )
( 229  -167  -5  )
( -34  93  160  )
( -187  225  235  )
( 75  -59  -166  )
( -93  27  -105  )
( 16  78  246  )
( 127  26  -130  )
( 120  -2  247  )
( 137  -141  -190  )
( -232  -214  85  )
( 88  175  -80  )
( -148  166  197  )
( 182  -189  -85  )
( -215  -172  25  )
( -194  65  178  )
( -122  148  109  )
( -210  41  -216  )
( -205  102  -121  )
( 50  -128  -120  )
( -2  -93  -102  )
( -228  79  227  )
( 84  -1  149  )
( 181  -177  191  )
( -106  104  146  )
( -11  -68  -54  )
( -34  141  -178  )
( 53  158  -229  )
( -222  240  -227  )
( 244  170  228  )
( -0  161  -7  )
( 113  38  -80  )
( 168  232  -235  )
( 34  -236  -28  )
( 185  -190  240  )
( -237  24  64  )
( -89  -17  -226  )
( -107  88  166  )
( 42  32  38  )
( 44  -3  -170  )
( -56  -34  -171  )
( -127  -47  -188  )
( -138  72  21  )
( -183  -61  27  )
( 74  41  62  )
( 200  -137  -51  )
( 155  -45  -166  )
( -13  -92  162  )
( -109  -153  -113  )
( -20  -212  -94  )
( -5  248  -103  )
( 41  87  -160  )
( 116  164  34  )
( -87  -55  100  )
( 176  103  -98  )
( 38  188  -59  )
( 249  -155  214  )
( 52  -72  14  )
( 237  -225  -198  )
( -160  91  135  )
( -90  -206  244  )
( -230  237  188  )
( 25  71  231  )
( 198  -108  7  )
( 35  -5  -159  )
( 125  -193  66  )
( 159  72  -169  )
( 76  199  -245  )
( 153  -31  127  )
( -170  218  216  )
( -109  185  -242  )
( -236  -134  -37  )
( 247  -120  145  )
( -52  34  -42  )
( 209  4  -28  )
( -113  -49  70  )
( 179  -171  151  )
( 190  236  -177  )
( 14  54  68  )
( 243  -110  235  )
( -192  -35  -248  )
( -54  206  -246  )
( -236  218  -172  )
( 142  185  -191  )
( 207  -94  176  )
( 10  116  27  )
( 68  243  89  )
( 241  -140  171  )
( 49  115  -19  )
( 198  14  -50  )
( 77  215  -88  )
( -52  86  198  )
( -7  -229  -125  )
( 243  8  -143  )
( 153  -221  -78  )
( 171  166  67  )
( -108  -216  -193  )
( 224  247  141  )
( 123  155  -96  )
( 211  140  -73  )
( 184  125  -102  )
( 104  185  152  )
( -3  -61  -27  )
( 111  -99  155  )
( 176  174  243  )
( 56  88  105  )
( -203  -164  -65  )
( 157  108  -87  )
( -48  58  -70  )
( 246  -36  -199  )
( 90  87  199  )
( -246  28  72  )
( 75  147  154  )
( -229  -10  -177  )
( 61  -219  -124  )
( 45  -187  220  )
( 188  123  168  )
( 245  -104  1  )
( -233  108  -203  )
( 185  139  205  )
( 213  20  240  )
( 163  214  164  )
( 212  -156  75  )
( 160  -121  -218  )
( -106  234  68  )
( 115  -142  -110  )
( 63  -147  -136  )
( 74  178  -119  )
( 209  219  191  )
( 94  124  -122  )
( 29  -142  213  )
( -175  -81  -43  )
( 155  -64  124  )
( 122  -206  -34  )
( -244  -174  -65  )
( -30  231  59  )
( -123  153  6  )
( 41  -224  50  )
( 143  69  -234  )
( -244  -215  -13  )
( 80  91  82  )
( -117  -57  -246  )
( 156  -246  -95  )
( 19  -131  93  )
( 219  69  -177  )
( 121  -33  141  )
( 69  171  -144  )
( -12  -17  8  )
( -99  -11  -108  )
( -207  -133  -214  )
( -90  -131  96  )
( 139  -170  -239  )
( 230  139  206  )
( 39  14  -146  )
( 196  -116  -79  )
( -16  -230  -30  )
( 166  26  222  )
( -31  122  66  )
( 23  70  -82  )
( -188  78  166  )
( 16  -174  -101  )
( 126  -187  96  )
( -26  -246  14  )
( 217  -51  139  )
( -107  110  -183  )
( 239  223  119  )
( -149  -16  140  )
( 119  -51  113  )
( -120  -112  -229  )
( 41  101  215  )
( 155  -33  -44  )
( 5  197  161  )
( -68  105  -43  )
( 55  -1  215  )
( 235  -13  -68  )
( -188  -241  190  )
( 77  -137  59  )
( -219  22  -193  )
( -216  -236  -39  )
( -205  200  -210  )
( -41  -227  -1  )
( 23  25  -238  )
( 224  232  -86  )
( -41  199  -162  )
( -54  143  -22  )
( 74  174  -24  )
( 77  15  137  )
( -193  103  -87  )
( -60  93  -68  )
( 110  -213  122  )
( -44  -45  -203  )
( -34  203  -44  )
( 249  28  214  )
( -151  -214  109  )
( 222  -216  -13  )
( -176  -174  -74  )
( -25  52  245  )
( 111  88  130  )
( -152  -138  -188  )
( 46  -31  -181  )
( 11  -83  23  )
( 18  225  249  )
( 6  -11  236  )
( 62  204  -146  )
( -95  85  214  )
( 222  128  5  )
( 174  -196  149  )
( 130  138  -208  )
( -154  -5  -103  )
( -176  -132  72  )
( -35  -76  -92  )
( 64  180  -66  )
( 162  -88  230  )
( -36  62  -126  )
( 212  -153  -156  )
( -216  -82  132  )
( -169  -122  70  )
( 37  0  114  )
( -228  -97  135  )
( 39  4  -193  )
( -83  82  -230  )
( -53  -148  44  )
( 103  242  -54  )
( -48  81  154  )
( -209  195  176  )
( -115  35  245  )
( 84  -195  67  )
( -230  -100  213  )
( -169  172  166  )
( 157  -41  211  )
( -65  55  -50  )
( -1  -148  24  )
( 192  -109  145  )
( 80  223  -185  )
( 163  97  149  )
( -25  66  -110  )
( 118  -236  48  )
( -23  11  191  )
( 182  30  111  )
( 155  17  -51  )
( -153  -38  -43  )
( 20  -185  105  )
( -245  -230  -188  )
( -64  -93  -154  )
( -179  166  165  )
( 66  9  -60  )
( -199  81  -203  )
( -130  180  -194  )
( 76  -139  -66  )
( 20  -110  183  )
( -224  -10  98  )
( -237  -91  -239  )
( 185  121  72  )
( -166  -245  85  )
( -123  45  -102  )
( 31  228  -46  )
( -117  -1  -188  )
( 157  230  106  )
( -18  165  -32  )
( -156  -42  64  )
( -171  -126  -20  )
( 213  -207  -72  )
( -15  42  81  )
( 44  22  184  )
( -121  -15  -99  )
( 213  -12  230  )
( 155  209  -14  )
( -146  211  60  )
( -138  -145  80  )
( -231  160  67  )
( 32  139  42  )
( -57  45  195  )
( -50  70  217  )
( -127  12  -153  )
( -133  111  25  )
( -187  161  180  )
( 75  -130  74  )
( -54  -195  -202  )
( 170  247  96  )
( 11  201  -56  )
( 65  220  -206  )
( 204  -141  -138  )
( -27  -112  -64  )
( 26  129  228  )
( 115  41  -101  )
( -129  32  110  )
( 15  100  -125  )
( -115  114  -109  )
( -20  27  -105  )
( -52  182  26  )
( 249  -216  -186  )
( -219  151  -31  )
( 107  -89  190  )
( -95  14  -137  )
( 137  126  15  )
( -40  136  -120  )
( -229  -82  -132  )
( 107  208  -4  )
( 247  128  190  )
( -69  -212  -227  )
( 87  91  124  )
( 53  133  192  )
( -155  -64  186  )
( 128  60  111  )
( 229  78  -83  )
( -139  188  203  )
( 96  -80  219  )
( 10  -123  -34  )
( 75  28  -191  )
( -213  -76  153  )
( -179  -91  244  )
( 191  -78  125  )
( -164  58  217  )
( -241  -142  -34  )
( -228  -85  -76  )
( -165  -32  118  )
( -132  -165  -53  )
( -24  -132  -243  )
( -210  126  204  )
( -68  238  237  )
( 195  35  -18  )
( 228  109  -208  )
( 52  210  -97  )
( 195  119  229  )
( 18  -61  -189  )
( -13  26  230  )
( 32  -81  -177  )
( 117  122  62  )
( -104  -235  138  )
( 199  60  -71  )
( 177  -137  -35  )
( 129  -191  -8  )
( 35  -203  89  )
( -4  249  102  )
( 165  120  -57  )
( -234  184  -229  )
( -181  73  -166  )
( -174  -51  216  )
( 73  148  -242  )
( -86  -24  51  )
( -28  54  -53  )
( -64  -77  74  )
( -185  75  205  )
( 204  -57  80  )
( 217  -208  245  )
( 33  -79  31  )
( 152  17  -172  )
( 109  -0  -99  )
( -29  241  -78  )
( -171  45  -51  )
( 48  -233  205  )
( -232  -217  -105  )
( -223  -227  144  )
( 207  -18  120  )
( -212  -121  -175  )
( -189  7  230  )
( -222  118  -47  )
( 170  -151  -51  )
( -188  245  232  )
( 166  30  31  )
( 58  -154  -136  )
( 140  218  8  )
( -162  -5  -230  )
( 197  -213  -174  )
( -119  193  125  )
( 53  -227  95  )
( -172  -16  9  )
( 16  -176  -30  )
( -198  -10  -32  )
( -93  -156  59  )
( 163  87  -70  )
( 100  9  168  )
( -163  247  77  )
( -225  213  195  )
( 205  -185  222  )
( -75  174  -66  )
( 189  194  40  )
( -193  226  216  )
( 215  -92  -111  )
( -103  -160  -163  )
( 3  -237  218  )
( -81  -66  160  )
( 161  105  128  )
( -171  221  -85  )
( -178  -130  198  )
( 38  48  -213  )
( -10  -25  248  )
( 87  -133  52  )
( -112  172  208  )
( 105  28  -241  )
( 144  17  -241  )
( 118  143  -111  )
( -37  -103  146  )
( -128  20  162  )
( 115  -20  -42  )
( -58  107  -221  )
( -115  9  -234  )
( -62  26  -88  )
( -215  129  37  )
( -115  15  17  )
( 220  182  -195  )
( 117  7  -46  )
( 24  -221  -247  )
( 159  -82  -94  )
( -159  195  41  )
( 14  138  18  )
( -131  139  112  )
( -154  206  -88  )
( -93  -200  218  )
( -141  139  -145  )
( 161  29  159  )
( -37  227  -133  )
( 60  -132  -163  )
( -38  123  134  )
( 65  237  -182  )
( -106  -0  111  )
( 180  111  214  )
( 118  27  -130  )
( 26  14  -241  )
( -205  -190  -5  )
( -228  37  111  )
( 174  52  67  )
( -204  236  -172  )
( 154  -43  82  )
( -51  -181  233  )
( -179  248  56  )
( 49  -36  147  )
( -19  -67  81  )
( 1  132  7  )
( 22  -5  167  )
( -172  -21  -92  )
( -132  -165  -117  )
( -193  16  62  )
( -141  83  -166  )
( -18  -186  94  )
( -136  202  88  )
( -238  -79  100  )
( 99  -247  -194  )
( -142  33  -84  )
( 219  -41  -203  )
( -33  72  143  )
( -179  -207  -131  )
( -175  -76  30  )
( -87  -183  -101  )
( -168  -225  -71  )
( -144  -138  172  )
( -54  36  78  )
( 170  -228  203  )
( -216  114  41  )
( -182  37  93  )
( 197  233  -181  )
( 238  71  -82  )
( -9  161  235  )
( 130  96  -205  )
( 201  -225  50  )
( 34  236  -110  )
( 1  -139  9  )
( 160  225  25  )
( -137  41  -162  )
( 110  249  -45  )
( 159  191  -188  )
( -134  116  12  )
( 196  -92  -6  )
( -144  -38  -200  )
( -179  143  100  )
( -248  -176  115  )
( 147  -15  183  )
( -139  54  -222  )
( 199  21  -105  )
( -62  -144  -20  )
( 163  98  -7  )
( 108  -18  154  )
( -115  -185  -110  )
( -178  -187  -74  )
( 150  -232  -214  )
( -136  154  179  )
( -94  -219  -243  )
( -177  9  224  )
( 43  115  215  )
( -110  -99  -42  )
( 236  -169  90  )
( 221  4  145  )
( 139  42  74  )
( -14  -41  -81  )
( -13  32  246  )
( 44  -176  -9  )
( -52  -210  74  )
( -239  163  235  )
( -166  21  212  )
( -6  103  181  )
( 161  225  -139  )
( 214  239  130  )
( 124  133  -162  )
( 51  -152  10  )
( 241  -165  133  )
( -53  -209  159  )
( -135  53  81  )
( 65  23  -138  )
( -169  -24  98  )
( -195  230  160  )
( -67  110  -112  )
( 194  -148  155  )
( 8  -40  220  )
( 80  67  -139  )
( 175  -36  142  )
( 239  54  53  )
( -1  -192  -48  )
( -221  -1  188  )
( 184  -141  -205  )
( -222  -183  -11  )
( -76  -117  197  )
( -164  -120  -181  )
( -183  138  -89  )
( 112  206  -84  )
( 105  -143  109  )
( -201  242  46  )
( 145  -39  -58  )
( -118  117  77  )
( 6  -161  142  )
( 96  97  -156  )
( -92  -245  -123  )
( -10  139  -124  )
( 189  -210  110  )
( 91  -166  98  )
( -165  112  104  )
( 184  73  247  )
( -181  142  168  )
( -153  48  180  )
( 108  -242  31  )
( -238  -94  -8  )
( 237  -172  -49  )
( 162  -167  -130  )
( -192  -14  216  )
( 61  167  -106  )
( -121  -64  134  )
( -249  71  96  )
( -229  -244  242  )
( 203  -97  191  )
( 18  -247  -225  )
( -131  210  62  )
( -201  -134  -192  )
( -201  -87  -60  )
( -249  -152  -104  )
( -205  161  199  )
( -80  -100  3  )
( -5  -48  11  )
( -60  -83  -140  )
( -51  -233  181  )
( 216  130  -248  )
( -160  210  85  )
( -211  146  -137  )
( -163  8  217  )
( 81  91  -68  )
( -21  59  -143  )
( 15  -127  -213  )
( 239  -89  82  )
( 241  -189  8  )
( -36  209  232  )
( -119  -218  147  )
( 12  -175  61  )
( -103  162  -201  )
( 68  -7  -78  )
( 238  63  -242  )
( -33  84  -184  )
( -82  -64  -90  )
( 109  142  -213  )
( 28  -147  154  )
( 229  157  -230  )
( -36  81  -194  )
( -201  160  130  )
( -52  -94  -108  )
( 139  -184  -41  )
( 9  209  120  )
( -27  -30  152  )
( 72  -109  236  )
( -237  -197  -111  )
( -159  -45  235  )
( -164  -241  -5  )
( -27  82  -166  )
( -83  -199  205  )
( -148  -92  97  )
( -168  -49  78  )
( -107  79  -4  )
( -91  126  175  )
( -11  12  -119  )
( -221  -16  -55  )
( -132  36  188  )
( 16  62  -128  )
( -168  -196  -216  )
( 58  131  -34  )
( -184  -229  230  )
( 115  -96  226  )
( 68  101  -91  )
( 170  76  -135  )
( 239  -13  -10  )
( -247  59  10  )
( -218  213  -57  )
( 54  56  126  )
( 4  -64  211  )
( -176  -118  18  )
( 167  -109  1  )
( 186  -43  -174  )
( 240  78  245  )
( -89  197  37  )
( -2  207  54  )
( -30  187  -83  )
( -213  -101  -33  )
( 56  -142  -137  )
( 76  71  184  )
( 190  71  -210  )
( -196  -151  -118  )
( -97  192  196  )
( 62  -52  -173  )
( 169  -212  -227  )
( 63  -135  54  )
( -84  10  -147  )
( -180  31  249  )
( 160  -248  -0  )
( -194  -229  -29  )
( -242  -214  14  )
( 84  -23  -68  )
( -70  -204  -90  )
( 14  -132  131  )
( 169  66  -224  )
( 217  -242  -16  )
( -233  52  -162  )
( -42  -125  137  )
( -234  -93  141  )
( -196  128  -187  )
( 111  -169  231  )
( -31  -59  198  )
( -0  102  234  )
( 124  -68  117  )
( 16  49  225  )
( -154  24  -247  )
( -124  193  -85  )
( 89  -78  -111  )
( -6  19  -115  )
( -166  -93  99  )
( 137  -75  -200  )
( 190  -98  168  )
( 104  93  -209  )
( -64  -233  53  )
( -160  -206  41  )
( 132  201  -161  )
( 248  62  23  )
( -54  -11  -152  )
( 197  59  -43  )
( -218  80  -183  )
( 93  174  -248  )
( -238  -166  105  )
( -169  49  -118  )
( 121  -88  -169  )
( -142  -245  -161  )
( 105  -188  154  )
( 65  -123  111  )
( -20  160  -84  )
( 14  61  181  )
( -206  191  46  )
( 23  -103  -147  )
( 229  68  -102  )
( 23  -63  3  )
( -90  -119  96  )
( 244  -62  170  )
( 83  -234  94  )
( -162  190  -17  )
( 2  205  -247  )
( 85  -56  32  )
( -225  161  -206  )
( -179  -182  -154  )
( -209  -130  65  )
( -38  -201  71  )
( -64  83  73  )
( -188  -222  158  )
( -213  107  -93  )
( -196  -138  231  )
( -17  -196  65  )
( -163  196  -119  )
( 89  64  -210  )
( 124  33  210  )
( -32  -116  -48  )
( -22  230  -98  )
( 184  78  15  )
( 90  -247  -248  )
( -72  -27  244  )
( 24  151  -59  )
( -130  -103  144  )
( 189  229  111  )
( -162  187  -169  )
( 167  -83  171  )
( -218  176  19  )
( -243  -218  -0  )
( 55  -152  17  )
( -155  70  -24  )
( -85  142  -9  )
( -133  206  -28  )
( 50  138  124  )
( -71  -35  -232  )
( -56  -137  121  )
( -152  88  220  )
( 63  -120  55  )
( 66  -88  82  )
( -3  -238  142  )
( -77  130  -185  )
( -225  -114  -149  )
( -115  104  144  )
( 237  -72  -66  )
( -177  62  16  )
( -239  157  -106  )
( 191  120  -135  )
( -185  150  51  )
( -187  31  154  )
( -173  -67  170  )
( 44  -115  247  )
( -85  68  -29  )
( -115  179  157  )
( -243  -235  219  )
( 33  -42  24  )
( 73  84  237  )
( -112  36  -61  )
( -249  -38  191  )
( -85  -158  -0  )
( -187  -29  218  )
( -208  -184  129  )
( 182  -31  121  )
( -152  -150  -146  )
( -0  188  48  )
( -200  79  114  )
( 149  203  26  )
( -176  34  -24  )
( -35  -146  21  )
( -192  115  57  )
( 225  238  235  )
( 31  130  -124  )
( 111  -52  190  )
( 235  -86  52  )
( -73  -161  69  )
( -223  -40  -21  )
( -205  -244  25  )
( -160  -206  -201  )
( -63  -65  -202  )
( -54  -6  -7  )
( 190  141  51  )
( -188  -90  -207  )
( 20  53  -72  )
( 124  188  148  )
( -55  233  210  )
( -141  -76  9  )
( -112  115  133  )
( 19  132  -47  )
( 203  -65  -39  )
( 78  -87  170  )
( 63  -3  -85  )
( 111  -72  -189  )
( 167  217  222  )
( -132  210  -61  )
( 184  167  249  )
( 209  175  83  )
( -174  214  -144  )
( 33  -204  -115  )
( -73  -200  70  )
( 126  -160  -179  )
( 234  238  176  )
( 230  -28  -198  )
( -174  163  12  )
( 104  206  -106  )
( -132  -89  -51  )
( -145  249  -128  )
( 111  21  -174  )
( -7  -137  -14  )
( -197  -149  74  )
( -162  -183  -121  )
( -109  -171  -122  )
( 237  55  9  )
( -94  133  -158  )
( -186  -107  188  )
( -99  -22  -192  )
( -120  103  -30  )
( -142  -206  35  )
( -168  -56  228  )
( 19  170  -128  )
( -104  -85  -98  )
( 104  -35  105  )
( -73  -50  18  )
( -148  182  76  )
( 106  -167  116  )
( -233  -3  -206  )
( 177  20  228  )
( -79  162  236  )
( -56  86  41  )
( 182  -27  200  )
( -224  -50  97  )
( 152  28  87  )
( 198  58  48  )
( -95  39  -249  )
( -119  -45  78  )
( -68  120  34  )
( -79  97  -33  )
( -1  200  -225  )
( 224  229  154  )
( 197  -238  -235  )
( 115  -213  238  )
( 120  -44  154  )
( 62  -205  -22  )
( -238  248  121  )
( 34  -62  146  )
( 35  -236  24  )
( -104  -102  161  )
( 148  53  197  )
( 118  226  -154  )
( -84  99  -41  )
( 11  -70  164  )
( -18  -245  -6  )
( 167  -5  -168  )
( 126  91  -63  )
( 242  47  -112  )
( -159  225  70  )
( 26  12  -30  )
( 165  -61  162  )
( -6  -125  184  )
( 41  232  74  )
( -47  -182  16  )
( -130  181  105  )
( -85  175  -231  )
( 159  -140  66  )
( -157  -91  240  )
( 174  161  159  )
( 0  175  86  )
( 51  -46  -77  )
( 23  -121  -185  )
( 28  55  115  )
( 211  75  -60  )
( 45  84  -234  )
( 227  -182  79  )
( -143  226  86  )
( -93  -28  165  )
( -49  83  173  )
( -154  -17  81  )
( -172  233  -113  )
( -163  94  2  )
( 169  -150  185  )
( 14  -76  163  )
( -243  -213  68  )
( -86  116  166  )
( 55  118  -175  )
( -150  196  -178  )
( -177  44  244  )
( 199  -70  -85  )
( -155  -176  131  )
( -151  -161  -118  )
( -29  16  150  )
( 225  -127  -156  )
( 196  31  148  )
( -129  -131  143  )
( 136  -179  7  )
( -246  38  80  )
( -1  222  -167  )
( 217  130  -43  )
( 202  -84  -90  )
( -20  -203  2  )
( 47  -44  -219  )
( -174  4  -187  )
( -182  -235  43  )
( -115  -244  -90  )
( 149  221  -119  )
( -233  -248  197  )
( -93  21  -62  )
( 121  -161  -212  )
( -197  61  23  )
( 196  -147  45  )
( 56  -170  32  )
( -208  230  -76  )
( -100  -57  -63  )
( -231  85  -126  )
( -234  -165  -55  )
( 88  153  -15  )
( -244  74  -249  )
( 147  -18  -164  )
( 69  -81  -166  )
( 224  54  45  )
( -5  177  -57  )
( 245  -38  206  )
( -110  -92  -243  )
( -111  -35  -95  )
( 115  -121  84  )
( -131  42  -41  )
( -211  59  227  )
( 92  243  -100  )
( -180  -123  136  )
( -107  242  117  )
( -115  61  -32  )
( -8  121  -86  )
( 229  110  94  )
( -126  17  -76  )
( 214  237  -29  )
( -0  -6  243  )
( 231  212  -37  )
( -155  -177  -96  )
( 182  -54  158  )
( -114  168  -86  )
( 198  44  110  )
( -30  -35  -185  )
( 123  126  -141  )
( -94  249  -221  )
( -116  177  237  )
( 206  166  221  )
( 176  -205  21  )
( -36  178  -38  )
( 86  -52  42  )
( -33  -19  132  )
( 141  241  72  )
( 177  189  -126  )
( -159  90  114  )
( -90  190  197  )
( -204  -109  229  )
( 132  -163  -148  )
( -60  107  165  )
( 181  207  -211  )
( 0  -222  -42  )
( -68  -208  148  )
( 203  38  -61  )
( 49  -238  -200  )
( 164  162  -207  )
( -117  -114  -133  )
( 129  141  -112  )
( -95  181  58  )
( 70  87  -235  )
( -123  -76  159  )
( 1  -107  -42  )
( -112  -199  162  )
( 108  -112  -147  )
( 114  153  103  )
( -197  -231  104  )
( -155  207  12  )
( 189  238  1  )
( 36  -5  -76  )
( 135  36  2  )
( -57  -100  -164  )
( -204  150  -212  )
( -103  25  244  )
( -109  -234  85  )
( -53  139  -45  )
( 135  -215  -17  )
( -52  68  -77  )
( -36  -25  -34  )
( -106  225  52  )
( 229  -41  101  )
( 228  36  106  )
( 58  -48  68  )
( -81  72  -89  )
( 167  177  -181  )
( 101  99  -47  )
( -37  40  -23  )
( -184  11  -138  )
( 193  -86  -223  )
( -34  59  80  )
( 186  -166  -17  )
( -38  208  3  )
( -201  233  -86  )
( -168  178  89  )
( 68  -184  174  )
( -179  -13  -14  )
( -2  74  18  )
( 145  -86  80  )
( 88  126  137  )
( -247  -37  81  )
( -68  191  173  )
( 157  113  203  )
( 99  -187  205  )
( -177  30  198  )
( -61  -14  -20  )
( -227  161  -226  )
( -249  -99  197  )
( -78  49  -144  )
( 185  136  -159  )
( 135  -62  -153  )
( 191  -5  -176  )
( 152  -125  61  )
( 235  150  187  )
( 11  -38  -76  )
( 220  178  -141  )
( 214  -227  -224  )
( 215  30  -168  )
( 51  211  166  )
( -235  -127  63  )
( 9  245  -162  )
( -214  76  -208  )
( -148  58  175  )
( -23  215  -180  )
( 232  -180  -166  )
( 65  -190  75  )
( 133  -19  -182  )
( 239  237  236  )
( -91  -11  68  )
( -169  30  118  )
( -49  -217  34  )
