( -134  50  -47  )
( 104  -65  -166  )
( -78  -130  -235  )
( 41  -101  -142  )
( 226  225  220  )
( -33  249  214  )
( -147  -178  -102  )
( 196  179  20  )
( 31  208  -244  )
( -195  15  -177  )
( -35  -48  24  )
( -98  102  239  )
( 82  -46  185  )
( -8  85  108  )
( -20  175  149  )
( -145  78  -104  )
( -72  -130  249  )
( -239  13  161  )
( -215  184  -217  )
( 210  -237  -218  )
( 103  -167  94  )
( -51  133  -76  )
( 236  14  12  )
( -208  -231  -111  )
( 234  -154  -80  )
( 205  -84  42  )
( -11  -146  121  )
( 68  -129  214  )
( 0  128  137  )
( 180  -57  119  )
( -224  28  122  )
( 32  -223  -57  )
( 232  5  -123  )
( -20  135  -53  )
( -37  197  92  )
( -42  -124  -72  )
( -97  -85  -237  )
( 101  207  -199  )
( -173  -187  -153  )
( -4  192  53  )
( 43  67  109  )
( 140  239  113  )
( 47  195  -238  )
( -49  83  -34  )
( 104  102  -26  )
( 179  -229  21  )
( -140  27  118  )
( 25  229  168  )
( -29  75  147  )
( -12  -4  -185  )
( -184  98  2  )
( 117  -229  -73  )
( 243  -178  83  )
( 169  107  -93  )
( 199  85  131  )
( -18  224  -59  )
( -165  -117  131  )
( -90  14  10  )
( -144  139  -184  )
( -14  118  100  )
( -112  -52  -190  )
( 8  -206  -21  )
( 46  216  -124  )
( 247  40  -33  )
( 136  -236  2  )
( 30  232  244  )
( 8  -77  -209  )
( 41  9  171  )
( 57  105  -156  )
( -72  83  -69  )
( 233  -158  -142  )
( 93  162  -88  )
( -185  87  161  )
( 181  92  -84  )
( 183  99  3  )
( -144  -73  -120  )
( -58  93  35  )
( 170  143  196  )
( 198  101  -172  )
( -176  -115  34  )
( 128  110  107  )
( 87  -72  35  )
( -174  43  -16  )
( -99  -222  -237  )
( 115  44  95  )
( -145  99  129  )
( -205  152  39  )
( -33  -83  -105  )
( 58  -2  -80  )
( 135  124  10  )
( -99  -149  24  )
( -141  -238  66  )
( -90  123  97  )
( -10  -201  -239  )
( 249  232  162  )
( 57  -139  89  )
( -176  187  -143  )
( -104  96  48  )
( -175  42  -76  )
( -205  -64  138  )
( 91  -152  182  )
( -249  223  16  )
( 89  98  230  )
( -175  133  -56  )
( -223  -52  -190  )
( -205  75  155  )
( 175  -18  216  )
( 112  -129  -53  )
( 35  212  122  )
( -38  228  168  )
( 70  39  -14  )
( -191  60  104  )
( -18  -161  -47  )
( 61  205  -1  )
( -18  -43  140  )
( -195  73  44  )
( 204  -17  237  )
( -77  20  -190  )
( 63  -76  51  )
( -228  -180  38  )
( 116  123  -243  )
( 205  -212  -227  )
( 181  151  -51  )
( 151  -83  72  )
( 168  197  -41  )
( 244  142  53  )
( 53  124  -173  )
( -44  -137  55  )
( 45  -140  44  )
( 2  -45  -104  )
( 27  -32  35  )
( -128  -137  77  )
( -154  -39  94  )
( -126  127  -48  )
( -42  112  -247  )
( -144  222  44  )
( 109  192  93  )
( 109  95  225  )
( 50  222  -237  )
( -130  136  -149  )
( 41  55  -149  )
( 220  -221  -149  )
( 122  -16  -91  )
( -237  245  53  )
( -194  160  108  )
( -102  -37  -69  )
( -170  127  126  )
( 74  -66  -143  )
( 212  -204  -53  )
( 224  84  -9  )
( -200  120  -175  )
( 48  -185  243  )
( -105  90  76  )
( 53  140  -179  )
( 141  -103  -86  )
( -68  -135  -164  )
( 24  163  145  )
( -150  -81  117  )
( -124  -231  -147  )
( 96  -241  209  )
( -25  189  -66  )
( -207  173  -193  )
( 115  -245  -236  )
( 228  16  -159  )
( -13  59  -211  )
( -127  -105  145  )
( -148  216  75  )
( 213  -112  -50  )
( 167  200  -37  )
( 91  206  57  )
( -154  10  221  )
( 168  -191  247  )
( 116  -46  97  )
( -170  18  70  )
( 92  170  -172  )
( -12  -151  -36  )
( 99  87  -243  )
( 130  -42  21  )
( -151  -173  230  )
( 79  113  77  )
( 91  193  -196  )
( -233  87  -120  )
( -179  -208  56  )
( -18  10  -162  )
( -89  -144  -146  )
( 130  -85  243  )
( -222  -26  -249  )
( 112  141  180  )
( 206  -26  -28  )
( 210  44  214  )
( -15  -140  22  )
( 12  153  -27  )
( -247  60  35  )
( 32  -111  -87  )
( -69  -67  -51  )
( -63  150  -39  )
( 239  -18  -20  )
( -190  -76  -38  )
( 22  -92  172  )
( -201  175  44  )
( -91  219  -9  )
( -14  234  63  )
( 91  -233  -3  )
( 95  -125  -93  )
( 204  -51  -187  )
( -219  74  46  )
( -228  152  -24  )
( 112  -165  -162  )
( 61  -207  -23  )
( -91  -246  -11  )
( -236  79  -105  )
( 98  -162  90  )
( -154  -228  16  )
( 78  107  138  )
( -24  232  -90  )
( 123  -229  240  )
( -39  138  -159  )
( 124  48  -185  )
( 48  3  -97  )
( -178  -118  -19  )
( 39  -186  -133  )
( -80  -127  118  )
( -155  -200  -118  )
( 57  -142  118  )
( 166  64  191  )
( 220  156  -3  )
( -220  -105  32  )
( 109  -249  3  )
( -127  135  225  )
( 167  158  91  )
( 201  -60  151  )
( 215  -121  5  )
( -239  -30  34  )
( -160  -0  -241  )
( 59  -22  4  )
( 2  -236  -54  )
( -17  102  33  )
( -140  -120  214  )
( -20  -147  1  )
( 60  -169  -207  )
( -201  -76  220  )
( 115  228  229  )
( -61  215  38  )
( -59  17  -211  )
( -75  242  -149  )
( -63  153  24  )
( -120  236  22  )
( -74  93  -92  )
( 167  -118  -168  )
( 152  147  -249  )
( -247  -131  22  )
( -115  83  110  )
( 110  231  -133  )
( -96  -35  59  )
( 95  249  -19  )
( 17  -216  -138  )
( 216  91  16  )
( -170  0  127  )
( 24  102  218  )
( -219  -76  82  )
( -134  -119  -195  )
( 57  -41  53  )
( 116  58  208  )
( -94  -36  -3  )
( 199  -166  190  )
( 15  -42  -174  )
( -148  -28  234  )
( 77  192  129  )
( 21  66  -166  )
( -210  8  -10  )
( -230  -245  -33  )
( 181  240  -58  )
( 123  91  -160  )
( 168  -2  92  )
( -197  -224  54  )
( 145  129  88  )
( -217  230  -234  )
( 195  220  212  )
( -9  -198  -219  )
( -117  -232  -196  )
( -243  33  209  )
( 139  -101  -216  )
( -200  -217  -126  )
( -216  -54  53  )
( 96  -90  99  )
( 235  -68  -151  )
( 45  -155  150  )
( -63  52  -171  )
( -213  189  101  )
( -217  92  -28  )
( -57  195  -118  )
( -111  57  144  )
( -26  -199  -34  )
( -200  -181  161  )
( 172  -121  209  )
( -26  185  -89  )
( 156  -77  -141  )
( -43  111  61  )
( -52  -61  114  )
( 97  32  218  )
( -219  -210  -177  )
( -154  -37  -19  )
( 62  29  -244  )
( 190  -58  232  )
( 84  173  33  )
( -192  80  217  )
( -26  219  14  )
( 206  69  77  )
( -94  174  -166  )
( 244  208  -48  )
( 125  -44  183  )
( 126  -65  66  )
( 170  26  -46  )
( -48  169  203  )
( -119  192  -131  )
( 10  -25  117  )
( 27  -174  106  )
( 134  38  -161  )
( -202  191  -235  )
( 215  -230  13  )
( -44  -127  -3  )
( 207  -55  -125  )
( 191  127  70  )
( -148  132  -116  )
( -9  -69  131  )
( -89  -222  209  )
( 202  175  -147  )
( 30  241  -93  )
( 31  -229  39  )
( 242  -172  28  )
( -138  67  -134  )
( 229  -47  -91  )
( 211  -192  -182  )
( -138  219  4  )
( 95  145  148  )
( -166  -123  -59  )
( 122  48  92  )
( -247  -177  144  )
( 144  -58  -211  )
( 78  -217  -36  )
( -53  219  138  )
( -110  -95  59  )
( -11  -147  -133  )
( 75  -128  224  )
( -16  192  26  )
( -123  -197  -26  )
( 14  -17  -2  )
( -36  -136  93  )
( 89  -122  -183  )
( -210  25  78  )
( 62  10  66  )
( 181  -125  225  )
( 237  207  72  )
( 128  -61  1  )
( 131  239  -44  )
( -126  -209  134  )
( 183  58  100  )
( -63  56  -60  )
( 184  -100  -219  )
( -61  63  -197  )
( -107  -89  95  )
( -136  -53  -16  )
( -172  123  -108  )
( 174  142  240  )
( -144  -247  -208  )
( -115  231  212  )
( 248  -213  -118  )
( -103  -1  96  )
( -149  -3  -198  )
( -238  -215  -208  )
( 21  197  93  )
( 141  -6  -0  )
( 6  118  136  )
( 62  209  216  )
( -205  -195  -34  )
( -104  82  -178  )
( 124  -147  -48  )
( 123  8  220  )
( 70  117  -118  )
( -56  -88  -138  )
( 120  -169  125  )
( 209  67  -238  )
( -76  -83  -124  )
( -196  -43  -212  )
( 69  -64  -227  )
( 121  -83  -132  )
( -112  -236  -106  )
( 87  240  163  )
( -139  95  61  )
( -90  15  41  )
( 210  -59  -67  )
( 79  73  -20  )
( -21  -155  -241  )
( 23  71  -44  )
( -101  -207  -229  )
( -247  -216  11  )
( 182  -101  -216  )
( 126  -24  66  )
( 159  119  -62  )
( 73  136  -161  )
( -147  -70  49  )
( -9  -225  215  )
( -30  -146  127  )
( -248  -115  231  )
( 66  181  -208  )
( 44  15  122  )
( 111  89  189  )
( 0  172  99  )
( -191  199  -207  )
( 115  184  47  )
( -78  -92  146  )
( 84  245  69  )
( -103  -152  68  )
( 179  -46  181  )
( -4  24  -1  )
( 62  -99  212  )
( -109  -129  -12  )
( 19  26  -128  )
( 11  113  -64  )
( -191  226  -83  )
( 65  -80  -113  )
( 208  35  -68  )
( -97  96  213  )
( -137  -45  -145  )
( 69  24  -184  )
( 238  205  -182  )
( 153  -95  20  )
( 139  -162  104  )
( 171  -59  125  )
( -176  -62  -81  )
( -208  104  41  )
( 119  -221  -173  )
( 75  159  -68  )
( -48  -65  146  )
( -194  -100  112  )
( 190  187  -149  )
( 158  -93  -19  )
( -97  59  114  )
( 24  212  191  )
( 231  -202  40  )
( 31  -170  180  )
( -46  -103  232  )
( 145  32  174  )
( 25  -59  -121  )
( 142  -144  -238  )
( -62  -127  -146  )
( -24  243  -204  )
( -9  -216  -37  )
( 183  120  93  )
( -188  236  -118  )
( 133  -110  226  )
( -144  -205  -173  )
( -42  -241  73  )
( 15  205  27  )
( -164  161  -76  )
( -181  175  133  )
( 244  -224  32  )
( -106  -55  -185  )
( -47  -75  94  )
( -209  117  94  )
( -17  228  -47  )
( 161  -185  -140  )
( -80  1  -231  )
( 212  113  131  )
( -85  2  97  )
( 44  137  -244  )
( 133  170  0  )
( 128  -145  214  )
( 190  77  -119  )
( -230  -110  -33  )
( 107  -241  184  )
( 40  161  -137  )
( -24  -112  -147  )
( 141  201  96  )
( -99  160  151  )
( 152  -229  -227  )
( -153  -38  174  )
( -228  -34  -92  )
( 109  45  -23  )
( 151  152  178  )
( 176  183  -131  )
( 215  135  -117  )
( -62  -68  136  )
( -139  181  128  )
( -98  99  70  )
( -84  -216  207  )
( 86  -161  91  )
( 130  -211  -157  )
( 115  -93  147  )
( -219  -4  -91  )
( 3  94  -182  )
( -173  66  -16  )
( -30  -24  -8  )
( 249  -17  -39  )
( 1  236  -51  )
( 13  -80  151  )
( -88  -85  -100  )
( -190  230  -182  )
( 223  -9  49  )
( -68  100  -224  )
( 218  -114  131  )
( -35  -227  44  )
( 201  -34  -25  )
( -149  68  -49  )
( -179  -58  244  )
( 47  -41  182  )
( -144  181  87  )
( -166  185  38  )
( 191  -241  14  )
( 20  27  117  )
( -112  193  179  )
( 94  32  36  )
( 68  -40  -213  )
( -184  -165  72  )
( 148  68  192  )
( -169  189  -193  )
( 235  249  -13  )
( 88  244  123  )
( -184  154  74  )
( -68  -243  72  )
( -106  20  91  )
( -119  106  -24  )
( -33  125  91  )
( 6  77  76  )
( 21  144  55  )
( 247  -249  113  )
( 0  221  211  )
( -235  211  85  )
( -65  216  218  )
( -221  -3  -52  )
( 18  148  -113  )
( 109  150  -37  )
( 6  -84  233  )
( -187  21  47  )
( 179  107  198  )
( -211  -87  218  )
( 220  99  56  )
( 2  248  -132  )
( 92  -197  61  )
( -6  -142  -51  )
( 21  187  -16  )
( -145  -26  -175  )
( 163  168  178  )
( 197  22  -64  )
( -38  -98  -56  )
( 175  238  211  )
( 206  -29  -141  )
( 80  -155  -154  )
( 190  -232  197  )
( -124  104  -87  )
( -235  -199  -10  )
( 90  -238  -98  )
( 106  74  -248  )
( 60  -37  -122  )
( -228  7  100  )
( 114  61  62  )
( 27  -108  -142  )
( 52  -143  -212  )
( -111  -17  -140  )
( 99  131  -226  )
( -98  -95  156  )
( -142  128  -1  )
( -195  167  47  )
( 124  60  -137  )
( -129  -26  -92  )
( 106  -76  -179  )
( -10  152  -216  )
( 129  192  -53  )
( -23  6  -63  )
( 122  -37  232  )
( -173  -151  -210  )
( 79  135  78  )
( -5  168  74  )
( 201  -86  197  )
( -130  147  235  )
( 22  -109  154  )
( -120  70  -65  )
( -220  225  58  )
( -99  86  243  )
( -204  73  226  )
( -222  142  -32  )
( 143  181  -27  )
( 187  -229  138  )
( 76  -77  -231  )
( 104  166  243  )
( -202  -49  -68  )
( -211  -163  111  )
( -86  -60  125  )
( 222  -101  28  )
( 240  25  -191  )
( -139  -113  21  )
( 1  15  111  )
( 107  104  -112  )
( -100  -143  -238  )
( -125  165  121  )
( 59  -138  207  )
( 106  -133  202  )
( 224  205  -25  )
( -3  -52  -133  )
( -35  23  -75  )
( -247  191  -171  )
( 3  -174  210  )
( -155  52  208  )
( 191  108  -152  )
( 196  85  -66  )
( -131  239  134  )
( 99  -101  -160  )
( -202  -220  -17  )
( -128  -243  -55  )
( 73  -40  49  )
( -61  56  151  )
( 184  -198  18  )
( 90  40  -53  )
( -137  -25  29  )
( 220  -170  154  )
( 194  -109  122  )
( 30  178  -137  )
( -211  226  124  )
( 161  -180  -117  )
( 228  245  -44  )
( 24  -153  -140  )
( 93  -49  83  )
( -228  -157  138  )
( -56  79  -78  )
( -180  50  -111  )
( -249  71  -143  )
( 151  -104  -8  )
( -135  174  -205  )
( 83  -159  56  )
( 122  -26  65  )
( -150  -199  233  )
( -53  104  190  )
( 76  53  40  )
( -53  -221  41  )
( 96  -105  -38  )
( -184  8  39  )
( 32  -243  -35  )
( 184  96  -9  )
( 2  219  -166  )
( -119  212  104  )
( -241  124  -66  )
( 238  -114  -51  )
( -155  -57  23  )
( -234  192  206  )
( -170  126  -64  )
( 177  36  179  )
( 125  203  -243  )
( -162  167  -192  )
( -166  83  -122  )
( -226  192  90  )
( 232  73  -55  )
( 184  -87  175  )
( 69  -242  -17  )
( -116  -238  38  )
( 226  -166  168  )
( -241  160  239  )
( -99  -186  244  )
( -247  159  -55  )
( -94  -145  -224  )
( 82  150  226  )
( 174  -102  195  )
( 162  107  -124  )
( -99  240  133  )
( -30  186  69  )
( -196  92  69  )
( 179  -108  125  )
( 187  117  190  )
( -85  246  56  )
( -175  -38  -87  )
( -238  -125  79  )
( -1  142  -7  )
( 193  13  207  )
( -3  142  59  )
( 169  -149  -105  )
( -247  112  -116  )
( 162  45  -57  )
( 162  -1  -123  )
( 201  -163  -154  )
( -24  -39  -149  )
( 229  169  -19  )
( 186  -117  0  )
( 41  99  -17  )
( -92  41  -109  )
( 124  -136  -77  )
( 94  -240  139  )
( -75  -65  -97  )
( -27  -37  -126  )
( 226  -247  -98  )
( 180  104  -160  )
( 5  174  -60  )
( -221  215  -146  )
( 150  -38  -233  )
( -162  -108  89  )
( 34  -160  44  )
( -82  49  128  )
( -234  -76  -232  )
( 204  -38  213  )
( -74  -137  -121  )
( -181  -233  208  )
( 130  -134  -148  )
( 215  -92  -175  )
( -164  -98  -110  )
( -100  -91  47  )
( -233  -195  101  )
( 238  -9  -2  )
( -222  234  106  )
( -121  181  -180  )
( -175  199  -54  )
( -82  -7  31  )
( -100  240  94  )
( 121  -12  -147  )
( -157  64  224  )
( -149  191  -177  )
( 4  -128  35  )
( 0  153  -144  )
( -210  203  10  )
( 247  15  139  )
( 112  -161  16  )
( -208  -9  -189  )
( -33  120  157  )
( 166  -213  -103  )
( 221  -213  -178  )
( -219  180  55  )
( 32  -48  -38  )
( 28  -247  -4  )
( 72  -16  -76  )
( 199  -69  241  )
( -227  -248  -15  )
( -61  -178  82  )
( -187  -186  99  )
( 211  78  -168  )
( 207  -83  -116  )
( -60  -247  73  )
( -16  -125  -212  )
( -214  -116  -0  )
( 122  -37  -242  )
( -207  -59  126  )
( 17  -165  -147  )
( 61  106  -111  )
( -233  171  -58  )
( 244  89  62  )
( 62  197  -77  )
( -109  248  -243  )
( 220  -53  -184  )
( -196  240  -204  )
( -163  213  21  )
( -221  79  83  )
( 118  88  70  )
( 224  -122  -5  )
( -130  -217  215  )
( -87  -36  81  )
( -132  -7  154  )
( -113  235  142  )
( -115  -87  148  )
( 56  -213  138  )
( 179  -28  49  )
( 30  210  -188  )
( -185  -51  -85  )
( -163  -76  -183  )
( 112  -142  224  )
( -146  -180  176  )
( 148  156  -50  )
( -224  75  -122  )
( -179  -214  3  )
( 152  138  140  )
( -87  49  109  )
( 39  143  -0  )
( 66  113  -11  )
( 77  -201  39  )
( 125  239  6  )
( -1  152  -101  )
( -172  -223  -246  )
( -19  -36  46  )
( -203  12  -84  )
( -81  -228  -242  )
( -142  -122  -119  )
( -81  4  101  )
( 26  -13  -90  )
( -44  -67  -114  )
( 108  117  -9  )
( 139  -100  137  )
( 246  -240  -40  )
( 4  115  210  )
( -25  -167  161  )
( -223  44  -190  )
( 208  166  -219  )
( -184  143  -240  )
( 85  -63  -233  )
( -136  111  150  )
( 237  -229  143  )
( -247  -158  82  )
( 218  83  187  )
( -201  -120  180  )
( -229  203  114  )
( -3  225  -79  )
( 178  205  -86  )
( -239  3  160  )
( -197  245  -5  )
( -119  6  79  )
( -238  202  -192  )
( -236  -21  36  )
( -159  -47  -220  )
( 136  224  -156  )
( -205  171  16  )
( 173  -184  28  )
( -163  -107  -239  )
( 134  137  65  )
( 11  -1  61  )
( 22  21  -119  )
( -220  -34  -214  )
( 225  164  163  )
( 226  -34  -182  )
( -128  -114  237  )
( -226  -99  169  )
( 145  -219  138  )
( 103  136  -173  )
( 162  -124  175  )
( 196  -45  -2  )
( -88  -28  -109  )
( -104  -74  -125  )
( 33  -201  86  )
( -116  -1  -191  )
( 184  -54  -41  )
( 110  48  -193  )
( 189  163  106  )
( 18  -75  -139  )
( -159  -24  -145  )
( -212  32  115  )
( -109  163  -124  )
( 174  211  -202  )
( 246  38  145  )
( 93  146  -220  )
( 219  -64  134  )
( 75  -240  -14  )
( -138  30  -84  )
( 56  191  195  )
( 120  118  -67  )
( -223  -184  -60  )
( -151  -88  182  )
( 60  -64  -89  )
( 230  -202  -117  )
( 112  63  199  )
( -164  115  -3  )
( -111  -36  -219  )
( 95  240  -112  )
( -78  25  142  )
( 77  -245  -225  )
( -26  -11  -135  )
( 103  -83  228  )
( -175  -173  2  )
( 173  -112  -28  )
( -201  -153  -93  )
( -225  -88  107  )
( -76  178  -185  )
( -23  -96  187  )
( -188  -26  -65  )
( -30  172  -126  )
( 66  -10  87  )
( -187  -94  102  )
( 216  -214  -172  )
( -166  -209  -191  )
( 77  210  122  )
( -90  58  64  )
( 212  32  11  )
( -166  86  226  )
( 44  156  197  )
( -194  59  177  )
( 218  -192  83  )
( 106  -56  97  )
( 163  -85  -238  )
( -81  -115  230  )
( -23  -70  155  )
( -245  -151  -244  )
( -28  206  -27  )
( 93  133  -124  )
( 97  239  139  )
( 20  -47  164  )
( 97  -46  -177  )
( -51  234  16  )
( 69  28  -32  )
( 179  39  -244  )
( 82  -68  -199  )
( -150  215  -24  )
( -141  193  -17  )
( -210  -48  107  )
( -176  193  -214  )
( 115  118  135  )
( 63  245  -83  )
( 100  -175  -49  )
( 69  65  232  )
( -176  0  -1  )
( -178  19  -212  )
( -121  -21  15  )
( 85  198  224  )
( -191  133  242  )
( 233  -96  -99  )
( 234  226  -220  )
( 59  90  4  )
( 186  27  -108  )
( 67  57  -220  )
( -232  -238  -9  )
( -47  224  -137  )
( -186  13  -248  )
( -33  76  -238  )
( -101  -134  154  )
( -208  38  -153  )
( 170  -167  -70  )
( -238  26  -241  )
( 76  207  33  )
( -80  96  -76  )
( 85  -14  157  )
( 213  221  -216  )
( -165  202  -183  )
( 231  -174  56  )
( 3  140  -46  )
( -185  224  102  )
( -218  -100  149  )
( -203  21  -33  )
( -45  190  -183  )
( -159  -183  -163  )
( 102  103  -122  )
( 48  56  -172  )
( 170  -116  225  )
( 243  95  -118  )
( -80  -181  26  )
( -201  -187  216  )
( -48  -189  -235  )
( 52  19  -82  )
( 161  185  -181  )
( -102  150  -132  )
( 150  -30  11  )
( -35  160  176  )
( -232  162  241  )
( -95  -208  -45  )
( 145  -48  -139  )
( -27  184  209  )
( -225  183  242  )
( 6  167  18  )
( -103  181  -139  )
( -125  232  -133  )
( -214  246  53  )
( -184  216  -237  )
( -187  -108  -126  )
( -63  61  -67  )
( 75  -169  147  )
( -80  -96  -222  )
( -219  -151  -53  )
( -110  -41  215  )
( -75  -42  -134  )
( -20  123  231  )
( -112  -132  118  )
( -246  82  13  )
( 104  -90  -138  )
( -166  138  163  )
( -150  -236  -207  )
( 74  14  220  )
( -74  -5  -165  )
( -177  7  -149  )
( -174  223  -249  )
( 50  -53  -125  )
( -132  152  80  )
( -78  63  181  )
( -68  -62  190  )
( 182  138  -248  )
( -173  29  -235  )
( -77  -20  68  )
( -151  -106  -227  )
( -102  95  116  )
( 39  142  44  )
( -86  238  121  )
( 114  142  -186  )
( 125  -233  184  )
( -228  245  -143  )
( 14  -58  170  )
( -78  226  -227  )
( -182  -191  211  )
( -243  -172  -132  )
( -124  -46  -57  )
( 138  202  129  )
( 77  -239  98  )
( 104  -48  244  )
( 151  93  209  )
( 54  -248  -179  )
( 137  -118  -135  )
( 125  -68  -243  )
( 100  176  -190  )
( 132  31  181  )
( -177  -83  224  )
( -102  219  155  )
( -108  -242  -45  )
( -180  1  -119  )
( 33  113  51  )
( 95  42  84  )
( -51  -150  -141  )
( 112  135  -159  )
( -63  -154  177  )
( -205  125  -238  )
( -29  75  130  )
( -11  -153  23  )
( 30  80  -118  )
( -145  165  -172  )
( 43  184  -225  )
( -79  206  27  )
( 246  195  32  )
( 159  -94  2  )
( -194  -217  104  )
( -44  10  -202  )
( -108  9  70  )
( -220  -233  169  )
( 231  99  188  )
( 52  193  62  )
( -105  97  113  )
( -188  209  62  )
( 154  229  -31  )
( -89  226  -166  )
( -234  195  -110  )
( 149  222  -80  )
( -241  47  -99  )
( -135  178  -209  )
( 177  -193  -129  )
( -207  61  -160  )
( -19  -32  55  )
( -75  115  -179  )
( -216  208  -162  )
( -165  134  62  )
( -3  167  -218  )
( 133  -49  141  )
( 211  21  113  )
( -112  -219  -229  )
( 116  234  126  )
( -55  -66  28  )
( -95  142  35  )
( -238  -175  -236  )
( 164  31  -204  )
( 192  223  -245  )
( -188  -182  -59  )
( -22  -197  128  )
( 135  -137  215  )
( -145  202  -5  )
( 166  -115  -129  )
( -20  47  -108  )
( -50  155  138  )
( 69  91  -98  )
( -191  194  -99  )
( -231  -34  169  )
( 225  21  -132  )
( -169  -198  236  )
( 114  -70  242  )
( -54  -19  173  )
( 47  -71  87  )
( 122  -193  -18  )
( 186  -119  -91  )
( 1  53  45  )
( 175  44  -68  )
( -187  54  100  )
( -76  237  -157  )
( 22  182  -181  )
( -204  -87  -16  )
( -3  -244  47  )
( 216  8  23  )
( 212  -162  74  )
( -216  -76  233  )
( -60  -144  228  )
( -185  119  -17  )
( 39  170  31  )
( -1  -175  -87  )
( -90  -101  192  )
