( 43  145  -189  )
( 188  147  187  )
( 4  -154  -166  )
( 114  22  203  )
( -20  32  225  )
( -6  157  214  )
( 42  79  52  )
( 228  -143  -80  )
( 213  -10  15  )
( 0  199  -60  )
( 2  82  -217  )
( 176  -59  108  )
( 20  173  216  )
( 66  -147  97  )
( -241  -198  -177  )
( 60  -74  69  )
( 223  -74  -225  )
( -194  -127  29  )
( 105  -142  223  )
( -55  -192  -96  )
( 109  -153  36  )
( -160  137  161  )
( 242  212  94  )
( -64  175  -146  )
( 195  -131  84  )
( 158  -90  240  )
( -200  72  42  )
( -218  -39  132  )
( 206  97  -174  )
( 167  47  151  )
( 51  -154  44  )
( -93  144  166  )
( -21  -93  241  )
( -7  -152  162  )
( -140  -81  -200  )
( 83  125  -47  )
( 114  197  187  )
( -210  161  83  )
( 240  112  141  )
( 128  -48  19  )
( -183  -195  29  )
( -104  -154  200  )
( 238  43  64  )
( -231  180  130  )
( -107  37  -78  )
( 191  98  152  )
( -122  -64  -229  )
( 31  81  -228  )
( 62  133  248  )
( -166  131  -147  )
( 81  176  -211  )
( -208  53  202  )
( -89  -211  194  )
( 144  -58  -174  )
( 148  100  -107  )
( -142  214  109  )
( 205  100  -16  )
( 68  194  -122  )
( 192  137  -242  )
( 26  -85  -248  )
( 238  1  -223  )
( 66  -152  -239  )
( -119  -170  228  )
( 29  -212  -118  )
( -240  223  -113  )
( -11  217  -128  )
( -187  -120  177  )
( -201  -81  213  )
( 166  16  -3  )
( -79  86  -168  )
( 149  57  -108  )
( -106  243  191  )
( -118  93  98  )
( -72  -99  171  )
( -14  -168  -229  )
( -80  -127  -47  )
( 113  -236  246  )
( -168  24  183  )
( 234  88  -7  )
( -157  -77  103  )
( -2  163  -116  )
( 226  -45  -91  )
( 4  -144  19  )
( 154  -116  -140  )
( 161  143  4  )
( -113  -144  -129  )
( -204  -181  2  )
( -91  165  227  )
( -57  167  84  )
( 244  38  -246  )
( -30  117  5  )
( 29  37  247  )
( 172  23  22  )
( -49  -239  -37  )
( -248  -236  -233  )
( -145  -11  -7  )
( -27  54  110  )
( -201  -19  -179  )
( 3  -226  27  )
( 232  -234  205  )
( -146  10  228  )
( 226  -196  223  )
( 36  184  -55  )
( -124  -213  157  )
( -199  236  -137  )
( -227  200  -169  )
( 92  215  -138  )
( 117  248  144  )
( -223  155  137  )
( 38  -98  -209  )
( 115  -77  -88  )
( -10  -80  7  )
( 244  -38  -87  )
( -93  -175  -32  )
( 83  -131  -191  )
( 37  -242  -220  )
( 214  89  172  )
( -170  64  -223  )
( 114  -147  -208  )
( 199  213  140  )
( -145  -100  128  )
( -60  -119  -7  )
( -55  39  -200  )
( -103  110  163  )
( 57  -232  -4  )
( -13  204  136  )
( 113  -191  -186  )
( 92  11  226  )
( 16  93  -48  )
( -10  188  215  )
( 241  166  -105  )
( 152  154  150  )
( 129  144  -100  )
( -132  -146  168  )
( 131  75  196  )
( 221  -230  39  )
( -190  -84  -223  )
( -246  81  4  )
( 212  -51  -233  )
( 127  -219  135  )
( -67  -31  19  )
( -208  113  -58  )
( -167  149  190  )
( 92  -93  -230  )
( -227  118  -109  )
( -198  124  31  )
( -228  -39  -91  )
( 73  -56  -192  )
( -160  99  -15  )
( -90  111  120  )
( 28  -180  -81  )
( 163  -129  -62  )
( 114  -63  -14  )
( -207  216  -69  )
( -249  200  192  )
( 144  -192  -112  )
( -185  -27  -41  )
( 56  -64  148  )
( 174  -235  -64  )
( 95  -80  136  )
( -97  83  -135  )
( -16  -65  -140  )
( 1  17  48  )
( -134  -73  -95  )
( -202  0  33  )
( -37  236  -160  )
( 75  105  -217  )
( -243  -177  173  )
( 155  193  -139  )
( 229  -82  129  )
( 194  189  -213  )
( -140  -219  -239  )
( -44  146  -88  )
( 53  38  -178  )
( -161  -69  147  )
( -143  218  244  )
( 3  41  1  )
( 205  52  92  )
( 33  -88  155  )
( 74  220  -85  )
( -44  -4  88  )
( 181  -192  -17  )
( -116  54  43  )
( -77  53  -16  )
( -71  -217  -127  )
( 139  159  21  )
( -23  99  -52  )
( 187  167  -226  )
( -0  182  174  )
( 218  17  -92  )
( 83  -91  197  )
( -192  55  201  )
( -180  -147  -51  )
( 30  -196  -47  )
( -91  15  160  )
( -141  -69  90  )
( 82  205  83  )
( 182  50  195  )
( -219  138  -65  )
( 134  -6  215  )
( -180  234  -89  )
( -39  150  0  )
( 231  108  72  )
( -230  181  71  )
( 14  -235  40  )
( 197  -12  -117  )
( -84  -102  171  )
( -155  27  -183  )
( 9  208  -176  )
( -41  79  -29  )
( 189  -122  221  )
( -15  -142  150  )
( 195  234  -213  )
( 173  -112  -213  )
( -205  -149  -74  )
( 109  22  -176  )
( 34  172  -128  )
( -34  111  168  )
( 36  -239  -96  )
( 228  87  -12  )
( -72  -132  -195  )
( 105  80  -60  )
( -215  -141  220  )
( 157  -76  -179  )
( 201  -249  82  )
( -0  -148  4  )
( 164  -139  -69  )
( -51  156  -46  )
( -192  -116  242  )
( -78  -102  -109  )
( 223  155  -182  )
( 42  -46  4  )
( 233  -197  -171  )
( 189  52  -178  )
( -200  -158  242  )
( 206  -189  -53  )
( -170  -19  173  )
( 35  91  238  )
( 124  71  24  )
( 50  144  -102  )
( 109  194  -16  )
( -33  61  123  )
( 216  -112  102  )
( -11  140  -67  )
( 137  35  63  )
( 164  148  -94  )
( -71  214  47  )
( -210  47  -83  )
( 1  45  66  )
( 217  67  -159  )
( 15  -36  -169  )
( 164  -11  244  )
( 3  -234  -197  )
( 191  42  35  )
( 133  100  -66  )
( 69  129  138  )
( -120  -10  -176  )
( 125  -248  228  )
( -79  -238  152  )
( 43  214  171  )
( 217  158  -19  )
( 103  202  -106  )
( -187  -232  -65  )
( 41  228  -6  )
( 53  56  164  )
( 115  -140  229  )
( -214  -116  237  )
( -177  -241  50  )
( -186  -200  -228  )
( 184  145  73  )
( -99  1  -125  )
( 31  137  130  )
( 177  -147  229  )
( 246  -191  47  )
( -96  -175  -223  )
( -131  -0  63  )
( 235  3  33  )
( -235  77  -205  )
( -151  167  -237  )
( 42  27  61  )
( -202  -211  -137  )
( -69  0  -113  )
( 137  -42  152  )
( 89  -2  236  )
( -95  -115  108  )
( 12  121  199  )
( 117  -210  110  )
( 82  23  201  )
( 130  140  96  )
( 121  38  -72  )
( -32  51  -96  )
( 24  155  -14  )
( -10  132  -153  )
( -56  233  71  )
( 73  -195  160  )
( -43  76  0  )
( -125  123  -191  )
( 133  -45  -208  )
( -172  -86  -158  )
( -223  160  171  )
( 121  170  -118  )
( 138  61  -142  )
( -48  -171  -19  )
( 91  -233  -216  )
( -229  232  109  )
( -234  50  48  )
( -201  -107  -74  )
( -6  -93  -56  )
( 31  -165  138  )
( 94  -84  -123  )
( 50  -28  -240  )
( -198  -80  -240  )
( 42  230  -94  )
( -245  31  -2  )
( 8  153  92  )
( 42  -249  -134  )
( 8  -51  -81  )
( 195  111  -51  )
( -158  -196  -55  )
( -20  8  -238  )
( -158  92  154  )
( 48  66  -234  )
( 236  213  -245  )
( 227  120  9  )
( -73  -129  -246  )
( -224  -190  -10  )
( -157  -2  -215  )
( -84  -78  -205  )
( 22  45  -12  )
( -33  117  126  )
( 22  -11  207  )
( -64  -72  -216  )
( -81  187  -150  )
( 66  118  -0  )
( -232  -153  36  )
( 115  178  98  )
( -186  -0  -188  )
( -245  -187  -67  )
( -141  -49  -187  )
( 129  168  -191  )
( 220  -55  239  )
( 171  184  2  )
( 184  -159  99  )
( 142  -129  -108  )
( 62  -186  77  )
( -146  210  -151  )
( -199  -239  -77  )
( -94  236  25  )
( 36  -195  -188  )
( 27  204  -52  )
( -191  80  -140  )
( -72  148  -70  )
( -47  -208  -239  )
( 221  -58  131  )
( -69  50  -217  )
( 184  -201  240  )
( -52  141  67  )
( -19  -71  59  )
( 72  -157  -210  )
( 103  121  -5  )
( 6  -142  -141  )
( -51  -37  19  )
( 119  -164  -31  )
( -186  249  -75  )
( -233  83  107  )
( 172  -221  -10  )
( 66  141  -208  )
( -1  -246  137  )
( 206  190  191  )
( 249  174  52  )
( -175  248  247  )
( -174  129  195  )
( -137  203  -0  )
( 209  -145  47  )
( 105  -131  151  )
( 109  -48  26  )
( -0  206  -222  )
( -28  246  179  )
( 3  -13  114  )
( -33  147  58  )
( 52  -202  10  )
( 89  -6  211  )
( 187  36  53  )
( -221  4  135  )
( 113  -118  50  )
( 158  168  57  )
( -83  84  145  )
( -221  240  25  )
( -47  190  -219  )
( 19  -110  227  )
( 213  142  102  )
( -165  -77  -144  )
( -200  213  -18  )
( 187  -65  -143  )
( 191  -195  244  )
( 164  -228  134  )
( -115  -155  87  )
( 205  -226  -138  )
( -195  -60  -173  )
( 53  145  183  )
( 249  -70  32  )
( 214  -173  35  )
( 231  189  -111  )
( -88  -70  -36  )
( -92  60  -208  )
( 48  -137  -141  )
( -8  208  143  )
( -135  -159  -62  )
( -115  121  -185  )
( -214  -46  -30  )
( -228  -210  -7  )
( 158  -107  -22  )
( 164  232  -182  )
( -57  186  -93  )
( 70  -65  84  )
( 58  240  -27  )
( 172  242  -136  )
( -214  -158  -87  )
( 167  -98  102  )
( 87  -100  -136  )
( -145  108  125  )
( -94  -151  157  )
( 114  232  207  )
( -249  -51  223  )
( 11  112  68  )
( 113  205  -186  )
( -225  78  153  )
( 188  -17  -169  )
( 146  119  167  )
( -59  197  209  )
( -229  -171  106  )
( 237  69  40  )
( -92  124  176  )
( -245  -36  -98  )
( 13  -102  -244  )
( 77  -230  247  )
( 156  -187  14  )
( 245  197  -138  )
( -33  175  -216  )
( -175  -68  89  )
( 234  -94  -199  )
( -188  -164  -44  )
( -235  182  -69  )
( -47  -238  -198  )
( 193  59  249  )
( 16  4  -91  )
( -231  -137  -146  )
( -79  219  10  )
( -49  229  48  )
( 234  51  217  )
( -159  -18  -12  )
( -127  238  98  )
( -147  173  -71  )
( 41  190  134  )
( 227  -109  -179  )
( 10  75  125  )
( 183  -107  -82  )
( 80  -66  249  )
( -106  -111  108  )
( 73  32  107  )
( 50  -160  -84  )
( 125  137  -55  )
( 22  -160  51  )
( 209  -187  76  )
( -129  100  29  )
( -135  -4  90  )
( 45  -24  111  )
( 7  206  242  )
( 26  12  134  )
( 36  14  -58  )
( -23  -60  184  )
( 228  210  -95  )
( -232  -135  136  )
( -219  -168  57  )
( 156  173  165  )
( 103  -69  170  )
( 58  -32  -226  )
( 142  -226  -151  )
( -140  -114  27  )
( 248  127  219  )
( 62  -241  88  )
( 81  18  220  )
( 156  -171  174  )
( -102  -235  -143  )
( -238  113  -103  )
( 103  -88  -120  )
( -125  -145  -128  )
( -79  -232  -184  )
( -87  43  217  )
( 238  155  131  )
( -249  221  -133  )
( -168  -232  24  )
( 165  -125  139  )
( -145  238  -79  )
( -9  140  -125  )
( -155  -78  169  )
( 92  189  -81  )
( -157  118  -123  )
( 48  -207  213  )
( 159  28  242  )
( -184  150  -246  )
( -160  -49  -120  )
( 144  -200  85  )
( -181  -214  -125  )
( 216  33  -42  )
( -156  -68  -109  )
( 195  -48  171  )
( 160  143  -116  )
( 190  120  136  )
( -77  216  -61  )
( 224  81  -152  )
( -10  -187  -163  )
( 236  -69  -19  )
( 64  -34  -175  )
( -130  -139  -188  )
( -8  -210  -188  )
( -23  -42  72  )
( 207  202  -10  )
( 20  42  -106  )
( -48  -131  91  )
( 194  188  -102  )
( 13  -209  246  )
( 116  -141  -87  )
( 215  -221  241  )
( 224  238  197  )
( 2  -245  -202  )
( -71  -215  -131  )
( -179  227  243  )
( -115  53  57  )
( -181  -230  4  )
( -0  -34  166  )
( 106  140  -35  )
( -17  -75  -99  )
( -171  48  38  )
( -149  -239  71  )
( 13  -156  -200  )
( -176  188  1  )
( 49  -189  48  )
( -205  -212  201  )
( 99  68  115  )
( -170  46  173  )
( 219  -168  47  )
( 92  -207  115  )
( 115  -184  -248  )
( 181  204  -56  )
( -249  5  -2  )
( -40  217  4  )
( 228  35  237  )
( 44  -38  167  )
( 120  -174  -75  )
( -114  -75  -131  )
( 239  -154  -240  )
( -43  248  244  )
( -149  74  120  )
( 231  116  -121  )
( -111  -220  -100  )
( 163  -169  55  )
( 150  2  -170  )
( -124  -190  173  )
( -170  -234  -29  )
( 196  -206  129  )
( 115  68  -53  )
( -29  194  -192  )
( -77  -113  28  )
( 43  -203  -205  )
( -189  142  122  )
( 61  -164  50  )
( 145  -108  135  )
( 21  -37  -23  )
( -240  -157  24  )
( 134  -30  -26  )
( -69  54  223  )
( -206  -111  202  )
( -44  170  -207  )
( 185  -208  -247  )
( 55  38  -193  )
( 125  103  0  )
( 173  -198  21  )
( 112  -179  164  )
( 240  -85  90  )
( -171  -113  11  )
( 192  85  74  )
( -135  33  -106  )
( 193  -78  -195  )
( 69  -9  -151  )
( 4  235  -84  )
( -129  169  218  )
( -30  -141  -74  )
( 211  -123  207  )
( 2  21  -62  )
( 14  129  -124  )
( 55  113  179  )
( -247  231  223  )
( -104  131  -234  )
( -121  -3  -225  )
( -92  -162  137  )
( -84  0  242  )
( 47  -198  -248  )
( -74  12  -66  )
( 150  194  -85  )
( 24  68  -108  )
( -11  160  -1  )
( 161  145  103  )
( 126  42  211  )
( -121  -146  225  )
( 30  -154  -109  )
( -79  -130  191  )
( 24  -37  73  )
( 212  177  139  )
( -191  -221  174  )
( -43  -5  75  )
( 140  35  -200  )
( -230  -99  68  )
( 40  129  137  )
( 214  168  164  )
( 102  61  151  )
( -92  157  -158  )
( 18  -65  -106  )
( -33  -224  111  )
( 39  -176  110  )
( 176  -90  -73  )
( 70  20  25  )
( -58  -216  -234  )
( 146  151  81  )
( 56  241  161  )
( 46  30  212  )
( 138  212  -74  )
( -33  -47  153  )
( -131  -200  -120  )
( -15  128  4  )
( -169  112  -224  )
( -179  33  240  )
( -209  -14  205  )
( -75  88  -157  )
( -51  175  -241  )
( -7  94  -126  )
( -238  -247  -15  )
( -140  170  235  )
( -189  -19  -43  )
( 186  -194  178  )
( 111  -244  148  )
( -159  -40  -57  )
( -161  -240  97  )
( -212  -155  30  )
( 162  -67  -85  )
( 199  25  -63  )
( 79  169  -89  )
( -77  -24  -152  )
( -29  -245  -56  )
( 235  -106  -127  )
( 183  193  -226  )
( -108  232  227  )
( -165  97  -237  )
( 160  -95  -30  )
( 59  -227  246  )
( -220  59  69  )
( 134  72  141  )
( -181  219  23  )
( 219  -179  -81  )
( 9  119  80  )
( -67  236  185  )
( 124  69  100  )
( 239  -181  -114  )
( 31  67  141  )
( -159  -175  -16  )
( 136  248  127  )
( 174  39  -218  )
( -222  90  40  )
( 133  -3  240  )
( -60  -102  241  )
( 116  -95  -176  )
( -128  -143  -71  )
( 52  221  -228  )
( 167  -42  -209  )
( 155  -60  226  )
( 19  -66  194  )
( -187  142  -194  )
( 245  -50  -14  )
( -42  3  245  )
( -132  79  -148  )
( -205  -173  -152  )
( 36  -193  185  )
( -183  -212  -227  )
( -89  199  -31  )
( 178  -227  -228  )
( 181  47  37  )
( 112  -140  63  )
( -118  -247  -125  )
( 237  99  183  )
( 237  75  -149  )
( 164  176  136  )
( 47  133  135  )
( 102  173  19  )
( 89  218  158  )
( 170  111  90  )
( 233  -2  241  )
( -44  -52  9  )
( 16  200  225  )
( 231  84  -243  )
( -97  -159  -151  )
( 99  97  -67  )
( -1  -164  73  )
( 206  74  64  )
( 237  45  4  )
( 102  197  -235  )
( -7  -228  63  )
( 166  -214  -53  )
( -2  -113  112  )
( 138  -234  -92  )
( 224  199  -90  )
( 82  -208  61  )
( -55  81  64  )
( 138  -65  19  )
( -94  -180  42  )
( 139  81  -188  )
( -30  -186  -100  )
( -212  33  248  )
( -192  128  -205  )
( -202  200  79  )
( -189  -172  159  )
( -224  -161  3  )
( 202  111  -47  )
( 84  -173  -97  )
( 141  -79  -112  )
( 116  -151  239  )
( 221  92  245  )
( -148  201  248  )
( -165  27  97  )
( -4  -244  -30  )
( 34  144  -18  )
( -107  105  -25  )
( 27  214  234  )
( -107  -36  -6  )
( -137  221  23  )
( 82  -19  177  )
( 62  45  88  )
( 29  18  62  )
( -189  -212  -184  )
( 209  -74  -33  )
( -40  -99  219  )
( -32  -188  121  )
( -211  31  -95  )
( 144  108  71  )
( 49  -224  -16  )
( 44  61  75  )
( 55  -154  -184  )
( -108  -165  -110  )
( -37  99  245  )
( 182  153  -28  )
( 232  -153  235  )
( 224  -244  135  )
( -20  232  92  )
( -165  -88  50  )
( 45  238  132  )
( 95  9  213  )
( -214  -173  199  )
( 154  181  -64  )
( -61  -108  198  )
( -228  -16  -23  )
( -62  -175  46  )
( -181  128  -95  )
( -242  59  -46  )
( 163  -87  -193  )
( -90  76  157  )
( -235  -96  -221  )
( 134  -175  141  )
( 118  164  63  )
( -51  -70  -42  )
( 3  111  166  )
( 215  150  94  )
( 136  -58  14  )
( 154  79  -212  )
( -0  29  -122  )
( -83  163  -141  )
( 14  -217  -164  )
( 200  83  219  )
( -141  236  -171  )
( 116  -207  -144  )
( -63  205  -248  )
( -31  -221  -115  )
( 197  229  231  )
( 49  125  -197  )
( -90  194  -212  )
( 188  112  -67  )
( -78  13  -37  )
( -65  -8  -228  )
( -233  -218  -69  )
( 32  -200  216  )
( 138  -99  -53  )
( 177  -249  -189  )
( -24  -152  -12  )
( -194  229  -24  )
( 130  -176  103  )
( -180  231  30  )
( -170  -100  -115  )
( 15  -183  239  )
( -249  59  176  )
( 234  186  105  )
( -228  0  -146  )
( 60  195  161  )
( -29  65  185  )
( -209  -105  -71  )
( -220  -148  167  )
( 44  97  68  )
( -194  -189  -141  )
( 110  -31  70  )
( -116  225  -126  )
( -191  -105  216  )
( -35  62  -229  )
( 214  -42  213  )
( -43  33  151  )
( -196  -18  180  )
( -27  -65  133  )
( -37  178  4  )
( 199  -49  192  )
( 70  234  190  )
( 149  -189  -106  )
( 82  152  68  )
( 190  171  -192  )
( -89  -180  236  )
( 97  -49  -24  )
( 187  -172  -125  )
( 89  238  -16  )
( 217  5  -118  )
( 35  206  -39  )
( -46  44  -82  )
( 125  -55  22  )
( -1  -242  -150  )
( -0  -141  174  )
( -128  -172  121  )
( 25  69  -95  )
( 158  -118  189  )
( 241  69  81  )
( 92  -106  -177  )
( -1  113  -164  )
( 211  -155  125  )
( -82  -190  204  )
( -49  228  -94  )
( -169  -233  -198  )
( -94  -156  200  )
( -137  -198  -1  )
( 150  -234  -159  )
( 11  -137  5  )
( 140  -45  -163  )
( -196  -229  -191  )
( 41  0  -185  )
( -239  68  -189  )
( 111  249  37  )
( 238  177  219  )
( -225  -5  196  )
( 76  -80  207  )
( -96  174  -198  )
( 212  -164  -101  )
( 9  37  83  )
( -190  90  -95  )
( 119  -65  -19  )
( 224  184  50  )
( 36  133  43  )
( 17  -211  -235  )
( 246  -99  21  )
( 153  165  -121  )
( 212  -49  62  )
( 40  215  -54  )
( -144  200  78  )
( 103  -34  -85  )
( 159  155  -228  )
( 222  -165  -238  )
( 41  -237  130  )
( 129  -239  75  )
( -244  182  198  )
( 174  -20  -96  )
( 50  -176  -65  )
( 94  237  60  )
( 46  39  178  )
( 44  -110  42  )
( -203  -149  76  )
( 152  112  104  )
( 136  7  -218  )
( 185  -111  -199  )
( -115  -210  172  )
( -146  214  108  )
( -246  -167  -208  )
( -148  217  23  )
( 172  170  -154  )
( -32  -8  -40  )
( 156  77  -198  )
( -68  225  -110  )
( -239  -151  50  )
( -191  207  -12  )
( -82  183  206  )
( 89  -11  -197  )
( -242  -207  -190  )
( -34  133  207  )
( 205  117  232  )
( 42  36  -25  )
( -111  -26  196  )
( 214  87  -6  )
( 161  -15  53  )
( -25  227  182  )
( 185  129  -147  )
( -72  -202  10  )
( 243  -60  236  )
( 0  -244  78  )
( 49  121  -69  )
( -147  -193  -99  )
( 249  49  -126  )
( -164  243  -134  )
( 75  -56  -78  )
( -60  110  -143  )
( 86  -141  133  )
( 137  139  -123  )
( -227  54  -127  )
( -12  200  -62  )
( 79  222  -93  )
( 178  -51  190  )
( 183  -115  99  )
( 13  -64  92  )
( 232  157  -116  )
( -149  -229  -193  )
( 71  -169  22  )
( 2  103  -20  )
( 77  -182  -34  )
( 9  -76  -172  )
( 55  207  119  )
( -75  -169  26  )
( 102  -139  -249  )
( -78  55  -62  )
( -27  -81  139  )
( -190  -168  239  )
( 235  -173  -196  )
( -94  108  0  )
( -233  -74  -20  )
( -16  5  -211  )
( -50  -29  223  )
( 37  -120  157  )
( 86  81  -83  )
( -232  -82  104  )
( 169  -26  94  )
( 77  -227  117  )
( 52  237  75  )
( 65  99  93  )
( 238  -21  12  )
( -9  204  188  )
( 51  90  -195  )
( -22  142  -27  )
( -219  49  216  )
( -72  -68  -175  )
( 88  170  169  )
( 169  -4  65  )
( 40  -99  -60  )
( 92  -96  28  )
( 95  143  216  )
( 60  -160  -167  )
( -242  -157  213  )
( -175  173  156  )
( -217  -180  -179  )
( -64  31  33  )
( -234  -35  -98  )
( 23  -168  7  )
( -21  -34  -25  )
( 76  -95  -193  )
( 15  67  131  )
( 37  -24  44  )
( 61  -62  -172  )
( -53  -27  67  )
( 144  -208  96  )
( -97  34  -219  )
( 132  -196  166  )
( 152  -164  39  )
( -92  -202  -171  )
( 75  39  152  )
( -56  -199  -24  )
( 73  -70  215  )
( -129  97  200  )
( 44  162  -144  )
( 37  237  -220  )
( 85  186  -0  )
( 141  237  71  )
( 31  63  -45  )
( 191  237  -179  )
( -123  125  156  )
( 27  149  -112  )
( 35  -201  244  )
( 205  -38  -203  )
( -30  -94  183  )
( 175  -147  187  )
( 195  -25  102  )
( -235  -57  89  )
( -3  -77  -12  )
( -126  -225  -76  )
( -204  20  12  )
( -72  98  -136  )
( -245  -143  -40  )
( -144  152  -145  )
( -5  203  48  )
( 197  -198  -141  )
( 101  113  149  )
( 159  -80  70  )
( -118  201  159  )
( -143  -183  9  )
( -187  85  46  )
( -210  -193  -115  )
( 26  -224  -30  )
( 247  -125  -8  )
( -105  -95  -128  )
( 232  89  3  )
( 1  70  -116  )
( -91  -81  182  )
( -12  -146  -72  )
( -240  -32  -24  )
( -97  -91  -78  )
( -216  -242  -121  )
( 14  -97  -188  )
( 98  -11  -131  )
( -245  68  -94  )
( -218  125  53  )
( 125  -210  -132  )
( -20  0  208  )
( -223  178  -147  )
( -141  -227  -244  )
( -114  192  -18  )
( -44  -42  -19  )
( 20  238  -84  )
( 35  -190  227  )
( -100  -156  -193  )
( -109  -57  72  )
( -70  54  -193  )
( -79  -45  -93  )
( 209  -64  170  )
( 62  -39  -106  )
( -174  -46  153  )
( 13  95  101  )
( 113  132  116  )
( -51  229  36  )
( 233  229  -221  )
( 138  -169  -233  )
( -239  97  -185  )
( 90  -87  97  )
( 57  128  -192  )
( -204  -60  -189  )
( 247  -127  -209  )
( 122  2  -137  )
( -20  77  221  )
( -249  238  -151  )
( -13  53  -163  )
( 55  222  -138  )
( -116  53  -142  )
( 98  -28  -117  )
( -96  -163  191  )
( -67  -172  89  )
( -40  -177  -235  )
( -169  -27  41  )
( 116  -24  -134  )
( 127  -238  -103  )
( 113  66  54  )
( 152  204  216  )
( -30  198  -234  )
( 147  37  -134  )
( 98  200  -124  )
( -96  76  155  )
( -96  -212  106  )
( 135  -82  219  )
( 135  69  70  )
( 169  208  31  )
( -123  130  -145  )
( -203  -225  -52  )
( 146  137  109  )
