( -0  -2  -62  )
( 38  91  -151  )
( 102  -216  119  )
( -112  -134  -3  )
( -127  222  108  )
( -183  -67  233  )
( -155  212  239  )
( -143  41  125  )
( 70  22  -180  )
( 16  -18  -97  )
( 238  157  -131  )
( 55  24  104  )
( 227  -1  194  )
( -177  243  -143  )
( -212  -81  199  )
( 46  21  -144  )
( 65  226  -162  )
( -231  112  -54  )
( -209  -50  207  )
( 134  -245  89  )
( -170  241  44  )
( -13  -225  60  )
( 93  -11  53  )
( -1  -188  96  )
( 225  -24  199  )
( -148  118  231  )
( 94  -186  137  )
( -204  -85  22  )
( 1  -20  136  )
( 245  51  -131  )
( -179  23  113  )
( -9  -60  -82  )
( -56  -244  111  )
( 100  157  217  )
( -120  -93  -58  )
( 220  -49  46  )
( -69  175  -238  )
( -85  236  -13  )
( 67  -185  101  )
( 163  192  -223  )
( -220  21  138  )
( -110  -67  -187  )
( -39  -91  -43  )
( -10  131  158  )
( -138  247  165  )
( 107  38  -33  )
( -197  157  249  )
( -128  198  -177  )
( -59  238  -89  )
( -47  200  -110  )
( -131  -63  46  )
( 24  64  249  )
( -148  -223  -174  )
( -74  -204  100  )
( -249  214  198  )
( 47  151  -50  )
( -117  243  -180  )
( -149  -218  -54  )
( 179  218  -82  )
( 180  -33  -30  )
( 6  103  215  )
( 11  -109  173  )
( 30  -42  24  )
( 139  148  90  )
( 118  -97  99  )
( 171  218  143  )
( -124  -198  65  )
( -57  -102  -224  )
( 204  48  -248  )
( -62  151  123  )
( 97  -89  137  )
( -124  -112  152  )
( 33  -14  -245  )
( 127  -69  -165  )
( 50  143  96  )
( 205  -197  -61  )
( 153  181  -135  )
( -158  204  28  )
( -216  -231  -2  )
( -31  120  -160  )
( -228  -68  -83  )
( -25  -194  -179  )
( -221  184  -24  )
( -147  227  143  )
( -67  -21  162  )
( -29  -183  -13  )
( -35  -116  22  )
( -73  -39  -91  )
( 48  -39  -6  )
( -1  93  22  )
( -204  -210  227  )
( -158  112  1  )
( 165  43  -248  )
( -29  204  -160  )
( -62  60  -24  )
( -110  15  -192  )
( -39  80  -102  )
( 129  126  33  )
( 230  -228  -80  )
( 212  -38  -180  )
( 152  -81  166  )
( 4  -191  -91  )
( 71  -225  -44  )
( 119  98  142  )
( -223  88  -224  )
( 69  10  87  )
( -210  91  46  )
( -48  -161  -69  )
( 223  64  -49  )
( 208  77  1  )
( 226  73  -163  )
( -224  162  -28  )
( -168  58  -105  )
( -71  9  -131  )
( -49  -139  -108  )
( -229  -240  100  )
( -30  -187  239  )
( -133  160  177  )
( -89  204  57  )
( 190  -249  49  )
( -182  -85  227  )
( 68  -157  80  )
( -149  -45  204  )
( -154  93  222  )
( 183  -86  195  )
( -43  101  -115  )
( -229  -146  -154  )
( 101  119  211  )
( -4  139  -166  )
( 210  -65  -114  )
( 173  -110  64  )
( 78  23  -17  )
( -9  -244  132  )
( -203  91  242  )
( -204  -82  -13  )
( 101  -98  -107  )
( -210  -92  -23  )
( -232  -2  -59  )
( -107  199  -100  )
( -202  -42  177  )
( 76  -34  153  )
( 130  -41  231  )
( -194  -149  -96  )
( 106  -123  -13  )
( -77  117  245  )
( -217  154  -25  )
( -29  -139  182  )
( -198  -185  -127  )
( 8  164  227  )
( 111  -40  60  )
( -240  -104  -185  )
( -229  -33  60  )
( -125  32  -77  )
( -86  18  179  )
( 117  -245  181  )
( -189  -128  240  )
( 60  -180  -163  )
( 17  -245  99  )
( 245  188  220  )
( 19  81  -178  )
( 198  55  128  )
( 32  -191  5  )
( -94  -7  -59  )
( -135  -51  138  )
( -202  -35  227  )
( -137  -174  148  )
( 48  221  -128  )
( 97  -248  70  )
( 45  -46  -56  )
( 7  91  107  )
( -73  164  -194  )
( -183  -15  112  )
( -64  -56  127  )
( 243  -161  58  )
( -193  132  -25  )
( -213  -235  -170  )
( 149  135  -234  )
( 82  129  -225  )
( -35  199  -166  )
( 75  187  10  )
( -196  -54  31  )
( -11  -87  68  )
( -193  -118  31  )
( 12  122  221  )
( 23  -245  145  )
( -117  -114  11  )
( -118  -37  -18  )
( 105  -246  91  )
( -29  -24  17  )
( 97  182  207  )
( -119  -88  -32  )
( -22  18  -229  )
( 78  -156  -107  )
( 237  186  -188  )
( -55  182  247  )
( 114  -140  -62  )
( -27  -164  -63  )
( 230  -1  203  )
( 129  -36  84  )
( 0  -90  66  )
( 249  -99  -223  )
( 92  -240  158  )
( 196  118  91  )
( 115  -201  -75  )
( 188  -89  27  )
( 132  206  166  )
( -246  -66  229  )
( 232  213  178  )
( 11  15  189  )
( -168  -240  -227  )
( 133  -141  -242  )
( 243  25  12  )
( -53  -209  -36  )
( 128  -140  50  )
( 212  -226  -52  )
( -75  73  33  )
( -185  63  -201  )
( -103  76  -153  )
( 193  183  65  )
( 79  -51  119  )
( 157  -117  238  )
( 160  4  -31  )
( -161  45  29  )
( 196  -0  -137  )
( -30  8  -225  )
( -225  63  73  )
( -149  -30  -22  )
( -6  -150  115  )
( 7  92  -122  )
( 167  -44  -152  )
( 235  -204  -224  )
( 19  -77  68  )
( -248  114  205  )
( -111  -154  -47  )
( 85  -111  39  )
( 116  -53  149  )
( -90  -238  3  )
( 74  -11  128  )
( 244  142  -163  )
( -180  -73  154  )
( 55  -98  191  )
( -249  101  -219  )
( 210  -119  9  )
( 132  -2  44  )
( -61  132  -207  )
( 221  223  142  )
( 156  236  -169  )
( -167  -115  -5  )
( 94  -88  -126  )
( 216  -64  108  )
( -180  220  248  )
( -49  159  -50  )
( 70  -24  203  )
( -173  114  -167  )
( 215  -137  -63  )
( -59  246  -32  )
( -65  141  227  )
( -183  221  -225  )
( 41  76  107  )
( -138  -44  -170  )
( -55  -241  88  )
( -124  101  -109  )
( 83  167  78  )
( -186  -175  206  )
( -238  -14  -79  )
( 54  -206  163  )
( 174  4  39  )
( 156  -62  -1  )
( 220  -33  -160  )
( 116  -129  70  )
( 17  237  -116  )
( -83  98  -155  )
( -215  -79  -65  )
( 97  -26  -75  )
( -199  -162  -98  )
( -184  147  -233  )
( -28  120  147  )
( 73  163  -193  )
( -29  162  -156  )
( -197  74  20  )
( 235  191  219  )
( -202  205  30  )
( -71  53  67  )
( -73  21  -185  )
( -147  -20  -230  )
( -55  195  193  )
( -150  -104  138  )
( -24  -217  -45  )
( -140  162  224  )
( 213  245  12  )
( -57  -241  -13  )
( 69  -108  72  )
( -78  -195  72  )
( -149  55  128  )
( -140  -68  -111  )
( -243  -23  -196  )
( 232  -213  112  )
( 90  -226  -3  )
( -82  -3  -210  )
( 224  246  38  )
( 65  -190  175  )
( 201  -174  -216  )
( -78  116  -46  )
( -227  86  225  )
( 83  166  79  )
( -112  -180  -21  )
( 36  111  119  )
( 210  -80  -92  )
( 107  85  137  )
( -182  49  -226  )
( -105  -130  -35  )
( -219  -207  221  )
( -33  -169  -154  )
( -129  239  -233  )
( 46  244  -29  )
( -27  34  144  )
( -20  94  39  )
( 63  -82  134  )
( 135  114  144  )
( 128  8  6  )
( -227  -193  19  )
( 54  -139  -7  )
( -15  249  -235  )
( 122  232  -148  )
( 6  25  -159  )
( 6  155  235  )
( 22  62  10  )
( -190  -96  3  )
( -243  -138  -203  )
( 68  -70  -129  )
( -190  -92  111  )
( -64  33  186  )
( -70  189  116  )
( -218  120  81  )
( 93  -236  199  )
( -135  -216  191  )
( -243  142  -246  )
( -84  184  193  )
( 163  -70  -49  )
( 49  -183  -85  )
( 241  244  -114  )
( -193  -28  243  )
( -176  123  165  )
( 205  173  13  )
( 149  87  -208  )
( -15  116  209  )
( -113  -45  108  )
( -175  220  -85  )
( 104  -206  -224  )
( 2  206  79  )
( -159  -34  -152  )
( -234  -220  60  )
( 148  48  -244  )
( -82  20  129  )
( 45  26  28  )
( 209  49  -66  )
( 192  -16  46  )
( -187  92  94  )
( -97  -153  -40  )
( -91  -114  180  )
( 43  -235  4  )
( -117  97  -241  )
( -43  -38  230  )
( 7  -88  -238  )
( 221  98  71  )
( -155  164  218  )
( 146  -248  154  )
( 196  -96  85  )
( -184  190  203  )
( 197  -72  -244  )
( 31  5  -113  )
( -98  -194  79  )
( 171  -88  -188  )
( -184  -210  26  )
( 208  -94  136  )
( -222  -146  11  )
( -9  -80  -210  )
( 185  194  -78  )
( 210  -67  -72  )
( 70  -101  -94  )
( 37  209  126  )
( 83  7  -149  )
( -12  -108  0  )
( -80  -70  -149  )
( -40  -34  -222  )
( 81  -105  -245  )
( -189  -99  -33  )
( 215  -100  -249  )
( -79  -153  107  )
( -42  -10  176  )
( 219  -15  -232  )
( 98  -53  187  )
( -193  29  -4  )
( -135  29  -160  )
( -131  -188  9  )
( 108  -103  -16  )
( -80  -1  31  )
( 132  -152  247  )
( -232  218  -98  )
( 125  -242  -17  )
( 7  105  159  )
( 20  35  -17  )
( -90  93  102  )
( 138  -117  91  )
( 26  -233  111  )
( 160  220  70  )
( 27  -199  155  )
( -131  142  -202  )
( -28  -243  -151  )
( -202  -59  -63  )
( 231  211  114  )
( 32  -227  -1  )
( -74  1  -151  )
( 134  -163  98  )
( 134  42  -4  )
( -177  162  73  )
( -215  42  17  )
( 165  97  236  )
( 140  216  -176  )
( 249  -230  -50  )
( 83  -161  -172  )
( 149  -195  -104  )
( 71  116  135  )
( 16  -44  217  )
( 211  -15  -52  )
( -127  -61  -202  )
( -217  -164  60  )
( 74  -102  -39  )
( -23  32  -88  )
( 74  22  -181  )
( 59  -48  -249  )
( 184  -176  -48  )
( -144  162  207  )
( -39  74  85  )
( -105  227  -143  )
( 183  -60  -56  )
( -213  192  11  )
( -98  -102  -109  )
( -124  -140  50  )
( 170  -153  -137  )
( 1  221  0  )
( -244  113  208  )
( -73  109  126  )
( 17  -191  -0  )
( 214  -43  -40  )
( -201  -247  -87  )
( -232  -62  -187  )
( 225  -56  138  )
( -122  -150  93  )
( -32  186  58  )
( 20  30  11  )
( 144  124  -9  )
( 115  -229  -12  )
( 78  66  110  )
( -152  200  -42  )
( 191  31  173  )
( -101  -53  -185  )
( -90  -71  14  )
( -46  -126  -54  )
( 103  -100  -183  )
( 245  -132  -67  )
( 8  -55  242  )
( 210  112  -105  )
( -24  -198  -47  )
( 144  199  57  )
( -86  -41  -227  )
( -47  -245  -55  )
( 190  -149  140  )
( 163  190  210  )
( 5  99  -196  )
( -89  -235  130  )
( 197  132  15  )
( -67  -88  -90  )
( -119  -75  -175  )
( 41  145  -59  )
( -171  -107  50  )
( -177  123  -170  )
( 110  -47  -82  )
( 37  -169  -139  )
( -62  162  -133  )
( -174  167  -183  )
( -149  172  107  )
( 21  -87  242  )
( -112  -113  -3  )
( 12  159  -78  )
( -114  30  78  )
( -201  138  -198  )
( 32  194  -140  )
( -113  -232  -205  )
( -95  -50  126  )
( -3  74  177  )
( -199  -78  -177  )
( -12  112  -99  )
( -246  223  27  )
( -63  -129  78  )
( -191  72  199  )
( 220  24  -229  )
( 143  204  -214  )
( 4  8  -133  )
( -165  217  -140  )
( 180  -23  224  )
( 60  89  179  )
( -220  -163  -234  )
( -19  77  225  )
( 220  -84  -186  )
( -219  116  -155  )
( -63  -65  -17  )
( -126  4  -202  )
( 134  -37  -130  )
( 152  -180  -60  )
( -30  14  -179  )
( 101  64  63  )
( 123  -14  5  )
( 180  -140  107  )
( 227  -189  -169  )
( 60  -59  99  )
( -69  -70  -132  )
( 188  -170  239  )
( -161  12  153  )
( 18  -133  103  )
( -198  193  -169  )
( -117  -146  197  )
( 230  -50  -161  )
( -230  3  216  )
( -152  124  -112  )
( 26  154  -81  )
( 239  15  -77  )
( 41  196  -120  )
( 167  186  173  )
( -237  -138  -98  )
( -230  216  -108  )
( 139  -246  -227  )
( 106  184  194  )
( 196  -209  -19  )
( 147  1  -77  )
( 37  48  100  )
( 139  -189  -47  )
( -36  152  -58  )
( 87  139  24  )
( 65  -156  149  )
( -199  -240  136  )
( 68  37  243  )
( -192  31  -197  )
( -219  -227  -170  )
( 172  -114  36  )
( 153  196  -197  )
( 29  114  229  )
( -11  180  194  )
( -183  -201  -34  )
( -73  -21  -183  )
( -156  -68  116  )
( 36  178  -102  )
( -176  72  62  )
( -53  -83  242  )
( -120  -137  30  )
( 7  112  -98  )
( -125  -154  -225  )
( -222  45  -89  )
( -238  -166  249  )
( -19  -199  -119  )
( -231  200  -30  )
( -230  83  -238  )
( -185  40  -53  )
( -200  -55  -125  )
( -169  190  -152  )
( 221  -188  181  )
( -44  122  -13  )
( 183  173  136  )
( -160  89  -138  )
( -20  -111  5  )
( 227  188  172  )
( -82  -158  224  )
( -57  186  96  )
( -203  -234  99  )
( 63  -72  -17  )
( -8  156  -223  )
( 11  148  -87  )
( -41  37  -126  )
( 189  -10  -202  )
( 199  -2  31  )
( -168  65  51  )
( -171  203  109  )
( -137  -83  211  )
( -17  95  -112  )
( 189  -102  -43  )
( -30  211  -201  )
( -184  165  -174  )
( -23  -125  -156  )
( -179  -96  80  )
( 167  159  -1  )
( 9  65  73  )
( -210  117  -72  )
( 131  -165  157  )
( -172  -224  -207  )
( 133  48  -56  )
( 205  -120  -141  )
( -135  183  145  )
( 126  -52  -137  )
( -93  0  -248  )
( -31  -219  -57  )
( -57  92  -85  )
( -224  245  24  )
( 152  177  122  )
( -211  -49  -103  )
( 237  126  216  )
( 181  165  -61  )
( 179  -205  20  )
( 188  -178  53  )
( 170  -103  -26  )
( -209  -48  121  )
( -41  -71  114  )
( -167  -13  -40  )
( -21  217  78  )
( 122  78  214  )
( 121  -15  -119  )
( 194  70  -166  )
( -78  -98  -208  )
( -71  61  -31  )
( 245  217  139  )
( -58  175  -82  )
( 114  -84  -191  )
( 75  225  128  )
( 136  -180  221  )
( 174  85  -18  )
( -192  147  -143  )
( 232  58  -101  )
( -201  -4  -36  )
( 179  117  -36  )
( -107  72  9  )
( 40  -137  -49  )
( -46  31  70  )
( 41  -177  -174  )
( 99  -74  -153  )
( -36  -142  118  )
( -23  -127  198  )
( -179  105  92  )
( 11  103  145  )
( 173  -56  -28  )
( -147  -80  117  )
( -28  -102  118  )
( 130  -71  127  )
( 228  -199  -169  )
( 82  170  -111  )
( -108  225  -50  )
( -41  223  -213  )
( 90  15  160  )
( 58  24  -84  )
( -187  -81  -93  )
( -208  125  56  )
( -248  65  106  )
( 210  -202  85  )
( 197  183  -34  )
( 212  -101  -219  )
( -227  7  -60  )
( 234  78  -140  )
( -228  -178  -246  )
( 206  76  -172  )
( -235  -165  -31  )
( -90  -57  -67  )
( -202  224  -0  )
( -3  17  101  )
( -125  24  83  )
( 26  201  120  )
( -106  -225  -212  )
( 216  -50  162  )
( 142  214  87  )
( -198  3  238  )
( 190  -178  -118  )
( -44  -12  208  )
( 221  -248  57  )
( 96  -205  -139  )
( 243  -108  142  )
( 33  151  58  )
( -216  104  128  )
( -151  127  -27  )
( 116  128  150  )
( 187  -160  156  )
( 129  188  0  )
( 44  23  -217  )
( 150  187  28  )
( 8  -138  -149  )
( 235  -79  243  )
( 192  164  175  )
( 193  4  224  )
( -169  -64  211  )
( -111  39  226  )
( 120  136  -159  )
( -199  -140  -174  )
( -114  93  -121  )
( -78  -88  21  )
( -216  -7  219  )
( -180  229  190  )
( -51  236  -86  )
( -163  -78  72  )
( 6  91  106  )
( -159  -188  -181  )
( -39  70  94  )
( -163  -89  230  )
( 71  -163  63  )
( -66  90  199  )
( 197  85  -71  )
( 106  -71  -49  )
( -7  -142  132  )
( -47  35  203  )
( 226  201  79  )
( -10  241  188  )
( -222  -158  -4  )
( 39  99  77  )
( -207  -190  123  )
( 97  25  -247  )
( 130  -18  -143  )
( 50  -111  225  )
( -219  -44  -23  )
( -242  231  232  )
( 173  69  42  )
( 121  32  240  )
( 104  -18  80  )
( -176  5  159  )
( 96  168  -1  )
( 216  41  -103  )
( 32  -123  69  )
( -65  -59  -88  )
( -223  239  66  )
( 19  -35  94  )
( 36  -220  -202  )
( -177  -93  220  )
( -173  213  -21  )
( 177  -12  80  )
( 139  -212  -103  )
( -154  112  -135  )
( 17  -25  137  )
( 203  233  53  )
( -121  4  100  )
( 189  -117  198  )
( -155  101  98  )
( 159  -145  24  )
( 208  -140  187  )
( 155  -77  80  )
( 222  94  113  )
( 249  -144  -54  )
( 208  167  226  )
( 63  70  -168  )
( -136  -70  -236  )
( -223  -8  -242  )
( -14  132  -199  )
( 13  -0  183  )
( -169  -131  160  )
( -59  -126  -234  )
( -150  -99  232  )
( -113  -59  31  )
( -169  121  -60  )
( -97  -13  -218  )
( 79  40  -1  )
( -54  152  161  )
( 81  22  -179  )
( -204  38  86  )
( -159  233  -120  )
( 228  -160  187  )
( -105  -212  43  )
( -125  49  -75  )
( 44  238  -90  )
( -243  -128  181  )
( 192  45  -208  )
( 180  -204  -177  )
( 184  -114  -18  )
( -245  55  70  )
( 11  -35  26  )
( -244  133  59  )
( 198  -134  -161  )
( 28  -112  85  )
( -249  -206  199  )
( -84  116  -175  )
( -137  -29  60  )
( 101  197  -247  )
( 143  -188  142  )
( -85  91  -154  )
( -165  114  72  )
( 149  -227  -70  )
( 125  133  -240  )
( 51  -66  -91  )
( -111  -223  -222  )
( 18  -20  -224  )
( -228  229  119  )
( 180  130  -0  )
( -138  -232  -56  )
( 113  138  241  )
( -179  -89  -173  )
( -114  -96  168  )
( 36  135  39  )
( -58  -162  192  )
( -98  239  -103  )
( 206  178  -16  )
( -188  -74  216  )
( -166  222  70  )
( -101  -80  -159  )
( 179  62  33  )
( -84  -112  136  )
( 2  125  9  )
( -135  -186  11  )
( 109  61  -62  )
( -113  186  -28  )
( -190  243  136  )
( 200  143  240  )
( 100  -221  -101  )
( 191  81  29  )
( -75  -151  -1  )
( 68  135  147  )
( 201  -133  97  )
( 170  -5  238  )
( -208  169  244  )
( -235  13  -167  )
( 71  138  -73  )
( 126  12  -174  )
( 38  51  -61  )
( -24  -190  47  )
( -24  -165  -43  )
( -124  66  -131  )
( 102  -13  166  )
( 237  -75  -225  )
( 222  -78  48  )
( 11  182  -83  )
( 23  -112  241  )
( -215  -244  27  )
( 64  164  -54  )
( 192  1  -226  )
( 221  -211  69  )
( 207  22  -37  )
( -153  -31  -219  )
( -2  1  -244  )
( -69  -126  18  )
( 185  6  32  )
( 148  -19  16  )
( -111  -15  97  )
( 181  -177  -22  )
( -244  -174  -25  )
( -247  191  -143  )
( 174  -9  109  )
( -124  18  -7  )
( 37  149  33  )
( 161  -116  219  )
( -80  -26  188  )
( 66  129  96  )
( 77  58  -68  )
( -233  186  212  )
( -190  -232  82  )
( -149  -54  -18  )
( -144  -132  58  )
( -130  -165  84  )
( -175  15  56  )
( 25  -151  -21  )
( 201  164  -54  )
( -45  231  37  )
( -209  -64  216  )
( -67  81  173  )
( 102  -163  -115  )
( 241  22  -225  )
( -58  123  -126  )
( 7  -106  -171  )
( -95  242  -116  )
( -81  -165  -109  )
( -89  -41  187  )
( -93  -119  194  )
( -223  -210  -68  )
( 52  126  -93  )
( 124  184  -209  )
( 55  236  -41  )
( -177  -236  30  )
( -34  -8  -25  )
( -184  19  -128  )
( -200  -244  27  )
( -212  138  -65  )
( 224  239  140  )
( -207  -72  236  )
( 40  234  -12  )
( -41  226  -240  )
( 129  -94  -43  )
( 68  213  199  )
( 151  119  196  )
( -149  162  175  )
( -164  162  -76  )
( -95  224  -232  )
( -178  -233  176  )
( 221  -36  -3  )
( -137  60  -51  )
( -205  -173  39  )
( 130  -73  -208  )
( -158  243  -113  )
( -125  -180  -111  )
( -34  227  -225  )
( 105  -230  -70  )
( 170  -72  -179  )
( 77  -227  200  )
( -146  148  205  )
( 89  201  22  )
( 207  33  201  )
( 118  -148  96  )
( 100  -160  -7  )
( -86  181  93  )
( -170  192  207  )
( 49  134  61  )
( 126  -35  236  )
( 248  -219  -149  )
( 159  151  31  )
( 3  -38  76  )
( -200  -132  -199  )
( -213  -80  130  )
( 119  162  21  )
( -18  125  -44  )
( 210  -223  48  )
( -210  36  -229  )
( -72  -244  207  )
( -246  237  56  )
( -183  228  -186  )
( -134  -248  162  )
( 249  -119  -134  )
( -218  -135  243  )
( 233  188  -22  )
( 9  46  197  )
( 120  140  -54  )
( -117  131  182  )
( -241  -36  212  )
( 63  93  120  )
( -22  18  225  )
( 33  39  -189  )
( 147  -216  -131  )
( -172  -232  -68  )
( 48  -83  -155  )
( 84  120  -241  )
( -87  67  -81  )
( 3  -14  -194  )
( 59  34  -1  )
( 162  3  80  )
( -110  9  -183  )
( 162  60  165  )
( -176  -126  -155  )
( -30  -228  105  )
( 205  -135  228  )
( -153  36  89  )
( 168  173  -244  )
( -38  -56  -195  )
( -150  -92  2  )
( -149  -173  -132  )
( -95  107  -64  )
( 55  169  117  )
( 236  228  -118  )
( 229  -244  -192  )
( -194  202  160  )
( 162  -169  -22  )
( -37  194  -70  )
( -48  43  -29  )
( 239  146  151  )
( 155  -101  -27  )
( 36  141  11  )
( 85  71  137  )
( 213  132  -127  )
( -59  -115  -94  )
( -232  -87  -142  )
( 227  88  76  )
( -155  10  1  )
( 3  -9  -100  )
( 97  -26  63  )
( 130  -126  -95  )
( -72  175  81  )
( 47  -123  -151  )
( 44  -211  -213  )
( 149  93  42  )
( -124  -64  -85  )
( 150  -11  61  )
( -145  -36  154  )
( 29  31  190  )
( -196  148  69  )
( -45  209  -0  )
( -120  -41  -67  )
( 81  -48  -170  )
( 123  226  -119  )
( -192  -229  120  )
( -122  -123  73  )
( -60  15  -46  )
( 172  -56  -61  )
( -190  -9  -17  )
( 240  -25  -129  )
( -209  -115  -149  )
( -57  143  240  )
( 7  210  -183  )
( -74  -192  -150  )
( -185  -157  -28  )
( -201  -239  155  )
( -176  203  40  )
( 25  -249  170  )
( 102  -230  -159  )
( -194  133  -51  )
( 248  127  18  )
( -185  155  -4  )
( 131  -162  -39  )
( 60  178  -114  )
( 19  147  -188  )
( -142  -209  246  )
( 202  71  185  )
( 195  35  187  )
( -22  195  149  )
( -182  238  -47  )
( -124  -48  -108  )
( 147  -160  126  )
( -92  54  24  )
( -101  142  197  )
( -208  -183  -175  )
( 227  202  -24  )
( -128  -108  34  )
( -191  29  -109  )
( 98  -93  -218  )
( -231  163  -74  )
( -155  45  83  )
( -179  150  192  )
( 176  173  131  )
( 230  212  190  )
( 232  15  -170  )
( -2  161  61  )
( 152  -212  -94  )
( 176  -47  -207  )
( -130  69  -41  )
( -143  204  -11  )
( -61  101  73  )
( -54  -189  -76  )
( 144  -164  141  )
( 74  19  -181  )
( 247  -150  -70  )
( -42  -179  170  )
( 107  226  123  )
( 107  161  80  )
( 217  156  -176  )
( 149  46  233  )
( 15  -139  34  )
( 54  -35  -2  )
( -99  7  -169  )
( 139  -155  -190  )
( -93  142  221  )
( -191  111  -128  )
( -27  66  -85  )
( -60  -34  176  )
( 37  74  -150  )
( 89  215  221  )
( 32  234  225  )
( 99  167  69  )
( -110  -154  16  )
( -44  -69  28  )
( 70  -92  -43  )
( 66  -25  -240  )
( 120  87  15  )
( -69  15  94  )
( -220  226  185  )
( 233  -224  -102  )
( -19  54  87  )
( -95  -89  -161  )
( -167  217  -66  )
( -189  98  -65  )
( -8  -0  48  )
( -236  164  -241  )
( -22  156  -35  )
( 132  -176  -225  )
( 186  100  244  )
( -95  -235  36  )
( -138  -122  -104  )
( 191  -218  95  )
( 100  126  218  )
( 229  -55  -217  )
( 67  30  23  )
( -103  70  56  )
