( -134  144  -17  )
( 109  -22  247  )
( 77  -167  115  )
( 112  -33  67  )
( 204  -64  23  )
( 46  140  -45  )
( -178  -132  -244  )
( -41  105  144  )
( 65  -193  126  )
( 121  -226  7  )
( -59  -149  178  )
( -202  163  73  )
( -37  97  -149  )
( 27  -186  -54  )
( -218  151  30  )
( 177  199  114  )
( 79  -160  -29  )
( 140  120  113  )
( -73  99  -17  )
( -99  -0  15  )
( -70  154  -114  )
( -225  -196  42  )
( 233  144  -90  )
( -93  -107  -33  )
( 198  -186  249  )
( 203  -22  207  )
( 55  -33  47  )
( 28  226  -111  )
( -122  165  226  )
( 249  -223  -217  )
( 238  206  239  )
( 76  132  202  )
( -192  -98  -229  )
( -176  -37  154  )
( 144  -237  -34  )
( -186  45  180  )
( -111  -207  -156  )
( 144  22  -103  )
( 145  83  39  )
( 121  130  42  )
( -209  98  234  )
( 13  82  221  )
( 85  -54  -35  )
( 31  163  -94  )
( -127  103  -191  )
( 21  -113  -105  )
( -56  -8  -205  )
( -148  -236  218  )
( -53  -45  -178  )
( -198  86  110  )
( 190  -236  34  )
( 118  -173  -181  )
( 136  104  -98  )
( -197  -165  -38  )
( -50  -247  -70  )
( -63  184  -33  )
( -70  80  -105  )
( 204  -93  -1  )
( 188  156  61  )
( 29  124  -163  )
( -120  -48  -56  )
( 107  85  -128  )
( -181  64  157  )
( 34  -37  227  )
( 86  -10  -81  )
( -199  248  143  )
( 208  14  91  )
( 77  -164  -234  )
( 21  -194  -1  )
( -236  137  -223  )
( 236  -52  -103  )
( 30  -172  152  )
( 36  79  80  )
( -4  -178  -189  )
( 242  -73  175  )
( 112  94  -171  )
( 176  1  -76  )
( -156  10  -168  )
( 53  196  123  )
( 22  123  -86  )
( 54  -210  -174  )
( -105  -156  -152  )
( 206  140  4  )
( -193  -154  -196  )
( -46  82  -29  )
( -126  19  246  )
( -187  -30  -34  )
( -40  -159  57  )
( 54  -233  -79  )
( 158  -118  -54  )
( 47  97  -177  )
( 48  234  40  )
( -206  -60  -233  )
( 146  -67  -57  )
( 55  86  146  )
( 137  -0  -215  )
( -173  -225  -66  )
( -88  39  42  )
( -88  -162  -242  )
( 161  -48  -169  )
( -239  -87  -237  )
( 228  -199  -212  )
( 36  199  -39  )
( -81  210  -95  )
( 48  -47  99  )
( 81  189  73  )
( 160  -135  -91  )
( -113  14  -219  )
( 112  241  82  )
( -96  236  -116  )
( -138  -167  -97  )
( 206  196  180  )
( -15  155  -151  )
( 11  169  87  )
( -77  -9  96  )
( -157  -47  -40  )
( -30  -122  111  )
( 26  -228  -115  )
( -53  -42  123  )
( 101  -100  40  )
( 68  -231  -33  )
( 197  162  234  )
( 95  -68  149  )
( 16  -231  211  )
( -25  225  132  )
( -154  102  249  )
( 114  228  -75  )
( 139  -249  241  )
( 88  61  -131  )
( 200  -13  56  )
( 37  197  206  )
( -51  148  -204  )
( 89  -92  54  )
( -223  233  9  )
( 242  -55  -191  )
( -63  57  -238  )
( 55  90  144  )
( -170  -163  107  )
( -63  -122  -105  )
( -19  212  183  )
( 223  -133  -28  )
( 33  14  234  )
( 123  -110  195  )
( 35  -12  -19  )
( -165  -44  241  )
( -128  -79  -143  )
( 96  -73  -52  )
( -40  -169  210  )
( 69  141  -169  )
( -42  -37  -117  )
( 232  129  -134  )
( 226  156  186  )
( 143  -41  108  )
( -128  -144  -211  )
( -85  -49  -204  )
( 57  185  30  )
( -78  -119  -217  )
( -101  200  105  )
( -92  25  -50  )
( -22  -80  217  )
( 88  150  37  )
( 206  37  -121  )
( 105  87  -215  )
( -70  -48  -15  )
( -213  93  -90  )
( -32  -237  192  )
( -213  -193  -182  )
( 39  201  63  )
( 75  -85  -235  )
( -35  -132  191  )
( -152  158  -167  )
( 83  -22  -112  )
( 99  -236  -109  )
( -200  29  -115  )
( -88  -8  -63  )
( 60  -5  126  )
( -82  -111  -6  )
( -66  40  -179  )
( 38  81  240  )
( 98  -97  -117  )
( -235  54  -75  )
( 85  195  -68  )
( 100  160  -114  )
( 235  -114  -197  )
( 156  110  -17  )
( 41  -49  -182  )
( -94  -32  -195  )
( -89  -188  -221  )
( 120  -197  18  )
( -152  -181  125  )
( -223  123  -168  )
( 46  50  63  )
( 172  96  -67  )
( -192  27  139  )
( -33  20  175  )
( 150  -133  166  )
( -37  -236  127  )
( -54  139  -134  )
( -8  -7  -247  )
( 199  -170  -82  )
( -52  -112  -117  )
( -219  9  -231  )
( 78  -205  59  )
( 14  -223  212  )
( -70  -124  -134  )
( 188  184  -242  )
( -184  95  -27  )
( 224  133  -60  )
( -103  117  -174  )
( -57  -39  -116  )
( 13  -86  -58  )
( 100  -53  37  )
( -41  -203  197  )
( -168  191  -123  )
( -215  -5  -34  )
( -73  -1  -130  )
( 227  -234  211  )
( -199  -62  235  )
( -103  -206  177  )
( -237  86  -183  )
( -181  -94  58  )
( -165  174  247  )
( -18  97  -227  )
( 242  69  146  )
( -150  132  36  )
( 55  63  -61  )
( -112  -179  -67  )
( -105  110  18  )
( 159  194  237  )
( -60  -175  183  )
( -0  -165  -241  )
( -213  198  -173  )
( -187  237  135  )
( 66  106  -48  )
( -193  228  -240  )
( -140  219  11  )
( -13  -181  -120  )
( -198  -227  90  )
( -245  -8  -0  )
( 109  -37  -30  )
( 48  144  236  )
( -232  71  192  )
( -66  -190  -103  )
( -214  -121  223  )
( -212  150  -177  )
( 139  -122  19  )
( 118  -3  128  )
( 211  -71  132  )
( 225  -189  -97  )
( -77  212  242  )
( -151  -12  -105  )
( -242  -213  -11  )
( -56  210  -248  )
( 48  -96  133  )
( 131  -3  203  )
( -133  73  246  )
( -32  -241  -193  )
( 234  -48  -183  )
( -103  -213  211  )
( 145  116  -99  )
( -171  -187  23  )
( -80  104  -225  )
( 124  -189  220  )
( 112  -114  99  )
( -246  54  79  )
( -206  -222  -186  )
( -166  52  188  )
( -195  -74  -42  )
( -154  119  -98  )
( -25  -47  -38  )
( -61  -124  -115  )
( 149  -49  220  )
( 34  -154  -49  )
( -122  77  -32  )
( 243  -50  123  )
( 230  31  28  )
( 158  77  -231  )
( 209  47  38  )
( 108  149  -212  )
( 124  202  164  )
( 207  -194  -30  )
( 92  -74  97  )
( -146  93  -167  )
( 137  138  9  )
( 48  -36  -90  )
( 53  -119  15  )
( 203  -224  98  )
( -31  83  -240  )
( 82  193  -11  )
( -213  153  5  )
( 3  -72  128  )
( -230  -225  -76  )
( -234  -118  243  )
( -162  213  188  )
( -35  209  -198  )
( -42  65  -224  )
( -58  17  97  )
( 191  -75  -160  )
( -22  -38  28  )
( -80  103  241  )
( -25  -118  61  )
( 2  135  32  )
( 46  113  55  )
( -246  174  -243  )
( -70  -140  -119  )
( -100  104  -201  )
( -185  -182  209  )
( 40  188  -23  )
( 51  -187  8  )
( -45  -184  -79  )
( 223  -61  -111  )
( 122  -164  107  )
( 168  -124  184  )
( 93  59  209  )
( -189  131  -134  )
( 88  6  -220  )
( 231  183  -207  )
( 56  5  -188  )
( 4  222  171  )
( -212  -116  61  )
( 192  46  -71  )
( -73  132  -74  )
( 56  224  -36  )
( -236  -14  -89  )
( 121  208  36  )
( -174  56  109  )
( 200  214  1  )
( -76  146  -66  )
( -54  230  -227  )
( 79  153  43  )
( 1  197  78  )
( -210  80  -127  )
( -67  43  -119  )
( 193  110  -147  )
( -234  -122  219  )
( -178  -123  142  )
( -40  -185  32  )
( -78  -115  40  )
( 105  -123  127  )
( -137  167  179  )
( 101  -153  -86  )
( 73  -96  -151  )
( -52  -115  -125  )
( 241  -74  -151  )
( -19  -101  224  )
( 236  -173  174  )
( 184  190  -78  )
( 47  -118  -207  )
( 70  28  202  )
( -194  -81  140  )
( 146  -151  -47  )
( 71  -220  94  )
( -66  -146  -229  )
( -203  -50  13  )
( -95  -122  -151  )
( 150  217  -102  )
( 8  84  -5  )
( 60  -154  21  )
( 168  104  62  )
( 147  -18  108  )
( -183  -17  105  )
( 220  146  190  )
( 204  -58  -73  )
( -15  -146  -80  )
( 158  247  -71  )
( -166  3  140  )
( -15  78  -42  )
( -248  -212  -242  )
( 73  -30  -117  )
( 140  76  225  )
( 231  -116  -218  )
( -164  -180  -225  )
( 101  121  182  )
( 91  -134  -187  )
( -120  -243  59  )
( 143  148  -68  )
( 12  -91  -17  )
( -239  97  155  )
( -202  -122  -50  )
( -71  -166  -69  )
( -135  84  -231  )
( -239  1  -156  )
( 40  173  -54  )
( 200  62  -82  )
( -72  -48  -69  )
( 227  -180  -222  )
( -29  135  126  )
( 76  45  -205  )
( -170  -144  -215  )
( 174  -60  -6  )
( 209  -56  -200  )
( -4  -100  -234  )
( -93  -35  -67  )
( -229  -151  52  )
( 5  24  134  )
( -207  -85  157  )
( -191  94  -81  )
( -221  -171  93  )
( 191  -219  -64  )
( -95  -141  -116  )
( -47  45  89  )
( 235  -156  -50  )
( 81  -236  30  )
( -32  200  -148  )
( -139  -54  -165  )
( -40  196  -12  )
( 38  115  -146  )
( 100  -44  -189  )
( -199  207  215  )
( -202  228  -176  )
( -58  -140  2  )
( -181  -13  -148  )
( 11  -92  -0  )
( -86  112  24  )
( -39  76  164  )
( -106  -222  110  )
( -18  225  95  )
( -228  82  -101  )
( 32  -12  -127  )
( 36  -94  13  )
( 78  -71  201  )
( -235  52  150  )
( 16  -135  -112  )
( 69  -165  -207  )
( 134  105  192  )
( 204  37  148  )
( -205  1  141  )
( 6  190  196  )
( 124  -37  -114  )
( -58  18  19  )
( 132  -166  -77  )
( 110  -12  231  )
( -36  -5  -229  )
( 112  81  -198  )
( 20  -120  61  )
( 142  -143  -90  )
( -160  -59  -183  )
( 222  -106  206  )
( 191  113  -232  )
( 194  -142  -119  )
( 244  162  154  )
( 172  215  -78  )
( -45  -198  189  )
( 18  20  -82  )
( 160  -23  -243  )
( 87  2  -226  )
( -137  -110  -212  )
( 74  14  21  )
( -248  -150  101  )
( -127  -14  222  )
( 74  137  -127  )
( 136  -43  7  )
( 194  -47  215  )
( 149  185  -225  )
( -74  245  28  )
( -242  -200  21  )
( -8  -73  -91  )
( 158  -7  145  )
( 158  -180  -129  )
( 239  179  149  )
( -138  -110  -154  )
( 164  -130  46  )
( -159  221  125  )
( -112  171  36  )
( -230  -120  192  )
( 139  247  -5  )
( -190  -24  -233  )
( -103  -191  -213  )
( 212  -101  -242  )
( 226  -89  67  )
( -15  -7  121  )
( 102  -154  -247  )
( 167  -83  -211  )
( -15  245  40  )
( -56  87  109  )
( -195  -83  158  )
( 189  3  114  )
( -228  156  161  )
( 232  -128  136  )
( 192  150  234  )
( 43  131  -110  )
( -29  -22  -121  )
( 106  43  -86  )
( -136  -40  232  )
( 197  -182  164  )
( -135  -74  -92  )
( 144  -238  -211  )
( 139  -116  94  )
( -36  -67  169  )
( 4  125  -161  )
( 208  -16  -140  )
( -227  -170  68  )
( 91  -177  -174  )
( 96  -181  43  )
( -16  -201  71  )
( -236  -164  -23  )
( -215  115  113  )
( 195  -225  -56  )
( -215  211  221  )
( 156  -211  -226  )
( 177  16  150  )
( -146  -194  247  )
( 63  -34  -151  )
( -214  -96  -178  )
( -2  128  -213  )
( 181  8  47  )
( 246  165  -205  )
( -149  -11  171  )
( 151  -228  120  )
( 203  -17  61  )
( -136  169  -111  )
( -116  226  -178  )
( -23  -34  -160  )
( -124  1  -221  )
( 118  59  -122  )
( -102  -85  -192  )
( -153  -155  -48  )
( -223  -246  37  )
( 72  -179  117  )
( -246  21  -5  )
( 164  -106  -151  )
( -211  33  83  )
( 170  -160  -55  )
( -198  -191  26  )
( -127  -233  -217  )
( -179  -1  61  )
( 212  169  107  )
( 1  200  81  )
( -93  113  -153  )
( 48  81  -241  )
( -241  34  -222  )
( 144  -194  -168  )
( -232  247  168  )
( 185  106  -94  )
( 194  65  -215  )
( 171  110  118  )
( -44  26  179  )
( 124  -243  97  )
( 166  57  -112  )
( -39  -161  181  )
( -51  129  -138  )
( -152  183  -207  )
( -231  -30  8  )
( -200  -108  -116  )
( 76  -151  -129  )
( -51  -19  -234  )
( -248  245  158  )
( 194  170  -127  )
( -157  20  127  )
( 249  -235  160  )
( 219  -81  86  )
( -178  216  -10  )
( 33  144  185  )
( -151  249  -167  )
( 127  129  -5  )
( 181  -171  216  )
( 196  105  89  )
( 132  110  120  )
( 158  225  55  )
( 54  -33  60  )
( -172  125  -38  )
( -110  -6  139  )
( -200  -185  -48  )
( -40  -235  -88  )
( -115  -46  -228  )
( 127  -193  74  )
( -169  48  -188  )
( -152  -31  173  )
( -25  249  -63  )
( 97  41  -60  )
( -43  127  -62  )
( 62  141  -133  )
( 236  201  233  )
( 205  -119  -21  )
( 247  147  116  )
( -239  -10  14  )
( -74  201  -10  )
( 44  8  120  )
( 229  207  -59  )
( -185  -196  189  )
( 193  -66  -228  )
( 234  -16  -27  )
( -25  -108  -173  )
( -242  147  -167  )
( -236  141  25  )
( 9  207  178  )
( 27  240  52  )
( 240  -172  137  )
( 179  34  -230  )
( 160  214  -64  )
( 96  220  240  )
( 80  -85  -240  )
( -224  -69  -95  )
( -48  31  -32  )
( 224  211  -85  )
( -42  9  84  )
( -227  179  -63  )
( 205  120  -79  )
( 86  -137  143  )
( -230  -1  82  )
( -38  148  240  )
( 132  224  -188  )
( 154  148  21  )
( 225  -68  70  )
( 123  103  -91  )
( 206  106  -151  )
( -174  -93  212  )
( 212  -128  -64  )
( -33  47  12  )
( 170  159  -190  )
( 63  -83  123  )
( -129  -219  42  )
( 110  -59  144  )
( -232  143  -131  )
( -221  -67  -174  )
( 112  150  202  )
( -130  85  162  )
( 132  -139  113  )
( -202  221  -79  )
( 227  -166  109  )
( 174  -214  -77  )
( 127  -237  -21  )
( 126  224  195  )
( 129  113  -115  )
( 105  -135  -132  )
( -131  57  -233  )
( -190  -12  58  )
( -38  -189  -99  )
( 34  -15  240  )
( 65  -212  129  )
( -246  70  -150  )
( 224  -77  232  )
( 184  238  -29  )
( 153  -229  -246  )
( -38  177  -7  )
( 204  -54  147  )
( -74  -51  -48  )
( -134  161  71  )
( 228  -57  233  )
( 170  30  -219  )
( -1  61  -21  )
( 95  0  -84  )
( 214  -41  132  )
( 9  -167  -54  )
( -229  199  -234  )
( 36  -232  66  )
( -109  -80  55  )
( 96  -71  -177  )
( -62  185  -117  )
( 153  -176  -105  )
( -108  -186  41  )
( 75  12  -105  )
( 74  113  -130  )
( 21  -137  117  )
( 29  -209  -1  )
( 184  199  235  )
( -180  -228  -100  )
( -226  41  137  )
( -119  173  100  )
( -64  -136  198  )
( -218  216  -209  )
( 145  -87  134  )
( -225  82  63  )
( 134  -117  11  )
( 54  -249  83  )
( -161  46  62  )
( 104  -151  203  )
( 181  107  34  )
( -230  126  179  )
( -99  -66  -183  )
( -63  -60  118  )
( 62  -147  213  )
( 114  62  -178  )
( -149  -121  124  )
( -88  -55  89  )
( 40  -77  151  )
( 223  244  65  )
( -159  -31  27  )
( -179  163  214  )
( -70  -69  -165  )
( -196  86  -107  )
( -189  -234  -164  )
( 113  57  -176  )
( -174  -195  54  )
( -193  -43  86  )
( 25  55  218  )
( 42  -139  -233  )
( -231  -184  154  )
( 31  163  -77  )
( -1  162  140  )
( -207  75  -226  )
( -148  -16  -234  )
( -204  166  93  )
( 84  -60  -42  )
( 201  41  43  )
( 199  -72  -0  )
( 158  225  -147  )
( 112  247  32  )
( 59  -102  30  )
( -77  -33  107  )
( 140  -193  80  )
( 125  -130  -237  )
( 99  230  -244  )
( -203  46  -235  )
( -154  141  180  )
( 31  153  -19  )
( 192  -177  -70  )
( 243  207  191  )
( 16  152  -25  )
( -48  -95  119  )
( 173  159  -18  )
( -184  -220  133  )
( -2  185  37  )
( 225  170  -98  )
( 88  23  95  )
( 88  -10  191  )
( 135  -40  -192  )
( 72  -10  109  )
( -65  205  -25  )
( 237  113  116  )
( -179  -184  157  )
( 112  148  -34  )
( -84  160  -236  )
( -243  34  -113  )
( -60  220  171  )
( -67  53  41  )
( 29  188  184  )
( -246  -62  -187  )
( -210  124  121  )
( -167  -129  56  )
( -12  -64  80  )
( 104  -20  162  )
( 160  -69  -3  )
( 55  -127  161  )
( -94  -139  -126  )
( 228  144  -156  )
( -195  -2  18  )
( -213  168  140  )
( 217  -53  146  )
( -199  118  -14  )
( 120  35  -213  )
( 43  173  -121  )
( 212  41  -149  )
( 236  45  99  )
( -10  177  134  )
( 33  202  243  )
( 135  -189  3  )
( -147  -185  -217  )
( -82  243  36  )
( -135  95  -249  )
( 234  -183  -218  )
( -121  -153  -211  )
( 235  132  -85  )
( -125  38  215  )
( 75  -64  116  )
( -150  24  -122  )
( 249  243  -2  )
( 162  -173  -74  )
( -61  -52  -54  )
( 139  86  -57  )
( -206  198  -185  )
( 170  -202  0  )
( 78  -85  15  )
( -127  160  237  )
( -126  -52  -102  )
( -203  -5  63  )
( -62  -106  86  )
( 193  36  248  )
( -126  -30  131  )
( -26  -230  78  )
( -170  -208  95  )
( -17  137  -117  )
( -36  70  240  )
( -192  -102  -178  )
( 189  -229  134  )
( 162  6  -97  )
( -5  103  157  )
( -119  -13  66  )
( 96  -232  176  )
( 227  -211  -106  )
( 50  -210  7  )
( -199  -235  -134  )
( -176  -213  59  )
( 26  94  -220  )
( -227  107  207  )
( -33  -241  199  )
( 159  125  -114  )
( 220  236  240  )
( -12  45  -20  )
( 203  -242  -13  )
( -137  81  151  )
( -103  -138  101  )
( 212  -10  52  )
( -84  -186  -52  )
( 114  40  -10  )
( 127  -169  199  )
( -137  0  99  )
( -63  136  -25  )
( 150  248  -206  )
( 243  -211  116  )
( 82  -1  206  )
( 57  228  35  )
( 51  -132  -143  )
( -34  133  -163  )
( -96  89  -42  )
( 213  104  102  )
( 125  -135  140  )
( 132  -18  -129  )
( 155  -79  186  )
( 201  -104  -25  )
( -90  -106  -222  )
( 167  176  204  )
( 91  179  118  )
( -137  36  -124  )
( 62  -177  127  )
( -176  -12  -161  )
( 163  -47  -110  )
( -154  -50  -155  )
( 236  -226  -176  )
( 4  -36  181  )
( 118  -130  -131  )
( 44  -192  155  )
( -140  148  158  )
( -141  -127  26  )
( 172  -158  -216  )
( 116  -90  -191  )
( 107  84  -234  )
( -91  249  116  )
( -171  144  -18  )
( -37  126  230  )
( 53  -230  -29  )
( 150  -140  9  )
( -129  85  205  )
( 212  130  -241  )
( -226  -153  -170  )
( -141  -162  197  )
( 159  77  247  )
( -200  -20  45  )
( 167  -190  153  )
( 38  -237  93  )
( -222  226  219  )
( -84  117  58  )
( -5  231  209  )
( -173  -128  31  )
( -93  44  -236  )
( 56  222  -51  )
( -131  -213  -92  )
( -196  186  -203  )
( 223  -18  -91  )
( -116  182  -174  )
( 206  178  -183  )
( -129  55  -135  )
( -1  23  200  )
( 247  211  -81  )
( -54  12  190  )
( 209  10  -70  )
( -204  -50  -10  )
( -220  -172  -188  )
( -123  105  -178  )
( -155  163  50  )
( 242  225  -30  )
( 40  -130  147  )
( -153  -180  163  )
( 243  -1  -231  )
( -156  -82  61  )
( -36  78  -90  )
( -246  -232  -104  )
( -200  73  146  )
( 166  -207  245  )
( -248  244  -200  )
( -99  -106  43  )
( 2  74  -52  )
( -34  159  -74  )
( 205  -167  -82  )
( -233  92  -89  )
( -222  78  -150  )
( -223  -126  -2  )
( -15  142  209  )
( 54  -242  -97  )
( 43  -164  196  )
( -36  61  -70  )
( 141  186  -95  )
( -12  203  -129  )
( 76  84  -180  )
( 214  -73  67  )
( -93  246  90  )
( 45  -48  -34  )
( -214  80  -171  )
( 23  93  -61  )
( -79  40  -149  )
( -172  67  232  )
( -48  -107  -249  )
( 66  134  146  )
( -39  38  149  )
( 34  -101  -182  )
( 195  -30  -174  )
( 220  11  182  )
( -31  13  168  )
( 129  -80  -177  )
( -229  -10  -24  )
( -109  97  125  )
( 177  150  6  )
( 49  91  181  )
( -142  132  -76  )
( -154  -234  236  )
( 150  240  210  )
( 54  109  1  )
( 213  -143  -154  )
( 48  -94  68  )
( 17  230  -55  )
( -186  232  -32  )
( -232  25  145  )
( 98  -247  -65  )
( -104  144  -132  )
( 66  -220  -234  )
( 41  -217  104  )
( 35  -73  195  )
( 172  101  -231  )
( -61  215  131  )
( -31  -82  47  )
( -92  146  175  )
( 81  74  -33  )
( 46  100  -81  )
( 59  130  60  )
( 36  -97  174  )
( 187  -88  -145  )
( 186  95  219  )
( 10  75  21  )
( 89  63  -139  )
( 192  -93  -4  )
( -205  -98  -101  )
( -77  -102  -17  )
( -89  -141  -84  )
( 182  246  212  )
( 165  44  41  )
( -194  90  -85  )
( -29  116  33  )
( -210  14  187  )
( 66  -99  18  )
( -237  -12  -212  )
( 52  -68  -72  )
( -226  -39  -244  )
( 99  136  235  )
( 155  -71  220  )
( 115  -225  129  )
( -73  -140  -103  )
( 82  118  -123  )
( 90  126  -167  )
( 159  45  -8  )
( 29  -137  -248  )
( 122  -159  -147  )
( 85  187  -72  )
( 138  -178  -76  )
( -144  -160  -154  )
( -249  -25  51  )
( -201  -221  66  )
( -18  113  153  )
( -107  -226  -220  )
( 238  9  -220  )
( -122  7  59  )
( 156  17  -100  )
( 174  102  151  )
( 216  50  -107  )
( 209  -123  -138  )
( 170  51  -151  )
( 226  168  61  )
( -206  -94  -37  )
( 245  134  -202  )
( -100  -0  103  )
( 137  -32  249  )
( -248  -27  93  )
( -84  -86  225  )
( -15  150  -222  )
( -188  -236  224  )
( -150  195  170  )
( 158  219  -220  )
( -81  80  -227  )
( -191  -168  -6  )
( -109  9  135  )
( 154  -69  -140  )
( -81  -248  -95  )
( -37  -183  -167  )
( -112  181  -75  )
( -238  -36  222  )
( 248  -83  -219  )
( 50  87  168  )
( 18  25  -128  )
( -62  187  -143  )
( 40  -127  -98  )
( 59  -3  106  )
( 174  60  -79  )
( -143  -148  6  )
( 167  -49  -127  )
( 217  -172  -47  )
( -113  -22  -112  )
( 143  -183  121  )
( 47  -199  102  )
( -217  -96  45  )
( -50  -219  175  )
( 28  106  -228  )
( -99  74  -76  )
( -215  179  36  )
( 205  183  42  )
( 1  109  -40  )
( -167  -44  -192  )
( 239  -114  214  )
( 101  -87  221  )
( 187  -204  -112  )
( 122  -194  -203  )
( 130  -221  -39  )
( -159  -98  182  )
( 12  -197  -24  )
( -38  -75  -125  )
( 88  -200  -194  )
( -193  138  102  )
( 186  -236  46  )
( -12  -1  -59  )
( 82  231  -111  )
( 147  -227  16  )
( -49  210  -120  )
( 208  -128  -232  )
( 178  -206  -45  )
( -224  -17  104  )
( 234  179  -188  )
( -19  -186  188  )
( 122  95  57  )
( -202  94  -41  )
( -237  2  112  )
( 230  249  -56  )
( 107  53  -183  )
( 170  -98  114  )
( 51  -33  -2  )
( -113  -247  -167  )
( -182  -159  117  )
( -199  -157  147  )
( -35  -228  -128  )
( 27  224  -235  )
( 3  10  192  )
( -152  66  233  )
( -247  -98  -18  )
( 188  96  -209  )
( 154  40  -153  )
( -156  -149  159  )
( -26  -21  -128  )
( -142  14  117  )
( 108  -21  -185  )
( -116  5  -144  )
( -21  48  -11  )
( -99  182  150  )
( -31  196  48  )
( 64  -102  -177  )
( 136  -131  245  )
( -192  74  173  )
( -155  -60  144  )
( -15  -44  82  )
( 35  -214  -186  )
( 65  -86  115  )
( -69  -228  68  )
( 64  246  43  )
( 88  -138  218  )
( -37  -231  -186  )
( 196  -214  98  )
( -95  -136  125  )
( -240  -140  -212  )
( -206  -128  -167  )
( 93  171  130  )
( -88  -11  22  )
