( 175  -249  147  )
( 178  -131  -149  )
( 60  127  175  )
( 157  -55  -22  )
( 224  174  -159  )
( 38  -128  -209  )
( -97  -247  1  )
( 241  180  -174  )
( 131  236  -146  )
( -212  147  45  )
( -182  14  241  )
( -210  -129  81  )
( 14  48  -149  )
( -2  -91  -40  )
( 205  -151  53  )
( 90  -224  -21  )
( 34  -242  204  )
( -124  74  102  )
( -60  63  -64  )
( -157  -140  235  )
( -60  -241  50  )
( 98  -153  -137  )
( 231  -167  -213  )
( 157  126  247  )
( -5  7  -244  )
( 98  50  97  )
( 249  -178  -13  )
( -114  -99  229  )
( -196  210  217  )
( 85  -45  -179  )
( -69  -119  231  )
( -2  -133  74  )
( 233  149  -30  )
( 136  -58  -126  )
( -64  -56  -151  )
( -1  8  97  )
( -26  47  -111  )
( 161  -132  -73  )
( -188  -151  223  )
( 3  -38  -249  )
( -32  -72  -27  )
( -209  -180  -116  )
( 30  248  -21  )
( 51  231  143  )
( 122  -92  140  )
( 211  195  104  )
( 127  106  -137  )
( -79  -94  -224  )
( -100  -207  37  )
( -37  -28  218  )
( -184  -144  118  )
( 146  51  -117  )
( -166  120  157  )
( -64  -160  89  )
( -61  71  224  )
( -123  -85  162  )
( 180  -69  67  )
( -248  7  191  )
( 116  130  -67  )
( 246  -47  142  )
( -239  -233  119  )
( 219  226  41  )
( -248  -115  -45  )
( -145  55  -16  )
( 45  52  -244  )
( 105  18  60  )
( 106  -63  -241  )
( -144  242  137  )
( 9  -45  215  )
( -94  60  99  )
( -243  -10  -63  )
( -223  195  -228  )
( 129  -18  -8  )
( -172  202  16  )
( -81  -150  93  )
( -139  240  183  )
( -125  176  -39  )
( 140  210  -178  )
( -155  131  -213  )
( 109  16  18  )
( -140  -112  21  )
( -67  -167  33  )
( -31  -225  -182  )
( -1  -222  -150  )
( -35  151  14  )
( -97  82  -75  )
( -170  235  -127  )
( 34  117  137  )
( -9  -114  246  )
( 77  -52  -145  )
( -186  35  -29  )
( 72  -186  -140  )
( -67  126  -225  )
( -221  204  165  )
( -211  -153  221  )
( -230  150  140  )
( -139  154  163  )
( -248  149  175  )
( -107  170  99  )
( 198  140  29  )
( 161  115  -168  )
( 154  70  9  )
( 186  207  110  )
( 61  -129  -119  )
( 230  -21  186  )
( -189  74  182  )
( -124  -138  -67  )
( 66  -228  -206  )
( -118  -133  -138  )
( -3  -14  -62  )
( 28  -183  -224  )
( 89  -193  -93  )
( 68  -183  -220  )
( 156  85  -84  )
( 186  120  241  )
( 196  -47  87  )
( -182  -202  153  )
( -168  -12  35  )
( -197  83  186  )
( 18  99  -171  )
( -249  -6  102  )
( -245  183  -135  )
( -218  -50  202  )
( -33  -186  172  )
( -219  14  160  )
( 68  247  -99  )
( -176  10  -119  )
( 62  -197  129  )
( -162  -61  -165  )
( 53  -212  -228  )
( 2  57  141  )
( 215  0  60  )
( 122  -216  -22  )
( -156  -142  5  )
( -40  -27  -71  )
( 213  -75  -6  )
( -78  -134  -4  )
( 190  -179  8  )
( -231  106  57  )
( 80  128  50  )
( 70  110  213  )
( 47  57  132  )
( 143  242  49  )
( 76  200  -46  )
( 72  -87  -80  )
( 97  -145  163  )
( -148  44  193  )
( -141  -208  64  )
( -81  -179  212  )
( 23  182  -93  )
( 241  -130  -146  )
( 36  73  -216  )
( -243  -32  -118  )
( 215  -19  212  )
( -160  179  -176  )
( 152  216  -229  )
( 84  121  -196  )
( -81  -181  225  )
( 18  -25  28  )
( -156  -51  -136  )
( 193  58  172  )
( 219  -52  178  )
( 116  22  -137  )
( 35  134  -89  )
( -34  -228  48  )
( -103  244  190  )
( 108  129  163  )
( -57  -162  158  )
( -177  160  203  )
( 154  146  94  )
( -146  -112  -139  )
( 47  48  198  )
( 246  48  12  )
( 24  -30  200  )
( -249  -214  36  )
( -118  -227  102  )
( 208  -19  -124  )
( 42  48  17  )
( -10  222  76  )
( -179  246  -117  )
( -144  178  71  )
( -130  -89  132  )
( 38  208  -27  )
( -73  -39  200  )
( -102  -130  -125  )
( 191  102  178  )
( -186  22  -242  )
( 156  204  -80  )
( -246  -143  -198  )
( 32  -199  -209  )
( 29  -56  33  )
( 68  3  -53  )
( 151  -53  -86  )
( 138  6  148  )
( -205  -24  32  )
( -149  120  221  )
( -102  144  178  )
( 50  32  240  )
( 38  -18  243  )
( 15  -26  19  )
( 115  55  -45  )
( 127  245  243  )
( 35  -124  175  )
( -91  -16  -74  )
( 235  0  -98  )
( -48  86  -9  )
( 129  232  -7  )
( -53  106  -145  )
( 168  228  -34  )
( -183  -207  64  )
( 21  -43  -45  )
( -117  157  53  )
( -227  -54  248  )
( -59  -208  48  )
( -106  -47  24  )
( -54  226  -1  )
( -173  120  35  )
( 84  237  236  )
( -165  -26  63  )
( 157  163  -215  )
( 224  51  221  )
( 30  119  229  )
( -172  38  -207  )
( 71  112  -136  )
( 197  2  150  )
( 133  -247  -129  )
( 108  -247  -179  )
( 209  -7  149  )
( 217  -73  232  )
( 26  -78  83  )
( 20  -71  -245  )
( 13  93  228  )
( 148  88  83  )
( 205  93  -152  )
( -21  125  78  )
( 81  1  239  )
( 19  104  27  )
( -169  -5  167  )
( -131  11  38  )
( 185  214  -203  )
( -54  201  60  )
( 186  107  203  )
( -158  -103  -23  )
( 19  -242  -45  )
( 106  110  68  )
( 7  124  61  )
( -112  -97  -198  )
( 51  -68  167  )
( 46  -88  -115  )
( 195  19  -9  )
( 176  -87  -168  )
( -47  233  75  )
( -128  -246  -141  )
( -222  25  176  )
( -67  231  -109  )
( -195  4  -52  )
( 234  136  172  )
( 152  24  -109  )
( 109  28  -99  )
( -37  107  -123  )
( 83  -121  208  )
( 70  172  119  )
( 1  75  17  )
( 246  -238  -127  )
( -50  140  213  )
( 139  108  -27  )
( -39  173  -34  )
( -183  21  -18  )
( -115  -211  58  )
( 41  23  -183  )
( 222  27  0  )
( -174  -29  -188  )
( 131  -76  249  )
( -197  24  -97  )
( 198  176  210  )
( -135  198  -24  )
( 186  128  -233  )
( 72  -141  -87  )
( -45  -195  -93  )
( -72  -221  64  )
( -246  -106  -89  )
( 16  -87  85  )
( 213  144  -150  )
( -61  226  -171  )
( -46  -205  -154  )
( 227  197  -163  )
( 180  -59  36  )
( 107  246  -236  )
( -209  -226  -49  )
( -113  -144  -192  )
( -87  -146  161  )
( -31  -199  117  )
( 12  29  160  )
( -15  -3  98  )
( -236  81  190  )
( 22  -84  188  )
( -37  134  245  )
( -215  -18  122  )
( -150  -131  -127  )
( 176  81  16  )
( 224  213  -167  )
( -148  111  -180  )
( -128  244  48  )
( -63  -34  135  )
( 94  -206  -114  )
( 37  78  52  )
( 7  -249  -211  )
( -184  200  107  )
( 29  -6  203  )
( 206  -12  176  )
( 55  216  78  )
( 215  45  -29  )
( -195  -74  -191  )
( 44  -58  205  )
( 44  21  6  )
( -134  -241  -195  )
( -62  -110  -118  )
( -138  -165  -137  )
( 186  -32  -141  )
( -64  -184  153  )
( -39  -140  -81  )
( 18  130  -108  )
( -212  80  32  )
( 102  115  228  )
( 175  -126  -92  )
( 189  -23  11  )
( 197  110  129  )
( -113  195  -160  )
( 249  -92  -99  )
( 213  199  -97  )
( -39  225  215  )
( -156  148  -190  )
( -121  202  -147  )
( -162  194  36  )
( 107  190  -198  )
( 233  -222  200  )
( -33  -103  66  )
( -211  247  116  )
( 114  -115  -46  )
( 56  -84  12  )
( -178  42  -26  )
( -37  -163  -205  )
( -196  112  114  )
( 51  236  160  )
( 246  -43  -19  )
( 150  237  -213  )
( 206  -87  125  )
( 101  39  -199  )
( -12  97  -31  )
( -45  27  -99  )
( 121  -8  120  )
( -231  -126  104  )
( -199  71  -67  )
( -93  218  162  )
( 110  -242  -207  )
( -1  13  21  )
( -57  -91  7  )
( 104  -84  103  )
( 124  -234  -168  )
( -4  -148  -84  )
( 113  -112  146  )
( 190  162  -136  )
( -202  -193  -7  )
( 132  53  -123  )
( 85  187  -145  )
( 201  6  -134  )
( -106  -158  -185  )
( -206  38  -57  )
( 183  162  141  )
( -27  220  234  )
( -32  -91  7  )
( 127  142  87  )
( -222  167  186  )
( 121  57  -84  )
( 92  56  178  )
( -134  -248  -46  )
( -199  168  -5  )
( -111  198  216  )
( -69  45  51  )
( -23  -221  -102  )
( -40  144  -48  )
( -124  220  6  )
( 71  -239  -11  )
( 128  10  -230  )
( 191  -209  -153  )
( 40  -134  29  )
( -106  62  166  )
( 93  -54  223  )
( 68  216  43  )
( -214  -163  165  )
( 69  -18  88  )
( 53  -226  -110  )
( -141  232  -28  )
( 239  -227  215  )
( -185  -63  0  )
( -16  -173  37  )
( 23  -57  165  )
( -72  -185  121  )
( -20  193  1  )
( -61  174  -172  )
( 167  -164  75  )
( 20  -164  -163  )
( 51  -23  142  )
( -108  118  -249  )
( 129  -161  37  )
( 201  53  178  )
( 70  56  1  )
( 64  0  -157  )
( -194  -17  -144  )
( -158  172  -92  )
( 238  -99  -79  )
( 202  -132  -198  )
( 246  -173  -65  )
( -166  12  -74  )
( -80  145  -87  )
( -214  -242  -165  )
( -136  192  36  )
( -104  229  -55  )
( 65  -97  91  )
( 184  103  217  )
( 141  -128  170  )
( -38  124  146  )
( 211  163  131  )
( -43  184  -15  )
( -33  -23  -170  )
( -231  120  27  )
( -230  -13  197  )
( 159  -123  -233  )
( 141  182  -144  )
( 242  70  185  )
( -156  150  99  )
( -229  -85  132  )
( 106  -5  -224  )
( 135  -146  85  )
( -43  12  226  )
( 206  225  117  )
( -131  185  -79  )
( 146  196  39  )
( -161  -248  177  )
( 91  62  141  )
( 148  -146  -84  )
( -100  -98  -180  )
( -170  235  -174  )
( 173  53  -204  )
( 166  -217  -98  )
( -7  247  -239  )
( 202  196  238  )
( 120  -95  -42  )
( -127  184  -28  )
( -142  175  -249  )
( 170  -197  187  )
( -169  160  -158  )
( 248  0  -195  )
( 67  161  209  )
( -242  -60  26  )
( -227  -205  -127  )
( 217  -123  -192  )
( 30  -242  207  )
( -226  -100  -114  )
( -2  21  193  )
( -95  -223  -240  )
( -146  -7  -75  )
( -201  67  -90  )
( 239  75  -145  )
( 119  83  -217  )
( -195  143  93  )
( -89  209  -221  )
( 80  195  -16  )
( 130  92  -154  )
( -82  -19  102  )
( 172  246  47  )
( 36  -205  -155  )
( -40  102  194  )
( 145  -44  -88  )
( -88  -119  -106  )
( -126  -35  97  )
( -190  -62  52  )
( 120  54  112  )
( -59  33  123  )
( 167  -90  130  )
( 130  123  -183  )
( 199  196  -55  )
( 137  -245  224  )
( 173  183  -186  )
( -231  -70  141  )
( -0  134  209  )
( 155  -73  74  )
( 233  161  -235  )
( 221  -61  18  )
( -17  -214  -232  )
( 201  139  91  )
( 128  -27  21  )
( 28  212  -219  )
( -194  155  -123  )
( -124  227  14  )
( 213  -44  -222  )
( 104  -140  147  )
( -82  -68  -164  )
( 47  -133  207  )
( 12  -189  -29  )
( 191  -46  166  )
( 173  222  101  )
( 157  -148  -37  )
( 78  68  136  )
( -218  -23  96  )
( -140  -178  20  )
( 143  188  -170  )
( -42  -126  122  )
( 236  181  212  )
( 59  -20  127  )
( -143  139  23  )
( 199  26  -133  )
( -242  -35  237  )
( -147  -141  185  )
( 23  5  -168  )
( 46  -81  15  )
( 172  22  121  )
( -5  -44  112  )
( 99  195  246  )
( 74  112  -97  )
( -209  -29  -238  )
( -46  151  181  )
( 180  -52  94  )
( 179  -162  157  )
( 205  210  70  )
( -24  -5  187  )
( -60  213  -11  )
( -185  125  136  )
( -166  127  47  )
( -197  89  81  )
( 164  94  111  )
( -47  -169  -221  )
( 208  -82  -235  )
( 193  -88  126  )
( -89  -107  71  )
( 127  -76  -22  )
( 123  211  243  )
( -148  -30  153  )
( -45  59  -84  )
( -161  -232  -51  )
( -246  220  -37  )
( 134  -15  147  )
( -181  -75  -174  )
( 46  117  18  )
( 202  -88  158  )
( -242  199  63  )
( -137  243  -3  )
( -89  115  -174  )
( -188  16  -183  )
( 87  -158  -192  )
( -246  -58  65  )
( 123  -229  -81  )
( -55  229  117  )
( -183  229  196  )
( 13  -86  -21  )
( -147  -138  39  )
( 63  -34  239  )
( 160  238  33  )
( 27  91  189  )
( 231  -39  -214  )
( 70  111  44  )
( -188  6  -128  )
( 61  -176  -122  )
( -114  -82  -211  )
( -207  -114  17  )
( 61  -108  42  )
( -38  188  157  )
( -194  143  -106  )
( 88  -218  145  )
( -22  38  -62  )
( 190  -71  -171  )
( -63  213  -94  )
( 112  69  -142  )
( 64  -41  -78  )
( 181  -67  -183  )
( 44  -109  -151  )
( -66  142  181  )
( 129  -30  -162  )
( 215  144  -85  )
( 73  131  -210  )
( 244  162  -222  )
( -59  60  -115  )
( 72  68  183  )
( 113  59  126  )
( -219  84  -150  )
( 80  -208  198  )
( 30  -50  130  )
( -176  25  -107  )
( -53  -177  8  )
( 157  39  141  )
( 204  -238  42  )
( 83  203  -245  )
( 95  65  45  )
( -37  218  68  )
( 177  -129  -51  )
( -125  238  244  )
( -85  226  184  )
( 200  -145  -65  )
( 150  193  -246  )
( -154  52  57  )
( 43  -98  228  )
( 112  248  -232  )
( -57  194  76  )
( -160  -236  125  )
( -184  97  -70  )
( -145  -138  -37  )
( -85  135  219  )
( 119  -160  -248  )
( 180  232  -59  )
( -146  -7  212  )
( -84  -82  51  )
( -181  85  96  )
( 108  -127  27  )
( 100  -183  78  )
( 59  6  -94  )
( 15  51  -73  )
( 209  -20  -170  )
( -56  -66  -209  )
( -117  -219  121  )
( -69  -121  -134  )
( 100  1  232  )
( 71  -249  -31  )
( -184  51  -225  )
( 68  -234  192  )
( -201  -51  -138  )
( -122  -201  -41  )
( 80  71  -139  )
( -204  -7  102  )
( 71  137  213  )
( -201  -228  -148  )
( -125  114  11  )
( 42  -215  -156  )
( -144  49  -167  )
( -172  -8  -137  )
( -4  -117  127  )
( 85  -230  -234  )
( -86  182  -212  )
( 115  -242  96  )
( -243  -109  67  )
( -83  -34  122  )
( 191  21  -140  )
( 26  -98  10  )
( -217  185  -199  )
( -27  37  -180  )
( -18  33  -22  )
( -191  108  -226  )
( -198  -244  138  )
( 97  -55  137  )
( -241  -160  6  )
( -44  233  -239  )
( -86  204  60  )
( -122  54  216  )
( -227  -125  -207  )
( 10  -126  -66  )
( 34  -65  -135  )
( -47  -22  -124  )
( -142  247  -132  )
( -22  157  186  )
( -18  -195  111  )
( 80  205  97  )
( -104  -150  -37  )
( 22  -89  75  )
( 118  222  -239  )
( 85  -81  50  )
( 25  91  -230  )
( -177  71  221  )
( 117  120  -72  )
( -44  24  -217  )
( 214  -22  121  )
( 25  192  96  )
( -111  -83  -235  )
( 81  -16  71  )
( -102  -136  -81  )
( 61  66  -247  )
( 162  104  218  )
( -130  206  -14  )
( -78  -215  -99  )
( -41  220  -155  )
( 85  100  131  )
( -78  146  -200  )
( 15  108  -90  )
( 10  -3  -165  )
( -205  37  208  )
( 47  111  155  )
( -6  -88  -136  )
( -156  -50  37  )
( -112  190  -57  )
( 2  -139  -140  )
( 56  -53  -147  )
( 45  55  16  )
( -0  -239  133  )
( 181  247  179  )
( -218  95  183  )
( 195  -91  -220  )
( 150  -59  -163  )
( 133  20  151  )
( 245  18  -153  )
( -114  -123  -49  )
( 166  -32  -67  )
( 15  65  134  )
( -31  88  -184  )
( 164  -89  64  )
( 173  -15  -90  )
( -58  -172  214  )
( 137  -89  -178  )
( 192  -97  193  )
( 147  190  -233  )
( -117  193  -4  )
( 62  249  161  )
( -161  160  -42  )
( 214  -120  34  )
( -146  218  -46  )
( 169  -246  241  )
( -230  -26  211  )
( 136  -17  -203  )
( -135  62  51  )
( -50  -139  -32  )
( 139  -133  85  )
( -197  64  175  )
( 123  -249  122  )
( -184  -132  13  )
( -142  -152  -114  )
( -96  241  81  )
( 197  155  -214  )
( -105  104  122  )
( -116  -219  61  )
( -163  -68  101  )
( 228  -199  -33  )
( -14  197  -168  )
( -210  131  192  )
( 186  -176  -32  )
( -112  -90  219  )
( 128  142  -177  )
( 48  -175  80  )
( -245  49  -172  )
( -227  -160  245  )
( -98  39  -1  )
( 177  58  -142  )
( -38  23  168  )
( -2  -68  -56  )
( 107  1  126  )
( -122  132  -61  )
( 164  -87  247  )
( 179  -221  -139  )
( 98  -89  -29  )
( -221  165  -66  )
( 15  163  -42  )
( 231  -228  201  )
( 193  -233  72  )
( -54  -41  -86  )
( 78  -184  -201  )
( -131  -243  193  )
( 196  -235  168  )
( 234  142  -84  )
( 237  147  -179  )
( 214  188  -5  )
( 114  -68  4  )
( -191  -225  141  )
( 62  -81  -202  )
( -115  84  8  )
( -210  39  -24  )
( -208  129  -160  )
( 167  210  38  )
( 106  144  -229  )
( 125  3  111  )
( -179  -99  167  )
( -57  37  -19  )
( 62  -240  93  )
( -157  -204  -180  )
( 61  203  -247  )
( -116  -109  -215  )
( 56  101  -170  )
( -49  -77  -204  )
( -161  -238  78  )
( -208  181  167  )
( -139  77  96  )
( 112  26  -158  )
( -162  29  237  )
( 204  39  114  )
( -223  100  36  )
( 184  147  -126  )
( -72  -232  3  )
( 141  110  86  )
( 185  -242  233  )
( 96  -157  -89  )
( 130  -172  -103  )
( 165  129  -236  )
( -16  119  129  )
( 151  195  -161  )
( -117  -88  63  )
( -193  161  105  )
( -233  191  -126  )
( -96  -59  193  )
( -19  -26  160  )
( -190  247  4  )
( -215  109  134  )
( 36  98  -83  )
( -215  217  178  )
( -198  87  225  )
( 95  -161  131  )
( -171  185  229  )
( -14  -112  -9  )
( 133  97  -131  )
( 175  -214  192  )
( -198  -7  -212  )
( -153  -3  198  )
( -27  -23  -217  )
( -45  -238  249  )
( 108  -130  49  )
( -213  140  200  )
( -194  -102  -135  )
( -7  -167  -232  )
( -185  -124  -192  )
( -171  -167  -66  )
( -228  95  -73  )
( 60  199  57  )
( -131  195  223  )
( -167  -47  48  )
( 238  -236  69  )
( -207  -119  96  )
( 78  80  -231  )
( 145  -233  -168  )
( -118  182  85  )
( 196  67  193  )
( 173  -106  -46  )
( -208  -24  -211  )
( 106  70  -49  )
( -102  -84  226  )
( 155  172  232  )
( -174  101  -145  )
( 31  -37  209  )
( 73  -42  84  )
( -1  94  -143  )
( 190  141  84  )
( 211  -210  5  )
( 247  -110  33  )
( -203  -232  -105  )
( -61  -228  134  )
( 204  207  -118  )
( -142  -68  -22  )
( 220  -248  164  )
( 247  87  -164  )
( -223  11  45  )
( 125  -100  140  )
( -38  7  17  )
( 95  188  205  )
( 20  -102  -190  )
( -213  137  197  )
( 212  -217  134  )
( -7  -108  223  )
( -173  188  116  )
( -38  34  -78  )
( -128  -133  75  )
( 69  52  77  )
( -129  -91  -84  )
( 21  46  -202  )
( 125  106  41  )
( -83  -33  159  )
( -70  -245  22  )
( -110  -16  -59  )
( -61  -137  -174  )
( 37  -217  48  )
( -108  42  30  )
( 26  -181  -94  )
( -183  -16  -218  )
( -176  204  -202  )
( -84  195  -164  )
( -95  185  184  )
( 135  24  -31  )
( 146  -102  248  )
( -125  66  196  )
( 224  211  -128  )
( -140  -245  -141  )
( 193  139  228  )
( -36  -233  48  )
( -86  -4  5  )
( -100  159  57  )
( -89  -237  112  )
( -124  -233  61  )
( 48  -173  84  )
( 196  -26  -91  )
( -103  116  27  )
( 125  225  87  )
( 55  142  167  )
( -165  -246  -115  )
( -222  -187  -47  )
( -196  -136  41  )
( 54  231  -198  )
( 129  -103  -128  )
( -157  64  -39  )
( 145  160  -123  )
( 164  -90  -66  )
( -181  14  208  )
( -111  226  150  )
( -98  88  -182  )
( -211  169  36  )
( 88  97  168  )
( -231  84  -209  )
( -82  -17  205  )
( -243  -221  -48  )
( 154  -145  235  )
( -102  72  86  )
( -107  -201  215  )
( -111  -118  -224  )
( 49  175  202  )
( -3  75  -39  )
( -202  -203  138  )
( -2  245  -77  )
( 180  45  -188  )
( -125  14  31  )
( -58  140  36  )
( 191  85  -247  )
( 194  -99  -1  )
( -49  74  112  )
( 51  165  239  )
( 17  -219  -54  )
( 81  -214  -44  )
( 49  -5  -145  )
( 61  8  -209  )
( -72  180  161  )
( -27  -228  224  )
( -145  -11  -141  )
( 115  74  226  )
( -229  139  -204  )
( 51  18  -131  )
( 246  191  226  )
( -10  -137  209  )
( 69  168  -83  )
( -29  35  17  )
( 242  110  -123  )
( 99  78  239  )
( 64  215  -41  )
( -98  176  236  )
( 96  -80  77  )
( -100  86  105  )
( -229  180  -19  )
( 192  -108  223  )
( 117  -103  -156  )
( 156  185  -140  )
( 125  77  -39  )
( -47  -27  69  )
( -156  219  181  )
( 89  -150  91  )
( -204  178  208  )
( 217  -188  229  )
( 16  225  248  )
( 131  159  -82  )
( -57  109  -119  )
( 72  -128  -67  )
( 167  -177  32  )
( -63  201  163  )
( -105  -0  -245  )
( 140  56  40  )
( -213  112  122  )
( 60  -161  -212  )
( -213  51  234  )
( 76  149  -45  )
( -88  -134  175  )
( 113  226  119  )
( 212  115  -92  )
( -49  190  -15  )
( 15  167  -35  )
( 15  213  221  )
( 68  -27  -177  )
( -2  97  -55  )
( 194  -210  -51  )
( 217  -9  -127  )
( -150  236  -62  )
( 247  21  28  )
( -74  -32  -175  )
( 123  201  -177  )
( 226  73  76  )
( 164  -73  -229  )
( -84  184  -111  )
( 119  -245  -126  )
( 33  79  -138  )
( -230  155  -55  )
( 218  -8  -162  )
( 71  -155  47  )
( -30  174  -101  )
( -212  166  116  )
( 128  110  176  )
( 185  14  154  )
( -117  -175  -220  )
( 32  -67  36  )
( -55  215  -144  )
( 70  30  -149  )
( -178  -244  -42  )
( -97  11  6  )
( -0  -96  159  )
( 219  122  -22  )
( 119  -198  105  )
( -165  85  52  )
( 50  177  183  )
( 66  150  86  )
( 117  84  -153  )
( 60  -38  139  )
( -74  211  201  )
( 153  -78  32  )
( -85  230  92  )
( -75  -134  -52  )
( 228  163  107  )
( 7  10  225  )
( 162  167  101  )
( 37  -212  -6  )
( 55  245  -74  )
( 243  -66  12  )
( -200  -7  -80  )
( -12  237  -162  )
( 88  1  -54  )
( -226  119  211  )
( -55  64  31  )
( 85  148  116  )
( -154  -128  -71  )
( -248  -198  -51  )
( 63  68  81  )
( 149  187  -84  )
( -182  151  43  )
( -52  247  -248  )
( 194  51  -13  )
( 186  74  -222  )
( 153  -157  78  )
( -123  166  227  )
( 43  128  11  )
( 71  164  183  )
( -48  -156  -185  )
( 147  111  -227  )
( -129  19  -175  )
( -212  -243  -107  )
( -190  178  6  )
( 142  92  210  )
( 125  50  121  )
( -218  188  -92  )
( -135  210  52  )
( 132  73  33  )
( -126  142  -31  )
( 188  -89  5  )
( 67  -100  240  )
( 57  67  91  )
( -96  -146  -110  )
( 17  -12  152  )
( 137  33  -157  )
( 249  242  51  )
( 238  102  -39  )
( -38  186  -111  )
( -84  -81  -127  )
( 6  82  80  )
( -170  -65  27  )
( -132  -51  -112  )
( 198  -167  -110  )
( -66  236  -43  )
( -75  128  224  )
( -246  168  -2  )
( -221  113  -203  )
( 169  -127  -203  )
( 43  -159  -76  )
( -53  -191  63  )
( -184  117  118  )
( -122  160  112  )
( 56  -138  -84  )
( -74  -142  185  )
( -33  105  170  )
( -171  77  -60  )
( -49  -122  178  )
( 64  235  -173  )
( 44  -170  166  )
( 6  -249  67  )
