( -21  -98  -48  )
( 77  185  -62  )
( 167  82  206  )
( -64  -81  114  )
( -65  -152  -101  )
( -219  -50  84  )
( 231  133  -167  )
( -27  -141  -249  )
( -25  53  184  )
( 152  64  221  )
( -24  208  87  )
( -149  104  -154  )
( 243  -77  235  )
( 72  -246  41  )
( 177  -163  165  )
( -49  -246  -45  )
( -193  125  7  )
( -136  81  -213  )
( -210  -235  185  )
( 24  -193  -197  )
( 34  246  -105  )
( -107  -194  -57  )
( 69  44  -228  )
( 68  223  220  )
( -149  -48  -74  )
( 232  148  -187  )
( -119  -138  142  )
( -12  18  -124  )
( -24  249  -125  )
( -106  -240  -96  )
( 179  182  -170  )
( -109  26  193  )
( 248  -34  -61  )
( -186  -221  -150  )
( -134  216  239  )
( -174  -188  242  )
( -192  -89  80  )
( -181  66  64  )
( 159  -152  -71  )
( -9  85  181  )
( 130  -209  -77  )
( -118  -138  16  )
( -40  -5  93  )
( 86  183  105  )
( 201  209  181  )
( 236  -126  146  )
( 192  -49  -211  )
( -142  -112  -143  )
( -242  80  229  )
( 98  -224  -217  )
( 132  -200  -166  )
( 126  231  168  )
( 194  208  32  )
( 82  -25  -157  )
( -212  -162  176  )
( -10  152  243  )
( 52  -236  163  )
( -143  -109  65  )
( -188  -52  44  )
( -197  -72  70  )
( -82  195  -163  )
( 18  -115  125  )
( 158  111  -155  )
( 97  -57  -69  )
( 133  -43  15  )
( 176  3  -183  )
( 176  148  -39  )
( 65  -222  -209  )
( 178  -92  -84  )
( 71  -5  -208  )
( 51  -77  85  )
( -36  32  -6  )
( 189  -8  -180  )
( -56  43  28  )
( -42  -73  -45  )
( -173  -168  111  )
( 111  -203  -12  )
( 217  -162  29  )
( -147  163  89  )
( 35  200  82  )
( 201  121  -168  )
( -39  168  179  )
( 107  -101  -128  )
( -156  144  -244  )
( -103  -48  -218  )
( -75  -239  -64  )
( -90  -231  24  )
( 102  52  25  )
( -219  -233  -62  )
( 200  -127  83  )
( -123  48  -85  )
( 8  234  57  )
( 28  121  -49  )
( -153  -106  124  )
( -226  15  -125  )
( -174  18  233  )
( -10  -43  -150  )
( -148  -62  -160  )
( -110  -181  210  )
( -61  226  214  )
( -73  -87  132  )
( -168  -102  46  )
( 66  148  -178  )
( -8  3  240  )
( 153  149  41  )
( 111  141  -189  )
( -227  -121  135  )
( 4  181  25  )
( 148  -16  -228  )
( 64  144  224  )
( 202  78  99  )
( -242  108  162  )
( -231  -62  127  )
( 46  -148  -99  )
( 225  -21  154  )
( -55  -155  -80  )
( -5  89  12  )
( -37  -52  43  )
( 247  -54  -110  )
( -45  -226  191  )
( 2  33  32  )
( -56  54  24  )
( 183  -40  -115  )
( 183  196  8  )
( -6  47  95  )
( -143  198  -240  )
( -44  -130  -19  )
( -199  -0  -143  )
( -19  -63  -212  )
( -198  -133  5  )
( -150  -158  -37  )
( -85  -182  -235  )
( -90  38  157  )
( 166  -64  -31  )
( 142  23  -18  )
( 54  -97  195  )
( -169  -158  170  )
( 226  -90  4  )
( 245  60  -69  )
( 185  77  166  )
( -236  63  -203  )
( -184  -113  202  )
( 220  -10  -215  )
( -46  196  45  )
( 225  -8  29  )
( -246  214  114  )
( -35  231  62  )
( 94  216  145  )
( 168  174  204  )
( -8  -157  84  )
( -230  -180  -209  )
( -78  206  -108  )
( 157  195  206  )
( 141  238  14  )
( -212  -32  -111  )
( 53  66  235  )
( -122  -82  -164  )
( 147  -135  84  )
( -41  61  -218  )
( -41  136  216  )
( 235  216  -19  )
( -54  164  -89  )
( 149  -39  -142  )
( -124  26  55  )
( -196  -246  -127  )
( -62  34  227  )
( 22  98  192  )
( 93  -180  -73  )
( 162  -65  73  )
( -64  -103  -174  )
( 53  -131  62  )
( -172  -222  2  )
( -133  -131  125  )
( 124  -239  152  )
( 183  -225  -189  )
( -6  -32  114  )
( -160  -238  150  )
( -190  -4  -99  )
( -223  213  125  )
( 165  124  176  )
( 240  -100  -17  )
( -134  162  -211  )
( -228  -245  -76  )
( 116  -113  -185  )
( -76  125  210  )
( 81  -202  -136  )
( -142  107  -216  )
( 16  208  121  )
( -42  -47  58  )
( 10  73  -25  )
( -62  -180  -177  )
( 203  84  -107  )
( -237  79  183  )
( -118  -164  57  )
( 95  25  17  )
( -195  -34  132  )
( -198  -224  8  )
( 45  31  -7  )
( -96  89  162  )
( -156  -28  234  )
( 23  111  -231  )
( 153  -19  14  )
( -183  -158  9  )
( 44  -232  -11  )
( -131  -249  181  )
( -113  -119  52  )
( -137  218  -227  )
( 159  -128  -194  )
( -208  112  -109  )
( 162  203  15  )
( -54  -169  -220  )
( 66  226  -121  )
( -14  -244  247  )
( 102  -89  -35  )
( 243  204  -59  )
( 235  185  -44  )
( -35  -246  -63  )
( 86  131  -149  )
( 184  -202  1  )
( -56  -224  239  )
( 179  153  111  )
( 100  179  180  )
( 83  118  -21  )
( 130  160  67  )
( 189  -61  242  )
( -222  -194  -127  )
( 203  -97  0  )
( 92  -234  -29  )
( -195  152  231  )
( 112  -76  234  )
( 230  231  -100  )
( -152  -92  57  )
( -161  141  -172  )
( 9  32  -100  )
( 116  -227  -12  )
( 226  -200  -144  )
( 196  128  166  )
( 48  -187  98  )
( 117  150  -94  )
( -29  -246  172  )
( -72  116  -122  )
( 105  -129  32  )
( -38  -113  179  )
( -138  -161  -225  )
( -133  -161  -176  )
( -224  -95  -191  )
( -223  99  233  )
( -227  188  117  )
( 161  164  -103  )
( -24  -184  209  )
( 202  108  -198  )
( -246  -51  11  )
( -54  -176  60  )
( 26  -0  -172  )
( -117  -127  213  )
( -175  205  -224  )
( -164  -59  231  )
( 6  123  -12  )
( 22  -190  -147  )
( -232  156  217  )
( 156  163  176  )
( -131  49  -36  )
( -192  211  -169  )
( -160  -169  -179  )
( -70  83  201  )
( 34  -65  -47  )
( -211  161  -162  )
( -44  -181  -238  )
( 75  218  -125  )
( 114  -150  -35  )
( -103  -148  162  )
( -218  210  67  )
( 145  184  -193  )
( -39  -86  -87  )
( -33  144  206  )
( 192  69  -36  )
( 229  -74  -205  )
( 71  106  -84  )
( 46  -226  -53  )
( 214  -70  106  )
( 160  -24  38  )
( -182  -93  -170  )
( -158  77  -170  )
( -204  104  -142  )
( 223  -58  -93  )
( -117  46  179  )
( -5  235  -56  )
( 140  88  60  )
( -139  -71  -117  )
( -215  -200  171  )
( -143  -118  217  )
( -137  -12  -20  )
( 60  68  -103  )
( -103  -178  -160  )
( -213  113  104  )
( 20  -33  108  )
( 174  105  195  )
( 231  -182  126  )
( 179  174  -186  )
( 60  105  -186  )
( -115  161  -93  )
( -136  159  -198  )
( -30  -61  26  )
( -95  203  219  )
( 247  43  249  )
( 149  156  69  )
( 118  126  -60  )
( 212  -200  23  )
( 155  -4  -224  )
( 61  130  -27  )
( 50  -106  130  )
( 88  46  114  )
( 193  -206  -225  )
( 146  163  -109  )
( 134  -97  236  )
( -18  -141  -197  )
( 49  -58  232  )
( -230  -38  101  )
( 151  170  -160  )
( -11  8  -43  )
( -64  198  -216  )
( -104  37  148  )
( -195  -88  -148  )
( 41  -64  186  )
( 189  -213  -191  )
( 158  -234  -203  )
( 84  -153  -86  )
( 157  -211  18  )
( 242  43  182  )
( 174  -209  -236  )
( -178  174  -246  )
( -210  242  -39  )
( -18  -125  69  )
( 73  -0  198  )
( -1  -45  113  )
( -26  -228  -138  )
( -58  238  -222  )
( -246  -150  -211  )
( -132  -185  -73  )
( 110  -140  128  )
( 56  179  -230  )
( 4  -151  -111  )
( -119  -209  190  )
( -247  78  -205  )
( -182  -249  28  )
( -227  75  57  )
( -179  -126  212  )
( 43  213  112  )
( 103  -165  -67  )
( -109  80  -134  )
( -143  34  -177  )
( 111  -43  115  )
( 113  -86  -35  )
( -92  36  -113  )
( -66  62  14  )
( -43  -37  53  )
( -39  207  219  )
( -212  -131  -46  )
( -175  -152  102  )
( -71  -61  -183  )
( 37  -38  171  )
( -147  161  155  )
( -119  62  6  )
( 247  -113  -70  )
( 72  -60  -15  )
( -42  -209  86  )
( -175  -236  183  )
( -60  17  -82  )
( 63  -28  206  )
( -41  60  -39  )
( 20  76  -243  )
( 44  49  191  )
( -48  36  -53  )
( 152  65  -215  )
( -170  2  18  )
( 167  163  146  )
( 231  -33  236  )
( -243  86  160  )
( 21  -10  -166  )
( 217  -173  140  )
( -128  -169  17  )
( -118  -109  -235  )
( -50  -61  226  )
( 130  120  191  )
( 236  -189  -165  )
( 85  -8  -119  )
( -131  -29  -16  )
( -43  129  -218  )
( -38  231  191  )
( 128  -113  -90  )
( 6  -84  -58  )
( -8  -194  -46  )
( 205  -41  -92  )
( 231  -120  144  )
( 152  -119  -234  )
( -240  223  -92  )
( -8  93  207  )
( 62  176  -235  )
( 100  -110  -40  )
( 108  -129  179  )
( 190  -169  -5  )
( 24  -204  -7  )
( 202  71  -194  )
( 137  203  -34  )
( 80  8  -203  )
( 29  -21  -119  )
( -175  163  -188  )
( 0  -217  212  )
( 10  -93  214  )
( 176  70  -39  )
( 101  -93  -96  )
( 11  -170  192  )
( 17  -54  -35  )
( 113  -196  -56  )
( -223  -89  34  )
( -154  -182  -137  )
( -3  133  43  )
( -44  -135  -22  )
( 80  185  229  )
( -73  59  -121  )
( 120  -63  -59  )
( 9  -185  126  )
( -142  -45  -143  )
( 115  -135  -99  )
( 201  191  14  )
( 29  188  225  )
( 78  195  -149  )
( -225  223  -181  )
( 196  -97  241  )
( -212  -64  165  )
( 208  229  147  )
( 60  100  -84  )
( -221  -167  -245  )
( -144  -190  -165  )
( 199  -153  216  )
( 240  -145  -33  )
( -137  146  -16  )
( -225  74  -116  )
( 218  57  152  )
( 130  237  212  )
( 44  219  -178  )
( 117  -111  -90  )
( 232  -34  -102  )
( 86  138  -128  )
( -0  -55  -203  )
( 109  234  -56  )
( 135  -161  43  )
( 65  184  50  )
( 175  -88  43  )
( -159  -72  -175  )
( -169  140  -190  )
( -30  -86  -220  )
( 88  -42  162  )
( 39  101  -196  )
( 152  149  82  )
( -130  93  -97  )
( -83  -146  -39  )
( 77  50  106  )
( 78  -248  -230  )
( -209  81  -203  )
( -53  38  -65  )
( 57  61  -117  )
( 127  -75  70  )
( -131  -94  -171  )
( 147  -135  172  )
( 126  -242  -34  )
( 143  116  82  )
( 230  -54  -11  )
( 244  84  160  )
( -5  -10  -18  )
( 137  -5  201  )
( 236  -100  -87  )
( -4  -68  -109  )
( 86  -206  -139  )
( 164  -93  2  )
( 125  -143  155  )
( -45  247  -101  )
( -175  -76  -34  )
( 25  -205  14  )
( 12  -20  -243  )
( -206  223  -7  )
( -2  200  -220  )
( -161  -123  82  )
( -89  -43  41  )
( -56  -53  -85  )
( 6  -7  200  )
( -200  108  133  )
( -65  -217  -154  )
( 172  133  -215  )
( 183  -139  130  )
( -65  92  85  )
( -248  -30  225  )
( 25  -52  -189  )
( 8  -4  103  )
( 48  12  -177  )
( -241  -152  249  )
( -45  30  28  )
( 38  -138  80  )
( 43  -28  -36  )
( -29  199  117  )
( 140  -215  -166  )
( 137  -181  89  )
( 182  -16  206  )
( 212  45  53  )
( 3  -33  223  )
( 204  17  -23  )
( 178  -107  -25  )
( 215  -217  8  )
( 209  -42  -228  )
( -239  -190  138  )
( -145  183  41  )
( 60  -25  193  )
( 71  83  -165  )
( -178  226  125  )
( 176  130  156  )
( 173  -9  179  )
( 245  -247  -175  )
( -62  -182  -60  )
( -233  -175  179  )
( 182  8  32  )
( -60  -95  -128  )
( 202  102  26  )
( -42  -219  238  )
( -137  209  -113  )
( -209  -85  -235  )
( 61  -212  236  )
( -22  95  -21  )
( -163  223  -64  )
( -147  -130  -209  )
( -30  -133  -87  )
( 53  -21  -105  )
( 64  239  -147  )
( 183  -35  -167  )
( 25  -184  11  )
( -89  62  -223  )
( 27  190  230  )
( 37  203  171  )
( 163  27  -24  )
( 175  11  64  )
( -99  57  -142  )
( -193  -9  74  )
( 81  -189  -191  )
( 81  235  -97  )
( -45  136  182  )
( 138  74  -112  )
( 246  8  -69  )
( -40  141  127  )
( -234  33  149  )
( 8  117  148  )
( -188  -100  231  )
( 62  5  209  )
( -132  -182  201  )
( 148  147  -118  )
( 12  -43  4  )
( 133  9  -99  )
( 135  -138  61  )
( -195  224  -139  )
( 243  8  145  )
( 205  67  -132  )
( 209  -206  75  )
( 186  -160  112  )
( 177  102  -23  )
( -68  73  -151  )
( -57  -3  182  )
( -73  152  -28  )
( 233  208  -117  )
( 171  -177  211  )
( 226  102  -56  )
( -235  67  225  )
( -66  166  238  )
( 238  -149  -48  )
( 0  97  -39  )
( -241  -239  -196  )
( 22  93  -73  )
( 213  -242  -4  )
( 89  -127  40  )
( 212  180  -26  )
( 187  -70  20  )
( 3  242  71  )
( 154  -167  -105  )
( -170  -45  2  )
( -204  99  112  )
( -191  105  -96  )
( 140  -22  80  )
( 220  -246  18  )
( -167  -141  30  )
( 226  34  -137  )
( 94  -80  199  )
( 81  -123  -183  )
( 57  -81  -74  )
( -55  88  139  )
( -172  -43  226  )
( 189  138  71  )
( -113  -76  114  )
( 104  125  -239  )
( 241  138  -240  )
( -41  234  209  )
( -123  45  67  )
( 47  39  -187  )
( 174  -196  146  )
( -7  -32  43  )
( -107  -86  -7  )
( -16  -208  22  )
( -67  149  26  )
( 100  18  147  )
( 220  208  42  )
( 187  -45  37  )
( -92  -59  8  )
( -33  108  27  )
( -194  -196  224  )
( 14  183  -248  )
( -117  147  -47  )
( -141  87  -65  )
( -236  -88  -142  )
( 145  -35  -24  )
( 81  -26  50  )
( -94  -217  -183  )
( 196  -186  232  )
( -241  -166  44  )
( -201  245  -174  )
( -209  129  109  )
( -162  -135  126  )
( 126  -205  166  )
( -60  146  91  )
( -231  -199  -120  )
( 205  -65  -112  )
( 116  48  -17  )
( -69  195  167  )
( 7  -156  112  )
( -244  161  67  )
( 158  230  113  )
( 6  196  177  )
( -47  -245  19  )
( -182  187  173  )
( -153  -179  105  )
( 215  -104  43  )
( -95  -82  43  )
( 59  110  -23  )
( -161  116  175  )
( -117  106  155  )
( 57  165  70  )
( -88  -164  181  )
( -22  214  246  )
( 219  -48  34  )
( 155  20  -167  )
( -188  -97  -86  )
( 15  47  84  )
( -44  -50  -157  )
( -97  -207  231  )
( -13  174  -56  )
( -80  -201  144  )
( 130  112  101  )
( 163  170  -228  )
( -214  -193  129  )
( 216  7  -88  )
( 77  -206  -151  )
( -33  -98  171  )
( -33  -166  174  )
( -56  78  -218  )
( -31  59  -114  )
( -211  117  -123  )
( 7  -220  188  )
( 194  79  222  )
( 141  137  -180  )
( 211  -221  197  )
( 111  -73  -229  )
( 138  -85  -191  )
( -198  123  210  )
( 158  132  -228  )
( 4  159  -5  )
( -165  231  -40  )
( 228  -111  215  )
( -120  60  -100  )
( -86  -234  -224  )
( 227  -163  -229  )
( 203  93  -210  )
( 92  -88  -106  )
( -63  67  -57  )
( 129  166  -160  )
( 225  69  106  )
( 155  -247  -202  )
( -84  36  -95  )
( 59  152  101  )
( 81  10  -234  )
( 216  -93  20  )
( 96  30  -41  )
( -178  -152  201  )
( 52  68  213  )
( 178  -230  135  )
( 75  177  -57  )
( 147  -107  164  )
( 12  231  -159  )
( -180  52  152  )
( -153  -188  -36  )
( -182  -244  -75  )
( 152  -158  17  )
( -176  70  213  )
( 122  131  170  )
( 231  -193  94  )
( 188  140  -116  )
( -198  58  147  )
( -5  -90  206  )
( -215  166  -67  )
( -68  19  115  )
( 17  -111  -213  )
( -225  40  34  )
( -121  -242  -203  )
( -43  -154  -10  )
( -241  -234  -60  )
( -191  7  -243  )
( 106  -76  230  )
( -226  -91  -229  )
( -244  -229  156  )
( -161  -238  -80  )
( 26  -218  -132  )
( 166  147  -29  )
( -100  125  -19  )
( -162  80  -43  )
( -209  217  -202  )
( -52  49  2  )
( -34  65  -187  )
( -194  -108  211  )
( -122  -127  198  )
( 181  172  76  )
( -203  -111  -5  )
( 245  8  -89  )
( -143  56  -230  )
( -7  102  150  )
( -10  -48  -108  )
( -21  89  7  )
( -228  93  -190  )
( 93  -139  148  )
( -157  187  78  )
( 249  -147  -73  )
( -78  -214  97  )
( -175  -29  54  )
( 176  -224  -218  )
( 1  226  -108  )
( -217  24  -187  )
( 149  -90  -52  )
( 160  226  -248  )
( -17  -166  -198  )
( -87  -119  36  )
( 233  55  11  )
( -29  101  92  )
( 15  77  -152  )
( -34  205  -94  )
( 232  150  -18  )
( -237  184  186  )
( -122  40  237  )
( -109  62  100  )
( 84  5  76  )
( -37  157  180  )
( 55  72  135  )
( -221  -59  241  )
( -226  -139  -198  )
( 226  -237  -164  )
( 6  76  -136  )
( -249  85  61  )
( 183  223  -112  )
( -147  -17  -187  )
( 201  -109  138  )
( -47  -223  35  )
( -45  248  24  )
( 157  -200  -2  )
( -213  -83  42  )
( 130  49  -140  )
( -166  10  -108  )
( -146  26  115  )
( -206  228  -190  )
( 176  133  96  )
( 187  53  116  )
( 94  -5  168  )
( -101  -105  118  )
( -84  28  2  )
( -33  -147  -166  )
( -48  130  -211  )
( -0  109  162  )
( -221  -173  109  )
( -43  -79  -80  )
( 162  211  -138  )
( 150  -238  -158  )
( 61  -217  135  )
( -9  -209  -17  )
( 17  -171  -110  )
( -60  163  214  )
( -107  -242  -51  )
( -39  109  -26  )
( -17  14  21  )
( 218  229  -182  )
( -245  76  87  )
( 229  8  204  )
( 145  190  59  )
( 8  18  -80  )
( 16  -237  18  )
( -181  105  -102  )
( -54  -196  110  )
( 122  -102  -35  )
( 86  -39  -12  )
( 226  18  -190  )
( 156  230  -168  )
( 66  -45  37  )
( 129  202  207  )
( 66  164  -50  )
( 82  226  -50  )
( -139  -134  199  )
( 178  -125  226  )
( 170  -165  -150  )
( 17  161  -217  )
( -216  -30  242  )
( 156  244  202  )
( 90  -115  -216  )
( 232  204  228  )
( -82  -103  -20  )
( 137  122  -190  )
( 194  97  -27  )
( 227  -142  230  )
( -151  31  7  )
( -135  179  -92  )
( 8  -71  175  )
( -145  -50  -194  )
( 195  -227  -77  )
( 89  -94  -71  )
( -212  247  -159  )
( -156  219  -42  )
( -123  122  -220  )
( -52  70  112  )
( -197  160  191  )
( -119  -182  191  )
( 178  -142  198  )
( -56  225  17  )
( -214  -46  159  )
( -98  104  184  )
( 248  4  -19  )
( -7  64  -39  )
( -166  202  -47  )
( -57  -8  -21  )
( -82  51  -148  )
( -154  85  234  )
( 10  128  235  )
( -115  62  121  )
( -90  -151  -121  )
( 240  -54  142  )
( -207  210  -192  )
( 57  106  -90  )
( -96  76  -215  )
( 129  -117  -39  )
( 62  -17  202  )
( -126  87  -17  )
( 212  -65  -104  )
( -134  133  162  )
( -18  181  -11  )
( -186  244  -184  )
( -208  141  37  )
( 242  111  94  )
( -216  140  157  )
( -101  -168  -86  )
( -49  18  -158  )
( -70  -143  -38  )
( -132  213  -52  )
( -39  -101  170  )
( -65  82  -132  )
( -24  161  -202  )
( 74  83  -99  )
( 114  180  72  )
( 45  90  200  )
( -182  223  233  )
( 217  -24  128  )
( 47  -80  -5  )
( 90  -166  236  )
( 178  65  -59  )
( 21  -222  -197  )
( 134  -21  84  )
( 146  97  -103  )
( -98  64  -26  )
( -9  -179  -183  )
( -3  -43  -6  )
( 157  112  -247  )
( -39  -148  -176  )
( -20  245  -145  )
( -151  -100  -30  )
( -98  -158  212  )
( 145  -70  -236  )
( 83  -120  246  )
( -131  190  136  )
( -90  247  -169  )
( -38  224  207  )
( -41  -191  -117  )
( 96  -174  -45  )
( 200  123  -242  )
( -229  116  135  )
( 11  -81  99  )
( 104  -10  142  )
( -123  83  164  )
( 173  46  -202  )
( 139  -150  -162  )
( -197  -15  -16  )
( -31  164  -118  )
( -136  -100  -109  )
( 176  71  16  )
( -189  202  -4  )
( 32  -223  -145  )
( -186  -16  -210  )
( -157  -205  212  )
( 15  -74  126  )
( -175  -79  -25  )
( 108  66  -81  )
( -81  -160  167  )
( -89  -181  -103  )
( -20  185  -151  )
( -27  148  9  )
( -213  42  -89  )
( -191  -242  -40  )
( 102  -28  -76  )
( 60  222  85  )
( -57  -248  106  )
( 99  -79  101  )
( 62  -65  -113  )
( -11  197  53  )
( -7  -190  -90  )
( 11  119  -113  )
( -61  -154  189  )
( -192  72  -243  )
( -47  8  97  )
( 73  -161  -122  )
( 53  80  -97  )
( -67  -60  9  )
( 96  163  -22  )
( 247  2  -114  )
( -43  127  -226  )
( 159  92  -220  )
( 221  -18  54  )
( -220  -23  -172  )
( 181  57  228  )
( 125  79  148  )
( 202  -129  -170  )
( 152  -160  47  )
( 38  150  -175  )
( 100  -148  -68  )
( -41  78  174  )
( 141  137  110  )
( -188  122  -119  )
( 19  17  -122  )
( 166  68  1  )
( -150  -128  217  )
( 187  -17  -28  )
( 157  24  43  )
( 86  -80  30  )
( 55  111  100  )
( -71  -99  192  )
( -75  181  -158  )
( -244  240  -69  )
( 212  6  -248  )
( -175  39  -248  )
( 43  61  153  )
( -148  228  5  )
( -134  4  -191  )
( 97  36  65  )
( 249  243  -71  )
( -232  72  145  )
( -109  -54  113  )
( 114  197  -243  )
( 133  -84  72  )
( -228  97  -1  )
( 174  7  -243  )
( 122  5  197  )
( 78  81  175  )
( 232  128  -40  )
( 203  211  67  )
( 242  195  -220  )
( 41  195  -80  )
( 181  86  -8  )
( -71  -11  100  )
( -30  -198  229  )
( 92  -56  -209  )
( -221  -180  -13  )
( 115  84  -56  )
( -24  -229  -67  )
( -151  -166  -9  )
( -188  183  -55  )
( 226  30  129  )
( 148  139  -161  )
( -128  35  137  )
( 240  161  243  )
( -212  -174  -126  )
( 3  61  99  )
( 124  -139  52  )
( -94  -95  -102  )
( 138  215  -6  )
( -119  -32  -93  )
( -223  97  215  )
( -212  195  -230  )
( -219  0  153  )
( 162  180  23  )
( -56  -132  -152  )
( -164  81  218  )
( 30  35  -215  )
( -57  68  -101  )
( -243  -225  215  )
( -57  172  -6  )
( 173  206  12  )
( 19  -26  -115  )
( 51  -147  242  )
( 63  -136  215  )
( 104  -173  -6  )
( 67  62  -211  )
( -13  -173  240  )
( 240  -221  215  )
( 83  -215  76  )
( -180  -50  54  )
( 104  93  190  )
( -110  126  -12  )
( 153  -79  -186  )
( -45  -84  -106  )
( -178  45  162  )
( -14  99  -30  )
( 217  161  -230  )
( -57  191  131  )
( 22  -239  -46  )
( -177  140  -223  )
( -204  125  38  )
( 5  161  68  )
( -94  -235  153  )
( 239  -64  88  )
( -10  240  -237  )
( 179  -232  -106  )
( -176  172  52  )
( 37  -22  20  )
( -19  -56  131  )
( -14  201  21  )
( 84  -51  -70  )
( 134  -80  -38  )
( 222  27  -64  )
( -203  -164  -6  )
( 138  68  181  )
( 140  74  57  )
( -10  164  -159  )
( 154  -190  35  )
( 85  124  -87  )
( 230  224  -94  )
( 169  -198  -91  )
( -73  -99  241  )
( -111  100  -127  )
( 56  98  -222  )
( -96  -120  62  )
( -50  -114  -244  )
( -60  180  -5  )
( 15  110  140  )
( 106  183  182  )
( -68  37  -42  )
( 112  -137  -133  )
( -140  234  -161  )
( -180  150  236  )
( 137  87  5  )
( -69  -89  155  )
( -72  23  -246  )
( 236  10  -174  )
( 222  -230  -58  )
( 42  -111  152  )
( -229  239  138  )
( 16  55  -120  )
( -220  -5  240  )
( 134  -209  223  )
( 175  201  87  )
( -115  216  -199  )
( 182  89  87  )
( -153  -214  -226  )
