( 31  0  214  )
( 234  -201  230  )
( -5  -159  -158  )
( 239  146  83  )
( -237  33  -63  )
( -195  -38  -162  )
( -75  197  -57  )
( 43  -84  -17  )
( -39  -18  -76  )
( 7  29  147  )
( -172  89  219  )
( -15  43  185  )
( 111  85  -202  )
( -48  -248  52  )
( 242  176  221  )
( -87  -171  -48  )
( 71  45  5  )
( -75  88  -222  )
( -19  -246  84  )
( 91  -78  -124  )
( -218  -38  191  )
( -142  222  -67  )
( 36  164  -227  )
( 62  -149  71  )
( 153  -57  83  )
( 236  -135  24  )
( 69  97  159  )
( -187  27  233  )
( 70  -27  66  )
( -79  -3  227  )
( 222  -169  162  )
( 180  65  -139  )
( -94  -234  181  )
( -237  119  -236  )
( -195  -72  -129  )
( 165  104  244  )
( 160  -36  188  )
( 83  -163  -177  )
( 25  -74  -226  )
( -70  -204  -168  )
( -62  -210  178  )
( -170  -35  59  )
( -0  -196  -157  )
( -144  -173  124  )
( -193  -76  -99  )
( 46  -6  -93  )
( 161  58  114  )
( 1  175  -42  )
( 205  241  -50  )
( -146  17  153  )
( 73  -53  181  )
( 1  53  29  )
( 53  243  9  )
( -24  -141  180  )
( 94  -113  191  )
( -31  43  35  )
( 168  178  -175  )
( 135  -248  -40  )
( -232  19  188  )
( -177  35  103  )
( -80  -185  -142  )
( 244  233  -48  )
( 23  43  -71  )
( 235  -152  51  )
( 75  -59  125  )
( -166  -156  165  )
( -232  -41  111  )
( 132  164  -96  )
( -246  -182  59  )
( 52  123  8  )
( 185  -132  -201  )
( -213  -191  169  )
( -17  24  -191  )
( 51  101  30  )
( 50  201  193  )
( 59  -219  -226  )
( -209  116  10  )
( 25  197  -166  )
( -63  -79  -56  )
( -73  -244  -44  )
( -70  38  -202  )
( -92  20  117  )
( 157  -39  62  )
( 30  -246  245  )
( 83  93  -168  )
( -170  -196  -189  )
( 83  22  -59  )
( 59  68  -103  )
( 91  -167  -153  )
( -244  124  171  )
( -225  152  -118  )
( -90  -229  -18  )
( -149  -177  -43  )
( -47  196  -126  )
( -248  -239  -226  )
( 134  -113  194  )
( 128  -247  215  )
( -214  -209  36  )
( -41  208  47  )
( -68  112  41  )
( 177  -211  -109  )
( -38  156  56  )
( -0  33  -210  )
( 104  -127  -133  )
( -129  124  -225  )
( 29  120  -15  )
( -53  -87  -82  )
( 77  -167  153  )
( -182  -156  -119  )
( 19  -237  2  )
( 79  12  -125  )
( 206  -25  182  )
( -122  -121  -157  )
( -49  54  206  )
( -50  -86  82  )
( -91  -53  66  )
( -54  -89  41  )
( -175  -74  -0  )
( -11  195  125  )
( -229  -101  58  )
( 11  -147  -114  )
( -152  -21  111  )
( 59  145  153  )
( -103  32  55  )
( -12  -72  15  )
( -68  -221  -199  )
( -115  -246  56  )
( -96  117  84  )
( -44  -128  -150  )
( -72  41  241  )
( 128  119  35  )
( -168  -186  213  )
( -42  70  -24  )
( 173  233  -58  )
( 147  -242  -113  )
( 117  17  101  )
( -131  51  -16  )
( 159  -153  211  )
( 219  243  192  )
( 57  67  -65  )
( -190  -57  120  )
( 67  182  198  )
( -150  182  -114  )
( 154  24  -45  )
( 191  100  120  )
( -8  88  138  )
( -68  108  -81  )
( -7  -114  66  )
( -3  122  -85  )
( -74  121  -99  )
( 175  5  -221  )
( 247  58  159  )
( 201  7  -27  )
( 32  226  -53  )
( 198  212  -171  )
( 0  -205  -43  )
( 218  -110  123  )
( -87  -178  122  )
( -207  -144  -199  )
( -161  143  241  )
( -58  184  -126  )
( -114  -216  -69  )
( -55  -228  71  )
( -209  136  175  )
( -217  -21  -52  )
( -196  -23  81  )
( -10  -248  -125  )
( 102  85  -70  )
( -205  59  -198  )
( -135  94  -41  )
( 6  -178  170  )
( -20  201  -225  )
( -187  -40  83  )
( 144  182  77  )
( 189  -74  230  )
( -28  -199  -159  )
( 164  -16  -69  )
( 94  -103  -16  )
( -217  -236  -131  )
( -68  156  -217  )
( -44  40  -49  )
( 112  211  -1  )
( -137  -150  -157  )
( -102  -164  45  )
( 59  -164  -100  )
( -86  -140  -116  )
( -160  -45  74  )
( -195  37  -102  )
( -64  -15  234  )
( -37  136  -146  )
( -36  -159  120  )
( 157  218  -22  )
( -184  -192  -162  )
( 240  -194  19  )
( 185  165  -224  )
( 45  -96  11  )
( -76  240  204  )
( 108  226  189  )
( 0  38  -69  )
( -102  4  121  )
( -130  -155  -180  )
( 92  -40  156  )
( 175  -11  144  )
( 106  172  219  )
( -129  182  225  )
( 117  149  -164  )
( 84  -195  -20  )
( 37  121  -177  )
( -19  170  33  )
( 51  -118  -191  )
( 242  189  78  )
( -17  168  32  )
( -99  -121  182  )
( -201  -2  -168  )
( 56  78  177  )
( 198  -122  -182  )
( 146  -148  203  )
( 36  -232  -220  )
( 74  -115  -2  )
( 94  -236  -217  )
( 175  90  -23  )
( 92  64  -4  )
( 41  64  -11  )
( -108  114  79  )
( -177  -22  219  )
( 189  132  -88  )
( -247  117  79  )
( -196  -8  204  )
( -127  217  210  )
( -74  -218  -204  )
( 78  -239  77  )
( -114  -2  -77  )
( -213  224  -63  )
( 130  -117  -123  )
( -33  72  242  )
( 195  215  -108  )
( 206  141  -11  )
( 29  153  70  )
( -149  25  199  )
( 59  -132  204  )
( -108  40  88  )
( -158  -177  19  )
( 82  -46  -67  )
( -76  173  -45  )
( -117  -188  233  )
( -17  -222  116  )
( -49  194  55  )
( 23  2  -223  )
( -243  247  35  )
( -242  104  31  )
( -35  -148  71  )
( -97  -204  -200  )
( 46  -193  87  )
( -97  67  -172  )
( -33  -219  28  )
( -150  -246  -87  )
( -98  -180  26  )
( -242  -238  -160  )
( -156  113  192  )
( 248  -104  -110  )
( -199  159  171  )
( -152  -120  -49  )
( 188  194  208  )
( -103  -55  -239  )
( -13  185  71  )
( -131  -181  62  )
( 14  99  -157  )
( 22  -247  72  )
( -71  57  -89  )
( 237  23  -108  )
( -81  -116  -55  )
( 218  172  -39  )
( 161  -68  -166  )
( 103  -247  179  )
( -48  -55  -34  )
( 186  -227  -119  )
( -88  238  -204  )
( 222  106  61  )
( -155  97  -59  )
( 101  81  -90  )
( -43  -46  -184  )
( -181  -227  -91  )
( -210  -246  57  )
( 249  239  7  )
( -244  152  -223  )
( 0  159  -80  )
( 212  -80  -52  )
( 46  95  142  )
( 42  5  161  )
( -131  245  224  )
( 151  -189  -120  )
( -67  -98  -105  )
( 33  231  -54  )
( 106  -5  112  )
( 156  -208  46  )
( -184  -22  109  )
( 149  -81  216  )
( -66  2  -140  )
( 61  84  138  )
( -52  -73  -215  )
( -173  218  241  )
( 89  -61  -13  )
( -41  115  -228  )
( -91  111  -136  )
( 49  173  -32  )
( 83  -65  -247  )
( -202  -116  -226  )
( 168  89  48  )
( 178  16  -95  )
( 11  -181  234  )
( -96  -104  198  )
( 209  249  93  )
( 66  -222  51  )
( 1  -211  100  )
( -92  119  -182  )
( 117  -231  -73  )
( 143  115  -64  )
( 31  35  -111  )
( 63  14  215  )
( -132  -163  -68  )
( -133  -5  12  )
( -94  194  3  )
( -237  96  33  )
( -194  -178  90  )
( 143  128  -135  )
( -189  -51  178  )
( -65  -226  -215  )
( 14  -163  -103  )
( 57  -210  -3  )
( 200  -132  -180  )
( 164  -46  193  )
( -184  -225  -92  )
( -7  -249  239  )
( -220  164  -124  )
( 135  -26  199  )
( -38  121  -144  )
( -237  -46  -104  )
( 66  -229  12  )
( -153  67  -222  )
( -96  167  175  )
( 146  -222  -95  )
( 0  46  157  )
( -246  -42  -234  )
( -57  -6  -130  )
( 204  159  212  )
( -37  -203  -4  )
( 219  -118  154  )
( -94  -234  175  )
( -76  -173  -211  )
( -38  148  149  )
( -134  28  123  )
( -215  82  -38  )
( 39  -111  -124  )
( -110  -35  180  )
( -209  -139  -194  )
( 181  -185  234  )
( -216  -156  -234  )
( -28  -246  16  )
( 3  -91  221  )
( -179  137  93  )
( 169  -168  -65  )
( -221  -42  -83  )
( 190  -60  -125  )
( -89  190  44  )
( -128  -143  153  )
( -147  181  135  )
( 79  177  -10  )
( -101  -57  -128  )
( 182  220  -217  )
( -13  -110  -89  )
( 69  -106  -179  )
( -48  5  201  )
( -75  40  -171  )
( 160  43  37  )
( -186  -95  -21  )
( -131  35  -51  )
( -229  -142  133  )
( 116  4  -247  )
( -71  -171  64  )
( 142  -38  -41  )
( 225  209  -145  )
( -87  231  -62  )
( 243  -75  -34  )
( 77  213  -163  )
( -193  129  -36  )
( 182  237  -223  )
( 58  193  186  )
( 154  -204  -240  )
( -114  207  -104  )
( 63  -168  246  )
( -15  -127  -248  )
( 3  -133  83  )
( -78  75  139  )
( -241  -182  231  )
( -52  -214  -192  )
( -101  -224  -121  )
( -145  -242  70  )
( 239  215  98  )
( -47  157  129  )
( -204  -202  237  )
( -205  -198  10  )
( -101  68  114  )
( 212  -95  159  )
( -72  54  215  )
( 120  -224  129  )
( -160  -53  -55  )
( -135  40  69  )
( -18  2  -76  )
( -103  -145  197  )
( 186  -135  -29  )
( 62  -11  85  )
( 216  197  -152  )
( -13  30  50  )
( -35  120  2  )
( 10  -97  -7  )
( -186  99  -198  )
( -227  -121  -183  )
( 179  -173  69  )
( 150  -110  -132  )
( 128  -31  -183  )
( -18  -127  -19  )
( -139  -192  -18  )
( -233  174  -96  )
( -15  189  137  )
( -234  67  -214  )
( 144  -66  175  )
( -100  206  -87  )
( -43  -27  -125  )
( -118  138  -247  )
( 171  21  90  )
( 223  -54  99  )
( -196  -118  135  )
( 80  18  -90  )
( 6  137  -127  )
( 34  228  199  )
( 23  133  -121  )
( -175  113  189  )
( 161  -156  96  )
( -150  165  49  )
( -179  -121  -28  )
( -103  -179  222  )
( -165  -134  -45  )
( -12  -6  146  )
( 89  -126  -35  )
( 110  -202  -199  )
( -88  -229  -169  )
( -76  105  -81  )
( 40  192  198  )
( 143  -212  -103  )
( 41  248  -232  )
( 227  130  128  )
( -103  -209  -96  )
( -214  102  -144  )
( -233  129  -64  )
( -2  -241  -139  )
( 54  -219  32  )
( -21  69  -74  )
( -151  216  82  )
( 153  -12  -240  )
( 117  25  -142  )
( -175  8  118  )
( 100  -42  245  )
( -246  38  1  )
( 236  -109  -168  )
( 165  166  157  )
( 63  137  139  )
( -70  -31  240  )
( 142  215  -86  )
( 33  174  97  )
( -169  -7  57  )
( -210  203  -64  )
( 35  69  -213  )
( -72  194  24  )
( 186  95  38  )
( -48  247  -176  )
( -215  45  219  )
( -155  -80  150  )
( -151  100  -59  )
( 115  231  -235  )
( 222  -70  -150  )
( 216  203  50  )
( 204  155  -35  )
( -109  103  225  )
( 184  -180  -191  )
( -152  -71  -197  )
( -244  146  18  )
( -4  -232  -104  )
( 184  78  241  )
( 186  245  41  )
( 62  110  95  )
( 70  167  -30  )
( 204  -68  -59  )
( 78  -90  -182  )
( 208  32  -109  )
( 115  -130  -34  )
( 173  112  89  )
( -51  176  -34  )
( 202  -145  89  )
( -26  -141  -64  )
( -32  -88  -17  )
( -183  -211  -135  )
( 207  -48  185  )
( 38  -86  -147  )
( -178  -114  117  )
( 84  199  -196  )
( -170  -77  -1  )
( 126  -77  43  )
( 46  34  -214  )
( 217  232  -247  )
( 49  226  -150  )
( 152  -132  45  )
( 18  -20  -75  )
( 232  238  28  )
( 198  -58  177  )
( 249  -204  -134  )
( -57  -114  -212  )
( -174  152  39  )
( 60  211  22  )
( -120  204  20  )
( 31  177  -171  )
( -229  32  234  )
( -83  169  -139  )
( 205  177  39  )
( 41  -64  145  )
( -189  105  122  )
( 211  133  -44  )
( -244  -212  24  )
( -59  -111  -62  )
( -232  235  -82  )
( -222  -104  206  )
( 219  -195  -40  )
( -125  199  172  )
( 11  -49  8  )
( 129  78  -147  )
( -3  -54  -6  )
( -67  -171  136  )
( -17  -248  -114  )
( -179  -215  -3  )
( -132  -202  -113  )
( 230  212  -8  )
( 60  -118  -247  )
( -88  143  -123  )
( -72  36  -111  )
( 195  37  221  )
( -165  56  -21  )
( -24  -243  152  )
( -66  100  125  )
( 71  178  -172  )
( 148  79  176  )
( -35  -180  208  )
( -123  -188  62  )
( -124  -196  -182  )
( 29  -183  -241  )
( 38  -34  -84  )
( 177  -220  222  )
( 197  62  -169  )
( -215  -115  73  )
( -55  -9  60  )
( 60  -165  110  )
( 114  -68  -152  )
( 37  112  -21  )
( -124  -137  -45  )
( -232  153  -69  )
( 113  196  66  )
( -227  -135  100  )
( -146  -89  -210  )
( 2  -175  -143  )
( -200  144  -70  )
( 105  88  -102  )
( 0  -242  -112  )
( -75  -152  -112  )
( -95  150  -55  )
( -99  -88  -2  )
( -66  -131  -26  )
( 160  142  214  )
( 248  111  -90  )
( 247  80  -125  )
( -11  174  188  )
( -101  -216  113  )
( -71  117  152  )
( -164  81  14  )
( 6  -141  -178  )
( -62  106  -38  )
( 179  40  -65  )
( 91  -76  -166  )
( 206  -232  -103  )
( -198  72  -97  )
( 214  30  149  )
( 141  -84  -134  )
( -164  -42  -185  )
( 162  -158  57  )
( 18  79  133  )
( -147  -197  -7  )
( 11  132  249  )
( 218  -225  222  )
( -112  -118  119  )
( -28  -246  122  )
( -32  -2  76  )
( -90  145  119  )
( 148  38  -199  )
( -141  -204  61  )
( -113  172  29  )
( 20  -68  -165  )
( 244  246  -218  )
( -128  -216  62  )
( 152  88  101  )
( -105  68  -150  )
( 47  -88  -123  )
( 165  42  245  )
( 235  -238  207  )
( 143  179  -69  )
( -5  -49  -146  )
( 15  240  -87  )
( 210  80  -155  )
( -49  190  -226  )
( 231  56  125  )
( -214  -46  28  )
( -145  219  -220  )
( 199  16  242  )
( 119  184  67  )
( -20  39  192  )
( -24  -225  231  )
( 52  175  125  )
( -67  -156  -54  )
( -210  203  -4  )
( 74  91  46  )
( -148  166  -54  )
( 61  18  225  )
( 130  41  -133  )
( 16  -203  -237  )
( -54  -200  -163  )
( -206  -214  227  )
( -137  -116  52  )
( 160  36  -124  )
( 92  207  -241  )
( 201  -83  193  )
( -93  40  134  )
( 118  103  -147  )
( -64  -109  13  )
( 11  88  -106  )
( 43  -62  88  )
( -141  219  95  )
( 167  -26  179  )
( 232  -243  -234  )
( -189  164  -29  )
( -36  -140  -33  )
( -41  -39  -137  )
( -190  18  58  )
( 185  -7  -138  )
( 215  46  -216  )
( 73  114  -241  )
( 5  -130  129  )
( -220  64  45  )
( 126  88  205  )
( -139  -77  194  )
( 140  153  -142  )
( -69  12  -83  )
( -130  -99  -198  )
( 40  -12  -146  )
( -1  157  211  )
( 178  -179  -12  )
( 122  -90  -197  )
( 222  171  -157  )
( 210  -32  -239  )
( -107  25  -38  )
( 171  -159  -243  )
( 187  172  85  )
( 224  -240  -78  )
( 162  232  7  )
( 4  231  -17  )
( -158  232  -163  )
( -96  218  28  )
( 148  -172  -138  )
( 108  9  58  )
( 168  34  209  )
( 150  -39  62  )
( 65  -216  246  )
( 50  -72  -210  )
( 107  92  -24  )
( -223  130  37  )
( 7  -131  -170  )
( 19  -32  -77  )
( -216  138  -18  )
( 25  -57  211  )
( 143  -221  110  )
( -136  117  188  )
( 221  8  -216  )
( -8  -69  171  )
( -197  70  142  )
( 127  -29  -14  )
( -68  -103  74  )
( 106  241  -234  )
( 107  69  183  )
( -201  -150  -212  )
( 36  132  -198  )
( -14  -214  -224  )
( 106  236  -54  )
( 205  35  -195  )
( -88  -8  -129  )
( -42  126  235  )
( 36  -243  -129  )
( 213  -92  -35  )
( -2  103  -32  )
( 87  180  -247  )
( 180  -71  16  )
( 156  50  -43  )
( -246  -116  -165  )
( -153  -144  -59  )
( 202  148  167  )
( 89  -179  138  )
( -76  -212  -88  )
( 143  206  -12  )
( -131  96  -169  )
( 39  -93  47  )
( -232  117  -46  )
( -215  169  166  )
( 12  106  -247  )
( 142  186  -47  )
( -240  128  107  )
( -162  235  23  )
( -2  -218  -95  )
( -183  -194  -227  )
( 206  -180  -156  )
( 131  55  -65  )
( 167  206  -101  )
( 127  -240  51  )
( -199  107  79  )
( 238  -34  206  )
( 131  -213  237  )
( 53  185  54  )
( -161  -245  -17  )
( 155  -122  -77  )
( -182  4  196  )
( 100  -232  64  )
( -71  33  -183  )
( -225  -185  -247  )
( -41  75  -84  )
( -91  238  185  )
( -159  210  75  )
( 107  167  -34  )
( 82  179  53  )
( -187  -64  188  )
( -145  120  -133  )
( 77  -242  20  )
( -120  87  -235  )
( -212  187  246  )
( 155  -198  -47  )
( -29  -113  48  )
( -142  -199  2  )
( 230  95  69  )
( -167  -21  -0  )
( 10  60  198  )
( 11  -192  4  )
( -192  -7  212  )
( -180  121  62  )
( -183  166  -204  )
( 90  -145  -223  )
( -5  -234  209  )
( -193  -188  -6  )
( -121  -91  198  )
( 92  -238  -80  )
( 69  -21  225  )
( -75  -174  221  )
( 57  -122  -36  )
( -86  -74  -216  )
( -206  -166  -122  )
( 113  -97  -53  )
( -45  79  194  )
( -46  36  57  )
( 16  153  -57  )
( -233  70  -94  )
( 132  65  219  )
( -57  -139  -144  )
( 96  47  12  )
( 23  66  183  )
( 108  49  25  )
( -68  182  24  )
( -46  193  236  )
( -159  -230  136  )
( 69  -193  -156  )
( -247  225  -86  )
( -193  -114  -97  )
( 133  57  94  )
( 215  -200  217  )
( 155  -53  54  )
( -142  169  215  )
( -30  -97  -50  )
( 19  41  -149  )
( 214  224  -207  )
( 88  182  -186  )
( 203  218  -106  )
( -47  224  68  )
( -127  -190  -41  )
( -210  230  212  )
( 95  35  69  )
( -188  -71  -120  )
( -102  96  132  )
( 131  -194  220  )
( 159  -200  -30  )
( -194  206  -40  )
( -172  -236  21  )
( 148  156  160  )
( 7  144  107  )
( -2  158  -237  )
( 134  -84  108  )
( -155  236  -229  )
( 217  234  -38  )
( -207  -122  -179  )
( -72  235  229  )
( -220  -34  72  )
( 233  4  32  )
( 209  -143  191  )
( -161  85  164  )
( 169  -110  14  )
( 197  61  126  )
( 108  187  10  )
( -214  -72  -198  )
( -164  -198  157  )
( 200  -24  -236  )
( -161  122  -17  )
( 202  -2  114  )
( -183  119  -210  )
( -64  -207  -117  )
( 45  181  -62  )
( -188  -45  -89  )
( 165  -2  -113  )
( 87  20  -6  )
( 15  -181  137  )
( 177  -218  -128  )
( 46  -156  122  )
( 242  60  -214  )
( -210  96  -232  )
( -201  92  -202  )
( -71  95  -73  )
( -160  155  -241  )
( -223  187  105  )
( -51  8  191  )
( 25  -67  -141  )
( 161  188  -164  )
( -238  -71  18  )
( -38  -247  -96  )
( -185  240  73  )
( 112  43  243  )
( 184  59  -7  )
( -85  241  -230  )
( 187  -54  -165  )
( -167  -124  -199  )
( -174  125  -233  )
( -32  39  -89  )
( -234  24  48  )
( 2  200  -216  )
( -93  -211  -2  )
( 226  192  156  )
( -40  215  50  )
( 96  49  -16  )
( 43  -175  234  )
( -239  37  156  )
( -161  -65  -149  )
( -143  31  39  )
( -43  -103  -28  )
( -221  -199  -215  )
( -115  158  83  )
( -8  124  -166  )
( -203  110  -69  )
( 43  60  83  )
( -107  232  -11  )
( -31  -214  -222  )
( 167  56  -99  )
( 98  -140  139  )
( 84  233  75  )
( -219  21  -220  )
( 204  64  34  )
( -20  -151  22  )
( 88  -23  26  )
( -89  -3  32  )
( -218  -213  -102  )
( -206  37  -203  )
( -104  84  73  )
( 211  77  -153  )
( -188  -120  -88  )
( 63  -103  -74  )
( -135  148  -2  )
( -249  181  130  )
( -236  -88  -206  )
( -71  70  148  )
( -12  185  249  )
( -201  -40  -57  )
( -113  159  88  )
( -118  238  -126  )
( 45  64  84  )
( 63  -73  30  )
( 187  -28  182  )
( -56  -135  14  )
( -71  -100  95  )
( -168  124  -110  )
( 76  51  -86  )
( -224  82  169  )
( 214  76  128  )
( 209  119  204  )
( 51  7  85  )
( 219  -47  162  )
( -25  -136  -60  )
( -146  219  -21  )
( -173  63  -29  )
( 67  -61  219  )
( 40  152  48  )
( -236  3  -1  )
( -190  202  -61  )
( -77  81  195  )
( -160  -4  100  )
( -37  176  -204  )
( -142  -95  -176  )
( 61  -173  41  )
( 247  -14  -184  )
( 197  35  49  )
( -195  -196  129  )
( -158  67  -15  )
( -168  -3  116  )
( 80  -240  -226  )
( -93  140  98  )
( 61  212  -245  )
( -13  -233  176  )
( 24  -141  122  )
( -248  -195  -234  )
( 218  -130  -176  )
( 60  212  103  )
( 237  69  -229  )
( -108  202  -213  )
( 89  -50  131  )
( 234  -182  -188  )
( 222  140  -4  )
( -196  -233  197  )
( -172  -12  247  )
( 95  101  84  )
( -7  -70  175  )
( -28  -26  92  )
( -130  228  -45  )
( -142  -2  198  )
( -50  11  196  )
( -121  38  -61  )
( 168  58  -197  )
( 58  74  -139  )
( -195  -235  117  )
( -225  -160  199  )
( 91  81  -220  )
( 8  158  -126  )
( -189  171  -245  )
( 29  -163  -8  )
( 101  -172  -247  )
( 195  -14  239  )
( -10  90  219  )
( 93  -221  134  )
( -100  144  -63  )
( -246  -12  -233  )
( -137  27  102  )
( 178  -223  94  )
( -38  -200  90  )
( -62  200  -74  )
( -107  191  149  )
( 109  89  -141  )
( -236  168  -158  )
( 131  146  -175  )
( -122  22  -24  )
( -40  148  -92  )
( 77  51  -83  )
( -195  -103  -92  )
( -174  -132  1  )
( -172  -127  -106  )
( 108  134  49  )
( 154  84  157  )
( -61  80  121  )
( -208  -246  22  )
( 35  242  -43  )
( 191  26  -58  )
( 119  -90  187  )
( -44  208  -205  )
( 90  -75  127  )
( 27  190  81  )
( 133  185  -193  )
( 144  -229  226  )
( 167  193  77  )
( -41  -148  -112  )
( 109  -7  -129  )
( 232  -114  176  )
( -107  216  169  )
( 86  -18  -162  )
( 56  58  -146  )
( -150  188  16  )
( -27  180  -166  )
( 142  -122  -90  )
( -205  -192  50  )
( 44  -227  -104  )
( 40  -103  -216  )
( -167  -79  -68  )
( -242  192  -128  )
( 12  -90  107  )
( 234  82  -97  )
( -247  -133  -183  )
( -170  35  -225  )
( -128  -110  -45  )
( 212  224  -198  )
( -56  26  5  )
( -233  135  -88  )
( 134  -82  199  )
( 94  163  -119  )
( -123  -231  -50  )
( 185  140  -132  )
( -50  226  52  )
( -121  129  209  )
( -234  203  246  )
( 171  217  -188  )
( 75  171  19  )
( -161  40  28  )
( 46  222  -185  )
( -132  240  -236  )
( 148  -25  -246  )
( 164  -49  232  )
( -184  161  52  )
( -187  181  -191  )
( -214  167  4  )
( 243  -166  -130  )
( 201  -72  129  )
( 184  73  34  )
( -63  222  -120  )
( -28  -89  -32  )
( 88  230  5  )
( -129  63  190  )
( -107  13  31  )
( -60  246  135  )
( -241  3  -110  )
( 126  -173  63  )
( -196  -152  171  )
( 142  153  -212  )
( 18  63  -200  )
( -214  177  -175  )
( -117  42  214  )
( -27  170  -87  )
( -225  118  43  )
( 63  229  152  )
( 154  88  66  )
( -3  -79  -47  )
( 144  94  -170  )
( 234  -73  -61  )
( -36  -107  -26  )
( 10  -189  105  )
( 190  31  -63  )
( 18  -106  -227  )
( -97  245  52  )
( 240  28  -6  )
( -101  -242  -10  )
( 62  94  217  )
( -120  69  165  )
( -19  14  60  )
( -85  -48  86  )
( -15  160  -235  )
( -157  163  -6  )
( -206  -5  101  )
( 78  -132  196  )
( 50  -226  187  )
( 247  -95  100  )
( 170  -54  167  )
( -232  -150  -73  )
( -17  -201  -246  )
( -231  -143  37  )
( -0  247  69  )
( -39  181  -78  )
( 249  -20  -235  )
