( 64  66  -159  )
( 247  -240  -147  )
( 133  59  -207  )
( 115  -247  -79  )
( -240  -123  -225  )
( -231  188  -105  )
( 184  -32  -170  )
( -50  98  -218  )
( 70  -191  141  )
( -83  158  122  )
( 146  -192  -162  )
( 193  170  62  )
( -110  71  -165  )
( -199  -129  179  )
( -13  -131  148  )
( 223  -224  -40  )
( 4  -134  28  )
( -226  22  -6  )
( -107  72  -121  )
( -213  -108  135  )
( 164  -172  -27  )
( 81  72  -243  )
( -83  -92  16  )
( 121  161  -92  )
( -20  -91  153  )
( -226  204  168  )
( 3  -26  209  )
( 159  -54  48  )
( 220  -35  -230  )
( -192  -60  86  )
( -74  148  -66  )
( -144  -152  178  )
( -26  153  -28  )
( -126  -103  14  )
( 39  152  185  )
( -28  158  3  )
( -124  9  -226  )
( 198  -223  -127  )
( -157  141  -18  )
( -110  200  141  )
( 167  96  194  )
( 174  1  152  )
( -119  174  -31  )
( 64  170  -84  )
( 200  74  45  )
( -137  207  176  )
( 90  -193  -245  )
( -177  148  98  )
( -31  -234  -0  )
( 195  -206  -229  )
( 124  -162  -182  )
( 177  186  -102  )
( 186  165  12  )
( 41  -207  -224  )
( 102  -173  44  )
( -12  6  -170  )
( -108  -28  -33  )
( -239  69  -67  )
( 206  -67  155  )
( 199  -25  106  )
( 130  152  -189  )
( -237  -165  -48  )
( -167  249  201  )
( 166  34  3  )
( 159  101  223  )
( -27  13  161  )
( 67  115  119  )
( 249  -11  204  )
( 71  -125  -55  )
( 5  -108  95  )
( 52  151  -64  )
( 20  -202  232  )
( -186  3  -183  )
( -163  -69  -146  )
( -55  86  -186  )
( 236  139  -125  )
( -66  113  50  )
( -177  -212  128  )
( -35  -211  -101  )
( 120  46  -154  )
( 90  -84  -62  )
( 130  74  -216  )
( 80  -4  -41  )
( -61  0  209  )
( 240  113  151  )
( 199  -238  -242  )
( -107  69  31  )
( -83  107  199  )
( 7  179  -113  )
( 42  206  -31  )
( -89  48  -183  )
( -104  -245  183  )
( 103  241  -101  )
( -102  213  -3  )
( 104  -196  38  )
( 212  118  56  )
( 216  178  -92  )
( -98  -1  127  )
( -8  110  207  )
( 57  -204  178  )
( 176  -179  -79  )
( -205  -194  167  )
( 20  89  112  )
( 120  -101  142  )
( 234  -81  -249  )
( 245  -202  115  )
( -167  -123  -95  )
( -33  -218  238  )
( 49  165  -26  )
( 230  20  -49  )
( 152  -72  -63  )
( 107  -30  192  )
( -239  -115  -21  )
( 203  -102  134  )
( -107  -182  104  )
( -104  -147  115  )
( -159  -44  -212  )
( 82  -56  141  )
( 83  -35  232  )
( 12  108  -30  )
( 247  147  188  )
( 224  71  216  )
( 18  46  -96  )
( 0  -77  228  )
( 144  -139  62  )
( 214  90  77  )
( -242  171  -74  )
( -236  -118  142  )
( 76  69  -18  )
( -30  -102  175  )
( 51  143  -75  )
( 54  173  -194  )
( 40  -165  -126  )
( -239  94  219  )
( -140  178  227  )
( 31  -168  -88  )
( 128  38  -30  )
( -175  31  230  )
( 212  -77  244  )
( 141  -243  66  )
( -68  159  219  )
( 179  164  171  )
( -98  151  -0  )
( 242  188  143  )
( 2  -21  51  )
( 49  14  -233  )
( 62  -233  95  )
( -35  187  34  )
( 27  -186  -3  )
( -66  -157  -41  )
( 62  100  -11  )
( -203  -13  51  )
( -185  248  -121  )
( 53  -221  -223  )
( -224  72  -190  )
( -219  -63  161  )
( 189  -142  -135  )
( 69  -240  -18  )
( -222  -20  44  )
( -228  -86  140  )
( -108  244  -118  )
( 178  49  -227  )
( 81  -175  139  )
( 125  187  102  )
( 152  -125  193  )
( -14  -29  -116  )
( 185  243  -119  )
( -160  117  -46  )
( -139  2  -11  )
( -107  -36  196  )
( -63  -130  -69  )
( 163  245  -200  )
( 37  115  9  )
( -19  218  -138  )
( 139  9  -158  )
( -37  -31  192  )
( -164  222  -136  )
( 19  -238  211  )
( 111  -207  -200  )
( -229  -111  -70  )
( -158  -81  232  )
( -148  215  -65  )
( -19  165  206  )
( 68  -245  -115  )
( -207  -61  -82  )
( 173  16  194  )
( 242  56  -178  )
( -133  44  -95  )
( 247  228  -96  )
( 222  -42  217  )
( -37  2  106  )
( 214  201  197  )
( -135  40  -232  )
( 236  -43  -194  )
( -108  133  216  )
( 225  -54  220  )
( 234  -75  26  )
( -241  233  -217  )
( 115  -137  -176  )
( 102  -238  -32  )
( -99  73  -23  )
( -163  -134  171  )
( 242  249  -18  )
( -126  39  94  )
( 111  53  -108  )
( -84  73  179  )
( -84  25  -178  )
( 103  231  -150  )
( 63  -101  36  )
( -181  74  -140  )
( -103  149  160  )
( -136  -221  -120  )
( -5  110  -172  )
( -215  48  225  )
( 187  26  18  )
( -40  77  -158  )
( -177  197  -245  )
( 23  -243  -249  )
( -12  21  181  )
( -145  -86  -48  )
( 247  120  158  )
( 51  -10  73  )
( -175  -177  -223  )
( -236  134  23  )
( 85  71  -248  )
( 11  -94  -42  )
( -237  -143  -117  )
( -154  81  62  )
( 186  26  -218  )
( -116  63  -76  )
( 246  205  164  )
( -179  -105  44  )
( -178  231  120  )
( -0  208  -238  )
( 248  49  -65  )
( -52  220  158  )
( 164  -156  -111  )
( -249  150  -49  )
( 37  154  -3  )
( -32  172  128  )
( -240  206  -129  )
( -171  97  -63  )
( -113  -135  79  )
( 98  -197  160  )
( 117  205  -150  )
( 8  -91  224  )
( -240  22  -234  )
( -122  -176  -13  )
( 50  -146  242  )
( -12  249  126  )
( -195  126  241  )
( -167  -97  106  )
( -4  -188  192  )
( -50  -248  235  )
( -215  -242  -101  )
( -13  -23  -60  )
( -172  137  215  )
( -223  -19  -12  )
( -103  160  -43  )
( 236  -191  105  )
( 237  61  68  )
( -47  148  129  )
( -181  128  183  )
( 237  234  109  )
( 56  -141  212  )
( -70  -137  183  )
( -8  -82  47  )
( -23  -38  217  )
( 44  -27  12  )
( 91  -49  -189  )
( 87  114  -43  )
( -24  169  -176  )
( 116  201  -228  )
( -111  -158  -247  )
( -200  -225  11  )
( 19  50  199  )
( 195  20  117  )
( 161  40  -128  )
( 154  221  -33  )
( 136  -64  -188  )
( -59  -82  -239  )
( 243  -148  235  )
( -134  -70  164  )
( 234  -160  -212  )
( 118  222  204  )
( 23  -243  210  )
( -100  -106  -147  )
( 160  -123  192  )
( 186  73  107  )
( -93  -186  130  )
( -200  236  -157  )
( 210  -127  87  )
( -106  202  132  )
( 115  -132  -40  )
( 115  -78  -236  )
( -195  203  11  )
( -44  -151  61  )
( 248  23  228  )
( -129  -171  88  )
( -55  95  -59  )
( -110  90  -238  )
( -225  202  -114  )
( -58  -54  -243  )
( 127  -101  161  )
( 33  -140  186  )
( 126  36  -67  )
( -67  -109  -209  )
( 42  236  -201  )
( -154  -248  -93  )
( 50  -228  237  )
( 157  162  82  )
( 84  -122  28  )
( -126  202  11  )
( 233  36  -197  )
( 71  -8  101  )
( 126  -87  58  )
( -191  -228  -91  )
( -200  -230  149  )
( -208  -163  128  )
( -93  87  166  )
( 194  104  -228  )
( -245  -180  153  )
( 110  -9  -34  )
( 190  24  -66  )
( 230  94  49  )
( -247  -139  -138  )
( 175  130  -196  )
( 226  219  207  )
( 52  211  51  )
( 130  129  58  )
( 18  154  -70  )
( -210  131  10  )
( -78  -217  211  )
( 84  238  -172  )
( -176  -212  199  )
( -154  111  -215  )
( -246  156  176  )
( -189  211  -79  )
( -156  52  188  )
( 192  51  118  )
( 110  88  123  )
( 22  -71  -37  )
( 18  -116  -135  )
( -76  -227  213  )
( 49  181  188  )
( 57  208  6  )
( -197  235  -153  )
( -170  186  -109  )
( 6  106  -167  )
( -87  78  5  )
( -10  217  116  )
( 81  -180  -174  )
( -156  -6  -153  )
( -42  185  -247  )
( 36  -143  -196  )
( 159  -237  95  )
( 109  -146  221  )
( 169  -81  90  )
( 248  -68  7  )
( -54  151  27  )
( 134  -115  210  )
( -92  120  145  )
( 197  103  -11  )
( 24  154  118  )
( 51  -73  -151  )
( -99  225  -219  )
( -210  31  100  )
( 140  -73  43  )
( -127  204  -241  )
( -78  95  -124  )
( 240  -139  -130  )
( -146  -121  -204  )
( -178  186  132  )
( -164  -22  51  )
( 104  -134  182  )
( -128  -135  32  )
( 117  -12  7  )
( -122  208  -127  )
( -243  -136  -56  )
( 245  -145  122  )
( 130  -93  -241  )
( 159  -53  -68  )
( -63  -156  -232  )
( 130  -186  -209  )
( -239  124  -43  )
( 227  171  -114  )
( 201  -120  133  )
( -211  -187  113  )
( 73  -166  -247  )
( 149  -33  3  )
( -127  58  87  )
( 74  -233  -220  )
( 231  -104  165  )
( 15  48  -208  )
( -64  -121  -203  )
( -17  3  91  )
( -3  -231  108  )
( -133  -1  19  )
( 61  -203  -246  )
( 54  215  243  )
( -112  -69  83  )
( 189  188  -121  )
( -44  123  38  )
( 231  130  176  )
( -216  193  -176  )
( -170  -21  156  )
( -180  -142  223  )
( -31  156  32  )
( 6  56  -197  )
( 180  -15  -11  )
( 137  29  -113  )
( -53  -231  165  )
( -121  -68  -41  )
( 106  77  -80  )
( 63  -95  -77  )
( 204  -137  192  )
( -198  148  128  )
( -234  -167  45  )
( 167  -13  221  )
( -45  209  9  )
( -53  130  -232  )
( -66  -242  -49  )
( 151  -176  -197  )
( 20  213  -72  )
( 70  -142  75  )
( 240  -144  -22  )
( 5  176  8  )
( -15  81  -91  )
( -104  205  89  )
( 53  72  63  )
( 165  76  204  )
( -41  98  89  )
( -226  -44  -207  )
( 105  -141  166  )
( -8  -129  119  )
( -180  -121  -199  )
( 119  116  -190  )
( -6  233  -177  )
( 210  139  -40  )
( -127  -97  -64  )
( -125  225  -4  )
( 166  -101  53  )
( 93  34  -65  )
( 131  223  -244  )
( 204  -239  18  )
( -36  -32  -157  )
( -103  173  -205  )
( -246  -28  -48  )
( 55  -84  97  )
( 167  -155  -230  )
( 17  -212  -43  )
( -72  16  56  )
( 35  214  -247  )
( 178  225  86  )
( -144  26  65  )
( 26  73  -204  )
( -21  104  -145  )
( 44  -142  -43  )
( 233  -163  101  )
( 214  -166  -211  )
( 49  -197  -58  )
( -144  158  -219  )
( 115  -106  66  )
( 171  -75  210  )
( 82  228  187  )
( 92  -4  -48  )
( -60  -78  -150  )
( -149  -58  -26  )
( 95  125  205  )
( -100  102  151  )
( -16  -122  81  )
( -52  -231  74  )
( 181  -28  -170  )
( -226  62  222  )
( 189  234  196  )
( -111  -213  62  )
( 15  0  236  )
( 51  130  147  )
( -195  2  47  )
( 146  -16  116  )
( -173  164  153  )
( -75  95  -157  )
( 162  81  -192  )
( -166  9  91  )
( 216  -97  -114  )
( -35  207  228  )
( 123  9  -45  )
( -159  -226  -160  )
( 53  24  -141  )
( -91  -23  -221  )
( -119  -80  -207  )
( -198  120  -47  )
( 137  121  211  )
( 191  -119  -225  )
( -196  248  138  )
( -133  225  -154  )
( -248  71  -157  )
( 145  -160  198  )
( 224  -190  162  )
( -100  229  143  )
( 87  -86  19  )
( -211  -81  -89  )
( 46  151  -232  )
( 190  51  -173  )
( 105  244  -124  )
( 212  218  -25  )
( 168  -40  28  )
( 144  -131  187  )
( 48  -72  -128  )
( -49  -98  -70  )
( -169  -213  -16  )
( -181  212  -0  )
( 128  -64  -122  )
( -124  -48  -97  )
( 120  -127  -164  )
( -151  35  71  )
( 4  -249  204  )
( -237  -64  -51  )
( 10  0  229  )
( -181  -190  -221  )
( -10  -92  155  )
( -105  182  -225  )
( 121  242  143  )
( -187  -46  -97  )
( 30  91  209  )
( -134  46  -129  )
( -171  92  228  )
( -63  157  106  )
( 61  137  -129  )
( 122  185  199  )
( 87  222  -4  )
( 178  86  -195  )
( -175  -29  81  )
( -202  121  -169  )
( -137  -14  130  )
( -241  -75  32  )
( 176  -171  -39  )
( 101  -54  -242  )
( -113  -164  -237  )
( -18  230  100  )
( 154  156  -8  )
( -56  162  209  )
( -238  -239  173  )
( -44  -61  194  )
( 93  -2  -169  )
( 115  -215  30  )
( 219  169  32  )
( 2  95  -233  )
( -223  -242  149  )
( 107  -178  -192  )
( -14  29  205  )
( -155  116  237  )
( 56  -19  78  )
( 196  -203  -218  )
( 151  13  -37  )
( -149  128  30  )
( -245  -239  87  )
( 204  -59  -57  )
( -78  71  56  )
( 234  -139  -101  )
( -60  224  7  )
( 175  163  148  )
( 226  -179  48  )
( -221  -158  -144  )
( -240  -239  113  )
( 36  109  -65  )
( -73  -86  90  )
( 132  190  154  )
( 106  -220  -58  )
( -115  -35  -163  )
( 25  4  -242  )
( -99  -23  -11  )
( 14  -1  -142  )
( -244  202  -246  )
( 46  133  -81  )
( 247  -128  -210  )
( 156  97  44  )
( 117  -165  -36  )
( -36  -117  -124  )
( -63  114  182  )
( -164  -199  133  )
( -234  82  -225  )
( 125  161  241  )
( 208  -234  211  )
( 31  92  246  )
( 87  15  216  )
( -109  -69  181  )
( -90  -174  -99  )
( -229  -118  149  )
( 221  -60  98  )
( 128  -46  -67  )
( -1  159  -142  )
( 96  77  -42  )
( -52  240  -34  )
( 163  -221  214  )
( -130  -190  -98  )
( -0  -167  137  )
( 33  25  92  )
( -205  226  -173  )
( -84  -174  -165  )
( -40  -217  -194  )
( -91  64  31  )
( -91  122  197  )
( 64  222  -8  )
( -144  179  -96  )
( 121  135  -206  )
( 30  -230  -190  )
( -160  28  189  )
( 89  47  -198  )
( -39  -198  -194  )
( -89  -188  -39  )
( -243  194  150  )
( 2  216  -12  )
( -165  26  -215  )
( 185  195  189  )
( 29  -49  244  )
( -20  82  41  )
( -144  65  -145  )
( 168  -156  202  )
( 84  -147  57  )
( -36  104  146  )
( 71  -188  -11  )
( 102  0  -177  )
( -119  -5  39  )
( -112  -166  -5  )
( 226  -176  -170  )
( 156  189  -183  )
( 20  154  169  )
( -32  67  -232  )
( -188  -171  12  )
( -45  117  -89  )
( 4  -192  160  )
( 96  247  -243  )
( -133  58  -178  )
( -164  44  -160  )
( 23  -120  82  )
( 154  -229  -63  )
( 71  58  52  )
( -68  -103  -198  )
( 17  -218  184  )
( -137  33  48  )
( 149  -219  -186  )
( 37  -246  -202  )
( -241  201  42  )
( -173  195  -198  )
( -204  223  153  )
( -121  21  -237  )
( -157  246  -76  )
( -155  -140  174  )
( -91  199  225  )
( 196  129  -67  )
( -115  27  -180  )
( -169  240  186  )
( 106  110  -219  )
( 12  -157  -221  )
( -36  -137  101  )
( 119  -239  78  )
( -212  -111  -77  )
( 27  -228  31  )
( 155  160  -28  )
( -218  63  -181  )
( 113  200  219  )
( 71  -243  128  )
( -103  134  242  )
( 143  -85  13  )
( 152  206  -144  )
( 73  -105  -98  )
( -34  241  -26  )
( -228  -102  -214  )
( 241  -56  -197  )
( -32  -91  20  )
( -118  248  169  )
( -161  -210  -240  )
( 142  -223  119  )
( -239  235  159  )
( -175  119  -109  )
( -30  247  194  )
( -143  20  211  )
( 213  -79  163  )
( 149  -48  -140  )
( 186  102  228  )
( 80  -226  44  )
( 201  61  -242  )
( 173  185  49  )
( 201  -206  -74  )
( -147  149  62  )
( -175  57  22  )
( 116  -92  -45  )
( 51  205  -177  )
( -224  -208  -147  )
( 187  -248  156  )
( 30  -145  128  )
( 35  13  153  )
( 40  42  175  )
( 241  57  -47  )
( -84  61  222  )
( 78  -161  -117  )
( 71  -233  -243  )
( -126  -111  81  )
( 83  -165  -158  )
( 178  -2  -217  )
( 110  225  111  )
( 246  -177  -182  )
( 220  8  -245  )
( -94  -74  104  )
( -62  42  -166  )
( 204  184  -205  )
( -34  -180  212  )
( -20  249  -148  )
( 74  144  104  )
( -191  82  247  )
( -66  -24  206  )
( 227  181  -69  )
( 116  -68  23  )
( 16  58  43  )
( 8  -121  -35  )
( -12  10  153  )
( 94  167  -74  )
( 234  179  129  )
( 195  -13  247  )
( 47  10  137  )
( -5  236  54  )
( -30  -186  -147  )
( 36  -117  77  )
( -74  84  29  )
( -236  -50  -121  )
( 84  -245  -166  )
( -144  -140  2  )
( -241  232  -213  )
( -4  -244  105  )
( 23  57  -148  )
( 77  191  42  )
( -215  -217  -198  )
( 90  142  77  )
( -129  -156  -150  )
( 201  156  40  )
( 15  -207  19  )
( -168  -225  -92  )
( 151  160  -83  )
( 77  223  -237  )
( 165  0  41  )
( -55  45  -185  )
( 238  163  187  )
( 120  16  -38  )
( -94  -44  187  )
( 23  19  -157  )
( 103  -244  80  )
( 62  -200  172  )
( 81  -87  89  )
( 175  208  -134  )
( -247  -175  34  )
( -196  113  128  )
( 186  -73  -157  )
( 49  -147  10  )
( 109  -249  236  )
( -93  -237  60  )
( -62  -52  -98  )
( -2  201  -119  )
( 39  -15  -3  )
( 108  -236  -32  )
( -37  -95  -123  )
( -71  -206  62  )
( -88  -211  244  )
( -194  -35  -161  )
( 199  167  -181  )
( -68  -65  -98  )
( -96  242  101  )
( 184  18  -50  )
( 243  -9  240  )
( -24  -35  -130  )
( -47  -161  208  )
( 127  -237  160  )
( 48  -178  121  )
( 159  211  -71  )
( 129  223  -195  )
( 39  80  -245  )
( 82  -187  242  )
( -197  -9  209  )
( -123  -231  -41  )
( -186  124  -108  )
( 149  136  102  )
( -105  -59  -214  )
( -151  81  207  )
( 41  -70  -29  )
( 0  25  -13  )
( 81  164  -67  )
( 172  46  -152  )
( 101  185  76  )
( -27  36  59  )
( 71  -2  -217  )
( -17  -187  -79  )
( -97  -238  -105  )
( 140  177  -95  )
( 15  145  -147  )
( 21  -74  104  )
( -22  247  -194  )
( 44  -95  -214  )
( -214  -147  96  )
( -3  62  210  )
( -156  -140  41  )
( 246  134  140  )
( -16  -234  205  )
( -124  -82  197  )
( 103  129  215  )
( 14  213  43  )
( 228  247  131  )
( 92  1  185  )
( -197  -164  -248  )
( -17  155  176  )
( -154  170  -81  )
( -207  -126  -171  )
( -39  211  56  )
( 83  -178  -49  )
( 168  152  -117  )
( -87  -196  -187  )
( 240  -56  -246  )
( 27  187  157  )
( 99  -189  -239  )
( -127  -229  -23  )
( -184  -192  -80  )
( 174  -52  237  )
( -118  161  92  )
( 59  91  -62  )
( -135  -82  -232  )
( 2  78  -196  )
( 89  103  36  )
( -205  -7  -67  )
( -37  194  -41  )
( -64  36  -239  )
( 134  169  49  )
( -216  -23  238  )
( 202  -217  -47  )
( 104  102  -50  )
( -121  37  242  )
( -102  -245  219  )
( 218  111  67  )
( 9  -57  -0  )
( -13  -168  -72  )
( -200  146  245  )
( 10  224  -243  )
( -153  156  21  )
( 95  -102  -56  )
( 61  -153  -232  )
( -55  -93  101  )
( 179  -34  120  )
( 95  199  -106  )
( 180  -94  72  )
( -78  -68  113  )
( 155  -44  -189  )
( -203  154  178  )
( 5  55  147  )
( -112  -44  103  )
( -96  -203  55  )
( -8  -31  239  )
( -91  -60  240  )
( -77  104  98  )
( 76  139  -167  )
( 199  84  -64  )
( 57  168  191  )
( 9  -69  -136  )
( 97  199  174  )
( 36  161  115  )
( -72  153  54  )
( -227  -83  -199  )
( -243  -176  180  )
( -31  53  -197  )
( 240  -124  -238  )
( -216  150  -90  )
( 162  98  34  )
( 161  -11  82  )
( -137  -180  186  )
( 224  149  -194  )
( 26  -169  -243  )
( 81  -62  233  )
( -164  168  -238  )
( 217  -181  -25  )
( 1  101  -208  )
( 162  -237  -34  )
( -98  21  -32  )
( 164  76  -40  )
( 178  104  215  )
( -79  53  241  )
( 181  -155  -202  )
( 213  131  -228  )
( -20  -72  -124  )
( 126  -140  165  )
( -232  -216  -27  )
( -83  -142  57  )
( 94  134  63  )
( 131  -243  238  )
( -95  212  187  )
( 123  192  73  )
( -65  -34  81  )
( -237  -46  -224  )
( -163  -159  183  )
( -97  -208  63  )
( 54  -248  35  )
( 245  -20  184  )
( -54  -92  184  )
( 221  166  14  )
( 125  -24  148  )
( -218  -184  -234  )
( 135  57  -137  )
( -17  -129  220  )
( 204  -188  -87  )
( 104  -43  -188  )
( 161  48  204  )
( 113  26  -6  )
( 143  -96  -163  )
( -231  -62  -228  )
( -206  59  -27  )
( 107  28  165  )
( -109  163  19  )
( -36  -245  -69  )
( -108  122  -213  )
( -91  -227  -17  )
( 22  236  186  )
( -148  -215  164  )
( -185  -97  20  )
( -91  -84  -168  )
( 208  -144  -202  )
( 209  -235  -69  )
( 77  -73  -74  )
( 189  208  -215  )
( 241  237  191  )
( 174  200  -43  )
( 131  201  -100  )
( -181  -39  -137  )
( 68  -77  -86  )
( 152  244  -179  )
( -60  79  157  )
( -66  -70  -233  )
( -247  193  -66  )
( -1  -68  89  )
( 85  -172  -115  )
( -77  132  -117  )
( -101  33  -24  )
( 178  -228  -214  )
( 226  -164  247  )
( -61  136  -119  )
( 217  -235  -22  )
( 132  149  234  )
( 128  68  16  )
( -1  32  -19  )
( 220  204  -162  )
( -48  -177  -129  )
( -86  150  -225  )
( -189  173  -170  )
( 241  70  176  )
( -16  -221  32  )
( -248  117  130  )
( -29  -102  68  )
( 213  113  -157  )
( -184  63  -132  )
( 167  200  -245  )
( -125  13  -190  )
( -79  -141  -127  )
( 94  165  -40  )
( 154  188  -125  )
( -25  -178  11  )
( -237  -24  168  )
( -169  82  209  )
( -209  185  -179  )
( 174  195  201  )
( -77  -36  -83  )
( 111  10  44  )
( 55  115  -109  )
( -238  -9  -128  )
( -195  -187  -63  )
( -91  -197  135  )
( -229  169  81  )
( 27  144  26  )
( -233  13  -196  )
( 152  -160  -227  )
( 141  161  61  )
( 228  186  183  )
( -196  -202  -36  )
( -173  -192  -241  )
( -59  -141  51  )
( -219  -230  -20  )
( -44  -53  84  )
( 145  234  -105  )
( 240  246  -106  )
( 129  226  86  )
( -96  -218  -35  )
( 82  -97  182  )
( 119  -184  73  )
( -226  -30  -74  )
( 30  100  204  )
( -113  -172  -241  )
( -69  -168  105  )
( 163  -229  -89  )
( -172  -249  20  )
( -35  -209  -44  )
( 188  109  -177  )
( 125  -210  -238  )
( 125  -241  18  )
( -205  -104  173  )
( -153  139  90  )
( -86  -236  -41  )
( 73  174  122  )
( 246  175  172  )
( -225  170  -8  )
( -197  -248  -98  )
( 234  -32  186  )
( 113  131  -71  )
( -94  128  -12  )
( -173  188  172  )
( 73  42  -228  )
( 203  52  -40  )
( -96  -193  232  )
( 243  76  195  )
( -88  -14  24  )
( -65  -229  -180  )
( -121  111  171  )
( -27  -33  61  )
( 45  29  69  )
( 169  115  -199  )
( 159  161  200  )
( -163  -168  -93  )
( -118  245  -213  )
( -233  109  -83  )
( -84  -202  166  )
( 15  133  33  )
( -215  -28  -102  )
( -137  136  168  )
( -89  -108  -235  )
( -224  -6  -30  )
( -26  83  219  )
( -73  178  4  )
( -134  -204  139  )
( 37  -190  -227  )
( -237  15  171  )
( -43  164  -126  )
( -189  73  -67  )
( -37  77  187  )
( 153  160  -16  )
( 165  194  117  )
( -242  -116  113  )
( -128  148  230  )
( -101  -96  -152  )
( -62  177  -202  )
( 100  64  181  )
( -174  78  -97  )
( 118  3  152  )
( -30  -45  89  )
( 74  82  63  )
( -145  14  -172  )
( 164  184  -114  )
( -143  85  -204  )
( -12  53  -10  )
( 77  142  156  )
( -146  -249  -125  )
( -230  215  -146  )
( 157  147  165  )
( -107  -2  -210  )
( 230  227  -164  )
( -206  -245  128  )
( 1  -212  44  )
( 236  -70  38  )
( -53  -117  -224  )
( 111  -225  215  )
( 232  -180  -151  )
( -90  23  71  )
( -15  233  141  )
( 19  -189  156  )
( -131  -31  -149  )
