( -157  83  234  )
( -9  -48  165  )
( -138  -33  165  )
( 155  95  196  )
( 86  34  -186  )
( 157  129  -131  )
( 176  120  -177  )
( 218  74  -103  )
( 18  191  -185  )
( -235  136  156  )
( 138  44  32  )
( -7  6  -79  )
( 222  -169  -180  )
( 31  1  167  )
( -241  -242  199  )
( -179  17  -243  )
( -68  -35  -221  )
( 188  -22  -168  )
( 16  -132  -100  )
( -175  62  -21  )
( 196  -115  64  )
( -190  28  -128  )
( 152  247  28  )
( 176  -149  -193  )
( -43  -15  -44  )
( 66  -215  -92  )
( 42  148  65  )
( 176  30  -230  )
( 190  2  163  )
( 81  69  211  )
( -65  47  -57  )
( 63  31  -176  )
( 13  -232  112  )
( -87  -194  -155  )
( 168  -54  28  )
( 200  -224  -91  )
( 225  210  -12  )
( 231  -152  -140  )
( 180  -221  135  )
( -189  5  149  )
( 119  109  -186  )
( 121  -84  -249  )
( 36  97  78  )
( -63  -3  -205  )
( -13  44  215  )
( -187  57  -145  )
( -153  -126  -156  )
( -5  -107  39  )
( 33  -121  -136  )
( -112  145  107  )
( -32  -20  -52  )
( 51  105  12  )
( 162  -202  83  )
( 137  -84  41  )
( -140  193  -41  )
( -177  -22  -89  )
( -24  -120  116  )
( 123  8  138  )
( -73  -182  -149  )
( -241  238  -139  )
( -69  167  -157  )
( 97  -180  -240  )
( 71  -146  -226  )
( -139  -195  82  )
( 150  41  -67  )
( -74  128  0  )
( 246  238  -65  )
( 59  -163  217  )
( -77  -59  6  )
( -69  40  -103  )
( -72  -177  -122  )
( 10  103  -113  )
( 90  98  167  )
( 183  59  -217  )
( 114  20  228  )
( -244  -101  178  )
( -208  -14  70  )
( 245  2  -88  )
( -167  -126  -176  )
( 233  -129  72  )
( 94  -172  -33  )
( -219  169  -97  )
( 78  48  98  )
( -95  -162  -109  )
( 202  81  32  )
( -112  25  -83  )
( -59  -55  -203  )
( 125  -54  -76  )
( -94  -88  -114  )
( -37  -61  163  )
( -96  -228  -1  )
( -233  121  156  )
( 212  49  -146  )
( -218  -203  -160  )
( -238  197  -115  )
( 26  105  11  )
( -98  -103  27  )
( 137  89  188  )
( -145  -245  88  )
( -241  107  -31  )
( -147  168  -32  )
( 164  190  -109  )
( 111  167  3  )
( -241  -162  -222  )
( -125  139  17  )
( 83  -36  96  )
( 167  70  156  )
( 174  177  -90  )
( 122  248  149  )
( -27  -152  -148  )
( 163  200  24  )
( -65  -191  -97  )
( 105  -184  80  )
( -175  -84  -82  )
( 121  67  -104  )
( -117  29  32  )
( -198  181  -94  )
( -187  14  -202  )
( 42  247  104  )
( 3  210  -135  )
( -173  157  66  )
( 89  87  141  )
( -71  -198  47  )
( 197  -192  -17  )
( 175  80  97  )
( 192  9  -48  )
( 128  133  221  )
( -241  -111  118  )
( -188  -17  238  )
( 242  -89  147  )
( 128  -177  17  )
( -213  -245  -190  )
( 63  -191  28  )
( 23  -232  -208  )
( 138  191  175  )
( 172  -183  146  )
( 82  -3  234  )
( -218  30  238  )
( 96  -115  45  )
( 36  221  38  )
( 124  237  63  )
( 245  86  20  )
( 102  61  73  )
( -133  235  25  )
( 96  210  86  )
( -193  -65  -137  )
( -59  -146  -170  )
( 225  243  166  )
( 4  -38  -156  )
( -242  -188  167  )
( -225  -122  36  )
( 79  15  -67  )
( 232  -132  88  )
( -86  -96  -69  )
( -151  -200  139  )
( 146  -195  -27  )
( 207  63  58  )
( 219  190  -150  )
( -166  163  -150  )
( -249  44  -160  )
( 94  -232  32  )
( -32  78  165  )
( 242  81  -67  )
( -6  39  -127  )
( 24  -88  8  )
( -134  -52  -7  )
( -182  -75  107  )
( 40  -235  -81  )
( 217  112  120  )
( -87  176  181  )
( -223  54  134  )
( -27  -102  169  )
( 23  -246  -88  )
( -18  -241  -132  )
( -126  -230  212  )
( 109  -9  1  )
( 76  19  -67  )
( 156  111  127  )
( -143  197  204  )
( 71  -157  -39  )
( 159  -137  138  )
( 106  -135  -70  )
( 126  87  224  )
( 46  81  63  )
( -166  234  99  )
( 190  -36  -201  )
( 161  -154  -84  )
( -69  -190  189  )
( -240  -222  134  )
( -229  35  245  )
( -155  -207  -169  )
( 186  -189  150  )
( -143  186  -134  )
( -242  -238  231  )
( -58  -155  245  )
( 216  218  -94  )
( 11  159  213  )
( 63  130  -185  )
( -144  -57  -221  )
( 79  28  129  )
( -105  -141  -206  )
( 173  -154  -163  )
( 245  102  -183  )
( 230  -221  227  )
( 232  172  51  )
( 150  -179  -196  )
( 113  -152  168  )
( 13  -156  -4  )
( -64  -163  140  )
( -50  89  35  )
( -183  78  -180  )
( -7  -164  -26  )
( 92  26  76  )
( 83  78  -245  )
( 90  14  196  )
( -73  130  110  )
( 165  -228  -171  )
( 28  -61  -162  )
( 83  -193  -22  )
( -149  23  6  )
( -49  63  -46  )
( 218  207  98  )
( 230  7  155  )
( 214  -129  93  )
( -62  59  69  )
( -220  73  32  )
( -26  -71  162  )
( 92  114  216  )
( -135  173  164  )
( 185  118  -143  )
( 203  63  186  )
( 193  147  -159  )
( -116  149  -246  )
( 239  34  -31  )
( -142  -12  131  )
( 72  -9  -28  )
( 166  45  208  )
( 126  -89  -194  )
( -19  145  -85  )
( -115  -123  -109  )
( -106  -144  141  )
( -116  3  35  )
( 188  -138  -240  )
( -60  -108  -157  )
( 62  115  77  )
( -121  -168  139  )
( 196  -234  66  )
( -165  174  -240  )
( -2  -110  124  )
( 58  -4  -189  )
( -28  136  -95  )
( -113  -24  169  )
( 216  -130  -225  )
( 185  56  215  )
( -248  195  -216  )
( -153  -194  -208  )
( 10  -28  -145  )
( -221  -22  -154  )
( 205  -147  -151  )
( 235  -60  -152  )
( 68  -32  -209  )
( -210  240  200  )
( -223  133  179  )
( 164  196  -209  )
( 182  102  135  )
( 228  -82  5  )
( 236  79  -68  )
( 87  167  -192  )
( -4  -240  150  )
( -26  -68  22  )
( 169  68  -243  )
( -163  -28  55  )
( -220  -67  -36  )
( -48  -35  -116  )
( 143  -176  9  )
( -25  75  114  )
( -70  -96  150  )
( 122  -82  -174  )
( -173  201  175  )
( -161  188  122  )
( -42  195  239  )
( 62  -2  242  )
( -32  69  -206  )
( 134  52  230  )
( -236  -155  119  )
( -155  -241  53  )
( -170  -167  -196  )
( 37  15  -141  )
( 231  149  88  )
( 199  -102  -46  )
( 181  -120  84  )
( -86  197  165  )
( -79  -73  -229  )
( -161  -168  219  )
( -128  12  237  )
( 188  -115  -229  )
( -172  30  201  )
( -75  -61  229  )
( -194  94  161  )
( 123  -152  -168  )
( 80  -193  217  )
( -194  72  -15  )
( 11  -49  -243  )
( 14  -167  204  )
( -91  175  154  )
( 139  -63  -237  )
( -83  36  -166  )
( -5  -3  144  )
( -245  58  -67  )
( -204  84  150  )
( -198  -182  -212  )
( -183  222  17  )
( -97  -225  191  )
( -242  198  -188  )
( -236  87  -131  )
( -16  -31  -8  )
( -174  104  -54  )
( -51  170  139  )
( 34  23  208  )
( -157  11  -213  )
( 172  -142  -40  )
( -128  213  -111  )
( -87  223  -238  )
( -26  244  -47  )
( -62  -162  -131  )
( 71  41  198  )
( 213  -178  -146  )
( 87  97  102  )
( 234  56  -223  )
( 173  -139  219  )
( 145  73  -19  )
( 61  -150  -45  )
( -134  133  -160  )
( -13  182  196  )
( -44  -237  87  )
( 181  145  -45  )
( 146  220  161  )
( 92  10  -204  )
( 102  109  -211  )
( 226  -168  192  )
( 37  -106  -196  )
( 107  48  10  )
( -113  -3  19  )
( -6  -70  -139  )
( -43  245  -137  )
( 186  -220  -10  )
( -95  -51  -225  )
( -93  91  -232  )
( 177  72  -116  )
( -50  -225  -157  )
( 156  147  -76  )
( 53  91  223  )
( 3  -240  -78  )
( -221  42  39  )
( 237  -116  -166  )
( 171  25  101  )
( 208  106  145  )
( 80  131  192  )
( -69  -123  -108  )
( 37  101  100  )
( 91  55  117  )
( 186  56  166  )
( 191  -96  -130  )
( -147  150  185  )
( 18  -37  -241  )
( 83  115  -8  )
( 82  174  -63  )
( -53  -193  -83  )
( -137  -214  -118  )
( 7  -67  89  )
( 99  68  -38  )
( 205  -23  -228  )
( -157  166  -207  )
( 109  -155  -231  )
( -134  46  -85  )
( -30  -83  -166  )
( -71  29  -190  )
( -33  -79  -94  )
( 98  -0  30  )
( 96  -222  153  )
( -181  -201  -237  )
( 150  248  140  )
( -170  -47  -229  )
( -132  -148  138  )
( -242  135  118  )
( 21  -14  117  )
( -139  107  82  )
( 3  75  -6  )
( 45  -39  -93  )
( 57  -58  117  )
( -232  195  -200  )
( -86  219  -187  )
( 211  80  25  )
( 117  124  -164  )
( 48  82  226  )
( 92  231  -166  )
( -214  -187  -230  )
( -143  48  204  )
( 194  -134  127  )
( 207  134  1  )
( 86  54  115  )
( 189  -92  212  )
( 168  -185  -190  )
( 104  -230  223  )
( -40  -131  -236  )
( 148  -0  -111  )
( 107  181  165  )
( 110  170  -9  )
( 65  103  -49  )
( 58  111  -240  )
( -208  165  29  )
( 152  -50  68  )
( 60  -167  -224  )
( 162  2  50  )
( -183  -19  114  )
( -228  150  -233  )
( -114  -166  -196  )
( -161  -118  -186  )
( 216  -208  -42  )
( -37  240  -175  )
( -213  -79  178  )
( -37  187  -234  )
( 29  -169  180  )
( -16  118  226  )
( -162  -141  -208  )
( -66  -52  174  )
( -173  83  -43  )
( 202  -190  -126  )
( 249  -44  -91  )
( -16  -224  149  )
( -17  163  45  )
( -71  -194  244  )
( -134  181  24  )
( -199  -4  -229  )
( 198  233  98  )
( 47  -114  -228  )
( 2  166  84  )
( 224  50  116  )
( 196  141  92  )
( -217  1  -243  )
( -185  92  -200  )
( -176  145  194  )
( -53  -200  -148  )
( 135  76  186  )
( -100  59  -48  )
( -142  -42  -27  )
( 180  79  187  )
( 60  -199  113  )
( 233  -73  -114  )
( -178  -192  -47  )
( -64  33  67  )
( 129  43  156  )
( 164  -208  -149  )
( 47  52  62  )
( -221  -223  123  )
( 57  -73  40  )
( 31  225  -23  )
( 245  145  21  )
( -126  224  -111  )
( 11  -107  -51  )
( 218  21  -197  )
( 199  -226  -13  )
( 24  -116  -58  )
( 148  -126  221  )
( 137  -108  4  )
( -93  -232  -235  )
( -186  -52  221  )
( 129  -53  248  )
( 121  134  -18  )
( 130  248  -225  )
( 84  -210  -136  )
( -130  -123  203  )
( 14  -76  -118  )
( -8  23  207  )
( -195  134  -157  )
( 126  200  10  )
( -159  -147  242  )
( -85  -119  202  )
( 10  -137  32  )
( -239  40  -162  )
( -135  184  -54  )
( 218  106  174  )
( 18  -72  -179  )
( 52  -158  -10  )
( -172  102  -198  )
( 139  157  143  )
( -215  115  190  )
( 54  158  -165  )
( -93  122  -77  )
( 114  16  -83  )
( 137  -7  79  )
( 41  87  0  )
( 148  -78  -29  )
( -215  158  -22  )
( 7  -79  108  )
( 102  -204  -49  )
( -234  -31  -235  )
( 52  24  -96  )
( 64  -245  -193  )
( -149  -231  -174  )
( -94  133  -112  )
( 86  105  217  )
( -89  242  92  )
( -142  38  128  )
( 104  50  -5  )
( -15  -113  19  )
( 238  -95  131  )
( 28  -50  160  )
( -248  -88  154  )
( 84  62  154  )
( -215  63  -168  )
( -21  40  74  )
( -134  200  -194  )
( 33  -13  66  )
( 22  -120  -72  )
( 109  201  19  )
( 245  238  201  )
( -155  -133  80  )
( 246  209  133  )
( -194  82  179  )
( -75  -216  139  )
( 69  205  76  )
( 60  217  215  )
( 106  169  65  )
( -192  244  -148  )
( -105  170  -46  )
( -0  70  -180  )
( -158  -53  -62  )
( -174  -10  -23  )
( -146  -184  155  )
( 184  201  -229  )
( -248  214  1  )
( -30  160  82  )
( 210  221  184  )
( 228  -199  -75  )
( -143  221  192  )
( 82  -65  150  )
( 208  70  35  )
( -79  -124  21  )
( -21  -157  57  )
( 45  39  -112  )
( -146  -117  -5  )
( -197  -205  146  )
( 162  203  23  )
( 73  -22  136  )
( -117  -105  -73  )
( 196  -29  -172  )
( 41  -179  12  )
( -87  -103  201  )
( -46  213  -187  )
( 55  -65  159  )
( -100  -49  112  )
( -125  -161  -199  )
( 25  -133  188  )
( -134  186  -51  )
( -181  41  -127  )
( 123  24  -125  )
( 123  -191  -79  )
( 163  120  -1  )
( -234  -118  189  )
( -38  -0  189  )
( -235  198  -207  )
( 220  -78  86  )
( -127  -105  79  )
( 14  182  128  )
( 245  -5  128  )
( 224  -27  15  )
( 141  235  -70  )
( -186  195  -77  )
( 198  -129  169  )
( 74  24  152  )
( -22  183  221  )
( -173  -155  -71  )
( -227  -119  -192  )
( -230  203  76  )
( 76  96  -248  )
( -181  132  -67  )
( -108  -118  99  )
( 124  176  147  )
( -151  -182  87  )
( 163  -94  110  )
( 176  -201  -151  )
( 5  -206  15  )
( -201  -149  -140  )
( -219  -103  -33  )
( -31  233  12  )
( -245  -180  -112  )
( -31  -106  12  )
( -142  -3  228  )
( 4  -26  92  )
( 202  -15  -103  )
( -214  -114  -42  )
( 39  -154  -44  )
( 176  -109  -85  )
( 101  146  -204  )
( -237  10  93  )
( 211  131  -74  )
( 217  44  225  )
( 90  -73  237  )
( 228  48  -108  )
( 193  -239  7  )
( -158  -2  108  )
( -3  -46  1  )
( 100  -193  -206  )
( -8  130  133  )
( -42  -215  -137  )
( -198  -192  -165  )
( 27  -171  75  )
( -249  101  -1  )
( -90  -59  -88  )
( 184  -88  -1  )
( 214  114  -9  )
( -129  -50  152  )
( 16  -118  -106  )
( -221  243  -150  )
( -79  -168  -140  )
( -189  -231  104  )
( -96  -74  235  )
( 183  -62  -126  )
( -24  -202  167  )
( 91  -61  82  )
( -243  3  -128  )
( 245  127  -221  )
( 209  -56  190  )
( 192  -211  223  )
( -5  -41  -13  )
( -70  -54  -186  )
( 208  -110  -99  )
( 74  -104  -25  )
( 50  33  -155  )
( 101  -94  85  )
( -14  40  41  )
( 126  -180  71  )
( 36  238  -86  )
( -187  -162  -34  )
( -212  186  201  )
( 214  91  66  )
( 98  164  -43  )
( 159  244  -104  )
( 141  -163  -98  )
( 30  -106  37  )
( -90  37  206  )
( -97  -208  -149  )
( -100  122  -162  )
( 88  -192  18  )
( 94  70  -194  )
( 138  135  190  )
( 113  -52  -13  )
( 28  -126  -178  )
( 134  152  21  )
( -31  -94  158  )
( -177  -176  -67  )
( 32  158  174  )
( 246  -241  124  )
( -181  204  240  )
( 108  -36  -10  )
( 230  122  127  )
( -97  -203  222  )
( 165  5  159  )
( 149  202  -84  )
( -223  57  -10  )
( -103  126  201  )
( 172  144  -20  )
( 198  30  -31  )
( -110  -211  35  )
( 99  -144  31  )
( -203  -163  -41  )
( -6  -206  95  )
( 164  -32  -83  )
( -84  -182  12  )
( 100  233  -37  )
( 131  220  -236  )
( -245  94  -121  )
( 227  -55  232  )
( 176  187  -106  )
( 176  13  216  )
( -186  224  -25  )
( 98  -230  93  )
( -190  -95  19  )
( 225  192  231  )
( -224  -236  -53  )
( 48  172  -90  )
( 229  -222  162  )
( -70  151  161  )
( -4  106  148  )
( 247  -120  232  )
( -78  114  -51  )
( -9  -229  170  )
( 89  175  181  )
( 81  112  118  )
( 67  -205  -30  )
( -183  237  192  )
( 101  -91  -168  )
( 234  -24  222  )
( 238  -116  65  )
( 8  0  247  )
( 92  3  75  )
( -160  -140  206  )
( 35  51  -187  )
( 98  -194  73  )
( -65  -43  -66  )
( -173  -189  -223  )
( -238  -223  237  )
( 193  105  106  )
( 235  -24  127  )
( 137  122  196  )
( -156  -46  -82  )
( -167  -197  241  )
( 112  -213  22  )
( 216  77  -175  )
( 248  60  166  )
( 102  83  10  )
( 5  -57  -49  )
( 120  43  183  )
( 92  -179  -75  )
( 143  -44  114  )
( 135  200  -118  )
( 65  -248  -197  )
( -116  122  -148  )
( 46  101  54  )
( -48  -115  217  )
( 9  -144  -94  )
( -76  64  32  )
( -206  90  179  )
( 198  -112  -137  )
( 217  -235  -200  )
( 148  207  -215  )
( 225  172  -111  )
( 123  -114  11  )
( -10  204  198  )
( 183  -132  -180  )
( -37  154  219  )
( -129  149  -111  )
( -76  203  -145  )
( -193  -67  -170  )
( 6  -226  -54  )
( 233  21  61  )
( 155  -145  138  )
( -69  234  -89  )
( -142  1  -206  )
( -103  -11  -208  )
( 113  77  132  )
( -234  -30  -21  )
( 168  4  5  )
( 247  116  161  )
( 160  -91  -120  )
( 191  -38  216  )
( -54  165  219  )
( 10  -4  137  )
( 102  249  9  )
( -55  58  191  )
( 212  93  153  )
( 224  126  106  )
( 77  108  234  )
( -77  102  180  )
( -239  -159  -224  )
( 80  127  91  )
( -202  -94  176  )
( 177  -25  175  )
( -83  -244  238  )
( -32  -16  -93  )
( -129  -45  -34  )
( -238  -135  -85  )
( -67  -36  -235  )
( 24  -108  85  )
( -20  -205  -179  )
( -15  -48  -114  )
( 44  240  -236  )
( -1  86  119  )
( -65  110  -95  )
( -0  19  167  )
( 234  31  172  )
( 178  64  165  )
( 181  -85  -12  )
( 89  25  -233  )
( 61  135  210  )
( -4  -8  145  )
( 150  -161  -164  )
( -122  98  -211  )
( -158  -37  -53  )
( 219  -157  -181  )
( -3  243  209  )
( 102  -243  -247  )
( -54  -107  42  )
( 56  60  -213  )
( 62  126  -235  )
( -221  -14  -233  )
( 190  -136  164  )
( -222  -208  103  )
( 172  -174  123  )
( 150  235  -61  )
( 102  1  192  )
( -224  -12  185  )
( 221  -203  -178  )
( 153  190  -120  )
( 158  209  -34  )
( -38  132  240  )
( -138  -236  196  )
( 178  -124  191  )
( -156  215  38  )
( 149  -209  30  )
( 215  123  -133  )
( -11  157  -16  )
( -116  -42  156  )
( 63  122  118  )
( 13  115  -149  )
( -159  -89  77  )
( -16  128  -72  )
( -243  -48  -63  )
( -227  -218  71  )
( 56  -172  -182  )
( 49  -197  -230  )
( -93  230  89  )
( 170  131  -165  )
( -159  -82  -28  )
( 50  -189  153  )
( 181  -148  -26  )
( -243  64  199  )
( -135  4  -188  )
( -116  -73  -9  )
( -14  -101  -147  )
( -235  -58  -217  )
( -127  -207  30  )
( -182  -13  106  )
( -202  48  -3  )
( 54  25  145  )
( 12  67  168  )
( 71  52  -54  )
( 119  -56  -139  )
( -117  -109  -19  )
( -79  219  -109  )
( -138  60  -152  )
( 98  -249  160  )
( -212  148  156  )
( 235  98  11  )
( 72  236  57  )
( 17  -23  -110  )
( 120  -71  -189  )
( -188  135  30  )
( -241  -57  52  )
( 173  220  -86  )
( -64  -79  -69  )
( -83  -122  137  )
( -223  6  -211  )
( -242  -231  -26  )
( 26  1  -184  )
( 156  -236  105  )
( 177  237  211  )
( 40  -188  43  )
( 46  -188  238  )
( 68  -14  101  )
( -34  -209  -208  )
( 51  -74  -62  )
( -21  16  -174  )
( -149  3  78  )
( 78  85  20  )
( -240  180  121  )
( -115  -131  191  )
( 102  48  -184  )
( -120  192  -196  )
( -25  27  8  )
( 98  -195  -106  )
( 146  -111  102  )
( -159  -108  -60  )
( 157  -4  -104  )
( 10  153  214  )
( 174  39  115  )
( 7  153  80  )
( -32  55  203  )
( -6  205  144  )
( 4  130  -74  )
( 223  -173  157  )
( 83  189  -97  )
( 142  64  -52  )
( -199  -120  -162  )
( 222  223  220  )
( 226  -182  121  )
( -159  -106  206  )
( -144  -32  -52  )
( 153  205  73  )
( 204  -12  105  )
( 28  -161  -238  )
( 181  111  -86  )
( 212  -26  -114  )
( 234  53  102  )
( -142  -187  85  )
( -127  102  -105  )
( -149  -148  59  )
( -167  101  136  )
( 137  -105  135  )
( 23  15  -154  )
( -191  8  228  )
( -144  -223  -76  )
( 96  199  24  )
( -105  2  223  )
( 48  225  176  )
( 188  210  -83  )
( -111  231  80  )
( -189  173  -199  )
( -128  -203  -146  )
( 132  -141  87  )
( 219  -143  160  )
( 123  -162  -111  )
( 155  -140  -139  )
( -52  -168  -199  )
( 188  63  77  )
( 126  -156  -36  )
( -114  -121  167  )
( -220  13  118  )
( -16  -180  -160  )
( 116  -43  -28  )
( 112  -209  -55  )
( -144  -83  88  )
( 143  79  97  )
( 64  -249  -130  )
( 137  -25  68  )
( 148  181  -175  )
( 245  -217  -49  )
( -118  -242  115  )
( 107  30  -191  )
( -80  -217  67  )
( -77  46  128  )
( 177  200  -184  )
( -238  86  120  )
( -4  70  -40  )
( 141  74  -205  )
( 1  -214  176  )
( 93  -218  -76  )
( -37  20  222  )
( -41  -10  -63  )
( 111  -42  15  )
( 236  -61  -85  )
( 61  -225  -15  )
( 144  94  171  )
( -102  78  -86  )
( -124  241  198  )
( -222  -205  91  )
( -137  128  -44  )
( 110  -76  -215  )
( 78  -191  -6  )
( -180  -78  -171  )
( -120  240  -5  )
( 219  -19  -193  )
( -26  -201  -248  )
( -11  3  -37  )
( -158  135  106  )
( 87  -218  -17  )
( 196  -186  245  )
( -191  114  74  )
( -227  67  210  )
( 39  174  20  )
( -184  80  -206  )
( -240  -144  -112  )
( -27  -190  134  )
( -72  -247  -202  )
( 140  -166  173  )
( -133  81  -225  )
( 112  80  -56  )
( 234  -202  89  )
( 240  103  -131  )
( -225  61  134  )
( -17  63  43  )
( -48  37  -71  )
( 131  73  181  )
( 197  15  136  )
( 163  -85  140  )
( 143  -72  159  )
( 7  -50  -220  )
( -248  -159  176  )
( -182  -2  -219  )
( -8  222  56  )
( 170  138  76  )
( -246  192  -81  )
( -120  -73  -133  )
( 230  35  -226  )
( 22  4  -161  )
( 6  -39  207  )
( 162  196  113  )
( 22  -108  90  )
( -84  82  85  )
( 218  166  133  )
( -39  -3  157  )
( -22  -120  194  )
( 8  11  117  )
( -63  234  38  )
( -180  -243  185  )
( 166  175  242  )
( 23  158  43  )
( -209  141  -39  )
( -246  -4  -74  )
( -228  182  71  )
( 158  -155  -215  )
( -162  156  -125  )
( 0  -73  -134  )
( 181  152  -7  )
( -147  -182  153  )
( -102  -76  -229  )
( -201  -187  -231  )
( 199  -193  -80  )
( -114  31  -11  )
( 13  191  -35  )
( 227  183  -129  )
( 195  -193  -76  )
( 167  206  173  )
( 91  143  -195  )
( 167  -35  -219  )
( -246  -41  -187  )
( -64  58  163  )
( 203  -22  177  )
( -5  50  216  )
( -168  38  -216  )
( 125  -70  -160  )
( -19  -138  -54  )
( 145  218  92  )
( 214  41  200  )
( -215  -98  -23  )
( 76  127  -67  )
( -37  -87  38  )
( 183  169  -101  )
( -90  -82  221  )
( 102  -15  96  )
( 123  179  -108  )
( -53  -59  84  )
( -118  95  83  )
( 229  147  238  )
( 78  -22  -241  )
( -209  -75  -64  )
( -115  -178  233  )
( 132  -115  182  )
( 28  -51  31  )
( -197  -8  -70  )
( -234  176  175  )
( 240  -94  241  )
( -239  -162  -139  )
( 145  26  -249  )
( 104  -74  173  )
( 76  -83  -90  )
( -85  -178  -42  )
( 203  124  155  )
( -30  -221  -22  )
( -231  100  -57  )
( -156  98  -88  )
( -77  85  -58  )
( 151  165  -145  )
( 237  -19  -34  )
( 183  -5  109  )
( 196  28  42  )
( 129  59  120  )
( 123  124  126  )
( -140  -159  -232  )
( -106  108  -177  )
( -133  -184  244  )
( -49  -127  193  )
( 106  6  -127  )
( -67  1  -155  )
( -1  -211  -209  )
( 226  -46  66  )
( 119  -15  -137  )
( -35  -233  -154  )
( -197  218  16  )
( -163  105  64  )
( -25  117  163  )
( 118  185  -26  )
( 73  195  222  )
( -150  101  31  )
( -208  136  61  )
( 129  18  -120  )
