( -216  -76  172  )
( -63  114  210  )
( -23  196  -221  )
( -129  228  -231  )
( 113  -169  -61  )
( 105  -39  3  )
( -19  -9  84  )
( 153  -142  -249  )
( 206  45  187  )
( 71  121  235  )
( 218  -151  186  )
( -194  -58  153  )
( 12  -243  -82  )
( 152  -156  17  )
( -41  -43  -215  )
( 173  -80  91  )
( 210  101  -157  )
( -161  109  -9  )
( 154  37  -120  )
( 204  121  170  )
( -235  -44  -55  )
( -141  111  98  )
( 8  -56  46  )
( 0  71  -218  )
( -89  -32  165  )
( -141  -218  177  )
( -106  50  -42  )
( 1  -113  111  )
( 208  -78  -22  )
( -49  -221  75  )
( -11  -185  117  )
( 212  213  228  )
( 52  -147  130  )
( -69  141  -24  )
( -31  -124  -47  )
( -82  -13  -165  )
( -103  207  -124  )
( 99  -16  -153  )
( 137  139  88  )
( 242  114  4  )
( 216  -161  145  )
( -78  -30  -248  )
( -60  -216  179  )
( 19  6  119  )
( -99  -133  109  )
( -137  126  162  )
( 20  175  237  )
( -110  -211  40  )
( 20  197  -208  )
( -119  -174  -61  )
( -101  -126  227  )
( -110  -70  127  )
( -238  229  -217  )
( -2  -159  -197  )
( -218  -79  73  )
( -245  -225  129  )
( 45  98  -168  )
( -64  -139  -33  )
( 63  15  -154  )
( 181  43  170  )
( 154  -203  -77  )
( 59  27  121  )
( -155  190  166  )
( -200  2  79  )
( -214  -8  77  )
( -6  -113  108  )
( 228  140  33  )
( 217  134  226  )
( 181  3  31  )
( 246  124  -147  )
( 152  190  154  )
( -59  -245  156  )
( -167  -92  -176  )
( -202  -189  -13  )
( 174  -112  34  )
( 222  -150  -221  )
( -172  90  36  )
( 166  -199  -228  )
( -243  189  85  )
( 123  -116  16  )
( 122  -81  82  )
( 11  88  -57  )
( -218  35  110  )
( 191  -187  -9  )
( 213  122  -99  )
( -117  -131  -181  )
( -224  -101  -142  )
( -129  -113  241  )
( -218  -6  145  )
( -216  -30  101  )
( -220  -205  147  )
( -131  -247  164  )
( 136  229  55  )
( -66  -104  -161  )
( -124  185  127  )
( 162  -33  -97  )
( -171  -117  197  )
( 194  35  96  )
( 185  -49  -173  )
( 237  -173  137  )
( 182  243  73  )
( -230  100  158  )
( 57  -215  56  )
( -247  27  43  )
( 101  229  -219  )
( 222  82  -37  )
( 192  225  17  )
( 39  88  -56  )
( 212  60  85  )
( 196  -199  72  )
( 98  -225  241  )
( -214  -161  -101  )
( 223  84  -71  )
( -60  111  139  )
( -157  93  244  )
( 55  125  102  )
( -146  197  63  )
( 79  -10  172  )
( -104  -203  236  )
( 163  12  188  )
( 104  122  -114  )
( 83  138  141  )
( -85  -55  134  )
( -180  -139  157  )
( 201  -243  37  )
( 103  -120  4  )
( -144  -233  181  )
( 44  216  -5  )
( -229  129  82  )
( -90  -84  -30  )
( -48  128  -28  )
( 28  227  -74  )
( -115  98  89  )
( -163  64  -225  )
( -122  93  -179  )
( -17  -109  98  )
( 182  96  203  )
( 223  -100  135  )
( 117  241  -236  )
( -44  162  -183  )
( -10  -195  51  )
( 208  197  195  )
( -207  -83  46  )
( -232  -128  -245  )
( 61  208  -239  )
( -230  -136  -233  )
( -242  -119  189  )
( -122  -213  -15  )
( 82  158  -212  )
( 18  -19  -173  )
( 202  93  -249  )
( 47  -136  93  )
( 143  170  -7  )
( -223  105  -170  )
( -56  -42  -120  )
( 148  -247  96  )
( 194  105  235  )
( 74  -81  123  )
( 18  71  134  )
( -194  46  -241  )
( 152  -109  155  )
( -86  -4  -43  )
( 49  -226  -161  )
( -232  53  -42  )
( -85  211  -43  )
( 241  -101  109  )
( 7  65  127  )
( 94  110  -245  )
( 36  152  30  )
( 142  -184  -133  )
( -38  228  37  )
( 46  136  35  )
( 210  15  -223  )
( -77  -21  20  )
( 181  -179  -37  )
( -180  -83  226  )
( 26  -113  -195  )
( -90  125  150  )
( 72  -33  -221  )
( 157  158  47  )
( -120  -135  23  )
( -92  44  -237  )
( 177  -105  230  )
( 111  -165  -55  )
( 160  221  173  )
( 19  94  56  )
( -62  -219  -223  )
( 191  -136  -108  )
( -92  -111  118  )
( -3  42  74  )
( 132  215  -219  )
( -204  -43  -22  )
( 91  114  181  )
( 19  -29  131  )
( -212  51  -93  )
( -89  -133  120  )
( -199  -64  -16  )
( -16  240  3  )
( -61  -111  -71  )
( -96  -237  -18  )
( 233  -65  -226  )
( 143  -160  156  )
( 14  3  -77  )
( 169  109  -4  )
( 55  -122  -147  )
( 241  -161  102  )
( 2  200  -25  )
( -124  126  -68  )
( -98  -227  101  )
( -67  232  -153  )
( 225  87  132  )
( 50  -245  -240  )
( -231  86  246  )
( 209  -145  -102  )
( 159  175  88  )
( 198  249  36  )
( 114  -150  -237  )
( -57  11  -82  )
( -142  210  213  )
( -57  -40  -61  )
( -83  -151  -50  )
( 59  226  189  )
( 148  8  -179  )
( 52  -104  -216  )
( -58  -29  57  )
( -158  -121  191  )
( -104  -113  -184  )
( 18  -118  162  )
( 200  -117  -89  )
( 205  115  243  )
( 228  -42  -137  )
( 221  138  -231  )
( -88  -131  162  )
( -225  -145  212  )
( 212  -60  234  )
( -79  -182  -188  )
( -61  59  -108  )
( 41  -102  -183  )
( -197  -241  3  )
( -23  -237  137  )
( -139  -169  69  )
( 98  154  -243  )
( -216  227  -63  )
( -105  126  -206  )
( -1  -225  -165  )
( -191  -8  101  )
( 171  140  73  )
( 51  -39  14  )
( 145  -211  192  )
( -65  45  -1  )
( -114  -223  -247  )
( -176  -7  125  )
( -25  -180  -124  )
( 59  113  142  )
( -62  -241  -226  )
( -218  -105  237  )
( 151  -126  -204  )
( -49  197  203  )
( 229  -77  175  )
( -44  -72  -62  )
( -12  -243  -203  )
( 34  -208  172  )
( -129  -153  -246  )
( 75  -158  -67  )
( 146  -183  44  )
( 5  85  78  )
( 163  -216  -107  )
( -54  -121  -42  )
( 218  92  -101  )
( 158  -201  123  )
( -157  -37  -137  )
( -184  -152  -146  )
( 82  -101  -154  )
( 107  44  172  )
( 93  -104  23  )
( -148  -59  193  )
( -205  46  -5  )
( 53  -249  66  )
( -198  -207  169  )
( -113  -214  72  )
( -157  78  128  )
( 191  178  -43  )
( -134  31  -156  )
( -95  -141  99  )
( -247  53  -72  )
( 228  -129  156  )
( -139  -12  179  )
( -193  189  -238  )
( 181  12  -89  )
( 249  226  -70  )
( 5  200  -15  )
( 42  141  -32  )
( -63  233  48  )
( 80  158  124  )
( -167  99  -33  )
( -114  118  54  )
( 132  163  245  )
( 11  -189  61  )
( -17  -234  -158  )
( -119  109  45  )
( 94  -248  165  )
( 28  102  -57  )
( -222  -100  -63  )
( 149  204  -120  )
( 199  134  -148  )
( -100  -248  -247  )
( -32  103  37  )
( 239  -91  -42  )
( 148  -126  -213  )
( 138  -91  13  )
( -16  -187  -9  )
( -185  -134  -124  )
( -219  -197  -26  )
( -129  -61  -62  )
( -60  117  -194  )
( -65  -238  86  )
( -223  -183  -88  )
( -105  70  -175  )
( -81  -196  -39  )
( -130  62  -43  )
( -170  5  30  )
( 178  -225  76  )
( -146  115  106  )
( 9  -6  64  )
( 59  -44  -232  )
( 161  1  -13  )
( -170  155  200  )
( -213  -245  197  )
( 144  169  -14  )
( -219  157  -30  )
( 34  -161  -247  )
( -14  -166  -87  )
( 159  64  -20  )
( 34  242  178  )
( -163  -118  -177  )
( 34  100  72  )
( -154  230  86  )
( 114  225  200  )
( 228  150  -90  )
( 106  55  -77  )
( -174  115  100  )
( -66  54  -214  )
( -6  -100  47  )
( -70  -100  161  )
( -123  -175  -75  )
( 132  212  -160  )
( 47  -243  -169  )
( -228  192  241  )
( -237  -62  -109  )
( 177  144  -91  )
( -145  46  80  )
( -182  -108  -3  )
( -208  80  26  )
( -180  45  -49  )
( -52  68  145  )
( -56  -239  186  )
( 218  -209  -97  )
( -159  101  134  )
( -209  54  -96  )
( -188  237  -111  )
( 44  -93  -132  )
( -54  144  -179  )
( 89  218  96  )
( -248  71  139  )
( -201  133  184  )
( -160  -188  25  )
( -175  -190  32  )
( 131  -14  -130  )
( -242  99  228  )
( -121  196  -187  )
( -163  -148  -51  )
( 142  125  62  )
( 153  -115  -29  )
( -180  62  2  )
( 236  -136  -176  )
( -200  63  53  )
( -242  -108  197  )
( 186  -154  -121  )
( -98  -248  -176  )
( -20  199  176  )
( 205  9  -239  )
( -8  -229  48  )
( 194  -33  -206  )
( 82  -42  152  )
( -8  94  40  )
( -143  119  244  )
( 214  -163  128  )
( 84  91  -88  )
( -140  195  -205  )
( 131  -26  75  )
( -248  -37  55  )
( 95  2  -151  )
( -120  151  0  )
( 24  -52  236  )
( -68  -42  -140  )
( 190  -145  146  )
( -167  -106  -32  )
( 81  174  13  )
( -213  185  -195  )
( 217  -223  -107  )
( -134  34  -177  )
( -74  110  81  )
( -56  64  226  )
( 164  245  -101  )
( 208  236  158  )
( 198  220  -219  )
( -248  139  140  )
( 119  -234  15  )
( 87  -77  -14  )
( -72  4  -20  )
( 220  175  88  )
( 36  -231  -187  )
( 241  135  -116  )
( 147  168  60  )
( -113  38  -244  )
( -49  221  -123  )
( 44  -187  -40  )
( -240  223  123  )
( -71  -173  124  )
( 171  -61  -165  )
( -191  -1  -90  )
( 76  234  219  )
( 187  -11  43  )
( 216  229  20  )
( -117  13  29  )
( -108  183  94  )
( -169  245  -139  )
( -182  -111  -55  )
( 41  -88  -64  )
( 70  160  -236  )
( 94  -125  191  )
( 104  -187  -120  )
( 186  -127  -50  )
( 108  94  -149  )
( -97  67  -24  )
( -145  245  -46  )
( -111  -107  24  )
( -195  164  16  )
( 32  -54  210  )
( -31  204  100  )
( -70  -207  88  )
( -45  -101  -160  )
( 8  224  -24  )
( 231  160  -221  )
( -129  -78  218  )
( 182  -162  80  )
( -236  -144  -104  )
( 88  -136  186  )
( 246  39  -15  )
( 158  -81  30  )
( 248  95  -157  )
( -191  137  101  )
( -244  -50  -106  )
( 41  176  -145  )
( 209  -220  -42  )
( 150  152  -14  )
( 170  -2  131  )
( 71  -162  -12  )
( 123  73  26  )
( 163  -151  45  )
( 116  110  13  )
( -75  193  169  )
( 146  170  -199  )
( -71  -144  -222  )
( 53  -165  -77  )
( -133  162  40  )
( 184  -226  173  )
( -179  -93  -52  )
( -116  -73  -122  )
( -107  199  -174  )
( -19  165  80  )
( -56  -74  215  )
( 241  123  -161  )
( 229  79  199  )
( 161  11  217  )
( -221  85  169  )
( -104  39  -48  )
( -37  -123  168  )
( -137  27  23  )
( -75  -227  136  )
( 159  4  -128  )
( -38  -142  -234  )
( -135  12  117  )
( 2  153  56  )
( 139  -116  -143  )
( -180  -26  -206  )
( -139  39  -68  )
( 199  -224  -165  )
( -156  -74  -233  )
( 24  36  108  )
( -228  46  -211  )
( -124  247  -114  )
( 137  -109  -229  )
( 30  229  -234  )
( 239  187  -248  )
( 144  -24  -217  )
( -130  -112  -83  )
( -67  -222  229  )
( -84  -39  52  )
( -197  -50  93  )
( 89  -19  224  )
( -159  212  -128  )
( -151  -249  -108  )
( -148  -0  -53  )
( 13  -7  -225  )
( 205  -204  -142  )
( 196  121  103  )
( -211  -133  -69  )
( 49  -226  42  )
( 179  123  -138  )
( -36  51  -242  )
( 206  31  -228  )
( -178  -62  160  )
( -177  -12  93  )
( 80  -151  52  )
( -19  141  -226  )
( 166  -8  -13  )
( -136  119  -40  )
( 195  220  213  )
( 86  214  240  )
( 39  191  93  )
( -78  172  -217  )
( -238  -132  -234  )
( 37  -83  228  )
( 233  -67  119  )
( -89  41  -183  )
( 39  113  -240  )
( 169  -219  213  )
( 39  12  78  )
( 143  70  145  )
( -63  247  -242  )
( -63  226  -194  )
( -235  94  155  )
( 54  -136  15  )
( 28  -209  145  )
( -40  -179  197  )
( 222  77  -99  )
( -237  63  -36  )
( 179  -230  -199  )
( -106  -170  -145  )
( 58  -215  -239  )
( 114  184  151  )
( 104  125  9  )
( 202  -238  -197  )
( 167  -81  -7  )
( 1  98  223  )
( -22  -196  232  )
( -171  220  242  )
( 175  -132  -148  )
( -176  -189  -52  )
( -94  201  -234  )
( -70  -244  61  )
( 91  107  9  )
( -249  -103  -3  )
( -168  -87  160  )
( -142  28  47  )
( 192  58  112  )
( -103  -110  -78  )
( 38  14  179  )
( 235  -141  233  )
( -92  -29  -42  )
( 40  -91  17  )
( -201  186  -209  )
( 26  51  0  )
( 243  150  -82  )
( -30  5  -10  )
( -14  161  -4  )
( -202  52  42  )
( -31  -71  -41  )
( -247  97  225  )
( 147  -152  105  )
( -40  -144  -211  )
( 160  -181  77  )
( -159  180  142  )
( -162  45  67  )
( 167  -244  -101  )
( 3  70  82  )
( 196  -41  -233  )
( -208  -27  67  )
( 146  -221  149  )
( 203  64  -107  )
( -177  -97  205  )
( 148  -215  -239  )
( -213  157  161  )
( 121  113  -249  )
( -5  -23  96  )
( 213  58  -7  )
( -80  165  -145  )
( -88  226  22  )
( -124  -12  219  )
( 191  -38  -35  )
( 134  -44  138  )
( -223  -73  -229  )
( 72  68  -179  )
( 17  168  241  )
( 101  72  -9  )
( 93  97  -171  )
( 217  187  238  )
( -195  -182  -110  )
( 121  160  -89  )
( -200  -116  -7  )
( -25  88  133  )
( -247  -40  -44  )
( -76  15  -93  )
( -105  168  109  )
( -247  34  -87  )
( -117  181  -103  )
( -208  -131  -62  )
( -20  187  248  )
( 236  154  25  )
( 207  -39  -203  )
( 99  190  30  )
( 101  -196  -81  )
( -137  -245  -103  )
( 21  94  42  )
( 55  -141  -203  )
( -117  -189  -61  )
( 187  24  172  )
( -28  -206  249  )
( -168  -191  135  )
( -31  -156  89  )
( 132  -235  236  )
( -143  188  -147  )
( -204  65  -27  )
( -84  33  -198  )
( -3  69  237  )
( 207  72  -184  )
( -191  69  -193  )
( 219  -99  220  )
( 161  -182  -117  )
( -84  70  1  )
( -26  -98  -16  )
( 127  217  42  )
( -22  31  -32  )
( -173  221  -170  )
( 14  -128  -111  )
( -92  143  -31  )
( -23  -183  158  )
( 25  151  191  )
( 143  51  237  )
( -134  -58  -209  )
( -35  -227  -198  )
( 60  -244  -233  )
( 161  -226  -166  )
( 124  -94  90  )
( 175  -82  52  )
( -65  117  214  )
( 1  -90  -18  )
( -226  23  161  )
( -148  -206  -19  )
( -154  7  -217  )
( 144  -66  30  )
( 143  40  -201  )
( 110  58  -32  )
( -33  -53  -179  )
( 182  152  220  )
( 26  -42  130  )
( -28  -209  219  )
( 48  190  9  )
( -154  80  -47  )
( -222  -226  181  )
( -193  -122  85  )
( -27  55  -87  )
( -80  -65  248  )
( -236  202  -88  )
( -14  142  202  )
( 159  -70  -190  )
( -210  170  -149  )
( -174  209  -45  )
( 190  -27  92  )
( 18  143  129  )
( 245  -145  -193  )
( -234  89  -39  )
( -214  249  -15  )
( 69  -14  229  )
( -46  167  -81  )
( 131  -146  -7  )
( 228  -197  1  )
( -167  -178  105  )
( -146  -12  15  )
( 129  -179  148  )
( 61  -95  161  )
( 45  -239  115  )
( 167  144  -161  )
( -147  -241  -223  )
( 24  -248  -50  )
( -93  235  165  )
( 239  113  23  )
( 244  -122  3  )
( 26  19  -241  )
( 188  -239  -55  )
( 89  -100  119  )
( 98  -238  -13  )
( -139  191  108  )
( -12  -203  175  )
( -104  -68  209  )
( 168  100  -137  )
( 100  -12  -153  )
( -232  53  20  )
( -109  -210  71  )
( 209  140  -83  )
( 164  -166  39  )
( -210  199  -10  )
( -3  -207  115  )
( 29  135  147  )
( 189  145  89  )
( 59  51  -225  )
( -98  -96  -40  )
( 236  233  -163  )
( -195  -106  -122  )
( -57  92  213  )
( -15  18  232  )
( 233  245  -148  )
( -160  -60  -196  )
( 194  224  -79  )
( -107  -58  -95  )
( -180  -182  -94  )
( -175  161  -156  )
( 62  -3  215  )
( -197  172  -155  )
( -236  -92  104  )
( -12  130  121  )
( -90  206  -153  )
( -80  -116  100  )
( -26  36  246  )
( 116  -214  -2  )
( -240  65  179  )
( 203  -33  -187  )
( 87  -38  139  )
( -164  -63  -82  )
( -221  31  -214  )
( -133  55  -57  )
( -49  -133  146  )
( -213  -136  76  )
( -117  -68  -37  )
( -89  -215  -144  )
( -201  -104  91  )
( 84  229  -18  )
( -175  -196  -154  )
( 41  -195  -172  )
( 80  -79  10  )
( 116  77  -28  )
( 63  -139  108  )
( -205  -4  151  )
( 138  -70  109  )
( -112  -0  -104  )
( 238  118  -33  )
( -127  -47  -176  )
( -221  -137  76  )
( 146  -84  -152  )
( 88  70  -153  )
( -138  81  -147  )
( 104  -184  -163  )
( -93  -174  150  )
( -184  44  -93  )
( 177  47  -164  )
( 184  -197  -69  )
( -104  -136  -142  )
( -220  -236  -161  )
( 195  -232  -122  )
( -114  94  -132  )
( -98  91  -9  )
( 17  214  -183  )
( 18  -195  105  )
( 22  -164  137  )
( 210  233  71  )
( 95  -175  -153  )
( -124  246  220  )
( -18  -82  67  )
( 121  13  -96  )
( -115  -238  53  )
( -237  56  -173  )
( -7  -143  -235  )
( 98  74  -168  )
( 57  -248  -98  )
( 227  231  62  )
( 244  -115  -77  )
( -64  3  36  )
( 48  -172  -47  )
( 21  122  -66  )
( 174  -138  147  )
( 50  -123  128  )
( 178  161  57  )
( -91  11  214  )
( 47  163  206  )
( -11  -224  209  )
( -159  192  -17  )
( 47  -117  74  )
( -228  231  -196  )
( -99  81  -162  )
( 167  14  20  )
( 77  32  171  )
( -2  87  -88  )
( -67  114  33  )
( 25  -75  -113  )
( 57  140  -198  )
( 72  134  -231  )
( -218  -120  -199  )
( 227  5  -34  )
( 163  -128  -232  )
( -154  204  -161  )
( -222  15  -126  )
( -115  -31  183  )
( -118  99  -181  )
( -177  -75  -179  )
( -22  -129  -97  )
( -108  -70  -27  )
( -105  98  65  )
( 160  170  -121  )
( -100  15  -230  )
( -208  204  -230  )
( 14  27  -219  )
( -50  152  145  )
( -205  202  232  )
( 187  -100  170  )
( 138  140  182  )
( 230  -211  -4  )
( -189  -196  -151  )
( 112  -212  -200  )
( -145  171  -22  )
( -239  -87  117  )
( -229  94  -120  )
( 227  -121  14  )
( -86  175  246  )
( -168  79  237  )
( -117  -128  91  )
( -238  105  -19  )
( -53  60  -16  )
( -163  244  14  )
( -209  -138  -236  )
( -18  32  148  )
( 48  -166  175  )
( 128  -248  177  )
( -150  -165  -59  )
( 231  -170  -183  )
( -136  36  195  )
( 208  -77  16  )
( 166  2  -180  )
( 161  -23  139  )
( 9  186  -78  )
( 208  186  -80  )
( 13  -159  -77  )
( -96  -227  228  )
( -198  -212  249  )
( -158  -92  -199  )
( 104  63  188  )
( -135  -40  51  )
( -31  -69  25  )
( 95  -138  167  )
( -160  -51  136  )
( -94  -146  -212  )
( 29  -4  137  )
( 164  176  -204  )
( 5  -121  142  )
( -173  -98  142  )
( 178  -154  -234  )
( 172  30  241  )
( 28  1  -96  )
( -17  107  -111  )
( -132  26  32  )
( -238  88  72  )
( 169  -217  -150  )
( 42  8  -73  )
( 181  -83  24  )
( 223  125  83  )
( -168  247  10  )
( 120  197  82  )
( 191  22  7  )
( 239  180  -44  )
( -42  245  167  )
( 242  108  92  )
( -166  -224  88  )
( -220  198  -195  )
( 26  129  122  )
( -148  -37  119  )
( -222  -28  -248  )
( -39  -47  88  )
( -235  33  29  )
( 94  1  -106  )
( -122  133  -183  )
( 239  248  -48  )
( 118  128  144  )
( -235  -40  85  )
( 1  53  190  )
( -125  246  83  )
( 40  156  -45  )
( 158  -129  -205  )
( -150  -54  141  )
( -241  -213  -115  )
( 183  102  -214  )
( 141  -188  -182  )
( -19  139  -39  )
( 43  233  75  )
( -32  247  -54  )
( 37  74  50  )
( -119  -175  228  )
( -41  -190  -248  )
( 194  244  27  )
( 135  -218  -81  )
( -124  219  -128  )
( -49  94  -74  )
( -139  -71  37  )
( -78  165  -40  )
( -58  6  5  )
( -85  -141  208  )
( -67  -86  124  )
( 112  156  -147  )
( 105  143  3  )
( 82  -220  171  )
( -9  -63  143  )
( -175  -99  94  )
( -192  -145  -169  )
( 91  33  6  )
( -219  -56  176  )
( -36  -8  218  )
( 212  -216  29  )
( -11  36  -152  )
( -39  196  35  )
( 33  -164  43  )
( 110  197  119  )
( -222  193  -63  )
( -35  62  22  )
( -13  -46  -133  )
( -184  116  229  )
( -139  -234  -53  )
( -93  -87  194  )
( 113  60  138  )
( -5  -33  64  )
( -76  -137  160  )
( 102  -104  223  )
( 170  -127  -222  )
( 150  70  -21  )
( -2  76  199  )
( 189  9  100  )
( 246  -217  134  )
( 143  2  70  )
( -93  46  52  )
( 146  -131  193  )
( -245  -0  199  )
( -81  67  154  )
( 131  -160  -88  )
( -28  -79  -15  )
( 40  217  74  )
( 199  41  -61  )
( -126  -202  197  )
( 29  11  14  )
( -184  73  191  )
( 188  -111  213  )
( -240  236  248  )
( 25  -197  -246  )
( 129  -248  27  )
( 58  -87  59  )
( 53  233  -70  )
( 44  -114  58  )
( 37  -175  -22  )
( -154  72  -180  )
( -207  191  -4  )
( 199  38  -164  )
( 210  167  -129  )
( -221  16  -148  )
( -95  -63  141  )
( 158  53  114  )
( -93  -67  128  )
( -121  -21  75  )
( -111  -76  133  )
( -83  -24  -117  )
( -182  153  -205  )
( 132  -51  197  )
( -192  53  -24  )
( 12  157  170  )
( 42  -159  68  )
( -81  -206  168  )
( -42  -224  27  )
( 71  117  194  )
( 50  -81  125  )
( -58  -226  -73  )
( 5  -124  222  )
( 81  120  61  )
( 56  -238  144  )
( 151  -107  218  )
( -18  -138  -5  )
( 160  226  169  )
( -203  -209  232  )
( 46  -51  162  )
( 204  -244  -214  )
( -184  167  -44  )
( 74  -73  48  )
( -173  -188  186  )
( 146  -174  200  )
( 8  -78  60  )
( -40  -194  101  )
( -246  89  -139  )
( -138  -102  116  )
( 96  137  90  )
( 14  23  -67  )
( -50  -233  231  )
( 120  -119  -31  )
( 61  244  -221  )
( 210  -85  -18  )
( 53  237  -232  )
( 161  147  107  )
( -190  162  -24  )
( 86  110  -246  )
( -69  110  154  )
( -78  -128  -236  )
( 205  68  -38  )
( 235  97  -101  )
( 140  182  -65  )
( -13  16  202  )
( -119  -47  165  )
( -237  127  -235  )
( 177  -185  -121  )
( 2  -124  95  )
( -177  -173  166  )
( 24  223  124  )
( -220  76  -153  )
( 149  -162  -47  )
( 224  104  -169  )
( -248  -104  -8  )
( 116  230  108  )
( 160  25  -220  )
( 241  -54  -63  )
( -148  -79  160  )
( -33  165  188  )
( 56  67  -167  )
( 6  -238  -196  )
( -222  -228  154  )
( -6  119  98  )
( 3  200  234  )
( -20  181  -165  )
( 67  88  45  )
( 189  30  -16  )
( 178  243  169  )
( 74  213  194  )
( -201  131  -93  )
( 74  170  -86  )
( -213  76  -18  )
( 139  152  -130  )
( -43  -146  168  )
( -92  84  118  )
( -99  131  62  )
( -199  119  -37  )
( -160  -113  -89  )
( -243  -86  160  )
( 70  86  41  )
( -166  -180  18  )
( 248  211  238  )
( -67  126  207  )
( -18  164  -88  )
( 198  134  -242  )
( -248  -17  -136  )
( -26  -101  -193  )
( 100  137  -13  )
( -134  -97  99  )
( -21  -91  -240  )
( 95  45  -31  )
( 82  165  184  )
( -203  101  92  )
( -232  97  -66  )
( 161  56  -120  )
( 228  164  -117  )
( 183  -16  65  )
( -242  122  -123  )
( -151  -49  203  )
( -7  -1  148  )
( -34  49  -192  )
( -198  72  -188  )
