( -162  154  -20  )
( 150  211  -188  )
( 89  114  -103  )
( -7  -167  178  )
( -28  -119  -90  )
( 136  200  72  )
( -126  -120  202  )
( 42  -120  34  )
( -87  -5  181  )
( -218  194  34  )
( 249  -112  241  )
( -137  -208  142  )
( -50  54  94  )
( 102  177  -167  )
( 66  221  -123  )
( -88  -16  -46  )
( -242  -122  -11  )
( 130  225  41  )
( -99  -1  -227  )
( -163  169  -40  )
( -199  98  151  )
( 60  46  -215  )
( -49  -215  -158  )
( 31  225  -89  )
( 77  98  -39  )
( -106  97  135  )
( -144  162  196  )
( -190  87  239  )
( -141  52  181  )
( 54  -146  -184  )
( -225  -233  -83  )
( 206  211  52  )
( -86  -14  -159  )
( -198  46  -171  )
( -60  -28  -46  )
( 17  -20  -26  )
( 47  123  -157  )
( 233  -13  235  )
( -5  34  -243  )
( 140  -225  -44  )
( 223  -131  194  )
( -181  130  76  )
( 44  58  35  )
( -58  56  -143  )
( 189  157  -194  )
( 102  -85  12  )
( -74  -31  0  )
( -152  86  -103  )
( -173  66  213  )
( 234  -195  48  )
( 56  -118  -215  )
( 14  53  47  )
( -155  -88  -202  )
( -4  -142  93  )
( 110  -14  -173  )
( -227  169  54  )
( -16  -193  3  )
( -203  102  119  )
( 194  -160  -185  )
( -99  178  -26  )
( 216  -65  -110  )
( 82  173  131  )
( 67  -74  -199  )
( -24  -136  -64  )
( 244  -66  -122  )
( -133  -67  -82  )
( 235  216  -124  )
( -198  -139  -242  )
( 15  30  27  )
( 22  -199  -19  )
( 240  -173  14  )
( -140  -176  -86  )
( -213  174  186  )
( 215  193  -100  )
( 170  -212  -129  )
( -106  -220  -140  )
( -156  204  -207  )
( -14  -72  -199  )
( -163  28  -230  )
( 161  86  -193  )
( 192  157  208  )
( -231  167  68  )
( -157  127  38  )
( 204  -170  149  )
( 39  -51  -194  )
( -40  136  -161  )
( -212  76  -113  )
( -83  -241  -84  )
( -204  19  135  )
( 164  -113  236  )
( -200  -57  20  )
( -40  198  229  )
( -143  75  -112  )
( -227  -61  -208  )
( 43  -170  -0  )
( -71  150  56  )
( 213  -165  -208  )
( 0  167  -52  )
( -102  137  -226  )
( 182  -188  -236  )
( -167  14  -152  )
( 152  26  29  )
( 175  -208  -43  )
( -126  220  25  )
( -245  87  65  )
( -87  -228  170  )
( 183  12  96  )
( -175  -63  189  )
( 53  81  186  )
( 0  27  182  )
( 24  -16  195  )
( 40  213  186  )
( -127  236  196  )
( -48  -49  -106  )
( 73  49  -78  )
( 3  -81  -61  )
( -192  -203  132  )
( 29  73  11  )
( 169  179  -152  )
( 102  85  103  )
( 114  150  37  )
( -245  -140  108  )
( 92  -47  -67  )
( 89  171  -62  )
( -40  219  78  )
( 161  -162  237  )
( -176  156  7  )
( -249  133  -19  )
( -175  -73  101  )
( -73  249  29  )
( 60  -218  212  )
( -123  97  -157  )
( 27  -23  0  )
( 162  -56  201  )
( -73  152  41  )
( 49  50  -39  )
( -174  108  73  )
( 68  222  -18  )
( -82  105  -96  )
( 73  63  133  )
( -1  -203  183  )
( 164  93  -192  )
( 65  60  207  )
( -239  -176  171  )
( 16  -22  -222  )
( 26  -174  228  )
( -202  199  168  )
( -13  -209  -88  )
( 37  -67  5  )
( 108  228  116  )
( -81  -166  -100  )
( 247  207  -79  )
( -7  -145  -235  )
( 48  -40  203  )
( 180  -37  -161  )
( 200  164  47  )
( -188  129  -147  )
( -7  35  100  )
( -20  29  -191  )
( -232  164  -89  )
( -238  -90  115  )
( 8  -67  220  )
( -161  -32  -210  )
( -59  45  -238  )
( 101  -134  178  )
( -215  -210  41  )
( 56  152  101  )
( 33  -187  -181  )
( 43  0  -80  )
( 183  -49  64  )
( 164  -95  -180  )
( -190  100  64  )
( -243  -83  226  )
( 155  -20  -190  )
( -194  -16  115  )
( 214  -184  -118  )
( -63  108  -223  )
( 114  -239  161  )
( 121  222  -20  )
( -208  -92  12  )
( 206  171  136  )
( 138  12  -26  )
( -113  44  94  )
( 74  137  -145  )
( -18  85  173  )
( 194  109  181  )
( 228  105  -126  )
( 215  -6  -21  )
( -9  -130  110  )
( -234  151  -99  )
( -22  148  13  )
( 5  -141  -179  )
( 119  -206  157  )
( 74  93  138  )
( -243  32  -53  )
( 74  -144  65  )
( -85  52  175  )
( 212  88  45  )
( 26  -248  -213  )
( -31  -208  104  )
( -91  11  51  )
( -73  -41  32  )
( 105  7  -200  )
( 221  -228  156  )
( 230  -10  -61  )
( 169  66  -236  )
( 75  -166  -122  )
( 248  -192  132  )
( 219  -60  -198  )
( 138  -170  -70  )
( 207  223  -0  )
( 40  -180  -245  )
( 157  -161  -102  )
( 103  214  -246  )
( 201  152  -35  )
( -152  239  159  )
( 152  -115  -88  )
( -249  -9  -3  )
( -214  23  97  )
( 160  103  221  )
( 145  -12  -72  )
( 48  -11  -109  )
( 97  169  -113  )
( 165  -44  22  )
( -77  -56  -239  )
( 147  130  -208  )
( 241  191  108  )
( 149  -103  242  )
( 179  -40  -191  )
( 13  54  -32  )
( -31  -71  -127  )
( 193  -229  -161  )
( -147  37  -233  )
( 190  -157  -168  )
( -70  -11  129  )
( -44  -89  94  )
( -147  -134  86  )
( -242  -115  32  )
( 141  12  97  )
( 106  -37  205  )
( 168  197  183  )
( -62  -126  213  )
( -153  10  212  )
( 15  -0  -232  )
( -159  -139  -158  )
( -191  -62  204  )
( 79  47  -19  )
( -206  -68  42  )
( 241  -146  -45  )
( -205  154  -123  )
( -173  -82  -27  )
( -165  191  124  )
( -44  -223  206  )
( 145  159  -90  )
( -76  23  110  )
( 29  -112  -202  )
( -196  103  -98  )
( 198  13  14  )
( 58  33  -114  )
( -150  -130  -76  )
( 12  -110  -69  )
( 207  -142  -12  )
( -192  74  132  )
( 162  21  145  )
( -14  3  207  )
( -229  148  -127  )
( 133  78  113  )
( 143  152  -175  )
( 158  -83  -193  )
( 77  46  -1  )
( 111  -84  -129  )
( -110  101  19  )
( -145  55  -173  )
( -187  -17  83  )
( 0  182  -188  )
( 233  -198  -35  )
( -160  -186  6  )
( 140  -85  -156  )
( 228  -38  247  )
( -133  -110  168  )
( 229  112  6  )
( 132  1  -95  )
( 189  96  -167  )
( 9  -144  -24  )
( -157  220  30  )
( 98  -237  229  )
( -31  58  113  )
( 236  -5  44  )
( -117  -40  -53  )
( 39  238  6  )
( -221  -127  58  )
( 69  -76  246  )
( -74  233  210  )
( -186  117  118  )
( -99  110  -242  )
( 7  -143  178  )
( 206  84  20  )
( 30  -81  207  )
( -34  51  228  )
( 141  28  -216  )
( 213  78  133  )
( 8  231  -181  )
( -126  -116  -3  )
( 217  -189  -44  )
( -52  -109  -32  )
( 240  -45  -249  )
( 188  -235  -140  )
( -126  206  9  )
( -249  -63  173  )
( -66  -182  -76  )
( 74  33  -128  )
( 173  -28  209  )
( 214  106  -13  )
( 154  -198  26  )
( 43  8  93  )
( -119  -212  187  )
( 223  55  52  )
( -135  -140  158  )
( 116  95  -65  )
( 238  22  -154  )
( -248  -202  173  )
( 24  -160  -122  )
( 163  -21  -137  )
( -248  136  101  )
( 51  180  -226  )
( -189  76  126  )
( -179  21  53  )
( -209  96  62  )
( -118  127  -105  )
( 119  96  235  )
( 46  86  14  )
( -96  192  100  )
( 203  96  39  )
( -55  228  192  )
( 7  180  31  )
( 88  111  -72  )
( 17  -64  -164  )
( -140  -3  -48  )
( -212  -218  45  )
( -5  -131  -82  )
( -238  181  178  )
( -67  -101  102  )
( 8  237  -78  )
( 130  -45  -17  )
( -67  164  125  )
( -12  70  -170  )
( -97  -188  -76  )
( 52  87  -209  )
( -152  -239  115  )
( 116  -244  79  )
( 198  -103  82  )
( -128  -64  -141  )
( -74  52  -120  )
( -43  -74  -179  )
( -232  178  -142  )
( 104  99  172  )
( 7  57  -70  )
( 52  -189  109  )
( 98  -50  -158  )
( -180  -3  212  )
( -107  138  -119  )
( 101  142  224  )
( 145  208  64  )
( -146  43  -226  )
( -83  229  248  )
( -236  -106  27  )
( 82  -249  -125  )
( -173  102  -127  )
( 147  80  3  )
( 73  -47  93  )
( 139  208  -31  )
( 59  -107  25  )
( -52  -62  -26  )
( -169  -17  165  )
( 206  -40  56  )
( 112  115  -158  )
( 98  97  200  )
( -77  -109  -228  )
( 142  -215  -192  )
( -148  -191  89  )
( -11  21  -181  )
( -35  179  66  )
( 14  -59  -225  )
( 127  -60  69  )
( -12  58  -140  )
( -236  95  123  )
( 118  -107  -125  )
( 52  -222  107  )
( -1  -182  -86  )
( 70  -61  -183  )
( 223  -125  -85  )
( 38  150  157  )
( -190  220  114  )
( 122  -47  -13  )
( -5  -186  -141  )
( -223  -0  -222  )
( -1  -143  -105  )
( -48  -21  -235  )
( 210  -81  247  )
( 212  189  64  )
( 141  32  220  )
( -232  229  8  )
( -35  24  18  )
( 234  -96  -63  )
( -111  144  -30  )
( -156  174  236  )
( -188  -234  57  )
( -37  33  -191  )
( -173  -42  -52  )
( -234  103  1  )
( -80  161  -147  )
( -173  -57  172  )
( 78  -61  97  )
( -16  136  82  )
( 52  41  9  )
( -220  -131  249  )
( 151  210  -165  )
( 57  -108  221  )
( 62  -175  121  )
( -177  -134  167  )
( 222  -235  -15  )
( 24  -11  240  )
( -221  207  -137  )
( -151  215  7  )
( -35  -129  -167  )
( -26  230  -86  )
( -52  113  -67  )
( -214  -117  76  )
( -163  47  19  )
( -202  -42  -89  )
( 170  49  -171  )
( 85  -155  -220  )
( 27  77  67  )
( -159  239  -204  )
( 99  101  150  )
( -230  -52  -145  )
( -0  -9  202  )
( -231  185  163  )
( -117  -15  -234  )
( 247  -29  234  )
( 239  38  221  )
( -19  36  -244  )
( -103  -87  -230  )
( 110  -57  -48  )
( 22  -193  -86  )
( 79  15  87  )
( -65  59  237  )
( 2  123  238  )
( 103  -195  163  )
( -27  94  -228  )
( -231  117  -111  )
( -164  11  155  )
( -122  -130  -78  )
( 108  164  20  )
( -141  -130  126  )
( 31  -43  -204  )
( 5  -247  55  )
( 28  12  -148  )
( 191  111  161  )
( 174  86  -85  )
( -104  -164  -218  )
( -123  153  -127  )
( 99  -151  244  )
( 29  7  -171  )
( -176  159  -61  )
( 60  161  -145  )
( -176  26  -194  )
( -74  106  233  )
( 96  203  -135  )
( -139  -238  179  )
( 231  -166  -80  )
( -77  -165  -193  )
( 238  105  158  )
( -93  213  -1  )
( 230  -247  -60  )
( -10  48  213  )
( -20  -34  -66  )
( 46  99  208  )
( -13  56  -164  )
( 75  -44  -40  )
( -18  -89  36  )
( -36  104  -129  )
( 98  -152  113  )
( 77  240  -238  )
( 123  -23  -248  )
( 205  -178  -151  )
( -245  174  129  )
( 59  -108  -167  )
( -180  18  -234  )
( -31  227  -137  )
( -133  192  -12  )
( 45  -105  -161  )
( -225  122  126  )
( -30  216  -106  )
( -44  -175  -102  )
( -124  -65  63  )
( 28  -205  -126  )
( -136  233  -26  )
( 213  115  62  )
( 54  177  -132  )
( -2  -194  37  )
( 248  -177  63  )
( 200  38  87  )
( -194  -169  185  )
( 58  7  54  )
( 170  219  8  )
( 78  161  155  )
( -75  -182  112  )
( 15  -29  140  )
( 22  -156  -62  )
( 22  136  -7  )
( -18  -25  208  )
( -211  -82  15  )
( -200  236  -196  )
( -152  -246  -29  )
( 202  -49  71  )
( -190  -22  13  )
( -109  7  85  )
( -223  69  -121  )
( -36  -106  -157  )
( 241  74  202  )
( -84  58  -213  )
( -240  64  -31  )
( -242  -7  121  )
( -76  107  27  )
( 3  -164  -12  )
( -157  -123  63  )
( -204  248  -52  )
( 201  -31  38  )
( 244  -247  -141  )
( 193  112  209  )
( 163  -202  166  )
( 163  -206  -162  )
( -198  124  48  )
( -92  146  -238  )
( 52  245  -211  )
( 162  -88  114  )
( 68  -100  -191  )
( -239  124  122  )
( -7  -217  -133  )
( 116  8  -181  )
( 247  176  9  )
( -7  168  23  )
( -37  211  235  )
( 111  116  78  )
( 126  -103  98  )
( -90  -200  -23  )
( 232  -14  152  )
( -134  -214  230  )
( 226  -44  48  )
( -141  11  -0  )
( 215  -219  -179  )
( 65  -173  59  )
( -223  -16  225  )
( -240  236  -115  )
( -75  160  159  )
( -2  158  -235  )
( 198  -190  -149  )
( 238  -185  213  )
( 75  32  -31  )
( 219  -177  27  )
( -218  -25  -210  )
( -11  -109  -131  )
( -197  39  -15  )
( -215  -113  -208  )
( -41  -182  65  )
( 139  230  59  )
( -49  -171  118  )
( -98  101  -5  )
( 228  -25  158  )
( 200  100  -101  )
( -115  -152  -220  )
( -133  189  -21  )
( 248  64  -246  )
( -32  244  59  )
( 209  -158  -81  )
( -105  35  68  )
( 21  155  -221  )
( 123  -186  226  )
( 235  84  -196  )
( -41  -222  149  )
( 125  25  80  )
( 233  5  231  )
( 97  25  166  )
( 88  55  -45  )
( 87  100  189  )
( 204  -34  -18  )
( -110  -74  -122  )
( -65  104  -219  )
( 229  24  -179  )
( -66  150  45  )
( 182  -149  21  )
( 38  -207  37  )
( 200  201  57  )
( 77  -168  194  )
( 55  -1  -209  )
( -104  129  -207  )
( 240  -247  51  )
( 94  89  1  )
( 227  26  74  )
( -124  -144  40  )
( 64  114  203  )
( -235  4  -45  )
( -27  177  57  )
( 86  -247  -118  )
( -147  -235  210  )
( -13  176  48  )
( 111  -96  122  )
( -214  -83  -246  )
( -217  189  -35  )
( -236  -15  -21  )
( -111  240  -133  )
( 106  -238  48  )
( 130  97  109  )
( -158  -226  123  )
( -239  -161  -20  )
( -188  -61  128  )
( -241  102  93  )
( 135  84  145  )
( 162  160  9  )
( 176  -61  -21  )
( 126  230  -226  )
( 192  93  70  )
( -37  -166  62  )
( -108  229  146  )
( 193  -163  148  )
( 68  149  233  )
( -204  -8  -67  )
( -129  2  29  )
( -80  196  -36  )
( 203  -115  118  )
( -30  -215  102  )
( -231  112  224  )
( -107  143  -233  )
( -212  241  -100  )
( -2  -99  227  )
( -38  -158  62  )
( -13  -225  54  )
( -97  -196  -125  )
( -195  231  193  )
( 93  178  -35  )
( -140  -220  135  )
( -158  -42  -9  )
( 56  -50  82  )
( 91  -231  -158  )
( 39  26  -152  )
( -133  -165  145  )
( -34  -228  14  )
( 62  216  -223  )
( -226  220  -161  )
( 51  188  -116  )
( -156  196  -89  )
( -105  34  23  )
( 129  -15  -182  )
( -201  59  -145  )
( 75  -93  225  )
( 178  20  243  )
( 76  -42  165  )
( -221  99  -249  )
( 202  120  24  )
( -242  -167  139  )
( -122  -106  231  )
( -143  -193  -98  )
( 122  -42  186  )
( 21  218  -208  )
( -205  8  -195  )
( 232  153  -141  )
( -211  11  131  )
( -98  -3  90  )
( -231  70  196  )
( -102  -122  134  )
( 51  -87  -104  )
( 216  81  -116  )
( 135  -182  35  )
( 35  -234  47  )
( 104  -94  68  )
( -70  -31  147  )
( 21  119  206  )
( -240  -47  231  )
( -163  -47  124  )
( -114  -95  -213  )
( 24  65  85  )
( -27  -77  -152  )
( 235  -218  -194  )
( -47  118  -190  )
( 128  -114  -214  )
( 242  -125  141  )
( -78  171  144  )
( 137  63  216  )
( 128  24  175  )
( -53  161  -59  )
( 249  76  166  )
( 149  -180  -172  )
( 109  -210  47  )
( -14  9  -84  )
( -75  47  -135  )
( -199  55  -117  )
( 231  29  -142  )
( -101  114  12  )
( 174  -15  151  )
( -124  215  63  )
( -18  -149  -151  )
( 198  -58  -190  )
( 143  52  -96  )
( -60  20  -34  )
( 246  -112  -58  )
( -164  182  -108  )
( 241  -103  199  )
( -58  159  144  )
( 41  109  85  )
( 36  73  223  )
( 181  111  -23  )
( -2  -87  -230  )
( 156  123  38  )
( -187  183  11  )
( -76  26  201  )
( -173  -219  242  )
( -88  45  28  )
( 29  38  201  )
( -234  170  233  )
( 30  -104  16  )
( -193  136  -99  )
( -135  -183  -145  )
( 234  -227  -210  )
( -125  -37  -30  )
( -90  93  247  )
( -36  -218  -92  )
( -11  180  72  )
( -121  -79  181  )
( -189  -4  47  )
( -171  202  198  )
( -84  -233  -205  )
( -1  -174  -38  )
( 51  123  76  )
( -232  -184  202  )
( 180  -234  12  )
( -75  16  -230  )
( 200  221  93  )
( -193  186  66  )
( 240  -123  248  )
( -119  200  133  )
( 204  -145  -181  )
( 70  -168  -39  )
( 14  -147  -128  )
( 52  2  104  )
( -3  27  -168  )
( -47  20  -21  )
( 230  175  240  )
( -127  43  -81  )
( -58  115  154  )
( -32  95  -0  )
( -23  90  -178  )
( -106  -20  -103  )
( -178  -208  15  )
( -181  -79  -102  )
( -75  -57  -110  )
( 86  -137  -130  )
( -199  -158  -53  )
( 97  -96  -196  )
( 182  202  -53  )
( 122  11  -62  )
( -104  94  -159  )
( 146  -43  -246  )
( 84  144  -209  )
( 80  193  -113  )
( 149  47  -197  )
( 174  44  -107  )
( 8  -78  -36  )
( -247  36  15  )
( 144  91  -58  )
( -60  -23  -35  )
( -212  35  142  )
( -185  189  -1  )
( 222  -138  132  )
( -86  94  -4  )
( -210  -166  -40  )
( -147  19  172  )
( -218  -104  113  )
( 106  -85  -92  )
( 186  -148  53  )
( -192  211  187  )
( 183  110  4  )
( 28  -90  -34  )
( -50  134  93  )
( 105  -101  226  )
( -162  -244  234  )
( 19  103  -27  )
( -113  196  23  )
( 71  -237  225  )
( 125  199  181  )
( 30  16  -137  )
( -189  -148  245  )
( -180  -60  -55  )
( 230  -62  117  )
( 120  232  -193  )
( -107  -135  -101  )
( 184  -0  -66  )
( -50  49  68  )
( 203  -53  -6  )
( -207  -218  -200  )
( 224  -101  -220  )
( -190  155  196  )
( -18  94  245  )
( 11  23  204  )
( -186  126  -26  )
( -54  113  103  )
( -12  222  116  )
( -182  -237  58  )
( -93  -104  78  )
( 136  -29  85  )
( -229  37  -235  )
( -66  200  -142  )
( -120  -114  225  )
( 144  87  -60  )
( -158  79  95  )
( -226  -247  -58  )
( 227  46  -91  )
( 109  -57  15  )
( 192  -35  10  )
( -125  -222  81  )
( 95  25  -32  )
( -101  201  -132  )
( -37  -130  121  )
( 93  44  106  )
( -43  180  -166  )
( -13  -45  44  )
( 195  -165  85  )
( -228  -90  -226  )
( 63  -84  -4  )
( 116  112  -237  )
( 81  176  140  )
( 90  -93  40  )
( -6  -178  -186  )
( 186  192  -205  )
( 18  -133  -4  )
( 117  -46  -49  )
( -97  218  83  )
( -151  -45  229  )
( -25  -170  -246  )
( -30  97  211  )
( -44  120  11  )
( -93  -171  39  )
( -229  -8  -198  )
( -209  232  63  )
( 158  -139  -17  )
( -175  -101  -152  )
( 23  185  -28  )
( 210  -111  -214  )
( 1  -74  61  )
( 42  183  -173  )
( -248  59  171  )
( 187  167  84  )
( 15  87  -115  )
( -155  -13  60  )
( -247  152  -172  )
( -81  116  -179  )
( -86  -229  -6  )
( 15  154  -245  )
( 101  25  -67  )
( 201  9  79  )
( -65  -55  -88  )
( 86  0  199  )
( 211  -245  141  )
( 66  77  -107  )
( 241  -27  -5  )
( 231  139  120  )
( -94  90  -106  )
( -190  134  -37  )
( -180  19  -133  )
( 12  2  -36  )
( 80  -78  76  )
( 44  184  229  )
( -202  -211  -83  )
( 56  -132  233  )
( 146  233  -4  )
( 11  88  -146  )
( -97  -230  -209  )
( -84  167  136  )
( -245  92  -5  )
( 129  101  3  )
( -185  96  138  )
( -52  24  -60  )
( -111  -85  -66  )
( 82  207  183  )
( 75  222  225  )
( 109  -20  -159  )
( 48  232  71  )
( -219  -216  176  )
( 35  127  197  )
( -140  218  29  )
( 106  10  69  )
( -245  26  -106  )
( -24  31  126  )
( -79  193  -119  )
( -235  9  -139  )
( 41  134  -121  )
( -194  -10  205  )
( 239  -11  -127  )
( -222  85  80  )
( 11  235  77  )
( -53  -109  -117  )
( -162  182  230  )
( 155  -236  69  )
( -32  29  91  )
( -228  151  168  )
( 202  156  -80  )
( -9  115  -68  )
( -219  34  226  )
( -233  -163  150  )
( 47  -13  -35  )
( -82  27  -35  )
( 106  -49  -24  )
( -45  153  230  )
( -199  54  -93  )
( -107  -154  -189  )
( 81  152  -134  )
( -140  -136  95  )
( 187  163  -5  )
( -128  -56  -45  )
( -46  37  50  )
( 201  -10  118  )
( 107  -245  -226  )
( -11  15  145  )
( -33  236  -60  )
( -71  2  135  )
( 58  -161  -135  )
( 17  -123  135  )
( 152  -242  -22  )
( 210  -80  -220  )
( -198  -7  -45  )
( -194  -182  197  )
( -89  -191  -24  )
( 19  94  -220  )
( -4  179  -240  )
( -14  227  -190  )
( 217  140  -162  )
( 6  99  77  )
( 44  -196  186  )
( 217  178  198  )
( -47  -38  61  )
( 84  76  -236  )
( 188  -195  -206  )
( 42  -179  -218  )
( -70  -205  153  )
( -243  107  33  )
( -199  3  -173  )
( -50  -244  -236  )
( -1  -248  -162  )
( 183  -102  -64  )
( -76  219  187  )
( 230  -46  -164  )
( 118  -158  -207  )
( 22  -72  -87  )
( 137  175  147  )
( -119  -62  109  )
( 234  66  -165  )
( 178  -13  -118  )
( -187  116  80  )
( -225  153  205  )
( 148  178  248  )
( 1  -34  197  )
( -238  241  63  )
( -26  -52  95  )
( -119  136  -125  )
( -172  59  95  )
( -23  -74  -121  )
( -87  -106  223  )
( 129  203  115  )
( -53  164  -91  )
( -94  54  13  )
( -37  -23  114  )
( -20  -113  56  )
( 73  -220  62  )
( -233  198  -164  )
( 11  -121  107  )
( -101  -68  -42  )
( 124  -141  29  )
( -75  47  -229  )
( -175  -105  -4  )
( 74  221  152  )
( -107  -15  -149  )
( -223  166  -248  )
( 249  233  -26  )
( 11  -39  216  )
( -94  -144  136  )
( -122  -24  222  )
( -109  154  74  )
( -241  245  -139  )
( -133  12  -244  )
( 96  120  -208  )
( -115  231  50  )
( -149  231  -174  )
( 132  -175  247  )
( -38  -153  37  )
( -142  -135  16  )
( 217  70  -151  )
( -78  0  -120  )
( -32  -189  162  )
( -69  0  159  )
( -212  104  20  )
( 102  1  97  )
( 144  -41  -238  )
( -49  28  -34  )
( 240  -79  166  )
( 197  -235  -9  )
( -170  129  -206  )
( -17  -31  110  )
( 181  131  -19  )
( -131  77  157  )
( 47  -109  92  )
( -141  -212  195  )
( 174  31  -209  )
( 134  -22  227  )
( 207  138  -31  )
( -112  205  152  )
( -204  -11  -113  )
( -230  -226  -159  )
( 20  68  82  )
( 163  -32  161  )
( -25  234  -207  )
( -154  -139  25  )
( 18  -173  -106  )
( -5  -110  80  )
( 185  -162  -137  )
( 33  -200  -213  )
( -204  238  80  )
( -115  -201  161  )
( -140  84  -227  )
( -65  -190  -191  )
( 73  46  -47  )
( -57  -230  136  )
( 247  194  -82  )
( 60  61  -49  )
( 151  -223  -29  )
( -35  121  -111  )
( 155  10  25  )
( -15  22  -246  )
( -79  -15  213  )
( 57  -241  -247  )
( 215  193  26  )
( 209  208  -97  )
( -66  5  97  )
( -41  -239  -7  )
( -244  129  146  )
( -122  126  216  )
( 62  145  -42  )
( -4  -195  91  )
( -249  233  55  )
( 137  192  -50  )
( 193  -135  -59  )
( 238  -68  -144  )
( -68  79  121  )
( 104  105  -249  )
( -85  -172  49  )
( -59  204  -5  )
( 18  114  245  )
( -183  7  -173  )
( -249  -53  -211  )
( -112  91  -234  )
( -48  43  -209  )
( -115  -15  -135  )
( -25  118  -27  )
( 34  -18  10  )
( -148  4  223  )
( 229  -145  -135  )
( -23  -226  -57  )
( -186  243  169  )
