( 93  -126  -23  )
( 197  -102  193  )
( 156  -112  178  )
( 220  -210  117  )
( 241  216  -115  )
( -69  185  242  )
( -149  225  76  )
( 82  -0  -239  )
( 121  -25  -61  )
( 191  174  -139  )
( -100  -245  -189  )
( 97  -17  -164  )
( 222  37  -76  )
( 72  -190  221  )
( 212  221  164  )
( -61  144  108  )
( -152  126  -70  )
( 147  -19  30  )
( 109  -127  181  )
( -127  -88  -34  )
( -58  217  91  )
( -206  120  -185  )
( 154  -134  187  )
( -106  -33  -67  )
( 71  -201  -21  )
( -28  -240  78  )
( -105  -96  -78  )
( -44  114  156  )
( 68  -34  225  )
( 71  -114  -150  )
( 46  -106  -213  )
( -143  -97  126  )
( -106  38  200  )
( 241  -103  81  )
( 118  38  -243  )
( -208  -155  166  )
( -19  246  -42  )
( 180  42  -127  )
( -86  -43  143  )
( 105  104  -50  )
( 59  -85  -76  )
( 234  138  -216  )
( 120  117  -137  )
( -207  -156  -87  )
( 190  -38  -10  )
( -218  52  239  )
( 79  -39  -223  )
( -235  -3  -58  )
( 200  -90  -9  )
( -37  196  -168  )
( 226  -233  51  )
( -190  71  -75  )
( 47  -83  -158  )
( 134  5  -174  )
( 50  -32  157  )
( -166  -160  -4  )
( -95  91  102  )
( 173  224  164  )
( 177  -230  245  )
( -79  -19  85  )
( 233  -124  -244  )
( 192  -15  103  )
( -32  -15  -73  )
( 122  143  58  )
( 191  -39  234  )
( 230  -25  57  )
( -202  235  -233  )
( -230  -43  133  )
( -101  -95  -67  )
( -226  -46  -68  )
( -148  -242  -190  )
( -240  -223  164  )
( -131  -212  -242  )
( -6  -119  -54  )
( 16  183  27  )
( 205  27  3  )
( 157  -144  12  )
( 197  -140  61  )
( -110  247  -15  )
( -141  -197  -164  )
( 202  -140  73  )
( -189  -225  165  )
( -175  24  -219  )
( 78  145  -100  )
( 188  -0  159  )
( 168  5  107  )
( 102  132  -186  )
( -5  133  -110  )
( 36  -225  -29  )
( -165  189  127  )
( 85  77  -214  )
( 56  168  -183  )
( -91  8  -185  )
( 30  101  33  )
( 52  110  -216  )
( -25  122  -208  )
( -172  225  83  )
( -3  -67  39  )
( -90  -232  227  )
( 100  -237  -158  )
( 167  128  215  )
( -76  231  37  )
( 216  -51  -215  )
( -219  -156  21  )
( -147  -65  -42  )
( -2  192  166  )
( -61  -205  137  )
( -244  237  20  )
( 238  226  213  )
( 22  212  -224  )
( 205  111  -177  )
( -191  59  63  )
( 25  -27  -129  )
( 216  -234  194  )
( 134  159  29  )
( -29  -62  39  )
( -228  -210  14  )
( -240  -168  -229  )
( -45  103  -23  )
( -139  -129  127  )
( 242  -29  -166  )
( 2  -129  38  )
( -96  133  -56  )
( -46  200  239  )
( -102  -109  -34  )
( 235  -183  -173  )
( 149  13  -170  )
( 224  79  30  )
( -213  211  -184  )
( 212  -35  -77  )
( 120  40  -159  )
( 149  -49  -246  )
( -155  -217  163  )
( 110  -123  225  )
( -92  23  -68  )
( -228  140  64  )
( 88  50  -87  )
( -200  -158  -54  )
( -80  -215  -190  )
( -218  -230  59  )
( 146  42  94  )
( -7  1  4  )
( -94  145  -108  )
( 83  147  74  )
( -3  -36  -122  )
( -121  -35  174  )
( 156  -89  167  )
( -143  -182  -37  )
( -107  238  -246  )
( -208  195  229  )
( 63  217  -168  )
( 149  -245  192  )
( 205  -212  -152  )
( -210  -113  78  )
( 16  160  173  )
( 85  -233  25  )
( 4  57  53  )
( -101  -202  -174  )
( 129  -76  -68  )
( -193  -221  240  )
( 111  -52  -88  )
( 68  243  -180  )
( 240  -118  -49  )
( 61  -214  -177  )
( 172  238  197  )
( -23  178  181  )
( -195  -149  -130  )
( 245  9  60  )
( -173  -120  -140  )
( -241  -14  -102  )
( -160  -131  -196  )
( 130  -162  106  )
( 42  19  162  )
( -241  -144  -170  )
( -175  -81  211  )
( 96  226  -176  )
( -95  133  161  )
( 158  -57  -101  )
( 46  54  61  )
( -173  148  63  )
( 94  -25  -29  )
( 125  235  49  )
( -204  -162  -58  )
( 70  -218  -173  )
( -60  132  11  )
( -171  -220  -81  )
( 88  194  14  )
( -154  -73  221  )
( -149  126  200  )
( 191  226  65  )
( 35  168  90  )
( -230  187  244  )
( -53  147  -119  )
( 21  -183  71  )
( -95  109  170  )
( -170  3  49  )
( 54  162  232  )
( -109  -33  -169  )
( 36  146  151  )
( 221  -40  53  )
( 189  -138  -119  )
( -179  218  -47  )
( -46  -181  -189  )
( 86  -53  -152  )
( 42  118  -104  )
( 227  229  199  )
( -81  -82  -235  )
( 234  90  -177  )
( 25  -58  -192  )
( -87  -239  -131  )
( -34  -139  -53  )
( 34  241  -230  )
( 169  -8  61  )
( 23  -208  195  )
( -247  -143  229  )
( 183  123  159  )
( -57  78  133  )
( -116  113  -168  )
( -192  -90  194  )
( 101  176  -195  )
( 83  -214  -122  )
( 25  248  141  )
( -157  -85  170  )
( -196  -129  22  )
( -161  129  -171  )
( -173  -169  57  )
( 141  -137  -20  )
( -125  16  -30  )
( 7  111  -181  )
( -207  -19  -97  )
( 128  239  -140  )
( -151  127  -223  )
( -3  15  -110  )
( -227  155  -86  )
( 133  170  -53  )
( 152  83  -77  )
( 134  -221  106  )
( -172  -53  -63  )
( -106  -227  161  )
( -47  245  -173  )
( 126  -104  -76  )
( -143  -4  -147  )
( 201  179  -46  )
( 111  68  -87  )
( 77  239  27  )
( -106  -87  20  )
( 34  -133  203  )
( -131  189  -164  )
( -53  -169  69  )
( 136  94  36  )
( -134  -37  -122  )
( 74  211  -80  )
( -94  109  48  )
( 113  122  87  )
( 103  217  -205  )
( -31  100  182  )
( -146  84  192  )
( -93  219  -169  )
( 154  1  -171  )
( 209  75  13  )
( -157  111  -202  )
( 165  236  -148  )
( 78  21  -221  )
( 145  67  75  )
( 122  -197  -245  )
( -8  114  137  )
( -191  192  77  )
( -159  15  127  )
( 199  -169  40  )
( -202  138  -226  )
( 210  -19  151  )
( -140  -52  65  )
( 232  96  237  )
( -203  228  -153  )
( -21  52  -8  )
( -99  -113  233  )
( 149  -78  214  )
( -194  239  180  )
( 38  -39  24  )
( 230  -214  -238  )
( 98  -198  211  )
( -203  -28  -50  )
( -101  -204  122  )
( 157  -182  -227  )
( 198  -19  -143  )
( 198  -107  191  )
( -84  191  68  )
( -80  202  175  )
( 162  22  -19  )
( -10  155  2  )
( -103  74  234  )
( -164  124  180  )
( 97  45  144  )
( -80  -101  -119  )
( -44  234  74  )
( 159  -65  -202  )
( 38  129  187  )
( 238  -234  -58  )
( -228  52  10  )
( 1  -219  187  )
( -62  -40  14  )
( 245  -3  39  )
( -235  171  211  )
( 245  -200  -119  )
( -213  27  -248  )
( -182  167  -92  )
( 95  -212  209  )
( 55  -93  245  )
( 151  -27  177  )
( -178  -141  207  )
( -211  189  -62  )
( -43  227  -155  )
( 187  -37  243  )
( -196  -154  203  )
( -148  66  -11  )
( 238  185  173  )
( 117  47  91  )
( -103  153  -170  )
( 152  -211  -120  )
( -147  -98  200  )
( -149  -189  18  )
( 99  243  -92  )
( -61  237  179  )
( -108  -130  138  )
( -207  -46  167  )
( 188  248  154  )
( 130  -121  -48  )
( -229  189  110  )
( 110  133  -80  )
( 73  -74  109  )
( -182  112  -217  )
( 34  -169  -163  )
( 107  -132  -237  )
( 44  -32  -134  )
( -4  -183  96  )
( 48  30  158  )
( -18  177  34  )
( 50  202  133  )
( -141  -198  -200  )
( 22  165  -182  )
( -177  181  113  )
( 115  119  -195  )
( -187  5  27  )
( -63  151  112  )
( -26  36  103  )
( -205  -106  227  )
( 40  -219  164  )
( -13  -241  194  )
( -44  97  1  )
( 137  -57  -175  )
( -200  144  180  )
( -94  -207  -242  )
( -161  175  -238  )
( 77  -133  -102  )
( 144  111  19  )
( -130  -116  0  )
( -178  67  149  )
( 109  -53  75  )
( -205  -107  -14  )
( 193  123  215  )
( -78  -44  180  )
( 33  -208  -28  )
( -15  40  -126  )
( -29  -204  30  )
( -152  210  -138  )
( 35  -57  -37  )
( -108  15  -87  )
( 49  -27  -80  )
( -176  -24  -21  )
( -51  17  -204  )
( -111  -197  -116  )
( 175  -157  -86  )
( 66  93  -71  )
( 215  167  -153  )
( 151  -58  -111  )
( -73  -79  232  )
( 166  65  -88  )
( 141  113  157  )
( -236  -221  53  )
( -230  72  169  )
( 140  -153  -116  )
( 60  190  -204  )
( -61  -246  81  )
( -204  -108  68  )
( -227  -78  221  )
( 121  186  17  )
( -15  44  -25  )
( 8  137  -158  )
( 189  148  36  )
( -197  -13  -70  )
( -29  -31  -134  )
( -80  -165  -64  )
( 164  74  109  )
( -3  -135  207  )
( 85  -87  193  )
( -173  115  182  )
( 129  -247  128  )
( 8  -53  221  )
( 161  163  -77  )
( 140  -222  -181  )
( 112  245  -173  )
( 228  -230  165  )
( -26  -129  -110  )
( 75  -58  68  )
( 205  -166  -47  )
( 205  -148  -153  )
( -225  38  119  )
( 104  -121  129  )
( 177  -136  175  )
( -205  -166  -246  )
( -86  201  -206  )
( 221  61  -105  )
( -77  -135  -168  )
( 118  89  -9  )
( -69  36  214  )
( 202  184  196  )
( -14  222  38  )
( 182  -193  -170  )
( 227  -163  196  )
( -218  202  -57  )
( 91  157  -228  )
( 36  -191  234  )
( -228  119  203  )
( -79  -159  -168  )
( 0  -234  134  )
( 198  130  -64  )
( -235  -163  237  )
( 230  -139  -246  )
( 119  -237  -118  )
( -92  -5  -151  )
( 183  -95  238  )
( 217  -127  61  )
( -199  36  -189  )
( -159  -3  44  )
( -220  -21  -154  )
( 178  -131  39  )
( 118  -90  179  )
( 226  -54  -107  )
( 242  96  -98  )
( -159  142  86  )
( 44  -146  -3  )
( -105  79  -240  )
( 128  -99  -104  )
( 109  84  -8  )
( 208  207  -178  )
( 141  41  -201  )
( -240  -64  -133  )
( -230  -178  87  )
( 243  6  29  )
( -74  170  -224  )
( -194  -214  -78  )
( 109  -25  -124  )
( -123  -182  77  )
( 224  -99  -138  )
( -248  -187  -211  )
( 185  143  -100  )
( 197  -242  -34  )
( -200  95  3  )
( -117  -41  38  )
( 170  223  -160  )
( -239  -214  -119  )
( 158  165  -31  )
( -146  -172  158  )
( -226  -14  68  )
( 52  -76  -86  )
( 33  -128  -94  )
( 191  -248  245  )
( 71  88  -69  )
( -17  245  169  )
( -191  -9  -3  )
( -241  -212  59  )
( -170  61  -214  )
( 73  209  211  )
( -158  131  -145  )
( -190  -65  -129  )
( 95  147  -207  )
( -86  -174  -112  )
( 33  246  223  )
( -118  -48  -78  )
( -53  -50  -241  )
( 132  62  186  )
( 71  -28  55  )
( -234  -59  -102  )
( 227  -179  -126  )
( -235  -146  -104  )
( 165  -48  -122  )
( 67  -124  -204  )
( -126  62  228  )
( 242  -247  -104  )
( -33  -125  55  )
( 90  -29  -12  )
( 28  162  -183  )
( 9  201  213  )
( 209  -167  -234  )
( -188  -77  204  )
( -179  -145  -189  )
( 52  -211  -80  )
( -236  148  172  )
( -15  17  -125  )
( 163  22  190  )
( -24  -1  -12  )
( 138  153  -21  )
( 240  -27  -80  )
( -47  -101  120  )
( -108  178  -69  )
( -111  100  62  )
( -60  -146  154  )
( 12  -113  238  )
( 21  149  196  )
( 21  -162  -13  )
( 218  -223  -63  )
( -248  -53  -197  )
( -126  245  14  )
( 91  -34  189  )
( 146  -56  -216  )
( -230  -104  -161  )
( 175  99  7  )
( -82  18  86  )
( 31  -101  -219  )
( -12  -204  -70  )
( -159  167  -194  )
( 190  -42  54  )
( -215  217  -179  )
( -228  23  224  )
( -50  74  -114  )
( -190  54  -229  )
( -154  162  -21  )
( 97  -196  -9  )
( 129  -112  -160  )
( 204  146  164  )
( 12  233  203  )
( -41  158  -13  )
( -31  -216  62  )
( -94  5  -82  )
( -67  92  219  )
( 243  -56  -165  )
( 65  -154  38  )
( 72  87  -231  )
( 80  -9  -41  )
( 21  93  235  )
( 239  -162  -110  )
( 174  205  87  )
( -43  -146  -48  )
( 152  -200  -233  )
( 222  -144  0  )
( -177  -248  -74  )
( 100  -187  -200  )
( 77  85  32  )
( -103  -128  -4  )
( 174  157  187  )
( 155  104  182  )
( -96  -111  45  )
( -22  -174  169  )
( 48  167  64  )
( -140  -157  -249  )
( 1  195  -202  )
( 210  166  -248  )
( 239  132  -234  )
( -43  60  94  )
( -190  66  129  )
( -155  50  -142  )
( 19  -107  63  )
( 16  -229  57  )
( -243  156  -152  )
( 182  106  -231  )
( -102  -165  -123  )
( 175  203  -111  )
( -232  -107  0  )
( 74  34  -204  )
( -36  26  -164  )
( -43  199  -136  )
( -222  -50  15  )
( -49  -175  202  )
( 240  179  -75  )
( 113  98  -164  )
( 28  37  190  )
( -98  -56  220  )
( -161  186  -50  )
( 132  112  226  )
( -179  166  -28  )
( 175  241  -181  )
( -161  -105  -71  )
( 161  46  -240  )
( 10  -200  -115  )
( 118  222  -65  )
( 203  163  -108  )
( -78  74  -52  )
( -59  -235  -222  )
( -123  -142  -75  )
( -111  189  86  )
( 36  189  -244  )
( -46  202  -138  )
( 58  243  -27  )
( -191  233  -227  )
( 112  -21  -246  )
( -203  33  75  )
( -23  145  65  )
( -199  -72  202  )
( -121  -23  124  )
( -239  15  -7  )
( 28  -101  -134  )
( 81  -166  -90  )
( -29  180  5  )
( -133  145  -42  )
( 142  -157  54  )
( 209  62  1  )
( 238  -157  30  )
( -120  -63  -130  )
( 53  -176  188  )
( -221  105  95  )
( 121  -23  227  )
( 146  112  205  )
( 28  -184  225  )
( -48  -240  -89  )
( -50  -245  -149  )
( 97  -153  131  )
( 130  108  54  )
( 152  -106  -83  )
( 77  41  -235  )
( 81  60  0  )
( 212  135  27  )
( -79  -167  -61  )
( 82  118  239  )
( -70  -4  -8  )
( -91  20  -243  )
( 55  -112  -176  )
( 106  -164  -216  )
( 85  -234  -140  )
( -205  -40  -127  )
( 87  120  140  )
( -227  246  31  )
( 5  28  22  )
( -163  -202  230  )
( 91  -209  175  )
( -163  140  -106  )
( -158  -45  -93  )
( 174  -123  0  )
( 81  118  -190  )
( -117  -127  88  )
( 149  -238  -89  )
( 52  123  208  )
( 218  187  -223  )
( -52  110  -45  )
( -204  50  -125  )
( -90  -14  147  )
( 39  34  82  )
( -121  78  -81  )
( 88  58  -211  )
( 198  -213  7  )
( 248  -226  -63  )
( 45  -8  -25  )
( 244  63  76  )
( -115  -129  156  )
( -182  -106  84  )
( 230  168  145  )
( -136  -202  -144  )
( 170  -15  -209  )
( 211  -91  -191  )
( -219  -68  48  )
( -73  -234  85  )
( 36  15  61  )
( 142  -204  -106  )
( 203  -62  149  )
( 50  -116  223  )
( -29  59  182  )
( 201  -107  191  )
( 65  224  -66  )
( -96  -20  80  )
( 50  193  119  )
( 59  -237  -238  )
( 180  -144  81  )
( -231  -40  170  )
( 239  -137  125  )
( 33  -182  -42  )
( -110  233  35  )
( 91  -163  74  )
( 229  -68  248  )
( 225  -17  5  )
( 61  -188  -139  )
( 188  85  -129  )
( 123  68  82  )
( 38  -57  -151  )
( 96  85  -52  )
( 175  -182  97  )
( 227  -223  -69  )
( -25  65  -169  )
( -131  -239  67  )
( -235  202  150  )
( 204  -132  179  )
( 102  173  169  )
( -96  6  249  )
( 198  -174  -106  )
( 23  -61  -143  )
( -14  -186  -220  )
( 15  -200  247  )
( -110  161  -8  )
( -105  -10  -238  )
( 51  -75  -201  )
( 75  -41  2  )
( -232  40  171  )
( -237  108  99  )
( 224  170  -144  )
( 22  195  189  )
( -221  -98  -66  )
( 112  -52  -240  )
( 189  75  -112  )
( -83  -59  -124  )
( 210  26  182  )
( 148  90  173  )
( -176  -196  199  )
( -137  53  -66  )
( -74  84  55  )
( 101  -137  -200  )
( -243  68  101  )
( -57  58  133  )
( 190  -34  128  )
( -76  -181  -75  )
( -7  -8  -25  )
( -30  58  -19  )
( -188  167  -115  )
( 110  11  -32  )
( 74  -21  157  )
( -87  -103  -10  )
( 176  -75  25  )
( 146  224  147  )
( 223  -126  21  )
( 89  54  42  )
( 194  8  -241  )
( -136  16  135  )
( 246  -241  -32  )
( 138  -178  47  )
( -246  162  -232  )
( -186  76  37  )
( 9  -196  66  )
( -17  -184  -2  )
( -187  -66  -147  )
( -19  -187  215  )
( -85  35  1  )
( -44  -75  216  )
( 132  43  74  )
( -233  227  -121  )
( 13  3  -148  )
( -32  74  227  )
( -166  62  14  )
( 160  -177  201  )
( 88  -138  -31  )
( -107  233  -11  )
( 13  7  12  )
( 31  -101  -243  )
( -90  140  13  )
( 15  -10  -206  )
( 164  -127  -201  )
( 20  -126  -87  )
( 152  -102  -6  )
( 27  -67  -176  )
( 67  -26  71  )
( 78  135  116  )
( 168  -218  171  )
( -176  -183  -35  )
( -4  58  115  )
( -19  -151  -153  )
( -171  -210  -221  )
( -91  -82  -171  )
( 103  -198  43  )
( 213  126  -10  )
( 156  182  99  )
( -204  -43  -30  )
( -28  1  51  )
( -58  142  200  )
( 65  -123  224  )
( -246  247  132  )
( 157  94  -80  )
( -44  -194  2  )
( 35  -240  -20  )
( -85  171  -213  )
( 141  151  228  )
( -61  -32  -66  )
( 32  -133  -220  )
( -62  184  -244  )
( -103  128  105  )
( -232  -165  83  )
( 117  -78  -98  )
( 221  233  -106  )
( -65  -152  -48  )
( 157  82  248  )
( -16  -58  -236  )
( 142  -244  145  )
( -239  -62  77  )
( -189  37  -77  )
( 60  -86  201  )
( -248  -148  -37  )
( -113  198  -121  )
( 224  -217  153  )
( 145  -246  58  )
( -40  -161  190  )
( 153  196  143  )
( 196  -231  2  )
( 240  -81  11  )
( 96  -203  -159  )
( 239  -1  95  )
( 195  185  112  )
( -193  235  197  )
( 172  3  6  )
( 130  -35  -42  )
( 229  -178  -202  )
( -129  -86  -182  )
( 158  247  161  )
( -237  158  -172  )
( 119  46  -97  )
( 246  109  107  )
( -180  -246  161  )
( -186  77  151  )
( 12  -56  227  )
( -174  -200  -43  )
( -70  -62  -8  )
( 93  -209  1  )
( -48  -170  155  )
( -93  210  -38  )
( 151  237  -177  )
( -186  -232  108  )
( -12  -199  143  )
( -154  70  -62  )
( -169  -175  -218  )
( -89  -82  49  )
( 38  166  -157  )
( 1  18  245  )
( -56  207  165  )
( -212  -126  118  )
( -109  60  -20  )
( 89  53  62  )
( 239  142  -174  )
( 204  182  -205  )
( -138  249  -163  )
( 124  -190  -75  )
( 49  185  -36  )
( -29  -154  -173  )
( -122  -182  50  )
( -67  35  5  )
( 115  -154  17  )
( -85  73  -20  )
( 14  -132  -53  )
( 149  69  240  )
( -124  137  -103  )
( 122  38  47  )
( 51  148  -153  )
( -213  236  -185  )
( -204  -187  -166  )
( 87  180  93  )
( -195  -78  121  )
( 71  186  102  )
( -175  153  -206  )
( -75  119  -125  )
( 167  90  -234  )
( -243  100  5  )
( -55  28  -207  )
( 85  43  -55  )
( -71  -5  1  )
( -148  -158  174  )
( -87  -225  105  )
( 187  -154  156  )
( 74  -131  -109  )
( -171  187  113  )
( 213  77  -61  )
( 220  235  -38  )
( 209  -177  174  )
( 122  216  86  )
( 249  -196  141  )
( -123  109  4  )
( -198  -39  98  )
( 221  147  -41  )
( 154  2  174  )
( 52  -161  19  )
( 208  161  70  )
( 60  62  170  )
( 147  144  104  )
( 194  65  -6  )
( -246  156  -177  )
( -0  152  170  )
( -155  131  84  )
( 103  -151  246  )
( 30  185  175  )
( 228  -42  46  )
( 82  -142  207  )
( -162  -34  -134  )
( 93  -206  -107  )
( -101  -156  -54  )
( 229  197  222  )
( 185  -103  -189  )
( -86  -217  214  )
( -177  194  -149  )
( 95  38  -22  )
( 195  47  -121  )
( 42  101  142  )
( -5  230  102  )
( 113  -167  33  )
( -13  168  -25  )
( 24  -12  -146  )
( 5  160  -218  )
( -59  151  -201  )
( 225  -112  -224  )
( 104  -82  156  )
( -194  -224  102  )
( 70  -183  -180  )
( -217  43  31  )
( -18  -126  -41  )
( -163  -107  236  )
( 5  100  -82  )
( -98  -184  -79  )
( -14  -173  -204  )
( -92  -0  -132  )
( -6  235  190  )
( -126  28  50  )
( -243  -133  -155  )
( 16  61  249  )
( -142  186  52  )
( 234  -10  -232  )
( 88  153  -171  )
( 68  227  -28  )
( 141  -212  168  )
( -1  140  -116  )
( 177  43  211  )
( -80  146  -186  )
( 65  108  -21  )
( 83  -28  -39  )
( -180  77  23  )
( 99  -51  -121  )
( -90  -161  -187  )
( 38  -214  111  )
( -237  -211  -17  )
( 52  -158  -114  )
( -229  -43  -216  )
( 142  -109  -51  )
( 202  78  -140  )
( 244  -109  208  )
( 218  11  -65  )
( 77  203  -200  )
( -163  143  -179  )
( -107  32  122  )
( -178  -174  -160  )
( -224  154  83  )
( -7  -158  -57  )
( 199  142  -153  )
( 162  60  -198  )
( 168  -186  -207  )
( -80  -200  -10  )
( 61  4  -195  )
( -158  -176  215  )
( 13  171  -175  )
( 196  221  -76  )
( 62  -222  192  )
( -8  -61  44  )
( -244  142  188  )
( -132  85  102  )
( 60  -32  152  )
( 28  -193  56  )
( 18  115  -76  )
( -206  166  14  )
( -106  203  166  )
( 179  56  35  )
( 186  -245  -95  )
( -182  -211  -150  )
( -88  -55  232  )
( 83  102  -74  )
( -21  -213  -36  )
( 182  -103  24  )
( 233  220  137  )
( -39  -46  -150  )
( -148  -245  78  )
( -138  -85  61  )
( -195  105  93  )
( -87  -187  99  )
( -148  -211  94  )
( 53  118  190  )
( 72  -8  -67  )
( 167  -169  -62  )
( 133  -151  -170  )
( 244  -203  -6  )
( -162  117  18  )
( -142  162  97  )
( 117  179  0  )
( -86  69  -62  )
( 110  101  191  )
( 19  141  -58  )
( 86  32  196  )
( -79  -14  -177  )
( -136  -247  -23  )
( 87  -170  -244  )
( 219  -233  238  )
( 216  -67  130  )
( 32  -129  98  )
( -2  119  194  )
( -228  -114  2  )
( 21  -115  -184  )
( 235  -11  -195  )
( 119  -23  -9  )
( -177  23  -226  )
( 37  -207  -18  )
( 167  83  212  )
( -109  20  0  )
( 234  210  214  )
( 216  -178  -159  )
( 234  129  237  )
( 33  -164  194  )
( -142  157  120  )
( 60  93  -227  )
( -10  231  78  )
( -36  -126  108  )
( -140  -201  197  )
( -187  40  -126  )
( 121  -235  174  )
( 22  244  122  )
( -123  63  -31  )
( 59  -34  -187  )
( 128  -182  52  )
( -131  31  16  )
( 77  -199  123  )
( 62  57  -47  )
( -227  219  -129  )
( -105  141  -241  )
( -199  198  -124  )
( -115  -127  223  )
( 193  -212  -150  )
( 136  88  -226  )
( -226  -95  100  )
( -114  160  -176  )
( -235  133  202  )
( -233  -108  -37  )
( -133  208  -112  )
( -69  -160  -236  )
( -201  15  248  )
( -30  -136  249  )
( -29  -16  -69  )
( -117  -93  -23  )
( -164  -122  144  )
( -131  -159  -171  )
( -207  -125  88  )
( -45  -144  43  )
( -127  38  49  )
( 54  237  -64  )
( 45  -211  -34  )
( 134  -60  166  )
( -72  97  -62  )
( -38  170  82  )
( 243  -240  -206  )
( 55  -186  14  )
( 237  -201  -202  )
( 31  -246  -232  )
( 59  -168  205  )
( 168  40  148  )
( -13  18  56  )
( -127  -175  150  )
( -125  96  -171  )
( 193  -100  -55  )
( 203  235  125  )
( 47  -32  43  )
( 2  -74  106  )
( -25  168  136  )
( 49  -159  27  )
( -34  173  -200  )
( -233  -235  60  )
( 164  -19  -61  )
( -71  -246  -179  )
( 67  141  -101  )
( 232  31  2  )
( 50  -186  -38  )
( 247  140  178  )
( 204  143  -48  )
