( 153  -177  35  )
( -157  67  -147  )
( -92  -136  -60  )
( -155  -227  -89  )
( -148  22  83  )
( -98  76  -140  )
( -123  -230  -42  )
( 217  135  12  )
( -95  27  65  )
( -75  72  -34  )
( 92  -143  -111  )
( -206  198  180  )
( 102  -15  -217  )
( 232  -129  149  )
( 195  -228  -173  )
( 74  -146  -92  )
( -113  77  -61  )
( 94  -240  65  )
( -153  -55  121  )
( 223  248  121  )
( -101  -200  -79  )
( 55  -248  7  )
( -103  -46  94  )
( -11  70  -182  )
( -181  180  -170  )
( 200  -20  230  )
( 49  248  -91  )
( 93  -27  198  )
( -223  114  -141  )
( 237  202  -201  )
( 157  -188  163  )
( -210  -64  -224  )
( -140  89  137  )
( -231  -150  45  )
( -234  -133  237  )
( -226  237  101  )
( -44  -120  -100  )
( 54  139  201  )
( -36  6  -74  )
( 79  -28  46  )
( -15  22  192  )
( 112  -101  44  )
( -114  242  169  )
( -181  -184  -151  )
( 120  -79  -231  )
( 205  -62  90  )
( 180  22  -125  )
( -80  139  221  )
( 50  126  -151  )
( 37  -156  209  )
( 20  211  69  )
( -68  -107  15  )
( 107  220  217  )
( 107  4  -14  )
( -107  213  -191  )
( 184  -2  -43  )
( 91  111  -18  )
( 144  -60  -28  )
( -104  -27  -118  )
( 200  186  -237  )
( 49  -81  -35  )
( 193  219  41  )
( 245  -142  204  )
( -182  -123  -134  )
( 94  113  -130  )
( 127  -22  28  )
( -246  -36  -194  )
( -74  136  9  )
( -98  149  -120  )
( -127  210  158  )
( -96  -227  27  )
( 222  -218  -183  )
( -111  -64  -179  )
( -25  -234  -39  )
( -39  -22  222  )
( 148  4  -193  )
( 53  -82  -124  )
( 81  -71  -244  )
( -107  120  30  )
( 246  -237  194  )
( 209  -192  210  )
( -221  -160  17  )
( 103  95  -181  )
( 21  234  -196  )
( 167  165  -216  )
( 172  -225  168  )
( -123  -82  -189  )
( 46  222  -64  )
( -168  -137  199  )
( -209  104  198  )
( -53  136  -124  )
( -231  1  -162  )
( -67  -227  -88  )
( 218  3  163  )
( 58  234  -153  )
( 22  -49  248  )
( -42  107  213  )
( 164  -38  213  )
( 188  -117  -243  )
( 151  12  23  )
( 192  -108  26  )
( 10  -207  -0  )
( 170  114  -33  )
( 167  113  220  )
( -8  236  -42  )
( -19  186  174  )
( -2  -188  -137  )
( 191  -41  6  )
( -161  55  159  )
( -16  41  15  )
( -112  117  -228  )
( -51  60  -55  )
( 61  -204  179  )
( -204  125  41  )
( -143  -228  -87  )
( 72  34  -59  )
( 40  73  13  )
( 178  201  3  )
( 248  165  211  )
( 234  108  98  )
( -29  -86  69  )
( -83  -230  108  )
( 11  222  131  )
( -48  -90  93  )
( 126  207  -131  )
( 147  -179  186  )
( 115  30  207  )
( 22  85  147  )
( -238  43  -181  )
( 27  188  -185  )
( -125  -180  -61  )
( -67  222  -99  )
( 186  169  -129  )
( 90  91  -127  )
( -104  -38  46  )
( -140  9  47  )
( 81  115  30  )
( 95  -35  9  )
( 158  191  -98  )
( -98  -123  -29  )
( -58  -229  -151  )
( -20  -79  -188  )
( 161  -245  189  )
( 93  202  -189  )
( 232  -234  -116  )
( 16  233  -153  )
( 176  -100  3  )
( -106  152  -60  )
( 41  193  -180  )
( 173  200  -180  )
( 221  147  -227  )
( -134  81  168  )
( -236  -75  174  )
( 15  -27  65  )
( -128  -64  214  )
( 233  73  94  )
( -33  215  205  )
( 209  9  76  )
( -193  83  -242  )
( 97  -164  28  )
( 76  214  -64  )
( 50  -72  -243  )
( -244  235  -196  )
( -183  116  -206  )
( -179  -14  193  )
( -140  169  39  )
( -51  -71  -246  )
( 115  86  -225  )
( -32  83  -197  )
( -224  240  -16  )
( 127  -114  -17  )
( -110  115  74  )
( 3  -129  236  )
( -128  63  -222  )
( 231  132  -158  )
( 21  25  -211  )
( -242  78  -132  )
( -228  -34  201  )
( 74  -14  -230  )
( 170  -194  -41  )
( -223  191  29  )
( -33  -100  -31  )
( 101  -153  204  )
( -25  -180  20  )
( -227  207  33  )
( -208  -4  -148  )
( -109  -20  243  )
( 52  232  -130  )
( 140  90  80  )
( 11  145  104  )
( 216  115  -57  )
( 30  172  94  )
( -2  37  -47  )
( -157  -181  -0  )
( -85  231  -198  )
( 143  -183  12  )
( 219  133  13  )
( -122  161  206  )
( 243  18  141  )
( 41  184  47  )
( 205  136  -199  )
( -43  -222  -101  )
( -220  -28  -178  )
( 171  -156  32  )
( -25  -134  210  )
( -227  157  45  )
( -179  -63  135  )
( -96  -54  33  )
( 105  -0  22  )
( 70  169  -82  )
( -105  -101  195  )
( 90  -249  -156  )
( -171  -21  -37  )
( 82  -182  -125  )
( 155  127  244  )
( 69  -191  247  )
( 182  -224  -16  )
( -192  -206  181  )
( -211  -65  -82  )
( 220  28  -67  )
( -220  140  0  )
( -131  -117  171  )
( 78  169  39  )
( -201  102  -191  )
( 232  31  19  )
( -44  -124  119  )
( 90  -216  -202  )
( -5  208  -170  )
( -143  131  -102  )
( 224  175  19  )
( -155  192  -211  )
( -58  -31  -237  )
( 26  -105  -111  )
( 161  -195  201  )
( 237  226  -232  )
( 36  109  -53  )
( 4  230  -61  )
( 241  99  -153  )
( -44  -157  -134  )
( 15  44  -115  )
( -225  -135  -48  )
( 67  145  203  )
( 69  209  -237  )
( -76  -14  -111  )
( -214  -161  173  )
( -79  -72  -198  )
( -204  -38  66  )
( 222  -73  -55  )
( 28  -21  215  )
( -86  -196  -28  )
( -34  -38  -189  )
( 74  183  6  )
( 187  -189  148  )
( -26  -54  -138  )
( -136  -230  -79  )
( -223  -120  45  )
( 24  117  198  )
( 14  168  93  )
( -174  6  149  )
( 47  -157  126  )
( 178  63  162  )
( 90  -48  76  )
( -223  5  93  )
( 212  78  177  )
( 218  -193  160  )
( 224  194  -190  )
( 88  198  -248  )
( -200  163  181  )
( 91  162  -144  )
( -41  -25  -60  )
( 165  -128  -175  )
( -171  -34  77  )
( 65  215  25  )
( -121  -212  -164  )
( -234  31  78  )
( -133  183  62  )
( 11  -118  92  )
( 100  240  -44  )
( 52  -208  78  )
( -194  224  121  )
( -146  -230  -12  )
( -183  -28  145  )
( -194  101  142  )
( -139  121  -188  )
( 30  215  116  )
( 8  -146  -70  )
( 223  -199  -238  )
( -14  166  130  )
( 169  -63  -195  )
( 124  20  -118  )
( 227  218  -162  )
( 96  -232  86  )
( -147  -215  48  )
( 172  -193  -6  )
( 36  75  -175  )
( 100  80  24  )
( 29  -2  222  )
( 150  -211  -216  )
( -242  14  -223  )
( 241  246  158  )
( 221  177  -188  )
( -65  -76  28  )
( 239  4  -199  )
( 11  -157  41  )
( 77  -64  -176  )
( -245  147  22  )
( 157  -183  -142  )
( -40  -222  102  )
( 16  -93  -14  )
( 241  -119  -150  )
( -226  -150  142  )
( 45  -155  -114  )
( 111  130  -126  )
( 97  -146  -239  )
( 38  -213  -140  )
( 233  -21  -236  )
( -121  218  -180  )
( -84  -166  -154  )
( 30  155  -118  )
( -94  -200  136  )
( 7  93  50  )
( 207  176  56  )
( -147  100  217  )
( -234  -148  44  )
( -60  -157  236  )
( 214  183  -41  )
( 52  43  -45  )
( 105  -124  32  )
( 196  -246  -232  )
( -81  -18  -40  )
( -241  168  25  )
( -232  -138  -17  )
( -122  92  167  )
( -189  -246  -195  )
( 130  -244  -220  )
( -27  87  206  )
( 201  -24  225  )
( -0  -69  -195  )
( 103  -44  109  )
( 148  231  -41  )
( 57  8  97  )
( -230  102  197  )
( 11  196  -32  )
( 69  129  -2  )
( -150  -227  215  )
( -148  -122  200  )
( -88  -230  96  )
( 12  200  -28  )
( 200  117  -34  )
( 141  7  55  )
( 212  -13  -213  )
( -162  -37  31  )
( 218  92  230  )
( -10  -8  105  )
( -169  -221  -159  )
( -220  219  -117  )
( -248  -107  239  )
( -222  98  -32  )
( 62  -162  190  )
( 234  84  128  )
( -82  191  -153  )
( 43  170  163  )
( -244  131  247  )
( -223  -16  165  )
( -239  246  141  )
( -159  -229  -69  )
( -71  -146  -43  )
( 153  244  -10  )
( -235  209  -179  )
( 128  157  167  )
( -82  -224  216  )
( -221  66  -163  )
( -74  -95  173  )
( 120  -167  -114  )
( -56  111  119  )
( -24  205  235  )
( 118  102  156  )
( 144  4  -41  )
( -80  -16  56  )
( -14  52  245  )
( 3  -87  115  )
( -194  140  13  )
( 56  -66  174  )
( 12  -98  -201  )
( -214  -133  -163  )
( -242  22  96  )
( 210  -79  170  )
( -243  23  -35  )
( -73  25  -45  )
( -119  -60  -52  )
( 107  52  129  )
( -169  174  12  )
( -39  244  -192  )
( -218  86  -119  )
( -197  -95  -193  )
( 27  -105  -187  )
( 35  -107  -227  )
( 121  -128  36  )
( 122  -153  -192  )
( 241  -185  179  )
( 246  136  -3  )
( -186  -13  165  )
( -133  -241  2  )
( 209  12  -151  )
( -153  216  244  )
( 44  -203  169  )
( 8  -194  147  )
( 79  143  70  )
( -104  -208  128  )
( -1  158  74  )
( 216  -126  85  )
( -144  -220  129  )
( 34  211  -17  )
( 217  -146  -10  )
( -11  182  -172  )
( 165  -173  -95  )
( 165  54  218  )
( 206  154  113  )
( -229  -239  -249  )
( 138  -151  124  )
( 166  141  -57  )
( -110  90  -1  )
( 217  -24  -56  )
( 136  111  28  )
( 5  188  -142  )
( -3  -45  238  )
( -1  193  -157  )
( -165  -12  198  )
( 76  164  -73  )
( 147  57  -237  )
( 209  -177  114  )
( -245  -241  -167  )
( 58  -22  192  )
( -173  -140  -157  )
( 187  -185  -85  )
( -37  177  -108  )
( 88  169  -7  )
( -200  -72  161  )
( 243  -72  23  )
( -47  60  -134  )
( 59  -213  -54  )
( 64  -9  150  )
( -204  -17  110  )
( 229  210  118  )
( 95  -53  -138  )
( 8  -182  -226  )
( 218  -59  55  )
( -68  75  129  )
( 93  3  4  )
( 101  109  -140  )
( 214  99  7  )
( 247  -133  -238  )
( 10  83  70  )
( -133  85  -112  )
( 37  187  -28  )
( -159  -207  -48  )
( 146  204  108  )
( -98  154  183  )
( 194  -24  -218  )
( 29  -132  -79  )
( -154  78  137  )
( 40  -165  -81  )
( -36  -241  -229  )
( 193  -9  31  )
( 96  -35  137  )
( 248  -179  198  )
( 95  88  -144  )
( 234  154  -166  )
( 53  -248  -182  )
( -23  -115  -227  )
( 75  -237  246  )
( 228  2  -17  )
( -178  -224  35  )
( 193  141  -27  )
( -80  -159  68  )
( -239  -238  28  )
( -233  189  -228  )
( -47  -81  42  )
( -140  -92  -127  )
( 226  214  -172  )
( 46  223  -198  )
( 125  208  189  )
( -24  233  244  )
( -213  -162  12  )
( 13  -181  118  )
( -203  -133  29  )
( -195  -138  -116  )
( -182  -149  -113  )
( 8  -94  -247  )
( 248  -47  178  )
( 34  -54  218  )
( -38  -94  58  )
( 240  141  -201  )
( -63  -141  101  )
( 210  190  53  )
( 248  113  -161  )
( 206  -51  -184  )
( -17  127  153  )
( -147  152  80  )
( 17  206  -124  )
( 193  133  -217  )
( -204  -193  -22  )
( 179  75  -184  )
( 210  -10  -213  )
( -61  -246  52  )
( 188  -17  172  )
( 32  -121  -142  )
( -29  121  -225  )
( -208  -225  202  )
( -226  115  -156  )
( 39  239  -47  )
( -116  -175  -189  )
( 112  202  -217  )
( 35  -108  224  )
( 72  -194  193  )
( 125  -134  17  )
( -155  156  -196  )
( -223  -193  144  )
( 65  -165  50  )
( 71  -176  179  )
( -160  -123  -177  )
( -111  -0  -148  )
( 76  -130  -73  )
( -47  -203  218  )
( -28  -168  209  )
( -235  174  -23  )
( -100  -49  84  )
( -192  207  218  )
( -57  143  117  )
( -227  -242  -39  )
( 185  -94  216  )
( 110  -144  139  )
( -205  -235  27  )
( -222  -156  86  )
( -0  30  -162  )
( -249  135  35  )
( -128  9  -21  )
( 156  211  -120  )
( -170  144  -175  )
( 40  206  90  )
( 201  110  -168  )
( -2  -199  163  )
( -128  -233  58  )
( 243  100  -10  )
( 18  -175  178  )
( -37  -227  -105  )
( 41  118  -27  )
( 96  226  24  )
( 242  31  -62  )
( -187  12  -166  )
( 161  43  -127  )
( -12  -225  81  )
( -190  204  75  )
( -152  -56  33  )
( 201  -145  -204  )
( -53  -203  7  )
( 57  86  -72  )
( -228  88  110  )
( 146  30  -201  )
( -43  145  -236  )
( 23  -202  190  )
( -149  -98  -37  )
( -226  -31  136  )
( -201  -81  -211  )
( -116  48  1  )
( 81  -4  171  )
( -81  133  45  )
( -112  132  -12  )
( 113  -116  118  )
( 168  109  187  )
( 184  72  237  )
( 4  -156  202  )
( -249  -159  29  )
( 58  -84  -140  )
( 125  7  26  )
( -185  201  -95  )
( 120  -212  19  )
( 113  74  88  )
( -142  117  17  )
( 55  -150  172  )
( 70  -9  143  )
( 47  103  -100  )
( -85  18  67  )
( -38  -13  205  )
( -195  -172  35  )
( -210  243  -32  )
( 66  -104  -23  )
( 221  -186  183  )
( 88  39  -190  )
( -155  -55  226  )
( 244  80  -32  )
( -70  193  -74  )
( -244  -104  -239  )
( -160  -0  38  )
( 128  -24  -241  )
( -196  162  -69  )
( 195  -7  -5  )
( -24  -238  -13  )
( 63  -10  221  )
( 96  8  -193  )
( 205  207  24  )
( -50  -225  -188  )
( 155  -24  -158  )
( 65  -158  -141  )
( 234  83  -161  )
( -123  146  160  )
( 13  -187  -244  )
( 32  2  -19  )
( 35  232  247  )
( -225  -67  41  )
( 154  24  -161  )
( 128  -85  41  )
( 163  -238  79  )
( 81  -108  101  )
( 58  56  -25  )
( -84  -108  -92  )
( 202  47  -29  )
( -130  -219  52  )
( 246  -87  -31  )
( -111  108  -186  )
( 218  246  -1  )
( 93  -222  164  )
( -66  -230  -100  )
( 178  50  199  )
( 224  14  -107  )
( -97  -87  -161  )
( 118  233  209  )
( 79  94  -22  )
( 226  -192  -145  )
( -164  -8  0  )
( 153  -61  187  )
( 238  -110  9  )
( -51  -102  -61  )
( 225  226  -13  )
( 66  -75  206  )
( -239  -67  -179  )
( -129  69  165  )
( -87  201  -166  )
( -216  -229  -43  )
( -177  197  -63  )
( 170  118  211  )
( -180  51  -176  )
( 44  97  -73  )
( 35  172  -77  )
( 62  218  -225  )
( -168  174  9  )
( -96  94  -106  )
( 5  206  55  )
( 138  4  87  )
( -88  -160  -135  )
( 44  -46  5  )
( -178  229  -58  )
( 171  60  -13  )
( 14  -161  230  )
( 81  163  -210  )
( -11  172  -37  )
( -85  221  119  )
( -108  164  188  )
( 229  -137  19  )
( -24  42  -46  )
( 32  189  -36  )
( 138  133  180  )
( 241  133  -209  )
( -155  -218  123  )
( -206  156  -124  )
( -192  196  -206  )
( -220  -206  -37  )
( 220  18  -217  )
( -244  -214  95  )
( 54  -119  200  )
( -26  146  66  )
( 73  -162  -4  )
( 42  -14  -94  )
( -209  -50  -98  )
( -87  -73  -204  )
( 193  44  -56  )
( 57  161  131  )
( 241  -82  -42  )
( 119  19  239  )
( -30  -26  -127  )
( 146  -80  9  )
( -100  74  214  )
( -237  145  -182  )
( -78  53  182  )
( 154  204  -223  )
( -16  -198  30  )
( -118  -122  26  )
( -190  -71  85  )
( 242  168  -176  )
( 183  205  51  )
( -4  -7  84  )
( 107  -91  -66  )
( 191  168  183  )
( -4  -221  -222  )
( 95  -186  -162  )
( 99  48  -155  )
( 142  115  -215  )
( -182  75  -223  )
( 66  155  49  )
( -185  -144  -152  )
( 199  8  104  )
( 167  56  -107  )
( -159  -208  -2  )
( -78  -161  -163  )
( -214  -95  -20  )
( -182  73  124  )
( -152  174  219  )
( -167  -188  101  )
( 85  205  190  )
( -167  -146  -27  )
( 200  37  110  )
( -48  165  -19  )
( -119  -89  -76  )
( 63  -86  103  )
( -101  -243  223  )
( 95  -101  0  )
( -22  224  -83  )
( -51  166  200  )
( -223  115  -99  )
( 231  104  107  )
( -26  -235  81  )
( -132  225  68  )
( 155  172  116  )
( 9  -60  212  )
( 120  143  -21  )
( -72  241  104  )
( -27  -115  -185  )
( 225  61  6  )
( -59  41  102  )
( 203  -91  -54  )
( -100  173  -91  )
( 173  58  -238  )
( -15  -218  244  )
( 120  145  -239  )
( 158  107  -53  )
( -171  233  -242  )
( 23  173  148  )
( 156  -187  185  )
( 150  -203  65  )
( 209  -1  179  )
( -141  204  -25  )
( -31  -50  -36  )
( 245  -20  92  )
( 205  -174  50  )
( 48  172  43  )
( 74  180  -80  )
( 109  -149  23  )
( -99  -215  153  )
( -81  -2  166  )
( -238  3  -59  )
( 211  -173  159  )
( 52  -168  -18  )
( 42  126  143  )
( -46  153  -156  )
( -93  71  -84  )
( 66  50  212  )
( -100  150  124  )
( 31  -163  236  )
( -118  169  -156  )
( 46  -163  91  )
( -125  -241  179  )
( -84  140  104  )
( 82  231  37  )
( 233  -34  -204  )
( 111  -219  -202  )
( 143  228  73  )
( 164  -185  201  )
( -2  -34  216  )
( -166  22  38  )
( 225  221  224  )
( -99  -226  146  )
( -66  96  -45  )
( -156  -13  162  )
( 30  -189  113  )
( -229  91  -176  )
( 158  -136  92  )
( 162  -151  -138  )
( -230  21  -34  )
( 243  14  -212  )
( -53  -200  226  )
( -160  -143  -0  )
( -154  191  79  )
( -118  123  18  )
( 147  146  -242  )
( 232  67  -2  )
( -193  101  -66  )
( 53  -45  -67  )
( 234  64  220  )
( -122  -56  136  )
( 83  112  -52  )
( 175  165  -93  )
( 55  143  -186  )
( 192  -198  -86  )
( 211  -103  -204  )
( 187  -161  39  )
( 72  -28  -68  )
( -22  -34  206  )
( -53  187  -117  )
( -212  203  -146  )
( -201  133  -98  )
( 244  -34  109  )
( 51  -241  218  )
( -114  -246  80  )
( 107  59  -237  )
( -197  239  -153  )
( -159  -232  -184  )
( -44  27  140  )
( 185  -62  160  )
( 126  91  128  )
( -170  226  -113  )
( -235  -68  55  )
( 158  234  49  )
( 157  -3  132  )
( -20  19  -177  )
( 156  188  228  )
( -91  36  170  )
( 72  107  240  )
( 116  -50  -133  )
( -175  215  182  )
( -143  156  -50  )
( 132  -66  155  )
( 76  167  -169  )
( 19  105  109  )
( -60  97  185  )
( -34  61  74  )
( -224  -192  -26  )
( 182  -151  102  )
( -87  223  -35  )
( -130  -56  -119  )
( -54  95  163  )
( -85  -123  120  )
( -156  110  178  )
( 68  -18  -28  )
( -105  69  -103  )
( -188  13  204  )
( -227  -22  -186  )
( -17  -131  -230  )
( -73  239  42  )
( -173  183  162  )
( 14  125  -183  )
( 163  21  167  )
( -88  -78  -192  )
( -91  -40  -30  )
( -112  -195  73  )
( 198  -178  -197  )
( -40  -240  195  )
( 78  -212  -64  )
( -190  -57  91  )
( 170  140  -153  )
( 193  196  -248  )
( 150  -209  241  )
( 175  96  -19  )
( -82  -237  61  )
( -32  -183  185  )
( -123  52  0  )
( -145  197  223  )
( -207  -217  -95  )
( 31  224  173  )
( -180  -222  240  )
( 1  -81  -94  )
( 12  146  202  )
( 155  -93  -220  )
( -109  -16  203  )
( 135  -122  24  )
( 171  -54  102  )
( 53  135  -39  )
( -223  -70  -87  )
( 243  -31  -92  )
( 146  232  -228  )
( -84  241  87  )
( -102  60  -191  )
( -15  62  -206  )
( 149  -229  -211  )
( 121  -55  -99  )
( -91  -139  -26  )
( 176  -115  -2  )
( -8  -100  84  )
( 110  140  221  )
( 15  92  106  )
( 157  92  -62  )
( 6  -67  -16  )
( 245  128  204  )
( 110  104  -135  )
( 204  83  102  )
( -58  -235  -73  )
( 109  47  238  )
( -28  -16  233  )
( 236  -0  -216  )
( -195  -57  -204  )
( -140  -120  33  )
( 119  218  243  )
( 11  -43  -147  )
( 201  -5  -58  )
( -75  234  -25  )
( -54  -138  166  )
( -31  -146  -52  )
( -175  -245  24  )
( 159  57  -177  )
( 129  75  33  )
( 147  -60  -2  )
( 246  136  118  )
( -66  -115  5  )
( -98  -185  138  )
( 235  -243  -176  )
( -172  84  -3  )
( -241  46  -44  )
( -232  210  -182  )
( -30  188  209  )
( -106  149  -109  )
( 4  241  -182  )
( -203  131  121  )
( 206  138  -28  )
( 33  -205  143  )
( -54  237  134  )
( 121  -14  108  )
( 243  -154  165  )
( -6  -230  -192  )
( -23  -110  -187  )
( 180  -33  -245  )
( -139  27  -21  )
( 246  81  124  )
( -21  102  -81  )
( -208  -66  -81  )
( 223  49  -104  )
( -58  91  155  )
( 46  -154  -142  )
( -171  82  -38  )
( -211  148  129  )
( -92  -231  -88  )
( 36  -127  249  )
( -237  -50  -200  )
( -108  -170  24  )
( 6  144  -193  )
( -139  170  -3  )
( -211  79  -202  )
( 59  -239  -215  )
( 143  113  99  )
( -153  -75  169  )
( -80  -39  41  )
( -201  114  140  )
( 220  195  -133  )
( -9  -173  -135  )
( 202  244  -120  )
( 16  235  198  )
( -148  221  66  )
( -45  9  -231  )
( -210  74  80  )
( -159  58  28  )
( -58  -225  91  )
( 17  138  -197  )
( -21  162  -216  )
( 43  99  -140  )
( -228  127  11  )
( -156  -154  -31  )
( 30  -193  45  )
( -168  61  82  )
( 118  -67  -3  )
( 61  234  -58  )
( 125  -136  34  )
( 202  208  27  )
( 23  165  -242  )
( -101  145  -96  )
( 36  2  171  )
( 4  -206  181  )
( -49  -116  106  )
( -108  65  237  )
( -23  -80  -222  )
( -184  -115  215  )
( 75  -145  -222  )
( -120  113  125  )
( -171  150  115  )
( 226  -175  -95  )
( -23  101  -235  )
( -78  -40  -69  )
( 101  -147  -129  )
( 225  122  53  )
( 4  -150  -192  )
( -116  228  -59  )
( 210  48  99  )
( -174  139  -27  )
( 87  -152  -66  )
( 15  -84  209  )
( 25  -19  198  )
( -147  -108  -195  )
( -166  119  -4  )
( -196  -163  -20  )
( 190  172  58  )
( -93  -77  -9  )
( -93  8  -82  )
( -167  -123  113  )
( -202  -33  -46  )
( 121  -202  156  )
( -175  -136  16  )
( -183  -141  -164  )
( 155  -42  -127  )
( 181  -74  164  )
( 170  -63  182  )
( 130  21  -60  )
( 232  -137  93  )
( 242  -205  -42  )
( 128  43  -209  )
( -65  246  148  )
( 42  31  -224  )
( 15  -88  -16  )
( 84  196  -98  )
( -45  -239  -35  )
( -186  183  -209  )
( 26  196  -193  )
( -85  26  -7  )
( -19  142  185  )
( -4  -112  -142  )
( 100  186  -121  )
( -162  -56  10  )
( -232  152  124  )
( 201  -145  -174  )
( -146  -110  11  )
( -57  49  -70  )
( 14  52  200  )
( 106  199  11  )
( 198  -213  -40  )
( -196  -52  217  )
( -48  -133  -11  )
( 240  227  -38  )
( 194  -233  87  )
( 226  -38  141  )
( -110  -247  135  )
( 21  -121  -128  )
( -44  -41  -59  )
( -8  84  89  )
( 57  -130  62  )
( 181  16  217  )
( -222  -237  -162  )
( -68  112  -205  )
( -133  -240  -29  )
( 4  103  89  )
( -196  -26  -180  )
( -106  217  90  )
( 243  -102  -234  )
( -187  25  -128  )
( -66  4  44  )
( 226  175  -148  )
( 143  -144  -85  )
( 145  -230  49  )
( -177  196  -124  )
( -123  54  242  )
( -33  41  -199  )
( 4  205  226  )
( 213  79  -61  )
( 190  -67  -56  )
( 199  -212  -227  )
( -126  175  118  )
( -182  -101  12  )
( -131  -30  -186  )
( 184  172  -92  )
( 5  183  -109  )
( -102  167  66  )
( -46  35  -218  )
( -246  -153  122  )
( -106  -172  125  )
( 82  -64  -150  )
( -29  39  -10  )
( -129  -78  193  )
( 168  236  -167  )
( -246  132  -38  )
( -179  -166  180  )
( -0  -73  82  )
( -15  41  -145  )
