( -171  229  221  )
( -124  196  -70  )
( -142  -134  -196  )
( 224  -117  -104  )
( -242  55  -24  )
( -14  -226  101  )
( 128  215  -45  )
( 235  -208  227  )
( -235  164  -43  )
( -102  134  -90  )
( -62  -217  -233  )
( -89  224  159  )
( -208  -59  248  )
( 37  195  246  )
( -132  -208  -130  )
( 74  99  -160  )
( -186  38  227  )
( -219  111  115  )
( -228  54  -142  )
( 227  206  -154  )
( 110  -83  -170  )
( -127  114  39  )
( 77  -237  -110  )
( 172  119  -37  )
( 6  -110  82  )
( -147  -203  249  )
( -11  -77  67  )
( -149  -134  -15  )
( 66  46  155  )
( -103  -13  219  )
( -45  -118  -242  )
( -91  -126  22  )
( 120  -230  90  )
( 12  8  -82  )
( -161  211  -71  )
( 115  153  49  )
( 126  230  7  )
( 235  41  119  )
( -191  139  226  )
( -78  246  -13  )
( -53  168  -28  )
( 27  1  -60  )
( 200  171  240  )
( -222  -46  -110  )
( 1  97  64  )
( 224  53  -66  )
( -61  -141  49  )
( 121  160  184  )
( 248  97  243  )
( 203  -174  -136  )
( 248  65  163  )
( 83  -74  -247  )
( 144  -124  -19  )
( -150  172  -192  )
( -229  -188  -83  )
( 191  39  81  )
( 248  92  136  )
( 125  216  -110  )
( -193  -68  219  )
( -1  147  41  )
( 79  205  190  )
( -151  244  -117  )
( -158  -180  157  )
( 76  63  218  )
( 145  -198  105  )
( 126  -15  80  )
( 48  -181  -165  )
( 197  65  -178  )
( -73  91  109  )
( 29  -136  -11  )
( -97  187  -35  )
( -220  -205  -5  )
( 79  -47  -32  )
( -177  -238  15  )
( -122  -219  87  )
( -49  39  -136  )
( -214  65  102  )
( 223  -212  -207  )
( 249  -155  -16  )
( 154  -160  195  )
( -169  79  129  )
( -180  232  -110  )
( 244  -115  -81  )
( -96  -59  -170  )
( -66  59  -245  )
( 83  136  189  )
( -93  -102  -39  )
( -89  -239  244  )
( -50  -224  -12  )
( -30  115  46  )
( -228  -58  -132  )
( 69  -100  -201  )
( 231  -88  217  )
( 79  137  -126  )
( 144  236  132  )
( 68  -207  248  )
( 233  -215  -188  )
( 192  -109  226  )
( -131  37  -141  )
( -26  -243  -171  )
( 121  -104  220  )
( 56  -59  72  )
( 91  237  70  )
( 95  124  -67  )
( -168  37  -239  )
( 29  -186  -229  )
( 45  237  232  )
( -142  9  -165  )
( 58  224  233  )
( 201  -150  -173  )
( -162  -120  29  )
( 83  -79  -242  )
( -248  -88  -59  )
( -136  -62  -169  )
( 17  214  -21  )
( 162  -77  236  )
( -14  124  235  )
( -201  141  82  )
( -177  -154  172  )
( -54  94  -193  )
( -25  -212  198  )
( 77  137  69  )
( -224  147  -28  )
( -214  55  -20  )
( 151  159  147  )
( 126  96  -81  )
( 30  90  -163  )
( -92  -112  -240  )
( -60  -240  98  )
( -158  -0  222  )
( -47  144  -183  )
( -111  74  242  )
( 248  97  -227  )
( -4  83  19  )
( 193  46  -144  )
( 227  -202  -146  )
( -133  145  220  )
( -174  -125  -154  )
( -78  117  -100  )
( -21  -151  95  )
( -218  130  29  )
( -40  227  -91  )
( 229  -112  167  )
( -126  -150  -80  )
( -107  248  195  )
( 134  55  -185  )
( -240  247  235  )
( 33  233  210  )
( 73  -245  181  )
( 111  85  -63  )
( -4  90  7  )
( -43  219  72  )
( 61  32  -105  )
( 3  -25  -8  )
( 202  -144  -123  )
( -224  156  78  )
( -120  -182  244  )
( -72  -203  183  )
( 49  -145  -73  )
( 176  -85  80  )
( -228  -222  6  )
( 98  -156  -61  )
( -203  -217  64  )
( 147  64  126  )
( -71  -151  191  )
( 55  40  239  )
( -49  -105  -109  )
( 32  -239  -133  )
( -221  -170  207  )
( 117  -241  -96  )
( -184  -190  181  )
( -247  -116  -206  )
( 105  -79  8  )
( 116  167  -216  )
( 165  229  -67  )
( 167  141  30  )
( -187  -129  -65  )
( -194  -202  60  )
( -239  180  99  )
( 66  27  145  )
( -35  10  240  )
( -244  -10  41  )
( 134  183  212  )
( 200  -199  49  )
( 11  17  130  )
( -157  -110  41  )
( -232  -82  130  )
( 11  -145  164  )
( 37  -153  -31  )
( 175  49  -58  )
( 19  69  130  )
( 160  -190  243  )
( -34  -135  -32  )
( 231  -74  -113  )
( 238  172  -242  )
( 222  106  -247  )
( 98  15  -49  )
( -216  224  74  )
( 192  234  209  )
( -65  69  161  )
( 8  86  141  )
( 64  -27  -173  )
( 192  106  -169  )
( -144  -187  86  )
( 249  186  66  )
( 152  230  160  )
( -182  35  -174  )
( -100  -56  139  )
( -34  -87  189  )
( -82  -56  146  )
( 36  178  245  )
( -170  49  111  )
( 113  -137  -149  )
( -245  162  229  )
( -12  6  223  )
( -242  239  -28  )
( -177  163  -118  )
( 67  151  -126  )
( -155  195  -199  )
( 123  -69  35  )
( -92  -133  -56  )
( 8  -103  -119  )
( -122  -138  92  )
( 156  145  176  )
( 188  -247  165  )
( 78  187  26  )
( 80  117  99  )
( -184  -170  -232  )
( 0  88  178  )
( 153  -108  -43  )
( -97  85  -42  )
( 58  129  -10  )
( 24  244  128  )
( 108  -114  -139  )
( 155  51  49  )
( -9  -188  88  )
( -49  80  135  )
( -233  -150  -15  )
( 164  160  -183  )
( 171  83  29  )
( -87  -49  -230  )
( -162  226  164  )
( -1  243  -213  )
( -141  188  -246  )
( -191  171  101  )
( 6  114  -171  )
( 166  206  215  )
( 125  -90  201  )
( -108  140  -231  )
( -229  -193  79  )
( 148  43  196  )
( 68  90  96  )
( -83  11  -233  )
( 239  -23  -183  )
( 17  -194  -224  )
( -107  137  206  )
( -209  -181  179  )
( -31  46  -206  )
( -101  95  46  )
( 218  -101  91  )
( -236  -147  -111  )
( 11  -69  -171  )
( -210  -164  -114  )
( 207  120  -77  )
( -74  -126  -218  )
( 56  -132  -224  )
( 226  -9  165  )
( 121  -26  -177  )
( 135  -86  6  )
( -175  -159  -2  )
( 129  32  -58  )
( -87  -219  -90  )
( -171  -130  245  )
( -60  69  133  )
( -19  -150  -57  )
( 2  1  37  )
( -32  146  -109  )
( -94  219  225  )
( 113  -13  -181  )
( -69  -50  -99  )
( 58  112  -155  )
( 246  -192  154  )
( -83  -120  6  )
( -29  153  -150  )
( -213  -219  -13  )
( 21  -25  0  )
( -117  41  -162  )
( -249  180  184  )
( 236  -58  -76  )
( 74  1  79  )
( 31  -226  -155  )
( -175  -132  -192  )
( 18  155  179  )
( 126  135  160  )
( 42  53  -163  )
( 173  180  -167  )
( 243  -58  139  )
( -238  63  41  )
( -48  -137  98  )
( 202  21  248  )
( 66  -217  136  )
( -85  -53  233  )
( 146  -144  -82  )
( -112  67  -126  )
( 236  -53  151  )
( 112  243  78  )
( 93  -74  129  )
( -109  -76  -245  )
( 88  149  86  )
( -242  -129  234  )
( -130  -127  -28  )
( 208  120  -225  )
( 159  -74  15  )
( 126  11  98  )
( -94  225  -159  )
( 79  170  -65  )
( 14  -39  49  )
( 237  7  -170  )
( -184  -187  -94  )
( -136  126  -66  )
( 81  -148  -63  )
( 52  246  107  )
( -234  111  -125  )
( 163  121  -177  )
( 127  234  15  )
( 24  231  -147  )
( 5  175  118  )
( -239  -187  111  )
( 219  57  97  )
( -49  225  -38  )
( -125  -163  -213  )
( 172  -143  141  )
( 173  -192  -37  )
( -48  -143  2  )
( 243  130  -202  )
( -14  17  157  )
( 230  99  85  )
( 30  -63  -146  )
( 62  19  59  )
( -36  68  -2  )
( -33  153  -26  )
( -3  -141  8  )
( 211  74  194  )
( 48  70  -132  )
( 138  -69  44  )
( -129  -89  188  )
( -215  220  108  )
( -110  -195  -20  )
( -57  146  -182  )
( 162  -222  73  )
( 140  27  -76  )
( -83  170  176  )
( -90  200  -178  )
( 117  -212  -217  )
( -164  -38  -111  )
( 211  -100  -172  )
( -41  71  87  )
( 20  237  -75  )
( 63  39  -105  )
( -214  32  -237  )
( -158  -232  142  )
( -18  -201  0  )
( -202  50  -216  )
( -204  -212  -110  )
( -179  -182  101  )
( -222  -69  -62  )
( 47  83  -77  )
( 55  -197  -187  )
( 12  -128  108  )
( 172  -69  109  )
( -136  160  138  )
( 174  -18  -61  )
( 108  44  190  )
( 216  160  -16  )
( 72  -170  125  )
( 3  -106  172  )
( -36  -192  245  )
( -32  -197  -165  )
( 189  239  248  )
( 192  -146  116  )
( -57  -113  -147  )
( 167  -150  -18  )
( -55  -228  -237  )
( 149  -220  232  )
( -65  -52  -54  )
( 120  -29  -193  )
( 0  -109  -189  )
( 193  97  241  )
( 206  105  33  )
( -218  172  -236  )
( -9  -144  -67  )
( 223  43  -24  )
( 136  -35  -81  )
( 59  227  -122  )
( -25  110  -241  )
( -128  -48  -14  )
( -174  199  -206  )
( 154  -63  -90  )
( -172  161  -133  )
( -201  -20  -218  )
( -233  143  -59  )
( 27  -2  -149  )
( 81  6  -110  )
( -198  234  -126  )
( -219  136  207  )
( -176  80  -1  )
( 185  -3  -179  )
( 141  -83  -237  )
( 145  -224  96  )
( -190  -162  118  )
( 210  181  113  )
( -201  92  -241  )
( 145  -121  -49  )
( -134  -65  225  )
( 16  -102  192  )
( -247  -98  131  )
( 0  -5  15  )
( -168  221  12  )
( 97  -45  232  )
( -86  -63  167  )
( -27  -108  -154  )
( -73  -13  -169  )
( 170  146  -4  )
( 223  -35  -7  )
( 41  30  -238  )
( 87  125  -37  )
( 20  59  143  )
( 83  -162  -217  )
( 198  -200  -207  )
( 92  193  -115  )
( -146  -125  136  )
( 116  203  130  )
( -238  -124  -14  )
( -77  10  159  )
( 84  -204  169  )
( 7  -179  205  )
( 38  -103  -138  )
( 117  -207  -123  )
( -231  103  -221  )
( -97  -65  117  )
( -131  28  190  )
( -172  -182  150  )
( -236  -49  178  )
( -84  59  -15  )
( 246  -81  118  )
( 54  107  200  )
( -84  89  -73  )
( 87  -86  -174  )
( 249  -223  -142  )
( 38  191  107  )
( 195  70  155  )
( 39  -143  164  )
( 97  -91  167  )
( 96  -0  -158  )
( -117  -166  -159  )
( -246  183  9  )
( 210  -14  -1  )
( 199  -14  245  )
( 87  -64  -163  )
( 221  -69  66  )
( 87  -26  -75  )
( 123  248  -197  )
( -50  -10  -1  )
( 25  40  -54  )
( -90  -134  -196  )
( -187  173  69  )
( -145  -12  23  )
( -136  102  24  )
( 201  -132  -20  )
( 183  40  221  )
( -17  75  133  )
( 111  -213  -244  )
( -177  55  -196  )
( 131  235  -21  )
( 16  -161  -15  )
( 145  -245  -59  )
( 40  -70  99  )
( 26  -246  -139  )
( -171  178  103  )
( -190  133  -229  )
( -246  126  187  )
( -70  57  -248  )
( -161  -50  -222  )
( -168  102  -93  )
( -168  220  51  )
( -35  -20  1  )
( 236  -244  148  )
( -51  -110  -44  )
( 5  224  -153  )
( -54  129  -184  )
( 222  194  -45  )
( 13  -39  205  )
( -87  -151  -121  )
( -128  -103  -97  )
( -187  154  198  )
( 152  -72  166  )
( -228  -148  -220  )
( -56  -0  43  )
( 51  -224  61  )
( 85  18  79  )
( -113  -89  183  )
( -36  53  -169  )
( 119  82  199  )
( 221  114  -76  )
( 44  -125  -30  )
( -145  -110  -14  )
( -28  46  198  )
( 183  70  110  )
( 13  -107  155  )
( -32  -207  -242  )
( -142  175  -73  )
( -115  2  -42  )
( 61  -238  -164  )
( 245  -8  82  )
( 92  -197  41  )
( 33  -8  16  )
( -171  95  1  )
( -174  12  110  )
( -199  -179  152  )
( 146  54  18  )
( -138  23  -107  )
( 101  -68  -133  )
( 77  -56  -246  )
( 102  52  -225  )
( 49  197  -168  )
( 134  -60  35  )
( 70  69  -180  )
( 30  -155  -22  )
( 67  -41  220  )
( -37  233  208  )
( 232  -117  211  )
( -120  118  113  )
( -233  -155  -18  )
( 45  133  -114  )
( 235  -75  -36  )
( -167  4  201  )
( -60  -215  98  )
( 204  33  82  )
( -234  -66  -41  )
( -67  -63  -237  )
( 94  -173  -161  )
( -10  36  206  )
( 182  71  -207  )
( -144  -32  -97  )
( 21  -69  85  )
( -178  -161  75  )
( -123  -202  -125  )
( 95  -101  -170  )
( -201  -137  -228  )
( 210  229  35  )
( -21  -207  -94  )
( 33  21  103  )
( 173  -82  16  )
( -55  205  111  )
( 241  -171  -214  )
( -241  -182  -137  )
( -179  -129  190  )
( -137  -199  -171  )
( -11  -10  207  )
( 103  -79  -53  )
( -211  -108  48  )
( 37  -133  -148  )
( 117  -91  -217  )
( -146  240  224  )
( 27  59  7  )
( 231  -101  -22  )
( 108  242  146  )
( 105  -213  204  )
( 83  200  -158  )
( -194  198  -239  )
( 1  -184  226  )
( -15  -162  -62  )
( 10  -218  -18  )
( -180  -3  -153  )
( 85  164  -167  )
( 65  151  111  )
( -228  -9  88  )
( -54  175  195  )
( -79  -216  53  )
( -178  -115  -32  )
( 145  -98  43  )
( -233  85  -116  )
( -38  -207  36  )
( 54  177  -176  )
( -153  198  -28  )
( -216  111  -180  )
( 116  97  238  )
( -122  -44  69  )
( -139  179  -249  )
( -46  0  -7  )
( -15  115  87  )
( -84  216  169  )
( -83  -238  -185  )
( -76  231  111  )
( 118  87  -78  )
( -193  -61  44  )
( 170  54  159  )
( 237  112  13  )
( -42  -125  40  )
( 198  -37  14  )
( -68  -130  -196  )
( 51  -107  -82  )
( 227  -86  222  )
( -113  -55  90  )
( 199  -70  -20  )
( 5  -203  -229  )
( -21  -58  182  )
( -165  -74  -194  )
( 64  -117  -161  )
( 24  1  222  )
( -221  -241  -144  )
( 129  -86  101  )
( 179  -6  113  )
( 108  -126  -109  )
( -35  239  -177  )
( -202  -65  -232  )
( 102  -137  -131  )
( 161  150  59  )
( 228  152  -155  )
( 63  -110  23  )
( 22  239  -221  )
( -58  98  -27  )
( 221  -139  -100  )
( 161  -134  112  )
( -19  232  119  )
( -169  -245  -154  )
( 158  101  4  )
( -81  -121  5  )
( 179  45  -89  )
( -199  209  -134  )
( 165  120  -187  )
( 214  98  92  )
( 225  156  -211  )
( -96  127  -33  )
( -133  -37  140  )
( -155  159  -150  )
( 153  -244  -28  )
( -105  187  199  )
( -188  -4  193  )
( -104  145  40  )
( -177  -235  -99  )
( 225  216  -108  )
( -40  153  68  )
( 78  186  111  )
( -197  -49  -144  )
( -39  -76  90  )
( 154  107  162  )
( -131  87  130  )
( 136  -176  -246  )
( -128  -7  1  )
( 79  70  73  )
( -25  -212  -150  )
( 10  -67  131  )
( 87  -229  239  )
( -1  -135  -112  )
( 60  40  -4  )
( -218  70  247  )
( -21  40  -219  )
( -143  86  -51  )
( 74  -194  53  )
( -99  152  233  )
( 216  -49  249  )
( 8  -125  5  )
( -191  242  227  )
( -155  177  62  )
( -131  8  133  )
( -145  -161  68  )
( 52  48  -228  )
( -71  -140  187  )
( 61  -26  192  )
( 81  -124  233  )
( 111  -201  -53  )
( 86  -128  41  )
( -207  -87  -34  )
( -119  -218  -127  )
( -106  198  -96  )
( 190  -9  228  )
( -50  -1  -220  )
( -96  -107  10  )
( -45  246  53  )
( -135  -43  -231  )
( -158  9  -35  )
( 117  -242  47  )
( 60  6  -32  )
( 107  82  -215  )
( 92  -98  -35  )
( -220  -46  73  )
( -41  -61  -205  )
( 213  211  145  )
( -113  208  33  )
( -98  -248  14  )
( -243  -22  -187  )
( -98  122  58  )
( 2  -147  88  )
( 200  148  2  )
( -163  -231  34  )
( 119  116  95  )
( -29  101  -34  )
( -248  229  8  )
( -47  181  109  )
( 216  -244  -14  )
( 191  100  -120  )
( 55  -209  -24  )
( -113  87  122  )
( 39  -93  -108  )
( -153  -81  -73  )
( -117  96  232  )
( 107  -225  -34  )
( -216  241  196  )
( -124  219  -95  )
( -165  -106  57  )
( -172  -208  -93  )
( 112  -3  -75  )
( -116  143  -63  )
( 7  29  77  )
( 105  156  192  )
( -114  -30  139  )
( 103  7  -148  )
( 111  -15  134  )
( -135  -63  -2  )
( 166  -146  129  )
( 211  -131  -80  )
( -114  -199  -152  )
( 91  -113  186  )
( -158  159  17  )
( 35  -123  -64  )
( 63  -222  208  )
( 225  243  67  )
( 47  -96  -231  )
( -105  3  -24  )
( 212  11  -192  )
( -208  74  63  )
( 8  -219  -138  )
( 239  -240  64  )
( 87  118  178  )
( 54  51  126  )
( -239  -151  101  )
( 34  -203  -159  )
( 40  74  -198  )
( 79  142  -169  )
( 140  184  141  )
( -84  -128  55  )
( 208  -1  -219  )
( 54  -87  -42  )
( 235  -197  -185  )
( 117  243  112  )
( -225  164  -193  )
( 118  -99  31  )
( 246  103  -117  )
( -194  -0  -168  )
( 82  206  -28  )
( 58  142  -178  )
( -74  59  -96  )
( -160  -152  -24  )
( 33  76  -42  )
( -104  -236  -158  )
( -67  -146  185  )
( 27  111  -121  )
( -160  -223  -0  )
( -209  -118  45  )
( -189  -228  -223  )
( 134  135  50  )
( 197  -162  118  )
( 232  -249  -142  )
( -146  11  -195  )
( -71  -165  -172  )
( 218  82  10  )
( 148  107  -96  )
( 90  -131  128  )
( 37  212  -218  )
( -121  -95  19  )
( -18  -196  -54  )
( -23  196  202  )
( 240  168  -149  )
( -162  58  117  )
( 48  -201  -182  )
( -56  -31  78  )
( -233  -111  186  )
( 34  232  -174  )
( 126  143  160  )
( 94  -44  -173  )
( -153  -64  104  )
( 89  -212  88  )
( -151  11  104  )
( 169  145  -216  )
( 134  205  -27  )
( -153  -43  107  )
( 57  -193  -80  )
( -155  -103  223  )
( -149  -28  -31  )
( 147  246  -141  )
( -30  240  98  )
( -96  86  -163  )
( 147  -172  -88  )
( -200  158  94  )
( 95  127  104  )
( -155  1  -103  )
( 89  -202  148  )
( 152  143  -242  )
( 27  112  78  )
( 1  28  -199  )
( 52  144  241  )
( -37  51  -182  )
( 166  -129  2  )
( 155  95  -236  )
( 44  -34  77  )
( -200  83  -122  )
( 64  9  226  )
( -168  -244  -74  )
( -137  109  -161  )
( 198  62  211  )
( 34  -6  -81  )
( -124  -28  31  )
( 25  210  -145  )
( -102  -107  137  )
( 159  -235  -10  )
( -74  -247  38  )
( -139  -246  224  )
( -158  -236  -2  )
( -154  -182  2  )
( 97  98  -92  )
( 29  171  43  )
( 234  -161  168  )
( 2  -159  -164  )
( -123  -95  -68  )
( 9  146  80  )
( 226  -34  41  )
( -199  223  -22  )
( -32  126  8  )
( -140  -231  -248  )
( 59  196  8  )
( 69  224  -248  )
( 20  53  -147  )
( 3  14  -180  )
( 159  -193  -109  )
( 67  244  -5  )
( -154  15  135  )
( 115  -99  226  )
( 41  114  -34  )
( -103  54  232  )
( 184  -86  112  )
( 2  -113  -17  )
( 2  -60  -8  )
( -66  148  113  )
( 30  -115  112  )
( -223  150  184  )
( -105  89  75  )
( -135  129  -115  )
( 92  -210  139  )
( -129  -176  247  )
( 45  -87  225  )
( -82  93  113  )
( -23  244  191  )
( -234  -237  120  )
( 100  -83  148  )
( 164  232  -186  )
( -10  146  245  )
( 78  100  35  )
( -69  96  203  )
( 199  -64  -34  )
( 84  -43  190  )
( 53  135  -132  )
( -0  -119  -75  )
( 144  -131  44  )
( 187  -100  -20  )
( -76  122  -48  )
( -100  -17  129  )
( 54  -73  105  )
( -169  -175  59  )
( -185  247  -168  )
( 206  21  -64  )
( 79  76  241  )
( 200  216  74  )
( 24  -158  63  )
( 151  -140  -115  )
( 76  42  142  )
( -245  -178  189  )
( 191  -91  -89  )
( -151  -20  91  )
( -99  248  -17  )
( 43  191  71  )
( -87  -37  198  )
( 216  102  -54  )
( 91  -4  18  )
( -79  75  -193  )
( -55  -102  226  )
( 206  220  -212  )
( 96  -205  -226  )
( 122  -58  65  )
( -30  -56  -239  )
( 26  -25  -249  )
( -1  -189  35  )
( -150  64  169  )
( 229  -234  194  )
( -166  -71  69  )
( 42  218  -53  )
( -82  210  184  )
( -238  60  10  )
( -34  100  144  )
( -154  -136  -58  )
( 109  -196  -24  )
( 97  -169  -214  )
( 81  -154  76  )
( -48  114  206  )
( 0  125  -119  )
( 246  -40  105  )
( -236  207  -162  )
( -113  158  -221  )
( 46  -246  -152  )
( -224  -151  195  )
( 205  -0  196  )
( -231  211  78  )
( -158  -33  197  )
( 92  60  -145  )
( 40  -168  -188  )
( 50  9  -223  )
( -19  126  -203  )
( -127  36  -63  )
( 33  9  121  )
( 239  153  -158  )
( -217  -93  201  )
( -174  146  177  )
( -92  101  89  )
( 75  32  137  )
( 39  51  190  )
( -28  67  177  )
( 54  35  72  )
( 148  135  -56  )
( 239  -114  136  )
( -34  161  -171  )
( 233  -204  -137  )
( -57  -135  -156  )
( -127  68  142  )
( -3  -88  -98  )
( 88  -94  50  )
( -164  -205  -59  )
( -153  -100  -97  )
( -205  -184  -150  )
( -81  193  -245  )
( -3  -186  141  )
( -211  162  218  )
( 52  79  18  )
( -158  18  30  )
( -102  71  244  )
( 162  243  -16  )
( 144  -110  239  )
( 239  -217  18  )
( -171  76  -212  )
( 232  65  47  )
( 222  -98  77  )
( -9  -200  22  )
( 224  -155  -160  )
( 82  57  -158  )
( 228  196  91  )
( -213  -244  128  )
( -119  -122  -69  )
( 239  -151  -157  )
( 59  161  -14  )
( 73  -195  53  )
( 240  108  -10  )
( -240  48  -213  )
( 157  208  -53  )
( 199  -238  -83  )
( 166  -46  120  )
( 174  -22  49  )
( 208  133  231  )
( -184  43  155  )
( 52  95  97  )
( -239  -220  -129  )
( -3  -135  -188  )
( 93  215  -230  )
( 9  -127  -191  )
( 186  -36  196  )
( -218  -194  -104  )
( -45  46  -89  )
( -36  17  -233  )
( 58  -8  -157  )
( 0  24  -90  )
( 100  -200  16  )
( -146  102  128  )
( -68  191  -21  )
( -106  151  59  )
( -133  228  176  )
( 200  133  -231  )
( -150  176  97  )
( -6  -66  12  )
( 217  -117  207  )
( -115  92  161  )
( -247  -135  -73  )
( 4  -38  -184  )
( 74  -62  -45  )
( -86  33  232  )
( 142  -126  189  )
( -134  7  71  )
( 74  -128  14  )
( -11  -149  209  )
( 82  183  193  )
( 48  183  -111  )
( 229  -61  187  )
( -18  57  211  )
( 158  176  -104  )
( 219  78  -184  )
( 1  60  -191  )
( 60  240  216  )
( 216  79  -9  )
( -88  125  74  )
( 240  -214  68  )
( 203  193  8  )
( 120  131  213  )
( -98  -81  83  )
( -234  42  -27  )
( 134  -216  -137  )
( 37  -176  97  )
( -70  -130  99  )
( -132  141  40  )
( 4  70  169  )
( -200  -11  -37  )
( -59  -160  233  )
( 117  -194  -125  )
( 4  -100  103  )
( -163  -151  139  )
( -106  -247  139  )
( 175  -136  199  )
( 49  -120  162  )
( 32  210  -122  )
( 130  158  9  )
( 196  182  176  )
( -211  -30  74  )
( -174  -156  -112  )
( -186  13  -182  )
( -98  154  -51  )
( -20  -139  195  )
( -210  128  203  )
( -35  -196  -156  )
( 91  -63  -148  )
( 50  -196  45  )
( -150  -20  161  )
( -70  127  14  )
( 178  -172  -174  )
( 17  -16  -240  )
( 120  -54  -85  )
( -22  19  75  )
( 226  111  -151  )
( -35  63  -60  )
( -151  -88  -196  )
( -33  40  -3  )
( -188  186  108  )
( -144  203  246  )
( 92  145  128  )
( 64  80  153  )
( 103  113  -249  )
( -57  -138  84  )
( 36  -147  246  )
( 183  88  223  )
( -228  -33  178  )
( 189  76  -155  )
( -146  -137  -147  )
( 134  129  123  )
( -232  85  -65  )
( -194  -11  86  )
( -221  -198  -36  )
( -226  -165  -211  )
( 138  -1  -178  )
( 108  -192  196  )
( -174  67  -81  )
( -225  -186  -148  )
( 129  -92  -80  )
