( -29  -3  67  )
( -51  20  56  )
( -61  69  78  )
( 32  90  35  )
( 43  -48  76  )
( 6  -97  67  )
( 43  -37  -96  )
( -68  82  -98  )
( -90  -84  -98  )
( -70  -32  1  )
( -7  25  -97  )
( -57  -99  -93  )
( -22  78  -70  )
( -30  77  -60  )
( -32  63  -89  )
( 6  54  -19  )
( -16  74  38  )
( -83  -11  96  )
( 98  94  -81  )
( -65  97  44  )
( -70  80  -1  )
( -44  6  -99  )
( -42  -29  -14  )
( -65  -47  30  )
( 11  38  21  )
( 17  -40  14  )
( 69  -57  15  )
( 84  49  -45  )
( 84  10  -77  )
( 34  56  4  )
( -46  -90  -14  )
( 75  -87  30  )
( -56  84  -77  )
( -58  17  76  )
( -24  -63  76  )
( 15  25  -12  )
( -46  95  66  )
( -7  -89  9  )
( 17  -22  5  )
( 4  36  54  )
( -54  -65  99  )
( -43  4  57  )
( -50  8  -27  )
( 92  -50  48  )
( -65  -81  76  )
( 28  19  11  )
( 13  63  -12  )
( 81  -37  5  )
( 47  -48  -92  )
( -63  -74  47  )
( 97  -87  73  )
( 11  -4  37  )
( -80  25  17  )
( 12  -80  29  )
( 73  -51  6  )
( -35  42  85  )
( -43  -73  9  )
( 85  19  43  )
( 96  21  -29  )
( 21  -85  -23  )
( 20  72  27  )
( 18  24  -49  )
( -7  -60  -90  )
( -88  26  39  )
( -85  -43  33  )
( -97  93  -0  )
( -73  -38  -28  )
( 40  63  -64  )
( -65  27  7  )
( 32  -91  -75  )
( 81  -9  -96  )
( -56  67  -97  )
( 25  74  56  )
( 12  -66  -73  )
( 50  28  41  )
( 40  -39  -46  )
( -0  -26  74  )
( -20  93  50  )
( 11  -81  99  )
( -42  35  48  )
( 97  -81  -60  )
( 26  -83  -22  )
( 34  86  -53  )
( -85  -81  94  )
( -96  -58  -13  )
( 89  8  -27  )
( -55  24  -89  )
( -82  -69  -58  )
( -28  83  -13  )
( 97  -52  -33  )
( -80  -71  0  )
( -91  9  72  )
( -6  44  -86  )
( 44  23  -12  )
( -34  -80  -6  )
( 48  70  -65  )
( 66  -30  -12  )
( -98  61  -82  )
( 56  2  -22  )
( 69  78  74  )
( -67  23  -86  )
( -94  -2  -75  )
( -16  95  92  )
( 53  38  42  )
( 20  -98  43  )
( 94  -79  -16  )
( -39  -40  -2  )
( -50  -77  -95  )
( 84  -95  -15  )
( -5  -30  84  )
( -36  92  51  )
( -57  87  9  )
( 76  -90  -8  )
( -50  -45  -95  )
( -94  -97  14  )
( 69  78  -88  )
( -54  -11  36  )
( -36  -26  -41  )
( 82  7  93  )
( 43  2  91  )
( -16  -11  85  )
( -66  29  -0  )
( 25  -7  50  )
( -83  -90  39  )
( 37  -71  61  )
( -79  46  -55  )
( 25  28  11  )
( 4  99  -65  )
( -63  -81  -74  )
( 26  -35  -13  )
( -45  61  10  )
( -52  -80  37  )
( -3  85  -53  )
( -99  98  -29  )
( 99  -50  -57  )
( 57  -0  -35  )
( 74  -78  62  )
( 87  24  88  )
( -30  48  21  )
( 14  -87  59  )
( -30  -18  -85  )
( 16  -68  -79  )
( 10  47  87  )
( -74  -13  7  )
( 1  -66  -71  )
( 73  -58  -71  )
( 16  76  6  )
( -8  -20  -86  )
( 92  19  -46  )
( 79  -50  23  )
( 20  -35  -39  )
( -84  71  -9  )
( -44  99  -55  )
( 28  39  -96  )
( -87  -22  -51  )
( -64  -80  -76  )
( -63  96  37  )
( 72  -77  -86  )
( -59  3  -54  )
( 35  57  -98  )
( -15  26  71  )
( 50  43  98  )
( 76  -61  -52  )
( 57  59  49  )
( 18  -73  69  )
( 1  99  73  )
( -39  -43  59  )
( 81  57  -68  )
( 66  -21  -62  )
( 64  -98  -73  )
( -19  -69  -30  )
( 94  -82  88  )
( -99  -11  -8  )
( 99  66  47  )
( 99  -82  47  )
( 29  72  -90  )
( -35  -13  89  )
( 9  -89  27  )
( 14  -81  13  )
( -69  33  44  )
( 45  3  84  )
( 91  -63  22  )
( 4  -32  -86  )
( -35  37  -0  )
( 15  -50  46  )
( 44  -25  -34  )
( 46  91  12  )
( -11  -9  86  )
( -54  28  -70  )
( 60  73  -6  )
( -38  -84  -35  )
( 32  61  22  )
( -80  -4  -44  )
( 23  -97  -65  )
( -22  29  -76  )
( -20  -53  65  )
( 56  -12  -65  )
( -11  -21  -15  )
( -69  -25  70  )
( -37  13  -25  )
( -71  48  77  )
( 14  24  -94  )
( 93  -57  98  )
( 17  47  74  )
( -72  70  46  )
( -87  8  -15  )
( 94  -57  -74  )
( -77  72  -8  )
( 67  71  53  )
( 41  62  -81  )
( 76  70  -67  )
( -83  -59  -31  )
( 46  -70  -82  )
( -98  -2  70  )
( 70  72  34  )
( -78  -91  -30  )
( -27  35  43  )
( -31  7  8  )
( 62  68  -97  )
( -0  95  12  )
( -91  25  28  )
( -44  -30  8  )
( 28  -42  56  )
( -21  -51  91  )
( 46  -35  16  )
( 37  21  57  )
( -80  25  81  )
( 11  -33  29  )
( -36  60  -58  )
( -54  -75  -99  )
( -78  -63  67  )
( 33  -12  9  )
( -61  -93  -10  )
( -4  75  -30  )
( -79  4  -1  )
( 62  -58  -95  )
( 7  34  99  )
( 80  56  -65  )
( -47  52  -97  )
( -42  54  5  )
( 33  -20  32  )
( 68  -5  -42  )
( -86  94  -80  )
( -24  92  -55  )
( -35  -45  53  )
( 98  -92  -20  )
( -3  89  96  )
( 30  43  11  )
( -4  24  -72  )
( -40  30  -48  )
( -99  -7  -53  )
( -55  -48  -59  )
( -93  -81  84  )
( -18  42  96  )
( 43  89  -63  )
( -8  -69  68  )
( 79  31  39  )
( 65  -77  -94  )
( -89  -28  -87  )
( 12  65  -31  )
( -94  78  73  )
( -95  28  -20  )
( -36  -59  -26  )
( 70  -81  84  )
( -32  -91  -1  )
( 8  33  -81  )
( -68  67  93  )
( 58  -62  -35  )
( -3  -0  -58  )
( -6  26  -17  )
( -42  26  58  )
( 96  41  -80  )
( -56  57  52  )
( 33  8  4  )
( -60  -3  -39  )
( -6  -39  -20  )
( -8  95  -7  )
( -29  -25  -7  )
( -11  -80  -18  )
( -45  -19  41  )
( -63  87  -15  )
( 79  -27  33  )
( 75  -9  6  )
( 31  -35  46  )
( 79  77  -54  )
( 95  19  44  )
( -42  -6  -0  )
( 97  10  -46  )
( 8  -61  26  )
( 66  -86  -62  )
( -20  -14  -24  )
( -99  80  30  )
( 41  34  -99  )
( 80  -24  64  )
( 78  81  -0  )
( 22  -33  -72  )
( -54  -30  -74  )
( -27  -51  47  )
( 90  98  54  )
( -21  86  -92  )
( 44  1  -38  )
( 52  -95  2  )
( -23  -74  41  )
( 51  -69  -73  )
( 8  65  38  )
( -65  -92  -0  )
( 97  -72  -39  )
( -38  96  -48  )
( -44  26  5  )
( -14  -56  -63  )
( -70  -26  -5  )
( 39  -1  -3  )
( 72  3  67  )
( -10  -47  -62  )
( -15  -45  46  )
( 38  -73  -43  )
( 25  79  -74  )
( 42  -44  11  )
( -18  -69  -95  )
( 67  0  43  )
( -6  83  76  )
( -73  8  46  )
( 21  -48  -69  )
( -55  24  -84  )
( 83  -88  37  )
( -0  -97  24  )
( 49  -60  -63  )
( -23  3  39  )
( -58  -62  73  )
( -55  -23  11  )
( 99  11  9  )
( -37  -12  -22  )
( 92  -32  22  )
( -78  -82  -79  )
( -34  -40  -84  )
( 94  -86  -45  )
( 83  50  -28  )
( -68  -1  32  )
( -69  56  33  )
( 25  -44  -67  )
( 34  -49  -7  )
( -6  -83  60  )
( 96  85  -44  )
( -14  12  88  )
( 47  86  39  )
( 1  80  -46  )
( 40  4  -69  )
( -24  -1  -64  )
( -33  91  -63  )
( -20  78  62  )
( -46  1  87  )
( 10  14  -88  )
( -58  -30  -80  )
( 32  -16  -21  )
( -39  -9  21  )
( 96  5  9  )
( 54  -40  -84  )
( 84  -30  90  )
( -72  62  -9  )
( -7  -42  28  )
( -24  16  -83  )
( 89  -51  -33  )
( -82  44  -58  )
( -77  51  -12  )
( 59  42  -84  )
( 60  54  4  )
( -64  61  82  )
( 79  -63  31  )
( 7  -56  20  )
( -76  46  71  )
( 77  -21  -64  )
( 93  -84  -66  )
( 31  6  48  )
( -89  -36  -41  )
( -8  85  -60  )
( 0  98  -43  )
( -49  57  68  )
( -67  94  12  )
( -28  74  86  )
( -16  -5  63  )
( -15  -98  59  )
( 92  71  58  )
( -4  29  95  )
( -22  2  -75  )
( -75  5  -6  )
( -76  14  -41  )
( 61  27  47  )
( 71  52  97  )
( -91  98  -40  )
( -25  -70  73  )
( 3  -0  12  )
( 1  -33  63  )
( -95  -57  -9  )
( -37  66  14  )
( -20  -97  98  )
( 68  -42  82  )
( -81  -77  -61  )
( -14  -24  -96  )
( -4  -5  -13  )
( -9  79  -72  )
( 4  83  -63  )
( 46  18  32  )
( -44  75  -53  )
( -67  -88  -18  )
( 75  -4  23  )
( -57  58  66  )
( 86  -77  -23  )
( -45  -50  -86  )
( 22  32  -45  )
( 30  -29  82  )
( -69  -38  -89  )
( 33  93  86  )
( -39  -30  58  )
( 74  95  55  )
( -92  69  -77  )
( 88  -90  -4  )
( 94  43  -89  )
( 98  40  -81  )
( 17  92  -93  )
( 2  -88  85  )
( -6  45  -31  )
( 26  4  -65  )
( -27  -69  93  )
( 11  -9  -70  )
( 43  39  46  )
( 12  26  64  )
( -23  -61  93  )
