( 19  35  43  )
( -1  97  90  )
( 90  75  -52  )
( -73  35  46  )
( 4  1  -29  )
( -54  -34  61  )
( 68  -5  58  )
( -77  -3  13  )
( 96  -8  -20  )
( 63  -84  -75  )
( -21  -38  -24  )
( -36  16  34  )
( -58  -31  -24  )
( -91  -26  -62  )
( -81  72  90  )
( 5  -4  67  )
( 26  -61  -1  )
( 99  -74  51  )
( -16  59  57  )
( -65  -63  -2  )
( -95  69  -76  )
( 23  -32  -43  )
( 39  -2  42  )
( 4  63  -3  )
( -23  -58  -59  )
( 52  -3  -72  )
( 68  58  -47  )
( -5  -25  -93  )
( 93  -62  -41  )
( -44  -65  -94  )
( 51  -81  32  )
( -38  -51  62  )
( 99  -48  -97  )
( -73  -96  29  )
( -12  49  99  )
( -42  53  -18  )
( 93  95  -88  )
( -37  -87  51  )
( -19  -72  17  )
( 96  -54  79  )
( -44  2  -78  )
( -97  -92  -31  )
( 25  92  -23  )
( 87  3  35  )
( 78  -50  57  )
( -13  -68  -4  )
( 60  -41  51  )
( 20  -54  57  )
( 17  27  29  )
( 63  22  -1  )
( -9  90  -71  )
( -77  2  80  )
( 94  -54  -95  )
( -56  -53  15  )
( 11  87  -77  )
( 38  58  55  )
( 96  19  74  )
( 36  -32  -18  )
( -95  -38  -2  )
( 12  -5  38  )
( -12  -46  85  )
( -3  -22  -50  )
( -17  1  63  )
( -33  70  35  )
( -16  -24  73  )
( -93  3  -98  )
( -37  -8  -50  )
( -48  -20  -30  )
( 58  -67  35  )
( 26  54  81  )
( -62  71  59  )
( 27  91  -8  )
( 85  46  60  )
( -81  32  33  )
( -76  81  -37  )
( 52  -77  47  )
( 34  -55  56  )
( 23  32  48  )
( -28  68  -46  )
( 47  37  97  )
( -98  76  51  )
( -13  -75  87  )
( -49  81  68  )
( -7  -38  -69  )
( 28  -57  35  )
( 83  4  -48  )
( 91  41  87  )
( -38  47  61  )
( -50  88  -94  )
( -7  4  39  )
( 91  72  46  )
( -9  -54  66  )
( 11  -75  -13  )
( 93  -68  -50  )
( 13  -82  -15  )
( -1  -12  -61  )
( -22  -65  -5  )
( -44  23  -60  )
( -46  19  49  )
( -6  -51  -3  )
( 60  75  -9  )
( 88  -16  5  )
( 28  -70  -74  )
( -81  71  79  )
( -8  71  73  )
( 97  -49  78  )
( -80  -16  0  )
( 90  -34  -20  )
( 48  -51  30  )
( -53  69  -32  )
( -15  89  48  )
( 12  96  91  )
( 69  29  53  )
( 28  8  -92  )
( -86  73  42  )
( -10  35  54  )
( 52  1  24  )
( 24  -17  61  )
( 21  59  43  )
( 40  -94  -93  )
( 65  -48  -20  )
( 62  36  -27  )
( 41  39  -66  )
( 50  -20  -33  )
( -1  30  -47  )
( 96  99  82  )
( -91  -42  -24  )
( 64  -50  70  )
( -37  7  -67  )
( -55  -71  31  )
( 47  39  -46  )
( -33  -9  79  )
( 44  71  -31  )
( 12  95  4  )
( -71  -77  -5  )
( -98  95  14  )
( 68  60  18  )
( 48  30  64  )
( -79  67  -93  )
( -84  -44  -38  )
( 7  -78  24  )
( -10  76  -63  )
( -21  -47  62  )
( -42  67  79  )
( -11  -99  -46  )
( 69  -45  58  )
( 11  -80  -64  )
( -61  53  78  )
( -67  -47  49  )
( 62  -40  -1  )
( -81  -1  -56  )
( -0  9  51  )
( 71  -91  89  )
( -48  14  54  )
( 75  26  -94  )
( 7  43  42  )
( -56  38  -97  )
( 43  84  20  )
( -91  90  -65  )
( -37  98  -96  )
( -8  50  58  )
( -27  15  -43  )
( 27  17  16  )
( -34  9  -0  )
( 62  58  94  )
( -45  -64  -9  )
( -63  -26  -81  )
( -13  57  -4  )
( 46  -78  68  )
( -68  4  -6  )
( -51  96  -3  )
( -39  -18  26  )
( -66  -85  -21  )
( -21  -85  -92  )
( 0  -76  98  )
( -16  99  -10  )
( -50  82  -90  )
( -56  -21  -96  )
( 65  -81  -33  )
( 41  -76  -51  )
( 33  -14  -37  )
( -94  -54  23  )
( 95  -49  84  )
( 40  -18  58  )
( 49  -13  -44  )
( -22  -82  35  )
( -18  -45  -14  )
( -64  -62  60  )
( -77  -40  -13  )
( -37  69  97  )
( -93  -13  87  )
( -47  25  -91  )
( 3  79  30  )
( 56  21  -4  )
( -81  -58  -79  )
( 94  -89  27  )
( -36  -42  89  )
( 8  -59  -91  )
( 39  24  -62  )
( 6  -15  95  )
( -17  20  -63  )
( -19  99  -73  )
( -10  74  -92  )
( 32  -16  69  )
( 31  -54  44  )
( -67  56  -71  )
( 2  69  -52  )
( -55  16  45  )
( 50  25  -85  )
( 15  -92  76  )
( -60  -55  -31  )
( 7  -62  91  )
( 90  -58  -29  )
( 34  -11  58  )
( 93  -54  98  )
( -40  -29  11  )
( 50  51  -11  )
( -18  -36  52  )
( -7  14  -16  )
( 79  -86  48  )
( -75  62  87  )
( -27  -36  -24  )
( -49  0  -6  )
( 99  -98  6  )
( 57  3  88  )
( -51  -49  -53  )
( -58  -39  -44  )
( -87  -54  -48  )
( 27  79  46  )
( -23  -88  -62  )
( 23  77  -32  )
( 83  -15  -70  )
( -27  10  -78  )
( -45  24  -65  )
( -22  2  -67  )
( 85  -90  50  )
( -52  -45  91  )
( -38  58  -74  )
( -81  -1  90  )
( 43  82  -14  )
( 72  29  4  )
( -21  -54  -23  )
( 53  25  -80  )
( -48  35  -83  )
( 40  59  78  )
( -31  60  9  )
( -30  17  34  )
( 75  2  5  )
( 66  -38  -25  )
( 69  -15  -75  )
( 35  -81  69  )
( -17  83  -86  )
( 61  24  -60  )
( -26  0  75  )
( 68  60  87  )
( 17  -43  7  )
( 3  50  -14  )
( -3  71  -76  )
( -8  -5  -56  )
( -25  -7  67  )
( -80  -78  -9  )
( -25  40  -21  )
( 65  -51  28  )
( -56  -53  -51  )
( 33  -65  87  )
( 83  -22  -16  )
( 60  -1  -89  )
( -43  6  -29  )
( 22  4  18  )
( 18  -96  -99  )
( -39  -51  80  )
( 29  -3  23  )
( 76  7  44  )
( -38  70  42  )
( 81  -51  64  )
( 97  2  -45  )
( -75  -42  -95  )
( 89  43  42  )
( -94  63  28  )
( 99  -67  6  )
( 12  -88  -58  )
( 44  36  -4  )
( -73  -40  -74  )
( 51  84  -38  )
( -46  -30  86  )
( 88  -89  45  )
( 78  -4  56  )
( 40  -14  15  )
( -53  89  -68  )
( -10  46  73  )
( -6  10  -91  )
( 99  -18  -53  )
( 47  -52  13  )
( -57  -94  -32  )
( 74  56  10  )
( 56  50  -10  )
( -46  13  -68  )
( 82  74  -90  )
( -66  76  -6  )
( 79  -86  85  )
( 37  68  -19  )
( -77  -39  31  )
( 37  -49  -47  )
( -17  -2  61  )
( -37  17  -26  )
( 16  -11  27  )
( -48  95  75  )
( -36  -24  72  )
( 31  18  -14  )
( 64  -30  0  )
( -42  -64  -36  )
( 20  -86  -35  )
( 7  56  59  )
( 83  63  -91  )
( 90  -96  65  )
( 61  -72  76  )
( -34  75  48  )
( -17  -78  14  )
( -47  49  68  )
( -56  66  -20  )
( -20  72  -71  )
( 67  70  10  )
( -14  -2  -96  )
( -74  99  67  )
( -47  -74  36  )
( 14  -97  -93  )
( 46  23  51  )
( -97  65  -69  )
( 86  -98  8  )
( -16  -54  59  )
( -65  -55  -23  )
( -58  57  14  )
( 60  -11  -59  )
( 96  -65  34  )
( -11  -30  -92  )
( 45  -76  -84  )
( 23  27  37  )
( -33  8  -90  )
( 71  -14  80  )
( 50  22  14  )
( 11  -12  72  )
( -32  69  -0  )
( 96  60  55  )
( 32  -55  -78  )
( 60  5  -27  )
( -38  -58  -17  )
( -10  97  -84  )
( 11  80  -12  )
( -77  86  48  )
( -15  13  -71  )
( -31  -85  22  )
( -37  69  59  )
( -12  13  1  )
( -68  50  -20  )
( 73  97  43  )
( 41  -88  -71  )
( 7  -44  83  )
( 72  93  26  )
( 87  -43  70  )
( 23  -3  -63  )
( 86  11  32  )
( 76  -48  -50  )
( -54  99  -46  )
( -51  -40  17  )
( 60  -70  -94  )
( 22  -87  78  )
( 33  -99  -23  )
( -25  -29  46  )
( 70  -38  23  )
( 15  -77  96  )
( 47  71  -18  )
( -73  -83  -4  )
( -70  68  43  )
( 89  -58  76  )
( -14  21  53  )
( 5  57  18  )
( 10  96  52  )
( -12  56  -0  )
( -74  -24  -61  )
( 39  32  56  )
( -32  -11  39  )
( 51  48  50  )
( 10  34  -80  )
( 25  -1  27  )
( -19  -91  21  )
( 78  -68  -41  )
( -96  68  21  )
( 3  -91  -79  )
( 75  48  -58  )
( -83  69  -96  )
( -53  44  59  )
( 1  98  -6  )
( 96  98  -10  )
( -23  -97  52  )
( 33  32  58  )
( 52  87  17  )
( -27  -82  53  )
( 8  90  61  )
( 74  -3  62  )
( 57  61  78  )
( 84  64  27  )
( 48  36  49  )
( -18  -7  -29  )
( -53  70  36  )
( 60  45  3  )
( 73  -5  -4  )
( 35  15  90  )
( 54  -93  67  )
( 63  44  -82  )
( -54  -39  -94  )
( -28  -41  66  )
( -45  33  -98  )
( -48  47  -73  )
( 74  -32  39  )
( 64  -58  5  )
( -21  89  -49  )
( -30  50  -9  )
( -67  -20  19  )
( 8  -44  -80  )
( -4  -9  28  )
( -87  -57  -36  )
( -68  88  -79  )
( 60  -10  5  )
( -67  -35  15  )
( 16  88  -48  )
( 97  -13  -44  )
( 94  -83  -84  )
