( -42  35  77  )
( -66  -51  89  )
( 64  -60  14  )
( -86  -81  -33  )
( -57  -63  75  )
( -97  95  -61  )
( -89  -32  -79  )
( -78  -62  -2  )
( 17  83  60  )
( 41  46  -19  )
( -13  38  -91  )
( -11  9  -71  )
( -66  -14  88  )
( -29  -24  -81  )
( 8  -1  -89  )
( 81  -60  78  )
( -88  62  36  )
( 73  -87  -21  )
( 21  -85  -46  )
( -26  45  63  )
( 71  2  82  )
( -62  -5  84  )
( 58  -20  -67  )
( 11  -14  -91  )
( 88  38  -33  )
( 3  -38  -41  )
( -32  -83  40  )
( 11  70  20  )
( 14  72  -55  )
( 56  -9  -67  )
( 42  14  56  )
( -19  -40  45  )
( 81  48  29  )
( 25  -31  34  )
( -44  -0  -98  )
( 59  79  -75  )
( -53  -13  64  )
( 93  36  30  )
( 96  52  84  )
( -65  -25  19  )
( 78  -81  -71  )
( -64  28  -85  )
( -22  -43  -29  )
( -6  62  -17  )
( -90  -21  54  )
( -50  3  -47  )
( 27  79  -99  )
( 8  5  -26  )
( -98  49  -51  )
( 92  22  -28  )
( -94  -63  -58  )
( -97  -76  -28  )
( -68  24  -86  )
( 78  -25  -30  )
( -2  -24  -54  )
( 52  78  81  )
( -16  -37  23  )
( -97  -46  -2  )
( -50  -78  -32  )
( 79  39  38  )
( -23  55  -65  )
( -48  31  -60  )
( -3  44  -72  )
( -80  -46  -61  )
( 91  4  64  )
( 24  -52  -78  )
( 33  -12  -32  )
( 21  -17  37  )
( 88  -67  -41  )
( 59  9  -96  )
( -43  -1  64  )
( 45  -39  46  )
( 57  38  30  )
( -56  90  -10  )
( -76  -65  30  )
( 9  -16  -28  )
( 10  25  36  )
( 23  -68  -37  )
( 12  95  59  )
( 25  30  -76  )
( 58  46  -56  )
( -92  16  -64  )
( 80  6  55  )
( 46  -78  97  )
( 68  -24  -28  )
( -78  60  63  )
( 91  -2  -18  )
( 47  96  -1  )
( -75  -52  30  )
( -86  -56  69  )
( 28  -20  -14  )
( 0  -54  -2  )
( -93  97  51  )
( 3  -56  51  )
( -26  22  38  )
( -38  -92  98  )
( -48  72  -6  )
( 63  72  15  )
( -2  69  1  )
( -75  -12  -5  )
( -95  45  88  )
( 1  -23  89  )
( 59  47  -75  )
( 32  -60  -46  )
( 95  -26  -20  )
( 55  57  -60  )
( -74  -23  -19  )
( -37  35  -88  )
( 5  44  11  )
( 54  -98  -78  )
( 74  -6  69  )
( -36  -98  31  )
( -65  39  -11  )
( 77  -83  6  )
( 9  -61  -75  )
( 91  61  30  )
( -70  -20  -93  )
( 86  -19  7  )
( -27  -70  0  )
( 74  93  -97  )
( -78  9  64  )
( 34  21  -13  )
( 63  -34  -67  )
( -77  -96  -38  )
( 21  83  -87  )
( 60  -15  -50  )
( 56  89  -84  )
( -87  13  -74  )
( -47  -78  87  )
( 76  -36  -89  )
( -95  -30  -64  )
( 82  -54  18  )
( 91  45  81  )
( -25  37  -57  )
( 49  73  -37  )
( 47  10  94  )
( -41  92  90  )
( -9  94  -63  )
( -17  -2  -90  )
( -35  47  -86  )
( -81  93  -25  )
( 77  2  -41  )
( 87  66  -4  )
( 20  83  -21  )
( -74  -17  9  )
( 15  -23  75  )
( 6  -81  -53  )
( 45  34  -89  )
( -71  -95  -79  )
( -67  36  59  )
( -39  92  -57  )
( -93  -36  -57  )
( -45  -47  -46  )
( -14  22  -8  )
( -28  61  92  )
( -2  -87  13  )
( -39  84  88  )
( -83  15  -49  )
( 73  58  81  )
( -74  4  -1  )
( 43  -69  -32  )
( 97  50  -93  )
( -55  9  -40  )
( -24  -75  -3  )
( -82  68  -10  )
( -49  62  -37  )
( 71  -81  94  )
( 9  19  -58  )
( 20  42  -15  )
( -32  66  -4  )
( 69  29  -1  )
( 25  -54  -60  )
( -1  -33  29  )
( -38  -72  -12  )
( -46  -84  94  )
( 63  -60  70  )
( -75  71  73  )
( -14  -28  40  )
( -53  83  -60  )
( 71  -20  44  )
( 47  -37  66  )
( 94  -78  -95  )
( 32  -58  31  )
( 90  -59  -23  )
( 36  -76  83  )
( -26  85  -56  )
( 48  -9  89  )
( 35  -71  68  )
( -90  -1  11  )
( -50  -30  -90  )
( -68  -90  -56  )
( -41  -43  52  )
( -79  34  44  )
( 53  -26  5  )
( -7  -77  0  )
( -65  25  -33  )
( -77  -73  -80  )
( -3  -39  10  )
( 58  -24  16  )
( -88  85  -22  )
( -47  -55  78  )
( -5  35  90  )
( 27  82  9  )
( -20  84  -82  )
( 52  -91  -35  )
( 85  80  93  )
( -86  -88  37  )
( 94  -91  83  )
( 5  15  -65  )
( -97  -81  61  )
( -97  70  89  )
( 9  67  91  )
( 15  -32  -73  )
( 73  68  -69  )
( 56  -34  -41  )
( -71  81  -74  )
( -57  -15  96  )
( -41  52  40  )
( -47  -50  74  )
( -61  -48  -1  )
( -76  -91  68  )
( -57  69  37  )
( -56  -42  37  )
( -79  74  -36  )
( -37  -79  -53  )
( 73  -92  -63  )
( 24  47  31  )
( 2  -6  -73  )
( -40  -63  -96  )
( 56  88  -31  )
( -58  83  95  )
( 81  23  16  )
( 22  -80  -19  )
( 35  -58  -24  )
( -24  50  95  )
( -67  -43  69  )
( -46  -99  -4  )
( -27  11  -37  )
( 85  94  52  )
( -16  -95  -29  )
( 47  67  31  )
( 3  16  -66  )
( 62  -20  -36  )
( 48  90  28  )
( 41  63  -70  )
( -45  -77  -29  )
( 30  -54  62  )
( 32  -89  80  )
( 51  76  70  )
( 48  -95  -41  )
( 60  -52  -43  )
( -63  -32  -13  )
( -47  89  -68  )
( 14  64  40  )
( -82  -89  -17  )
( 79  21  -43  )
( 0  -37  8  )
( 75  -36  17  )
( 11  84  -43  )
( 0  -58  -25  )
( 77  4  -11  )
( 83  16  -51  )
( -64  29  -10  )
( -69  -25  34  )
( 42  91  -84  )
( -49  -73  34  )
( -17  -1  -77  )
( -98  -74  -75  )
( -59  63  23  )
( -45  -40  -65  )
( -5  50  7  )
( 91  -69  45  )
( 59  -82  -41  )
( -84  -49  -98  )
( 85  -5  -40  )
( -53  -58  -10  )
( 51  -25  -74  )
( 10  -97  3  )
( 85  -32  -15  )
( 65  45  -42  )
( -96  -15  69  )
( -34  94  -72  )
( -45  55  39  )
( -83  -2  94  )
( -17  74  93  )
( 1  26  -46  )
( 35  -46  -27  )
( 44  28  -77  )
( 46  98  47  )
( 68  -2  73  )
( -78  -89  -72  )
( 30  -78  -35  )
( 71  56  37  )
( -55  -70  -37  )
( -87  56  -75  )
( -93  -36  -23  )
( 58  -64  -8  )
( -47  28  -67  )
( 70  15  -4  )
( 22  -31  -72  )
( 36  -90  -85  )
( 28  -99  49  )
( -27  -9  14  )
( -63  72  -74  )
( 97  3  44  )
( -61  -16  45  )
( -92  -27  28  )
( -51  -77  -28  )
( -5  -42  -19  )
( 96  31  52  )
( -52  11  -50  )
( 86  84  26  )
( 30  -19  62  )
( 40  -56  89  )
( 82  -62  -39  )
( -3  9  -89  )
( -36  -60  -28  )
( 11  90  57  )
( 46  45  -87  )
( 57  -85  24  )
( 45  -75  -21  )
( -14  -98  -66  )
( 7  -23  97  )
( -40  42  -0  )
( 93  55  -34  )
( 10  -35  31  )
( -80  -22  47  )
( 43  -37  55  )
( 71  28  31  )
( -9  58  54  )
( 48  0  -78  )
( 37  40  -89  )
( -76  -32  71  )
( -70  12  -38  )
( -18  -51  -73  )
( 43  78  69  )
( -19  -80  64  )
( 61  -80  -25  )
( -13  60  43  )
( -40  -26  20  )
( -83  -14  -70  )
( -72  53  -58  )
( 26  -44  92  )
( 64  -95  1  )
( 88  -59  -22  )
( 90  -58  80  )
( -15  55  13  )
( -33  4  41  )
( 59  27  -28  )
( 14  22  -37  )
( 19  73  -68  )
( 99  -25  16  )
( 73  -40  28  )
( 70  37  -44  )
( 30  -21  -95  )
( -45  -85  -47  )
( 74  -18  82  )
( 20  67  -86  )
( -63  38  18  )
( 38  -88  42  )
( 16  -7  67  )
( -69  18  -62  )
( -70  75  82  )
( -71  59  -3  )
( 35  -38  80  )
( 18  -39  92  )
( -46  -81  -33  )
( 43  -77  -4  )
( -31  -42  60  )
( -68  30  95  )
( 84  -56  60  )
( 30  50  -2  )
( 96  98  -45  )
( 78  -95  82  )
( -37  -51  -40  )
( -37  -52  44  )
( -39  12  -64  )
( 57  38  50  )
( 98  11  -1  )
( -35  -3  -70  )
( -99  -65  -42  )
( 29  -82  66  )
( -13  55  -52  )
( 38  89  -98  )
( 99  13  65  )
( -26  35  -78  )
( 5  82  -16  )
( -23  -89  -1  )
( 81  3  -99  )
( -55  16  -6  )
( -16  84  47  )
( -72  -31  -14  )
( -59  -99  93  )
( -24  39  -66  )
( -79  -18  3  )
( -49  88  -43  )
( -98  -60  -40  )
( -69  -24  94  )
( -89  31  -39  )
( 0  -20  -47  )
( 91  23  55  )
( -49  40  4  )
( -6  31  36  )
( -74  71  69  )
( 99  54  -83  )
( 37  -97  -38  )
( -38  19  2  )
( 52  47  -67  )
( 78  -74  -68  )
( -9  92  39  )
( -18  -80  -79  )
( -87  11  -24  )
( -61  -40  23  )
( 13  -19  -97  )
( -56  -43  46  )
( -48  25  93  )
( 97  -9  72  )
( 36  -45  -12  )
( 47  -7  4  )
( 25  87  46  )
( 15  -10  0  )
( 64  96  -3  )
( -8  2  -58  )
( -94  -74  -35  )
( -19  40  -29  )
( 75  82  98  )
( -22  -83  72  )
