( 18  -81  52  )
( -51  -72  54  )
( -13  35  -90  )
( 67  -91  -31  )
( -34  -29  44  )
( 6  52  28  )
( 97  38  35  )
( -44  48  63  )
( -65  -83  -93  )
( 59  63  55  )
( 85  32  9  )
( 78  -75  -47  )
( -3  -97  26  )
( -23  56  -80  )
( 25  98  -82  )
( 20  -30  -2  )
( 26  43  -40  )
( -68  42  53  )
( 70  50  -35  )
( 88  7  -60  )
( -71  45  3  )
( -13  -89  -38  )
( -56  -40  26  )
( 87  -5  -72  )
( -57  7  -29  )
( -94  -9  68  )
( -92  -91  0  )
( 97  -74  75  )
( -14  83  -26  )
( -45  -88  -40  )
( 8  65  -21  )
( -35  -0  55  )
( 75  -0  -93  )
( 6  42  -75  )
( -98  8  67  )
( -7  -84  -19  )
( -5  48  66  )
( -62  -36  60  )
( 89  36  -91  )
( 30  95  12  )
( -92  -23  61  )
( 8  77  16  )
( -59  87  -31  )
( -67  -19  69  )
( -11  75  -73  )
( -10  -21  -67  )
( 30  83  29  )
( -21  -74  -5  )
( -31  -45  4  )
( -28  19  90  )
( -2  -22  12  )
( -80  25  40  )
( 55  -38  28  )
( -31  -60  -67  )
( -57  -72  -47  )
( 20  40  37  )
( -19  41  58  )
( -1  53  -58  )
( -92  78  -94  )
( -36  -12  88  )
( 18  93  -87  )
( 38  63  59  )
( 31  -76  75  )
( -53  -61  -50  )
( 84  -45  -20  )
( 35  23  -16  )
( -41  -98  -94  )
( -9  0  95  )
( -29  11  12  )
( -78  -88  -56  )
( -91  18  11  )
( -62  -5  -87  )
( 81  91  -57  )
( -99  9  2  )
( 45  -0  36  )
( 11  6  -52  )
( 7  -37  -15  )
( -22  41  -87  )
( 40  -21  19  )
( 97  37  -8  )
( -88  -3  -22  )
( 8  14  -24  )
( 2  -97  -33  )
( 91  -47  -5  )
( -23  -69  -24  )
( 48  -88  93  )
( -12  2  34  )
( 72  19  76  )
( 15  32  51  )
( -53  7  72  )
( 84  -30  56  )
( -7  -23  95  )
( 27  37  -77  )
( -24  50  -6  )
( 44  -14  -59  )
( 49  -33  58  )
( -11  48  -0  )
( -78  72  -69  )
( -89  75  80  )
( 35  2  -32  )
( 76  -7  -6  )
( -60  -63  37  )
( -15  -79  -73  )
( 80  73  -40  )
( 92  70  88  )
( 27  -58  94  )
( 29  55  -90  )
( -33  -99  16  )
( -92  -55  20  )
( -43  86  -40  )
( 49  94  -48  )
( 29  54  12  )
( -60  88  91  )
( 47  17  -56  )
( -88  -25  -48  )
( -14  -40  -90  )
( -94  31  75  )
( -34  -39  -26  )
( -35  -99  55  )
( 40  -75  37  )
( 11  -78  79  )
( -85  -44  35  )
( -78  49  54  )
( -86  -21  30  )
( 97  21  59  )
( -95  -63  -69  )
( 78  20  84  )
( -25  -13  -36  )
( -19  -94  -84  )
( -64  -65  -66  )
( 10  -19  90  )
( 31  -14  -80  )
( 41  -60  -20  )
( -41  30  97  )
( -85  49  -31  )
( 51  -96  4  )
( -51  59  -16  )
( -42  -39  -85  )
( 76  2  -7  )
( 45  77  -49  )
( -82  59  35  )
( 84  65  -32  )
( 88  -43  8  )
( 26  73  30  )
( 29  10  -80  )
( 45  91  87  )
( -24  59  36  )
( -17  -10  29  )
( -85  71  25  )
( 97  27  -13  )
( -98  -80  -78  )
( 9  -7  -93  )
( 62  -96  10  )
( -41  -40  81  )
( -27  -85  62  )
( 6  62  79  )
( -55  -33  35  )
( -65  -98  -8  )
( 42  -74  -20  )
( -79  -98  -63  )
( -19  13  -88  )
( -54  -63  70  )
( -77  27  -9  )
( 4  -38  35  )
( -47  -51  -60  )
( 52  35  -5  )
( 49  32  14  )
( 78  6  73  )
( 14  -41  -78  )
( 25  -69  8  )
( -71  -37  30  )
( -4  -53  10  )
( -21  -97  -61  )
( 37  49  20  )
( 63  -71  15  )
( -35  37  -2  )
( -37  -58  -61  )
( 78  -89  -10  )
( 74  55  -61  )
( 31  -52  55  )
( 76  42  96  )
( -64  82  -66  )
( 11  -84  10  )
( -80  56  8  )
( 72  -43  57  )
( 4  73  -85  )
( 41  -60  -26  )
( 97  -44  29  )
( -97  59  -29  )
( 39  74  -22  )
( 88  79  -61  )
( 61  -37  -24  )
( -70  39  -56  )
( -32  15  8  )
( 42  -80  85  )
( 60  -76  -58  )
( 57  -22  -31  )
( 96  -55  81  )
( -89  -61  67  )
( 69  -10  29  )
( 6  -52  99  )
( -46  -18  0  )
( 9  57  -85  )
( 13  40  -16  )
( -43  34  -70  )
( 38  66  42  )
( 73  96  -24  )
( 10  3  8  )
( -97  27  86  )
( 34  -3  -91  )
( -82  -32  64  )
( 95  27  60  )
( 80  19  17  )
( 25  66  91  )
( 85  79  91  )
( -24  70  -45  )
( -73  0  52  )
( 98  -61  47  )
( 90  -36  -12  )
( 16  -70  -28  )
( 82  -56  -66  )
( -25  -36  -77  )
( -65  84  26  )
( -31  91  -79  )
( 33  26  48  )
( 36  -58  -72  )
( 84  77  -93  )
( 24  61  68  )
( 25  -63  57  )
( -4  -40  43  )
( -57  67  -88  )
( 51  -80  -9  )
( 92  82  -39  )
( -33  -67  -57  )
( 88  85  -31  )
( -24  -55  -8  )
( -96  -12  30  )
( -99  83  45  )
( 13  10  76  )
( 34  -23  -25  )
( -66  -24  -13  )
( 86  71  67  )
( -49  38  -16  )
( -42  13  79  )
( -78  45  10  )
( -37  0  -59  )
( 54  39  87  )
( 64  -56  -11  )
( -5  -69  96  )
( -98  -36  46  )
( -28  -92  83  )
( 21  -10  -20  )
( 89  -64  -84  )
( 71  27  38  )
( -31  73  46  )
( 91  49  17  )
( -46  48  -2  )
( 36  -59  39  )
( 74  -65  51  )
( -52  -8  -39  )
( -63  24  -37  )
( -89  -72  75  )
( 14  65  -96  )
( -9  19  -2  )
( -24  77  -88  )
( -51  31  92  )
( -75  -40  33  )
( -31  81  -30  )
( 28  40  39  )
( 17  -79  -27  )
( -77  -51  27  )
( -34  -31  3  )
( -61  30  52  )
( -71  77  -56  )
( -73  -82  -38  )
( -90  51  -59  )
( -21  -17  -18  )
( -68  7  15  )
( -59  55  -54  )
( -13  92  -88  )
( -25  -69  77  )
( -72  -46  63  )
( 42  58  -39  )
( 80  -46  13  )
( -11  -46  -34  )
( 78  15  -8  )
( 31  -38  -1  )
( 62  -52  -27  )
( 90  83  -46  )
( -72  61  -35  )
( 78  -69  6  )
( 38  -55  4  )
( 12  67  -58  )
( 78  20  94  )
( 5  -37  65  )
( -98  -63  -8  )
( -21  18  95  )
( 69  -36  6  )
( 48  85  -75  )
( 88  5  26  )
( 44  -57  14  )
( 67  -96  -88  )
( -63  27  -42  )
( -25  -59  88  )
( 74  -72  34  )
( -49  -16  -71  )
( 92  39  4  )
( 34  -19  -24  )
( 6  -39  0  )
( -12  -6  74  )
( 62  75  -84  )
( -30  -23  81  )
( -26  -27  -84  )
( 38  54  85  )
( 55  -27  -90  )
( -42  -35  -34  )
( 38  -2  11  )
( 49  -86  -94  )
( -33  52  50  )
( -53  78  39  )
( 70  44  -11  )
( -93  81  -43  )
( -65  -70  -38  )
( -69  11  -79  )
( -98  31  2  )
( -81  -69  -57  )
( -92  -88  78  )
( -18  41  34  )
( -58  45  -69  )
( 17  -33  10  )
( 1  10  -91  )
( 36  -90  -12  )
( -63  -84  72  )
( -44  18  30  )
( 37  -65  5  )
( 98  -14  -70  )
( 9  -64  -11  )
( 58  -66  8  )
( -57  -67  14  )
( -56  -51  -16  )
( 78  90  7  )
( -80  42  -58  )
( -62  -33  -42  )
( 66  -58  38  )
( 17  -27  -51  )
( 48  96  -89  )
( -39  99  31  )
( -40  25  88  )
( -55  -23  1  )
( 83  41  -29  )
( -79  -52  51  )
( 94  43  -51  )
( -22  95  6  )
( 37  -80  -89  )
( 81  78  35  )
( 21  19  45  )
( 61  -73  87  )
( -53  11  -60  )
( 69  -42  -15  )
( 90  -63  -45  )
( 86  66  70  )
( 41  -4  -28  )
( 26  60  12  )
( -25  -78  29  )
( 76  -81  -85  )
( 90  -78  -81  )
( 16  55  -19  )
( 33  -26  -2  )
( 81  -14  -17  )
( 70  -56  86  )
( -49  -95  58  )
( 16  -61  41  )
( 85  57  72  )
( 74  -19  51  )
( -85  90  -80  )
( -47  -2  -25  )
( 38  -8  -88  )
( -71  -59  5  )
( 92  -28  -8  )
( 56  55  -20  )
( 32  62  70  )
( -56  -77  83  )
( -9  95  -19  )
( -1  36  94  )
( 3  26  -8  )
( -56  94  -8  )
( 90  -61  28  )
( -31  72  -34  )
( -63  18  -46  )
( 67  -34  -0  )
( -94  75  69  )
( -75  81  -69  )
( -36  12  -91  )
( 23  -97  53  )
( -99  98  -97  )
( -66  1  -83  )
( -15  -4  29  )
( 33  44  66  )
( 16  -33  2  )
( -98  -60  29  )
( 29  -19  1  )
( -22  8  -24  )
( -11  -42  40  )
( -62  4  67  )
( 80  52  63  )
( 82  -60  -49  )
( -30  40  -60  )
( 76  -41  -74  )
( -32  -10  60  )
( -6  -87  -10  )
( -43  73  -91  )
( -14  1  84  )
( -26  -54  96  )
( 53  -46  -1  )
( -32  -27  -46  )
( 25  82  95  )
( 85  69  -29  )
( -60  -75  -87  )
( -19  39  -20  )
( 25  29  -24  )
( -49  -27  95  )
( 59  83  30  )
( -5  42  76  )
( 51  24  61  )
( -97  -46  87  )
( -8  -83  88  )
( 82  -35  65  )
