( -73  70  -38  )
( 16  56  -90  )
( -75  2  -99  )
( -90  -20  14  )
( 38  -51  36  )
( 31  21  -69  )
( -29  -53  34  )
( 53  -73  -68  )
( 9  74  -30  )
( -67  25  -81  )
( 97  -87  -71  )
( 79  -55  86  )
( -87  -55  -53  )
( 30  95  34  )
( 29  21  84  )
( -40  -18  57  )
( 24  -88  -26  )
( -64  83  47  )
( 32  -4  -42  )
( 63  27  -22  )
( -44  94  -68  )
( 90  -19  -95  )
( -10  72  90  )
( -81  -36  -24  )
( -49  -45  52  )
( -99  58  -2  )
( -36  -68  60  )
( -85  -65  -71  )
( 11  -0  52  )
( 87  55  -29  )
( -20  -91  84  )
( 72  37  70  )
( -95  39  -66  )
( -32  -59  39  )
( 60  -22  -51  )
( -12  45  -30  )
( 19  93  -11  )
( -81  89  7  )
( 27  83  41  )
( -51  -46  66  )
( 24  88  -76  )
( -18  -32  10  )
( 38  4  -61  )
( -61  -63  75  )
( 49  -70  97  )
( -37  -99  9  )
( 73  41  66  )
( -35  17  -84  )
( -58  69  -91  )
( -58  -79  10  )
( -5  43  -50  )
( 87  -96  25  )
( 15  -11  5  )
( 79  -80  94  )
( -84  89  27  )
( 16  33  -52  )
( 27  -15  -26  )
( -99  63  -60  )
( -33  34  -20  )
( 50  92  -5  )
( 81  0  -88  )
( 22  9  70  )
( -11  32  21  )
( 79  75  -95  )
( 64  45  -22  )
( 83  92  -2  )
( -15  3  -51  )
( 17  -41  -84  )
( 95  -18  -52  )
( 23  55  -50  )
( 25  99  -10  )
( 8  51  40  )
( -88  -53  -59  )
( -94  64  -34  )
( -83  -39  13  )
( 6  -61  9  )
( -30  -60  97  )
( 91  -87  56  )
( 59  -81  -47  )
( 1  -16  54  )
( 18  44  -10  )
( -95  77  -68  )
( 66  6  -82  )
( -2  13  7  )
( 75  -80  70  )
( -65  -51  24  )
( 33  -93  49  )
( -92  76  40  )
( 95  61  8  )
( -98  10  26  )
( -47  -50  19  )
( 85  42  -15  )
( -19  70  -15  )
( 7  81  91  )
( 74  68  99  )
( -76  -49  30  )
( -40  18  6  )
( 80  -94  -40  )
( -31  -15  -37  )
( 39  -21  -12  )
( 67  19  38  )
( -59  -88  77  )
( -76  -36  -57  )
( 48  -39  -31  )
( 64  -81  -23  )
( 0  68  -14  )
( -14  28  -55  )
( 64  -32  -58  )
( -24  95  97  )
( -14  90  -73  )
( 81  71  -23  )
( -18  -90  -95  )
( -86  -14  -18  )
( -58  78  13  )
( 22  58  92  )
( -60  98  88  )
( 76  -59  11  )
( -16  5  32  )
( 95  63  42  )
( 30  1  0  )
( 40  31  -56  )
( -81  -22  48  )
( 24  23  3  )
( -7  14  60  )
( 25  -38  -59  )
( 43  -5  -61  )
( -43  86  35  )
( -80  -71  -69  )
( -6  -22  97  )
( 43  33  65  )
( 50  -48  -12  )
( -21  -75  -38  )
( 51  32  78  )
( 74  34  -81  )
( -26  23  19  )
( 10  -59  87  )
( -84  70  -19  )
( -68  -34  38  )
( 97  3  73  )
( -75  68  -5  )
( -44  43  -65  )
( -37  3  -97  )
( -15  -54  52  )
( -11  96  -23  )
( -33  28  68  )
( -12  -46  7  )
( -85  95  90  )
( 53  75  83  )
( 32  73  -41  )
( -72  -65  31  )
( -34  -27  14  )
( 14  -36  -6  )
( 98  -49  35  )
( 85  13  -8  )
( -20  72  95  )
( -21  67  51  )
( 17  -65  -84  )
( -27  -36  90  )
( -75  86  13  )
( 73  -66  99  )
( 95  4  3  )
( 66  -94  18  )
( -61  -82  -53  )
( 45  98  38  )
( -92  -17  54  )
( -3  99  62  )
( -79  -59  44  )
( 65  75  -99  )
( 98  75  -88  )
( -32  64  57  )
( 98  71  81  )
( -52  -78  -17  )
( 69  -57  21  )
( -29  32  83  )
( 9  -88  -61  )
( 80  -88  99  )
( -16  67  -79  )
( 76  12  -70  )
( 96  -97  -14  )
( 29  -90  9  )
( -74  -56  98  )
( 72  -63  47  )
( -33  -20  47  )
( -22  -87  95  )
( 86  -41  -0  )
( -93  86  -77  )
( 12  -34  96  )
( -97  3  71  )
( -67  -55  -57  )
( 67  -85  -20  )
( -99  -2  90  )
( 22  50  21  )
( -73  -83  -48  )
( -79  68  -93  )
( 73  14  63  )
( 26  93  -34  )
( -65  96  48  )
( 97  -95  62  )
( 81  -30  -28  )
( 55  69  -42  )
( 35  -39  70  )
( -40  61  -76  )
( 2  11  46  )
( 35  77  -12  )
( 34  80  1  )
( -57  21  55  )
( -44  -8  -20  )
( 14  88  79  )
( -78  76  16  )
( -78  -60  -45  )
( -77  -38  61  )
( -62  -39  -57  )
( -24  -38  80  )
( 61  69  -66  )
( 45  -64  59  )
( -22  -17  -64  )
( -60  73  -8  )
( -18  65  -29  )
( 52  -1  -95  )
( 26  17  -65  )
( 27  13  -79  )
( -38  -44  49  )
( -53  98  85  )
( -99  97  -58  )
( -73  -61  -66  )
( -96  -74  41  )
( 24  -70  60  )
( -15  10  59  )
( -50  3  39  )
( -28  56  37  )
( 77  -14  73  )
( -82  -27  -49  )
( -30  98  -71  )
( 96  13  35  )
( -19  -55  -32  )
( -70  29  76  )
( 19  17  70  )
( 11  -55  -8  )
( -0  -37  -35  )
( -86  78  38  )
( -79  -30  -37  )
( 59  -75  -36  )
( -3  76  44  )
( -68  -66  74  )
( -54  -0  -19  )
( 74  -21  35  )
( -39  59  -33  )
( 96  80  -16  )
( -30  13  96  )
( 69  77  -72  )
( -11  80  39  )
( -27  3  79  )
( 57  -88  89  )
( 13  -34  -41  )
( -90  -70  73  )
( 62  -32  46  )
( -19  -1  -89  )
( -95  -36  -55  )
( 64  79  91  )
( -36  -82  19  )
( 40  38  9  )
( -45  81  -53  )
( -15  -69  99  )
( -70  49  42  )
( 19  -74  -66  )
( -5  -79  14  )
( 64  84  77  )
( 39  21  25  )
( 56  -66  98  )
( -33  31  -50  )
( 43  75  19  )
( 94  32  -81  )
( 14  45  51  )
( 93  77  -22  )
( 84  -40  91  )
( -48  -28  55  )
( -71  -28  76  )
( -99  -65  -82  )
( -65  -30  -63  )
( -49  11  86  )
( 38  -82  -70  )
( 25  -19  1  )
( 70  3  -1  )
( 28  -0  74  )
( 56  -1  25  )
( 77  -11  -14  )
( -42  60  -18  )
( 11  -26  93  )
( 9  58  80  )
( -50  -74  -90  )
( 9  -23  25  )
( -80  66  12  )
( 61  19  -13  )
( -54  -1  41  )
( -48  89  29  )
( -39  14  -25  )
( -70  34  -73  )
( 43  -32  -33  )
( -18  -28  -78  )
( -55  43  88  )
( -28  -34  -90  )
( -14  -60  67  )
( 4  -99  10  )
( 67  2  -89  )
( 43  -58  -76  )
( 71  83  78  )
( -5  26  -23  )
( -61  -78  -53  )
( -28  64  0  )
( -12  -36  20  )
( -28  0  18  )
( -56  80  8  )
( -81  -21  74  )
( 10  14  -49  )
( -68  39  -51  )
( -39  21  -90  )
( 18  -87  -73  )
( -91  -41  -86  )
( -95  60  -56  )
( -96  77  29  )
( 33  52  -14  )
( 75  -50  89  )
( 36  -21  2  )
( 86  47  40  )
( 57  -46  33  )
( 59  -6  -31  )
( 47  -84  85  )
( -14  -89  -23  )
( -18  -33  -94  )
( -54  -49  -51  )
( 32  -26  83  )
( -51  4  57  )
( 85  96  55  )
( -31  9  -80  )
( 89  -96  22  )
( -76  -26  30  )
( 58  -51  -80  )
( 19  8  89  )
( 11  -80  19  )
( 35  72  -92  )
( -60  79  -70  )
( -81  6  -63  )
( -82  55  4  )
( 61  92  70  )
( 30  76  38  )
( -68  27  -80  )
( 80  90  -78  )
( 46  -24  56  )
( -11  -88  -67  )
( -21  7  -53  )
( 74  56  55  )
( -58  -68  92  )
( -33  -38  -16  )
( -85  19  88  )
( 76  88  -43  )
( -26  -65  27  )
( 0  10  -28  )
( 28  -84  -4  )
( 39  1  45  )
( 36  52  75  )
( 55  -88  61  )
( -68  38  -34  )
( 35  19  90  )
( 41  57  37  )
( 20  28  71  )
( -17  33  -16  )
( 17  -85  -2  )
( -2  -74  66  )
( -56  62  83  )
( -0  35  83  )
( 11  -82  -39  )
( 76  9  30  )
( -32  33  -91  )
( -13  61  85  )
( -17  61  -36  )
( -51  14  63  )
( 24  29  -21  )
( 56  29  60  )
( -87  14  -6  )
( -59  74  -71  )
( -5  -68  86  )
( 73  9  -57  )
( 6  -17  -93  )
( 46  -89  58  )
( 28  -1  72  )
( 45  -34  -92  )
( -61  -41  -2  )
( -5  33  -13  )
( -34  19  -16  )
( -46  -98  93  )
( -3  -70  12  )
( -44  94  -71  )
( -4  -81  60  )
( 78  67  -25  )
( 11  -72  -25  )
( 4  22  10  )
( -47  78  -36  )
( 49  -40  5  )
( -36  -11  7  )
( -82  -73  14  )
( -59  -55  -64  )
( -13  86  -12  )
( -50  -76  -70  )
( -22  -4  26  )
( -5  -95  15  )
( 39  95  87  )
( -99  -80  -9  )
( 39  -20  -8  )
( 93  -19  -29  )
( -44  41  -67  )
( -80  -31  -76  )
( -57  -10  -29  )
( -7  -61  -3  )
( -28  -50  -84  )
( -83  -45  70  )
( -84  -37  -43  )
( 84  -70  -42  )
( 28  72  27  )
( -29  58  -63  )
( -72  -20  -53  )
( -10  18  -62  )
( 94  3  53  )
( -76  -33  -60  )
( -87  -23  98  )
( 58  -22  86  )
( 29  -31  -57  )
( -12  76  -59  )
