( 91  55  35  )
( -3  96  -37  )
( 70  14  65  )
( 65  96  -85  )
( 94  -1  -73  )
( -55  -16  11  )
( 59  77  -35  )
( 96  90  42  )
( -98  29  -91  )
( -21  -34  -60  )
( -38  32  -11  )
( 44  90  52  )
( -88  29  35  )
( -31  -32  -16  )
( -26  -88  74  )
( 54  -25  43  )
( 43  85  -72  )
( -28  2  86  )
( 73  -25  -93  )
( 12  55  -76  )
( -34  17  -87  )
( -93  -53  -26  )
( 1  -41  -10  )
( 99  8  -13  )
( 66  -3  -24  )
( -71  27  82  )
( -8  -42  -90  )
( 48  95  47  )
( 18  56  97  )
( -35  47  -15  )
( 86  -22  69  )
( -95  63  31  )
( 43  -7  85  )
( -72  -13  66  )
( -87  72  -74  )
( 48  31  22  )
( -46  56  82  )
( 4  -8  27  )
( 16  73  -6  )
( -72  -89  -5  )
( -81  -50  67  )
( 70  44  -50  )
( 57  26  -21  )
( 67  -65  81  )
( 78  -59  69  )
( -19  -43  86  )
( -7  -74  75  )
( -67  24  78  )
( -11  -40  75  )
( 31  64  -97  )
( 91  -38  51  )
( 7  -14  47  )
( -89  52  -45  )
( -66  -79  60  )
( 82  57  -66  )
( 96  28  5  )
( 46  74  -48  )
( 5  92  -74  )
( -79  64  73  )
( 66  -67  46  )
( -54  64  50  )
( 17  24  15  )
( -3  -85  -90  )
( 57  -61  -86  )
( 19  -77  6  )
( -62  -98  19  )
( 62  75  87  )
( -85  1  -12  )
( -23  -1  -33  )
( -52  -28  47  )
( 62  -59  30  )
( -71  -6  -85  )
( 23  -98  3  )
( 58  70  -72  )
( -16  80  -42  )
( 74  2  -69  )
( 7  78  35  )
( 44  21  3  )
( -51  0  63  )
( -14  -62  -96  )
( -40  -47  26  )
( 3  63  -38  )
( 3  70  -21  )
( -37  54  -56  )
( -22  -90  -69  )
( 50  -80  3  )
( 70  -29  -67  )
( 0  -49  -19  )
( -79  80  -58  )
( -89  -73  -80  )
( -87  -69  -38  )
( -86  73  45  )
( 2  78  56  )
( 28  37  -93  )
( 11  20  -55  )
( -35  98  51  )
( 60  94  -82  )
( -81  68  55  )
( -65  -50  47  )
( 86  85  -80  )
( -29  6  67  )
( 65  81  51  )
( -96  -37  25  )
( 67  -36  -38  )
( 35  85  -65  )
( -61  47  29  )
( 87  -21  54  )
( -88  78  -26  )
( 46  67  -31  )
( 96  20  22  )
( -59  91  48  )
( 57  99  -0  )
( -52  -16  76  )
( 1  -42  88  )
( 64  -50  -15  )
( -46  5  35  )
( 26  -73  -67  )
( 98  53  24  )
( -69  -76  53  )
( -29  -58  -66  )
( 47  13  62  )
( -63  -52  -61  )
( 73  6  -40  )
( 6  -49  -20  )
( 4  60  61  )
( -71  30  87  )
( -47  30  44  )
( -30  90  -79  )
( 57  -62  -90  )
( 27  -7  91  )
( -80  -84  -78  )
( -35  3  89  )
( 58  93  -15  )
( -17  26  93  )
( 83  -56  81  )
( 46  24  17  )
( 66  -12  73  )
( -72  52  -33  )
( -95  42  35  )
( -20  -13  -45  )
( -37  -44  -63  )
( 77  -80  60  )
( 61  -58  74  )
( 15  -79  -38  )
( -26  -54  48  )
( -16  83  -44  )
( 53  61  80  )
( -14  25  -10  )
( 70  94  10  )
( 88  24  -28  )
( -91  19  70  )
( 37  96  -51  )
( 29  -48  39  )
( 31  50  -2  )
( 80  -38  6  )
( 79  -51  -23  )
( 33  4  -39  )
( 27  -44  -52  )
( -58  39  -49  )
( -63  -88  -25  )
( -95  50  -90  )
( 70  15  -49  )
( 20  -45  -18  )
( -82  17  30  )
( -27  -91  15  )
( 46  50  -44  )
( 66  0  -57  )
( -54  17  63  )
( -39  73  -23  )
( -90  53  69  )
( 8  74  -68  )
( -29  -87  23  )
( 11  -52  -69  )
( 4  -21  -63  )
( 1  -28  53  )
( 24  -3  -98  )
( 32  45  -92  )
( 64  -41  -22  )
( -74  -5  39  )
( 34  35  40  )
( -69  21  92  )
( 10  -68  -48  )
( -91  75  69  )
( 14  -70  75  )
( -52  79  82  )
( -0  24  49  )
( 34  32  83  )
( -52  -24  0  )
( 24  -74  86  )
( 0  -88  73  )
( -83  -9  -57  )
( 40  -14  56  )
( 92  32  54  )
( 74  -89  -31  )
( 52  32  -75  )
( 54  79  71  )
( -14  90  82  )
( 73  -5  43  )
( 42  -87  -58  )
( -82  42  67  )
( -2  82  44  )
( 46  73  -84  )
( -4  82  90  )
( -91  -70  -46  )
( -4  -72  87  )
( 91  -0  -57  )
( 34  -15  -71  )
( -78  32  88  )
( 64  72  14  )
( 16  54  13  )
( 51  -92  -0  )
( 62  5  69  )
( 75  -77  -37  )
( -31  -8  78  )
( 36  40  -47  )
( 93  58  26  )
( -75  7  21  )
( 80  50  -47  )
( 91  76  -16  )
( 65  -39  9  )
( -7  -77  9  )
( -7  12  4  )
( 79  -8  0  )
( -60  -19  -10  )
( -19  40  78  )
( -64  -62  85  )
( -56  -54  -89  )
( 86  -84  -23  )
( 61  -39  -44  )
( -3  15  -27  )
( -61  31  -48  )
( 95  -67  91  )
( -37  -97  -49  )
( -32  19  62  )
( 44  37  -34  )
( -74  72  16  )
( -19  -77  -46  )
( -86  83  -89  )
( -62  37  -67  )
( -84  -91  44  )
( -69  55  -40  )
( 21  95  53  )
( -99  -26  43  )
( 23  -70  58  )
( 60  -36  73  )
( 73  -83  -47  )
( 72  -96  -53  )
( -21  -56  15  )
( 67  74  31  )
( -3  -70  -35  )
( 30  -26  -73  )
( -41  32  38  )
( -63  45  12  )
( 77  -8  50  )
( -58  -4  50  )
( -95  51  -58  )
( -16  -40  31  )
( -47  32  91  )
( 7  -99  -81  )
( -82  76  -54  )
( 42  25  60  )
( 13  47  -1  )
( 25  -6  -85  )
( 31  8  -30  )
( 70  -45  -10  )
( -23  -25  -37  )
( 8  57  -76  )
( 15  -27  -6  )
( 83  49  -77  )
( 48  6  -27  )
( 33  27  1  )
( 15  -17  -50  )
( 31  -54  72  )
( 78  47  44  )
( 84  -62  5  )
( -79  10  -43  )
( 42  -8  66  )
( -18  8  39  )
( -66  8  75  )
( -48  59  -96  )
( 82  84  9  )
( -64  -46  82  )
( 32  -38  -99  )
( 85  -23  40  )
( -97  -71  61  )
( 82  -46  68  )
( -89  83  -38  )
( -2  -75  5  )
( 87  30  -23  )
( 43  -97  90  )
( -52  -72  87  )
( 67  -57  -49  )
( -31  69  -24  )
( -12  -71  88  )
( -39  30  69  )
( 16  -71  66  )
( 66  -15  -1  )
( -81  82  -60  )
( 18  -32  83  )
( -88  -23  63  )
( -87  -16  95  )
( -80  25  -33  )
( -18  10  -98  )
( -32  54  47  )
( 41  -6  55  )
( 60  74  -40  )
( 40  -42  -70  )
( -84  77  23  )
( 12  36  69  )
( -42  33  -70  )
( 85  61  44  )
( 59  -48  -71  )
( -2  37  46  )
( -48  40  10  )
( 23  -72  -84  )
( -62  -4  -96  )
( 84  -63  56  )
( 31  -21  93  )
( -54  87  14  )
( 77  6  95  )
( 11  5  -99  )
( 17  -41  -39  )
( 3  96  -84  )
( -56  24  -22  )
( -18  54  -90  )
( -27  -23  12  )
( -86  -20  43  )
( -37  61  32  )
( 77  0  89  )
( 78  -14  -5  )
( -57  48  -58  )
( -40  -70  -78  )
( -63  -71  45  )
( -74  -78  -19  )
( -57  -71  -24  )
( -76  -94  20  )
( 99  -46  95  )
( 11  74  17  )
( 41  90  -21  )
( 50  23  -34  )
( -76  41  18  )
( 49  63  -35  )
( 36  5  15  )
( -70  76  -73  )
( -70  -74  61  )
( -56  -76  -34  )
( 21  -45  41  )
( -55  -98  -88  )
( -9  70  -7  )
( 73  3  90  )
( 6  -82  -50  )
( 62  66  -48  )
( -60  72  21  )
( 11  -48  43  )
( -9  94  55  )
( 40  -10  74  )
( -70  -17  8  )
( 65  -22  98  )
( 67  -61  1  )
( -40  -31  10  )
( 40  57  92  )
( -60  39  54  )
( -14  -25  94  )
( 62  -79  82  )
( -80  58  -29  )
( 36  -87  96  )
( 98  -64  36  )
( 80  -65  -79  )
( -49  52  15  )
( 79  -20  66  )
( -73  58  5  )
( 57  30  97  )
( 69  19  2  )
( 13  69  -5  )
( -8  9  -7  )
( -64  80  56  )
( -73  -16  54  )
( 84  33  -13  )
( 20  -2  -39  )
( 21  -42  -11  )
( 3  -81  88  )
( -98  -72  -77  )
( 57  96  -67  )
( 72  1  69  )
( -69  68  36  )
( -95  -97  47  )
( 75  40  -99  )
( 81  99  -5  )
( -23  -24  -73  )
( -14  -35  58  )
( -70  -91  -40  )
( 63  10  59  )
( -84  64  -62  )
( 51  -88  -5  )
( -47  -56  -55  )
( 35  73  -36  )
( -71  54  64  )
( -69  -64  -22  )
( 56  -26  -33  )
( 61  -91  -46  )
( 51  -52  -24  )
( 80  -83  -37  )
( 77  25  43  )
( 75  -62  -22  )
( -62  -0  -56  )
( 34  -51  32  )
( -5  79  -7  )
( 24  -28  75  )
( 73  -58  -0  )
( -33  44  -41  )
( -43  -95  -37  )
( -22  54  -26  )
( 99  42  24  )
( 93  -77  60  )
( 32  -19  41  )
( -11  81  -35  )
( -38  -11  -45  )
( 45  -76  74  )
( 69  74  -80  )
( 6  -38  -97  )
( -69  6  78  )
( 68  -74  76  )
( -26  -51  64  )
( 97  86  43  )
( -57  -55  20  )
( 22  -16  49  )
( 13  19  -0  )
