( -75  66  58  )
( -96  60  -59  )
( 46  8  -33  )
( -9  -25  90  )
( 55  89  91  )
( 25  -80  33  )
( -7  49  -62  )
( 21  -63  -3  )
( -27  0  94  )
( 91  -49  43  )
( 93  59  3  )
( 70  40  99  )
( -83  5  55  )
( 94  79  38  )
( 11  -23  42  )
( 16  64  25  )
( -52  73  -9  )
( 74  -56  91  )
( 97  37  -47  )
( -0  -86  -88  )
( 86  11  -37  )
( 35  -5  -79  )
( -14  -46  -31  )
( -62  -56  -65  )
( -93  -57  -29  )
( -41  -97  -14  )
( -0  94  -37  )
( 91  65  -62  )
( -19  -70  93  )
( -14  -21  -17  )
( 64  -44  -8  )
( 62  -72  -64  )
( -96  72  -23  )
( -84  21  56  )
( 99  44  -16  )
( -40  -73  -68  )
( -70  -7  -85  )
( -97  -98  -37  )
( -27  -76  6  )
( 64  30  17  )
( 11  76  -86  )
( -19  -82  -59  )
( 45  1  -94  )
( -20  64  85  )
( -72  74  -52  )
( 75  70  -54  )
( -25  -63  -17  )
( 9  -53  -3  )
( 85  65  68  )
( -60  -76  73  )
( 33  88  92  )
( -22  77  -17  )
( 47  46  -7  )
( -37  -93  -72  )
( -52  -97  92  )
( 23  -92  -83  )
( -68  42  18  )
( -85  -14  -56  )
( 37  -46  42  )
( 57  -74  89  )
( -26  -78  -88  )
( 84  -64  -49  )
( 81  15  -21  )
( 79  38  55  )
( -85  10  -2  )
( 14  -76  71  )
( -83  66  -51  )
( 83  82  -56  )
( 14  50  -55  )
( 3  -85  0  )
( -15  56  34  )
( 41  35  65  )
( -77  25  74  )
( 5  2  -35  )
( 13  32  -75  )
( 22  17  43  )
( -15  -26  -40  )
( 2  32  81  )
( -64  0  -70  )
( -85  -97  -7  )
( -99  35  -65  )
( 47  30  -80  )
( 51  77  99  )
( -2  63  -57  )
( 76  31  -84  )
( -64  -16  86  )
( -72  90  -84  )
( 0  -20  53  )
( 24  51  -16  )
( -67  -88  -80  )
( 66  -60  97  )
( -76  -63  66  )
( 90  84  79  )
( -97  -78  -14  )
( -68  84  -62  )
( 54  89  -39  )
( 68  38  71  )
( 8  5  -77  )
( -67  -8  -22  )
( -59  -36  -99  )
( 63  -58  -75  )
( -52  -57  64  )
( -23  -21  75  )
( -27  26  -56  )
( 1  83  86  )
( 2  -97  -84  )
( -54  10  -69  )
( -12  81  74  )
( -34  -22  81  )
( 39  96  82  )
( 33  -11  10  )
( 91  9  73  )
( 44  22  -98  )
( -52  -5  -58  )
( -8  -90  69  )
( 1  18  -28  )
( 46  -15  39  )
( -63  60  -88  )
( 68  -79  81  )
( 88  -25  41  )
( -49  92  88  )
( -39  61  -24  )
( 8  -64  80  )
( -48  68  -1  )
( -31  2  70  )
( 5  -76  49  )
( -81  -40  -34  )
( 67  -93  74  )
( -13  -16  84  )
( 99  -86  -39  )
( 57  -46  96  )
( -88  60  85  )
( 27  23  -69  )
( -60  9  -41  )
( -88  -28  99  )
( 65  -72  -71  )
( 26  22  -39  )
( -26  32  -17  )
( -94  -72  65  )
( -11  65  58  )
( -42  -81  30  )
( 74  -62  65  )
( -13  -4  -76  )
( 54  76  69  )
( -95  44  -71  )
( 55  35  40  )
( -84  -25  73  )
( -88  -1  35  )
( 72  32  -34  )
( -43  -91  -25  )
( 58  19  18  )
( -90  57  -47  )
( -97  26  24  )
( -5  -60  10  )
( 8  68  33  )
( 35  61  22  )
( -86  20  -36  )
( -41  17  -87  )
( 98  11  -6  )
( -56  -43  70  )
( 95  -60  66  )
( -16  -92  -97  )
( 53  -25  -9  )
( 60  46  44  )
( 13  -91  70  )
( -0  -75  64  )
( -35  66  -47  )
( -39  40  21  )
( 76  -67  80  )
( 22  26  -45  )
( 40  -62  -59  )
( -61  59  -83  )
( -8  16  43  )
( 69  80  -23  )
( -62  90  98  )
( 30  -53  1  )
( 86  72  28  )
( -97  -35  9  )
( -46  -58  77  )
( 61  -91  9  )
( -79  -17  -9  )
( 77  99  -23  )
( 71  -50  -52  )
( -0  -16  79  )
( 32  36  55  )
( -16  -54  42  )
( 12  61  87  )
( 72  73  -0  )
( -11  65  16  )
( -18  6  -7  )
( 63  39  -29  )
( -7  56  93  )
( 52  54  -64  )
( 85  9  -34  )
( -88  95  -8  )
( -13  -56  29  )
( -79  -16  31  )
( -64  -12  6  )
( -38  -17  84  )
( 8  0  -32  )
( 65  79  -2  )
( 57  9  -49  )
( -53  18  85  )
( -76  -79  -9  )
( -47  -11  91  )
( -88  20  25  )
( 77  48  50  )
( 47  41  70  )
( 94  32  -64  )
( -29  76  -24  )
( 37  6  92  )
( 85  -27  86  )
( 92  99  -47  )
( -43  -54  -47  )
( -17  24  42  )
( 14  -23  99  )
( 11  53  -43  )
( 2  34  -24  )
( -89  38  -20  )
( -11  -75  -49  )
( -69  -78  22  )
( 39  -20  30  )
( 73  -67  65  )
( 20  -82  29  )
( 36  -92  -89  )
( -35  86  -56  )
( -43  -40  -63  )
( -22  4  82  )
( 25  -71  96  )
( -39  -37  10  )
( -27  78  34  )
( -91  -2  6  )
( -43  13  28  )
( 64  -36  44  )
( -54  -7  -24  )
( 7  -57  72  )
( -96  -34  -60  )
( 23  -36  -38  )
( -3  -19  46  )
( -78  8  -7  )
( 44  42  6  )
( -58  -71  91  )
( 84  71  -69  )
( -40  94  -33  )
( -96  18  19  )
( 26  -51  76  )
( -40  -28  -23  )
( -22  76  -93  )
( 97  12  -98  )
( 10  -74  -80  )
( -31  78  -65  )
( 75  -63  90  )
( -49  -84  41  )
( 94  3  77  )
( 17  97  -90  )
( -21  63  -53  )
( 9  70  14  )
( -40  41  4  )
( -57  11  -73  )
( 60  -58  -32  )
( -89  -93  -4  )
( -10  -9  -37  )
( -83  68  35  )
( 7  -94  -92  )
( 11  -30  -57  )
( 31  -67  76  )
( -87  -35  75  )
( 93  -89  5  )
( 83  42  28  )
( 18  85  28  )
( -19  76  -52  )
( 56  -14  93  )
( 30  71  20  )
( -69  -81  -46  )
( -5  90  37  )
( -45  -84  -52  )
( -96  79  -5  )
( 77  86  -17  )
( -41  -66  -65  )
( -38  -52  32  )
( 71  69  -74  )
( 9  37  76  )
( -84  7  18  )
( 76  -17  35  )
( 60  -44  -47  )
( -61  62  -37  )
( -26  17  -81  )
( -2  -22  -35  )
( 26  25  9  )
( -49  -38  83  )
( 88  92  -87  )
( 19  -77  14  )
( -45  -0  -5  )
( -71  72  52  )
( -26  -63  86  )
( 63  -66  54  )
( 50  63  -97  )
( -68  -9  21  )
( -54  -23  -58  )
( -86  -58  72  )
( 80  6  43  )
( -8  -56  80  )
( 33  -88  -48  )
( -75  -19  83  )
( 61  -41  13  )
( 29  8  -45  )
( -15  57  18  )
( -27  64  -76  )
( 56  24  97  )
( -52  48  -37  )
( 75  92  -17  )
( 39  -82  70  )
( 37  53  79  )
( 62  -94  -2  )
( 63  -99  43  )
( 49  -72  66  )
( 83  35  -91  )
( -65  -52  64  )
( 73  5  60  )
( -84  -15  29  )
( 23  79  25  )
( -56  66  8  )
( -16  29  66  )
( 25  70  63  )
( 84  80  -22  )
( -5  10  43  )
( -0  -53  -94  )
( -46  -99  23  )
( 82  -84  -77  )
( -8  37  -54  )
( 61  -16  -90  )
( -89  -16  41  )
( -36  87  58  )
( 43  3  0  )
( 52  -40  -90  )
( 55  93  -44  )
( 56  1  -89  )
( 76  -38  -46  )
( 8  -93  7  )
( -28  -78  73  )
( -64  -30  52  )
( -70  60  22  )
( -76  53  -34  )
( -52  -51  -4  )
( 43  -2  51  )
( 13  -66  92  )
( -24  -73  -71  )
( -37  16  94  )
( 66  -12  -45  )
( 1  -64  65  )
( 86  -79  -59  )
( 58  76  -51  )
( 87  -78  -65  )
( -77  -40  44  )
( -32  -11  -69  )
( 89  -30  -0  )
( 85  -90  96  )
( -11  -79  -62  )
( -20  -54  -34  )
( -71  -63  20  )
( -48  18  21  )
( -9  -92  82  )
( -51  93  60  )
( 43  -88  11  )
( -99  66  43  )
( 5  37  2  )
( 60  -8  -89  )
( -62  -39  -25  )
( -7  97  -12  )
( 50  14  75  )
( 47  -73  15  )
( -7  24  -56  )
( -89  -62  -42  )
( -80  -8  -50  )
( -9  15  -78  )
( 95  -82  31  )
( 39  -94  -97  )
( 27  -75  -83  )
( -1  9  33  )
( -51  -28  19  )
( -24  2  -16  )
( 69  83  40  )
( 85  37  43  )
( 87  28  -47  )
( 44  -27  75  )
( -1  38  74  )
( 72  -22  -71  )
( -89  69  -21  )
( -71  -36  18  )
( 2  -68  75  )
( 92  -25  -9  )
( -1  -62  -63  )
( -96  0  64  )
( 30  8  85  )
( -62  -67  18  )
( -35  -63  83  )
( -48  21  47  )
( 40  -73  -44  )
( -12  -21  -38  )
( -6  -46  -38  )
( -21  -12  -97  )
( -63  12  -13  )
( 71  98  -85  )
( -12  74  -82  )
( 19  24  55  )
( 62  -41  19  )
( -53  89  -16  )
( -13  -86  -58  )
( -48  -43  -77  )
( 55  -9  81  )
( 1  -79  33  )
( -59  -32  26  )
( 25  -63  -96  )
( 99  -98  -89  )
( 64  -87  69  )
( -57  -46  75  )
( 54  -91  65  )
( -39  -49  -52  )
( 77  61  47  )
( 94  -4  -54  )
( -4  86  0  )
( 24  79  -77  )
( -20  6  -66  )
( -81  -28  26  )
( -89  86  -59  )
( -91  47  -33  )
( -21  -59  -63  )
