( -2  -43  -5  )
( -92  -29  -78  )
( -2  -98  16  )
( 37  -7  -45  )
( -58  -81  -74  )
( 93  67  46  )
( 23  -31  3  )
( -36  -81  -54  )
( -8  11  13  )
( 5  -7  56  )
( -37  94  24  )
( -47  -92  -43  )
( -94  37  13  )
( -77  22  -91  )
( 25  -29  14  )
( -12  -28  -23  )
( 24  14  -75  )
( 95  -86  65  )
( -2  -6  11  )
( -51  74  11  )
( -10  -87  63  )
( -13  55  -48  )
( 53  -39  -30  )
( 57  -13  -24  )
( 81  12  37  )
( 81  69  -20  )
( -62  -27  -32  )
( -99  3  53  )
( -67  43  -8  )
( -41  17  20  )
( 89  51  -86  )
( -88  40  16  )
( 36  98  19  )
( 36  6  -28  )
( -94  85  -70  )
( 34  29  89  )
( 71  57  4  )
( -52  -78  80  )
( 42  -12  10  )
( 89  -78  -99  )
( 46  -2  -0  )
( -39  96  11  )
( 31  14  35  )
( 33  79  13  )
( 17  -48  62  )
( -40  51  45  )
( 41  -88  -83  )
( -54  -93  -76  )
( -71  70  60  )
( 19  -76  -94  )
( 8  84  26  )
( 87  44  59  )
( -61  73  -74  )
( -87  83  9  )
( -89  1  16  )
( -19  -62  -63  )
( -79  27  22  )
( -64  23  -50  )
( 44  78  -58  )
( 16  93  56  )
( -84  41  -56  )
( -25  93  45  )
( 59  25  -73  )
( -30  98  -19  )
( 30  17  -25  )
( 66  77  -42  )
( -54  -28  -39  )
( 21  -69  64  )
( -9  75  -85  )
( 83  -39  -81  )
( 3  30  -42  )
( 18  -68  54  )
( 6  -57  -28  )
( 87  -64  11  )
( -55  -65  26  )
( -16  -33  -40  )
( -82  -93  71  )
( 65  53  18  )
( -6  -22  -13  )
( 5  98  60  )
( 17  70  81  )
( 12  -85  -21  )
( 34  50  -40  )
( 78  -35  -6  )
( 87  -72  -89  )
( -82  47  -83  )
( 27  -82  14  )
( 42  -0  -10  )
( 27  98  -53  )
( -99  60  -55  )
( -28  59  -16  )
( -28  -55  -91  )
( 88  28  65  )
( 8  77  55  )
( -40  -56  -90  )
( -77  11  -41  )
( 13  11  -32  )
( 97  -67  -60  )
( -9  88  -74  )
( -73  -81  56  )
( 89  -93  81  )
( -12  49  -57  )
( 57  -82  93  )
( 24  7  20  )
( 28  24  -10  )
( -37  -74  -50  )
( -92  -58  59  )
( 2  -3  11  )
( 36  -35  -31  )
( 85  -29  23  )
( -93  75  -51  )
( -46  12  49  )
( 68  -75  -49  )
( 89  -99  53  )
( -7  -44  75  )
( -66  -41  -48  )
( 47  40  95  )
( -61  68  72  )
( -36  49  72  )
( 78  36  -31  )
( 46  -10  12  )
( -57  -19  37  )
( -21  -39  -24  )
( 34  33  20  )
( -32  -14  3  )
( -12  9  42  )
( -94  23  85  )
( 1  38  85  )
( -26  -57  79  )
( -70  77  -12  )
( -30  -78  20  )
( -76  49  38  )
( -98  -7  -60  )
( -78  53  -65  )
( 67  -97  21  )
( -42  -80  -81  )
( -78  85  84  )
( 96  -39  92  )
( 66  26  62  )
( 20  11  -14  )
( -77  45  -86  )
( -48  -87  40  )
( 69  87  21  )
( 2  90  -23  )
( 13  23  -87  )
( -31  80  -24  )
( 13  6  -95  )
( -57  -86  -0  )
( -8  15  -37  )
( -8  -78  61  )
( 87  -52  -62  )
( 43  -9  -73  )
( 79  34  11  )
( 81  -39  62  )
( -91  -66  -68  )
( 83  -1  77  )
( 8  36  -72  )
( 67  84  -9  )
( 70  57  -86  )
( 56  -4  -16  )
( 63  -30  24  )
( 39  -83  87  )
( -71  -37  -93  )
( 98  -7  -99  )
( 60  37  -1  )
( 77  97  38  )
( 65  37  85  )
( -53  92  -58  )
( -86  56  -77  )
( -40  -89  -3  )
( -78  71  -7  )
( -42  9  84  )
( -90  32  89  )
( -77  -76  -16  )
( 53  22  23  )
( -48  -2  53  )
( 13  -84  -90  )
( -53  68  42  )
( 13  55  53  )
( -79  47  56  )
( 62  -90  -52  )
( 53  70  24  )
( 59  -86  68  )
( 19  -72  -26  )
( -77  74  23  )
( -46  70  -78  )
( -90  -20  78  )
( -29  99  -64  )
( 87  -73  -81  )
( -71  -79  44  )
( -68  84  -22  )
( 44  50  79  )
( 51  -35  46  )
( -5  88  58  )
( 96  -30  43  )
( -67  46  0  )
( 12  91  -4  )
( -31  -36  -23  )
( -19  -51  63  )
( 42  -71  -63  )
( -9  4  -35  )
( 55  15  -61  )
( -87  29  -11  )
( 65  -70  47  )
( -2  64  -48  )
( -81  -80  -49  )
( -31  61  71  )
( -31  -9  84  )
( -98  43  -12  )
( -66  -51  -54  )
( 22  -87  -24  )
( -63  -58  -42  )
( -52  -51  15  )
( -12  -32  89  )
( -25  81  85  )
( -0  95  12  )
( -62  16  41  )
( -66  -7  -97  )
( -41  38  -46  )
( 15  -54  25  )
( 20  74  -6  )
( 45  -21  -77  )
( -19  -55  35  )
( 94  -32  -57  )
( 60  -75  -69  )
( 16  38  79  )
( 23  -15  87  )
( 1  -97  -96  )
( -74  -24  91  )
( -43  88  26  )
( -12  -16  41  )
( -79  84  22  )
( -53  -4  -57  )
( 18  -78  43  )
( 27  66  30  )
( -40  -30  -34  )
( -59  74  -41  )
( 75  -92  12  )
( 64  -73  42  )
( 8  86  99  )
( 65  93  8  )
( -49  -56  15  )
( -40  -18  -21  )
( -94  16  -29  )
( -25  59  -65  )
( -27  -2  47  )
( 99  44  7  )
( -6  -57  51  )
( -81  7  -15  )
( -51  50  -79  )
( 97  18  -7  )
( 81  22  -94  )
( 3  -52  -89  )
( 51  -21  -73  )
( 25  34  -90  )
( 28  13  48  )
( 52  48  -26  )
( -21  -1  19  )
( -8  -85  56  )
( 55  75  49  )
( -30  94  58  )
( 91  33  78  )
( -34  -56  -13  )
( -85  54  75  )
( 31  21  13  )
( 18  -13  -80  )
( -73  -92  76  )
( -13  82  94  )
( -22  23  -0  )
( -13  31  44  )
( 50  65  -14  )
( -97  -19  -84  )
( -91  -32  -18  )
( 21  -94  70  )
( -42  53  -45  )
( -65  26  -73  )
( -27  39  -24  )
( 94  -28  -35  )
( 98  60  5  )
( 35  48  95  )
( -47  35  11  )
( -44  -93  14  )
( 83  88  42  )
( 20  18  -73  )
( -25  -91  -80  )
( 4  65  51  )
( -29  -48  -60  )
( 3  -9  -79  )
( 8  25  -40  )
( -77  -12  -3  )
( -3  18  9  )
( 67  20  -23  )
( 86  -88  40  )
( -15  53  -35  )
( -20  -24  0  )
( -84  -74  59  )
( -49  83  -32  )
( 34  29  47  )
( 52  5  -73  )
( 8  19  49  )
( -7  98  -84  )
( 13  -93  67  )
( 36  97  87  )
( -66  -43  1  )
( -68  50  42  )
( 3  -34  16  )
( 72  -1  -9  )
( 90  -4  -89  )
( -32  37  -2  )
( -6  45  74  )
( -23  -1  67  )
( 76  -57  -61  )
( -2  -82  -66  )
( -45  98  -2  )
( 39  -30  50  )
( 87  18  89  )
( -61  53  -51  )
( -47  -41  81  )
( -52  95  -75  )
( -64  50  -77  )
( 9  77  27  )
( 5  46  53  )
( -76  8  80  )
( -97  -32  46  )
( -38  80  37  )
( 37  -12  -89  )
( -3  -31  -69  )
( 79  59  -42  )
( 22  23  40  )
( -79  -81  15  )
( -9  -33  -91  )
( -72  14  8  )
( 51  -85  61  )
( 5  -45  90  )
( -71  49  -69  )
( 22  -83  -24  )
( -31  50  17  )
( -99  82  13  )
( -31  33  -17  )
( -46  9  -27  )
( -45  82  60  )
( 75  85  42  )
( -19  -30  -67  )
( 85  -36  -53  )
( -10  19  -67  )
( 63  -67  92  )
( -72  -60  -10  )
( -84  -98  4  )
( -56  -35  -82  )
( 1  -21  -3  )
( 81  12  -59  )
( -43  23  -19  )
( -45  47  -56  )
( -88  79  29  )
( 71  -50  74  )
( -96  68  -14  )
( 99  65  35  )
( 98  17  -88  )
( 50  -97  34  )
( 91  -67  -98  )
( -59  35  -41  )
( -11  18  15  )
( -17  16  -14  )
( 71  -97  -90  )
( -81  -98  -59  )
( 30  -71  9  )
( -74  77  -3  )
( -34  94  78  )
( -6  -87  28  )
( -34  -3  -31  )
( 26  -6  12  )
( 23  52  -86  )
( 32  -49  48  )
( 50  68  95  )
( 46  -37  -7  )
( 26  -88  -66  )
( -89  85  15  )
( 43  69  37  )
( -51  22  86  )
( 59  72  -26  )
( -99  76  36  )
( 6  46  12  )
( 69  66  80  )
( -45  63  10  )
( -6  -43  -81  )
( 38  47  -13  )
( -62  -14  -12  )
( -1  19  -5  )
( 1  29  3  )
( -27  -15  63  )
( -64  72  66  )
( -44  59  82  )
( 71  52  -66  )
( 79  42  61  )
( -72  -75  -71  )
( -14  88  75  )
( -86  22  -12  )
( -77  56  33  )
( -47  88  -46  )
( -96  45  51  )
( 95  -81  31  )
( -95  -74  -70  )
( -13  -53  84  )
( -58  18  20  )
( -62  53  64  )
( 49  60  -33  )
( 13  2  -43  )
( -3  -14  27  )
( -44  -86  74  )
( 98  21  -69  )
( 81  76  7  )
( -67  -8  60  )
( -74  82  28  )
( 72  14  28  )
( 50  -65  44  )
( -65  68  85  )
( -8  38  90  )
( -70  79  -48  )
( -57  25  64  )
( 26  -3  -8  )
( 45  -7  -60  )
( 16  57  8  )
( -95  51  75  )
( 48  -29  72  )
( 2  -68  -5  )
( 16  -90  39  )
( -98  84  -60  )
