( -2  72  -39  )
( -83  -51  78  )
( -7  -13  -42  )
( 0  71  76  )
( -70  -36  -98  )
( -80  -45  21  )
( -60  -61  31  )
( 81  32  7  )
( 24  -50  92  )
( -79  51  42  )
( -94  -58  -34  )
( 70  85  -9  )
( -47  9  -62  )
( -5  57  88  )
( -81  57  -53  )
( -47  14  -48  )
( -90  -39  -57  )
( 41  70  -85  )
( 17  13  -73  )
( -46  13  15  )
( -0  -32  -26  )
( 45  14  10  )
( -95  -47  28  )
( -90  -94  8  )
( 6  -3  -87  )
( 63  29  57  )
( 22  89  20  )
( 54  94  -64  )
( 32  37  40  )
( 25  32  -41  )
( -52  -22  -92  )
( 74  49  51  )
( -51  28  -70  )
( 47  -36  40  )
( 8  -4  72  )
( -73  4  88  )
( 54  -42  -84  )
( -99  53  45  )
( -17  63  -53  )
( 43  46  88  )
( 90  -27  19  )
( -97  86  18  )
( 95  -50  20  )
( 62  -13  -50  )
( 19  82  2  )
( 92  5  -20  )
( -91  74  94  )
( -38  -86  97  )
( 91  -88  54  )
( -93  -67  3  )
( -77  79  -58  )
( 61  -72  -26  )
( -93  19  82  )
( 82  -47  -92  )
( -96  -73  2  )
( 87  74  22  )
( -16  77  -66  )
( 98  -86  65  )
( -80  72  -32  )
( -99  17  -84  )
( 89  86  -2  )
( -54  80  -35  )
( 90  -28  -85  )
( -36  -88  25  )
( 31  79  57  )
( -95  5  10  )
( -53  61  -8  )
( -20  -25  27  )
( 80  -52  -39  )
( -48  51  -2  )
( -70  -16  -76  )
( -2  -4  55  )
( 28  33  -13  )
( 63  98  64  )
( 27  -16  48  )
( -26  -74  -1  )
( -25  61  32  )
( 75  -87  -52  )
( -15  -57  -10  )
( -25  91  28  )
( 63  77  78  )
( -43  39  -46  )
( -18  50  -77  )
( -24  48  37  )
( -56  9  -6  )
( -86  94  13  )
( 58  -21  -26  )
( -61  -50  -75  )
( 61  24  -1  )
( -65  75  47  )
( 84  -64  27  )
( 59  53  -35  )
( -43  -35  67  )
( 63  49  -71  )
( 18  -51  -27  )
( 63  84  34  )
( -66  -27  -47  )
( -30  51  62  )
( 43  -66  8  )
( -85  34  95  )
( -42  -45  84  )
( 15  44  78  )
( -81  16  37  )
( 50  -80  -65  )
( -0  56  -40  )
( -62  -0  39  )
( 0  15  9  )
( -29  -52  74  )
( -38  -90  -87  )
( -88  16  6  )
( -2  1  80  )
( 26  -36  -27  )
( 2  -50  94  )
( -36  -69  -21  )
( 19  84  -82  )
( 85  -93  -17  )
( -43  -15  -28  )
( 75  -89  -45  )
( 7  28  -68  )
( 44  -25  22  )
( -90  12  56  )
( -83  -43  -27  )
( 83  -95  -85  )
( -47  -30  61  )
( -15  76  32  )
( 97  69  74  )
( -73  -12  4  )
( 92  19  -87  )
( 0  72  91  )
( -20  98  75  )
( 7  -54  -16  )
( 1  -18  -31  )
( 11  86  81  )
( 82  -70  -2  )
( -29  -69  98  )
( 96  -97  85  )
( -19  -6  64  )
( -67  -76  58  )
( -29  27  90  )
( 16  40  60  )
( -53  -50  -95  )
( 33  -70  93  )
( 84  57  67  )
( -13  67  -62  )
( 6  41  -87  )
( -64  57  86  )
( -26  20  -21  )
( 9  32  -44  )
( 47  85  48  )
( 41  -66  34  )
( -88  -70  42  )
( -49  -37  41  )
( -33  -78  -72  )
( -54  32  -16  )
( -12  -0  60  )
( 26  29  -81  )
( 75  -38  28  )
( -80  2  20  )
( 66  3  -76  )
( -4  -32  48  )
( -8  34  -74  )
( -29  51  28  )
( -66  62  71  )
( 67  -98  -6  )
( 58  32  38  )
( -67  74  48  )
( 64  67  -48  )
( 71  57  -97  )
( 73  18  51  )
( -86  77  -0  )
( -70  29  53  )
( -66  -40  -79  )
( 97  -33  -36  )
( -7  40  -14  )
( -24  -48  -26  )
( -0  -39  -49  )
( -9  76  -30  )
( -43  -66  94  )
( 13  44  25  )
( 22  42  48  )
( 36  -83  79  )
( -80  -0  -2  )
( -43  -68  -79  )
( -81  52  49  )
( -89  77  -99  )
( 69  89  61  )
( 0  81  -92  )
( 5  51  -4  )
( 26  32  50  )
( 17  3  72  )
( -94  -42  -98  )
( -89  -59  56  )
( -79  -53  -12  )
( 70  72  21  )
( -65  35  -45  )
( -88  -73  -91  )
( 87  64  89  )
( 70  34  -92  )
( 9  64  50  )
( 11  14  80  )
( 1  88  57  )
( -26  37  62  )
( -74  83  25  )
( -43  97  -5  )
( 86  90  -42  )
( -35  -20  2  )
( -18  15  77  )
( 44  -93  3  )
( 9  79  -94  )
( -67  -43  -49  )
( 96  87  -47  )
( 39  15  81  )
( 14  39  -26  )
( -21  51  -38  )
( -42  6  -56  )
( -53  -39  -21  )
( 35  -94  -60  )
( -97  35  96  )
( -94  -59  71  )
( -78  -96  -31  )
( 57  -25  84  )
( -68  -61  13  )
( -55  -56  -61  )
( -58  38  62  )
( -30  93  77  )
( 74  -43  6  )
( 60  -96  78  )
( -45  -24  12  )
( 81  94  -52  )
( -86  -63  98  )
( -45  56  10  )
( -87  -42  18  )
( -26  29  48  )
( -51  -92  42  )
( 46  -1  41  )
( 11  -12  59  )
( 71  75  31  )
( -14  -63  98  )
( -72  -59  53  )
( 89  36  -72  )
( -96  -4  44  )
( -68  77  -91  )
( -44  59  80  )
( 44  -55  80  )
( 20  -48  -5  )
( 60  -28  -50  )
( -56  88  -14  )
( -55  -20  40  )
( -47  38  -95  )
( -0  34  17  )
( -39  12  13  )
( -50  8  64  )
( -66  -59  -43  )
( -38  -48  -81  )
( -10  -31  -12  )
( -55  51  10  )
( 36  82  60  )
( 44  27  83  )
( -22  -77  -18  )
( -13  15  -27  )
( 70  14  81  )
( 56  -63  -19  )
( -78  76  31  )
( -68  -60  -30  )
( 82  -86  75  )
( -28  -69  73  )
( 68  37  87  )
( 16  9  -65  )
( 12  -60  62  )
( -77  -19  -66  )
( -41  -48  -84  )
( -15  -25  90  )
( -63  5  -81  )
( 76  -23  -34  )
( -74  67  72  )
( -13  -31  36  )
( -51  28  30  )
( 58  24  -66  )
( -88  65  22  )
( -36  -81  -57  )
( -76  47  -37  )
( 46  -22  -99  )
( -81  -23  -34  )
( -29  64  -58  )
( -79  80  -45  )
( 5  -23  -30  )
( -97  -89  -6  )
( 17  -78  -4  )
( 68  88  14  )
( 21  53  -13  )
( 16  46  -57  )
( -77  -65  50  )
( -47  69  -99  )
( 1  42  -11  )
( -90  40  26  )
( -66  -21  47  )
( 47  -56  -92  )
( -20  -26  19  )
( 40  -12  -57  )
( 3  -64  27  )
( 87  93  -57  )
( -0  47  -66  )
( 31  -34  -48  )
( 49  3  13  )
( 50  -93  17  )
( 53  86  91  )
( -98  -39  -25  )
( 92  70  -59  )
( 92  51  85  )
( 6  16  -3  )
( -77  45  74  )
( -91  24  -97  )
( -68  -98  -50  )
( -1  63  -75  )
( 8  -24  -46  )
( -70  -28  55  )
( -50  4  30  )
( 55  90  -39  )
( -21  -70  40  )
( 54  65  68  )
( -17  -3  -8  )
( 98  -39  13  )
( 71  10  99  )
( -92  83  70  )
( 71  -90  -73  )
( -2  39  97  )
( 98  69  40  )
( 51  1  -86  )
( -71  22  43  )
( 69  26  52  )
( -54  80  -75  )
( -41  -76  19  )
( 29  -4  -64  )
( -58  -43  -16  )
( 35  -43  81  )
( 57  -44  82  )
( -62  -9  4  )
( -62  25  95  )
( 64  -22  47  )
( 12  30  8  )
( 56  -74  -68  )
( -90  94  35  )
( 42  -81  96  )
( -92  -74  -81  )
( -11  -90  0  )
( 13  -93  -28  )
( 29  -67  -5  )
( 35  -9  -82  )
( 5  -21  80  )
( -10  -89  27  )
( -6  -5  89  )
( 70  81  62  )
( 33  20  71  )
( -28  -64  69  )
( 22  -93  7  )
( 3  33  -92  )
( 6  56  -5  )
( 49  -57  -33  )
( -53  -65  -50  )
( -53  30  68  )
( -71  -28  -77  )
( -8  -56  -2  )
( -51  -68  -1  )
( 38  63  89  )
( -38  12  -49  )
( -75  -8  -29  )
( 1  82  -86  )
( 73  -85  10  )
( 9  6  -97  )
( 99  89  78  )
( -42  -87  -91  )
( 16  -68  41  )
( 39  -69  70  )
( 11  4  -18  )
( 23  -25  49  )
( 21  9  -15  )
( -6  -94  -33  )
( 39  -36  -86  )
( 5  76  -96  )
( 42  43  12  )
( -3  -60  -70  )
( -13  27  17  )
( -42  -38  90  )
( 77  -11  47  )
( -48  -75  -45  )
( -69  -88  -47  )
( -39  21  90  )
( 3  78  47  )
( 83  -35  8  )
( -42  5  80  )
( 78  97  53  )
( -59  98  -1  )
( -78  5  28  )
( 58  91  62  )
( 91  95  -40  )
( 42  74  -16  )
( 43  81  78  )
( -84  -18  -94  )
( -19  74  61  )
( 76  82  63  )
( -53  41  93  )
( 25  -78  81  )
( 77  -43  -57  )
( 5  -52  21  )
( 44  18  86  )
( -69  -94  22  )
( 47  18  -49  )
( -73  -55  66  )
( 54  -47  -4  )
( -48  -23  -72  )
( -65  -41  -57  )
( 17  96  -95  )
( 86  -90  -36  )
( 48  -68  2  )
( 6  -86  -4  )
( -90  -56  -19  )
( 57  -26  -35  )
( -9  37  35  )
( -17  38  -20  )
( 56  32  -23  )
( -83  13  23  )
( 32  -35  -94  )
( -74  58  45  )
( -89  18  -25  )
( -19  29  7  )
( 10  -87  68  )
( -96  74  36  )
