( -23  -2  20  )
( -22  82  -75  )
( -22  -60  -36  )
( -85  -7  14  )
( -70  89  -16  )
( 4  -46  70  )
( -16  76  -63  )
( -16  88  -33  )
( -64  -97  -37  )
( 65  92  26  )
( 86  -44  61  )
( 79  -88  -29  )
( -92  -71  -53  )
( 69  -26  -6  )
( -17  -16  3  )
( -84  0  -7  )
( 44  40  68  )
( -69  70  6  )
( -51  36  89  )
( 62  -1  -82  )
( 30  -71  -19  )
( 81  61  97  )
( 27  -58  -10  )
( -74  -55  40  )
( -19  -51  82  )
( -62  -15  -10  )
( -80  99  63  )
( -90  -69  -9  )
( -9  -38  31  )
( 30  -57  26  )
( -45  -9  -62  )
( -84  86  5  )
( -53  70  22  )
( -85  15  79  )
( 51  -37  -0  )
( -55  50  -70  )
( -84  -92  78  )
( -37  88  -89  )
( 92  -93  -59  )
( 9  98  -85  )
( -24  -98  62  )
( -18  27  -20  )
( 49  -16  1  )
( 34  -94  99  )
( -14  9  5  )
( 38  36  -96  )
( 87  -48  17  )
( 59  -77  40  )
( -35  -55  53  )
( 57  60  -97  )
( -73  -2  -45  )
( 71  -10  -28  )
( 48  99  -39  )
( -91  -62  -30  )
( 21  22  89  )
( 54  62  -90  )
( -88  -60  -43  )
( 47  -32  -22  )
( 34  -74  32  )
( 87  -12  22  )
( 6  58  -47  )
( -99  -47  -10  )
( 28  -65  -13  )
( -71  -23  -97  )
( 78  -35  92  )
( -22  31  -63  )
( 39  -18  -80  )
( -0  -67  81  )
( -33  4  44  )
( 96  19  98  )
( 53  -84  69  )
( -91  -22  71  )
( -99  -84  73  )
( -86  50  -82  )
( -18  -88  -94  )
( 31  33  -49  )
( 16  72  -66  )
( 72  -34  -78  )
( 39  36  -4  )
( -30  75  60  )
( 36  51  -19  )
( -83  -64  66  )
( 10  -81  49  )
( -27  43  15  )
( 48  98  30  )
( 41  -69  -43  )
( -77  30  -31  )
( -26  49  87  )
( 51  41  82  )
( -92  -87  80  )
( 95  67  -34  )
( -41  -22  92  )
( 24  -66  -38  )
( -87  74  -32  )
( 79  -53  -25  )
( -82  10  62  )
( -87  -94  -27  )
( 61  -81  -32  )
( -62  27  96  )
( 47  -40  2  )
( -81  2  -91  )
( -21  -4  -56  )
( -21  82  -22  )
( -13  -27  18  )
( -4  -18  19  )
( -38  -79  -53  )
( 90  59  -24  )
( -54  -84  10  )
( -19  -84  13  )
( 3  94  93  )
( 21  -11  -15  )
( -13  85  81  )
( 95  16  -42  )
( 14  -33  36  )
( -31  -33  -36  )
( 69  -6  72  )
( 92  29  -20  )
( 8  7  10  )
( -7  60  6  )
( -62  36  85  )
( -90  91  53  )
( 13  71  -84  )
( -51  28  88  )
( -43  56  -69  )
( -19  -75  -63  )
( -98  -1  32  )
( -98  -93  -61  )
( 7  62  -79  )
( -70  58  -33  )
( -52  -1  47  )
( -2  11  -36  )
( -46  -40  -20  )
( -89  86  -41  )
( -56  -32  1  )
( 37  5  79  )
( 29  -15  -17  )
( 31  7  -57  )
( -50  -47  -31  )
( -85  -84  -13  )
( 55  22  53  )
( 42  -95  70  )
( 61  -37  96  )
( -3  -9  -58  )
( -28  75  -69  )
( 4  78  75  )
( 55  29  40  )
( -58  -0  84  )
( 76  -97  -85  )
( 19  57  58  )
( 37  54  -64  )
( 30  18  21  )
( -13  77  -25  )
( 92  35  -1  )
( 50  -15  -69  )
( -25  -83  55  )
( -8  -28  66  )
( -57  -64  -9  )
( 26  14  -5  )
( 39  -98  44  )
( -18  48  -41  )
( -5  -94  2  )
( -20  36  87  )
( -2  58  70  )
( -29  87  12  )
( -5  74  0  )
( 0  -28  -72  )
( -76  -16  -32  )
( 99  -18  -77  )
( -26  91  -76  )
( -68  -94  22  )
( -86  62  -99  )
( 96  27  37  )
( 58  33  -56  )
( 74  97  88  )
( 76  -72  -30  )
( 52  22  38  )
( -99  89  29  )
( 32  6  -82  )
( 12  -65  -46  )
( -88  17  -2  )
( 88  62  -3  )
( -88  -49  59  )
( 62  94  98  )
( 69  -93  9  )
( 73  -40  57  )
( -61  -21  -18  )
( 96  95  -79  )
( -29  92  77  )
( -63  41  -91  )
( 26  -31  25  )
( 59  -20  -75  )
( 46  -6  -3  )
( -26  -17  54  )
( -13  -0  75  )
( -12  -88  79  )
( 2  44  -72  )
( -3  78  -39  )
( 24  -7  49  )
( -21  -60  91  )
( -71  -52  67  )
( 6  -52  77  )
( -73  2  -88  )
( -51  32  -29  )
( 38  6  -79  )
( 2  -71  0  )
( -46  -88  -29  )
( 32  -93  27  )
( -94  -54  22  )
( -14  -81  79  )
( 98  -21  -49  )
( -34  17  64  )
( -11  -44  51  )
( -12  -54  -16  )
( -65  80  6  )
( 20  8  -45  )
( 78  -82  -94  )
( 31  8  95  )
( -55  -94  -21  )
( 6  -2  43  )
( 4  -56  -87  )
( -12  96  23  )
( -81  -90  16  )
( 77  67  66  )
( -51  14  -33  )
( -5  17  -80  )
( 15  -67  -29  )
( 24  89  -86  )
( -71  -91  5  )
( -7  -69  79  )
( 52  -82  61  )
( 65  -24  89  )
( -55  -5  56  )
( -60  -32  -98  )
( 68  -82  -1  )
( -75  15  -21  )
( -86  9  -5  )
( -3  83  -24  )
( -23  -79  -88  )
( -1  36  97  )
( -14  63  -32  )
( -83  21  2  )
( 56  -63  24  )
( 25  -64  -40  )
( 94  48  86  )
( 57  60  -96  )
( 15  -29  2  )
( -28  17  -45  )
( -32  -34  88  )
( -26  -66  83  )
( -84  -15  37  )
( -89  28  -91  )
( -42  35  -4  )
( -21  76  7  )
( -99  61  27  )
( -74  -79  -7  )
( 76  -78  55  )
( 61  -14  45  )
( -55  13  34  )
( 46  97  -49  )
( 70  -77  -39  )
( -89  -52  68  )
( -91  -8  -36  )
( 47  -85  -19  )
( 38  74  -51  )
( 49  -44  -85  )
( 48  -0  17  )
( 27  -51  -93  )
( -23  -77  6  )
( -12  40  -92  )
( -19  85  -0  )
( -24  82  -45  )
( -51  77  -0  )
( -7  -90  -98  )
( -50  -71  15  )
( -57  -4  22  )
( -84  -82  -12  )
( 92  -15  -25  )
( -64  -48  -1  )
( 53  20  60  )
( 82  -35  67  )
( -87  -51  71  )
( 92  -50  42  )
( -1  36  4  )
( 68  -41  -46  )
( 88  -7  10  )
( -15  69  71  )
( 26  -86  -47  )
( -89  8  82  )
( 43  -40  -25  )
( -56  -28  -19  )
( -91  -9  -68  )
( 54  -52  -63  )
( 63  -59  74  )
( -18  -39  -90  )
( 33  -46  -49  )
( 14  20  15  )
( -18  42  -60  )
( 14  47  62  )
( -52  -7  -92  )
( -96  -46  -5  )
( 73  35  -36  )
( -16  -30  -92  )
( 3  34  86  )
( -15  22  41  )
( 35  -33  -28  )
( -1  36  -11  )
( -1  6  44  )
( -0  -27  23  )
( -70  11  -26  )
( -87  48  85  )
( -77  -71  10  )
( -56  36  -60  )
( 96  67  77  )
( 94  82  70  )
( -6  -82  50  )
( -36  82  98  )
( -57  -66  17  )
( 4  -58  -2  )
( 14  55  -58  )
( -44  42  -48  )
( 27  -64  -65  )
( 11  14  63  )
( -98  -33  -40  )
( -27  68  25  )
( 15  33  -45  )
( -65  -55  69  )
( 69  77  -55  )
( 51  -75  98  )
( -8  69  66  )
( 43  -92  -81  )
( -3  -95  -72  )
( -72  76  18  )
( 88  83  -20  )
( -96  -48  -21  )
( -11  -54  97  )
( -89  24  64  )
( 77  81  -50  )
( 16  -51  41  )
( 9  96  35  )
( -1  -21  74  )
( -25  9  90  )
( -23  73  -42  )
( -33  -90  -3  )
( -62  -79  -0  )
( -68  -63  -45  )
( -34  62  -30  )
( -72  54  -97  )
( 9  -41  -92  )
( 77  -94  46  )
( 15  98  -69  )
( -31  65  69  )
( 82  -24  -79  )
( 81  -34  7  )
( 84  86  55  )
( 91  -61  84  )
( -74  80  91  )
( 7  67  -90  )
( 93  -7  38  )
( -94  71  50  )
( 38  -13  -59  )
( 6  48  -69  )
( 80  -12  48  )
( -5  -32  37  )
( -87  51  -84  )
( 37  81  -86  )
( 17  -69  7  )
( 74  50  -95  )
( -11  26  80  )
( 14  56  -49  )
( -76  28  -89  )
( -49  56  -96  )
( 82  -55  32  )
( 16  -49  15  )
( 62  -50  94  )
( 71  82  -45  )
( 27  -56  -69  )
( -14  11  97  )
( 0  -40  35  )
( 44  -1  -92  )
( -45  -97  -2  )
( 67  41  34  )
( 40  58  37  )
( 5  43  25  )
( -67  14  0  )
( 57  -42  -58  )
( -35  61  -68  )
( 16  -92  17  )
( 12  75  -23  )
( -51  39  -25  )
( 30  91  84  )
( -38  83  59  )
( -66  -56  -63  )
( -83  37  61  )
( 1  47  68  )
( 29  -31  60  )
( -66  77  -12  )
( 58  -43  62  )
( 62  58  75  )
( -72  32  2  )
( -22  -58  27  )
( -83  -50  -43  )
( -3  89  79  )
( -63  -30  33  )
( 96  28  -20  )
( 71  -8  11  )
( 90  52  -57  )
( 10  87  -32  )
( -95  39  -23  )
( 51  53  5  )
( 85  36  -7  )
( -1  -50  -94  )
( -35  28  79  )
( -82  -96  -22  )
( -78  -9  90  )
( -35  14  -0  )
( -36  30  14  )
( -88  -44  -4  )
( -83  -13  -53  )
( 35  46  87  )
( 3  -78  4  )
( 23  -37  -18  )
( 41  86  -79  )
( -67  -25  80  )
( -57  39  -73  )
( -73  -45  86  )
( 87  66  -17  )
( -84  -94  -76  )
