( 48  25  64  )
( 18  58  -64  )
( -95  -44  -3  )
( -3  -30  -54  )
( 39  44  -64  )
( 46  -84  -82  )
( 58  -85  -35  )
( 28  -39  -29  )
( -67  59  78  )
( 51  -63  84  )
( 96  59  78  )
( 11  97  -43  )
( 17  19  56  )
( -79  -59  -86  )
( 64  -45  37  )
( -56  78  -90  )
( 6  76  29  )
( 93  42  20  )
( 70  -13  17  )
( -79  -70  48  )
( 84  19  -41  )
( -94  20  31  )
( -34  -43  -50  )
( 27  -90  40  )
( 26  -24  -73  )
( -40  -21  14  )
( 10  87  -50  )
( 74  -60  4  )
( 98  -75  52  )
( 81  74  -1  )
( 8  45  -94  )
( -2  -67  -19  )
( -24  -57  98  )
( -81  -73  4  )
( 41  62  -80  )
( 2  -89  -94  )
( -86  71  81  )
( -4  -14  41  )
( 37  5  59  )
( 27  -15  77  )
( -92  -94  -57  )
( 58  51  -41  )
( 78  82  -52  )
( 40  62  27  )
( 0  -60  29  )
( 15  -62  89  )
( 90  -71  45  )
( 55  -85  -14  )
( 86  54  -96  )
( -7  87  35  )
( -81  23  -91  )
( -82  -20  91  )
( -61  -12  -48  )
( 21  -10  -37  )
( 40  -32  -78  )
( 0  -85  -53  )
( -48  -9  -67  )
( -2  28  -44  )
( -56  -86  -90  )
( -36  49  7  )
( -53  83  -48  )
( -83  39  78  )
( 93  -4  -87  )
( 85  -48  16  )
( -12  -82  -98  )
( 93  -64  88  )
( -34  -47  93  )
( 39  -65  36  )
( 50  47  9  )
( 78  -1  52  )
( 86  -39  51  )
( 62  35  24  )
( -7  -66  95  )
( -79  12  -48  )
( -76  30  -13  )
( -54  -35  60  )
( -24  -64  -94  )
( -95  -15  -91  )
( 68  -79  -16  )
( -25  29  -75  )
( -44  22  17  )
( 45  -26  -8  )
( 26  43  -0  )
( 39  36  -30  )
( 29  50  90  )
( -92  78  13  )
( 34  42  -21  )
( 4  -83  -2  )
( 45  7  84  )
( 77  -40  22  )
( -49  -43  -80  )
( 19  -96  77  )
( -88  -83  56  )
( -28  -18  -55  )
( 31  -27  41  )
( -27  -89  -70  )
( 65  97  -93  )
( 76  2  49  )
( 88  56  3  )
( 98  40  -76  )
( -5  -75  41  )
( -54  -39  -55  )
( 50  -17  23  )
( 35  -73  -13  )
( 16  -7  8  )
( -62  -94  -37  )
( 93  -34  94  )
( -89  93  54  )
( -11  65  54  )
( -91  46  -57  )
( 86  -35  98  )
( 30  -4  52  )
( -60  47  -50  )
( 48  85  30  )
( -51  84  -34  )
( 52  11  18  )
( -26  10  78  )
( -11  54  -23  )
( 58  9  -29  )
( 53  -17  82  )
( 67  34  -47  )
( 95  1  -79  )
( -17  85  -14  )
( 89  86  -6  )
( -38  31  -41  )
( 94  -25  4  )
( 51  -43  -18  )
( 22  -68  40  )
( 38  -84  85  )
( -61  72  80  )
( 1  3  55  )
( 24  90  17  )
( 12  62  74  )
( -30  -87  41  )
( 99  94  37  )
( 88  -10  -60  )
( 37  -87  66  )
( 48  -62  51  )
( 28  21  -32  )
( 18  52  11  )
( -95  -22  42  )
( -65  -56  2  )
( -53  -71  -82  )
( -9  73  -37  )
( 96  27  89  )
( -33  -72  -41  )
( -92  86  87  )
( 70  -66  36  )
( 16  -79  75  )
( 33  2  -53  )
( -0  -42  -28  )
( 69  95  14  )
( -93  -87  -6  )
( 14  44  -68  )
( -27  -98  -18  )
( 1  -31  80  )
( 60  -9  57  )
( 17  -18  35  )
( 60  33  -70  )
( 85  -86  45  )
( -35  -70  -51  )
( -25  -23  12  )
( 1  48  -6  )
( 1  24  -40  )
( 29  97  78  )
( 95  -71  23  )
( -39  -50  -76  )
( 32  -65  76  )
( 62  36  82  )
( 55  87  8  )
( -7  -39  63  )
( 16  64  80  )
( 73  29  -65  )
( -4  22  -45  )
( -70  -61  74  )
( -27  -40  85  )
( -18  -32  6  )
( -34  -79  19  )
( -98  7  70  )
( 64  63  81  )
( 70  -73  16  )
( 72  -79  -87  )
( 4  81  53  )
( -32  -56  27  )
( -37  -55  -92  )
( 34  -65  17  )
( 47  -36  6  )
( -17  -36  60  )
( -76  -55  -83  )
( 70  78  64  )
( 39  -10  65  )
( -8  57  64  )
( 36  46  -84  )
( 22  -32  56  )
( -21  -23  80  )
( 94  -4  74  )
( -40  12  -38  )
( -51  35  71  )
( -88  -30  66  )
( 75  1  -26  )
( -16  -87  -48  )
( 44  40  -21  )
( -14  -13  -30  )
( -76  53  36  )
( -67  -27  92  )
( -72  73  -76  )
( -9  54  56  )
( 65  67  -55  )
( 29  78  -8  )
( -6  -92  -7  )
( -94  -97  14  )
( -38  31  67  )
( -12  15  85  )
( -54  -11  -55  )
( 38  -98  -26  )
( 63  32  38  )
( 8  -79  24  )
( 7  -12  -34  )
( -36  -52  96  )
( 36  4  -71  )
( -25  10  38  )
( 14  0  -94  )
( -24  -70  20  )
( -26  25  33  )
( 53  77  10  )
( -57  29  27  )
( -80  4  34  )
( -21  92  -8  )
( 46  89  4  )
( 85  -98  -60  )
( -23  80  -7  )
( 47  -51  33  )
( -86  25  37  )
( 90  -73  35  )
( 11  9  -27  )
( -53  0  56  )
( 94  6  33  )
( 91  -68  0  )
( -71  -94  46  )
( 97  54  72  )
( -94  99  27  )
( 79  48  97  )
( -37  54  -19  )
( -75  -95  -29  )
( 93  33  -71  )
( -68  -70  -7  )
( 84  72  89  )
( 90  36  -29  )
( 13  89  -65  )
( 58  48  -3  )
( -74  19  36  )
( -87  -31  60  )
( -70  -76  46  )
( 23  89  -49  )
( -95  29  -23  )
( 54  -97  -34  )
( -8  -26  90  )
( -80  -1  -38  )
( 13  93  -59  )
( -64  -66  25  )
( -95  -54  -91  )
( -38  83  -92  )
( 75  28  -20  )
( 55  17  46  )
( 7  83  -56  )
( 89  -36  39  )
( -11  37  91  )
( -63  18  -96  )
( -87  14  -86  )
( -73  -48  -25  )
( 5  -34  -21  )
( 17  -85  63  )
( 19  -49  -76  )
( 35  11  -73  )
( 0  88  85  )
( -73  -55  -61  )
( -33  -76  27  )
( -98  85  86  )
( -0  -77  70  )
( 82  13  69  )
( 29  -71  75  )
( 19  59  -70  )
( -44  -17  -35  )
( 31  -83  77  )
( -96  -6  44  )
( 59  -7  -98  )
( 23  -78  -24  )
( 36  -4  -13  )
( -1  -35  -30  )
( -41  -98  -48  )
( -69  20  80  )
( -44  62  45  )
( -69  -53  32  )
( 0  -97  37  )
( -18  -58  -65  )
( 24  79  51  )
( -48  0  -42  )
( -70  -12  38  )
( -11  47  -62  )
( 3  -94  9  )
( 38  68  19  )
( 40  94  83  )
( -12  -30  8  )
( 3  48  -68  )
( -94  -45  -60  )
( -68  -15  -41  )
( -7  15  73  )
( -91  -30  89  )
( 8  98  63  )
( 62  -75  27  )
( 10  3  97  )
( 21  58  -22  )
( 7  -96  -73  )
( -15  -8  34  )
( -26  -64  -42  )
( -61  7  50  )
( -99  36  -26  )
( -95  86  -82  )
( 52  -55  -18  )
( 36  -76  44  )
( -92  27  96  )
( -81  -87  -55  )
( -33  38  40  )
( -32  43  45  )
( -84  -44  8  )
( -38  -67  64  )
( -6  -3  -96  )
( -57  79  -20  )
( 22  66  92  )
( 94  60  -57  )
( 90  49  56  )
( 44  73  37  )
( 45  -38  -64  )
( -43  -70  -74  )
( -46  14  67  )
( -34  50  -21  )
( -41  -87  89  )
( -45  -10  12  )
( 39  -87  -4  )
( -74  -3  10  )
( 72  -58  -42  )
( -39  -37  -15  )
( 79  -85  -68  )
( 34  -19  -13  )
( -15  -39  1  )
( 68  59  -93  )
( 92  56  -73  )
( -23  3  77  )
( -56  75  19  )
( -31  -87  34  )
( -97  -18  -49  )
( 39  96  91  )
( 88  -22  55  )
( -90  3  53  )
( 84  94  14  )
( 39  26  25  )
( -33  77  12  )
( 75  -49  59  )
( 99  84  -25  )
( -77  67  99  )
( 5  -75  -10  )
( 95  69  25  )
( -76  92  9  )
( -13  -27  36  )
( -43  31  -9  )
( -45  -35  -46  )
( -48  -80  -4  )
( 37  -6  83  )
( -25  12  -7  )
( -16  -60  86  )
( -71  -40  -31  )
( -23  46  -76  )
( 57  -71  60  )
( -25  68  90  )
( -57  27  -36  )
( -5  -35  31  )
( 43  -45  -54  )
( 14  -34  -15  )
( 14  -29  53  )
( -72  68  -29  )
( 59  8  -1  )
( 35  26  47  )
( -95  79  5  )
( -55  93  -36  )
( -39  82  20  )
( 12  49  -57  )
( 45  24  -25  )
( -91  64  32  )
( -53  39  -10  )
( -3  -41  -40  )
( 83  -63  -66  )
( 47  3  35  )
( -62  66  -83  )
( 20  -74  39  )
( -75  81  10  )
( 70  44  8  )
( -8  -67  56  )
( 27  76  -46  )
( -32  90  -59  )
( 80  59  36  )
( 31  -66  -69  )
( 77  -94  -43  )
( -72  82  -46  )
( 17  -29  60  )
( 16  -35  7  )
( -57  84  94  )
( 67  -73  13  )
( 57  -17  92  )
( 73  11  26  )
( -42  -33  -79  )
( -16  -30  -98  )
( 72  12  -78  )
( -95  -69  65  )
( 99  -62  -34  )
( -79  -49  27  )
( -47  74  13  )
( -63  32  57  )
( -13  29  16  )
( 61  1  -93  )
( -33  78  73  )
( -65  37  29  )
( -13  -29  -96  )
( 5  -66  -8  )
( 97  39  69  )
( 21  23  28  )
( -36  -79  -58  )
( 89  49  -84  )
