( -65  70  -51  )
( -50  -76  -54  )
( 65  -58  0  )
( -7  -47  8  )
( 17  -96  -90  )
( -82  -3  -36  )
( -78  37  13  )
( 13  58  -67  )
( 67  -46  23  )
( -44  -90  95  )
( -97  -32  41  )
( -25  16  62  )
( 89  21  -95  )
( -24  35  -10  )
( -88  -7  -27  )
( -43  -74  -77  )
( 61  24  0  )
( 97  -17  -22  )
( 95  -44  10  )
( 57  45  -30  )
( -90  -63  35  )
( 51  -56  92  )
( -78  -71  46  )
( -57  60  10  )
( -89  48  -29  )
( -12  53  -79  )
( -45  -64  5  )
( -66  -33  -4  )
( -90  -44  98  )
( -4  -30  29  )
( 26  -0  93  )
( -84  68  76  )
( -13  -49  63  )
( 53  22  -59  )
( 19  -7  -74  )
( 23  -61  -30  )
( -54  10  -27  )
( 78  83  14  )
( -54  61  -63  )
( -56  51  2  )
( 55  72  -9  )
( 68  0  90  )
( 10  82  13  )
( 6  -47  -14  )
( -27  17  -15  )
( -95  15  20  )
( 62  30  -94  )
( 11  -56  31  )
( -77  -81  -97  )
( 90  -79  -56  )
( 35  -62  87  )
( -73  -19  32  )
( -52  4  38  )
( -56  -43  28  )
( 5  -98  87  )
( -62  -34  -2  )
( -8  91  -98  )
( -20  -1  -97  )
( -48  10  -35  )
( -40  73  55  )
( 60  -7  -56  )
( -79  65  61  )
( 56  -68  -89  )
( 10  91  37  )
( -11  -42  -72  )
( -4  49  95  )
( -73  -70  41  )
( 20  61  -40  )
( 77  16  -23  )
( 95  -30  94  )
( 39  -72  94  )
( -98  68  43  )
( 10  -43  -50  )
( 26  40  38  )
( -3  31  -82  )
( 99  -45  -52  )
( -71  -9  93  )
( 39  -83  -29  )
( 11  -63  65  )
( 99  91  -22  )
( -12  24  42  )
( 1  85  -17  )
( -25  -78  35  )
( 6  -81  -1  )
( 2  -81  82  )
( -52  -41  57  )
( -44  26  98  )
( 4  11  -23  )
( -22  -75  -27  )
( -94  -51  -59  )
( -45  44  51  )
( 48  -97  16  )
( 78  24  60  )
( 48  -32  -61  )
( 39  -11  -64  )
( -61  42  -95  )
( -88  -6  64  )
( -45  -95  65  )
( 21  -12  -61  )
( -0  -52  70  )
( -28  -23  -84  )
( 68  -34  -76  )
( 21  -9  -42  )
( 20  -53  -90  )
( 55  76  -98  )
( 23  -39  -56  )
( -18  2  -82  )
( 17  36  0  )
( -97  -75  62  )
( 76  -37  18  )
( 28  -88  75  )
( -98  -66  -89  )
( -61  33  76  )
( -70  -50  -28  )
( -80  52  -27  )
( 42  2  61  )
( -1  3  70  )
( 34  74  -30  )
( -58  25  -48  )
( -24  -26  -88  )
( 56  -81  22  )
( -72  -30  80  )
( -95  -84  -76  )
( -92  -31  20  )
( -76  23  52  )
( 29  79  90  )
( -12  -68  43  )
( 36  -46  76  )
( -16  31  -58  )
( -34  -14  78  )
( -24  -77  54  )
( -22  14  16  )
( -4  -78  41  )
( -24  -67  -29  )
( -38  41  39  )
( 61  10  51  )
( -80  -61  71  )
( 5  -25  53  )
( 39  37  13  )
( 91  -85  36  )
( -21  80  -84  )
( 30  15  70  )
( 53  -24  20  )
( -29  -42  -95  )
( 90  56  -95  )
( 94  -34  -10  )
( 93  65  -95  )
( 89  -60  -47  )
( -60  75  33  )
( 89  -95  11  )
( 70  -10  52  )
( 91  50  -28  )
( -0  -21  60  )
( 66  -91  26  )
( -17  62  36  )
( -9  -22  -71  )
( 5  31  35  )
( -23  7  29  )
( -98  -80  -18  )
( -12  36  -74  )
( 13  -77  -49  )
( 2  49  -61  )
( 82  -3  -21  )
( 2  22  58  )
( -9  -76  26  )
( 49  -73  44  )
( 46  -59  -16  )
( -77  -12  69  )
( -75  6  -12  )
( 55  -6  77  )
( -64  -68  -61  )
( 11  -70  -17  )
( 51  94  -69  )
( 90  -96  28  )
( -66  23  15  )
( -3  -99  46  )
( 41  90  -21  )
( -33  -56  -82  )
( -70  17  11  )
( -98  -36  96  )
( -86  -93  -90  )
( 36  25  -71  )
( -65  87  -75  )
( 10  -13  -15  )
( 48  78  -6  )
( -41  55  32  )
( -69  99  -98  )
( 90  -36  57  )
( -59  -74  10  )
( -95  70  -49  )
( 78  62  -6  )
( 0  -88  -57  )
( -85  74  94  )
( -76  -46  -86  )
( -98  -19  -29  )
( -76  -44  93  )
( 46  30  32  )
( 8  -55  7  )
( 70  -75  31  )
( 42  -19  2  )
( -89  38  -87  )
( 22  -71  39  )
( 39  -73  -99  )
( -83  -31  -17  )
( 16  80  71  )
( -96  -3  76  )
( 40  -55  -83  )
( 58  31  -32  )
( -15  -3  43  )
( -31  47  88  )
( 6  -51  -63  )
( 82  -61  -85  )
( 71  52  15  )
( 84  78  -57  )
( -24  84  5  )
( 93  -2  50  )
( -83  -2  -99  )
( -17  -35  77  )
( 95  -54  28  )
( 57  32  47  )
( -34  -20  -16  )
( 30  -49  36  )
( 15  -11  -9  )
( -45  39  -48  )
( -93  65  -34  )
( -59  -39  28  )
( -63  -82  1  )
( -51  26  78  )
( 87  -27  -90  )
( -86  55  62  )
( 22  24  -0  )
( 64  -0  18  )
( 98  -92  -97  )
( -12  -23  -87  )
( -60  -55  36  )
( -24  -31  -10  )
( 69  -74  83  )
( 85  -45  -92  )
( -79  -26  33  )
( -1  -96  50  )
( -52  14  -36  )
( -22  70  49  )
( -71  -61  -40  )
( -24  -72  -79  )
( -50  66  -42  )
( 37  50  -78  )
( 66  88  5  )
( 64  -12  86  )
( -26  -16  -4  )
( -58  -92  3  )
( 71  44  -9  )
( 17  -51  26  )
( 63  -51  -13  )
( -47  90  51  )
( -68  -94  -86  )
( -8  -32  61  )
( -11  -99  95  )
( 82  -27  50  )
( 73  -38  48  )
( -21  82  -77  )
( 41  -57  97  )
( 85  -43  34  )
( -54  80  69  )
( -33  25  65  )
( -44  0  54  )
( 97  92  -59  )
( 93  -56  -95  )
( -75  -37  -94  )
( -90  -93  -65  )
( -62  55  -73  )
( 74  4  83  )
( -88  -87  59  )
( -88  -3  -6  )
( -91  38  -85  )
( -74  22  -29  )
( 0  6  50  )
( -62  77  69  )
( -70  -64  -76  )
( -92  1  -47  )
( 77  21  92  )
( 36  -94  85  )
( -0  -82  29  )
( -26  -95  25  )
( -81  90  -69  )
( 25  -61  -3  )
( 66  -37  -54  )
( 71  4  65  )
( -66  63  -75  )
( -41  3  88  )
( -52  22  86  )
( 63  67  8  )
( 44  13  68  )
( 50  -9  -2  )
( 17  -7  51  )
( 65  57  -42  )
( 47  1  19  )
( -31  -44  -98  )
( -51  79  9  )
( 33  91  -96  )
( 37  -28  50  )
( 18  -42  -1  )
( 83  71  -48  )
( -58  -92  -63  )
( -76  31  42  )
( -31  77  -14  )
( -63  -75  -68  )
( -45  88  -71  )
( -55  -73  -41  )
( 15  -18  1  )
( -5  66  43  )
( 50  -81  75  )
( 62  20  72  )
( -82  -57  -80  )
( 90  -2  -16  )
( -22  72  -50  )
( -43  -69  -63  )
( 69  73  79  )
( -40  -11  -18  )
( 96  -72  -58  )
( 36  56  41  )
( 54  -81  74  )
( -81  64  41  )
( 17  52  -87  )
( 21  -2  32  )
( -97  -14  79  )
( 38  -75  86  )
( -78  -99  -7  )
( 83  -60  -0  )
( 9  78  38  )
( 71  -5  -79  )
( -78  86  -14  )
( -14  60  -17  )
( -88  42  62  )
( 96  46  53  )
( -67  -92  -62  )
( -63  47  44  )
( -68  -58  90  )
( 47  -52  66  )
( 33  10  -4  )
( -21  23  -8  )
( 44  -87  -10  )
( -84  83  -26  )
( 11  68  -45  )
( 89  -53  -1  )
( 77  -87  90  )
( -82  -11  41  )
( 58  -78  27  )
( 3  98  -69  )
( 22  45  71  )
( -90  33  25  )
( -80  43  86  )
( -83  82  32  )
( 21  -64  -17  )
( -59  -35  -50  )
( -35  -18  4  )
( -22  87  88  )
( 18  -10  47  )
( -74  58  -64  )
( -0  -57  -47  )
( 54  -40  67  )
( -51  89  -19  )
( -89  -40  -79  )
( -14  79  -18  )
( -85  79  23  )
( -79  -88  54  )
( -51  31  10  )
( -14  -93  -9  )
( 74  9  -7  )
( -58  -75  -45  )
( -29  65  -66  )
( 88  -26  -28  )
( -66  20  68  )
( -73  -90  -98  )
( -26  7  45  )
( 26  89  38  )
( 37  -20  -82  )
( -53  47  -44  )
( -26  64  34  )
( -73  -58  33  )
( -94  14  97  )
( 50  -27  78  )
( 90  -50  -92  )
( 57  -45  5  )
( 90  -35  -5  )
( -9  -52  86  )
( -44  94  49  )
( -99  95  53  )
( 73  -38  -83  )
( 69  -19  41  )
( -80  -67  -20  )
( -43  -76  71  )
( 97  -77  49  )
( -0  -37  -73  )
( 44  46  -27  )
( 33  -48  -23  )
( -34  -21  95  )
( 57  8  -30  )
( -67  22  65  )
( -12  -3  77  )
( 32  -43  19  )
( 3  -62  92  )
( -74  -40  63  )
( -93  -26  65  )
( 62  64  4  )
( 34  -78  73  )
( 30  -44  31  )
( -80  -83  -16  )
( 56  2  -53  )
( 31  -0  53  )
( 5  59  55  )
( -96  3  37  )
( 58  20  38  )
( 85  -40  -86  )
( -79  -56  -14  )
( 0  48  -17  )
( -33  -97  -31  )
( -73  98  -22  )
( -99  -81  -89  )
( 60  9  -93  )
( -43  -0  -57  )
( 45  92  98  )
( -41  -36  98  )
( -40  -59  60  )
( -97  80  -20  )
( -2  83  54  )
( -6  52  -70  )
( -61  6  39  )
