( 48  36  17  )
( 88  -2  58  )
( -82  45  -60  )
( -8  37  10  )
( 8  -70  77  )
( 61  43  71  )
( -17  -66  3  )
( 70  67  90  )
( -66  -15  17  )
( -94  -5  -56  )
( -23  -35  -13  )
( 34  -55  45  )
( 43  -68  44  )
( 76  -59  26  )
( 75  76  -59  )
( 58  -44  -83  )
( -33  10  76  )
( -23  -91  38  )
( 70  99  -53  )
( 62  43  49  )
( -16  -30  63  )
( -64  -36  55  )
( -64  93  -19  )
( -18  8  41  )
( 96  80  91  )
( 73  -53  -46  )
( -26  -34  -66  )
( 96  -38  74  )
( -47  68  78  )
( -69  -79  -88  )
( -6  -96  9  )
( -16  75  -9  )
( 1  6  8  )
( 73  84  -11  )
( 66  -35  18  )
( 74  40  73  )
( 31  24  7  )
( -35  34  -91  )
( 94  82  98  )
( -65  -64  49  )
( 35  -81  12  )
( 2  -42  91  )
( -15  23  34  )
( -57  -17  26  )
( -89  88  54  )
( -94  61  -5  )
( 87  28  66  )
( -33  -25  -1  )
( -67  -35  18  )
( -6  -7  -2  )
( -34  1  11  )
( 92  22  -80  )
( 65  2  12  )
( 47  13  5  )
( -64  -4  -26  )
( -26  72  69  )
( 75  9  10  )
( -33  -67  -21  )
( -56  99  65  )
( 96  -11  46  )
( -81  2  35  )
( -32  -5  22  )
( -78  9  88  )
( 60  70  -76  )
( -95  -12  31  )
( -76  37  62  )
( -92  -20  -75  )
( 0  10  -59  )
( 98  99  65  )
( -63  51  57  )
( 19  9  -49  )
( -2  -34  -31  )
( -71  38  -99  )
( 28  -78  54  )
( -92  -1  79  )
( -29  -93  18  )
( -1  38  83  )
( -89  71  -72  )
( 15  5  -54  )
( -7  99  -94  )
( 43  62  38  )
( 3  -49  -96  )
( -8  64  98  )
( 10  48  -79  )
( -24  0  71  )
( 0  -58  1  )
( 10  21  -22  )
( 92  19  -88  )
( 65  50  -0  )
( -91  36  0  )
( -12  83  68  )
( 52  21  -87  )
( 33  57  -84  )
( 92  20  -78  )
( -41  78  6  )
( -56  76  -14  )
( -74  80  82  )
( -49  -17  -16  )
( 80  23  -93  )
( -70  -84  15  )
( 51  75  -30  )
( 44  75  19  )
( 47  78  -25  )
( -22  39  -44  )
( 78  -24  93  )
( 93  68  12  )
( -52  -3  6  )
( -26  79  -66  )
( -15  -34  81  )
( 66  68  -88  )
( -25  -34  -81  )
( -84  92  -93  )
( 95  15  46  )
( 0  -69  28  )
( -88  10  14  )
( -23  -48  -2  )
( -69  -23  -49  )
( 56  -67  -0  )
( -51  46  18  )
( 3  48  -4  )
( 69  75  -62  )
( -59  34  -41  )
( -14  82  58  )
( 40  76  4  )
( 96  -46  -49  )
( 93  61  -68  )
( 49  -28  -47  )
( -13  84  86  )
( -79  -86  65  )
( 33  95  -22  )
( -53  -82  -0  )
( 76  69  33  )
( -67  -13  -46  )
( -53  -10  -58  )
( -83  11  -21  )
( -47  -74  -83  )
( 66  50  -40  )
( -39  60  -7  )
( 57  99  -0  )
( 16  -26  -66  )
( 19  -44  -47  )
( 55  82  77  )
( -46  17  -11  )
( -54  94  57  )
( 45  59  -22  )
( -61  -31  11  )
( -53  -57  36  )
( -27  35  -69  )
( -37  -45  36  )
( -26  -43  33  )
( 2  86  -16  )
( 74  11  -62  )
( 24  40  93  )
( -81  49  -33  )
( -75  53  -91  )
( -49  -63  46  )
( 94  4  71  )
( 66  61  50  )
( 56  33  -66  )
( -42  46  80  )
( 71  -74  58  )
( 58  28  -50  )
( 77  -74  75  )
( 89  88  0  )
( 30  -69  5  )
( -35  -71  68  )
( -70  -22  34  )
( -52  13  -91  )
( -38  79  -53  )
( 66  -28  -54  )
( 32  -93  -49  )
( -59  67  -42  )
( 46  2  5  )
( -57  69  -37  )
( -21  12  42  )
( 99  -70  -83  )
( -32  -24  85  )
( 39  -44  1  )
( -62  -68  -97  )
( -96  -87  16  )
( -94  -37  -38  )
( -90  -0  -36  )
( -6  -20  -43  )
( 85  28  -6  )
( -77  47  82  )
( 38  -13  -61  )
( -56  70  -92  )
( -94  -76  -36  )
( -21  -65  29  )
( 8  59  34  )
( -0  53  12  )
( -60  39  -13  )
( 70  71  87  )
( -31  -51  79  )
( -71  -58  79  )
( 20  -97  84  )
( 5  -94  44  )
( 94  70  -41  )
( -48  27  -63  )
( 5  -80  42  )
( 48  75  -83  )
( 98  48  88  )
( 78  91  51  )
( -75  31  99  )
( -84  66  -12  )
( -70  -48  -29  )
( -33  -81  -20  )
( -25  39  -29  )
( 6  58  -47  )
( 27  34  -35  )
( 35  32  -23  )
( 88  -48  -74  )
( -80  -67  83  )
( 83  -48  -18  )
( 89  10  -87  )
( 91  81  -6  )
( -56  43  -45  )
( 60  94  -35  )
( 47  87  -10  )
( 53  -97  87  )
( -65  27  5  )
( 45  -59  57  )
( 51  56  75  )
( 19  12  38  )
( -6  -91  54  )
( 79  87  -40  )
( -61  15  92  )
( -94  82  20  )
( -5  63  20  )
( 86  15  23  )
( -33  -66  20  )
( -89  40  -50  )
( 95  60  88  )
( -4  80  -8  )
( -35  98  50  )
( 70  85  -57  )
( 53  -32  -47  )
( -75  73  -72  )
( -1  73  16  )
( 32  98  -84  )
( -20  -72  -33  )
( -0  75  -56  )
( -66  93  79  )
( 40  69  51  )
( -82  71  -19  )
( 43  79  92  )
( 8  -43  72  )
( 9  44  48  )
( -25  -58  -80  )
( 15  -39  96  )
( -78  13  19  )
( -28  49  -69  )
( 13  -24  -90  )
( 76  16  99  )
( 6  93  -58  )
( -60  -2  66  )
( 66  62  87  )
( -15  -95  -59  )
( -89  90  -65  )
( 78  -48  27  )
( 38  -49  -71  )
( 47  94  28  )
( -76  45  -70  )
( -55  -84  -17  )
( 53  -43  12  )
( -90  -29  -84  )
( -86  69  1  )
( 47  32  -26  )
( 85  14  -39  )
( -16  44  91  )
( -33  94  -59  )
( -95  5  53  )
( 42  -91  -88  )
( -16  93  -41  )
( 72  -97  -21  )
( 47  3  -82  )
( 72  -60  56  )
( -80  84  -69  )
( 36  29  8  )
( 5  15  13  )
( -19  81  -10  )
( 20  33  0  )
( -55  6  57  )
( -91  76  39  )
( -30  22  7  )
( 25  79  81  )
( -57  46  98  )
( -36  -89  57  )
( -77  97  44  )
( 72  54  -59  )
( 40  85  41  )
( 7  -54  -67  )
( -40  97  -48  )
( 51  46  3  )
( 88  15  74  )
( 52  47  -74  )
( 86  15  -4  )
( -90  -30  61  )
( -8  -20  -86  )
( 74  -26  -29  )
( -5  -2  55  )
( -44  -75  -21  )
( -57  -44  46  )
( -23  -11  88  )
( -74  -31  56  )
( 60  -43  26  )
( 23  -87  37  )
( 59  -23  -95  )
( 64  87  -99  )
( -94  76  -71  )
( 62  77  -17  )
( 75  64  31  )
( -29  -89  7  )
( -18  64  7  )
( -93  53  17  )
( -36  -51  53  )
( 86  62  -47  )
( 38  -89  52  )
( -30  78  -95  )
( 66  62  96  )
( 79  -21  -29  )
( -94  -56  41  )
( 38  -33  -3  )
( -90  -49  68  )
( -54  45  99  )
( -53  -38  -39  )
( 75  6  70  )
( -36  37  19  )
( -42  3  94  )
( 97  46  47  )
( -42  51  87  )
( 1  -91  -75  )
( 43  6  -57  )
( -89  86  32  )
( -5  -6  28  )
( -12  77  26  )
( -54  -37  16  )
( -0  -20  47  )
( 64  -47  50  )
( 27  -70  7  )
( 31  91  -87  )
( -54  64  -80  )
( 15  86  10  )
( -88  61  -54  )
( -12  -50  24  )
( 28  7  46  )
( 37  -74  -79  )
( 31  42  66  )
( -55  -91  -17  )
( -12  65  72  )
( 56  77  42  )
( 40  -56  -6  )
( -95  -50  47  )
( 73  10  43  )
( -79  85  -4  )
( -87  -88  48  )
( -41  58  -83  )
( 42  -33  -10  )
( -78  30  40  )
( 26  66  -68  )
( 18  -32  -29  )
( -22  5  83  )
( 88  -27  29  )
( -85  -98  -81  )
( -85  26  41  )
( -26  91  -42  )
( 74  89  43  )
( -43  48  0  )
( 3  54  -43  )
( 51  50  -21  )
( -1  -39  80  )
( 13  79  56  )
( -31  82  -37  )
( 0  -69  -62  )
( 37  18  24  )
( -39  -16  -71  )
( -41  -85  -84  )
( 30  -25  7  )
( 62  -45  -23  )
( -17  49  -86  )
( -55  -63  -48  )
( -8  -94  -89  )
( -75  -78  -98  )
( 28  -48  42  )
( 17  -47  -39  )
( -8  90  -22  )
( -41  -75  93  )
( -75  -82  -62  )
( 11  13  6  )
( -21  -64  -48  )
( 78  -55  70  )
( -27  -55  36  )
( -10  72  56  )
( -50  18  -92  )
( 53  -68  87  )
( 92  97  71  )
( -16  -4  45  )
( 60  49  -18  )
( 87  49  -92  )
( -17  -8  79  )
( -79  -13  -83  )
( -69  6  97  )
( 92  87  39  )
( -57  -39  23  )
( -99  -55  -3  )
( -43  -89  -49  )
( -99  -98  35  )
( 74  69  -14  )
( 32  -55  -0  )
( 59  50  -87  )
( 22  28  40  )
( -71  -62  80  )
( 74  12  32  )
( 15  31  -62  )
( -49  48  74  )
( -65  -46  -24  )
( -0  -97  -84  )
( 45  -56  13  )
( -4  -1  48  )
( -41  -79  -59  )
( -22  36  -89  )
( -70  48  41  )
( 67  76  64  )
( -54  -70  -93  )
( -27  -88  71  )
( -17  2  -13  )
( -87  27  -28  )
