( -50  9  -76  )
( -36  84  12  )
( 48  -6  28  )
( -88  -68  70  )
( -70  3  -81  )
( 72  78  69  )
( 9  -76  -79  )
( -96  52  -75  )
( 65  -26  2  )
( -87  11  -12  )
( 53  18  -31  )
( 14  86  25  )
( 80  -27  -62  )
( -68  58  -67  )
( 9  -51  0  )
( -80  99  -45  )
( 66  -59  -20  )
( 67  98  14  )
( 82  10  12  )
( 54  -6  -90  )
( -12  45  -17  )
( 50  -34  8  )
( -10  -52  28  )
( -46  23  -63  )
( 66  -69  88  )
( -82  -31  -64  )
( -32  6  -18  )
( -8  -31  -99  )
( -99  -15  -30  )
( 59  83  -89  )
( -30  -22  -53  )
( 9  66  -90  )
( 26  35  -80  )
( 43  -21  -54  )
( 40  -71  19  )
( 71  91  62  )
( 33  52  -37  )
( 37  55  33  )
( 67  -76  -94  )
( -16  59  57  )
( -93  69  18  )
( 27  39  19  )
( 47  77  6  )
( -98  81  75  )
( -46  83  -92  )
( -40  86  16  )
( -46  70  11  )
( 70  8  26  )
( 32  -28  -44  )
( 74  81  -53  )
( 53  10  11  )
( -95  -46  4  )
( 72  -74  24  )
( 64  27  -89  )
( -63  -74  93  )
( -32  56  90  )
( -39  -35  -90  )
( -72  -34  -75  )
( 84  -3  8  )
( -13  24  6  )
( -44  -3  43  )
( -16  -33  89  )
( -43  47  -34  )
( -94  16  74  )
( -6  -67  -1  )
( -55  62  57  )
( 48  -9  7  )
( 49  -95  13  )
( -45  75  -87  )
( -15  23  88  )
( -27  -24  -53  )
( 42  46  -77  )
( -94  -97  -78  )
( 81  -57  -48  )
( 72  42  -46  )
( 17  22  -60  )
( 80  83  -30  )
( 28  16  -99  )
( 67  47  17  )
( -1  -21  -80  )
( 88  -40  62  )
( -26  -41  2  )
( -42  84  47  )
( -71  61  -16  )
( -55  -42  60  )
( 85  73  -45  )
( -89  29  -97  )
( -60  -34  21  )
( -15  35  -50  )
( 12  -80  -21  )
( -8  68  95  )
( -20  48  -39  )
( 71  -62  -33  )
( -21  24  95  )
( 17  1  28  )
( -32  62  -31  )
( -1  -16  -83  )
( -24  90  10  )
( 37  -94  65  )
( -79  85  -63  )
( -6  92  22  )
( -48  -45  -95  )
( -23  67  65  )
( 2  42  28  )
( -65  -69  -50  )
( 92  1  -63  )
( -58  -5  50  )
( -1  12  -34  )
( -46  -7  51  )
( -12  -38  -32  )
( 57  -48  53  )
( 99  -85  -33  )
( 14  -12  -48  )
( -59  80  -53  )
( 27  70  -47  )
( 36  -15  2  )
( 36  -53  -16  )
( 1  -75  5  )
( -22  -27  31  )
( 93  -86  41  )
( -60  42  -75  )
( 80  95  -20  )
( 64  93  -32  )
( 77  5  59  )
( 73  -79  -82  )
( 6  -23  39  )
( -35  -93  -34  )
( 61  -57  -37  )
( -43  80  57  )
( -85  96  33  )
( 49  -36  -30  )
( -78  51  44  )
( -51  5  -79  )
( -58  37  10  )
( 82  10  79  )
( -53  99  -38  )
( 98  -32  61  )
( -9  93  17  )
( 89  -93  98  )
( 16  57  7  )
( 63  -16  -62  )
( 46  -38  -73  )
( 78  88  9  )
( -81  -69  -32  )
( -88  -45  -23  )
( 34  -76  88  )
( -61  78  -67  )
( 66  -41  65  )
( 28  -66  63  )
( 16  54  -90  )
( -2  -1  -46  )
( -89  -34  -71  )
( 29  -13  -92  )
( 24  -15  39  )
( 34  36  19  )
( 99  59  2  )
( -62  -87  -4  )
( 3  79  -31  )
( 38  28  -68  )
( -85  -13  -42  )
( -82  -48  -51  )
( -9  1  -5  )
( -69  -6  -23  )
( 86  10  -74  )
( -22  -30  -66  )
( -25  -65  68  )
( 62  39  87  )
( 13  -80  82  )
( -21  49  87  )
( -45  -34  28  )
( 99  54  -34  )
( -14  -89  24  )
( 51  97  -30  )
( 8  67  -62  )
( 89  45  -7  )
( -32  83  -46  )
( 19  86  97  )
( 70  -56  -14  )
( 2  13  -92  )
( -44  98  -88  )
( -10  79  68  )
( -92  70  -8  )
( 1  37  35  )
( -20  51  -43  )
( -96  -4  51  )
( 17  68  26  )
( -70  21  52  )
( 98  70  1  )
( -82  -14  17  )
( -61  58  -21  )
( 39  -27  1  )
( -14  46  70  )
( 56  -60  41  )
( 17  55  66  )
( -1  42  -6  )
( -27  -38  54  )
( 44  -47  -65  )
( -57  -95  66  )
( 68  16  -89  )
( -78  57  37  )
( -86  46  80  )
( -36  86  51  )
( 69  22  63  )
( -67  31  -19  )
( -41  13  -94  )
( -64  4  92  )
( 92  29  -95  )
( 31  64  87  )
( 3  -9  -45  )
( 77  -81  5  )
( -57  -78  -35  )
( 47  15  -87  )
( -74  24  60  )
( -8  -85  98  )
( 32  43  1  )
( 2  86  -89  )
( 6  49  32  )
( -16  -58  40  )
( -40  96  -52  )
( -55  96  -61  )
( 99  64  -52  )
( -92  -78  83  )
( -35  -91  -18  )
( -32  -80  -21  )
( 39  92  -66  )
( 95  -28  19  )
( -62  67  -6  )
( -30  -18  -33  )
( 31  -14  27  )
( -47  43  -62  )
( -35  13  -17  )
( 20  -31  50  )
( -4  49  80  )
( 44  97  -33  )
( 35  -86  11  )
( -61  -48  81  )
( -21  80  26  )
( -18  -60  81  )
( -31  -75  -1  )
( 38  84  21  )
( 77  63  -73  )
( 57  -53  -6  )
( 54  23  96  )
( 79  22  90  )
( 53  -75  -91  )
( -11  6  58  )
( -81  -80  -83  )
( -39  -68  -55  )
( -36  8  -40  )
( 84  -35  -65  )
( -79  42  43  )
( -61  51  91  )
( 54  -55  -23  )
( -59  76  78  )
( 74  -80  35  )
( -5  64  2  )
( 47  79  66  )
( -59  7  -34  )
( -79  -63  -42  )
( 13  1  -89  )
( 91  -93  -97  )
( 93  -77  -92  )
( 20  79  2  )
( 58  -57  -81  )
( 9  -21  52  )
( 74  -42  -49  )
( -62  90  -71  )
( -1  -62  40  )
( -80  47  -8  )
( 99  14  -33  )
( -80  55  -77  )
( -72  -15  0  )
( 15  35  -53  )
( 81  -11  53  )
( -54  39  17  )
( 97  -49  94  )
( -19  -24  -73  )
( -30  20  -28  )
( -59  50  -93  )
( 31  4  57  )
( 35  72  36  )
( -81  67  42  )
( 58  77  -42  )
( 0  24  -22  )
( -85  75  -30  )
( 18  25  9  )
( -80  -9  8  )
( 78  63  1  )
( 22  55  -29  )
( 76  30  -61  )
( 90  -72  34  )
( 81  22  -78  )
( -51  -42  27  )
( 41  -74  -28  )
( 95  -45  -63  )
( 65  80  63  )
( 47  -59  -66  )
( -78  61  -50  )
( -70  -81  -43  )
( 55  -36  46  )
( -16  -10  -18  )
( -99  54  -49  )
( -48  -27  -97  )
( 36  -8  -57  )
( 31  -90  89  )
( -83  69  91  )
( -1  93  -89  )
( 24  59  2  )
( -37  -5  -86  )
( 63  -3  -86  )
( 75  -35  24  )
( -29  -88  46  )
( 93  20  14  )
( 26  8  51  )
( -32  -23  -9  )
( 82  62  -10  )
( -62  -82  -29  )
( -72  2  78  )
( -96  76  -47  )
( 89  6  17  )
( -24  -8  -25  )
( 74  86  60  )
( 16  -52  -76  )
( -36  -61  -53  )
( 36  -2  -0  )
( -9  -7  44  )
( -94  79  -85  )
( -69  1  41  )
( 30  -2  44  )
( -15  -86  11  )
( 23  -9  -87  )
( -50  99  53  )
( 28  71  -57  )
( -92  -27  40  )
( -7  34  -29  )
( -36  -74  26  )
( -25  -62  -42  )
( 13  -87  4  )
( 43  -8  72  )
( 18  77  88  )
( 1  -6  -33  )
( -88  61  -55  )
( 96  -92  -43  )
( -12  55  -92  )
( 28  -91  -36  )
( -36  23  -85  )
( 8  -19  35  )
( 52  -22  66  )
( -15  -42  1  )
( -52  -61  -15  )
( 23  18  34  )
( -71  -94  -18  )
( -6  46  11  )
( -79  -87  50  )
( 56  -7  14  )
( -24  50  72  )
( 35  -13  18  )
( -54  -99  57  )
( -30  91  29  )
( 93  -90  66  )
( 68  -57  76  )
( 93  97  -90  )
( 71  72  68  )
( 79  21  -38  )
( 40  -60  58  )
( -25  13  50  )
( 16  -71  -93  )
( -76  73  -50  )
( -15  -2  -28  )
( 97  -87  41  )
( -27  37  -3  )
( 60  33  8  )
( -49  58  -21  )
( -53  -26  -58  )
( -90  4  -41  )
( -83  -46  -51  )
( -61  -6  3  )
( 44  5  45  )
( 46  48  41  )
( -84  50  24  )
( 43  81  -23  )
( -61  -96  -77  )
( -41  -86  -45  )
( 92  61  -12  )
( 75  0  -63  )
( -5  36  41  )
( 11  -87  64  )
( -98  72  -15  )
( 59  88  96  )
( 35  -25  95  )
( -71  -14  -18  )
( -81  51  -89  )
( 8  -88  47  )
( -56  -99  -30  )
( -29  32  -49  )
( -75  -63  54  )
( -42  79  -23  )
( -72  52  27  )
( -25  -1  -22  )
( -58  -82  56  )
( 7  -25  -15  )
( 11  -98  95  )
( 66  -34  5  )
( 26  2  41  )
( 28  -29  -16  )
( 18  22  -12  )
( -25  36  20  )
( -94  62  -41  )
( 51  -7  -24  )
( -68  -20  61  )
( -82  -98  33  )
( -58  -82  92  )
( 6  -90  9  )
( -3  -30  25  )
( -54  -76  32  )
( 30  -48  -89  )
( -79  -38  -9  )
( 45  -53  -14  )
( -28  -88  14  )
( 60  -35  -49  )
( 13  38  97  )
( 0  -37  -21  )
( 28  -52  71  )
( 24  57  69  )
( 92  94  -41  )
( 74  12  10  )
( 10  95  83  )
