( 47  75  37  )
( 56  -87  42  )
( 28  -21  86  )
( 64  74  56  )
( 60  8  94  )
( -63  -33  -25  )
( 63  42  39  )
( -56  63  -73  )
( -91  -61  47  )
( 20  -49  86  )
( 40  76  -84  )
( -88  38  73  )
( -95  14  -77  )
( 35  44  60  )
( -73  31  95  )
( 65  -51  -85  )
( 92  90  86  )
( 5  -38  30  )
( -40  -1  -93  )
( 30  -10  -13  )
( 12  -58  -89  )
( -40  8  16  )
( -18  64  1  )
( -95  -94  16  )
( -6  -41  95  )
( -2  -95  -20  )
( -11  68  6  )
( 52  53  86  )
( -7  -47  -12  )
( -6  43  76  )
( 5  77  7  )
( -62  -13  46  )
( 66  60  -83  )
( 80  -33  -54  )
( -26  83  -51  )
( -14  70  72  )
( -46  97  -25  )
( -21  -10  14  )
( 86  80  29  )
( -80  -55  -60  )
( 82  -95  -56  )
( -60  -31  6  )
( 17  29  -34  )
( -83  -84  19  )
( -55  67  75  )
( -46  -13  9  )
( -82  -89  -27  )
( -65  -35  19  )
( 35  11  -24  )
( -31  -65  -10  )
( 39  83  51  )
( 3  -17  -87  )
( -79  93  -96  )
( 85  99  88  )
( 43  61  -33  )
( -41  11  -96  )
( -23  -50  18  )
( 29  -31  -14  )
( -20  -85  24  )
( 85  98  -21  )
( 86  -94  -25  )
( -82  78  46  )
( 82  83  40  )
( 63  -74  -89  )
( 99  56  68  )
( 58  -46  3  )
( -21  -3  -44  )
( 41  72  94  )
( 72  -31  -74  )
( 1  -67  -6  )
( -47  91  -25  )
( 38  61  53  )
( 62  -22  -32  )
( -88  -31  67  )
( 42  61  -37  )
( 63  -22  5  )
( 34  66  -1  )
( -79  90  59  )
( -11  -17  32  )
( -53  -23  -54  )
( 41  -30  62  )
( -82  -62  -60  )
( 17  -48  52  )
( 49  -56  -31  )
( -71  -4  38  )
( -63  -80  22  )
( -82  79  0  )
( 27  -75  4  )
( 47  -45  -44  )
( -76  44  24  )
( -1  -61  -66  )
( -10  -34  -88  )
( 64  -61  -81  )
( 29  6  5  )
( -29  -66  -72  )
( -12  15  -67  )
( 38  -93  90  )
( 16  -0  53  )
( -69  34  -10  )
( 39  -95  82  )
( -93  28  36  )
( -11  -34  -48  )
( 8  69  68  )
( -65  94  -72  )
( -11  79  -43  )
( -71  14  -3  )
( -9  81  63  )
( 12  47  9  )
( -3  -19  -69  )
( 77  -75  -42  )
( -98  18  11  )
( 45  -6  -95  )
( 44  -83  63  )
( 33  -23  -76  )
( 97  48  94  )
( 7  1  98  )
( 82  -40  95  )
( 84  -80  -77  )
( -72  -28  -35  )
( 2  -47  -90  )
( -41  -9  -34  )
( 74  -64  53  )
( 4  94  52  )
( -79  -26  -81  )
( -22  86  -24  )
( -62  8  90  )
( 9  46  -53  )
( -49  -58  79  )
( 97  53  47  )
( -97  95  39  )
( 54  36  23  )
( -41  65  -4  )
( -65  -7  70  )
( -29  -18  78  )
( -96  56  -47  )
( 41  -72  -5  )
( -30  -15  -44  )
( -64  -21  77  )
( 86  -54  64  )
( -63  -44  43  )
( -42  -13  -6  )
( -54  42  -77  )
( -70  -59  88  )
( 42  -97  47  )
( 66  98  76  )
( 38  -12  -45  )
( 3  -34  -95  )
( -61  0  -21  )
( 79  70  -85  )
( 73  -34  85  )
( -12  83  42  )
( -76  -74  34  )
( 57  40  5  )
( -79  -26  -94  )
( -8  43  -65  )
( 46  14  99  )
( -29  60  -21  )
( -0  -85  12  )
( 59  20  -7  )
( -97  -71  77  )
( -41  68  77  )
( -58  89  84  )
( -27  67  83  )
( 43  14  -21  )
( -80  -67  -91  )
( 38  77  -84  )
( -31  -66  -56  )
( 64  42  86  )
( 10  -57  -42  )
( 97  58  60  )
( -95  -9  91  )
( 88  21  -20  )
( 91  81  88  )
( 7  78  -31  )
( -79  76  64  )
( -12  42  -13  )
( 79  -46  29  )
( 12  84  16  )
( 45  -93  85  )
( -94  -28  55  )
( -70  38  47  )
( -67  6  -3  )
( -52  -49  -77  )
( 79  38  -66  )
( -86  2  -77  )
( -98  26  -91  )
( 31  59  23  )
( 94  52  15  )
( -69  -71  -93  )
( 26  -5  -8  )
( -14  98  -11  )
( 58  0  -15  )
( -13  -53  -83  )
( -38  93  -90  )
( 90  23  -47  )
( 25  75  63  )
( -32  -23  53  )
( -84  -70  58  )
( 56  -20  -0  )
( 92  -38  98  )
( 33  -98  -62  )
( -96  -13  1  )
( -14  -40  15  )
( 36  -50  -12  )
( 57  1  35  )
( -68  80  -23  )
( 93  69  -38  )
( -52  -93  42  )
( -30  -55  37  )
( -1  -72  86  )
( 9  -81  10  )
( 62  70  1  )
( -85  68  -70  )
( 37  99  62  )
( -96  -38  -99  )
( 63  -18  32  )
( -37  89  61  )
( 85  -93  5  )
( 15  56  96  )
( -94  -59  -37  )
( 96  39  45  )
( 16  -76  28  )
( 31  -98  -96  )
( 50  -15  41  )
( -67  25  -42  )
( -38  -88  -56  )
( -22  62  66  )
( 75  -76  -0  )
( 1  9  -41  )
( 42  -3  -84  )
( 68  28  -2  )
( -36  39  17  )
( -9  6  -89  )
( -92  75  -99  )
( -25  -66  -84  )
( -81  -30  72  )
( 82  66  39  )
( -41  45  -90  )
( 26  48  -11  )
( -26  11  -15  )
( 78  3  77  )
( -12  -5  67  )
( 42  36  53  )
( 84  82  -18  )
( 52  -25  10  )
( -82  -49  3  )
( 44  -51  -20  )
( -27  -92  -29  )
( -33  -79  -96  )
( 6  -75  50  )
( -12  18  89  )
( -23  87  14  )
( -58  33  37  )
( -62  -59  -94  )
( 17  12  16  )
( 23  43  -62  )
( -11  -53  86  )
( 36  -11  37  )
( 50  99  -28  )
( 38  46  78  )
( -87  -97  58  )
( -37  78  -38  )
( 91  25  58  )
( 76  -71  21  )
( -29  -10  -63  )
( 99  49  90  )
( 99  69  -84  )
( 20  -95  80  )
( -19  -80  -58  )
( 36  -68  81  )
( 76  10  46  )
( 52  67  -30  )
( -55  4  -71  )
( 18  -99  -8  )
( 90  22  -58  )
( 67  43  -11  )
( -82  -24  -11  )
( -67  -85  -41  )
( -83  12  66  )
( 17  22  -56  )
( -92  -47  -15  )
( 52  63  72  )
( 57  -20  64  )
( -60  -88  -10  )
( 64  -24  30  )
( -91  86  -32  )
( -32  -13  54  )
( 88  8  42  )
( -70  53  -72  )
( 65  14  -68  )
( 23  -17  -91  )
( 77  -42  88  )
( -68  -51  -76  )
( 4  47  -2  )
( -86  32  -83  )
( -40  -5  90  )
( 27  -94  -64  )
( -95  15  97  )
( -96  -37  18  )
( 54  -68  49  )
( 55  -3  74  )
( 70  6  -79  )
( -99  89  -32  )
( 51  -64  66  )
( 34  -38  82  )
( -57  -34  72  )
( -1  -81  15  )
( -22  -60  89  )
( 28  68  -85  )
( -49  2  43  )
( 95  -81  -16  )
( -70  -26  -85  )
( 40  85  3  )
( 17  69  -58  )
( 44  -14  56  )
( 61  38  67  )
( -85  -3  92  )
( 21  -31  1  )
( 8  -38  79  )
( -16  -29  -8  )
( 88  -42  -8  )
( 6  -36  63  )
( 90  -83  -97  )
( -68  28  -5  )
( 36  -75  89  )
( 30  -50  70  )
( 49  93  19  )
( 99  -27  -20  )
( 77  -46  -11  )
( -0  71  64  )
( -78  68  -99  )
( 83  -59  23  )
( -18  -60  -40  )
( -10  6  52  )
( -96  50  81  )
( 5  -69  86  )
( -96  -61  74  )
( -24  4  64  )
( 6  35  13  )
( -85  6  5  )
( 46  -87  38  )
( 87  -19  65  )
( 28  -10  66  )
( 22  -8  -98  )
( -39  -63  48  )
( -81  -98  -43  )
( -48  2  -87  )
( 66  -77  36  )
( -81  89  -31  )
( 74  27  51  )
( -34  -85  56  )
( -46  -14  96  )
( 84  21  49  )
( -66  78  -45  )
( 58  3  -72  )
( -22  -78  -89  )
( 21  15  -11  )
( -40  98  -21  )
( -4  -74  -49  )
( -19  99  92  )
( 65  -16  62  )
( 93  -48  -31  )
( 55  -23  21  )
( 96  -51  -10  )
( -11  -90  66  )
( 64  -18  -73  )
( -65  26  89  )
( 34  -79  -2  )
( 51  16  73  )
( -24  -33  27  )
( 57  -31  -86  )
( -57  -23  -53  )
( -17  -51  12  )
( 43  -30  35  )
( 25  85  -47  )
( 20  31  13  )
( 70  96  74  )
( -21  -92  51  )
( -1  26  41  )
( 69  -82  75  )
( -89  94  -14  )
( 33  37  -22  )
( -35  92  -19  )
( 99  -36  -73  )
( 52  -32  96  )
( -76  -53  73  )
( 48  -1  11  )
( -27  -38  39  )
( 40  -5  76  )
( 68  -77  35  )
( 11  19  34  )
( 65  23  55  )
( 62  -18  69  )
( 41  12  -5  )
( 92  3  -57  )
( -0  -5  2  )
( 59  -35  -68  )
( -98  -83  25  )
( 87  -16  -67  )
( 51  -50  57  )
( 32  -88  -9  )
( 68  -8  17  )
( -49  46  -58  )
( 35  52  67  )
( 94  50  4  )
( -85  -11  -55  )
( -13  -39  77  )
( 56  -27  -79  )
( 18  -84  30  )
( 70  -68  50  )
( 53  8  26  )
( -49  -50  63  )
( 93  -45  -16  )
( -97  -73  -12  )
( -42  14  -19  )
( 33  66  -93  )
( -29  -93  30  )
( -63  -94  -23  )
( 70  -31  -43  )
( 14  -61  -45  )
( -97  70  18  )
( -22  67  -25  )
( 86  91  -85  )
( 19  -50  -36  )
( -10  -37  11  )
( -6  5  -64  )
( 16  -98  79  )
