( -81  95  -27  )
( 58  -43  -54  )
( 59  64  55  )
( -62  43  2  )
( -9  41  39  )
( 28  -0  -50  )
( 13  -97  9  )
( 93  16  68  )
( -95  85  -37  )
( 19  -88  -7  )
( -15  -34  76  )
( 87  70  -56  )
( 84  -49  14  )
( -36  -24  -77  )
( -93  44  15  )
( 44  16  -81  )
( -39  -72  48  )
( 26  0  -24  )
( -91  -33  -52  )
( 92  54  -26  )
( 98  49  43  )
( -8  45  67  )
( 87  -17  -54  )
( 14  96  71  )
( 91  -3  50  )
( -23  -26  27  )
( 41  -46  38  )
( -18  42  -14  )
( -94  -58  15  )
( 80  73  -68  )
( -48  0  -82  )
( 18  28  17  )
( -73  -96  -10  )
( 56  -90  -88  )
( -9  -99  77  )
( -95  8  -73  )
( 47  13  -39  )
( 52  -96  13  )
( -27  40  64  )
( 97  66  98  )
( 26  -82  29  )
( -11  83  -50  )
( -22  99  -15  )
( -22  -17  19  )
( -48  87  -36  )
( 40  -74  -49  )
( -83  -73  28  )
( 66  -76  51  )
( 11  -7  16  )
( 11  83  -77  )
( -52  -4  -77  )
( -53  56  85  )
( -66  10  -68  )
( 25  -97  47  )
( 39  -30  -61  )
( 18  -40  89  )
( -82  -69  16  )
( -95  -90  33  )
( 65  -42  -50  )
( -51  -44  46  )
( -91  -75  60  )
( -61  -85  -73  )
( 28  -32  7  )
( -77  98  -19  )
( -21  -19  0  )
( 24  -4  36  )
( 40  -44  89  )
( -49  17  -9  )
( -52  -51  40  )
( 8  31  -37  )
( -16  -56  -51  )
( 46  99  -56  )
( -24  -94  -90  )
( 68  -97  -26  )
( -51  -7  72  )
( -57  -40  0  )
( -94  -17  12  )
( -38  94  62  )
( -89  -60  71  )
( -87  42  97  )
( 60  -12  -17  )
( 69  -40  92  )
( -97  53  -74  )
( -72  -60  -35  )
( 62  -88  3  )
( 7  21  -76  )
( 5  34  75  )
( 54  85  -18  )
( 54  40  -10  )
( 56  0  94  )
( 18  30  0  )
( 9  -5  18  )
( 98  91  -1  )
( 35  56  -18  )
( -94  -73  -29  )
( -66  -23  17  )
( -10  -19  -11  )
( -81  -34  18  )
( 2  93  -40  )
( 66  -62  -57  )
( -65  -27  -38  )
( -91  -29  53  )
( 82  56  96  )
( 18  51  -14  )
( -50  14  95  )
( -66  44  42  )
( 53  -79  28  )
( 84  -17  74  )
( -69  32  -5  )
( 15  -14  61  )
( 30  -74  37  )
( -25  21  85  )
( 42  5  -70  )
( -13  43  17  )
( 40  89  0  )
( 44  -80  -58  )
( -63  -80  -35  )
( 38  -47  -71  )
( -1  -61  9  )
( 42  -43  96  )
( 80  90  38  )
( 60  25  48  )
( -91  68  19  )
( 34  82  89  )
( -4  -33  61  )
( -11  65  -68  )
( -38  74  -51  )
( -11  -85  -58  )
( -65  -78  69  )
( 24  75  -40  )
( -82  72  -27  )
( 71  -52  55  )
( 47  22  -10  )
( -78  -69  97  )
( 39  75  10  )
( 10  71  -92  )
( 30  -39  -67  )
( -51  40  5  )
( -57  43  -58  )
( -32  16  -42  )
( 91  -86  1  )
( 95  46  -7  )
( 8  -78  88  )
( -12  60  44  )
( 80  -78  20  )
( 47  30  -83  )
( 33  -37  51  )
( -67  31  89  )
( 93  -21  -45  )
( -24  61  4  )
( -44  -34  70  )
( -92  -66  15  )
( -91  50  -7  )
( 5  33  -18  )
( 19  -77  -63  )
( -60  59  -32  )
( 47  -78  81  )
( -13  -7  50  )
( -11  5  -52  )
( -85  -83  -6  )
( 76  59  52  )
( -55  60  64  )
( 68  75  8  )
( -37  -36  -32  )
( 84  -89  -40  )
( -17  15  74  )
( -78  -81  -23  )
( 61  -7  8  )
( -15  -59  -44  )
( 72  71  5  )
( -56  65  44  )
( -71  20  69  )
( -49  18  66  )
( -31  -83  90  )
( -38  -94  -15  )
( 98  95  27  )
( 39  54  -64  )
( 3  -60  -23  )
( 6  -64  -74  )
( 60  -23  -42  )
( 91  -80  -2  )
( -81  34  19  )
( 29  35  36  )
( 69  -9  -58  )
( 79  -17  21  )
( 24  71  70  )
( -8  73  -63  )
( 45  36  37  )
( -56  75  82  )
( 60  11  -54  )
( -63  67  10  )
( -53  -8  84  )
( -49  47  -95  )
( 11  -76  -1  )
( 38  14  -32  )
( 57  47  -89  )
( -76  -29  -58  )
( -32  47  19  )
( 69  -3  -51  )
( -31  38  -32  )
( 62  26  52  )
( -22  58  59  )
( 10  -43  65  )
( 27  -97  28  )
( 82  13  -26  )
( -70  10  27  )
( 41  -15  -28  )
( 10  71  -92  )
( 15  96  13  )
( -14  -48  91  )
( -13  96  -38  )
( 34  70  85  )
( 3  10  30  )
( -15  -44  -34  )
( -90  -86  0  )
( -95  40  80  )
( 50  52  -83  )
( 29  -14  -7  )
( 47  -94  -16  )
( -73  -19  95  )
( -89  -70  -42  )
( 67  62  24  )
( -9  -38  -74  )
( 57  63  -11  )
( 72  43  -13  )
( 95  -82  -4  )
( -22  34  -32  )
( 72  -95  -38  )
( -45  -57  71  )
( -72  -32  58  )
( 53  -0  -33  )
( -88  92  -51  )
( -9  -37  -76  )
( 26  45  79  )
( -39  64  7  )
( -19  -91  29  )
( -99  72  -65  )
( -32  -14  1  )
( -90  81  -76  )
( 47  -6  -31  )
( 19  61  67  )
( 21  -18  -50  )
( 25  -42  -45  )
( 55  -66  -99  )
( -59  -36  -38  )
( 56  -85  35  )
( 55  -15  -48  )
( -12  -39  -60  )
( 37  -89  -27  )
( 84  91  1  )
( -5  0  89  )
( -15  -78  -80  )
( -79  14  89  )
( 89  43  -19  )
( -20  65  -57  )
( 29  -69  94  )
( -74  93  67  )
( -69  1  -93  )
( 75  82  -22  )
( -94  28  -1  )
( -72  -96  -46  )
( 19  -16  93  )
( -78  -77  14  )
( 68  17  29  )
( -21  -38  -5  )
( -56  98  99  )
( 77  92  80  )
( 34  -91  27  )
( -62  -92  -64  )
( 27  6  -56  )
( 55  -23  -3  )
( 42  5  24  )
( 54  -61  -72  )
( 4  -37  90  )
( 45  13  -66  )
( 83  26  46  )
( 83  45  0  )
( -10  8  73  )
( -28  -58  79  )
( 12  -44  89  )
( 94  65  -26  )
( 96  -53  1  )
( 51  93  -17  )
( 62  24  67  )
( -87  13  -29  )
( 80  -32  56  )
( -52  40  -15  )
( 6  43  63  )
( 59  -3  -98  )
( 16  -57  27  )
( -73  69  63  )
( -63  21  60  )
( -38  67  56  )
( -21  -15  71  )
( 72  -29  52  )
( -16  -69  54  )
( -60  -73  24  )
( -97  65  4  )
( -46  95  -60  )
( -84  -53  -88  )
( -7  -27  -52  )
( 30  -21  58  )
( 88  -56  -10  )
( 19  54  58  )
( -60  75  42  )
( 41  54  -50  )
( 28  -75  -57  )
( -75  -74  -56  )
( 90  7  12  )
( 41  90  -97  )
( -77  38  28  )
( 12  58  96  )
( -73  8  13  )
( -64  -46  -27  )
( 17  86  -23  )
( -49  11  -12  )
( 59  32  83  )
( 0  -39  -16  )
( 78  23  20  )
( -65  -23  3  )
( 92  -29  73  )
( -24  17  -96  )
( 35  -87  58  )
( 58  23  -59  )
( 41  -69  -52  )
( 73  90  14  )
( 56  6  61  )
( 65  -21  43  )
( -52  -83  25  )
( 75  -1  20  )
( -24  -63  -21  )
( 2  25  -39  )
( -98  -79  39  )
( -0  -17  45  )
( -21  34  55  )
( 0  81  -95  )
( 17  42  0  )
( -76  4  68  )
( -55  24  -40  )
( 20  -84  14  )
( 50  43  76  )
( 58  63  59  )
( 3  -25  -66  )
( 19  27  90  )
( -28  -97  89  )
( 82  -99  -13  )
( -60  83  54  )
( -90  43  14  )
( -85  69  86  )
( 26  3  -30  )
( 60  -36  38  )
( 47  12  -58  )
( 96  -63  -70  )
( -62  7  77  )
( 94  -97  -57  )
( -72  26  55  )
( 98  33  65  )
( -71  -54  66  )
( 34  -87  -15  )
( 51  -46  -56  )
( -50  9  15  )
( -41  8  -21  )
( -16  -52  39  )
( -87  -95  -80  )
( 88  -89  -55  )
( 50  -62  58  )
( 14  84  80  )
( -10  46  -35  )
( -10  -76  -14  )
( -21  -62  -34  )
( 44  -98  11  )
( -95  18  66  )
( -19  -66  26  )
( 81  12  70  )
( -91  -42  -34  )
( 78  5  64  )
( -65  2  27  )
( -51  77  25  )
( 74  93  62  )
( 61  65  -54  )
( -38  -56  -18  )
( -95  56  -89  )
( -66  -44  -20  )
( -76  52  34  )
( -49  -66  -51  )
( -49  -44  32  )
( -48  42  -71  )
( 59  20  79  )
( 26  -47  96  )
( -92  5  28  )
( 16  51  57  )
( 10  55  -83  )
( -5  -50  94  )
( -85  -32  -16  )
( 68  -16  -34  )
( -33  93  72  )
( 95  60  89  )
( 38  57  65  )
( -55  57  -65  )
( 10  -57  85  )
( 85  -42  15  )
( -72  57  -73  )
( 3  -67  -93  )
( 35  -94  39  )
( 29  -16  86  )
( 85  -41  -45  )
( -74  80  -92  )
( 3  58  -20  )
( -49  33  48  )
( 54  91  75  )
( 85  -29  38  )
( -46  31  66  )
( -14  24  -44  )
( 93  28  -9  )
( 49  -10  -81  )
( -65  -46  1  )
( -64  -34  32  )
( 20  -61  -73  )
( 6  74  95  )
( -43  76  6  )
( -8  -7  -73  )
( -33  66  53  )
( -35  -93  -81  )
( 0  79  33  )
( 13  64  42  )
( -2  53  89  )
( 88  17  -19  )
