( 63  -34  9  )
( -74  -1  2  )
( 91  -96  -15  )
( -10  -97  46  )
( 78  72  0  )
( -49  63  -78  )
( -46  26  25  )
( -98  -88  -27  )
( -90  72  33  )
( 41  -21  95  )
( -81  -84  49  )
( 17  -14  -13  )
( -98  47  75  )
( -8  80  9  )
( -90  -37  93  )
( -64  32  -68  )
( -17  88  -24  )
( 81  61  60  )
( 3  -62  -43  )
( -48  -21  -34  )
( 93  96  -86  )
( -41  16  40  )
( 70  97  42  )
( 52  -89  92  )
( -72  -96  12  )
( -29  44  -4  )
( -72  50  38  )
( -41  98  27  )
( 67  -71  -81  )
( 42  -35  84  )
( -18  20  -24  )
( -9  99  -58  )
( -44  30  7  )
( 76  57  -81  )
( -53  -19  -28  )
( 9  -90  28  )
( 82  36  -77  )
( -33  -57  29  )
( 16  -93  14  )
( -25  -36  -1  )
( -62  15  -55  )
( 72  51  89  )
( 90  -91  82  )
( -8  14  47  )
( -2  68  -12  )
( -0  -24  92  )
( -11  -27  95  )
( 51  23  83  )
( 32  -88  18  )
( -88  -25  34  )
( 51  -56  -65  )
( 69  -73  76  )
( -45  -6  -49  )
( -90  -29  72  )
( 16  63  55  )
( 36  -18  43  )
( -64  11  -13  )
( -15  -88  66  )
( 63  -77  -91  )
( -91  -33  15  )
( -78  73  35  )
( 39  84  57  )
( -47  -39  68  )
( -99  -95  73  )
( 8  -30  56  )
( -32  -87  62  )
( 85  -60  90  )
( -83  -2  56  )
( -20  -26  -34  )
( -46  27  71  )
( 55  25  -26  )
( 27  33  -37  )
( -58  -43  -14  )
( 73  -25  -31  )
( 18  90  -39  )
( -11  -78  -62  )
( 28  -39  -97  )
( -51  68  -88  )
( 60  3  -6  )
( -98  -19  -44  )
( 98  4  91  )
( 1  38  -28  )
( 29  -40  11  )
( -99  52  -93  )
( -53  47  -34  )
( 75  -49  93  )
( 36  -5  -16  )
( -10  -73  21  )
( -52  36  -31  )
( 63  70  99  )
( -25  39  -0  )
( -30  2  65  )
( -47  -92  -45  )
( -2  29  -68  )
( 94  -46  -69  )
( 95  -4  17  )
( 4  -95  -60  )
( 49  12  -41  )
( -54  3  69  )
( 18  16  59  )
( -15  18  13  )
( -26  -68  -10  )
( 80  -73  11  )
( -90  13  -6  )
( 0  16  64  )
( 69  -28  44  )
( 89  -5  34  )
( 24  43  15  )
( -12  78  -7  )
( -33  -94  55  )
( -0  -98  -26  )
( -83  31  98  )
( 1  2  38  )
( -11  30  7  )
( -67  -93  -85  )
( 68  60  46  )
( 98  -97  3  )
( 36  83  39  )
( 3  95  99  )
( 35  -39  -80  )
( -31  76  -48  )
( 54  66  -99  )
( -18  -93  -43  )
( -99  -48  -69  )
( -3  89  23  )
( 35  -25  58  )
( -75  2  54  )
( -18  -44  34  )
( 1  -68  98  )
( 55  7  57  )
( 46  -65  -73  )
( -57  -99  12  )
( 35  28  -49  )
( -90  12  -83  )
( 62  -3  55  )
( 59  -4  30  )
( -27  93  2  )
( 9  3  -95  )
( -66  -82  29  )
( 51  6  83  )
( 26  -64  -58  )
( -7  51  -33  )
( -6  -59  -53  )
( 25  -17  -42  )
( 65  89  -96  )
( 23  15  29  )
( -91  -8  -99  )
( 36  99  -81  )
( -40  21  -36  )
( -46  59  95  )
( 31  -87  77  )
( -35  -82  -69  )
( -98  76  75  )
( 41  -14  34  )
( -87  -48  -83  )
( 77  -30  4  )
( 25  -42  -10  )
( -7  -60  -58  )
( -8  -26  17  )
( -51  -86  20  )
( -79  85  -46  )
( -95  84  -74  )
( -67  79  -69  )
( 0  14  -92  )
( -8  -7  -87  )
( -75  29  88  )
( 54  28  4  )
( 64  -37  47  )
( 22  48  78  )
( -76  -86  32  )
( -68  -19  -46  )
( 83  -64  -59  )
( 60  -75  -65  )
( 7  -54  -40  )
( -68  -42  87  )
( -53  81  83  )
( 41  -78  -84  )
( 14  76  -89  )
( 1  10  -24  )
( 99  -52  97  )
( 48  -15  -56  )
( 81  -79  -91  )
( -83  72  -20  )
( 57  34  74  )
( 70  -68  97  )
( 13  61  -70  )
( -77  30  -22  )
( 89  68  8  )
( -83  -90  62  )
( 58  -76  -27  )
( -17  -62  29  )
( 91  -92  31  )
( 83  -99  -74  )
( -45  -43  37  )
( -56  -58  -39  )
( -13  69  58  )
( 57  43  -81  )
( -65  -98  -92  )
( 4  -82  52  )
( -69  39  -92  )
( -36  -0  -88  )
( 62  -71  -49  )
( -64  67  61  )
( 50  -53  -98  )
( -5  11  -4  )
( -4  43  88  )
( -57  -88  -37  )
( 65  -85  -90  )
( -41  8  55  )
( -21  8  16  )
( 95  -38  -11  )
( -85  41  -64  )
( 6  78  -83  )
( 78  97  63  )
( 43  -56  -88  )
( -18  -38  -67  )
( -44  43  52  )
( -90  82  -71  )
( -36  -57  27  )
( -22  -89  -27  )
( 3  38  -27  )
( -68  -73  -21  )
( 3  -83  -41  )
( 82  -49  -66  )
( -37  95  39  )
( 81  36  -50  )
( -92  34  90  )
( 26  82  -42  )
( 24  42  -46  )
( 36  -89  -13  )
( 79  -30  -47  )
( 33  -71  -23  )
( 18  -98  -5  )
( -35  -97  0  )
( 54  32  -94  )
( -86  -1  -6  )
( -2  62  89  )
( 4  -9  71  )
( 11  3  -99  )
( -44  -81  64  )
( 88  -29  -51  )
( 81  -92  17  )
( 46  -9  73  )
( 94  -9  -52  )
( 66  -17  -20  )
( 59  -39  22  )
( 13  -24  -89  )
( 40  -62  -92  )
( -4  -1  40  )
( -27  -0  93  )
( -92  70  29  )
( -71  30  34  )
( -0  -93  -97  )
( -95  -6  -76  )
( 79  -41  -78  )
( 8  -78  -7  )
( 62  -71  4  )
( -4  95  -36  )
( -79  61  -83  )
( 90  -51  27  )
( 88  -40  -63  )
( 41  -25  79  )
( -83  -27  65  )
( 2  83  68  )
( 77  -97  67  )
( -65  -41  -43  )
( -65  -33  -5  )
( -92  -8  55  )
( 86  46  76  )
( 4  -64  -21  )
( -94  74  55  )
( -46  -31  -79  )
( -82  51  68  )
( -40  16  78  )
( 37  67  -36  )
( 8  -10  70  )
( 46  -69  37  )
( 93  -34  10  )
( 16  -69  -48  )
( 85  -65  58  )
( -56  -88  -19  )
( 86  -66  2  )
( 35  -14  -50  )
( -25  -21  -81  )
( -92  -71  2  )
( 16  99  -98  )
( -83  5  37  )
( 71  75  1  )
( -4  15  -3  )
( 58  -78  -22  )
( -36  -40  -81  )
( 64  -55  39  )
( 71  -58  -13  )
( 20  82  -48  )
( 37  -65  7  )
( 96  24  97  )
( -65  3  -8  )
( -90  59  28  )
( 89  20  16  )
( -25  35  -30  )
( -1  35  -76  )
( 38  58  18  )
( 52  -61  35  )
( -87  25  -57  )
( -16  10  -46  )
( -72  82  5  )
( 29  12  -54  )
( -26  -1  -67  )
( 47  -44  -82  )
( -81  -96  -85  )
( -19  52  91  )
( 55  81  -89  )
( 70  -34  -33  )
( -60  -87  -48  )
( 49  -84  36  )
( -25  72  -34  )
( -4  3  -96  )
( 92  61  1  )
( -52  24  90  )
( -2  -41  45  )
( 76  69  -6  )
( -13  -64  -55  )
( 85  15  45  )
( -97  64  -19  )
( -58  -77  -7  )
( 79  -60  47  )
( -27  54  12  )
( -51  37  -5  )
( -55  -31  -41  )
( -51  93  -57  )
( -43  14  64  )
( 54  11  3  )
( -64  3  78  )
( -72  -38  -98  )
( -87  66  -80  )
( 29  33  -43  )
( -75  -73  -14  )
( 57  48  23  )
( 39  64  -6  )
( 32  21  -64  )
( 28  -87  62  )
( -45  -73  -0  )
( 5  18  54  )
( -86  -29  -72  )
( -98  4  58  )
( 23  -43  -34  )
( 69  -11  -93  )
( -99  -21  70  )
( 26  1  41  )
( 91  -96  80  )
( -71  53  76  )
( -17  -46  68  )
( 99  -24  18  )
( -64  -88  18  )
( -73  -84  -66  )
( -29  68  -78  )
( -81  96  -64  )
( 70  -92  -7  )
( 46  61  -74  )
( -26  -38  65  )
( 39  17  18  )
( -96  -61  -39  )
( 99  -59  -6  )
( 2  59  -76  )
( -38  62  73  )
( 26  -79  -38  )
( 64  -49  85  )
( -73  38  23  )
( 50  -9  43  )
( -49  -93  -42  )
( 57  4  -76  )
( -56  24  -12  )
( -0  46  -2  )
( 33  47  74  )
( 16  65  61  )
( 47  -64  -18  )
( -10  -25  62  )
( -3  93  40  )
( 50  30  57  )
( 65  -80  -40  )
( 85  21  71  )
( 74  -59  30  )
( 74  -50  62  )
( -84  -50  43  )
( -35  -16  77  )
( -95  -34  72  )
( 20  42  -48  )
( -64  31  -10  )
( -80  -51  26  )
( -49  80  46  )
( -31  -18  8  )
( -4  72  24  )
( -98  -67  24  )
( 34  -15  32  )
( -49  -91  -70  )
( -13  12  -33  )
( -9  82  35  )
( 12  30  -31  )
( 83  60  -32  )
( -68  16  -97  )
( -24  -89  -54  )
( 53  -0  -13  )
( 32  -0  -14  )
( 2  87  -93  )
( -97  -33  39  )
( 0  9  -52  )
( 47  -77  -46  )
( -60  0  34  )
( -85  -91  -22  )
( -38  -35  -26  )
( 22  -35  7  )
( -37  -56  13  )
( 25  -81  78  )
( -83  -41  -69  )
( 5  -19  -94  )
( 6  35  1  )
( -89  -10  -45  )
( -36  -44  -22  )
( -89  77  -6  )
( 60  -30  92  )
( -97  22  -15  )
( 85  -25  63  )
( 78  63  -54  )
( 52  51  67  )
( 70  99  -57  )
( 7  39  42  )
( -31  -33  81  )
