( 24  62  41  )
( -2  -73  -50  )
( 97  38  -44  )
( 65  -38  40  )
( -55  84  50  )
( -26  -51  -60  )
( 50  36  17  )
( -24  28  -75  )
( -94  -88  -92  )
( -7  41  -85  )
( 48  95  -70  )
( 10  8  69  )
( -8  -83  26  )
( 33  -35  70  )
( -36  1  -19  )
( -40  -72  2  )
( 19  55  -71  )
( -80  -63  -78  )
( 43  -12  35  )
( 48  -45  -1  )
( 89  -65  16  )
( -89  -51  7  )
( 67  -72  90  )
( 89  0  3  )
( 23  84  83  )
( -87  -7  61  )
( -6  -83  39  )
( 74  -46  18  )
( 77  -40  63  )
( 60  49  -65  )
( 38  -76  32  )
( -74  -86  -11  )
( 6  -29  18  )
( 41  52  51  )
( 10  -5  -17  )
( 77  27  -1  )
( 6  39  83  )
( 8  -6  35  )
( -10  30  -52  )
( 96  -52  -86  )
( -79  -71  27  )
( 9  41  45  )
( 20  58  -35  )
( 49  52  37  )
( -61  -78  21  )
( -63  -34  48  )
( -14  -16  84  )
( 4  -73  -95  )
( -33  -93  -74  )
( 21  57  -14  )
( 90  15  57  )
( -61  -18  -93  )
( 53  -96  68  )
( 48  -50  -39  )
( -92  7  -85  )
( -90  75  83  )
( 61  86  69  )
( -86  -78  -26  )
( -45  83  -87  )
( -60  -53  86  )
( 23  52  96  )
( -2  95  29  )
( -45  57  -35  )
( -51  -29  45  )
( -78  60  29  )
( 13  69  -83  )
( 92  -66  -19  )
( 70  98  -51  )
( 43  -68  -50  )
( -45  54  -53  )
( 47  87  62  )
( -2  15  57  )
( 1  45  -16  )
( 1  -68  2  )
( 60  -67  58  )
( -73  -55  33  )
( -72  -52  15  )
( -75  -46  54  )
( 86  -37  -93  )
( 83  88  74  )
( 78  -75  33  )
( -97  -14  -67  )
( -70  -81  51  )
( -84  8  17  )
( 32  -77  10  )
( -27  -84  -86  )
( 59  -15  87  )
( -35  20  81  )
( -94  -31  -42  )
( -78  -70  92  )
( 89  -73  -98  )
( -92  -86  56  )
( 91  -85  -38  )
( 91  42  80  )
( -31  -46  -40  )
( -89  -92  8  )
( -47  85  31  )
( -18  -68  73  )
( 41  75  46  )
( -48  64  17  )
( 77  -0  38  )
( -87  92  99  )
( -7  57  67  )
( -83  7  -39  )
( -19  -96  -36  )
( 18  -96  82  )
( -38  -97  -10  )
( -43  71  -96  )
( 24  -29  8  )
( -10  -83  21  )
( 72  -75  90  )
( -95  -70  38  )
( 51  95  35  )
( 49  -83  -31  )
( 1  -97  -77  )
( 25  -46  -2  )
( 98  12  -47  )
( -70  73  -12  )
( -88  48  -51  )
( -96  -72  -77  )
( 28  -5  -26  )
( 53  -39  -33  )
( 99  88  28  )
( 9  -8  -40  )
( 75  38  -0  )
( 9  40  -33  )
( -21  -51  5  )
( -20  12  19  )
( 86  92  -84  )
( -26  -46  -94  )
( -21  -74  -89  )
( 24  0  -91  )
( -61  80  66  )
( -20  -63  -14  )
( 91  99  67  )
( 4  14  -97  )
( -27  -14  -15  )
( -57  -41  -26  )
( 76  79  -70  )
( -23  64  89  )
( 82  -7  -93  )
( 86  56  -5  )
( -19  31  21  )
( -13  26  -82  )
( -9  18  4  )
( 97  -4  -67  )
( 58  -94  -60  )
( -10  -84  -70  )
( 80  -38  -90  )
( 75  13  28  )
( 15  82  -44  )
( 44  -62  -58  )
( 20  15  -26  )
( -99  -44  73  )
( -14  -25  -6  )
( -86  47  69  )
( 41  -90  -15  )
( -44  65  10  )
( -30  -73  -5  )
( 14  -92  39  )
( -74  39  -50  )
( -38  0  81  )
( 62  63  74  )
( 22  19  -54  )
( 26  -29  89  )
( 93  -46  -7  )
( 76  -23  99  )
( 85  63  48  )
( -63  19  -96  )
( 96  75  50  )
( 85  -27  60  )
( 72  -7  78  )
( -80  12  60  )
( 38  68  64  )
( -41  -80  53  )
( -61  -9  13  )
( 43  29  -63  )
( 27  -34  99  )
( -1  -49  -0  )
( 18  53  9  )
( 76  64  92  )
( -91  45  34  )
( 12  64  -22  )
( -48  -38  -12  )
( -52  -36  5  )
( -94  -73  15  )
( 76  27  -13  )
( 28  42  44  )
( 94  7  -6  )
( 12  -43  -48  )
( -18  -53  36  )
( -96  20  -94  )
( -94  65  21  )
( 47  61  44  )
( -27  -63  73  )
( -38  97  -75  )
( -69  30  -49  )
( 65  -3  51  )
( 40  38  -43  )
( 47  -48  -41  )
( 50  21  13  )
( 38  -81  70  )
( 45  -11  35  )
( -37  -7  -74  )
( -80  8  74  )
( -36  -50  31  )
( 95  -75  77  )
( -26  -98  -18  )
( 17  -77  -35  )
( -52  49  -70  )
( -10  -5  74  )
( -5  -92  -83  )
( 26  -15  91  )
( 32  94  48  )
( 74  -63  -30  )
( 94  22  -35  )
( 42  -68  -50  )
( -0  20  83  )
( -7  1  10  )
( 64  82  39  )
( -48  -92  -18  )
( 45  54  83  )
( 29  -98  65  )
( -64  -1  3  )
( -49  32  -30  )
( 81  -27  70  )
( 62  -37  -82  )
( -41  88  36  )
( 87  -80  -44  )
( 78  -60  97  )
( 94  -75  7  )
( 93  63  27  )
( 77  45  -51  )
( 25  -15  94  )
( -12  -43  -46  )
( -99  -10  58  )
( 10  58  -90  )
( 67  -2  94  )
( 4  79  -7  )
( -11  -35  70  )
( 58  -65  92  )
( -86  14  -27  )
( 0  -69  -97  )
( -57  -94  -87  )
( 43  -75  56  )
( 61  6  31  )
( -0  57  -35  )
( 97  85  -44  )
( -73  -27  77  )
( -36  29  -23  )
( -57  -65  10  )
( -20  27  86  )
( -8  -12  56  )
( -27  57  -97  )
( 1  73  -23  )
( 81  -98  17  )
( -25  35  -55  )
( 43  87  -69  )
( -22  67  -97  )
( -58  50  43  )
( 75  -87  -60  )
( 2  42  -31  )
( -24  -31  46  )
( -63  50  -92  )
( 63  -11  -54  )
( 9  -65  70  )
( 82  -56  43  )
( 53  -64  35  )
( 5  84  79  )
( 42  75  -96  )
( -69  26  2  )
( -49  71  -24  )
( -66  -23  -40  )
( -78  5  -10  )
( 1  85  3  )
( -41  -23  -25  )
( -57  21  62  )
( -30  -63  20  )
( -30  -31  -54  )
( -22  -97  38  )
( 30  -53  7  )
( -86  -25  -39  )
( -60  -45  62  )
( 62  88  -41  )
( -67  84  -6  )
( 24  -80  53  )
( -4  -41  58  )
( -8  -21  58  )
( -58  -65  82  )
( -70  -39  -87  )
( 44  60  -20  )
( -7  -98  -43  )
( 60  6  -89  )
( 97  -37  -52  )
( 63  61  18  )
( -30  -33  -49  )
( -91  -68  -48  )
( -16  57  -76  )
( 78  -97  -84  )
( 16  10  65  )
( -71  -19  80  )
( -55  -32  97  )
( 4  -37  43  )
( 9  57  -40  )
( 84  31  -53  )
( -21  -24  -61  )
( -95  -21  -65  )
( 94  71  72  )
( -56  35  91  )
( -78  94  -65  )
( -65  -82  22  )
( 17  2  15  )
( 93  -73  80  )
( 56  1  12  )
( -20  54  96  )
( 10  -57  -83  )
( -2  69  -44  )
( 94  -41  -17  )
( -12  7  48  )
( -51  -38  26  )
( 81  -98  62  )
( 91  -25  37  )
( 28  60  73  )
( 37  -93  71  )
( 83  19  -12  )
( -51  -85  -49  )
( 58  -24  76  )
( -40  77  89  )
( 95  -33  96  )
( -32  -65  -59  )
( 69  92  -90  )
( -41  -59  -49  )
( 34  93  50  )
( 85  19  -3  )
( 72  -4  6  )
( 95  -12  80  )
( 79  -68  32  )
( -63  -67  -71  )
( -5  28  -67  )
( 52  92  -41  )
( -0  -51  -73  )
( 93  -59  14  )
( 34  48  -16  )
( 69  -33  -55  )
( -93  -88  75  )
( 4  -24  -57  )
( -54  25  -95  )
( 15  23  -36  )
( -23  -3  71  )
( -4  -9  82  )
( 85  -58  -82  )
( 30  35  11  )
( 45  66  94  )
( 70  28  -37  )
( 22  90  87  )
( -54  88  -41  )
( -76  52  47  )
( 89  53  -61  )
( 59  -69  70  )
( -79  -2  -29  )
( 74  69  23  )
( -16  27  -39  )
( 37  77  33  )
( -1  -31  -61  )
( 99  -90  79  )
( 14  79  -50  )
( 38  -92  97  )
( -58  -93  -68  )
( -41  -24  -67  )
( 57  67  -74  )
( -50  47  -7  )
( -35  -36  -2  )
( 20  -86  -24  )
( 10  -0  43  )
( 25  84  55  )
( -56  77  73  )
( 40  -49  -37  )
( 91  62  47  )
( -74  -83  -97  )
( 93  28  31  )
( -36  13  68  )
( 42  64  -6  )
( 31  25  88  )
( 96  -32  94  )
( -45  -54  -66  )
( 53  69  29  )
( 30  -82  -2  )
( 92  -42  -54  )
( 9  -49  -81  )
( 26  -76  -13  )
( -55  -12  76  )
( 22  -74  50  )
( -29  -91  -80  )
( -3  61  92  )
( 55  28  -97  )
( -8  26  -38  )
( -95  -51  31  )
( 97  -66  -26  )
( -12  90  -2  )
( 39  -20  -12  )
( -36  -33  44  )
( 59  20  91  )
( 77  -40  93  )
( -59  90  -60  )
( 32  43  23  )
( -47  55  -74  )
( 78  74  40  )
( 90  -83  -25  )
( 7  -40  -1  )
( -62  56  63  )
( 50  -95  35  )
( 56  -67  9  )
( -95  36  54  )
( -84  83  20  )
( 4  -50  -98  )
( 80  -34  -35  )
( 47  58  -43  )
( 66  -35  -47  )
( 72  25  -48  )
( 46  -78  -26  )
( 32  -83  -79  )
( 33  -82  83  )
( 70  -11  -94  )
( -80  -21  81  )
( 0  72  54  )
( 42  68  -10  )
( -14  86  52  )
