( -8  54  -70  )
( 55  -26  -58  )
( 76  -45  -53  )
( 92  37  81  )
( 19  75  36  )
( -44  36  11  )
( -15  -13  50  )
( -80  86  17  )
( -19  -8  -86  )
( 50  -8  -26  )
( 99  83  -55  )
( 66  -83  99  )
( 88  -64  39  )
( 16  1  19  )
( -4  -64  16  )
( 51  -80  89  )
( 31  -46  -87  )
( 80  -32  -54  )
( -40  -89  -23  )
( 18  21  12  )
( 88  -60  47  )
( -53  -56  57  )
( 93  44  -23  )
( 53  -84  -85  )
( 58  45  -37  )
( 15  6  -52  )
( -69  74  -17  )
( 64  -39  9  )
( -86  40  79  )
( -48  71  15  )
( 38  -97  -35  )
( -43  84  -51  )
( -51  56  -28  )
( -80  21  -5  )
( 77  89  51  )
( -94  -45  90  )
( 7  94  54  )
( -80  56  6  )
( -87  -11  68  )
( 70  -26  -53  )
( 74  -91  59  )
( 31  10  -43  )
( -79  -82  -41  )
( -90  -79  -46  )
( 15  -51  92  )
( 77  96  30  )
( -2  8  -94  )
( 25  99  75  )
( 66  7  33  )
( 94  72  -57  )
( 7  -45  -55  )
( 12  -34  65  )
( -85  -17  22  )
( -90  -66  -70  )
( 17  -21  -12  )
( -45  91  -22  )
( 18  -92  -97  )
( -72  -4  44  )
( 84  -27  -97  )
( -45  30  -61  )
( 2  95  -25  )
( 85  18  -29  )
( 44  35  8  )
( 11  -77  -36  )
( -83  14  10  )
( -2  -42  89  )
( -65  -9  27  )
( -76  -72  -92  )
( 81  -55  48  )
( 20  91  54  )
( -20  91  -19  )
( 63  -72  -84  )
( -0  -84  -62  )
( 80  62  67  )
( -73  -60  -39  )
( -17  63  -57  )
( 76  72  -68  )
( -94  59  2  )
( -96  -16  7  )
( 36  41  83  )
( -99  -22  75  )
( 84  -8  -75  )
( 44  -99  66  )
( 93  17  68  )
( -51  -28  85  )
( -3  23  -97  )
( 1  -85  70  )
( 9  52  -43  )
( 80  -16  -14  )
( -4  -53  49  )
( -30  -64  -52  )
( -78  -10  -59  )
( 99  60  -69  )
( -74  35  33  )
( 58  61  88  )
( -87  70  -71  )
( 46  -47  -28  )
( -87  25  32  )
( 40  54  6  )
( -6  39  15  )
( -91  98  31  )
( 15  30  -49  )
( -98  49  -54  )
( 31  3  -0  )
( 82  -24  -84  )
( -56  -73  -92  )
( -14  -5  90  )
( 94  49  65  )
( 64  -73  -65  )
( -7  -52  -0  )
( 74  -60  -9  )
( -65  55  -95  )
( -21  -4  23  )
( 80  48  -57  )
( 55  9  -31  )
( -91  51  -5  )
( -42  -35  50  )
( -13  -22  87  )
( 86  5  -14  )
( 1  -54  16  )
( -78  -91  90  )
( 63  -59  -58  )
( 54  84  20  )
( 56  -99  -63  )
( -83  66  65  )
( 1  99  68  )
( -66  84  -10  )
( 35  33  41  )
( 53  82  -95  )
( -8  30  -50  )
( -59  -10  -1  )
( -96  -75  -18  )
( -36  -3  -24  )
( -80  -55  -94  )
( 57  72  -50  )
( -70  -67  74  )
( -53  93  -99  )
( -5  -56  -89  )
( -23  -62  -13  )
( -80  36  47  )
( -53  -40  -47  )
( 16  36  92  )
( 57  -47  -97  )
( -57  64  10  )
( -47  22  -87  )
( 98  -48  26  )
( 68  -36  -15  )
( -29  -25  74  )
( -93  -55  17  )
( -61  -10  18  )
( -95  79  -59  )
( 68  -17  11  )
( 86  -3  -7  )
( 77  30  90  )
( -70  35  -84  )
( -63  7  -94  )
( 8  46  93  )
( -97  -84  -11  )
( 68  -72  -21  )
( 62  -98  -74  )
( -45  -36  21  )
( -95  -10  -88  )
( 0  -69  -28  )
( -56  -18  -4  )
( -84  -89  59  )
( 23  -20  67  )
( 80  -1  -55  )
( 20  -95  45  )
( -43  7  -6  )
( -89  99  -12  )
( -19  73  -41  )
( 24  30  20  )
( -80  -79  -48  )
( -31  -11  48  )
( 49  53  -67  )
( 15  26  86  )
( -86  -48  45  )
( -90  -16  -77  )
( -87  1  -25  )
( 83  20  51  )
( -34  45  -85  )
( 80  -33  -76  )
( 60  -43  98  )
( 21  88  -30  )
( 70  41  -40  )
( 66  49  -80  )
( 87  33  9  )
( -17  33  81  )
( 92  -63  -51  )
( 65  95  -10  )
( 13  53  19  )
( -32  83  -21  )
( -34  92  79  )
( 34  0  98  )
( -89  -74  -61  )
( -28  -48  -14  )
( 58  29  -70  )
( -72  -43  85  )
( -64  97  -79  )
( 38  -77  -65  )
( 78  -49  86  )
( -16  -88  71  )
( 21  5  -97  )
( 32  -14  -6  )
( -55  93  -85  )
( 64  70  -58  )
( 6  49  -23  )
( 1  -58  63  )
( -40  34  -90  )
( 93  -42  74  )
( -86  4  -54  )
( -27  14  85  )
( -85  -61  -4  )
( 12  39  67  )
( -74  -57  -63  )
( -2  -65  -57  )
( 47  -70  19  )
( 19  -51  55  )
( -45  3  -68  )
( 36  90  -42  )
( 2  -61  15  )
( 58  -53  69  )
( -20  -21  64  )
( -77  15  48  )
( -50  -93  52  )
( 19  -62  48  )
( 35  -29  -16  )
( -17  20  22  )
( -46  -16  -45  )
( -71  31  -43  )
( 42  7  54  )
( -70  -81  -41  )
( -61  67  75  )
( 39  -70  26  )
( -39  -89  33  )
( -66  -45  -88  )
( 82  -50  56  )
( -46  -70  32  )
( -25  -1  -60  )
( 37  -63  82  )
( 63  -5  -89  )
( 9  -51  71  )
( 24  -60  -8  )
( -76  55  -22  )
( 29  20  -51  )
( 70  -39  -68  )
( 65  51  88  )
( 47  72  86  )
( 90  -39  -24  )
( -67  10  22  )
( -17  84  90  )
( -13  34  36  )
( 50  67  -85  )
( -96  58  44  )
( -97  28  55  )
( 16  -88  -12  )
( 66  -87  -69  )
( 2  57  91  )
( -11  77  7  )
( 98  -66  -69  )
( -29  2  71  )
( -80  -9  -8  )
( -15  76  13  )
( 71  -22  -5  )
( -33  -73  8  )
( 11  23  -87  )
( 19  66  98  )
( 69  -29  -82  )
( 72  17  28  )
( 78  19  -46  )
( -91  -57  -73  )
( 59  -50  -40  )
( 47  -43  -76  )
( 84  -93  96  )
( 27  38  82  )
( -56  89  -65  )
( -59  56  62  )
( -26  85  -28  )
( -63  -70  -69  )
( -20  -29  -27  )
( 74  -34  -65  )
( 47  46  64  )
( -75  -89  -32  )
( -90  -24  -83  )
( 14  -37  89  )
( -25  -74  72  )
( -24  10  -97  )
( 4  2  91  )
( -97  -23  -27  )
( 85  -36  -41  )
( 66  -74  53  )
( -65  85  20  )
( -98  83  34  )
( 33  -41  21  )
( 16  -54  4  )
( -60  -99  -28  )
( -7  -13  -29  )
( 60  -17  71  )
( -97  -7  49  )
( 46  -28  -34  )
( 73  37  93  )
( -37  -34  -75  )
( 53  37  29  )
( -11  -47  0  )
( -43  25  -19  )
( -59  5  53  )
( 74  -84  4  )
( 72  17  -58  )
( 14  -21  -39  )
( 14  76  -36  )
( 56  34  79  )
( 45  20  -48  )
( 24  25  -58  )
( 60  -98  68  )
( 28  -95  -0  )
( 98  -50  9  )
( -65  -19  -88  )
( 50  93  3  )
( 27  -83  -53  )
( 32  -31  -78  )
( 18  -96  4  )
( -93  -77  54  )
( 31  57  46  )
( 15  -8  87  )
( -31  38  29  )
( 43  40  57  )
( 46  23  -76  )
( -54  -68  -50  )
( 35  73  0  )
( 15  80  -29  )
( 56  35  -90  )
( -26  76  -85  )
( 12  21  31  )
( -17  62  67  )
( -6  -57  -69  )
( -39  -45  -12  )
( -0  -7  31  )
( 92  -70  -94  )
( -46  75  -77  )
( -99  -42  38  )
( 32  59  0  )
( 65  3  12  )
( 5  63  7  )
( -17  63  -48  )
( -2  -62  27  )
( -3  26  53  )
( -46  -30  22  )
( 28  -38  19  )
( -30  -63  42  )
( 71  -95  -39  )
( 55  -76  -97  )
( -98  84  -27  )
( 1  75  54  )
( -87  98  -51  )
( 10  36  98  )
( 71  -55  51  )
( -13  -89  27  )
( 57  19  -68  )
( -92  -88  -17  )
( 6  -1  -80  )
( 91  -63  -70  )
( 90  91  11  )
( 72  66  -1  )
( -95  94  56  )
( 12  -39  -3  )
( -11  66  92  )
( -96  -44  76  )
( -20  -84  -87  )
( 69  44  -32  )
( -55  64  -33  )
( 16  -73  7  )
( 26  -30  50  )
( 9  57  -46  )
( 23  -41  3  )
( 97  -96  -3  )
( 10  5  0  )
( -21  61  15  )
( -74  20  -31  )
( 27  16  74  )
( 67  25  8  )
( -85  -89  78  )
( 11  85  58  )
( 29  -50  72  )
( -39  -51  -68  )
( 18  -94  -68  )
( -11  15  -98  )
( 69  -94  -48  )
( 49  56  25  )
( 49  -14  79  )
( 13  95  34  )
( 47  91  44  )
( 91  52  -43  )
( -55  32  -17  )
( -39  87  -51  )
( 4  -92  -61  )
( -4  -22  -26  )
( 70  53  14  )
( 61  -37  67  )
( -7  -74  -70  )
( 54  62  0  )
( -22  -53  54  )
( -71  -25  -3  )
( -79  -7  64  )
( -89  -81  82  )
( -54  -70  23  )
( 24  34  88  )
( 7  75  -80  )
( 16  -89  59  )
( -4  48  47  )
( -96  44  -70  )
( 3  44  32  )
( 97  58  54  )
( 91  -92  -86  )
( -64  -21  -60  )
( -24  13  0  )
( -69  43  -61  )
( 1  -99  68  )
( 88  -19  -46  )
( 77  14  88  )
( 71  53  63  )
( 98  -13  7  )
( -37  -12  -30  )
( -77  -25  -58  )
( 33  -88  46  )
( -56  -51  -85  )
( 81  88  -19  )
( -98  -29  -53  )
