( 27  26  -3  )
( -68  90  -89  )
( -21  60  -18  )
( 24  -20  47  )
( 74  70  -35  )
( -46  -51  52  )
( -40  -78  63  )
( 59  -29  17  )
( -56  62  34  )
( -87  -0  95  )
( 48  40  53  )
( 60  66  -48  )
( 46  -63  -84  )
( -26  44  80  )
( 8  -2  -0  )
( -87  -12  23  )
( -52  -82  71  )
( 60  14  -40  )
( 98  36  94  )
( -8  -45  0  )
( -89  -70  -18  )
( 3  -74  -9  )
( 34  -16  -20  )
( -8  73  -78  )
( -34  -87  -37  )
( 13  -41  -66  )
( 97  -77  47  )
( 58  71  -61  )
( 32  94  1  )
( -83  -16  47  )
( 18  52  67  )
( -18  -53  3  )
( -56  86  -7  )
( 38  53  56  )
( -80  -56  97  )
( 28  96  -6  )
( 90  -23  -64  )
( 26  69  -27  )
( -66  93  -70  )
( 29  -92  71  )
( -97  68  -51  )
( -14  75  32  )
( 74  29  -79  )
( -54  85  30  )
( -61  30  -76  )
( -31  20  -39  )
( -88  -35  -59  )
( 66  -95  -46  )
( -98  -85  77  )
( 51  5  -70  )
( -69  70  79  )
( 44  -77  99  )
( 45  -26  -10  )
( -57  27  -9  )
( 76  -81  74  )
( 65  10  -99  )
( 48  -37  26  )
( -42  -22  32  )
( 90  89  -62  )
( 88  -82  -28  )
( -85  5  -45  )
( 31  -53  -20  )
( 88  36  83  )
( 81  -59  -65  )
( -94  34  16  )
( 60  -49  2  )
( -53  -66  5  )
( -25  49  -58  )
( 93  -12  2  )
( -83  3  -89  )
( 61  1  -87  )
( -77  -23  -56  )
( -84  63  69  )
( -1  42  4  )
( -82  79  -31  )
( -10  97  -91  )
( 30  -23  -59  )
( 25  7  -40  )
( 17  80  7  )
( 76  32  -43  )
( -21  -28  20  )
( 88  -1  17  )
( 41  64  -82  )
( 6  -36  -8  )
( 12  -57  55  )
( 66  50  -37  )
( -27  93  -33  )
( 72  -47  -87  )
( 15  -82  62  )
( 76  -93  -62  )
( -10  60  -49  )
( -32  -80  -64  )
( 64  -99  -58  )
( 14  -3  95  )
( 48  -90  -98  )
( 12  79  -6  )
( 69  -55  93  )
( 13  -38  64  )
( 68  49  81  )
( -66  -44  43  )
( 46  63  86  )
( 55  14  -36  )
( 27  -12  -90  )
( -51  35  16  )
( 63  54  -45  )
( -20  -35  -49  )
( -20  -87  -3  )
( 72  -93  -4  )
( 9  57  -19  )
( -76  89  -88  )
( -90  -75  73  )
( 78  -29  -27  )
( 57  32  -62  )
( -87  -50  -98  )
( -61  -77  -60  )
( 29  27  93  )
( -46  35  25  )
( -44  26  19  )
( 26  -14  57  )
( 62  16  9  )
( 43  -85  99  )
( 15  -79  -60  )
( 72  -92  7  )
( 7  93  -81  )
( -26  43  20  )
( 79  52  90  )
( 90  11  6  )
( -8  58  66  )
( 20  71  -70  )
( 91  -16  37  )
( 96  -88  -92  )
( 18  -72  -60  )
( 74  59  -28  )
( 33  -82  52  )
( 10  63  21  )
( 32  73  54  )
( 53  -27  -13  )
( -9  67  29  )
( 11  -66  45  )
( 32  -85  -64  )
( -64  19  41  )
( -67  -28  38  )
( 75  -0  -65  )
( 14  93  -65  )
( 9  4  -62  )
( -2  -74  84  )
( 66  -36  -99  )
( 23  -21  -13  )
( 20  -63  48  )
( 92  -20  -52  )
( 74  -70  13  )
( -82  -24  -74  )
( 32  33  -36  )
( -72  45  68  )
( -48  -16  -1  )
( 97  63  -37  )
( 18  -7  -52  )
( -68  -3  -67  )
( 21  -50  -96  )
( -8  -97  0  )
( 9  -49  47  )
( 90  81  -93  )
( -41  -69  -12  )
( -91  -98  -95  )
( -62  -16  -4  )
( 11  -87  -80  )
( -73  84  -33  )
( 55  -53  40  )
( -2  0  -80  )
( -67  -57  -45  )
( 93  36  -11  )
( -52  7  -38  )
( 33  45  -0  )
( -72  -65  80  )
( 34  -31  47  )
( -46  -42  49  )
( 2  -8  -14  )
( 20  -81  6  )
( 13  61  -18  )
( 38  78  -26  )
( -79  -92  -75  )
( 22  -89  67  )
( -24  43  -79  )
( 37  -48  18  )
( 5  19  -45  )
( 5  92  69  )
( -99  70  8  )
( -14  -19  74  )
( 35  -39  33  )
( 98  -48  -82  )
( -67  4  19  )
( 20  -19  -7  )
( -92  -39  56  )
( -75  -13  -49  )
( -84  -63  2  )
( 74  78  66  )
( -42  -67  25  )
( -22  -39  5  )
( 65  -99  60  )
( 88  89  -59  )
( 55  59  -5  )
( 27  -83  92  )
( 57  7  -1  )
( -80  13  -90  )
( 52  44  -87  )
( 45  -7  -57  )
( 21  15  -54  )
( 92  -18  -56  )
( 16  66  -54  )
( -80  -96  37  )
( -33  -0  -5  )
( 15  6  36  )
( -70  -15  51  )
( 57  26  40  )
( 8  -26  -86  )
( 71  -16  56  )
( -14  -63  92  )
( 33  -74  -25  )
( 52  -30  -96  )
( -68  -61  60  )
( -77  -9  43  )
( -65  82  -50  )
( -13  -47  -39  )
( -36  60  95  )
( 35  -20  19  )
( 71  -84  56  )
( -64  86  72  )
( 20  -56  60  )
( -91  -98  42  )
( 32  -12  49  )
( 25  -33  -86  )
( -0  8  -47  )
( -81  67  -56  )
( -91  -62  -6  )
( -4  -10  -21  )
( -11  17  -81  )
( -17  93  39  )
( 28  -60  34  )
( 77  -56  22  )
( 93  35  75  )
( -13  -24  27  )
( 74  44  -72  )
( -58  14  -15  )
( 89  18  57  )
( 2  -58  45  )
( -69  -65  74  )
( -19  33  -1  )
( 31  43  -88  )
( 87  49  80  )
( -11  93  -52  )
( -92  -9  -68  )
( -16  67  -95  )
( 59  -34  -88  )
( -51  26  79  )
( -34  -48  -11  )
( 53  -52  -49  )
( 86  -64  89  )
( -17  62  -45  )
( -20  -98  -72  )
( -87  40  93  )
( 14  -66  86  )
( -30  73  -26  )
( 52  -77  92  )
( -66  -94  60  )
( 31  -22  -91  )
( -86  41  -32  )
( -25  19  -77  )
( 82  85  -87  )
( -92  -89  93  )
( 43  72  9  )
( -15  94  -28  )
( -40  -61  -75  )
( -85  -13  10  )
( 38  62  19  )
( -31  -26  -76  )
( -22  88  84  )
( 51  -64  11  )
( -20  8  71  )
( 89  49  -20  )
( -90  24  -11  )
( -98  64  7  )
( 89  -76  28  )
( 34  -19  12  )
( -61  89  49  )
( -61  42  60  )
( 10  63  20  )
( 67  -69  36  )
( 57  -23  91  )
( 49  -60  65  )
( 46  65  62  )
( 49  -89  -35  )
( 93  17  -13  )
( 2  50  -23  )
( 25  -0  -2  )
( -63  -13  66  )
( 65  5  -3  )
( 24  -14  68  )
( 55  -58  66  )
( -9  96  -27  )
( 85  89  -69  )
( 80  46  19  )
( 19  -76  56  )
( 57  53  -4  )
( 7  17  -33  )
( -31  -68  55  )
( -78  -17  49  )
( 62  30  -28  )
( 53  22  -77  )
( -53  51  86  )
( -28  -12  -95  )
( 22  -23  -16  )
( -78  -92  -3  )
( 18  66  57  )
( 39  25  80  )
( 80  17  59  )
( -99  -81  -97  )
( 7  36  60  )
( 38  -70  -84  )
( -89  79  -91  )
( 27  -60  -15  )
( 37  61  -38  )
( -60  -30  -20  )
( -28  -76  61  )
( 64  -30  97  )
( 82  36  -27  )
( 59  -52  -49  )
( -7  51  -76  )
( -10  -92  4  )
( 49  -18  -34  )
( -32  -82  -39  )
( 24  65  52  )
( 61  -62  -75  )
( 59  -23  -92  )
( -67  -60  -90  )
( -44  33  40  )
( 16  -48  7  )
( -98  29  59  )
( 47  77  22  )
( 17  19  92  )
( -39  -25  78  )
( -77  -72  94  )
( 79  75  84  )
( 31  -73  45  )
( 46  73  19  )
( -71  -81  -34  )
( -16  -8  0  )
( -67  86  75  )
( 58  -19  -64  )
( 8  -19  89  )
( 46  -91  -15  )
( -56  -31  14  )
( -56  42  -87  )
( 41  -53  -73  )
( -6  81  61  )
( 11  -68  -45  )
( 9  37  -65  )
( -67  85  10  )
( -20  -71  -21  )
( 99  55  38  )
( -75  37  44  )
( -1  -54  69  )
( 70  1  -82  )
( -5  49  -66  )
( -53  -62  -28  )
( -46  -21  -70  )
( 43  74  70  )
( -32  -13  64  )
( -78  -46  -15  )
( -48  38  62  )
( -90  48  64  )
( 31  -99  5  )
( 32  27  -14  )
( 33  -19  68  )
( 39  92  -58  )
( -56  -12  79  )
( -79  47  -16  )
( 14  -57  88  )
( 82  59  65  )
( 93  -76  -95  )
( -96  -92  -48  )
( -99  52  19  )
( -94  -85  -11  )
( -59  -8  -50  )
( -20  80  24  )
( 40  23  -60  )
( 16  -91  43  )
( -25  33  94  )
( -6  48  21  )
( -44  -37  6  )
( 24  78  45  )
( -85  18  -14  )
( -97  77  -91  )
( -18  -40  50  )
( 10  59  78  )
( -64  33  87  )
( 15  36  -52  )
( -27  79  82  )
( 81  -68  -57  )
( -22  -66  -79  )
( 46  -78  -5  )
( 24  19  -93  )
( -17  39  28  )
( 83  34  87  )
( -23  96  -78  )
( 28  14  -97  )
( 38  -95  55  )
( -59  49  97  )
( -44  25  38  )
( 23  12  36  )
( 27  -63  9  )
( -35  -75  21  )
( -49  92  52  )
( -31  -37  36  )
( -36  7  49  )
( 19  79  78  )
( -32  94  -43  )
( -77  57  -2  )
( -52  54  -66  )
( 35  30  45  )
( -77  94  -13  )
( -23  1  -92  )
( 69  93  -96  )
( 51  -81  -94  )
( 44  21  50  )
( -34  -61  -45  )
( 40  1  -9  )
( 35  -28  78  )
