( -75  -80  55  )
( 65  8  -97  )
( 74  47  -65  )
( 83  14  22  )
( -51  30  44  )
( 42  -46  63  )
( 32  -96  -16  )
( 56  -90  4  )
( 91  -19  26  )
( 38  42  57  )
( -27  -32  -17  )
( 93  -47  36  )
( 47  51  84  )
( 88  64  48  )
( 57  46  -62  )
( 87  16  21  )
( -73  2  59  )
( -6  -43  2  )
( 1  -40  5  )
( 30  -58  -69  )
( 77  -1  -37  )
( 10  27  8  )
( -74  33  34  )
( 46  -36  22  )
( -59  62  -30  )
( 10  -79  21  )
( 52  -62  66  )
( 40  56  -89  )
( 41  -81  -10  )
( -26  75  -56  )
( -31  -42  -37  )
( 54  -46  47  )
( 36  -27  -16  )
( 90  99  26  )
( 73  -36  -74  )
( -26  -63  54  )
( -77  58  -9  )
( 83  -59  -11  )
( -17  84  -99  )
( 59  80  -5  )
( -67  68  -83  )
( 83  46  -77  )
( 6  -7  85  )
( -53  92  -32  )
( 50  -98  -10  )
( 55  -97  76  )
( 72  55  -89  )
( 83  52  41  )
( 50  67  -12  )
( -35  -52  -31  )
( -15  -30  -6  )
( -58  14  99  )
( -41  75  -33  )
( 93  -18  73  )
( -35  -16  -86  )
( 81  -94  -80  )
( 20  -41  -76  )
( 66  -48  59  )
( 94  -95  -3  )
( -27  1  60  )
( -83  -10  -81  )
( 85  92  -48  )
( 85  52  81  )
( -48  -85  -44  )
( 67  -6  -96  )
( 1  73  24  )
( 63  11  -74  )
( 83  -16  -76  )
( 20  -30  46  )
( 86  -92  19  )
( -89  38  -43  )
( 85  -17  -38  )
( 4  -35  9  )
( -42  43  -27  )
( 6  -44  -13  )
( 78  3  43  )
( 3  -80  -41  )
( -23  -34  -13  )
( 16  -40  63  )
( 98  44  25  )
( -17  67  -13  )
( -30  -77  -38  )
( -7  -74  -1  )
( 70  -35  -5  )
( 54  93  -44  )
( 21  -27  -76  )
( 49  -27  48  )
( -73  44  98  )
( 91  -50  99  )
( -19  8  -77  )
( -65  -6  -36  )
( 93  10  16  )
( -53  17  51  )
( -41  -29  -34  )
( 1  -2  91  )
( 58  80  73  )
( -40  9  -41  )
( -64  95  69  )
( -80  66  17  )
( 61  60  -3  )
( 60  54  -27  )
( -50  54  -37  )
( -40  38  37  )
( -22  -99  39  )
( 58  -16  -67  )
( 85  -22  69  )
( 20  -95  54  )
( 52  65  5  )
( 21  57  -52  )
( 61  -47  -44  )
( -97  27  -33  )
( 68  -89  -50  )
( -14  -35  -20  )
( 7  79  57  )
( 74  86  -65  )
( 37  95  32  )
( -68  -19  -99  )
( 83  -44  64  )
( -7  -36  -8  )
( -32  -65  -78  )
( -68  -70  -56  )
( 75  77  31  )
( 74  -62  84  )
( -95  65  87  )
( -11  82  -10  )
( -30  -90  -88  )
( 67  2  -28  )
( -67  11  61  )
( -75  -96  -51  )
( 37  -40  -4  )
( 97  84  72  )
( 97  -37  -60  )
( 0  -8  -81  )
( 89  28  -78  )
( -36  -15  -86  )
( -40  -97  74  )
( 22  -18  -51  )
( -71  -65  -92  )
( -99  -45  -34  )
( 28  9  47  )
( 90  85  -54  )
( -3  -36  -42  )
( -2  27  -84  )
( 58  38  1  )
( 89  -19  3  )
( -40  -77  76  )
( -45  -39  -25  )
( -4  89  -86  )
( 6  8  -69  )
( -85  45  90  )
( 47  54  64  )
( 24  61  -25  )
( -45  25  -33  )
( -6  85  22  )
( -74  -26  -3  )
( 5  55  87  )
( -92  -91  14  )
( -36  -14  39  )
( 51  -18  50  )
( 40  -73  -15  )
( 67  -76  89  )
( -0  -7  63  )
( 52  -41  -51  )
( 81  58  -63  )
( 24  59  -13  )
( 86  81  -31  )
( -1  57  59  )
( 62  -52  91  )
( -37  -42  -25  )
( 86  -60  91  )
( -0  89  1  )
( -84  -64  67  )
( -59  82  -29  )
( 38  37  92  )
( -2  33  35  )
( -18  -6  41  )
( -38  97  33  )
( -78  -3  4  )
( 49  -97  21  )
( -28  -10  -19  )
( 28  39  71  )
( -68  49  47  )
( -74  -13  -95  )
( 64  49  15  )
( 33  -15  -61  )
( -86  -43  -65  )
( 54  45  60  )
( 42  70  -60  )
( 34  -92  -72  )
( -15  90  -7  )
( -75  -2  -28  )
( -65  62  31  )
( -74  -90  -34  )
( 26  -95  -39  )
( -95  -82  -96  )
( -35  66  -97  )
( -15  -99  81  )
( 14  -28  32  )
( 72  -9  30  )
( -16  -60  12  )
( 44  -78  50  )
( 27  -0  39  )
( 95  1  61  )
( 42  -93  -71  )
( 14  88  37  )
( -59  -60  -36  )
( 74  -71  46  )
( -55  97  -74  )
( -24  -7  75  )
( 90  -53  -98  )
( 35  21  76  )
( 81  24  15  )
( -57  4  74  )
( 3  54  56  )
( -6  -70  99  )
( -96  -42  10  )
( 46  34  -84  )
( -40  -83  -98  )
( 50  2  -61  )
( 4  -32  -46  )
( -81  40  36  )
( 2  -54  -6  )
( -22  -64  -21  )
( 0  33  -99  )
( 3  -76  41  )
( 32  -42  72  )
( -96  15  43  )
( 37  99  76  )
( 41  23  -35  )
( 98  -22  -28  )
( 14  -0  -34  )
( -53  82  -33  )
( 0  -73  -95  )
( -17  -23  -32  )
( -15  -38  11  )
( 25  -13  17  )
( -94  95  93  )
( 68  40  -20  )
( 6  -10  9  )
( -65  7  -16  )
( -50  -63  43  )
( 28  38  -95  )
( -33  41  56  )
( 69  90  -74  )
( 74  -9  -32  )
( -11  61  -71  )
( 16  48  -69  )
( -38  -54  25  )
( 81  -10  78  )
( -44  -74  50  )
( -60  -76  -47  )
( -47  -59  -19  )
( 20  83  -16  )
( 68  42  -21  )
( 51  -7  36  )
( -36  -91  82  )
( 56  -20  -8  )
( -60  -10  -6  )
( 46  0  45  )
( -74  -71  -52  )
( 74  -41  -57  )
( -64  -43  -95  )
( -95  54  -60  )
( -80  -14  73  )
( 70  -15  -49  )
( 15  -25  -7  )
( 67  -46  53  )
( 4  -68  18  )
( -55  -84  14  )
( 86  -12  7  )
( -8  58  27  )
( 32  21  -69  )
( -56  65  -78  )
( -31  -45  55  )
( 30  -13  -79  )
( -73  16  -35  )
( 50  -39  61  )
( -89  10  20  )
( -59  -52  51  )
( -87  -44  -91  )
( -25  46  23  )
( 45  -85  3  )
( 89  -54  18  )
( 82  -22  -45  )
( 0  -49  81  )
( 14  -7  -51  )
( -27  -84  53  )
( -4  37  -69  )
( -68  97  -81  )
( -89  -2  64  )
( 98  32  -51  )
( -83  -44  -52  )
( 45  24  75  )
( -13  74  -25  )
( 41  67  51  )
( -84  54  29  )
( -62  57  -96  )
( -68  -65  -88  )
( -21  6  -15  )
( 59  10  40  )
( 61  -73  85  )
( -94  -95  54  )
( 4  -67  -16  )
( -67  20  64  )
( 39  76  -99  )
( -34  10  -13  )
( 52  88  1  )
( -22  -81  -10  )
( -50  36  -9  )
( 1  -90  95  )
( 77  -69  -3  )
( -69  -62  -75  )
( 40  -10  28  )
( 39  52  61  )
( 33  -10  34  )
( 59  -24  -54  )
( -98  -77  61  )
( -97  60  -76  )
( 81  -31  -69  )
( -71  45  93  )
( 61  19  -23  )
( -27  -98  9  )
( 87  -65  -94  )
( -4  -97  -7  )
( -88  46  -52  )
( 6  -95  -91  )
( 44  -78  -33  )
( 22  -45  -77  )
( 26  93  39  )
( 69  -66  14  )
( -60  -16  -15  )
( 21  -17  61  )
( -48  96  0  )
( -37  77  53  )
( 99  -64  -91  )
( -6  -51  75  )
( 86  65  -46  )
( -74  83  38  )
( -13  57  3  )
( -32  -7  -34  )
( -64  88  96  )
( -46  3  -83  )
( -45  -91  -41  )
( 77  67  -70  )
( -87  2  25  )
( -80  12  -55  )
( 28  -97  -56  )
( 34  68  -14  )
( -85  -47  -30  )
( 28  26  -9  )
( 82  -65  6  )
( -14  -26  -75  )
( 56  83  -13  )
( -4  -11  6  )
( -31  77  11  )
( -56  -54  -44  )
( 4  -30  -63  )
( -50  99  20  )
( -97  -75  -9  )
( -98  -67  -96  )
( 43  -16  7  )
( -9  -40  -23  )
( 51  -18  89  )
( -36  30  -37  )
( -68  -16  -36  )
( 52  81  18  )
( -28  49  50  )
( 96  -27  -22  )
( 61  -40  53  )
( -20  -77  -9  )
( -28  25  61  )
( 77  49  -74  )
( 86  -29  -58  )
( 38  -88  39  )
( -33  90  74  )
( -68  54  -51  )
( 99  -63  86  )
( 47  44  -89  )
( -82  64  58  )
( -2  75  -20  )
( 35  -59  -96  )
( -87  -13  -6  )
( 47  -42  -71  )
( -22  -14  -40  )
( -60  -40  73  )
( 89  -27  7  )
( -64  -73  45  )
( 25  40  -65  )
( 4  77  -13  )
( -47  82  98  )
( -34  -13  67  )
( -72  -32  -55  )
( 68  71  -73  )
( 20  -87  93  )
( -72  85  0  )
( 33  30  -77  )
( 2  -95  -32  )
( -68  -70  10  )
( 97  -33  -60  )
( 47  -20  0  )
( -44  97  -18  )
( 83  98  7  )
( -48  20  54  )
( -15  44  -1  )
( -38  -65  37  )
( 13  49  82  )
( 11  -70  75  )
( -74  10  -15  )
( -3  -58  6  )
( -4  -2  16  )
( 21  -42  66  )
( 82  -72  79  )
( 19  -99  35  )
( 16  11  -35  )
( 52  -49  44  )
( 93  43  -96  )
( -60  16  -30  )
( -39  48  -29  )
( -67  -33  -45  )
( -13  -27  81  )
( -34  -62  -82  )
( 62  -20  -96  )
( -7  -52  24  )
( 48  -39  -52  )
( 25  -8  -79  )
( -46  -45  -53  )
( -75  82  -3  )
