( 55  40  -95  )
( 76  12  47  )
( -84  76  -37  )
( -79  -14  -63  )
( 77  93  -13  )
( -69  0  49  )
( -48  38  -94  )
( -82  78  53  )
( -78  -21  -90  )
( -19  -3  91  )
( -4  96  37  )
( 30  91  88  )
( -98  68  91  )
( 23  81  30  )
( 38  -11  74  )
( -94  33  -36  )
( -2  89  72  )
( 37  65  24  )
( -19  29  -61  )
( -38  -20  49  )
( 21  84  71  )
( -13  -63  76  )
( -22  30  -49  )
( 91  22  13  )
( -6  30  17  )
( 40  99  36  )
( 4  82  -61  )
( 89  -46  -97  )
( -56  -68  62  )
( -65  61  -1  )
( 54  8  0  )
( -15  28  -53  )
( -65  -25  55  )
( -62  -24  72  )
( -74  -49  -8  )
( 37  0  -16  )
( -29  22  15  )
( 69  -23  -82  )
( 56  41  47  )
( -5  11  -59  )
( 77  -75  -69  )
( -25  84  28  )
( -81  99  43  )
( -98  99  -22  )
( 74  55  -71  )
( -52  -60  -29  )
( -20  -35  -11  )
( 8  56  -98  )
( 65  -88  38  )
( 80  -90  -71  )
( 60  59  -52  )
( 57  -87  81  )
( 24  -73  88  )
( -26  -75  43  )
( 40  -34  -55  )
( 38  -56  87  )
( -80  70  -14  )
( -4  69  -97  )
( 9  37  46  )
( -19  -76  1  )
( -10  -4  -13  )
( -52  -15  -11  )
( 29  80  -79  )
( 36  -68  25  )
( 81  -73  -45  )
( -4  -89  13  )
( 34  87  -66  )
( 45  96  2  )
( 2  35  56  )
( 4  -24  -58  )
( -2  24  75  )
( 34  68  -1  )
( 52  -50  -49  )
( 85  -20  -86  )
( 25  -85  13  )
( 89  -66  -67  )
( 69  36  97  )
( -26  58  93  )
( 72  45  65  )
( -35  -75  95  )
( -45  30  -37  )
( 69  -29  -93  )
( 83  30  -11  )
( 91  73  -30  )
( 79  70  93  )
( 5  66  -92  )
( -14  -13  -60  )
( -98  -38  -99  )
( 2  -74  -58  )
( 43  -69  -71  )
( -18  -11  27  )
( -85  -1  -98  )
( -45  -38  -29  )
( -29  -31  49  )
( -87  39  -90  )
( 52  14  3  )
( 33  17  -65  )
( 53  -26  57  )
( 71  8  -13  )
( -44  66  0  )
( -34  97  72  )
( -25  -95  -42  )
( -61  -80  -95  )
( -34  53  92  )
( -76  -15  -72  )
( 2  97  -8  )
( -97  66  84  )
( 9  -92  -84  )
( -56  60  44  )
( -85  90  51  )
( -87  -84  73  )
( 3  -47  77  )
( -47  -14  93  )
( -49  -25  33  )
( 69  98  -75  )
( 9  -12  25  )
( -95  37  99  )
( 12  -45  -42  )
( -38  45  7  )
( -48  53  98  )
( -46  1  72  )
( 19  22  -24  )
( -7  -50  95  )
( 92  -65  91  )
( -79  -24  -80  )
( 87  -83  -31  )
( 14  -32  83  )
( -70  -10  55  )
( 28  49  -88  )
( 77  -80  -11  )
( -3  69  -27  )
( 73  -3  38  )
( 6  34  -74  )
( 50  12  43  )
( 70  65  -71  )
( -7  17  5  )
( -91  51  82  )
( -99  -54  -34  )
( 42  11  -41  )
( -62  9  69  )
( -86  46  41  )
( 73  -29  -81  )
( -82  43  92  )
( -72  55  -64  )
( 1  -34  -7  )
( -68  -15  -81  )
( 10  64  -9  )
( 31  6  81  )
( -91  18  86  )
( 28  -51  -76  )
( -94  50  -52  )
( -40  57  -6  )
( 61  91  -68  )
( -62  64  -50  )
( 48  67  27  )
( -42  59  51  )
( -23  -30  -43  )
( -56  -83  99  )
( -16  -73  87  )
( 80  -81  -50  )
( 52  95  -62  )
( 41  -9  56  )
( 23  -15  93  )
( 83  -69  -49  )
( 54  -25  62  )
( -79  87  83  )
( -13  62  -88  )
( -42  11  -27  )
( 15  70  -98  )
( 16  5  25  )
( -8  43  -13  )
( 76  -58  -86  )
( 7  21  55  )
( 37  43  -32  )
( 16  28  39  )
( 77  33  -92  )
( -72  -89  -34  )
( 76  -52  29  )
( 96  -59  -41  )
( -39  -30  73  )
( -56  -24  80  )
( 23  -17  -9  )
( -85  -17  52  )
( -56  57  58  )
( -95  36  70  )
( 78  19  68  )
( 96  -6  88  )
( -89  12  95  )
( -21  -30  -53  )
( 5  -1  18  )
( 79  45  64  )
( 35  54  13  )
( 36  41  15  )
( -52  -73  -96  )
( 37  -0  96  )
( -42  22  -26  )
( 84  -13  10  )
( -42  4  35  )
( 1  91  25  )
( 12  -23  73  )
( 2  56  17  )
( -91  -81  11  )
( 25  -93  74  )
( 22  -15  -52  )
( -94  8  77  )
( 67  -95  -86  )
( 46  75  71  )
( 87  -74  86  )
( -78  59  -88  )
( 84  -7  -77  )
( 61  -74  -14  )
( -60  -41  -19  )
( 56  65  -12  )
( 55  35  -52  )
( 93  39  -46  )
( -0  -48  3  )
( 4  -77  -0  )
( -46  65  -44  )
( -91  -31  -11  )
( -85  44  -21  )
( 11  -78  83  )
( 56  3  23  )
( -40  -69  27  )
( 2  -49  -19  )
( -34  38  37  )
( -94  -83  -51  )
( 31  -61  8  )
( 53  95  46  )
( -60  -7  -27  )
( -11  32  -42  )
( -45  89  13  )
( -52  6  20  )
( 22  10  -44  )
( -52  62  97  )
( 35  -96  57  )
( 70  -36  -82  )
( 46  -48  6  )
( 62  65  47  )
( -75  39  -85  )
( 93  -56  -95  )
( 0  10  -62  )
( 90  85  -37  )
( -86  48  -77  )
( 69  -7  30  )
( 68  34  82  )
( 22  -10  -0  )
( 1  -41  18  )
( 56  -38  -49  )
( -27  -2  61  )
( 17  86  10  )
( -10  4  -68  )
( -28  -37  -2  )
( 82  -74  76  )
( -75  47  -97  )
( -95  -77  -52  )
( 99  67  72  )
( 0  99  -90  )
( 23  45  -49  )
( -34  -55  -17  )
( -9  90  53  )
( -9  -8  -69  )
( 79  -80  24  )
( -92  90  5  )
( 59  69  -51  )
( 75  67  -57  )
( 37  -2  96  )
( 37  -48  54  )
( -24  -85  -46  )
( -76  64  -53  )
( 71  10  -27  )
( 73  7  -10  )
( 77  23  54  )
( 81  -74  -57  )
( 13  -90  99  )
( 54  -93  9  )
( 14  -13  -81  )
( 22  -26  67  )
( 56  94  63  )
( 58  69  -91  )
( 77  92  -94  )
( 95  -83  -78  )
( -33  -32  -25  )
( -44  -63  -46  )
( 87  70  -90  )
( -41  -32  24  )
( -78  43  49  )
( 39  -78  -35  )
( 10  62  29  )
( 4  59  10  )
( 49  16  52  )
( 84  3  64  )
( 62  -74  35  )
( -28  24  56  )
( 69  -37  -1  )
( -86  88  29  )
( 82  95  65  )
( -87  69  -4  )
( -89  28  91  )
( 39  -84  34  )
( 17  12  62  )
( 74  87  -39  )
( 63  -2  4  )
( -10  72  -21  )
( -23  -83  74  )
( 25  87  -37  )
( 0  68  -96  )
( -87  -9  98  )
( -75  -2  -1  )
( 88  -43  84  )
( 33  -89  76  )
( -31  -16  -80  )
( -50  90  -46  )
( 44  -25  60  )
( 97  62  -36  )
( 58  40  62  )
( 89  -87  34  )
( -65  -93  -71  )
( 51  35  -88  )
( 55  24  63  )
( 23  -3  -80  )
( 91  59  -42  )
( 33  17  35  )
( -20  -47  -42  )
( -50  -99  8  )
( -42  -56  -30  )
( -47  -24  64  )
( -41  11  90  )
( 82  -97  -83  )
( -1  69  39  )
( -78  65  -22  )
( -17  -49  5  )
( 42  -29  61  )
( -33  -88  81  )
( -49  -6  66  )
( 98  11  16  )
( -30  -68  -54  )
( 95  -23  -13  )
( -42  -40  -9  )
( -13  5  8  )
( -24  -20  1  )
( 47  43  -20  )
( -60  16  62  )
( -25  88  92  )
( 43  -76  94  )
( -53  -34  61  )
( 39  96  25  )
( -94  -88  -27  )
( 72  -19  78  )
( -49  -56  -54  )
( -10  -74  26  )
( 19  -53  -82  )
( -75  -78  71  )
( 39  57  3  )
( 66  74  -83  )
( 48  71  -18  )
( 5  62  -37  )
( 32  96  -91  )
( -39  -33  -41  )
( -0  71  -18  )
( -69  15  41  )
( 12  -7  28  )
( -11  44  17  )
( 80  52  67  )
( 94  34  64  )
( 38  -44  -71  )
( 34  -81  -39  )
( 2  47  -23  )
( -93  -24  40  )
( -69  -99  73  )
( 23  10  -25  )
( -91  -77  71  )
( -30  69  -81  )
( -63  -20  -51  )
( -59  -69  91  )
( -32  30  -33  )
( 32  79  -21  )
( 92  -68  61  )
( -63  -60  20  )
( 19  76  -81  )
( -79  -3  -16  )
( 33  -16  -62  )
( 20  -13  57  )
( -43  86  -42  )
( 59  77  50  )
( -91  -0  -73  )
( -7  -32  -60  )
( 71  -73  99  )
( 86  84  3  )
( 6  -32  21  )
( -60  11  -97  )
( -71  85  -47  )
( 40  2  36  )
( -57  26  68  )
( -72  -53  76  )
( 21  -94  -71  )
( -85  -34  6  )
( -32  -15  -17  )
( -44  61  27  )
( 28  96  -25  )
( -39  -17  40  )
( 11  -58  7  )
( -28  32  75  )
( 64  -31  -87  )
( -4  37  73  )
( 18  19  71  )
( 44  14  16  )
( 30  35  -25  )
( 17  60  -59  )
( -10  -78  -63  )
( 27  15  -56  )
( -93  -3  -40  )
( -16  78  26  )
( 28  -59  -58  )
( -98  -31  -53  )
( -19  66  -39  )
( -44  -9  -94  )
( -94  -44  22  )
( -86  30  -11  )
( 43  81  16  )
( -24  -10  -25  )
( -84  -89  -46  )
( 82  86  -62  )
( 83  49  41  )
( 64  78  -84  )
( 54  6  22  )
( -61  73  -9  )
( 3  19  55  )
