( 82  81  -61  )
( -29  -77  52  )
( -30  41  -11  )
( 99  32  -72  )
( 54  -94  -50  )
( -14  44  80  )
( 66  16  -63  )
( -80  31  10  )
( -39  77  -88  )
( -15  3  -90  )
( 36  38  -45  )
( -52  89  63  )
( 20  44  45  )
( -46  98  -77  )
( 22  -51  -17  )
( -41  -15  -71  )
( -20  48  -29  )
( -77  -54  -13  )
( -12  52  -4  )
( 11  -29  -73  )
( -97  -47  26  )
( 85  9  -57  )
( 92  91  -0  )
( 14  -31  88  )
( -6  -94  38  )
( -14  67  -22  )
( 13  35  31  )
( -60  11  90  )
( -94  -77  96  )
( 84  -29  -61  )
( 90  54  5  )
( 65  76  -40  )
( 86  66  -24  )
( 99  4  18  )
( 71  86  42  )
( -14  -65  -69  )
( -40  33  -32  )
( -87  -2  75  )
( 36  -45  -12  )
( -63  -57  -69  )
( -49  45  -44  )
( -58  -13  85  )
( 37  48  -84  )
( 52  41  -15  )
( 26  50  96  )
( -18  -24  71  )
( -8  -35  -90  )
( -91  15  90  )
( 8  55  -24  )
( 76  52  -54  )
( 7  -14  -31  )
( -24  -65  78  )
( 41  7  3  )
( 79  -93  14  )
( -37  -64  -74  )
( -92  61  -65  )
( 21  72  91  )
( -84  74  85  )
( 90  -22  27  )
( -20  -70  -38  )
( -53  36  -45  )
( -99  -93  29  )
( 14  -90  -15  )
( 17  69  -35  )
( -95  -50  35  )
( -63  -60  93  )
( 86  -45  -42  )
( -24  -94  -34  )
( -10  -48  -81  )
( -74  -64  47  )
( 62  81  -30  )
( -22  -88  -36  )
( 97  -27  -30  )
( 93  -73  67  )
( 31  -75  -70  )
( -35  -28  44  )
( 50  -40  -31  )
( -11  67  39  )
( 95  -86  -49  )
( -82  43  81  )
( -2  -11  -93  )
( 97  50  32  )
( 19  -63  16  )
( 19  -49  -34  )
( -57  -16  98  )
( 47  86  91  )
( -56  66  -5  )
( 38  -42  -72  )
( -80  30  12  )
( 71  88  -87  )
( -25  -54  -6  )
( -87  -62  -95  )
( 34  46  -23  )
( 42  77  -54  )
( 55  -75  -90  )
( 6  72  -54  )
( 63  -59  78  )
( 46  20  5  )
( -67  -66  -33  )
( -97  -82  -38  )
( -33  89  -7  )
( 0  -97  57  )
( 22  -37  27  )
( -36  -96  -86  )
( -72  37  -77  )
( 53  86  -92  )
( 12  -27  -72  )
( -74  -39  6  )
( -18  87  34  )
( -72  80  -76  )
( 62  -36  -9  )
( -86  1  -45  )
( 80  9  51  )
( 85  72  -1  )
( -97  63  -72  )
( 79  30  -60  )
( -74  46  50  )
( 43  91  -53  )
( 92  35  -38  )
( -96  58  13  )
( -78  11  -46  )
( 2  10  -48  )
( -50  -6  96  )
( 69  -62  36  )
( 84  7  35  )
( 0  94  78  )
( 47  62  73  )
( -83  54  -37  )
( 7  20  -16  )
( -74  49  66  )
( -46  -32  5  )
( 26  -58  -79  )
( 78  -39  86  )
( -63  -89  76  )
( 57  85  1  )
( 5  49  -77  )
( -9  47  -60  )
( -62  -50  42  )
( 31  87  21  )
( 35  76  8  )
( 9  -39  -29  )
( -81  -30  20  )
( -14  7  -52  )
( 71  16  -78  )
( -52  -5  -51  )
( 23  77  26  )
( -37  41  34  )
( -43  -18  -0  )
( -11  15  79  )
( -91  26  -62  )
( 83  78  79  )
( 92  72  -31  )
( 99  -92  55  )
( 68  -82  -0  )
( 38  17  -16  )
( 63  -64  45  )
( 64  -55  -91  )
( 93  -25  -8  )
( 29  -49  33  )
( 38  28  92  )
( 9  86  -70  )
( -1  -68  -59  )
( -15  2  11  )
( 11  29  66  )
( -27  -84  -89  )
( 65  20  2  )
( 64  94  -23  )
( -43  -6  -53  )
( -40  66  39  )
( -90  -42  24  )
( 30  46  -5  )
( -53  -70  9  )
( -66  67  51  )
( -52  -73  31  )
( 76  98  68  )
( 85  -7  -91  )
( -33  -37  -34  )
( 26  5  -46  )
( 72  -84  -94  )
( 13  -19  9  )
( -58  -22  -59  )
( -31  77  96  )
( 98  13  -0  )
( 56  -31  -76  )
( -72  85  -57  )
( -64  11  94  )
( 14  -62  -31  )
( 3  -56  -10  )
( 3  -76  34  )
( -24  -68  44  )
( -93  -71  -67  )
( 50  52  -36  )
( 40  88  -72  )
( 75  -67  -11  )
( -28  68  84  )
( 0  66  12  )
( -63  94  -79  )
( 33  9  58  )
( 64  -89  -4  )
( -77  -22  -49  )
( 89  -31  0  )
( 12  -85  -97  )
( 27  -12  92  )
( -49  90  43  )
( -14  16  70  )
( -4  -41  -21  )
( 96  28  -73  )
( -11  -80  -61  )
( -50  -26  49  )
( -72  61  -47  )
( -23  4  -10  )
( 5  47  -60  )
( -60  43  -54  )
( 9  66  92  )
( 17  -35  -0  )
( 65  37  -74  )
( -15  63  -6  )
( -33  -68  90  )
( 42  61  39  )
( 27  20  -17  )
( 9  30  40  )
( 69  -63  52  )
( -19  -21  -13  )
( 59  -16  1  )
( -6  50  -80  )
( 36  82  -45  )
( -92  -60  15  )
( 53  52  39  )
( -59  91  -21  )
( 14  99  60  )
( 11  -48  -57  )
( -66  77  67  )
( 27  2  -49  )
( 73  34  -83  )
( -44  -13  -6  )
( -62  17  -88  )
( -71  78  -27  )
( 45  -32  6  )
( -1  54  60  )
( -10  43  31  )
( -74  -53  -71  )
( 9  -67  -94  )
( 17  84  -80  )
( -63  27  21  )
( 69  -34  29  )
( -54  -57  59  )
( 86  -6  14  )
( -75  94  16  )
( -98  -65  -94  )
( 35  88  60  )
( -35  27  -64  )
( -68  42  85  )
( 22  -60  -64  )
( 5  -84  45  )
( 13  -81  -82  )
( -1  -54  52  )
( -93  15  25  )
( -17  37  -81  )
( -6  -40  98  )
( -40  56  65  )
( -76  42  -45  )
( 23  54  33  )
( -27  -66  56  )
( -96  17  -52  )
( -17  81  -37  )
( -97  18  13  )
( 33  -22  -30  )
( 12  -29  -78  )
( -27  4  34  )
( 28  15  55  )
( 88  39  58  )
( -90  -48  -89  )
( -23  -22  66  )
( -61  -37  27  )
( -60  10  -71  )
( 82  27  -74  )
( 74  46  25  )
( 74  87  -4  )
( -68  60  83  )
( -33  -57  -63  )
( 16  -56  -65  )
( -94  80  44  )
( -75  58  1  )
( -73  -42  83  )
( 42  -74  -25  )
( -55  -29  53  )
( 71  37  -99  )
( -81  -18  0  )
( 32  -48  95  )
( -47  -30  -97  )
( -49  2  16  )
( 40  -5  -87  )
( -28  82  16  )
( -35  43  12  )
( 86  61  -26  )
( -82  61  -67  )
( 71  -3  5  )
( -60  -22  69  )
( -31  -64  81  )
( 28  36  71  )
( 63  -90  -92  )
( 8  -96  -28  )
( 13  12  -89  )
( -24  -68  49  )
( 75  1  -39  )
( -67  -75  -26  )
( -32  -50  -73  )
( -24  26  -92  )
( -64  -22  -48  )
( 18  -22  -10  )
( -41  -48  18  )
( 26  16  -41  )
( 15  -36  76  )
( -81  -54  -93  )
( -4  -55  -28  )
( -55  -18  50  )
( -78  36  -17  )
( 3  -88  92  )
( 71  -31  61  )
( 69  -50  64  )
( 29  84  1  )
( -95  -17  -29  )
( 63  53  55  )
( 44  52  2  )
( 61  -52  -18  )
( 58  62  -89  )
( 55  8  -71  )
( -69  30  -15  )
( 21  -52  -57  )
( 75  -43  -36  )
( 52  69  84  )
( 64  21  -79  )
( -9  -19  70  )
( -39  80  78  )
( 14  -45  -48  )
( 45  3  36  )
( 11  -14  50  )
( -96  -83  -69  )
( 19  8  -12  )
( 31  56  54  )
( -82  -45  -94  )
( -73  -89  -56  )
( 23  99  -92  )
( 88  -24  97  )
( -29  23  28  )
( -19  -77  -16  )
( -35  73  7  )
( -29  -37  -18  )
( 83  -66  15  )
( -37  49  -46  )
( -79  -45  -21  )
( 66  71  47  )
( 53  35  71  )
( -70  3  92  )
( -68  -2  -49  )
( 46  27  39  )
( -0  15  92  )
( -33  66  34  )
( 68  -37  67  )
( -57  32  -44  )
( -76  -9  41  )
( -80  7  5  )
( -44  -56  -54  )
( -62  87  -50  )
( 92  39  -10  )
( -3  12  95  )
( 96  -47  83  )
( 0  4  -56  )
( 87  56  -66  )
( 27  -73  52  )
( -57  -26  39  )
( -34  -68  -99  )
( -30  53  -69  )
( 99  -15  92  )
( 81  89  -21  )
( 15  13  -29  )
( -15  -78  -99  )
( -76  -39  42  )
( -93  -25  -0  )
( -93  13  -57  )
( -64  -20  -80  )
( 13  83  -1  )
( -70  -39  -64  )
( 93  19  -55  )
( 78  72  50  )
( 25  -72  15  )
( -15  70  43  )
( 13  73  -69  )
( -24  1  -81  )
( -78  28  -56  )
( 94  16  -14  )
( 74  -85  62  )
( -12  -39  36  )
( 95  17  -93  )
( -39  66  -4  )
( -63  -41  91  )
( -1  80  -82  )
( -14  -92  31  )
( -4  56  78  )
( 89  11  -26  )
( 62  -29  -51  )
( -30  -19  -44  )
( 83  18  -10  )
( -17  29  48  )
( 15  -17  -78  )
( -90  -41  -6  )
( -38  -2  -98  )
( -75  -89  59  )
( -99  22  19  )
( 91  -10  73  )
( -74  88  13  )
( -18  32  -1  )
( 89  -54  23  )
( 85  66  -88  )
( -60  16  -66  )
( 58  -95  -27  )
( 53  -12  95  )
( -39  -56  -60  )
( 84  21  -98  )
( -22  -10  33  )
( -49  45  -28  )
( -50  -28  -86  )
( 21  99  60  )
( -65  -22  -43  )
( 16  -42  -9  )
( -20  -71  80  )
( -65  81  -56  )
