( 8  19  -83  )
( -56  70  -67  )
( -24  20  96  )
( 8  69  -70  )
( -87  -6  31  )
( 44  33  -64  )
( -53  86  -88  )
( 76  32  58  )
( -57  -72  -45  )
( -17  -61  35  )
( -45  31  -0  )
( 83  94  56  )
( 46  -18  -2  )
( -99  -34  36  )
( 68  14  -47  )
( 3  -17  40  )
( 7  79  9  )
( 50  11  -5  )
( 56  -39  76  )
( -54  86  74  )
( -70  -19  -35  )
( 20  22  6  )
( -87  7  -89  )
( 89  -94  -63  )
( 39  -86  -63  )
( -77  -70  90  )
( -29  -35  64  )
( 29  -64  -13  )
( -54  58  -42  )
( -19  75  -64  )
( -2  46  49  )
( -64  -40  43  )
( 31  16  -21  )
( -20  -37  -34  )
( 35  79  2  )
( -43  63  -21  )
( -52  -99  31  )
( -98  -99  31  )
( 83  43  -94  )
( -68  -85  81  )
( 90  -43  -42  )
( 91  1  -41  )
( 27  76  1  )
( -15  -61  96  )
( 67  -5  -18  )
( -59  -90  19  )
( -20  56  32  )
( 54  -28  11  )
( 83  89  -53  )
( -55  37  -82  )
( 66  12  -45  )
( -99  22  78  )
( -21  80  -41  )
( -78  60  80  )
( -30  -43  -5  )
( -88  -51  -48  )
( -77  -20  2  )
( -86  -98  -39  )
( -61  -18  58  )
( -2  96  -13  )
( 34  67  -2  )
( 51  -26  77  )
( 22  -3  43  )
( -14  -44  76  )
( -14  26  83  )
( 24  80  83  )
( 88  90  -35  )
( -74  -66  17  )
( -65  93  -84  )
( 29  57  -67  )
( -81  51  -70  )
( 18  -46  36  )
( -49  59  -8  )
( -50  -6  74  )
( 26  38  -92  )
( -18  -95  10  )
( 72  -99  78  )
( -98  24  30  )
( -33  -3  -21  )
( -7  53  39  )
( -22  61  71  )
( 64  13  71  )
( -53  -78  -97  )
( -10  15  87  )
( 5  -36  -53  )
( -54  -44  92  )
( 49  -45  -19  )
( 29  43  -17  )
( 2  -30  54  )
( 7  49  85  )
( -46  10  -48  )
( 5  95  85  )
( -99  87  -78  )
( 59  -49  -83  )
( 42  83  8  )
( -13  -48  -88  )
( 39  36  18  )
( 47  -2  -43  )
( 89  -65  79  )
( -10  -91  -56  )
( 53  -7  66  )
( 49  -41  82  )
( 57  -42  -81  )
( -41  -37  98  )
( -15  57  29  )
( 5  -31  -16  )
( -17  25  46  )
( 3  -24  83  )
( 13  96  -89  )
( 84  67  -52  )
( 79  22  98  )
( 94  8  20  )
( -72  20  40  )
( -6  -53  -30  )
( 70  75  17  )
( -38  -75  70  )
( -7  15  -41  )
( -4  8  -82  )
( -50  -25  -18  )
( 80  -70  14  )
( 23  85  -70  )
( 18  11  48  )
( -78  82  24  )
( 18  22  -96  )
( -95  24  -28  )
( 51  48  35  )
( -28  -95  -82  )
( -77  -23  24  )
( 61  2  88  )
( -75  4  -72  )
( 6  31  74  )
( 8  90  88  )
( 15  -73  -0  )
( -12  -99  -26  )
( -48  -44  -10  )
( 51  50  -42  )
( -22  -79  41  )
( 68  37  -98  )
( 77  -31  -41  )
( 69  -83  -23  )
( -7  39  72  )
( 22  23  14  )
( 63  64  -45  )
( 65  -53  -56  )
( -37  40  -92  )
( -1  0  66  )
( -64  -87  -41  )
( 72  47  11  )
( 47  91  95  )
( 6  -34  -98  )
( -52  95  85  )
( 29  -68  -52  )
( 5  -78  72  )
( -77  -38  40  )
( 67  68  -1  )
( -38  -62  -7  )
( 81  63  -61  )
( 2  -53  69  )
( 59  -31  45  )
( -1  62  -65  )
( -55  87  60  )
( 27  -94  -36  )
( 91  -10  29  )
( 81  37  48  )
( 51  -32  83  )
( 29  74  3  )
( -92  6  98  )
( 16  69  -29  )
( -84  -74  -38  )
( -88  -37  -69  )
( -34  72  38  )
( -88  55  69  )
( -21  66  -26  )
( 15  -68  74  )
( -35  95  -85  )
( -78  42  22  )
( 18  2  33  )
( -24  16  -61  )
( -75  68  11  )
( 6  48  67  )
( -35  -77  -61  )
( -38  64  13  )
( 81  86  -51  )
( -99  -15  24  )
( 52  20  69  )
( -35  -10  50  )
( 98  -56  -39  )
( -4  -26  32  )
( -61  -87  53  )
( -24  -83  -55  )
( -48  97  15  )
( -8  -45  -67  )
( 58  -91  50  )
( -44  -50  67  )
( 47  65  24  )
( -21  -90  31  )
( 26  -83  66  )
( 30  -55  43  )
( 58  -81  11  )
( 30  85  -60  )
( -68  -76  20  )
( 91  -30  -93  )
( -27  -16  -5  )
( 15  -74  66  )
( 60  -67  -78  )
( 27  22  76  )
( 3  98  67  )
( -46  -98  23  )
( 71  67  23  )
( -20  42  95  )
( 30  -98  48  )
( 51  -80  -88  )
( -57  34  -85  )
( 61  -49  35  )
( -86  -0  -20  )
( 87  -39  28  )
( -77  91  20  )
( -63  57  -16  )
( -40  -53  4  )
( 37  95  34  )
( 66  -99  1  )
( 21  50  30  )
( -99  70  68  )
( -25  35  -97  )
( -5  -52  62  )
( 18  40  57  )
( -4  18  -96  )
( 65  81  -13  )
( 11  47  -50  )
( -58  99  54  )
( 54  -89  -80  )
( -2  -96  10  )
( 34  -73  14  )
( 56  -45  73  )
( 36  65  -18  )
( 56  -91  -75  )
( 45  55  52  )
( 49  -72  25  )
( -53  -54  56  )
( 69  -32  -88  )
( 64  5  62  )
( 82  57  32  )
( -32  -10  68  )
( -86  63  58  )
( -90  -1  72  )
( 68  71  -26  )
( 79  13  91  )
( -44  63  15  )
( 88  -81  -78  )
( -26  70  66  )
( 89  52  -54  )
( -9  -60  -27  )
( 80  -25  -18  )
( -11  88  95  )
( 76  -58  -14  )
( -3  71  81  )
( 69  29  52  )
( 88  66  2  )
( 8  72  42  )
( -88  -56  30  )
( 6  60  -52  )
( 61  67  41  )
( 47  76  -97  )
( 2  25  -11  )
( -36  40  85  )
( -71  41  -53  )
( -40  -23  -6  )
( 6  -62  38  )
( -56  -96  -4  )
( -97  -8  -76  )
( -46  51  -91  )
( -79  -71  75  )
( 18  91  -8  )
( -18  -78  -80  )
( -95  37  -38  )
( 4  -95  -40  )
( -61  99  0  )
( -37  69  -35  )
( -79  -61  -43  )
( 88  -49  -15  )
( -1  -86  56  )
( -30  32  -66  )
( -50  79  99  )
( 61  86  -71  )
( -68  -31  -88  )
( 11  -3  -83  )
( -17  -63  -3  )
( 14  49  31  )
( -26  54  18  )
( 14  21  -19  )
( 52  16  17  )
( -23  -17  57  )
( -8  -27  -18  )
( 25  82  -20  )
( 45  -98  7  )
( -21  -61  67  )
( 33  -2  -36  )
( 44  46  -78  )
( -31  -78  17  )
( -81  -58  -77  )
( -73  68  72  )
( -58  -56  46  )
( 50  28  -19  )
( -95  -62  -9  )
( 20  99  60  )
( 92  91  2  )
( 91  41  82  )
( -24  -57  -11  )
( 61  41  5  )
( 7  -32  62  )
( -92  94  -2  )
( 97  -51  33  )
( 37  -21  98  )
( 57  36  -80  )
( 8  64  6  )
( 87  -93  41  )
( 6  41  83  )
( 14  -98  -62  )
( 31  -89  -21  )
( 27  67  15  )
( -80  41  73  )
( 39  -79  -92  )
( 18  -95  -56  )
( -0  -50  -58  )
( 37  22  -89  )
( 38  -45  47  )
( 59  65  -31  )
( -65  24  58  )
( 61  75  27  )
( 80  14  -56  )
( -80  -24  44  )
( 77  60  53  )
( -75  31  79  )
( 56  -46  -87  )
( -90  -25  11  )
( -97  -91  -31  )
( -17  26  16  )
( 81  -82  37  )
( 6  75  45  )
( 15  36  45  )
( -94  87  -1  )
( 99  7  -70  )
( 91  44  -84  )
( -49  73  -32  )
( -70  -98  42  )
( -3  -13  75  )
( -53  -61  31  )
( -13  -75  65  )
( -22  21  -83  )
( -10  29  -76  )
( 27  26  12  )
( -68  -73  77  )
( 65  -51  -14  )
( -41  -30  65  )
( 73  -91  -8  )
( 60  -35  42  )
( 84  52  -93  )
( 7  40  -23  )
( -31  94  -80  )
( -17  93  -30  )
( 72  31  27  )
( -14  -56  -71  )
( 19  31  -50  )
( 93  -28  30  )
( -17  -2  55  )
( -51  66  35  )
( 51  -80  92  )
( 47  53  50  )
( -53  85  88  )
( -63  -12  87  )
( 0  29  -16  )
( 55  -72  29  )
( 17  98  -61  )
( -0  80  -94  )
( 61  -56  -20  )
( 4  54  -50  )
( 36  35  77  )
( -91  27  21  )
( 77  12  34  )
( -19  36  -49  )
( 25  23  2  )
( 95  12  -10  )
( -5  -12  24  )
( -46  10  -58  )
( -75  94  91  )
( 84  -10  4  )
( 79  -83  74  )
( 71  91  -73  )
( 14  55  -79  )
( 51  -40  -13  )
( -13  -76  50  )
( -50  -85  89  )
( 22  -27  68  )
( -68  42  57  )
( -41  -77  87  )
( 6  -43  25  )
( 25  -0  -36  )
( 87  -29  13  )
( 8  88  70  )
( 63  70  -80  )
( 76  -19  93  )
( -89  -44  36  )
( -0  -11  -58  )
( 99  10  -7  )
( 20  19  -78  )
( 34  -15  41  )
( 21  22  -52  )
( -10  15  37  )
( 65  20  63  )
( 75  -9  28  )
( 67  13  -29  )
( 42  -0  65  )
( 84  35  -13  )
( 3  -66  22  )
( -52  -93  97  )
( 51  -39  -80  )
( -95  -26  -24  )
( 54  62  -79  )
( -36  -13  -43  )
( 10  -56  93  )
( 97  71  -54  )
( 38  -35  43  )
( -98  -94  53  )
( -47  -84  78  )
( 17  75  98  )
( -19  -2  -11  )
( 50  -48  28  )
