( 30  42  86  )
( 85  98  -99  )
( 70  -58  63  )
( -16  -2  20  )
( 84  -32  -4  )
( -56  -11  -59  )
( -31  -36  -14  )
( -92  76  50  )
( 22  42  -79  )
( 69  -49  -58  )
( -0  23  80  )
( -57  31  25  )
( 9  -88  -96  )
( -79  -19  -39  )
( 97  34  -60  )
( 65  -55  89  )
( 45  -46  0  )
( 4  75  -5  )
( -98  23  44  )
( -28  54  -12  )
( 73  -22  -11  )
( -53  -18  93  )
( 43  0  90  )
( -86  80  75  )
( 58  -10  20  )
( -69  40  -4  )
( -44  -26  -70  )
( 41  -88  -79  )
( -60  83  -48  )
( -13  82  26  )
( 85  -81  -28  )
( -47  -68  -69  )
( -69  -10  57  )
( -22  99  14  )
( 35  -91  49  )
( -70  -93  0  )
( -98  7  -50  )
( -80  9  61  )
( 88  -16  -85  )
( 23  52  77  )
( -47  51  69  )
( 18  60  7  )
( 50  14  -55  )
( -95  98  39  )
( 40  27  -76  )
( -44  -83  7  )
( -64  96  -90  )
( -19  -78  88  )
( -27  13  0  )
( 96  90  23  )
( 37  -10  78  )
( 65  6  75  )
( -87  51  -29  )
( 86  -50  13  )
( 30  -8  -74  )
( 92  48  -79  )
( 80  58  -60  )
( -53  94  -80  )
( 44  59  61  )
( 15  -94  -25  )
( -27  33  4  )
( 13  68  40  )
( 77  95  -68  )
( -8  -37  41  )
( 87  54  -73  )
( 4  95  75  )
( -9  24  3  )
( 81  -36  12  )
( -29  -58  -28  )
( 56  -83  -57  )
( -99  38  -54  )
( 50  -92  -57  )
( 32  88  -18  )
( 56  12  -69  )
( -0  -65  -37  )
( 41  62  2  )
( 93  -0  -73  )
( -16  64  13  )
( -0  -9  13  )
( 28  48  -71  )
( -36  79  -44  )
( -38  49  5  )
( 58  -69  20  )
( 44  -22  -74  )
( -66  -4  -76  )
( 14  -32  12  )
( 93  -50  -52  )
( 44  45  -67  )
( 95  -16  90  )
( -91  -6  3  )
( 22  -14  -43  )
( 45  -41  -17  )
( 77  -78  41  )
( 3  48  -67  )
( -9  -4  31  )
( 80  9  -75  )
( -83  19  52  )
( 35  -2  -15  )
( 80  27  -82  )
( 27  1  -35  )
( 66  93  -90  )
( -51  81  -53  )
( -6  -51  -62  )
( 93  -53  34  )
( -54  1  58  )
( 34  -13  56  )
( -36  -50  11  )
( -81  85  48  )
( 72  -28  44  )
( 46  -27  -51  )
( 33  38  -95  )
( -72  -45  27  )
( 29  98  -18  )
( -24  34  44  )
( 95  -19  83  )
( -4  -63  -78  )
( 69  57  -79  )
( -15  -35  58  )
( 3  95  62  )
( 11  -38  -99  )
( -9  83  44  )
( 84  41  13  )
( -45  -68  54  )
( 43  58  69  )
( -94  81  -0  )
( -54  -36  -5  )
( 38  -24  -73  )
( -41  -33  56  )
( 9  83  -60  )
( -42  76  -84  )
( 19  -22  43  )
( 41  -37  -87  )
( 25  -73  -35  )
( 83  1  -18  )
( 40  -6  54  )
( -53  -91  38  )
( 66  -29  -9  )
( 88  87  37  )
( -17  -9  -85  )
( -87  24  -83  )
( -2  -75  72  )
( 38  89  83  )
( 12  23  10  )
( -28  53  96  )
( 51  99  -85  )
( 30  -28  49  )
( 53  23  -93  )
( -13  -3  26  )
( 7  75  -29  )
( -99  47  -61  )
( 25  -91  5  )
( -61  -72  -88  )
( 44  -86  -34  )
( 23  47  79  )
( -26  -50  -76  )
( -72  55  -2  )
( -87  94  -64  )
( -24  -22  41  )
( -92  -95  24  )
( 62  -70  66  )
( 71  -40  -32  )
( 52  -69  75  )
( -3  54  -99  )
( 84  -27  -38  )
( -79  -81  95  )
( 91  32  -93  )
( -34  -43  -25  )
( 63  -95  71  )
( 5  -94  83  )
( 60  51  92  )
( -24  47  90  )
( 51  32  52  )
( 34  -92  15  )
( 55  45  41  )
( -57  -87  52  )
( 76  -24  -71  )
( -79  -83  41  )
( 11  6  -70  )
( 6  87  -93  )
( 61  -35  94  )
( -11  -21  6  )
( 52  81  34  )
( 46  21  44  )
( 9  -29  0  )
( -25  -62  -91  )
( 73  50  64  )
( 65  6  28  )
( 91  -56  58  )
( -8  88  0  )
( 7  -87  1  )
( 47  -26  -14  )
( 70  93  -12  )
( -90  -57  37  )
( 44  -36  -90  )
( 8  -94  34  )
( 62  -42  -36  )
( 66  34  -53  )
( 50  -77  76  )
( 20  73  -38  )
( 83  -10  49  )
( 58  -1  -33  )
( -27  59  -93  )
( 61  32  78  )
( 71  -47  65  )
( -11  -78  -34  )
( 55  1  68  )
( 87  -59  21  )
( -9  -89  -54  )
( 99  -47  -24  )
( -40  31  56  )
( 6  -65  -81  )
( 29  70  -46  )
( 65  -1  77  )
( -2  -41  22  )
( -9  67  66  )
( 75  3  -54  )
( -95  -40  97  )
( 27  -88  -85  )
( -65  0  59  )
( -61  -48  79  )
( 94  9  89  )
( 26  -44  45  )
( -72  -50  85  )
( 52  -60  76  )
( 58  76  -32  )
( 43  84  60  )
( 83  -45  74  )
( 15  70  33  )
( -33  35  -94  )
( -84  -39  -90  )
( 80  -26  -95  )
( -75  18  77  )
( 66  52  -59  )
( 40  -26  -2  )
( 81  -64  31  )
( -60  43  -58  )
( -95  -49  33  )
( 88  63  24  )
( -68  0  51  )
( -65  -81  92  )
( 40  -96  90  )
( -99  64  -6  )
( -76  9  -97  )
( -35  -28  -33  )
( -82  75  -36  )
( -79  -6  12  )
( 80  -97  2  )
( -38  -99  32  )
( -47  -84  40  )
( -16  34  68  )
( 91  -8  32  )
( -14  68  -91  )
( -54  4  -42  )
( -76  16  12  )
( -61  96  22  )
( 13  30  12  )
( -65  -21  -1  )
( 34  56  9  )
( 12  21  -93  )
( 57  33  58  )
( -24  -39  92  )
( 7  -77  91  )
( -22  10  7  )
( 40  13  -61  )
( 21  -43  -26  )
( -74  -94  -96  )
( -39  -11  -63  )
( 11  -70  77  )
( 21  -2  42  )
( 74  94  7  )
( -7  95  36  )
( -28  33  10  )
( 67  75  46  )
( -65  88  92  )
( -73  -29  65  )
( -21  -18  -67  )
( -77  58  39  )
( -48  40  61  )
( -68  -75  34  )
( -17  -80  -48  )
( 59  97  -63  )
( 2  -47  -63  )
( 84  -34  -81  )
( 83  -3  73  )
( -55  -99  -39  )
( 60  43  -39  )
( 38  -84  46  )
( -50  97  15  )
( -28  66  -10  )
( 72  -90  37  )
( -5  1  82  )
( -30  -91  0  )
( 25  -19  -45  )
( 21  38  91  )
( -1  10  47  )
( 21  -74  25  )
( 39  -56  89  )
( 47  -78  23  )
( 84  55  -41  )
( -60  -59  3  )
( -29  -38  -98  )
( 92  14  11  )
( 62  83  -36  )
( 40  2  -49  )
( -77  87  74  )
( 81  -77  -49  )
( -82  -3  47  )
( 80  -70  18  )
( 9  -37  56  )
( 54  -28  -97  )
( -64  1  -56  )
( 48  2  -27  )
( -7  80  63  )
( -38  -8  15  )
( 79  -37  -87  )
( 83  47  97  )
( -45  -47  9  )
( 56  54  97  )
( 81  -1  -69  )
( -72  -61  -52  )
( -97  -89  78  )
( 85  42  -57  )
( -60  48  21  )
( 60  -55  41  )
( 63  25  91  )
( -58  -55  -49  )
( 22  -34  -1  )
( -92  -80  -35  )
( -33  88  93  )
( 74  -46  -35  )
( 40  -79  95  )
( 37  -96  -81  )
( -87  99  35  )
( 87  -84  89  )
( 76  -21  -4  )
( 41  -38  73  )
( 47  60  94  )
( -55  -50  -33  )
( -93  46  -18  )
( 63  -20  43  )
( 93  5  -94  )
( 75  -36  -65  )
( 98  3  -51  )
( 34  45  -0  )
( 91  60  -56  )
( 45  -96  -57  )
( 51  -32  -70  )
( -42  -81  89  )
( 35  33  -78  )
( 38  -45  -92  )
( 45  -17  34  )
( 44  -22  -52  )
( -46  -81  19  )
( -6  55  -14  )
( -56  -47  -10  )
( -62  -75  -67  )
( 69  -72  -80  )
( 13  41  77  )
( 16  29  21  )
( 98  -74  75  )
( -13  -82  -65  )
( 19  -94  60  )
( -54  -20  -40  )
( -29  6  41  )
( -7  97  16  )
( 28  13  -39  )
( -62  66  -10  )
( -94  20  76  )
( -88  -26  21  )
( 33  -14  89  )
( 70  -59  -33  )
( -23  59  73  )
( 31  96  -88  )
( -72  60  65  )
( 4  -13  8  )
( 53  -82  -87  )
( -47  -2  89  )
( -21  82  72  )
( -26  35  -56  )
( -4  -77  -28  )
( -54  16  -88  )
( 23  93  -29  )
( 15  38  -51  )
( -84  -56  -9  )
( 39  52  -16  )
( -95  -9  77  )
( 44  30  -51  )
( 96  23  54  )
( 69  6  48  )
( -13  64  80  )
( 96  -91  16  )
( 0  -68  26  )
( 76  12  56  )
( 76  -92  97  )
( -91  89  69  )
( 30  52  59  )
( -1  73  82  )
( 27  32  19  )
( -39  -5  29  )
( 15  -7  61  )
( -14  -4  8  )
( 19  14  -55  )
( -44  -28  52  )
( 34  -60  -3  )
( 84  68  -4  )
( -63  -34  -65  )
( -64  97  90  )
( 57  5  -41  )
( 99  92  -69  )
( 86  26  -38  )
( 52  27  5  )
( -58  -8  32  )
( -21  -34  52  )
( 37  43  -12  )
( 29  -45  71  )
( -57  -33  -49  )
( -25  -90  84  )
( -4  22  11  )
( 50  -63  88  )
( -97  -32  45  )
( -79  2  -90  )
( -74  -96  44  )
( -14  -43  35  )
( -39  67  25  )
( -15  32  -35  )
( -48  -40  69  )
( 78  -31  56  )
