( -82  -10  49  )
( -78  -76  86  )
( 28  7  -1  )
( -13  -97  43  )
( -4  -0  47  )
( 19  74  -88  )
( -19  -83  -29  )
( 47  -84  -15  )
( -73  -91  -19  )
( -56  95  -11  )
( 79  1  -97  )
( 37  -47  90  )
( 85  -95  -84  )
( 8  -85  96  )
( 98  38  -29  )
( -40  68  50  )
( 77  25  -50  )
( -52  -70  77  )
( -12  71  -87  )
( -3  -26  12  )
( 71  -54  -87  )
( 90  17  -79  )
( -41  -22  -75  )
( -30  72  -4  )
( -54  -15  -88  )
( 20  -51  -89  )
( 69  -91  1  )
( 59  -70  63  )
( 64  -81  -79  )
( 39  70  4  )
( -5  -76  6  )
( 79  -73  85  )
( 58  27  37  )
( 63  -87  5  )
( -36  -86  1  )
( -92  -60  46  )
( -94  85  26  )
( -49  15  24  )
( -62  14  95  )
( 42  43  -28  )
( -90  -41  -74  )
( 76  -2  74  )
( 16  1  80  )
( -25  -61  17  )
( -48  -79  -87  )
( 22  -9  58  )
( 19  6  -15  )
( 91  58  27  )
( 71  -99  -22  )
( -24  -41  -54  )
( 24  -39  18  )
( -7  40  80  )
( -42  88  -59  )
( -22  54  -38  )
( 81  74  25  )
( -70  -16  35  )
( -30  50  -77  )
( 9  10  73  )
( -15  -48  98  )
( -57  99  -7  )
( 59  -84  19  )
( -70  -86  27  )
( -40  42  36  )
( 37  34  8  )
( -18  76  17  )
( 89  -7  -41  )
( 23  59  31  )
( -42  55  87  )
( -40  -20  -97  )
( 78  27  -3  )
( -1  41  -16  )
( 70  -18  -17  )
( -46  -57  -31  )
( 32  80  96  )
( 25  64  -97  )
( 68  -57  50  )
( 7  -40  -66  )
( 70  72  -78  )
( -36  -95  -40  )
( -94  -83  36  )
( 60  -9  -15  )
( 22  -82  -1  )
( 6  54  87  )
( 7  59  -87  )
( 7  -29  -63  )
( 78  -23  80  )
( -76  34  29  )
( 80  -89  75  )
( 90  -96  -73  )
( -44  -76  12  )
( 18  -54  -86  )
( 35  46  -80  )
( -86  11  -6  )
( -60  77  43  )
( 65  -41  -32  )
( 37  67  62  )
( -27  69  -60  )
( 63  19  64  )
( -6  77  70  )
( 48  1  -31  )
( 46  42  59  )
( -65  82  46  )
( 28  6  41  )
( 25  9  28  )
( -59  23  -53  )
( 52  87  45  )
( -16  -7  74  )
( 33  -49  6  )
( 90  -65  17  )
( 4  -13  -88  )
( -95  -25  26  )
( 7  40  -32  )
( 46  -69  60  )
( 92  7  9  )
( -16  -56  57  )
( 80  27  -52  )
( 71  -89  49  )
( -95  66  -77  )
( 54  7  -93  )
( 63  -86  69  )
( -20  -80  -49  )
( -47  -61  1  )
( -98  -75  91  )
( 80  -17  -69  )
( -5  6  -91  )
( -91  -97  76  )
( -8  -29  -6  )
( -54  -89  -32  )
( -95  34  -63  )
( 52  -85  -76  )
( 96  -69  -27  )
( -98  -25  -41  )
( -32  -4  24  )
( -42  5  32  )
( -98  -38  -5  )
( -41  48  -87  )
( -9  -20  86  )
( -42  34  -71  )
( -89  -88  64  )
( 66  90  68  )
( -98  -81  -54  )
( -89  52  -37  )
( -52  20  -93  )
( 58  80  -82  )
( -81  -66  -10  )
( 6  46  69  )
( 88  -74  71  )
( 65  89  86  )
( -12  97  68  )
( -5  -94  -0  )
( -49  58  -22  )
( 6  -86  4  )
( -87  34  -68  )
( 77  29  -1  )
( 0  34  -55  )
( 89  15  36  )
( -15  -45  -77  )
( 70  -37  43  )
( -14  59  81  )
( 96  -6  43  )
( 33  19  -79  )
( -32  -40  -24  )
( -92  58  -90  )
( 20  -43  -26  )
( -13  85  -80  )
( -76  30  90  )
( 56  -92  54  )
( -77  52  -21  )
( -79  33  -97  )
( 77  -19  15  )
( 71  39  91  )
( 76  71  -87  )
( 28  11  78  )
( 72  -18  3  )
( -6  -74  -20  )
( 40  -24  66  )
( 41  35  -59  )
( -83  -78  62  )
( -96  99  -46  )
( 58  -83  -32  )
( 36  -58  19  )
( 76  31  78  )
( 0  -70  97  )
( -35  -59  -26  )
( -3  -30  71  )
( 82  -45  -66  )
( 4  99  -84  )
( -62  3  -85  )
( -59  -67  -28  )
( 36  -15  79  )
( -31  -74  53  )
( -28  -71  -45  )
( 6  10  66  )
( 94  -61  39  )
( -54  -66  -85  )
( 79  97  -5  )
( 85  -13  -44  )
( 75  -24  -12  )
( 57  54  23  )
( 6  45  -86  )
( -6  12  -22  )
( -50  82  -1  )
( -3  -84  85  )
( 79  42  -39  )
( 44  -2  -98  )
( 4  83  24  )
( 49  61  -11  )
( -51  78  -23  )
( -38  77  47  )
( 4  -19  71  )
( 5  -28  10  )
( -14  33  -74  )
( 57  -6  81  )
( -86  39  40  )
( 35  -90  88  )
( -21  -91  -50  )
( -7  22  -8  )
( -27  -66  -54  )
( 75  -58  50  )
( 76  78  -3  )
( 59  -93  -51  )
( -57  -55  -89  )
( 38  75  77  )
( 3  -78  37  )
( 6  63  -84  )
( 28  -56  -23  )
( -29  87  93  )
( -51  -81  14  )
( -80  93  -2  )
( -73  -89  -61  )
( -14  91  54  )
( 68  -51  -12  )
( 97  17  -12  )
( 15  16  56  )
( 65  56  8  )
( -9  -54  14  )
( -3  -76  -0  )
( 56  -91  -34  )
( -84  61  70  )
( -15  -48  65  )
( 21  91  16  )
( -46  95  -3  )
( 3  -55  43  )
( -32  -94  -22  )
( -23  -79  40  )
( -63  -20  74  )
( 43  -23  57  )
( -87  -45  -50  )
( 23  -46  33  )
( 73  37  75  )
( -64  24  -20  )
( -99  -20  27  )
( 87  56  -83  )
( -54  39  -4  )
( 76  -29  75  )
( 15  61  20  )
( -41  90  -20  )
( -67  -32  16  )
( 69  -33  -17  )
( 95  -94  -25  )
( 99  -52  -0  )
( -16  73  -0  )
( -37  -56  25  )
( -24  0  -99  )
( 40  -65  -30  )
( 65  44  -78  )
( -48  60  -89  )
( -87  70  -51  )
( -87  -56  60  )
( 54  -38  -50  )
( -44  -26  84  )
( -94  26  30  )
( 96  66  89  )
( 18  27  -14  )
( 2  -33  20  )
( 13  66  53  )
( -75  -30  67  )
( -36  -88  -69  )
( -42  15  59  )
( -14  41  -33  )
( 21  -81  5  )
( 17  67  86  )
( -32  83  62  )
( -26  -36  70  )
( 86  -72  13  )
( 36  -6  -12  )
( 81  -10  -67  )
( -37  98  -77  )
( 77  -47  -82  )
( 43  70  -19  )
( 34  76  42  )
( 53  29  20  )
( -58  53  32  )
( -75  -19  45  )
( -91  36  -65  )
( -45  66  -35  )
( -26  -1  -63  )
( -23  -25  43  )
( -30  83  32  )
( 2  63  -73  )
( -85  73  -3  )
( 44  11  75  )
( -49  1  14  )
( -37  85  34  )
( 41  6  -14  )
( 0  30  -74  )
( -21  -15  -10  )
( 14  -26  48  )
( 4  -41  96  )
( 55  10  -75  )
( 51  -57  -88  )
( 82  24  -1  )
( -69  -67  64  )
( -62  58  15  )
( -77  -95  79  )
( -43  -0  54  )
( -77  -54  -91  )
( 7  -54  53  )
( -29  -4  53  )
( -63  -66  26  )
( 45  0  26  )
( -7  -15  -80  )
( 25  64  -15  )
( -58  14  -4  )
( -89  82  -41  )
( -68  5  -94  )
( -18  -25  -3  )
( 69  -19  -87  )
( 14  31  -40  )
( 5  10  81  )
( 50  -32  -71  )
( 37  -58  1  )
( 24  -49  -28  )
( -35  -26  -66  )
( 17  -58  -89  )
( -56  90  -28  )
( 5  -15  37  )
( 35  19  -49  )
( -84  36  51  )
( 9  83  -35  )
( -59  8  74  )
( -46  59  22  )
( -61  -18  -64  )
( -5  -7  77  )
( 12  -45  -65  )
( -9  37  -91  )
( -32  -48  -46  )
( -18  -38  -88  )
( -87  69  18  )
( 57  43  69  )
( 37  51  85  )
( -9  -7  86  )
( 63  -94  5  )
( -62  -40  -77  )
( -96  75  -82  )
( 5  -77  79  )
( 82  -71  46  )
( 59  -10  -95  )
( 56  -75  -98  )
( 22  -40  96  )
( -9  12  0  )
( 1  -19  -14  )
( 80  83  -60  )
( -5  31  -54  )
( 24  23  -97  )
( 23  79  -10  )
( -33  -60  47  )
( 6  -34  74  )
( -72  69  -27  )
( -78  72  18  )
( 88  -60  -6  )
( 86  -74  -55  )
( 83  -27  56  )
( -8  -66  60  )
( -83  -96  10  )
( 95  73  -54  )
( 77  -63  85  )
( -19  10  -51  )
( -62  -55  32  )
( -80  41  34  )
( -79  52  -2  )
( -45  -41  87  )
( 48  -23  -55  )
( 86  76  64  )
( 38  92  71  )
( 53  -61  42  )
( -53  -44  -47  )
( -16  62  30  )
( 34  -67  -32  )
( -87  48  -44  )
( -86  92  -37  )
( -87  -72  -25  )
( -13  -94  -19  )
( -17  59  -77  )
( -84  57  -13  )
( 98  -26  -93  )
( -28  -86  52  )
( -48  -53  61  )
( -65  -8  16  )
( 51  -0  87  )
( 48  44  -84  )
( 88  -42  91  )
( -15  41  60  )
( 98  6  -25  )
( -69  14  87  )
( -10  -67  27  )
( -23  -36  -96  )
( -0  -74  -76  )
( 45  69  68  )
( -84  16  -51  )
( 74  -21  93  )
( 87  -27  56  )
( -9  -20  -96  )
( -4  82  -25  )
( 80  -52  -5  )
( -3  -65  90  )
( 58  -64  -79  )
( -27  94  7  )
( 50  64  -43  )
( -21  71  -98  )
( -71  47  14  )
( -87  -29  12  )
( 54  -2  -56  )
( 66  58  63  )
( -86  90  -22  )
( -61  64  -31  )
( -84  -48  -98  )
