( 79  48  25  )
( -34  -87  16  )
( 44  -42  16  )
( 77  7  88  )
( -83  43  -9  )
( -57  -37  10  )
( -23  43  95  )
( 46  -83  -79  )
( 39  -53  65  )
( 43  -80  -34  )
( 35  -71  -39  )
( -71  -82  -57  )
( -48  -31  -81  )
( 5  98  32  )
( 2  98  75  )
( 12  6  8  )
( 40  54  65  )
( 96  6  67  )
( 31  -32  -53  )
( -22  25  -59  )
( -20  45  -43  )
( -63  -16  -50  )
( 42  23  -34  )
( -66  -43  83  )
( -55  -22  -4  )
( -44  -56  -4  )
( -96  62  30  )
( -2  41  -54  )
( -44  -66  -68  )
( -89  -62  -32  )
( -38  -95  92  )
( 36  4  22  )
( -91  -79  -82  )
( 44  -90  34  )
( 23  65  -85  )
( -32  -57  -91  )
( 36  34  94  )
( -94  -36  -22  )
( 53  -60  -44  )
( -23  -20  76  )
( -28  -0  -98  )
( 86  61  91  )
( -74  35  76  )
( -20  -74  14  )
( -3  27  15  )
( -73  -54  -70  )
( 37  95  24  )
( -44  65  53  )
( -7  -59  32  )
( -3  -34  -96  )
( -89  27  -51  )
( 32  -63  -37  )
( 72  -20  84  )
( 78  74  84  )
( -73  74  50  )
( 74  -37  -92  )
( 58  50  -6  )
( -73  48  81  )
( 51  76  -95  )
( 50  -11  -29  )
( -33  -47  67  )
( 87  -94  -98  )
( 23  17  -13  )
( 90  -18  99  )
( 88  64  -53  )
( -84  -52  8  )
( 50  43  -71  )
( -74  -20  93  )
( -37  -75  -10  )
( -1  -16  -86  )
( 80  4  -67  )
( -14  -35  -39  )
( -51  -14  12  )
( 23  -67  -86  )
( -71  17  40  )
( 26  98  -8  )
( 94  -9  8  )
( -68  44  95  )
( 10  -97  -49  )
( -54  -74  86  )
( -72  -76  31  )
( 81  6  -64  )
( -62  -84  -78  )
( 25  -0  -64  )
( -5  -69  -88  )
( -3  80  71  )
( -26  -66  -54  )
( 71  57  29  )
( 35  84  91  )
( -6  -52  -20  )
( -57  -27  88  )
( 28  1  12  )
( -10  -45  58  )
( 40  42  -88  )
( 82  -35  0  )
( 67  -95  62  )
( 24  -82  -25  )
( 82  -39  66  )
( -31  -68  0  )
( -40  72  70  )
( 59  -98  72  )
( -24  -58  46  )
( 93  -67  83  )
( 39  -79  -1  )
( -27  -52  -40  )
( -87  31  39  )
( -43  -8  -71  )
( -4  44  91  )
( 44  -60  -15  )
( 10  -74  40  )
( -91  -1  6  )
( -65  -97  53  )
( -78  83  -30  )
( 80  -42  -93  )
( 97  -70  -40  )
( 70  52  -99  )
( -57  -92  -29  )
( 41  17  -72  )
( -13  -21  -17  )
( 13  -66  10  )
( -23  -65  2  )
( 3  30  39  )
( 79  81  -31  )
( -91  -1  24  )
( 99  40  -58  )
( -67  -46  -50  )
( 47  12  -70  )
( 67  35  96  )
( 40  15  21  )
( -44  29  -7  )
( 37  -78  67  )
( -58  -29  80  )
( 31  -0  -40  )
( 74  -32  39  )
( -16  70  61  )
( 81  -30  72  )
( -13  15  -59  )
( 11  -95  73  )
( 74  -32  -86  )
( -86  -33  75  )
( 72  28  -31  )
( 25  1  -41  )
( 57  35  -18  )
( 59  -39  58  )
( -34  -69  16  )
( -94  95  -5  )
( 91  -90  98  )
( -87  -67  94  )
( -55  -58  64  )
( -29  85  21  )
( -23  -53  -12  )
( -78  17  -61  )
( -52  24  -81  )
( 15  72  -65  )
( -94  -23  -84  )
( -93  38  -55  )
( 81  -73  -90  )
( 72  -27  -96  )
( 61  -47  -44  )
( 88  27  -20  )
( -20  -41  21  )
( -85  30  -33  )
( -36  -57  -9  )
( 88  57  2  )
( 58  52  -35  )
( 9  -7  -73  )
( -27  -46  56  )
( 56  -95  -84  )
( 64  89  65  )
( -97  26  4  )
( -96  -52  -99  )
( 32  24  31  )
( -9  19  -54  )
( 7  1  12  )
( -12  91  58  )
( -49  88  -11  )
( -5  -28  -85  )
( -63  92  5  )
( -71  -99  -38  )
( 7  -95  -49  )
( 46  98  -13  )
( -39  15  92  )
( 60  -97  11  )
( -85  -5  -43  )
( -66  -49  58  )
( -59  -13  81  )
( -12  -43  91  )
( 59  94  -28  )
( -2  34  27  )
( -99  21  -11  )
( 50  -2  83  )
( 64  -89  59  )
( 11  50  -51  )
( 74  -11  -42  )
( 79  -90  32  )
( -91  -68  84  )
( 68  80  34  )
( -24  64  79  )
( 85  62  -23  )
( 29  -88  61  )
( -11  27  -77  )
( 24  -34  -54  )
( -21  -50  27  )
( 31  76  55  )
( 94  -9  -79  )
( -25  -60  -38  )
( 83  -72  -68  )
( 18  -75  -81  )
( 24  57  9  )
( -36  66  -76  )
( 64  -30  69  )
( 93  44  -97  )
( -94  -21  -85  )
( 79  -75  2  )
( 53  -35  -50  )
( -25  51  -47  )
( -26  77  -52  )
( -20  60  40  )
( 72  -20  56  )
( 42  15  -47  )
( 84  -39  -70  )
( -95  -67  -15  )
( 61  71  -57  )
( 16  -89  63  )
( 69  36  72  )
( -81  -36  -97  )
( -98  73  -87  )
( -17  -78  -31  )
( 41  89  -90  )
( 90  -87  -36  )
( -92  96  -98  )
( 74  -85  5  )
( -89  -0  -96  )
( -66  -16  -70  )
( -94  -67  -68  )
( 97  -34  -38  )
( -92  -53  27  )
( 30  21  -63  )
( -27  56  -38  )
( -80  -9  -48  )
( -96  -51  85  )
( -86  78  -61  )
( -80  64  92  )
( 18  -51  -26  )
( -59  -11  -65  )
( 75  69  96  )
( 84  69  88  )
( 4  1  53  )
( -68  -86  54  )
( 94  -88  61  )
( -28  -21  19  )
( 1  -62  96  )
( -62  70  57  )
( 75  18  79  )
( 12  7  -0  )
( 30  20  -58  )
( -93  10  42  )
( 35  93  2  )
( -95  -48  -37  )
( 77  -96  -86  )
( -34  9  -65  )
( -61  28  85  )
( 52  -25  34  )
( -39  15  -73  )
( -57  -80  85  )
( -52  -39  -9  )
( -16  76  0  )
( -33  -9  64  )
( -90  77  -21  )
( 88  -99  -0  )
( -29  -9  40  )
( -77  -2  6  )
( -70  36  85  )
( -9  99  7  )
( -84  61  19  )
( 44  -93  -30  )
( 90  -88  7  )
( -95  -18  -17  )
( -88  -93  96  )
( -23  69  -46  )
( 3  -19  -99  )
( 5  -1  37  )
( 39  -50  27  )
( -53  -14  -20  )
( 16  -18  -11  )
( 40  28  -82  )
( 88  2  5  )
( -69  -70  86  )
( 10  -66  -19  )
( -16  60  77  )
( -72  17  -34  )
( -76  -70  -97  )
( -28  -40  17  )
( 80  91  10  )
( -86  58  22  )
( -68  34  -31  )
( -89  88  -42  )
( 16  -4  -52  )
( 48  -58  -4  )
( 66  24  -9  )
( -51  -52  24  )
( 47  9  -72  )
( -90  19  -81  )
( -36  -5  68  )
( -15  -96  -94  )
( -94  -67  -16  )
( -59  -96  99  )
( 98  57  -66  )
( 88  -87  89  )
( -66  -50  49  )
( -40  21  10  )
( -46  -41  53  )
( -73  -34  14  )
( 39  63  -26  )
( -35  -93  51  )
( -1  -85  6  )
( 68  94  -95  )
( 85  -92  -30  )
( -13  81  -50  )
( -29  -70  -37  )
( -5  29  0  )
( 8  -60  55  )
( 18  94  86  )
( -89  -31  -67  )
( -71  56  27  )
( 42  -34  71  )
( 95  -45  -46  )
( 46  -19  -43  )
( 13  91  -83  )
( -70  -56  -91  )
( -55  -52  6  )
( 84  -95  24  )
( 25  -48  -9  )
( 3  -98  -85  )
( 71  37  -4  )
( -79  -90  -5  )
( -41  -34  -86  )
( 26  36  -8  )
( -14  84  -24  )
( -40  -15  -37  )
( -67  -55  -1  )
( -47  -60  26  )
( 1  -90  51  )
( 29  -47  76  )
( -81  29  -14  )
( -67  -80  28  )
( 22  40  -68  )
( 5  -57  30  )
( 31  -0  -29  )
( 28  -95  70  )
( 88  -24  26  )
( 16  1  77  )
( -48  -78  -77  )
( -60  48  -61  )
( 9  65  -99  )
( 88  -77  -63  )
( 22  64  0  )
( 42  -35  -53  )
( 50  63  -32  )
( -2  -79  92  )
( 92  -87  48  )
( 17  -24  -82  )
( 69  -27  91  )
( -38  83  -75  )
( -51  -15  -81  )
( 96  -31  53  )
( 13  -22  -88  )
( -76  -69  85  )
( 23  35  80  )
( -27  74  98  )
( 70  -44  -97  )
( -8  68  59  )
( -57  -94  56  )
( -45  -93  -10  )
( 25  24  -36  )
( 1  68  -30  )
( 0  3  60  )
( -37  66  -77  )
( 63  -32  95  )
( -25  -79  74  )
( -53  55  69  )
( 48  -27  94  )
( 85  80  53  )
( -52  25  -98  )
( -28  -91  -40  )
( 12  27  -6  )
( -26  91  -29  )
( -64  -52  -41  )
( 68  82  1  )
( -47  45  -61  )
( -20  -33  -69  )
( 55  -21  2  )
( 97  -40  -43  )
( -47  -21  -3  )
( 93  -21  1  )
( -3  15  93  )
( -99  -42  69  )
( -11  -35  99  )
( -9  60  44  )
( -89  24  23  )
( 85  -57  -63  )
( 2  28  -65  )
( 3  -91  30  )
( 64  74  -71  )
( -36  53  10  )
( -41  46  -79  )
( 71  28  -6  )
( -11  1  26  )
( -3  -39  -22  )
( -27  77  -80  )
( -58  -67  3  )
( 1  29  78  )
( 83  86  20  )
( 77  95  16  )
( 47  17  56  )
( 19  -97  -56  )
( -91  -90  -67  )
( 56  -4  35  )
( -56  32  76  )
( 32  -72  93  )
( -23  43  -96  )
( -36  27  68  )
( -31  56  -39  )
( 61  40  -58  )
( 88  76  -81  )
( -65  -22  -10  )
( 57  20  33  )
