( 11  -96  54  )
( 50  1  -45  )
( 31  -95  40  )
( -68  -76  -22  )
( -69  11  -24  )
( 68  61  -0  )
( -44  -59  -90  )
( -88  -92  -15  )
( -35  20  96  )
( -7  68  -50  )
( -37  51  20  )
( -72  -7  -81  )
( -21  2  77  )
( 32  24  -79  )
( 30  -28  73  )
( 37  -68  -41  )
( -35  24  20  )
( 57  -69  89  )
( -13  36  -45  )
( 67  -19  -13  )
( -55  -37  92  )
( 79  98  71  )
( 9  93  -91  )
( 56  15  66  )
( -41  83  3  )
( -40  49  22  )
( 99  93  -79  )
( 83  -54  90  )
( -36  -55  -22  )
( 69  73  -87  )
( 8  10  -59  )
( -18  -14  -53  )
( 2  18  93  )
( 83  -82  4  )
( -46  -6  19  )
( -8  38  -13  )
( 73  -30  -87  )
( -47  -21  -63  )
( 58  66  -24  )
( -47  -78  67  )
( 41  61  70  )
( -37  -74  2  )
( 22  23  -82  )
( 31  97  -61  )
( 97  -76  26  )
( 43  -90  97  )
( -8  -25  -18  )
( -0  -32  -81  )
( -22  11  92  )
( 54  20  63  )
( 37  91  -34  )
( -58  60  1  )
( -24  84  29  )
( -75  97  14  )
( -29  87  89  )
( -34  -89  14  )
( -6  97  -36  )
( -94  -69  -29  )
( -37  -41  -21  )
( -63  -32  -12  )
( 9  96  42  )
( -68  43  -10  )
( 0  -96  9  )
( -65  43  -84  )
( 75  -96  78  )
( 48  58  -13  )
( -56  84  75  )
( 99  98  -24  )
( 78  57  -69  )
( 62  -48  -68  )
( -44  55  6  )
( -82  3  16  )
( -56  -72  -55  )
( 81  -30  76  )
( 96  51  -30  )
( -83  -57  1  )
( 3  79  -12  )
( 66  -69  -59  )
( -88  91  -37  )
( 50  48  66  )
( 8  16  41  )
( 20  80  -61  )
( -7  -76  0  )
( -32  91  -31  )
( 87  45  -11  )
( -8  76  53  )
( 91  -84  -56  )
( -9  18  40  )
( -63  24  47  )
( -49  90  45  )
( -62  30  58  )
( 74  55  14  )
( 19  -37  -29  )
( -13  99  31  )
( -10  -96  68  )
( 64  49  28  )
( 43  11  22  )
( -13  -91  24  )
( 37  83  1  )
( -72  62  98  )
( -26  64  -15  )
( 53  -13  41  )
( -71  -61  -2  )
( -25  -15  -11  )
( 76  -97  98  )
( 23  -90  -36  )
( -72  79  85  )
( -27  -92  62  )
( 21  -99  4  )
( 70  -93  23  )
( -66  -90  6  )
( -81  27  -76  )
( -4  54  -18  )
( -32  8  -6  )
( -51  47  -21  )
( 76  8  78  )
( 36  20  63  )
( 47  -28  4  )
( -19  90  72  )
( -96  -32  -50  )
( 26  -6  -83  )
( 59  -43  97  )
( -5  -28  96  )
( -10  -33  -25  )
( -64  87  -11  )
( -69  -64  -72  )
( 0  91  3  )
( -82  -69  58  )
( -21  -48  9  )
( -64  -0  -83  )
( -28  64  87  )
( -66  83  49  )
( -30  9  50  )
( -35  -26  15  )
( 12  -24  52  )
( -7  -34  -25  )
( 33  55  -56  )
( -15  25  -11  )
( 28  84  -97  )
( 8  41  28  )
( -89  58  92  )
( 11  72  -31  )
( 45  -94  68  )
( 11  99  -90  )
( -5  -82  -96  )
( 21  -84  -4  )
( 54  15  97  )
( -82  98  74  )
( -37  -13  -66  )
( 27  71  4  )
( 35  54  -75  )
( 8  76  -31  )
( -44  78  49  )
( -47  -13  93  )
( 67  -25  7  )
( -10  -99  -38  )
( -64  89  -40  )
( 35  -40  -32  )
( -83  -42  32  )
( 65  55  80  )
( -77  26  -51  )
( -19  78  -41  )
( 73  -41  34  )
( 52  36  -47  )
( 79  89  42  )
( -88  -19  1  )
( 7  -58  85  )
( 92  -43  20  )
( -63  37  -91  )
( 89  56  67  )
( 14  17  84  )
( -99  -16  -38  )
( -10  59  -49  )
( -87  -67  20  )
( -99  55  -47  )
( -30  -47  -73  )
( -53  38  42  )
( 39  31  -98  )
( -91  1  -56  )
( -3  -50  -86  )
( -22  10  15  )
( 79  3  -0  )
( 10  6  57  )
( 93  88  -11  )
( -11  -48  20  )
( 93  -54  13  )
( 49  29  5  )
( -70  11  28  )
( 59  46  68  )
( -92  44  97  )
( -87  23  59  )
( -3  1  -45  )
( 96  15  47  )
( -53  34  79  )
( 56  -99  -0  )
( 56  88  -64  )
( -12  -5  11  )
( 5  11  7  )
( -25  -40  -21  )
( -65  53  -8  )
( -48  77  87  )
( 16  19  -45  )
( 85  -28  75  )
( -48  78  -95  )
( 0  42  58  )
( -35  -89  -95  )
( 7  82  13  )
( 70  -66  28  )
( -62  -82  -20  )
( -92  -84  -76  )
( -4  79  -32  )
( 67  -13  -72  )
( 46  10  -93  )
( -69  7  41  )
( 15  2  -62  )
( 0  92  -62  )
( 67  -36  -72  )
( -21  63  1  )
( 85  50  72  )
( -38  13  -32  )
( -91  21  -69  )
( -68  55  46  )
( -70  -34  -0  )
( 22  49  45  )
( -27  -46  37  )
( -68  -51  79  )
( -87  -26  94  )
( -86  -88  55  )
( -15  -73  48  )
( -79  -4  76  )
( -71  47  -75  )
( 14  82  93  )
( -58  3  33  )
( -66  -37  83  )
( -23  28  79  )
( 3  77  -21  )
( 19  -2  9  )
( -12  4  44  )
( 4  77  -69  )
( 65  44  -26  )
( 91  73  22  )
( 13  51  6  )
( 19  -2  17  )
( -20  -71  58  )
( 48  -24  13  )
( 8  -34  -57  )
( 27  63  -11  )
( -68  29  -10  )
( 91  87  -36  )
( -76  61  72  )
( 62  -1  -47  )
( 33  -62  66  )
( 7  3  33  )
( 87  15  -36  )
( 73  -1  -69  )
( -78  -28  31  )
( 92  -38  -69  )
( -26  34  86  )
( 32  64  -93  )
( -14  -12  -26  )
( -60  39  78  )
( -55  29  73  )
( -57  68  43  )
( -40  36  38  )
( -85  -35  -63  )
( 22  41  21  )
( 47  -84  -72  )
( -34  25  -96  )
( -69  67  90  )
( -45  71  27  )
( 18  45  -12  )
( -8  89  40  )
( 88  98  -80  )
( -88  68  -23  )
( 32  -12  -78  )
( 67  82  -65  )
( -24  -82  -37  )
( 95  -56  69  )
( 3  -12  87  )
( 36  -52  -8  )
( -42  34  -57  )
( -97  -85  -61  )
( -40  -19  -30  )
( -92  -44  -17  )
( -67  23  -24  )
( 21  -5  -99  )
( -12  -91  -93  )
( 39  94  -12  )
( 19  1  -39  )
( 6  20  -77  )
( -82  -87  -79  )
( -52  9  75  )
( 97  10  -16  )
( -86  -51  38  )
( -90  14  86  )
( -84  -17  -4  )
( -40  -67  11  )
( -69  -45  -63  )
( 44  7  52  )
( 37  93  -95  )
( -9  46  15  )
( -34  66  23  )
( -49  -63  -23  )
( -15  -39  -24  )
( -26  8  -82  )
( 75  -93  -97  )
( 31  55  18  )
( -74  21  -18  )
( -9  -10  53  )
( -18  -14  -5  )
( 95  -0  22  )
( -84  38  -7  )
( -18  78  66  )
( 22  96  -13  )
( 7  -77  -83  )
( 86  -73  78  )
( -7  -83  -12  )
( 89  -26  46  )
( 52  54  -4  )
( 15  -39  86  )
( -47  76  -42  )
( -75  -58  -35  )
( 93  -68  94  )
( -14  -94  33  )
( -16  62  89  )
( 88  61  2  )
( -46  37  29  )
( 83  -97  -36  )
( -26  50  -89  )
( -86  37  73  )
( 22  6  -15  )
( 79  17  -54  )
( 26  -45  17  )
( 44  -70  94  )
( -18  -37  -0  )
( 51  52  -88  )
( -82  -23  -33  )
( -50  55  81  )
( 81  -16  -78  )
( 49  -67  -44  )
( 94  -52  68  )
( -88  48  -33  )
( 80  -63  19  )
( -17  -51  -9  )
( -65  -28  -37  )
( 6  -12  -11  )
( 97  35  -71  )
( -91  4  66  )
( 82  51  0  )
( -46  57  39  )
( 90  -94  -57  )
( -70  20  73  )
( 79  -96  -73  )
( 30  99  -84  )
( 85  -59  -30  )
( 22  -55  64  )
( -61  -37  86  )
( 30  -32  90  )
( -8  -34  0  )
( -5  37  -22  )
( -72  47  -66  )
( 32  22  -80  )
( -30  39  -46  )
( 42  -39  -64  )
( -6  -36  -14  )
( 13  -2  -0  )
( 72  54  -49  )
( -89  -1  86  )
( 22  -34  79  )
( -15  -97  -69  )
( -17  41  98  )
( -40  -55  -46  )
( 30  73  -55  )
( -81  -1  38  )
( -8  23  52  )
( 11  -96  -18  )
( -51  -68  95  )
( 22  45  -4  )
( 45  -39  -5  )
( -98  6  88  )
( 87  74  -21  )
( -62  -3  1  )
( -78  44  93  )
( -25  79  61  )
( -7  -90  44  )
( 19  -61  -50  )
( -11  69  17  )
( -29  -12  -36  )
( 68  -83  -93  )
( 20  9  88  )
( 93  48  -44  )
( -65  -40  74  )
( -99  -40  59  )
( -97  -93  50  )
( 73  -82  -88  )
( 19  -52  84  )
( -57  -4  -13  )
( -37  -9  15  )
( 16  -95  8  )
( -79  -99  -80  )
( 99  7  -39  )
( 68  -66  46  )
( -40  -85  70  )
( 65  3  41  )
( -15  88  -27  )
( 31  1  -20  )
( -56  41  95  )
( 27  81  64  )
( -86  90  83  )
( 69  57  71  )
( 23  6  -34  )
( 37  -89  7  )
( 54  83  49  )
( -4  -8  -34  )
( 19  -67  76  )
( -51  -98  -71  )
( -30  29  -82  )
( 78  -28  96  )
( -51  -67  -33  )
( -36  -29  38  )
( -58  -84  21  )
( -3  -95  -52  )
( -69  -90  -27  )
( 73  68  48  )
( 91  98  81  )
( 47  -18  -14  )
( 85  -74  60  )
