( 93  18  22  )
( 82  25  20  )
( 19  39  92  )
( 93  53  -5  )
( 88  86  93  )
( -55  -35  70  )
( 16  89  -20  )
( 98  48  -39  )
( -36  -6  -83  )
( 86  -64  -78  )
( -75  -48  32  )
( -46  78  -13  )
( 8  -25  6  )
( 80  -29  40  )
( 31  -89  35  )
( -16  -57  -49  )
( -13  -18  20  )
( -12  -60  -80  )
( 81  94  -57  )
( -55  -25  43  )
( 24  -54  37  )
( -16  -39  0  )
( -79  -19  8  )
( 54  -67  -97  )
( 6  15  -78  )
( 46  36  48  )
( -67  -21  -36  )
( 9  -85  37  )
( -32  48  -93  )
( -51  41  11  )
( -81  90  31  )
( 66  40  -79  )
( 36  42  99  )
( 42  -88  -62  )
( -40  49  37  )
( -48  74  2  )
( -84  -4  -38  )
( 1  59  46  )
( -99  15  -41  )
( -0  -69  -6  )
( 21  -92  -60  )
( 41  -49  93  )
( 1  24  -69  )
( 74  86  -73  )
( 73  41  -86  )
( 89  78  -60  )
( -43  12  -33  )
( -77  35  -39  )
( -77  19  -74  )
( -33  -97  52  )
( 23  -72  -96  )
( -22  37  77  )
( 7  -36  -9  )
( 54  11  8  )
( 81  -38  75  )
( 31  90  89  )
( -15  -11  -14  )
( 82  -49  -51  )
( 43  -99  -18  )
( -19  -16  0  )
( -29  51  69  )
( 7  -19  -73  )
( -47  -30  -27  )
( 21  20  59  )
( -85  14  33  )
( 91  -3  24  )
( 65  79  -89  )
( -85  -59  36  )
( 34  73  -86  )
( -88  98  69  )
( 88  -25  90  )
( -39  -76  -77  )
( 22  47  79  )
( -43  -32  67  )
( -78  -7  -28  )
( -11  -27  75  )
( -68  -39  -83  )
( -40  19  9  )
( 99  -25  -54  )
( -33  17  96  )
( -22  -98  87  )
( -46  3  -32  )
( 98  91  -67  )
( 15  22  -28  )
( -57  -48  -82  )
( 39  -73  -92  )
( 23  17  94  )
( -62  42  -24  )
( -80  96  -57  )
( -78  -98  -69  )
( 21  65  68  )
( -92  -21  -42  )
( 6  25  59  )
( 39  -42  11  )
( -11  97  88  )
( -38  -37  14  )
( -65  -27  8  )
( -80  -95  89  )
( -31  7  37  )
( -27  22  -83  )
( 98  -4  16  )
( 72  67  99  )
( -75  57  76  )
( -16  -85  -44  )
( 0  13  -47  )
( 20  -82  -18  )
( -42  71  -34  )
( -61  -43  -8  )
( 0  74  -22  )
( -95  -21  62  )
( -46  11  69  )
( -99  19  -58  )
( 12  43  94  )
( 87  -64  46  )
( 5  -43  10  )
( -44  -53  97  )
( 73  -12  -85  )
( -63  27  44  )
( -14  71  80  )
( 34  49  -50  )
( -72  49  74  )
( 99  12  -40  )
( -47  -91  -36  )
( -77  26  -59  )
( 58  0  73  )
( 79  -80  -30  )
( -85  -96  -71  )
( 33  -52  -63  )
( 82  22  -80  )
( -30  -24  -56  )
( 37  -78  -54  )
( -9  -74  -13  )
( 31  -74  65  )
( 3  40  55  )
( 82  84  13  )
( 79  49  23  )
( -25  1  -21  )
( -27  -54  -42  )
( -11  72  -98  )
( -69  -94  97  )
( -7  -52  77  )
( -44  86  -21  )
( 45  87  -95  )
( -7  -10  64  )
( -74  -63  -19  )
( 28  -64  57  )
( -27  -26  -37  )
( 88  57  93  )
( 54  46  43  )
( -71  -4  -85  )
( 25  -35  93  )
( 15  -14  -53  )
( -97  -49  -15  )
( 3  86  82  )
( -79  48  -53  )
( 89  50  59  )
( 28  -48  -22  )
( -19  -75  85  )
( 44  -51  11  )
( -73  -32  -59  )
( -47  63  65  )
( 49  66  -18  )
( -37  -12  -84  )
( 60  4  71  )
( 6  39  -74  )
( -62  3  43  )
( -49  43  -80  )
( -34  66  90  )
( 99  -59  -65  )
( 13  -82  71  )
( 21  27  -45  )
( -9  -96  -19  )
( 26  87  -79  )
( -68  94  95  )
( 47  -93  62  )
( -73  -37  54  )
( -88  -52  -97  )
( 53  50  -94  )
( -56  92  -73  )
( 15  27  88  )
( 74  -49  -57  )
( -71  47  -96  )
( 81  40  -66  )
( -51  -13  5  )
( 87  10  -78  )
( -97  -13  95  )
( -17  4  81  )
( -92  27  -50  )
( 67  62  24  )
( 29  90  -41  )
( -9  -62  70  )
( 35  -52  -72  )
( 83  64  96  )
( -97  34  -65  )
( 0  -8  13  )
( -34  -87  62  )
( -60  13  -34  )
( -5  26  92  )
( -39  -14  -38  )
( 20  -50  54  )
( -83  65  -7  )
( -18  5  0  )
( -98  62  -25  )
( 8  2  51  )
( 91  25  -31  )
( -95  46  -15  )
( 97  -33  -73  )
( 1  82  -92  )
( -2  -71  -76  )
( 75  -66  88  )
( 36  0  79  )
( -27  -10  -23  )
( -31  -74  -34  )
( 64  86  78  )
( 15  79  -31  )
( 12  27  -72  )
( 96  15  43  )
( 72  -46  1  )
( -22  87  -97  )
( -21  -77  89  )
( 95  94  -9  )
( 73  79  -5  )
( -7  52  -48  )
( -12  -82  64  )
( -61  0  41  )
( 45  -65  -21  )
( 76  -67  15  )
( -84  -40  -94  )
( 33  -9  -36  )
( -53  73  25  )
( 12  -23  48  )
( 19  -23  -85  )
( -28  -24  -20  )
( 54  26  -79  )
( -87  -33  -67  )
( 49  -4  -93  )
( -74  60  -81  )
( -86  10  1  )
( -9  24  43  )
( -26  -43  -69  )
( 71  34  -75  )
( 64  -25  -90  )
( 96  -38  -30  )
( 63  64  56  )
( 16  -43  42  )
( 18  77  -48  )
( 43  -34  25  )
( -26  14  82  )
( -60  31  96  )
( -23  -85  15  )
( 8  19  39  )
( -70  -96  75  )
( -53  43  26  )
( -1  7  94  )
( -65  79  -11  )
( 79  3  -52  )
( 15  -2  -32  )
( -58  -46  -71  )
( -25  -71  66  )
( -95  6  73  )
( 27  30  -2  )
( 29  45  -0  )
( 22  42  -48  )
( -25  85  -6  )
( 63  87  3  )
( -56  -83  -3  )
( -80  57  82  )
( 41  61  -95  )
( -25  -45  96  )
( -0  -74  16  )
( -76  -70  -35  )
( -30  58  88  )
( -14  -94  -57  )
( -98  64  -54  )
( -65  38  12  )
( -6  -55  27  )
( -47  -45  3  )
( -83  21  29  )
( 74  31  93  )
( 67  65  89  )
( 6  5  -73  )
( -69  -26  -47  )
( -80  57  -8  )
( -41  -38  61  )
( -63  -7  50  )
( 94  79  -58  )
( -9  46  71  )
( 6  17  45  )
( 81  39  -74  )
( -62  54  59  )
( 12  -38  19  )
( -63  77  21  )
( -57  -56  -95  )
( -69  -9  29  )
( -86  63  48  )
( -83  26  18  )
( -11  89  55  )
( 70  -36  59  )
( -54  -70  -58  )
( -51  -67  23  )
( 32  96  70  )
( -49  25  -8  )
( -57  55  -48  )
( -68  65  61  )
( -83  -20  17  )
( -48  -92  -93  )
( 2  85  -50  )
( 94  96  92  )
( 76  5  -96  )
( -66  -81  49  )
( 17  -7  -89  )
( -47  -40  72  )
( -44  -2  -85  )
( -15  -35  -96  )
( -82  -50  -54  )
( -29  -4  48  )
( 38  -25  -14  )
( -19  85  -65  )
( -43  44  66  )
( 0  -10  -22  )
( -68  26  -7  )
( -85  91  79  )
( -34  25  16  )
( -68  20  25  )
( -93  -82  83  )
( 17  -22  -98  )
( -96  70  -20  )
( 69  88  -0  )
( 31  -18  -69  )
( 59  -99  25  )
( -25  -56  59  )
( 99  38  52  )
( 26  -31  -12  )
( 92  -13  -47  )
( -8  71  82  )
( 13  3  -73  )
( -30  90  51  )
( 28  49  -20  )
( 36  -13  -49  )
( 24  -19  -27  )
( -65  -96  21  )
( -30  -39  -1  )
( -3  60  -66  )
( 19  66  8  )
( 71  78  -25  )
( 9  42  41  )
( 58  74  42  )
( 31  61  -10  )
( 87  -36  -72  )
( -95  41  63  )
( 66  -76  -37  )
( -26  20  55  )
( -53  14  -56  )
( -30  -99  84  )
( -37  14  -10  )
( -85  32  80  )
( -34  -74  -91  )
( 89  -81  -41  )
( 7  -17  -55  )
( -5  51  -53  )
( 54  -17  -41  )
( 47  -56  -67  )
( 65  78  57  )
( 97  -20  21  )
( 69  -85  9  )
( 82  11  30  )
( -59  97  -7  )
( -22  -27  38  )
( -97  22  -43  )
( 98  16  -71  )
( 48  -87  -81  )
( -23  -18  -48  )
( -44  -76  80  )
( -37  -61  99  )
( -64  -62  -82  )
( 19  18  45  )
( -90  -95  9  )
( 94  25  17  )
( -29  75  77  )
( -2  -71  -60  )
( -31  -28  3  )
( -66  23  40  )
( -82  -89  -93  )
( -6  99  -15  )
( 4  71  37  )
( -41  57  -33  )
( -61  85  6  )
( -45  7  -76  )
( 67  12  -47  )
( 75  -7  29  )
( -55  -67  36  )
( 98  30  39  )
( -38  -81  60  )
( 51  49  -80  )
( -15  -54  -76  )
( -87  79  45  )
( 87  -90  35  )
( -79  -88  9  )
( -62  -41  -20  )
( 69  -22  13  )
( -89  9  -43  )
( 60  -44  -51  )
( -62  -93  -37  )
( -60  -79  -46  )
( 9  -33  67  )
( 63  -79  15  )
( 10  -33  -66  )
( 57  83  -5  )
( 74  33  -80  )
( -41  -24  0  )
( -51  35  6  )
( -85  48  79  )
( -68  -41  -19  )
( -91  -71  73  )
( -86  -55  5  )
( -66  -88  -79  )
( 0  -13  -78  )
( 89  78  81  )
( -22  -55  -14  )
( -19  29  -92  )
( 80  17  -54  )
( 5  70  -40  )
( 82  53  85  )
( 13  20  91  )
( -95  -88  7  )
( 36  -85  49  )
( 48  47  -3  )
