( -41  -38  -15  )
( -51  80  24  )
( 49  45  83  )
( 74  -56  -35  )
( 86  98  -50  )
( 60  9  52  )
( -89  -61  51  )
( 98  -99  40  )
( 35  47  -60  )
( 28  33  -43  )
( 11  3  -93  )
( 35  92  39  )
( -20  -45  99  )
( -61  95  -88  )
( 80  91  -11  )
( 16  -17  54  )
( 52  -4  -82  )
( -51  -80  -14  )
( -98  59  -75  )
( -94  60  16  )
( -18  -13  -98  )
( 5  41  10  )
( -99  -26  -71  )
( -68  -58  69  )
( -56  -55  -44  )
( 12  71  90  )
( 13  -71  87  )
( -76  98  52  )
( 97  -43  -47  )
( 93  -13  80  )
( -42  90  95  )
( -69  -82  21  )
( 52  81  -46  )
( 10  15  67  )
( -52  -92  47  )
( -62  5  98  )
( -15  97  -78  )
( -98  -33  85  )
( -19  60  -57  )
( -50  17  8  )
( -11  81  -80  )
( 43  -66  33  )
( -27  90  -52  )
( 68  -71  -77  )
( -95  -90  -67  )
( -82  -24  -79  )
( -19  0  -95  )
( -38  63  2  )
( -70  -54  24  )
( -39  -74  56  )
( -31  11  -98  )
( 67  54  -60  )
( -15  -91  -85  )
( 72  87  24  )
( 60  72  -67  )
( 10  52  -94  )
( -45  28  96  )
( 29  -93  9  )
( 8  -91  78  )
( -81  87  41  )
( 66  -47  -11  )
( -53  55  -80  )
( 23  67  -39  )
( -43  -73  38  )
( 86  -39  11  )
( -32  39  82  )
( -79  86  93  )
( -90  -49  -29  )
( -62  96  86  )
( -77  17  -47  )
( 45  72  -91  )
( -55  -47  89  )
( 20  45  59  )
( 42  -48  90  )
( 8  -50  26  )
( -81  61  96  )
( 72  -59  -89  )
( 47  42  73  )
( 67  96  -10  )
( -11  -22  26  )
( 72  -91  -18  )
( 85  43  -22  )
( -97  94  64  )
( 40  8  -50  )
( 35  61  -58  )
( -7  -73  79  )
( 18  59  -94  )
( -8  72  77  )
( -8  -83  -92  )
( 28  94  -11  )
( 67  85  1  )
( 27  -11  -15  )
( -37  -41  -28  )
( 3  83  -40  )
( 82  -3  4  )
( -66  29  12  )
( 61  -62  52  )
( -7  -82  20  )
( 63  -30  96  )
( 55  54  86  )
( -46  -34  -29  )
( -64  70  19  )
( 48  3  -63  )
( -34  80  -53  )
( 70  2  10  )
( -68  62  65  )
( -43  -56  62  )
( -47  57  -78  )
( 2  45  -38  )
( 69  29  47  )
( 81  22  45  )
( -63  -41  57  )
( -33  -34  25  )
( -6  -85  -61  )
( 19  -71  72  )
( -80  55  21  )
( -49  -25  95  )
( -78  -7  -89  )
( -64  14  -29  )
( 4  65  -6  )
( -70  76  84  )
( -95  35  36  )
( 78  38  -31  )
( -97  78  -11  )
( 17  40  -57  )
( -85  64  -50  )
( -86  83  -9  )
( 58  -38  64  )
( -77  62  0  )
( -92  32  -87  )
( 77  -64  95  )
( -83  -4  -99  )
( -5  -3  71  )
( -2  -62  -47  )
( -31  -62  22  )
( 61  -72  -28  )
( -13  -94  -27  )
( 29  -88  -13  )
( -17  -28  71  )
( 30  -75  -47  )
( 9  37  76  )
( 15  38  -84  )
( -5  -21  -60  )
( 90  0  70  )
( -88  -37  41  )
( 70  27  -12  )
( 33  61  -68  )
( -29  -10  33  )
( -68  70  -21  )
( -93  97  8  )
( 54  28  98  )
( 38  21  -58  )
( -39  -42  92  )
( 39  74  -49  )
( 25  -76  40  )
( -97  5  -23  )
( -91  65  17  )
( -57  -99  95  )
( -86  -64  -75  )
( 36  -40  -52  )
( 30  14  10  )
( 81  -75  -80  )
( -16  -90  73  )
( -78  27  -72  )
( 66  -49  -45  )
( -90  37  17  )
( -70  55  43  )
( 97  53  22  )
( -39  -90  63  )
( -7  99  61  )
( 26  -7  -41  )
( 28  32  -14  )
( 4  2  94  )
( 33  -15  94  )
( 93  -31  49  )
( 35  -72  -20  )
( 85  44  -12  )
( -46  -6  82  )
( -78  -30  -57  )
( 92  71  47  )
( 62  -18  52  )
( -73  74  37  )
( -79  -15  -24  )
( -6  -21  68  )
( 52  37  78  )
( 99  -19  -10  )
( -76  -22  -15  )
( -95  99  -47  )
( -44  51  -55  )
( -11  13  15  )
( 93  -17  51  )
( 13  -33  98  )
( -16  23  -74  )
( 71  -9  -65  )
( -22  -16  -53  )
( -77  -84  36  )
( -38  75  -67  )
( 16  -62  -74  )
( 80  -65  -8  )
( 13  16  20  )
( 53  51  -84  )
( 71  -28  53  )
( 8  -57  71  )
( -66  25  73  )
( -30  -76  -16  )
( -0  -6  -11  )
( 46  -12  -23  )
( 30  88  66  )
( -30  -2  87  )
( -69  66  -60  )
( -44  84  -13  )
( -85  26  -55  )
( -94  67  2  )
( 77  -86  -73  )
( 90  -30  86  )
( -45  82  -29  )
( 19  -85  49  )
( 90  -54  -34  )
( 2  -48  96  )
( 1  -74  23  )
( -61  -1  -52  )
( -7  82  -13  )
( -20  46  -18  )
( 52  -71  97  )
( -54  64  75  )
( 86  52  -94  )
( -49  89  47  )
( -82  41  62  )
( -13  -87  65  )
( -57  70  97  )
( -9  -46  48  )
( -23  50  -45  )
( -62  -11  85  )
( 83  -22  35  )
( 75  -50  40  )
( -15  85  12  )
( -10  96  46  )
( 65  3  43  )
( 33  92  -56  )
( -81  -89  99  )
( 97  43  -73  )
( 67  75  -42  )
( -87  38  39  )
( 30  -13  75  )
( -70  -8  -29  )
( 7  -2  -39  )
( 57  76  -34  )
( 51  -3  23  )
( -66  25  24  )
( 56  33  -65  )
( 44  -22  -70  )
( 72  -11  -13  )
( 98  55  99  )
( -0  61  12  )
( 16  -19  80  )
( 95  -64  73  )
( 65  13  15  )
( 94  -49  77  )
( 35  87  6  )
( -45  -19  -41  )
( 30  86  -51  )
( -39  -42  -2  )
( -57  -50  72  )
( 6  -34  3  )
( -44  -77  31  )
( 17  -72  53  )
( -14  -79  -82  )
( -50  37  22  )
( -0  19  79  )
( -43  -79  -68  )
( 27  13  -41  )
( -77  22  -80  )
( 97  -93  -4  )
( 80  21  -2  )
( 89  -5  0  )
( 50  -17  -40  )
( -68  -93  16  )
( -55  -47  -17  )
( 5  43  32  )
( -52  -7  -99  )
( -87  30  -56  )
( 99  -79  51  )
( 99  89  -96  )
( -26  -51  -80  )
( 92  -18  -69  )
( -38  61  -92  )
( -62  -52  -22  )
( 25  -55  -82  )
( -42  97  50  )
( -14  92  20  )
( -37  38  25  )
( -96  -9  -84  )
( -52  -19  95  )
( 82  -41  -0  )
( -18  95  -47  )
( -90  89  -41  )
( -96  -72  64  )
( 28  1  45  )
( -67  -29  -87  )
( -83  -30  38  )
( 53  -51  -33  )
( -2  65  33  )
( -22  -91  37  )
( 65  97  44  )
( 7  -25  -46  )
( 7  -55  9  )
( -5  -64  8  )
( -58  32  -29  )
( -24  28  -34  )
( -32  59  94  )
( 99  79  84  )
( 13  75  12  )
( -25  -53  76  )
( -84  88  10  )
( -94  65  -37  )
( 59  -88  -5  )
( -46  -90  18  )
( -36  84  -75  )
( 0  71  -62  )
( -86  -82  81  )
( 65  16  79  )
( 47  53  -15  )
( -4  83  81  )
( 47  66  79  )
( 34  6  26  )
( -85  88  36  )
( -82  21  83  )
( -97  -80  28  )
( -48  -34  26  )
( 68  29  84  )
( 18  40  -98  )
( -79  83  -63  )
( 50  -33  0  )
( -11  30  48  )
( 95  13  -8  )
( -73  93  82  )
( 44  61  -98  )
( 67  -44  -0  )
( 45  -14  -75  )
( -99  21  -41  )
( 90  21  51  )
( -66  74  0  )
( 4  71  -68  )
( 55  -86  -96  )
( -83  -57  -72  )
( 40  2  -52  )
( -89  -83  63  )
( -35  -92  64  )
( -49  37  -64  )
( -61  38  -96  )
( -90  -14  53  )
( 35  3  85  )
( 57  26  -41  )
( -63  94  92  )
( 66  97  89  )
( 60  -16  -36  )
( 0  93  -16  )
( 0  -85  -66  )
( -85  76  -68  )
( -20  96  -79  )
( -63  -54  31  )
( 63  -6  -15  )
( 51  72  -0  )
( 14  59  -31  )
( 92  -86  -53  )
( -81  -87  13  )
( -99  88  -22  )
( -80  37  57  )
( 95  86  53  )
( -81  16  -43  )
( -40  -51  -24  )
( 89  -29  -82  )
( -45  12  78  )
( -89  -84  40  )
( 13  70  78  )
( 65  -99  42  )
( 98  -36  58  )
( 93  -83  96  )
( -87  -66  -62  )
( -97  -99  -55  )
( -41  60  15  )
( 80  76  -66  )
( -88  67  -18  )
( 55  45  57  )
( 92  -60  -12  )
( -80  -44  -42  )
( 14  94  30  )
( -37  -8  73  )
( 30  55  73  )
( -93  -15  53  )
( 24  14  38  )
( -1  42  -96  )
( 44  98  -15  )
( 23  13  14  )
( 45  -12  -40  )
( 22  -82  -57  )
( -62  -52  49  )
( -12  -99  39  )
( -29  97  -69  )
( 82  35  -6  )
( -72  91  -44  )
( 43  52  48  )
( -41  98  -79  )
( 59  -75  -33  )
( 55  80  50  )
( 35  24  14  )
( 52  -37  -47  )
( -23  96  -19  )
( 89  -22  21  )
( -44  -27  -72  )
( 56  -45  -50  )
( -51  -68  92  )
( 7  -94  -86  )
( -72  -59  47  )
( 14  16  27  )
( 29  -4  91  )
( 79  -94  90  )
( 18  31  -38  )
( -45  93  -41  )
( 39  90  -84  )
( 8  87  -22  )
( -7  54  41  )
( -8  -62  37  )
( -70  8  6  )
( 82  -6  -15  )
( -85  79  -49  )
( 92  -56  71  )
