( -94  -66  23  )
( -46  32  84  )
( 8  56  72  )
( -24  -76  -71  )
( -13  77  95  )
( 95  -52  -51  )
( -33  98  -5  )
( -86  -1  3  )
( 87  50  -47  )
( -25  90  -85  )
( -99  -42  -60  )
( 55  -92  -33  )
( -78  -24  -51  )
( 54  -2  91  )
( 15  -20  39  )
( -99  -84  74  )
( 26  -88  -24  )
( -72  -96  -86  )
( -72  -96  5  )
( -37  -86  -21  )
( -95  37  58  )
( -22  21  -55  )
( -84  -96  14  )
( -75  52  19  )
( -60  -87  -59  )
( 74  80  -4  )
( -79  5  -65  )
( -76  -77  60  )
( -30  81  11  )
( 3  -56  71  )
( 56  -44  -48  )
( 73  -14  33  )
( 99  -29  -4  )
( -68  7  18  )
( 30  -55  12  )
( 23  -27  38  )
( -24  -16  -72  )
( 63  34  -80  )
( -77  -81  8  )
( -61  -9  -42  )
( 66  -76  -45  )
( -3  31  -72  )
( -51  22  80  )
( -24  75  28  )
( 6  -60  28  )
( 98  16  -35  )
( -15  20  56  )
( -8  57  -34  )
( 83  -79  84  )
( -47  22  18  )
( -87  79  7  )
( -0  -32  -12  )
( 91  -87  8  )
( 11  36  -17  )
( 94  -44  49  )
( -8  41  96  )
( -36  71  11  )
( -48  97  2  )
( -86  -53  80  )
( -49  47  -63  )
( -96  -22  -77  )
( -52  -82  56  )
( 93  -55  -11  )
( 32  76  -77  )
( -17  -57  83  )
( -83  -85  -21  )
( -81  56  60  )
( 22  71  90  )
( 75  80  79  )
( 27  -33  72  )
( 57  -42  -17  )
( -61  56  97  )
( 34  51  12  )
( -57  73  3  )
( -69  -20  53  )
( -54  72  -90  )
( 23  1  -53  )
( 54  -79  -30  )
( 59  4  15  )
( -53  -75  -27  )
( 20  71  -40  )
( -45  51  41  )
( -47  -17  -2  )
( -30  88  -59  )
( -17  -3  -96  )
( 25  34  66  )
( 10  71  -72  )
( -13  -79  57  )
( 61  87  -97  )
( 34  -25  -46  )
( 17  26  -88  )
( -20  83  55  )
( -77  -37  -34  )
( -29  34  -56  )
( -40  -53  55  )
( -71  -89  -2  )
( -22  -3  87  )
( 77  -43  81  )
( -62  -65  -51  )
( 99  -5  -9  )
( -1  -80  15  )
( 82  11  -48  )
( -49  7  -47  )
( -33  25  34  )
( 13  -97  44  )
( -45  -36  -43  )
( 13  96  6  )
( -30  35  4  )
( -91  -96  -74  )
( -33  4  70  )
( -1  10  -25  )
( -98  17  52  )
( -21  -28  97  )
( 23  61  -84  )
( 11  26  12  )
( -23  99  -12  )
( 2  82  -23  )
( 61  30  14  )
( -1  -76  34  )
( -40  88  67  )
( 59  88  -9  )
( 92  32  76  )
( 88  -81  10  )
( -39  61  -29  )
( -87  -67  -22  )
( 12  -7  37  )
( -49  19  -85  )
( 22  -43  24  )
( -49  -90  -43  )
( -6  64  10  )
( -43  40  -75  )
( 43  -83  -9  )
( 49  -52  -18  )
( -13  38  -25  )
( 62  -34  -1  )
( -28  86  -92  )
( 37  26  -8  )
( 56  -22  26  )
( -31  78  -64  )
( 14  -57  -84  )
( 72  -59  67  )
( 12  43  -50  )
( -14  -26  -55  )
( 46  -72  96  )
( 7  98  -81  )
( -21  46  -39  )
( -49  16  -59  )
( -56  27  65  )
( 45  75  -16  )
( 74  2  -41  )
( -76  19  -40  )
( -0  49  -56  )
( 64  -96  21  )
( -26  -49  38  )
( 86  -18  78  )
( 78  16  44  )
( -7  38  9  )
( 28  13  -11  )
( -37  -79  48  )
( 13  4  -24  )
( -77  -8  63  )
( -23  -3  -91  )
( 17  2  11  )
( -8  -71  25  )
( 76  -37  88  )
( 11  -78  26  )
( 54  -56  -77  )
( -29  -92  93  )
( -72  2  81  )
( -73  75  19  )
( -5  35  -6  )
( 15  -58  -49  )
( 35  -77  -25  )
( -12  15  10  )
( -17  -47  92  )
( 33  35  -30  )
( 29  86  -97  )
( -42  89  31  )
( 57  -61  99  )
( 45  -87  86  )
( 34  -78  -0  )
( -27  -54  -98  )
( 77  -85  29  )
( 44  14  -1  )
( -45  6  13  )
( -65  54  23  )
( 76  21  -90  )
( 56  -46  -63  )
( 41  82  96  )
( -1  -15  46  )
( -14  57  62  )
( -95  -25  97  )
( -68  -99  52  )
( -8  85  -47  )
( 47  77  -13  )
( -77  92  -87  )
( 75  59  26  )
( -16  19  74  )
( -95  -89  -62  )
( -36  64  -84  )
( 46  -72  99  )
( 26  -43  -86  )
( 74  72  -25  )
( -18  -59  -7  )
( 14  42  56  )
( 16  -47  8  )
( -4  25  -18  )
( 97  83  -2  )
( 47  -84  62  )
( -69  79  38  )
( -27  -68  -94  )
( -31  44  25  )
( 15  70  54  )
( 44  32  61  )
( 76  -23  52  )
( 73  92  -15  )
( 26  15  -17  )
( 19  53  59  )
( 84  -8  -36  )
( -95  -33  26  )
( 95  33  -29  )
( 2  71  -15  )
( 76  32  6  )
( -4  0  -86  )
( -84  -47  -91  )
( -78  -75  19  )
( -91  52  -78  )
( 76  38  40  )
( 48  71  1  )
( 50  -64  -69  )
( 78  39  -96  )
( 32  -98  86  )
( -23  24  -77  )
( 66  83  -10  )
( 99  -2  49  )
( 79  2  -48  )
( 43  14  -66  )
( 73  96  18  )
( 95  -11  93  )
( -95  14  23  )
( 77  76  -43  )
( 27  -96  39  )
( -0  64  -94  )
( -64  -85  14  )
( -71  21  -88  )
( -65  -12  21  )
( 94  17  -4  )
( -16  -72  55  )
( -84  41  -73  )
( 60  -35  98  )
( 76  -87  -53  )
( -47  -93  77  )
( -76  34  1  )
( 12  57  -6  )
( -77  -15  -58  )
( 10  24  -23  )
( 58  -54  -42  )
( 31  38  53  )
( -53  2  98  )
( 10  -75  -57  )
( 23  33  19  )
( 34  19  -51  )
( 90  68  98  )
( 64  65  -83  )
( -6  46  7  )
( -33  -55  34  )
( -54  -48  -69  )
( 47  -17  95  )
( -69  -23  -1  )
( 69  34  78  )
( -47  -66  44  )
( -5  46  -38  )
( 86  -18  99  )
( -40  -90  60  )
( -17  -1  -6  )
( 89  42  -84  )
( 3  29  -35  )
( 79  86  -60  )
( 55  -90  -65  )
( 91  28  -10  )
( 36  -44  -70  )
( 39  -18  1  )
( -60  88  -41  )
( 73  -7  30  )
( 74  94  -16  )
( -7  33  76  )
( 78  -60  -16  )
( 64  -15  13  )
( 2  -17  -30  )
( -20  97  31  )
( -34  30  -23  )
( -11  0  -60  )
( 33  63  68  )
( 38  15  22  )
( 13  66  -35  )
( -98  -54  -80  )
( 57  -19  67  )
( 82  -31  -25  )
( -46  29  61  )
( 63  -83  -23  )
( -20  9  27  )
( -58  -47  82  )
( 47  -66  -51  )
( -71  -55  62  )
( 70  -40  72  )
( -89  77  29  )
( 28  -6  -34  )
( -47  -86  54  )
( -96  -69  -14  )
( 23  -6  5  )
( -73  67  68  )
( -29  -31  -48  )
( -64  -36  -69  )
( 55  77  38  )
( -34  80  -40  )
( -0  47  -48  )
( 87  -79  -88  )
( 82  85  95  )
( 5  49  67  )
( 11  -13  -16  )
( -47  -78  91  )
( 56  82  -91  )
( 5  57  9  )
( 16  -66  84  )
( 10  86  64  )
( -91  -5  78  )
( 24  58  84  )
( 25  -71  73  )
( 39  -73  -36  )
( 74  18  -37  )
( 42  -67  77  )
( 50  -97  0  )
( 45  -90  73  )
( 65  19  -85  )
( 25  17  38  )
( 77  87  -52  )
( 32  16  38  )
( 9  64  99  )
( -87  18  79  )
( -66  -77  71  )
( 58  -86  60  )
( 0  91  26  )
( -31  83  -85  )
( 6  66  -59  )
( 5  -31  -67  )
( 8  15  -50  )
( -5  -62  22  )
( 64  69  63  )
( -5  53  -84  )
( -54  3  89  )
( -83  21  12  )
( 63  21  -79  )
( -22  18  -15  )
( -62  -32  -35  )
( 17  68  86  )
( -12  56  -19  )
( -86  -64  66  )
( -40  -32  -33  )
( -2  -51  -52  )
( -26  -84  70  )
( -13  -8  42  )
( -4  85  -69  )
( 85  -36  -17  )
( -53  9  -10  )
( 76  65  8  )
( 13  51  -97  )
( 11  -61  29  )
( 9  33  -34  )
( -38  -45  -99  )
( 42  -35  -90  )
( 91  -54  -5  )
( 4  -1  73  )
( 46  5  54  )
( 91  12  3  )
( -73  -57  -29  )
( 68  41  45  )
( 21  -93  45  )
( -55  -35  -39  )
( 70  67  78  )
( 68  13  29  )
( -51  48  -66  )
( 77  -73  58  )
( 1  80  5  )
( -58  88  -87  )
( -23  -16  19  )
( -22  78  37  )
( 36  -74  12  )
( 95  37  -38  )
( 35  9  36  )
( 62  -97  -40  )
( -74  54  31  )
( 79  48  -43  )
( -23  -12  53  )
( 12  -16  -74  )
( -72  27  -79  )
( -11  19  18  )
( 42  -56  -69  )
( -87  -19  -31  )
( 82  -36  79  )
( 77  89  72  )
( -72  42  -58  )
( -33  20  -2  )
( -65  -13  50  )
( 18  -87  -70  )
( 43  33  37  )
( 45  55  99  )
( -73  -19  69  )
( 61  -91  67  )
( -62  -48  66  )
( 26  8  78  )
( -6  71  47  )
( -19  23  36  )
( -21  39  40  )
( 50  -99  34  )
( 75  48  -62  )
( -96  -94  33  )
( -6  -68  -20  )
( 18  78  7  )
( -58  98  -22  )
( -48  46  8  )
( -37  -88  -63  )
( 93  70  -74  )
( 8  42  -32  )
( 89  9  -94  )
( 82  54  97  )
( -19  -87  4  )
( -7  -15  51  )
