( 7  -23  17  )
( -55  52  34  )
( 70  88  9  )
( -86  -59  -57  )
( 61  63  4  )
( 51  35  83  )
( 95  96  16  )
( -13  -22  -76  )
( 76  4  53  )
( -14  63  -82  )
( 11  37  -20  )
( -13  26  85  )
( -62  48  -58  )
( -27  -43  11  )
( 66  0  -90  )
( -8  19  -34  )
( 4  22  72  )
( 80  58  53  )
( -95  26  9  )
( -56  82  -58  )
( 9  -55  -30  )
( 51  -72  76  )
( -72  14  99  )
( 36  64  61  )
( 10  60  65  )
( -51  99  98  )
( -33  -70  58  )
( 6  -3  -54  )
( -4  -79  -7  )
( -44  -64  31  )
( 86  -9  -91  )
( 52  86  43  )
( -15  86  99  )
( -63  -45  11  )
( 6  -40  -7  )
( -62  41  -80  )
( 98  -17  -25  )
( -95  -98  -5  )
( 73  26  47  )
( -67  85  -45  )
( 68  49  -42  )
( -3  -39  -31  )
( -95  65  71  )
( 72  44  29  )
( -99  -39  47  )
( -61  35  8  )
( -11  58  54  )
( -22  -54  -72  )
( 8  90  22  )
( -74  46  -24  )
( 46  -43  37  )
( -75  25  -28  )
( 86  -26  91  )
( -45  -12  24  )
( 79  -58  -7  )
( 14  -66  -81  )
( 1  35  -40  )
( 95  93  40  )
( -43  62  -8  )
( -64  -34  -25  )
( 11  -76  45  )
( -7  -0  87  )
( 43  19  -38  )
( 16  -13  -80  )
( -58  -20  -67  )
( 66  16  80  )
( -31  -84  -62  )
( -98  -70  -80  )
( 34  -62  -97  )
( 71  -28  25  )
( 33  -75  61  )
( -49  72  -44  )
( 24  -21  67  )
( -92  -88  15  )
( 44  -36  88  )
( -92  36  97  )
( 70  78  61  )
( -32  -42  53  )
( -0  96  -16  )
( -45  -70  8  )
( -10  3  5  )
( -3  74  89  )
( 37  -15  -27  )
( 33  -73  70  )
( 69  18  14  )
( 56  -25  70  )
( -15  -42  -30  )
( 12  53  69  )
( 38  -52  50  )
( -28  -65  -38  )
( -24  -11  53  )
( 7  -58  -0  )
( -24  1  -57  )
( 94  26  62  )
( 16  -65  -66  )
( 82  -77  -34  )
( 45  79  5  )
( -58  -59  4  )
( -41  72  23  )
( -72  -64  70  )
( 78  67  -23  )
( -48  -58  5  )
( 43  63  73  )
( 32  46  1  )
( 16  4  -23  )
( -56  -82  -54  )
( 53  -55  -82  )
( -87  1  48  )
( 65  72  67  )
( -16  -51  -78  )
( -20  -73  -71  )
( 0  -22  -91  )
( -81  -13  98  )
( 42  4  71  )
( -98  -47  -93  )
( -89  16  36  )
( -55  10  61  )
( -46  -96  40  )
( -62  -13  9  )
( -91  -9  80  )
( -22  -69  -40  )
( -14  0  -24  )
( -49  -71  6  )
( 23  46  -9  )
( 73  77  -94  )
( 43  30  77  )
( -68  -61  73  )
( -55  18  93  )
( -92  24  -25  )
( -17  -37  -23  )
( 52  -23  95  )
( 38  2  -62  )
( 52  -72  -69  )
( -27  -13  10  )
( -65  26  -3  )
( -89  -83  -42  )
( -83  11  -27  )
( 21  -48  64  )
( -2  46  72  )
( 39  -23  71  )
( 39  -29  -37  )
( 26  -82  59  )
( -50  92  -49  )
( 37  -92  80  )
( 14  -40  -34  )
( 5  -77  70  )
( -12  68  -48  )
( -31  56  2  )
( -17  -56  3  )
( 31  46  73  )
( -68  -72  24  )
( -45  33  -66  )
( 49  -86  -94  )
( 64  -81  20  )
( -51  -77  -38  )
( -83  31  -73  )
( -46  -31  80  )
( 88  24  39  )
( 50  -77  -53  )
( 39  60  46  )
( -54  -80  6  )
( 52  33  -55  )
( 17  -46  44  )
( -96  34  0  )
( 6  33  73  )
( 31  86  34  )
( -39  -19  21  )
( 9  -86  -59  )
( -23  22  -87  )
( -48  62  94  )
( -35  -85  -87  )
( -98  -31  -89  )
( -72  -87  7  )
( 2  -47  -49  )
( 2  15  82  )
( -71  32  -39  )
( -18  -99  -41  )
( 81  94  96  )
( 81  -35  -24  )
( 97  -19  14  )
( 29  -71  94  )
( -69  -64  73  )
( -6  -72  -88  )
( -77  -13  98  )
( 95  -3  -83  )
( 58  48  -28  )
( -0  23  42  )
( 43  -76  -51  )
( 1  8  -31  )
( 80  -33  -8  )
( 36  -12  -49  )
( -13  -26  -7  )
( 65  -62  -53  )
( -38  78  -31  )
( 65  42  78  )
( -28  -14  7  )
( -11  82  -50  )
( -0  -6  -93  )
( 28  -33  -38  )
( -95  11  55  )
( -81  91  -65  )
( 2  5  -1  )
( -49  11  -87  )
( -25  13  -12  )
( 28  92  -20  )
( -30  11  91  )
( 97  22  -74  )
( -64  17  -69  )
( 19  93  -90  )
( 84  -6  90  )
( 42  29  -58  )
( 59  40  18  )
( -81  -56  0  )
( -46  36  -77  )
( -29  95  6  )
( -65  -9  -15  )
( 6  -77  45  )
( -6  68  -56  )
( -36  -33  -11  )
( -59  95  -97  )
( 1  87  -99  )
( 9  89  -83  )
( -5  -12  -55  )
( 90  -31  58  )
( -15  -69  53  )
( -76  -91  90  )
( -69  79  6  )
( -18  -92  52  )
( 34  78  83  )
( -33  -21  78  )
( 80  24  -15  )
( -27  3  -60  )
( 95  -92  -49  )
( 25  87  30  )
( -4  -51  -61  )
( 0  -54  76  )
( -72  -80  -66  )
( -74  88  92  )
( -5  -84  6  )
( 4  -72  16  )
( -74  95  -6  )
( -31  -22  56  )
( -12  33  42  )
( -37  -80  -50  )
( -80  95  -78  )
( -54  35  34  )
( 36  -2  86  )
( 60  77  -4  )
( 70  -94  -36  )
( 46  25  51  )
( -1  94  -83  )
( 32  -7  -88  )
( -67  70  -91  )
( 53  20  -34  )
( -83  -22  46  )
( -6  60  -38  )
( -98  10  -71  )
( 6  -9  8  )
( -5  -66  -63  )
( 22  -52  87  )
( 13  26  54  )
( -65  45  -76  )
( -99  77  23  )
( -26  62  -71  )
( 27  -59  -23  )
( 23  31  -65  )
( -35  14  68  )
( 27  1  0  )
( -81  1  -8  )
( 80  -69  77  )
( -13  50  -1  )
( -6  12  9  )
( 64  -11  96  )
( -58  89  -11  )
( -74  -98  -11  )
( -21  -20  55  )
( -87  77  -18  )
( 47  -84  46  )
( -42  64  47  )
( 17  66  -8  )
( 99  -32  -93  )
( -6  -56  18  )
( -42  22  37  )
( 90  62  59  )
( 40  3  78  )
( 64  -68  -1  )
( 37  2  -54  )
( 54  -78  -29  )
( 38  -43  -88  )
( -83  -78  69  )
( 46  -21  -94  )
( 9  17  -67  )
( 63  -89  91  )
( -4  -26  52  )
( -37  89  -57  )
( 76  98  31  )
( -16  11  -91  )
( 72  -82  96  )
( -77  -40  95  )
( 82  -93  -0  )
( -68  -43  23  )
( 42  -1  97  )
( -55  5  18  )
( 47  -78  46  )
( 3  -41  54  )
( -23  47  99  )
( 14  -3  -11  )
( 56  -48  7  )
( 56  9  -31  )
( -23  -74  99  )
( 99  4  54  )
( -77  0  82  )
( 30  -23  31  )
( 27  -86  16  )
( 61  -38  97  )
( -53  94  -3  )
( 95  66  58  )
( 65  56  -59  )
( -59  -44  -83  )
( -7  92  -38  )
( 94  90  -8  )
( -37  27  41  )
( -56  -28  74  )
( -48  -64  16  )
( -36  -99  -9  )
( 12  18  -8  )
( 11  -29  -67  )
( 22  2  52  )
( 1  59  -4  )
( 74  53  96  )
( 70  65  -23  )
( 1  -83  55  )
( -9  -94  95  )
( 62  12  -45  )
( 24  86  3  )
( 39  49  67  )
( -92  1  53  )
( -24  51  87  )
( 17  12  36  )
( -23  61  -89  )
( -52  -40  75  )
( -40  15  48  )
( 9  -73  -27  )
( -81  -28  17  )
( 55  -35  1  )
( 74  5  -39  )
( -2  26  -12  )
( -10  -19  26  )
( 37  -34  -18  )
( -15  68  0  )
( 67  -45  -58  )
( -85  66  54  )
( 36  94  -37  )
( 4  82  -73  )
( 70  -24  42  )
( -24  -11  49  )
( 82  -61  78  )
( 15  81  85  )
( -22  -48  -65  )
( 94  86  -13  )
( 39  -91  -0  )
( -11  -12  -95  )
( -26  -66  11  )
( 58  97  1  )
( 86  -45  46  )
( -61  45  76  )
( 41  84  20  )
( 62  -41  46  )
( -5  -79  34  )
( -67  -57  4  )
( -43  62  -51  )
( 72  39  -28  )
( -83  -10  78  )
( 81  -64  -2  )
( -55  -57  32  )
( 31  35  14  )
( 48  62  -69  )
( 1  64  75  )
( -84  -17  51  )
( -72  -60  67  )
( -82  84  92  )
( -12  -56  -66  )
( -44  -24  39  )
( 5  62  -0  )
( -90  -60  -91  )
( -44  36  51  )
( -46  -8  50  )
( 59  -63  50  )
( -78  70  90  )
( -15  -18  -41  )
( -37  30  38  )
( -86  -75  56  )
( -19  4  -50  )
( -18  65  -82  )
( -5  -2  6  )
( 97  -65  -80  )
( 60  -63  -94  )
( 99  -64  -89  )
( -65  97  -81  )
( -35  -49  -17  )
( -65  72  -3  )
( -72  -66  47  )
( -34  57  -70  )
( -88  -1  -32  )
( 32  -99  -29  )
( -75  -12  -23  )
( 43  -40  -74  )
( -33  -66  8  )
( -74  92  98  )
( -93  65  89  )
( 63  -4  18  )
( 50  44  71  )
( 97  -94  -13  )
( -95  -2  6  )
( -30  -33  -26  )
( 81  -70  48  )
( 5  26  80  )
( -97  74  11  )
( 44  -7  -22  )
( -30  82  95  )
( 99  25  -17  )
( 56  32  21  )
( 79  58  64  )
( 24  -47  -59  )
( 39  -49  -55  )
( -64  -17  -76  )
( 75  -7  9  )
