( -131  -235  66  )
( -151  -310  -296  )
( -260  -268  -310  )
( -108  40  -322  )
( -83  -46  -326  )
( -24  -57  242  )
( 83  -135  120  )
( 332  -259  -75  )
( 90  -285  0  )
( 265  125  -107  )
( 161  301  263  )
( -216  -159  -271  )
( -291  -31  -72  )
( -341  242  -201  )
( -90  74  255  )
( 197  267  -140  )
( -314  -349  -100  )
( -44  -40  24  )
( 19  -339  240  )
( -222  9  -272  )
( 111  -275  -2  )
( 331  75  114  )
( -80  69  -292  )
( -178  338  -347  )
( 3  -91  32  )
( -93  -58  -134  )
( 256  244  -284  )
( 286  327  -32  )
( 249  -107  56  )
( 145  -269  -214  )
( 259  301  9  )
( 121  85  -23  )
( -131  178  -334  )
( 323  -258  140  )
( 33  122  237  )
( -147  -60  -15  )
( -210  270  94  )
( 248  49  -345  )
( -112  -92  -124  )
( 36  13  213  )
( 280  -135  -325  )
( 22  -80  263  )
( -322  -40  105  )
( -316  55  33  )
( 288  -180  -48  )
( -36  -322  -136  )
( -258  68  166  )
( 255  -105  182  )
( -91  -72  -349  )
( -39  -160  -13  )
( -130  -216  -225  )
( 23  19  -142  )
( -65  169  -52  )
( -238  86  -148  )
( -33  208  71  )
( 320  -98  -188  )
( -295  -267  65  )
( 59  297  -62  )
( 265  -78  10  )
( -72  115  -149  )
( 48  168  -36  )
( -286  259  91  )
( -81  64  219  )
( 98  166  -41  )
( -251  30  196  )
( -123  -103  107  )
( -227  21  278  )
( -46  -344  215  )
( -102  -149  204  )
( 272  -223  -315  )
( 214  333  220  )
( -188  286  -47  )
( -175  0  -297  )
( 239  177  22  )
( 111  150  -19  )
( 13  228  -132  )
( -149  196  -281  )
( 186  -228  26  )
( 219  -227  107  )
( -24  -15  -124  )
( 212  186  -231  )
( 226  -253  -142  )
( 56  261  -198  )
( 101  -317  -125  )
( 87  45  278  )
( -199  -48  201  )
( -222  -224  99  )
( -319  -329  -142  )
( 318  245  48  )
( 234  238  168  )
( -347  -206  98  )
( -245  46  -5  )
( -196  -15  -319  )
( 169  -272  137  )
( 43  -253  -63  )
( -292  -114  308  )
( 277  217  80  )
( -80  -240  216  )
( -50  -77  -22  )
( 35  210  -268  )
( 232  41  -292  )
( -82  5  -17  )
( 326  201  335  )
( -3  132  -11  )
( -164  -148  59  )
( -163  -300  316  )
( 45  -218  42  )
( -124  -311  14  )
( 348  170  337  )
( 184  226  -315  )
( 206  55  -37  )
( -9  149  -93  )
( -57  345  -127  )
( -316  -98  -87  )
( 108  59  133  )
( 279  -38  189  )
( 39  314  -238  )
( -201  -163  212  )
( -291  -59  170  )
( 336  70  -122  )
( -176  -102  -38  )
( 326  150  -256  )
( -63  230  27  )
( -216  103  -217  )
( 34  213  -138  )
( -81  -275  83  )
( -226  -71  -238  )
( 69  229  114  )
( 197  273  134  )
( 68  44  -136  )
( 139  121  -59  )
( 29  -66  -219  )
( -321  -82  226  )
( 132  115  -191  )
( -150  305  117  )
( -120  70  -284  )
( -58  180  193  )
( -338  142  254  )
( 177  208  -41  )
( 8  -49  -173  )
( 222  -182  -326  )
( 260  -332  9  )
( -195  45  -49  )
( -261  -198  -243  )
( 267  317  -13  )
( 217  119  331  )
( 121  -182  -86  )
( 43  111  94  )
( 149  -229  -345  )
( -103  -97  -90  )
( -190  -107  -323  )
( -207  200  -218  )
( -137  -274  -53  )
( 273  -323  -21  )
( -191  36  -238  )
( -170  144  71  )
( 18  261  245  )
( -120  -208  -61  )
( 220  3  -157  )
( 165  259  195  )
( -348  -154  -347  )
( 177  102  158  )
( -209  -272  3  )
( -328  100  323  )
( 72  298  -251  )
( -297  164  -348  )
( -153  -208  -309  )
( -25  -213  -170  )
( -246  36  85  )
( 220  224  -346  )
( 136  81  52  )
( 125  -247  -244  )
( -33  -159  -277  )
( 225  276  -149  )
( -0  -270  195  )
( 295  316  -42  )
( -178  -129  -41  )
( 88  192  -2  )
( 251  -62  263  )
( -65  -340  -40  )
( -235  345  111  )
( -105  330  -283  )
( -345  57  -181  )
( 272  274  -185  )
( 252  -125  148  )
( 268  330  -137  )
( -311  -17  268  )
( 290  -113  -182  )
( -254  -348  -277  )
( -240  -50  -212  )
( -322  231  7  )
( 35  2  202  )
( -78  265  -253  )
( -192  -280  85  )
( 160  -197  31  )
( -269  283  261  )
( 329  219  -137  )
( 64  331  160  )
( 29  1  331  )
( 161  -287  -103  )
( 175  301  -139  )
( -275  -11  272  )
( 207  348  271  )
( 325  237  -191  )
( -260  -87  -70  )
( -191  162  288  )
( 107  56  212  )
( 82  192  53  )
( -160  -35  163  )
( 15  324  66  )
( -345  -168  216  )
( 29  -61  149  )
( 93  -131  268  )
( 233  -321  -299  )
( 268  -193  340  )
( 343  215  -128  )
( 312  -159  323  )
( 294  291  -191  )
( 230  180  30  )
( 286  -266  295  )
( -59  -46  -306  )
( -255  -279  -300  )
( -239  -314  -260  )
( -89  -73  271  )
( -206  -97  285  )
( -23  288  88  )
( 271  -322  203  )
( 349  160  226  )
( -206  68  -203  )
( -104  267  -265  )
( 35  -13  288  )
( 160  96  248  )
( -139  163  89  )
( 319  348  -14  )
( -148  101  -76  )
( 166  250  70  )
( -251  -119  17  )
( 88  -124  161  )
( 107  -17  -50  )
( 140  -347  145  )
( 146  222  -133  )
( 318  -194  224  )
( -191  -208  329  )
( -325  -100  265  )
( 126  -235  47  )
( 6  74  -21  )
( -99  208  -104  )
( -9  -118  -105  )
( -79  227  -97  )
( 69  -157  -109  )
( 160  74  -163  )
( -227  210  -307  )
( -15  -132  -174  )
( -305  5  -71  )
( -342  -230  78  )
( 78  49  321  )
( -283  9  70  )
( 0  53  3  )
( -109  -146  172  )
( 121  -123  -338  )
( -315  136  65  )
( -304  18  240  )
( -55  -160  -48  )
( 240  -23  98  )
( 154  -270  141  )
( -172  134  21  )
( 49  321  -92  )
( 296  -135  -76  )
( 332  -93  -323  )
( 267  138  175  )
( -128  -242  -132  )
( 24  -218  56  )
( 205  -287  -226  )
( 333  -162  21  )
( -211  12  -1  )
( 261  115  157  )
( 56  -137  -84  )
( -38  -112  11  )
( -176  -282  -113  )
( 92  -186  -148  )
( 34  345  -113  )
( -130  -138  292  )
( 121  100  260  )
( -259  -317  -336  )
( 198  206  118  )
( -105  81  -309  )
( -312  -202  171  )
( -301  286  262  )
( -71  -96  -198  )
( -200  32  276  )
( 12  -28  308  )
( 118  103  18  )
( 315  188  49  )
( 234  85  93  )
( -77  -293  -251  )
( -209  271  71  )
( 11  -265  338  )
( 324  229  -246  )
( -286  192  304  )
( 236  -137  -240  )
( -82  0  131  )
( 118  280  311  )
( 334  39  27  )
( -347  -91  -82  )
( 77  -24  -258  )
( -153  -79  121  )
( 153  69  -208  )
( -129  -254  159  )
( 323  -178  151  )
( 130  -268  26  )
( -254  313  238  )
( 61  96  122  )
( -168  140  -112  )
( 68  127  81  )
( 297  209  -272  )
( 28  -330  323  )
( 190  -256  -318  )
( -144  -203  153  )
( 149  -343  54  )
( 289  267  -51  )
( 316  -343  232  )
( 251  -6  245  )
( 265  29  -336  )
( -156  286  -159  )
( -194  -32  290  )
( -45  -36  -16  )
( -76  -289  95  )
( 68  117  150  )
( 246  158  -43  )
( 97  -274  110  )
( -276  103  -299  )
( 126  -246  315  )
( 299  -302  -239  )
( 205  283  -134  )
( 28  -319  -0  )
( 121  -46  65  )
( 289  111  -15  )
( 83  -84  162  )
( -229  -146  89  )
( -179  -100  291  )
( -9  -349  -307  )
( -217  -277  -26  )
( -11  47  87  )
( -294  292  -209  )
( -20  118  260  )
( -22  -272  -131  )
( -43  118  -180  )
( -29  135  211  )
( -272  -123  32  )
( -35  89  4  )
( -276  -271  174  )
( -40  -127  331  )
( 159  4  158  )
( 345  284  110  )
( -68  19  290  )
( -32  189  261  )
( -91  195  -131  )
( -166  295  198  )
( -196  -332  57  )
( -199  -151  -193  )
( 346  277  -260  )
( -272  -183  6  )
( -55  198  -33  )
( -124  77  61  )
( -281  78  -237  )
( -308  57  55  )
( 189  302  169  )
( 68  -114  -159  )
( -64  183  81  )
( -65  -246  -298  )
( -214  -87  -161  )
( -81  -250  -21  )
( 142  148  40  )
( 124  -315  24  )
( 241  97  -98  )
( -124  -141  -314  )
( 290  -237  119  )
( -80  90  -184  )
( -44  -251  326  )
( 249  331  64  )
( 343  263  292  )
( -53  280  172  )
( 313  -321  -184  )
( -127  74  210  )
( -252  -187  174  )
( -5  325  -89  )
( -34  -211  -105  )
( -237  -96  -218  )
( -101  -16  54  )
( 214  -173  207  )
( -184  205  292  )
( 271  -336  -303  )
( -109  113  -155  )
( 244  -343  160  )
( 272  170  276  )
( 18  318  -36  )
( 3  79  -130  )
( -86  -46  49  )
( 309  236  -69  )
( 181  -294  -328  )
( -207  -244  78  )
( -265  249  97  )
( -204  -40  -223  )
( -316  288  88  )
( -212  -336  155  )
( -158  70  56  )
( 302  128  226  )
( 74  -245  221  )
( 315  -220  121  )
( -228  281  226  )
( -22  -95  209  )
( 1  166  -252  )
( 171  -44  1  )
( 212  60  168  )
( 254  158  280  )
( -62  -63  -83  )
( -344  178  -209  )
( -6  215  -343  )
( 344  -336  -330  )
( 240  14  13  )
( 335  -19  132  )
( -101  189  -281  )
( 248  0  193  )
( 16  -316  -232  )
( 284  -297  -273  )
( -275  -87  272  )
( 192  110  317  )
( -26  105  -194  )
( -90  192  -226  )
( 189  -216  62  )
( 28  68  320  )
( -177  -200  238  )
( -100  81  209  )
( 226  154  -183  )
( -124  60  317  )
( 104  42  -349  )
( 315  152  328  )
( 207  -348  346  )
( -8  165  -290  )
( -286  296  34  )
( 286  -157  -14  )
( 86  -74  228  )
( 307  -299  311  )
( 43  159  -48  )
( -1  -151  -22  )
( -217  101  245  )
( -43  -195  -336  )
( -180  -29  -16  )
( -348  301  138  )
( -173  281  -160  )
( -241  274  180  )
( -185  -111  -284  )
( -230  347  -236  )
( 35  92  -42  )
( 84  -243  162  )
( -82  -180  -196  )
( -201  324  -16  )
( 5  89  153  )
( -38  54  25  )
( -324  -58  286  )
( -88  -11  74  )
( -32  205  54  )
( 41  155  -66  )
( 347  -256  -223  )
( -254  131  -127  )
( 58  -174  16  )
( -233  24  211  )
( 58  140  302  )
( 107  62  92  )
( -95  -92  -42  )
( 113  -48  84  )
( 211  39  137  )
( -65  -239  -168  )
( 179  204  -91  )
( 16  17  -100  )
( -84  -86  -82  )
( 220  69  104  )
( 285  41  -345  )
( 332  23  -94  )
( -263  98  238  )
( 257  -283  113  )
( 205  -266  -203  )
( 272  51  85  )
( -275  -34  211  )
( 84  -137  315  )
( 104  -260  167  )
( -212  -230  -14  )
( -184  -337  267  )
( -339  -212  -129  )
( -168  -81  212  )
( 23  -260  -154  )
( 304  -92  65  )
( 44  -14  -171  )
( 58  -82  -295  )
( -119  -224  335  )
( -29  -303  60  )
( 0  -213  324  )
( 156  71  308  )
( 40  -333  189  )
( 202  17  124  )
( 41  -14  -279  )
( -82  347  269  )
( -270  -285  341  )
( -13  -175  35  )
( 38  160  111  )
( 308  -46  -193  )
( -77  248  324  )
( -161  -263  -105  )
( 164  290  -106  )
( -134  169  132  )
( 315  4  32  )
( -244  -26  49  )
( -52  223  -302  )
( 113  -112  -66  )
( 135  91  -128  )
( 74  120  263  )
( -185  -64  157  )
( -200  -56  140  )
( 138  3  144  )
( -285  -4  180  )
( -293  214  -176  )
( -208  -285  -52  )
( 343  -11  333  )
( -275  -349  -324  )
( 172  147  -224  )
( -110  -321  104  )
( 273  -328  225  )
( 110  -93  201  )
( -321  -160  225  )
( 94  289  90  )
( 84  285  130  )
( -118  -276  -141  )
( 229  -318  65  )
( 33  -281  49  )
( -175  -77  -21  )
( 149  7  190  )
( 317  -150  -314  )
( 264  108  -156  )
( 113  -28  156  )
( -241  -337  126  )
( 130  -308  -10  )
( 197  -264  -14  )
( -295  200  -46  )
( 49  278  323  )
( -18  104  -132  )
( -220  -184  187  )
( 57  -68  118  )
( -240  23  265  )
( -335  261  -268  )
( -105  -52  -198  )
( 98  322  139  )
( -19  -338  40  )
( 227  -105  -321  )
( 79  80  -290  )
( -169  304  170  )
( -338  306  4  )
( -129  120  -289  )
( 37  -263  -143  )
( 139  -124  68  )
( 31  -35  -336  )
( 86  222  85  )
( 245  -136  -164  )
( -31  88  -22  )
( 310  183  -160  )
( -246  -313  -291  )
( -275  -349  -143  )
( 312  -269  149  )
( -274  8  -15  )
( 121  312  -266  )
( -122  129  -124  )
( -221  168  230  )
( -18  122  25  )
( 166  83  -259  )
( -240  286  -84  )
( -33  221  -2  )
( 129  275  265  )
( -216  264  -225  )
( 161  -27  -326  )
( 269  61  105  )
( 320  337  -190  )
( 13  -229  -153  )
( 40  339  134  )
( 32  -90  234  )
( -186  293  109  )
( -308  -291  -269  )
( 208  -116  30  )
( -282  -69  112  )
( 77  -207  -151  )
( 119  267  -318  )
( 303  238  88  )
( -239  107  322  )
( 270  -195  79  )
( -172  -220  -229  )
( 30  51  -292  )
( 49  -119  2  )
( 168  -319  -240  )
( 10  -292  146  )
( 209  84  295  )
( -80  165  -279  )
( -278  -92  -111  )
( 337  -95  236  )
( 240  74  -347  )
( -104  -150  -297  )
( 271  45  -127  )
( -95  257  97  )
( 214  -111  -63  )
( 268  261  -141  )
( 20  -68  28  )
( 100  -187  211  )
( 280  231  -258  )
( -14  122  -70  )
( -18  158  -59  )
( -47  144  346  )
( 36  -220  -92  )
( 26  341  290  )
( -166  246  89  )
( -133  -308  297  )
( -313  -14  37  )
( 172  215  303  )
( -107  7  -49  )
( 176  -120  -166  )
( 237  6  301  )
( 33  -6  -97  )
( -343  201  -51  )
( -306  -295  263  )
( -329  26  221  )
( -305  256  -143  )
( 232  104  -15  )
( -195  -191  -113  )
( -94  -326  -201  )
( 124  346  -172  )
( -139  -278  -74  )
( 198  65  -70  )
( -311  234  -67  )
( 172  52  -231  )
( -112  21  266  )
( -114  120  301  )
( 109  -162  158  )
( 30  -15  43  )
( -343  -296  101  )
( 320  -129  -210  )
( 136  -246  -139  )
( -187  -216  75  )
( -229  329  346  )
( -311  -26  -246  )
( -168  -129  89  )
( -263  14  -268  )
( -216  76  -10  )
( -157  -179  148  )
( 333  -264  131  )
( 12  -232  -0  )
( 172  -0  256  )
( 282  57  -255  )
( -20  -247  -130  )
( -122  70  120  )
( 32  77  -155  )
( -344  -212  185  )
( -269  0  -348  )
( 339  -208  36  )
( -146  -18  9  )
( -222  -238  -266  )
( -131  275  250  )
( -210  -32  14  )
( 312  -210  -230  )
( -121  8  -42  )
( 268  -301  233  )
( -102  236  309  )
( -140  -25  88  )
( 299  -60  -194  )
( -81  279  324  )
( -299  285  92  )
( 131  -40  -11  )
( 340  100  96  )
( -239  -176  53  )
( 21  167  -239  )
( 134  261  -3  )
( 58  270  26  )
( -136  89  -25  )
( 232  -347  -67  )
( 133  52  128  )
( 214  -136  154  )
( -30  194  -245  )
( -58  143  224  )
( -61  -96  -106  )
( -294  -280  -34  )
( 268  84  341  )
( 328  342  207  )
( 190  -325  -177  )
( -155  175  -322  )
( 332  -333  168  )
( 23  -159  160  )
( 290  194  -159  )
( 319  1  248  )
( -204  46  332  )
( 181  -296  267  )
( 68  -343  278  )
( 128  -344  -222  )
( 18  345  297  )
( 108  -242  112  )
( -280  -304  198  )
( 325  269  -143  )
( -70  -301  -82  )
( 221  226  314  )
( -216  279  191  )
( -284  50  -235  )
( -195  -68  -234  )
( -6  286  153  )
( 197  172  -272  )
( -133  -1  -190  )
( -189  -330  315  )
( -130  -219  -54  )
( -253  284  -49  )
( 299  -300  291  )
( 84  -234  -218  )
( 207  29  -288  )
( -275  64  329  )
( -113  -177  -229  )
( -149  -243  -346  )
( 334  93  -336  )
( -228  5  25  )
( 253  178  110  )
( -151  -82  226  )
( 304  -69  -188  )
( -155  44  70  )
( -304  204  -266  )
( -91  -329  26  )
( 263  123  49  )
( -51  38  -31  )
( 112  -156  172  )
( 186  -74  -265  )
( 156  -230  -157  )
( -330  -142  -203  )
( 39  -251  164  )
( -108  -139  -50  )
( 135  149  27  )
( -317  208  -306  )
( -323  327  -166  )
( 118  339  13  )
( -74  -42  123  )
( 202  282  131  )
( -213  -337  -172  )
( -133  195  -29  )
( -185  323  -8  )
( 171  151  -107  )
( -334  -339  -188  )
( -1  -97  235  )
( -173  118  278  )
( -212  246  -72  )
( 165  254  -311  )
( -252  333  49  )
( 197  -216  260  )
( -64  -112  -297  )
( 328  -26  -50  )
( -3  -240  -256  )
( 64  169  -342  )
( 319  31  182  )
( 149  -293  -160  )
( -95  -348  -36  )
( 171  108  -265  )
( -221  42  180  )
( -149  184  158  )
( 0  -25  -149  )
( -144  295  -103  )
( 169  -309  -333  )
( -24  309  341  )
( 174  266  -211  )
( -35  -226  44  )
( -192  11  245  )
( 35  36  -294  )
( 162  -106  -299  )
( -146  122  -22  )
( -216  -21  74  )
( -15  -101  -271  )
( -226  17  97  )
( -228  87  300  )
( 78  160  60  )
( 269  -271  -251  )
( -344  -19  -147  )
( 318  85  -34  )
( -190  142  304  )
( 273  -297  -105  )
( -213  286  -335  )
( 93  -48  102  )
( 63  298  -160  )
( 249  301  141  )
( -192  -130  -69  )
( 38  205  -114  )
( -119  44  -329  )
( 173  -219  296  )
( -218  -189  12  )
( -106  323  338  )
( 35  -8  185  )
( 212  -22  16  )
( 308  -204  -241  )
( -125  -177  290  )
( 73  303  -5  )
( -290  27  -84  )
( -7  -220  254  )
( 249  111  -297  )
( -19  -74  263  )
( -242  -306  72  )
( 298  118  -310  )
( 198  -102  -206  )
( 220  305  -283  )
( -12  -235  264  )
( -59  65  -143  )
( 11  -201  341  )
( 44  -322  -217  )
( 320  28  -257  )
( -104  156  305  )
( -194  -91  307  )
( -283  -116  -63  )
( 52  149  -148  )
( -229  92  115  )
( 237  177  200  )
( 338  -294  247  )
( -67  156  -309  )
( -89  74  304  )
( -29  72  -2  )
( 282  104  330  )
( 75  -87  -308  )
( -130  248  -140  )
( -85  163  -78  )
( -289  -188  -273  )
( 22  -147  -250  )
( 251  245  101  )
( -334  -40  31  )
( 309  237  106  )
( 330  -249  217  )
( 242  -317  147  )
( 166  294  205  )
( 100  51  22  )
( 207  23  -188  )
( -199  -178  329  )
( -324  141  73  )
( 6  10  309  )
( 261  23  46  )
( 57  334  208  )
( 335  207  -108  )
( 186  -252  -39  )
( -245  211  61  )
( -245  -276  340  )
( -17  34  265  )
( 158  -162  -29  )
( 43  77  5  )
( 125  167  220  )
( -327  -135  94  )
( 13  -56  -308  )
( -142  80  339  )
( -306  296  242  )
( -237  -47  -209  )
( 100  144  -223  )
( -320  293  94  )
( 308  -302  63  )
( 83  19  306  )
( 135  307  -223  )
( 308  59  -348  )
( -267  101  -217  )
( -146  -234  -103  )
( 164  -116  219  )
( -288  -157  -215  )
( -238  133  -131  )
( 46  44  -2  )
( -156  -326  306  )
( 130  338  -188  )
( -177  -60  -151  )
( -237  -170  5  )
( 245  139  -137  )
( -8  -92  -183  )
( 85  -161  -111  )
( -133  -59  -209  )
( -108  86  -220  )
( -246  193  -9  )
( -47  108  174  )
( -295  122  -211  )
( 100  -342  -123  )
( -197  155  -297  )
( -75  -91  -147  )
( -266  21  -241  )
( -30  -284  -296  )
( 77  -196  263  )
( 183  260  186  )
( -14  150  82  )
( -111  -213  87  )
( -256  160  166  )
( -243  249  43  )
( -234  22  40  )
( -290  234  149  )
( -211  -261  337  )
( -123  -343  110  )
( -80  186  308  )
( 285  256  -122  )
( 143  221  146  )
( 203  -232  -140  )
( -191  188  -337  )
( 318  -133  -77  )
( 236  -345  -340  )
( -314  -146  -37  )
( -70  -208  325  )
( -203  106  -300  )
( -314  -37  132  )
( 54  112  155  )
( 51  -312  -242  )
( -163  207  64  )
( -168  78  250  )
( -24  -38  -111  )
( -149  247  -156  )
( -104  -0  -254  )
( 320  -104  86  )
( 105  64  -155  )
( 215  -190  -92  )
( -188  341  -211  )
( 251  6  319  )
( -81  -340  -220  )
( 15  -48  -157  )
( -26  211  200  )
( 260  -24  312  )
( -295  324  -203  )
( 191  4  102  )
( -91  -9  55  )
( -177  33  114  )
( -241  -267  -77  )
( 86  -104  149  )
( -265  -205  83  )
( -12  -47  -325  )
( -43  67  232  )
( 113  260  -243  )
( 125  259  -187  )
( 137  -191  -309  )
( -266  117  114  )
( 55  115  -221  )
( -250  -22  229  )
( 298  -313  98  )
( 95  258  -265  )
( 43  -110  198  )
( -109  73  -105  )
( -282  -47  98  )
( 283  253  209  )
( 241  -319  323  )
( -126  -79  -309  )
( -122  -214  178  )
( 334  -196  304  )
( -205  -182  238  )
( -22  -254  5  )
( 184  346  148  )
( -21  6  323  )
( 90  6  -191  )
( -334  -289  -114  )
( 45  -139  -165  )
( -123  290  58  )
( 317  333  69  )
( 307  -60  35  )
( 325  168  143  )
( -200  -150  68  )
( -304  -165  -122  )
( 124  15  259  )
( -128  32  319  )
( -112  274  157  )
( 234  -272  178  )
( 90  -201  -219  )
( -180  192  213  )
( 26  293  326  )
( -126  -62  232  )
( 0  -347  55  )
( -17  156  -69  )
( -313  178  -54  )
( -237  -345  -148  )
( 83  274  -99  )
( 97  200  184  )
( -237  -158  -271  )
( -198  160  255  )
( 177  255  254  )
( 3  270  -252  )
( -31  80  308  )
( -113  -245  -59  )
( -296  6  -189  )
( 346  -124  -335  )
( 175  64  -263  )
( 23  91  314  )
( 211  108  -97  )
( -306  -269  -323  )
( -151  -43  -12  )
( -88  -49  -169  )
( -104  116  -206  )
( 302  323  -229  )
( 11  155  40  )
( -160  -235  -117  )
( 96  264  -222  )
( -86  251  -157  )
( 315  -207  38  )
( -67  -257  278  )
( -123  38  309  )
( -204  281  -301  )
( 342  108  145  )
( 199  -178  -324  )
( 314  -337  -338  )
( -165  -98  -242  )
( -331  -51  -342  )
( 180  -168  226  )
( 28  -276  20  )
( -102  231  -33  )
( 259  81  -292  )
( -339  205  -73  )
( 208  -207  179  )
( 101  -2  114  )
( -92  -29  151  )
( -131  17  206  )
( 73  -92  -276  )
( -252  -278  241  )
( 214  259  -236  )
( -190  323  -53  )
( -294  21  -121  )
( 152  -127  324  )
( -104  101  234  )
( 2  244  -19  )
( -171  192  -201  )
( 96  106  -5  )
( 81  122  -183  )
( 263  303  -223  )
( 226  -279  63  )
( 325  209  291  )
( 151  -137  234  )
( 171  160  -122  )
( -349  200  -150  )
( -30  -65  -210  )
( -189  -150  -178  )
( 239  315  -23  )
( 50  306  -165  )
( -282  -6  177  )
( 344  199  0  )
( -23  -216  201  )
( 84  92  -165  )
( -147  -212  340  )
( 234  44  -241  )
( -160  -302  273  )
( -117  -219  64  )
( 62  -284  -283  )
( 18  -227  191  )
( -326  -197  -316  )
( 85  296  -1  )
( 185  184  25  )
( -36  -133  -178  )
( -201  122  288  )
( -266  22  -252  )
( -35  -9  339  )
( 136  319  -318  )
( -195  -172  -274  )
( -290  27  214  )
( -269  -320  -82  )
( 52  -6  155  )
( 58  -94  -244  )
( -90  263  -92  )
( -12  -276  -300  )
( 89  68  -310  )
( -164  336  21  )
( -30  85  -141  )
( -41  198  219  )
( -117  169  163  )
( 349  95  -268  )
( -320  293  -135  )
( 131  -203  -338  )
( 153  1  -210  )
( -304  238  51  )
( 187  306  -89  )
( -321  -278  -157  )
( 199  -335  50  )
( -48  195  252  )
( 261  -228  -184  )
( 240  -21  36  )
( 50  86  -156  )
( 284  -226  5  )
( -151  327  307  )
( -224  -61  222  )
( -216  -280  256  )
( 345  6  -130  )
( -65  163  222  )
( -286  141  -94  )
( 237  -182  -247  )
( 334  -245  -284  )
( 214  327  305  )
( -142  302  146  )
( 148  293  144  )
( -130  -109  -198  )
( -278  164  -309  )
( 225  293  -103  )
( 333  -109  -41  )
( 31  -294  -327  )
( 319  -151  296  )
( -258  24  -127  )
( -199  13  -103  )
( -211  27  -196  )
( 317  248  -337  )
( -289  220  109  )
( 55  293  -111  )
( 126  -330  -263  )
( -167  -64  205  )
( 326  -198  -299  )
( 319  31  -246  )
( -313  18  143  )
( 189  -30  -337  )
( -30  -246  -220  )
( -234  161  -173  )
( 230  75  -290  )
( 326  256  314  )
( -166  -36  -145  )
( 113  -291  220  )
( 207  214  81  )
( 83  219  -118  )
( -316  335  178  )
( 12  -156  -134  )
( 313  -125  -162  )
( -216  271  -160  )
( 37  144  285  )
( 93  229  28  )
( 31  278  -349  )
( -227  -278  -14  )
( -283  -242  -118  )
( 108  289  82  )
( 293  -262  14  )
( -160  42  -171  )
( -170  70  127  )
( -338  29  286  )
( 266  -105  158  )
( -232  -275  108  )
( 95  251  -255  )
( -307  -118  -266  )
( 144  331  -240  )
( -295  -69  204  )
( 275  -231  -42  )
( 336  -2  -106  )
( -282  91  -93  )
( -202  281  -8  )
( -221  206  -126  )
( -310  47  95  )
( 296  57  -15  )
( 112  -141  -5  )
( 219  47  -267  )
( 108  93  -65  )
( -232  41  266  )
( 325  62  43  )
( 190  101  -179  )
( -180  -146  109  )
( -223  -27  326  )
( -273  -86  230  )
( 339  -318  144  )
( -91  10  59  )
( 296  -180  14  )
( -155  7  230  )
( -255  73  223  )
( 49  -227  155  )
( 214  -141  57  )
( 239  -54  -86  )
( -297  -121  199  )
( 254  237  102  )
( -119  283  -136  )
( -216  -184  -299  )
( -327  69  -242  )
( -210  -126  -52  )
( -72  228  70  )
( -297  51  -262  )
( -34  -59  -297  )
( -219  -296  -187  )
( -223  -30  -91  )
( -228  298  311  )
( 342  -25  106  )
( -324  -258  -235  )
( -341  -8  -52  )
( 95  -104  153  )
( -340  -203  315  )
( 198  -69  -151  )
( -171  197  3  )
( -326  321  -250  )
( -185  -175  -57  )
( 46  257  -44  )
( 87  -129  -108  )
( -298  271  -292  )
( 10  121  323  )
( 345  150  327  )
( 258  274  245  )
( 154  340  164  )
( -41  136  -202  )
( -67  -310  -130  )
( -13  32  -117  )
( -26  61  196  )
( 148  -278  253  )
( -93  248  -302  )
( 148  151  -166  )
( -195  -311  -277  )
( 246  53  162  )
( -302  -206  281  )
( 337  -264  -316  )
( 69  -22  -117  )
( -121  -286  -328  )
( 268  -56  169  )
( 325  -252  -104  )
( 49  -293  -151  )
( 15  -43  -165  )
( 208  290  -165  )
( 346  -33  214  )
( 192  11  -304  )
( -340  -228  -135  )
( 299  -79  202  )
( -125  -270  -160  )
( -143  8  -211  )
( -320  33  -9  )
( -198  -73  170  )
( 75  -94  -148  )
( -224  317  316  )
( -19  -16  54  )
( 68  -277  -337  )
( 179  -330  -103  )
( -162  -243  40  )
( 8  78  -11  )
( -316  139  -251  )
( -91  -226  310  )
( -8  -252  -166  )
( -283  -203  82  )
( 44  216  143  )
( 50  -251  -311  )
( 189  291  -14  )
( 128  248  -158  )
( 62  323  31  )
( -246  -221  -212  )
( -234  -298  -283  )
( -5  -47  181  )
( 122  203  -282  )
( -89  142  162  )
( 316  -94  281  )
( 88  328  -36  )
( 10  287  19  )
( -55  -341  32  )
( -319  -14  192  )
( -343  -268  -94  )
( 205  191  24  )
( 255  -137  289  )
( -120  339  -62  )
( -230  243  13  )
( -300  -191  -330  )
( -232  277  32  )
( 299  239  48  )
( -298  -323  -17  )
( 137  264  -36  )
( 33  293  222  )
( 236  -306  -8  )
( -313  -321  150  )
( -255  175  298  )
( -129  315  15  )
( 243  -114  332  )
( 71  249  -243  )
( 70  249  143  )
( 200  210  -37  )
( -314  84  -21  )
( -77  -324  -327  )
( -326  -244  -236  )
( 13  322  338  )
( 287  -150  -276  )
( -8  -91  275  )
( -102  -7  -23  )
( 124  -217  166  )
( -297  213  267  )
( 178  279  288  )
( -207  -261  -189  )
( -102  301  191  )
( -7  -187  65  )
( -101  -310  -208  )
( -221  -30  319  )
( 222  59  210  )
( -286  6  117  )
( 221  -290  323  )
( 38  327  314  )
( 280  -197  -309  )
( -191  -243  -332  )
( -318  -232  -270  )
( 176  211  167  )
( -92  212  345  )
( 74  -186  -132  )
( 202  232  108  )
( -185  157  -178  )
( -88  210  306  )
( 252  237  89  )
( -52  67  -227  )
( -223  -165  173  )
( 342  -116  159  )
( -220  68  204  )
( 303  210  -267  )
( -23  82  -231  )
( -206  -29  -17  )
( -343  -337  94  )
( -247  -48  -262  )
( -122  -132  -286  )
( 11  -349  284  )
( 81  -40  308  )
( -218  -340  -292  )
( -300  252  -312  )
( -283  228  179  )
( 170  286  -141  )
( 21  -101  282  )
( -193  -85  158  )
( -49  -6  330  )
( 174  170  146  )
( 284  282  0  )
( 245  -334  -291  )
( -95  -14  51  )
( 49  67  204  )
( -249  -112  -193  )
( -61  -3  -226  )
( -300  251  227  )
( 193  346  246  )
( -203  -192  133  )
( 224  -94  -186  )
( -199  -275  278  )
( 306  37  178  )
( -311  -182  46  )
( -85  92  65  )
( 166  -208  -18  )
( -15  336  287  )
( 135  36  103  )
( -173  327  118  )
( -245  -147  -6  )
( 197  -263  191  )
( 242  -98  -190  )
( 201  -159  -74  )
( 61  -311  -183  )
( 347  -173  -264  )
( -338  202  171  )
( 291  -80  -52  )
( -254  -142  89  )
( 341  -106  -74  )
( 122  36  -241  )
( -290  -271  287  )
( -316  109  246  )
( 243  -296  58  )
( 179  -317  139  )
( -8  -269  -59  )
( 320  -206  -223  )
( 234  145  334  )
( 132  -0  55  )
( 348  57  131  )
( -44  154  276  )
( 203  44  230  )
( -201  123  -221  )
( -130  299  228  )
( 148  14  53  )
( -125  -148  140  )
( -325  246  -268  )
( 290  -51  -9  )
( 324  190  -37  )
( -343  -187  138  )
( -218  -20  83  )
( 160  189  -305  )
( 286  -211  180  )
( -320  -103  152  )
( 214  340  -120  )
( 320  -251  314  )
( -4  43  -160  )
( 181  135  -349  )
( -265  -102  -10  )
( 53  -8  -49  )
( -136  -323  286  )
( 208  281  -158  )
( -237  195  -87  )
( 137  244  -186  )
( 302  -319  -257  )
( 2  128  232  )
( -177  -321  -46  )
( 295  305  291  )
( -17  166  -236  )
( -205  119  -1  )
( 39  214  -172  )
( -311  -33  194  )
( -105  -312  -182  )
( -9  -302  197  )
( 284  108  189  )
( -131  -39  -166  )
( -311  309  267  )
( -37  248  -266  )
( 131  247  -93  )
( -96  19  74  )
( -66  327  62  )
( 94  -223  160  )
( 340  -27  -303  )
( -50  -86  -265  )
( 150  240  346  )
( 1  15  4  )
( -157  110  72  )
( 119  111  181  )
( -284  -198  3  )
( -334  138  -68  )
( 295  -243  -31  )
( -204  287  252  )
( 44  13  -120  )
( 63  -347  309  )
( 348  116  -130  )
( -109  -281  329  )
( 133  -93  234  )
( 300  -26  -125  )
( -30  293  -197  )
( -323  165  33  )
( 95  252  -291  )
( -33  76  163  )
( -164  -179  -219  )
( -305  -344  68  )
( 259  99  -53  )
( 320  211  -129  )
( 102  -83  -49  )
( 70  187  7  )
( 42  -251  -74  )
( 287  19  236  )
( 345  -189  160  )
( -1  8  224  )
( -102  -223  279  )
( 126  -38  290  )
( -96  -223  92  )
( 342  -173  56  )
( -216  -146  -50  )
( 16  68  58  )
( -162  121  -7  )
( -331  191  -282  )
( 98  -272  -183  )
( 297  147  -21  )
( 345  -70  277  )
( -255  -77  30  )
( 228  195  298  )
( 184  51  -73  )
( -169  -332  250  )
( -340  305  -13  )
( -0  94  117  )
( 192  -15  -278  )
( 194  -336  314  )
( -90  286  112  )
( 142  18  308  )
( -7  144  -146  )
( -48  -148  249  )
( -174  40  251  )
( -135  265  -18  )
( -93  -123  -303  )
( 181  -256  -167  )
( 44  109  57  )
( 20  -125  6  )
( 169  62  206  )
( -267  -116  1  )
( -78  138  124  )
( 326  -160  -138  )
( 225  -96  -249  )
( 332  -16  -97  )
( 181  -264  -67  )
( -84  142  -61  )
( 309  -285  -217  )
( -164  -182  143  )
( 123  -333  -232  )
( 87  343  63  )
( 285  315  -258  )
( -271  -178  54  )
( 241  313  -5  )
( -11  63  -149  )
( 95  72  70  )
( -164  81  -324  )
( 36  -35  292  )
( 258  342  48  )
( 249  -57  -11  )
( -137  -288  -69  )
( 206  169  260  )
( -178  13  -61  )
( -310  297  273  )
( 296  110  -179  )
( 81  -135  63  )
( -238  180  164  )
( -170  308  -303  )
( -257  92  123  )
( 280  157  -276  )
( 197  -264  182  )
( -110  65  -184  )
( 308  172  -62  )
( -227  -287  57  )
( -1  -282  123  )
( -172  -49  163  )
( 87  -187  -30  )
( -66  130  202  )
( -313  -186  246  )
( -36  -26  37  )
( 273  -169  -185  )
( 328  -84  -213  )
( -79  295  -33  )
( -29  -341  -269  )
( -11  330  -16  )
( 323  161  248  )
( -264  -112  -8  )
( -22  -65  -181  )
( 317  191  -254  )
( -129  -281  244  )
( 11  -301  -214  )
( 108  -30  82  )
( -85  -317  -34  )
( 3  253  101  )
