( -276  -73  -242  )
( 31  -223  -154  )
( 150  247  -195  )
( 305  -333  147  )
( -116  -159  143  )
( 326  343  -206  )
( 189  44  -340  )
( 113  -345  221  )
( 182  -120  311  )
( 105  -175  -310  )
( 90  -217  -54  )
( -12  -9  -95  )
( -346  -163  21  )
( -15  -26  114  )
( -196  270  207  )
( 287  8  187  )
( 150  39  -190  )
( 170  244  229  )
( -340  307  -88  )
( 26  307  9  )
( 33  136  60  )
( -269  -123  32  )
( -211  -131  172  )
( 204  44  -283  )
( 328  179  136  )
( 57  -325  149  )
( -55  -322  225  )
( -198  -320  80  )
( -289  -163  -134  )
( -277  60  119  )
( 191  120  -283  )
( -190  313  -263  )
( 255  -88  99  )
( -331  67  185  )
( -223  -245  146  )
( -30  -31  -205  )
( 349  184  204  )
( -10  -348  258  )
( 259  53  300  )
( -310  -226  -140  )
( -228  -340  38  )
( 104  197  -116  )
( -269  231  175  )
( -316  155  192  )
( 78  -94  -57  )
( 238  40  239  )
( 186  182  43  )
( -103  -172  300  )
( 0  92  50  )
( 101  25  -62  )
( 228  336  -17  )
( 246  283  -80  )
( -53  320  -338  )
( -203  -303  116  )
( 176  -337  139  )
( -8  -261  252  )
( -276  -167  -15  )
( 140  -94  -254  )
( -273  -47  -211  )
( 216  -144  24  )
( -330  26  230  )
( -21  -209  226  )
( -336  -348  -153  )
( 281  -305  75  )
( -35  -75  -15  )
( -92  57  136  )
( 17  280  -168  )
( 62  167  105  )
( -265  -109  150  )
( 156  247  157  )
( -7  -233  -142  )
( -303  29  -187  )
( -210  63  -78  )
( -21  -63  -178  )
( 146  -160  109  )
( -256  97  -297  )
( -7  301  205  )
( 337  141  38  )
( 316  291  334  )
( 54  -240  179  )
( 165  -335  -152  )
( -132  201  -154  )
( -84  -196  -163  )
( -172  51  277  )
( -36  274  165  )
( 151  335  44  )
( -322  314  -233  )
( -200  92  134  )
( -323  192  238  )
( 268  -337  344  )
( -87  -118  -11  )
( 229  141  210  )
( 260  -234  144  )
( -214  69  -317  )
( -182  244  145  )
( -338  -303  204  )
( 220  29  143  )
( 264  287  -1  )
( -87  -318  -149  )
( -58  -236  228  )
( -130  -232  -113  )
( -213  129  256  )
( -302  -98  229  )
( 340  313  -252  )
( 91  346  300  )
( -347  194  215  )
( 163  36  113  )
( 118  -252  206  )
( -32  -188  -33  )
( 339  -146  -3  )
( -65  -258  124  )
( -334  65  53  )
( 276  147  -0  )
( 323  337  -286  )
( -65  -143  346  )
( 229  213  98  )
( -93  -154  -205  )
( 287  -43  -256  )
( -270  -182  -172  )
( 130  -290  -107  )
( 117  142  152  )
( -296  177  -48  )
( 129  -66  -34  )
( -206  26  274  )
( -296  -100  -255  )
( -185  -28  43  )
( 141  256  -218  )
( -157  209  -264  )
( 8  116  -197  )
( -248  72  -285  )
( 104  78  347  )
( -174  -211  294  )
( 72  -193  36  )
( -245  105  -108  )
( 242  -90  -52  )
( 94  -139  -77  )
( -197  -36  -322  )
( 178  66  75  )
( 107  8  64  )
( 122  -87  118  )
( 191  -330  -5  )
( 4  -314  263  )
( -142  148  12  )
( -182  -44  -218  )
( 344  262  3  )
( 61  -204  -272  )
( -137  -76  250  )
( 25  -303  205  )
( 110  312  -88  )
( 121  -292  117  )
( -324  43  -186  )
( -43  -296  229  )
( 135  -51  -318  )
( -105  281  -182  )
( -64  -177  319  )
( 134  -32  -269  )
( -142  61  -336  )
( 222  259  140  )
( 162  138  -264  )
( -191  -226  -1  )
( -39  -282  -36  )
( 284  167  33  )
( 279  118  102  )
( 218  114  248  )
( -234  -296  253  )
( 264  25  -252  )
( 15  151  58  )
( 161  -166  -199  )
( -339  -52  -125  )
( 283  -256  192  )
( -36  343  -327  )
( 78  -336  263  )
( 277  -198  -273  )
( 291  -166  200  )
( -247  -274  -286  )
( 341  331  -96  )
( 60  282  -248  )
( -2  -288  -299  )
( 311  113  -81  )
( 281  201  -113  )
( -292  201  71  )
( 234  -302  188  )
( 29  -93  -55  )
( -219  291  107  )
( -220  -162  -8  )
( -89  -159  -152  )
( -335  -136  -319  )
( 259  -57  23  )
( 310  -55  212  )
( 126  -150  -67  )
( 154  -265  -252  )
( 195  79  44  )
( -63  -39  -30  )
( -213  321  -301  )
( -217  305  -248  )
( 229  -131  41  )
( 261  -146  -141  )
( -262  -146  -337  )
( -36  214  -253  )
( 335  -258  141  )
( -188  304  -263  )
( 218  268  136  )
( -105  -281  -276  )
( 172  -307  -36  )
( 276  9  -229  )
( -202  -225  236  )
( -18  55  -54  )
( -266  -331  -154  )
( -153  55  -349  )
( 38  33  -55  )
( -196  -180  140  )
( 249  -160  -306  )
( 134  78  326  )
( 251  12  283  )
( 209  11  -64  )
( -316  -135  53  )
( -24  -76  -84  )
( -203  -14  -249  )
( -262  78  -119  )
( 73  -158  -106  )
( 26  212  -333  )
( -165  -38  341  )
( -197  85  272  )
( -213  129  121  )
( 18  -250  -345  )
( 168  326  -75  )
( 220  71  -269  )
( -349  294  301  )
( -135  244  -238  )
( -91  13  284  )
( -55  79  -244  )
( -147  -270  -159  )
( 166  -189  65  )
( -282  -50  171  )
( 289  230  4  )
( 317  89  141  )
( -92  -74  4  )
( -58  321  69  )
( -111  -164  136  )
( -57  97  265  )
( -219  -139  252  )
( 256  -92  -29  )
( 312  -158  297  )
( 92  198  62  )
( 281  233  -335  )
( -148  -336  -233  )
( -185  -49  -192  )
( 184  136  -43  )
( 67  -156  -107  )
( -251  -268  -18  )
( -124  36  -171  )
( -91  113  275  )
( 275  5  -229  )
( 136  -149  209  )
( 288  -314  -344  )
( -48  47  -34  )
( -191  311  -194  )
( 334  -107  -50  )
( 183  1  163  )
( -75  249  -11  )
( 13  -48  141  )
( 218  209  260  )
( 230  -195  315  )
( -133  -309  223  )
( -42  200  36  )
( 137  199  -173  )
( -57  159  -168  )
( -95  56  65  )
( 262  -82  16  )
( -46  -112  158  )
( 20  -247  -319  )
( -20  -159  15  )
( -206  94  156  )
( -299  -112  -298  )
( 281  -26  -339  )
( 135  -294  75  )
( 152  -136  155  )
( -1  -243  118  )
( -133  241  -109  )
( -59  -23  -107  )
( 140  130  -175  )
( -137  273  -281  )
( 236  244  -45  )
( -78  -271  -313  )
( -244  285  -210  )
( 102  84  128  )
( 237  89  -245  )
( -189  227  -89  )
( -253  -150  153  )
( 276  -109  -271  )
( 6  140  205  )
( 275  -263  -34  )
( -205  -165  -41  )
( -36  338  -208  )
( -11  -88  159  )
( -87  331  -213  )
( -226  -50  -260  )
( 77  98  -286  )
( 275  197  -10  )
( 317  -29  -21  )
( 239  166  182  )
( 156  2  12  )
( 108  334  -157  )
( -234  8  19  )
( -231  -114  -47  )
( 308  -325  -315  )
( -149  -34  59  )
( -28  -323  135  )
( -5  230  -70  )
( -247  291  -115  )
( -280  181  23  )
( 119  -77  -55  )
( 124  308  153  )
( -105  -90  281  )
( 67  88  333  )
( 86  -290  -183  )
( 279  -235  118  )
( -152  -52  336  )
( 136  88  151  )
( 85  -70  -98  )
( -224  295  214  )
( -1  255  -337  )
( 101  -208  -159  )
( 330  163  -121  )
( 133  335  264  )
( 2  268  286  )
( 257  90  310  )
( -60  64  274  )
( 288  44  312  )
( 88  51  310  )
( 248  216  46  )
( 15  175  49  )
( 327  -195  217  )
( -110  77  -274  )
( 130  -108  309  )
( -86  -182  -80  )
( -27  183  80  )
( 216  -349  98  )
( 199  328  236  )
( -332  159  274  )
( 95  161  -169  )
( -269  307  -164  )
( 129  244  220  )
( -261  -236  -105  )
( -43  -22  -305  )
( -113  -81  296  )
( -100  207  197  )
( 81  172  -99  )
( 171  -215  280  )
( -178  -5  -227  )
( -91  -253  119  )
( 110  214  145  )
( -340  -300  -260  )
( 160  -101  215  )
( 262  -73  -217  )
( 213  -118  63  )
( -133  67  335  )
( 321  -123  -191  )
( 237  -322  5  )
( 260  82  244  )
( -176  -308  -278  )
( -225  342  -97  )
( -290  -260  -11  )
( 144  -164  223  )
( 156  167  263  )
( 45  -18  293  )
( 307  -17  269  )
( -180  98  65  )
( -176  -311  344  )
( -298  97  166  )
( 287  -3  122  )
( -14  231  -42  )
( 323  59  176  )
( -110  342  192  )
( -138  -131  -294  )
( 221  -276  149  )
( -182  -326  -257  )
( -25  -268  84  )
( -244  288  -186  )
( 15  247  116  )
( 133  319  78  )
( 99  -73  -93  )
( 70  270  -133  )
( 96  -155  233  )
( 96  113  336  )
( 277  338  20  )
( -193  171  -330  )
( -152  -272  -26  )
( 344  -139  -150  )
( -53  23  -135  )
( 160  265  88  )
( 345  -255  -241  )
( 248  -213  -89  )
( -245  -87  -32  )
( 19  -253  -171  )
( 190  -30  -188  )
( -318  -344  227  )
( -216  -133  -60  )
( -89  -98  347  )
( 302  89  15  )
( -324  -119  -346  )
( -193  48  -322  )
( 89  245  111  )
( -39  -239  67  )
( 5  -311  64  )
( -282  -251  290  )
( 236  -282  -47  )
( 331  -65  1  )
( 113  -190  280  )
( 302  -167  -95  )
( 319  -102  -159  )
( -166  -144  145  )
( 68  33  -66  )
( -275  71  -72  )
( -10  313  23  )
( -142  298  143  )
( 36  -232  271  )
( 167  276  67  )
( 60  8  -201  )
( -266  120  -323  )
( -7  255  84  )
( 110  226  346  )
( 314  -174  38  )
( -29  87  -343  )
( -122  136  -73  )
( 275  309  -338  )
( -46  147  269  )
( -202  -276  -172  )
( -343  170  -271  )
( -80  162  -27  )
( 334  157  144  )
( 324  -267  105  )
( -47  -28  -145  )
( -289  229  173  )
( -132  -155  -179  )
( -326  -38  177  )
( 107  116  -70  )
( 343  -225  -116  )
( -301  -198  -310  )
( -186  -133  -116  )
( -91  -174  -193  )
( 128  52  348  )
( 159  -119  -48  )
( -193  -22  -80  )
( -192  -247  -19  )
( -61  -165  222  )
( 2  -86  97  )
( -134  -4  -195  )
( 110  -24  -159  )
( -255  250  52  )
( -246  151  -176  )
( 208  -143  -265  )
( 299  169  331  )
( 341  -212  -142  )
( 24  -157  186  )
( -349  288  84  )
( -222  -287  1  )
( -14  -105  -30  )
( -319  68  -245  )
( -165  42  277  )
( 277  167  -92  )
( -313  308  -311  )
( 98  70  324  )
( -81  -158  105  )
( 48  -63  29  )
( -162  229  330  )
( 101  173  52  )
( 109  -173  158  )
( 36  119  13  )
( 153  -100  -201  )
( 298  18  190  )
( 29  -281  -141  )
( 216  33  304  )
( -85  316  43  )
( 10  -302  -259  )
( -166  64  -267  )
( -301  -126  -292  )
( -175  -33  75  )
( 151  83  -100  )
( -215  -41  186  )
( -318  110  -281  )
( 191  261  -171  )
( -3  -109  -293  )
( 100  290  36  )
( -61  -117  340  )
( 67  -240  204  )
( -253  -8  -135  )
( 281  326  -239  )
( -304  -220  131  )
( 164  -67  257  )
( 225  -261  -2  )
( -189  113  -178  )
( -4  56  227  )
( 103  224  -282  )
( -213  -183  315  )
( -29  248  333  )
( 274  247  312  )
( 343  298  -231  )
( 148  228  -234  )
( 315  320  -224  )
( 204  -183  278  )
( -112  147  -205  )
( -331  19  167  )
( -246  -348  -34  )
( 115  -133  276  )
( -50  -87  -226  )
( -15  320  -152  )
( 237  -324  -334  )
( -194  -15  21  )
( -252  123  -227  )
( -54  -200  -316  )
( 173  273  34  )
( -233  -192  -52  )
( -265  108  -225  )
( 139  207  -106  )
( 243  -173  276  )
( -1  208  -246  )
( -331  -253  -134  )
( -154  -134  307  )
( 43  149  212  )
( -13  -216  72  )
( -23  202  -102  )
( 290  -205  -10  )
( 339  -228  -232  )
( -345  70  -228  )
( -66  -184  309  )
( 292  118  340  )
( -80  128  167  )
( -292  -93  -315  )
( -173  -225  -6  )
( 232  256  47  )
( 106  129  -297  )
( -4  -334  -195  )
( -326  -172  30  )
( 265  -74  -101  )
( -101  10  -193  )
( -320  -63  -128  )
( -82  -345  301  )
( 132  144  338  )
( 183  98  107  )
( -50  -19  277  )
( 210  214  309  )
( 103  66  55  )
( -130  -204  -290  )
( 85  219  254  )
( -85  -116  337  )
( -16  293  229  )
( 305  -35  -155  )
( -224  259  144  )
( 204  123  89  )
( 28  53  -152  )
( -301  -234  217  )
( -278  -210  319  )
( -278  134  -252  )
( 348  11  -101  )
( -327  -309  -319  )
( -149  258  -48  )
( 73  121  199  )
( 241  24  -294  )
( 17  63  158  )
( 28  -185  -133  )
( -20  -36  98  )
( -155  312  -185  )
( -258  33  -305  )
( 179  17  311  )
( 44  -181  223  )
( -177  93  199  )
( -211  121  -237  )
( -143  291  3  )
( -11  120  10  )
( -326  184  -285  )
( 162  195  -286  )
( 201  -259  97  )
( 39  282  286  )
( 126  111  -240  )
( 200  -165  -89  )
( 99  303  -154  )
( 331  44  12  )
( -234  17  -121  )
( 183  112  -281  )
( -197  27  -22  )
( -80  36  -289  )
( 204  327  -226  )
( 174  -58  109  )
( 321  238  94  )
( -268  178  281  )
( 19  146  269  )
( 158  224  6  )
( -147  320  -285  )
( 18  79  -7  )
( 76  153  103  )
( 42  217  -152  )
( 275  163  -156  )
( 314  -295  -56  )
( -322  152  231  )
( 23  330  -95  )
( -305  177  -339  )
( 94  -57  79  )
( -267  -81  -243  )
( 347  35  -70  )
( 344  54  -189  )
( -173  -265  32  )
( 300  168  264  )
( 306  -81  5  )
( -150  -310  -205  )
( -178  345  -323  )
( -153  -55  -324  )
( 79  -10  -319  )
( -292  -105  40  )
( 127  40  198  )
( 202  -207  -143  )
( 32  348  -224  )
( 168  110  171  )
( -198  -338  -229  )
( 340  -115  -203  )
( 152  -111  -103  )
( -98  132  35  )
( 92  -98  103  )
( -269  -167  51  )
( -209  9  38  )
( 260  244  148  )
( 293  -144  -153  )
( -111  -213  201  )
( 230  135  281  )
( -81  -59  -312  )
( -82  -228  -216  )
( 97  284  -283  )
( 35  -27  182  )
( 18  -223  -71  )
( 234  141  -6  )
( -58  323  -261  )
( 256  -344  246  )
( -138  198  53  )
( -318  288  -272  )
( 47  -127  -120  )
( -222  258  -347  )
( 65  -325  340  )
( -251  -295  -55  )
( -148  33  -265  )
( 174  -297  -53  )
( 222  295  241  )
( 139  250  -243  )
( -145  -123  130  )
( -29  87  -40  )
( 176  -183  -100  )
( -322  262  85  )
( -335  -115  221  )
( -171  189  142  )
( 75  -55  147  )
( -302  194  348  )
( 69  -268  -189  )
( -327  -93  -130  )
( -169  -68  98  )
( 85  11  273  )
( 50  -227  -14  )
( -144  -315  -125  )
( 306  42  -188  )
( 156  -90  -206  )
( 134  183  -79  )
( -125  235  -233  )
( 342  310  -51  )
( 120  31  -233  )
( -99  200  137  )
( 130  -135  289  )
( -103  -54  -204  )
( 187  -198  98  )
( 154  103  -233  )
( 101  -159  25  )
( -176  1  195  )
( -33  187  -46  )
( 48  -289  323  )
( 335  -229  342  )
( -146  -56  145  )
( 328  -302  150  )
( 292  -97  328  )
( 225  108  -68  )
( 245  -242  -52  )
( -316  270  26  )
( 270  194  -310  )
( -148  -328  -325  )
( 25  -64  268  )
( -285  77  114  )
( -151  -231  -224  )
( -185  284  -137  )
( 211  94  324  )
( -55  321  -211  )
( 276  -269  -161  )
( 58  -105  -310  )
( -198  -73  58  )
( -254  344  -155  )
( -215  -244  -1  )
( -7  35  -240  )
( -101  -154  302  )
( 287  278  349  )
( 169  -172  -130  )
( -322  286  -30  )
( 106  -147  -22  )
( 46  317  272  )
( 223  82  287  )
( 82  159  302  )
( -71  -316  -20  )
( 341  -37  269  )
( 163  324  306  )
( -110  -74  -140  )
( 119  82  289  )
( 231  9  104  )
( -203  332  -4  )
( 85  -317  221  )
( -93  208  269  )
( -196  -144  -15  )
( 319  -345  -38  )
( -310  96  -141  )
( 291  332  184  )
( 215  -217  -48  )
( 34  -19  132  )
( -334  -12  301  )
( -330  291  -82  )
( -89  269  145  )
( 164  86  90  )
( -10  141  79  )
( 47  109  57  )
( -124  -130  -217  )
( -112  330  -20  )
( -102  -226  -269  )
( -347  83  135  )
( -311  60  -3  )
( 249  -307  -318  )
( 229  125  185  )
( -143  -88  194  )
( 15  -162  -51  )
( 1  250  -198  )
( -123  176  -336  )
( 155  -340  -268  )
( 197  -292  97  )
( -319  39  -281  )
( -189  263  -216  )
( 312  95  267  )
( 229  217  316  )
( 124  197  187  )
( -94  212  175  )
( -212  191  -199  )
( -142  -241  314  )
( 295  7  -309  )
( -107  -122  -269  )
( 327  -171  -218  )
( -78  308  250  )
( 342  -307  -180  )
( 340  -225  -48  )
( -289  -139  -277  )
( -149  -126  -73  )
( 96  92  -114  )
( 173  43  322  )
( -85  -46  -186  )
( 191  148  -167  )
( -330  -197  -274  )
( -183  -201  -154  )
( 340  -20  -214  )
( 329  317  -48  )
( -77  -28  -260  )
( -158  -225  34  )
( 83  184  348  )
( -98  348  -261  )
( -177  326  1  )
( 156  -157  286  )
( -26  296  303  )
( -33  148  2  )
( -125  124  218  )
( 272  -70  282  )
( 94  -314  40  )
( 137  -31  74  )
( 218  -338  -276  )
( 193  -80  -271  )
( -177  121  -272  )
( -195  40  -268  )
( -244  90  -49  )
( 147  -278  -289  )
( -141  109  -243  )
( 66  204  263  )
( 264  -130  170  )
( 217  223  161  )
( -5  -133  -120  )
( 195  85  126  )
( -307  275  -267  )
( -345  154  -185  )
( -97  -39  -222  )
( 107  -43  -155  )
( 175  -331  253  )
( 128  -262  236  )
( 91  -35  -60  )
( -18  -195  -345  )
( 54  -166  -24  )
( 296  45  328  )
( -115  -1  4  )
( -179  256  239  )
( 109  203  261  )
( 199  171  -78  )
( -335  155  -188  )
( 287  -143  -188  )
( 287  -210  -317  )
( -63  -246  190  )
( 93  -265  -271  )
( 218  173  -208  )
( -304  335  37  )
( 33  151  -6  )
( -239  134  -285  )
( 234  -30  -13  )
( 34  -332  329  )
( 141  -261  -241  )
( 203  311  153  )
( 261  -42  195  )
( 92  99  -180  )
( 181  243  284  )
( -144  -190  -171  )
( -18  -193  -321  )
( -9  -117  98  )
( -49  39  -11  )
( 309  86  93  )
( -219  -127  -233  )
( 247  199  -89  )
( 13  332  262  )
( 315  196  166  )
( -169  330  197  )
( 5  -92  -25  )
( 118  -95  221  )
( 291  169  -72  )
( 275  -27  -309  )
( -166  80  -128  )
( 101  27  -17  )
( 267  -255  291  )
( 295  116  -183  )
( 9  -271  -215  )
( 207  189  -167  )
( 216  56  273  )
( -183  -330  45  )
( -27  -170  6  )
( 254  -236  -115  )
( -312  195  -274  )
( -237  256  245  )
( 23  -79  -280  )
( 181  252  -45  )
( 80  1  -73  )
( -317  -94  236  )
( -175  203  -264  )
( 318  215  -79  )
( -264  186  -263  )
( 197  95  1  )
( 84  41  -171  )
( 164  -47  288  )
( -275  -21  134  )
( -272  340  -10  )
( -229  -201  -234  )
( 271  338  -44  )
( 281  -332  -169  )
( -218  -247  91  )
( 236  -169  276  )
( 64  162  -143  )
( 35  335  289  )
( -108  -206  -234  )
( -3  -160  244  )
( 307  143  -145  )
( 199  193  -265  )
( -71  -33  -228  )
( -174  -235  -311  )
( -281  -158  -315  )
( -137  180  -169  )
( -23  -335  179  )
( 179  -207  145  )
( -270  235  131  )
( -173  -180  -40  )
( -82  -176  -294  )
( 335  -162  316  )
( 24  -168  259  )
( 273  -58  -83  )
( -217  300  -322  )
( 9  -263  268  )
( -43  -189  225  )
( -229  19  -151  )
( 102  160  -218  )
( 116  40  179  )
( 199  -23  34  )
( 254  161  42  )
( 296  -226  -167  )
( 31  277  -127  )
( -185  -127  -139  )
( -130  -282  27  )
( 252  -23  -84  )
( -279  -83  -127  )
( 154  219  -318  )
( -289  -116  124  )
( -76  172  -146  )
( -13  224  304  )
( -164  -48  63  )
( 276  279  135  )
( -169  -291  -129  )
( -289  -40  -94  )
( -93  260  192  )
( -150  322  267  )
( -86  -273  228  )
( 333  230  -292  )
( -222  -297  241  )
( -278  -92  3  )
( -329  313  235  )
( -183  -155  -38  )
( -190  -42  -157  )
( -6  137  278  )
( 219  -218  92  )
( 275  263  142  )
( 184  -199  68  )
( 129  141  -261  )
( -62  -341  42  )
( 269  121  -323  )
( 51  -195  -209  )
( -74  168  308  )
( 160  259  -32  )
( 110  11  -169  )
( 224  275  225  )
( 227  163  297  )
( -62  89  -9  )
( -30  96  -263  )
( -71  -107  271  )
( 289  -130  36  )
( -282  217  -130  )
( 6  -53  276  )
( -144  -6  127  )
( -7  -84  277  )
( -6  -152  121  )
( 174  65  -101  )
( 81  34  87  )
( -142  279  -60  )
( 319  131  107  )
( 66  225  -343  )
( -91  -314  184  )
( -32  -261  315  )
( 270  346  -250  )
( -215  281  -211  )
( 8  114  -250  )
( 130  -107  -206  )
( -87  17  -327  )
( 346  -66  261  )
( 233  -171  4  )
( -166  -231  -132  )
( 28  258  92  )
( 325  176  310  )
( 341  299  -120  )
( 116  250  -39  )
( -185  -0  304  )
( -256  -321  -176  )
( -93  223  -99  )
( -253  125  307  )
( -228  -290  26  )
( 334  -120  140  )
( -20  140  275  )
( 53  58  -124  )
( -235  126  222  )
( 2  34  332  )
( -45  -98  -82  )
( -249  -82  116  )
( 88  336  342  )
( 111  108  21  )
( -176  -295  169  )
( 259  93  92  )
( -7  -200  -108  )
( 316  -139  -172  )
( 101  166  159  )
( -9  -20  -310  )
( 287  -253  244  )
( -129  -19  -67  )
( -78  337  -83  )
( 301  262  -212  )
( 229  -126  48  )
( -286  -230  26  )
( 66  271  338  )
( 38  37  -245  )
( 295  -170  -52  )
( -75  115  -11  )
( -18  39  229  )
( 49  311  58  )
( -16  330  -341  )
( -331  -253  265  )
( 306  -53  -323  )
( -312  313  25  )
( -332  291  -297  )
( -39  316  200  )
( 267  -132  -174  )
( 26  8  -340  )
( 179  72  -239  )
( 22  313  269  )
( 55  -75  298  )
( 349  148  -169  )
( -190  -62  126  )
( -316  207  -325  )
( -36  -64  118  )
( 205  34  -35  )
( 222  -29  -98  )
( -77  331  277  )
( 130  -220  327  )
( 52  12  339  )
( -275  76  -280  )
( -102  -98  -324  )
( -273  253  -18  )
( 282  46  34  )
( 337  -289  223  )
( -99  73  -10  )
( -250  171  140  )
( 221  -188  32  )
( -163  -63  145  )
( -319  177  -2  )
( 281  -100  125  )
( 68  -179  -238  )
( -24  99  137  )
( 296  -74  349  )
( -173  53  243  )
( 291  -254  224  )
( -156  101  -107  )
( -265  163  194  )
( -303  -326  111  )
( 102  74  62  )
( -36  -9  28  )
( 312  137  -80  )
( 65  166  298  )
( -290  -21  -10  )
( 112  -265  204  )
( 2  -29  131  )
( 217  107  -102  )
( -21  256  66  )
( 101  -294  23  )
( -182  109  -145  )
( -171  -223  65  )
( -14  -149  -305  )
( -154  5  -56  )
( -294  -348  29  )
( 237  -306  -83  )
( -28  216  -72  )
( -93  41  61  )
( 237  0  -64  )
( -100  238  130  )
( 172  284  276  )
( -152  8  59  )
( 149  248  -305  )
( -150  -307  219  )
( 203  136  -106  )
( 98  -96  58  )
( 254  18  -239  )
( -201  -131  -169  )
( -272  -131  65  )
( 166  163  -211  )
( -334  227  -322  )
( 321  -2  -72  )
( -318  -339  -175  )
( 15  -180  317  )
( -68  346  -158  )
( -193  75  308  )
( -163  -12  -47  )
( 88  -311  168  )
( -207  3  -110  )
( 100  116  160  )
( -186  -319  188  )
( 251  -311  41  )
( -45  -89  -22  )
( -69  48  -220  )
( -176  -259  270  )
( -234  -121  72  )
( -187  -76  67  )
( -189  -260  -228  )
( 263  118  -189  )
( -1  128  -315  )
( -247  -29  103  )
( -224  72  192  )
( 311  329  -253  )
( -135  189  62  )
( 268  -66  190  )
( -230  85  319  )
( 71  -165  -281  )
( -145  -105  329  )
( -256  4  -289  )
( 90  -137  -62  )
( 77  -342  -296  )
( 107  -98  -93  )
( 56  -6  -300  )
( -49  -219  147  )
( -117  -301  337  )
( -9  310  -166  )
( -25  -114  -153  )
( 124  -10  277  )
( 193  -180  143  )
( -344  266  62  )
( 302  64  -77  )
( 126  316  317  )
( -18  10  -230  )
( -119  240  -289  )
( 232  -323  346  )
( -280  -268  53  )
( -301  348  -103  )
( 347  138  328  )
( 321  25  137  )
( 208  -29  138  )
( -265  -85  345  )
( -37  242  -164  )
( 265  27  137  )
( -5  7  -273  )
( 338  -79  7  )
( 122  -344  260  )
( 237  -57  -177  )
( -33  -29  -170  )
( -157  -259  258  )
( 184  -285  308  )
( -158  6  -61  )
( 32  -153  16  )
( 277  -153  188  )
( -83  -29  253  )
( -186  -35  -244  )
( 18  -210  130  )
( 346  204  74  )
( -236  -3  201  )
( -55  -126  267  )
( -296  172  -78  )
( -331  177  40  )
( 42  33  -159  )
( -238  -116  -38  )
( -40  -49  -273  )
( -68  -42  -254  )
( 59  196  12  )
( 283  314  215  )
( -146  -237  -224  )
( 253  210  -235  )
( 16  -171  -225  )
( 335  295  280  )
( -336  -260  -296  )
( 274  162  -235  )
( -171  144  347  )
( -261  -17  -273  )
( -37  -35  -243  )
( -344  -205  -224  )
( -163  -162  -318  )
( -283  38  -46  )
( 295  162  16  )
( 141  216  69  )
( 233  28  84  )
( -237  -169  -296  )
( 278  -124  255  )
( -32  -150  -335  )
( 99  156  -227  )
( -218  259  230  )
( -175  -87  339  )
( 246  243  -3  )
( -28  -211  67  )
( -50  346  -45  )
( 216  222  -152  )
( -43  32  -69  )
( 109  177  -178  )
( 120  250  -160  )
( -237  -44  1  )
( -219  285  107  )
( 183  -210  287  )
( 267  -38  -77  )
( 12  -27  -192  )
( -137  273  -331  )
( 187  -37  46  )
( 114  -92  -93  )
( -58  -256  -44  )
( -309  93  -26  )
( 16  275  -84  )
( -13  27  315  )
( 240  -319  -241  )
( -157  -155  -48  )
( 50  -257  62  )
( -134  73  105  )
( 86  312  80  )
( 0  -1  316  )
( 65  -114  -242  )
( -82  230  -314  )
( 25  -4  -80  )
( -217  -62  240  )
( -234  202  -330  )
( -194  -323  186  )
( -153  -314  -163  )
( -230  226  26  )
( -309  33  76  )
( -182  335  294  )
( -235  299  -73  )
( 337  -120  223  )
( 329  145  226  )
( 273  304  -200  )
( -334  -26  133  )
( 197  264  60  )
( 145  66  98  )
( -152  47  237  )
( 162  -138  326  )
( 132  -60  -56  )
( 347  25  215  )
( 343  268  -201  )
( 7  -94  231  )
( 12  221  310  )
( 60  63  -122  )
( 338  260  301  )
( 343  161  175  )
( -307  291  -30  )
( -80  152  -118  )
( -196  -231  -51  )
( -103  261  -0  )
( -163  56  -89  )
( 32  62  197  )
( 209  -217  -267  )
( -74  314  169  )
( -102  109  95  )
( 32  -6  -156  )
( 292  -287  -66  )
( -270  66  -311  )
( -192  -109  -33  )
( 244  -150  -237  )
( 194  -159  -331  )
( -238  -307  31  )
( 126  287  -268  )
( 134  -78  218  )
( -292  322  163  )
( 265  -262  -228  )
( 340  203  205  )
( 1  108  72  )
( -202  196  36  )
( 284  -80  343  )
( -267  -169  311  )
( -300  -60  34  )
( -226  36  141  )
( 37  -17  123  )
( 126  -231  219  )
( -238  -240  332  )
( 305  55  172  )
( -229  29  208  )
( 150  23  -59  )
( -11  285  -171  )
( -15  -0  336  )
( -289  95  111  )
( -59  -319  -343  )
( 251  -53  -343  )
( 47  226  -148  )
( -99  57  -317  )
( 241  182  272  )
( -257  44  185  )
( -192  112  215  )
( -85  -332  -284  )
( -313  169  310  )
( -291  6  -55  )
( 304  219  17  )
( -265  -230  219  )
( -115  5  -177  )
( 57  -306  -300  )
( -348  -64  -239  )
( 314  289  -90  )
( 114  331  311  )
( -85  -186  198  )
( -1  46  231  )
( 27  -96  23  )
( 243  259  195  )
( -84  270  103  )
( 133  -120  -77  )
( 71  330  -109  )
( 279  -69  23  )
( 301  -343  -328  )
( 238  112  256  )
( 297  284  157  )
( 240  -147  -132  )
( 281  -312  -57  )
( 16  94  206  )
( 294  204  77  )
( -160  250  -310  )
( 8  235  78  )
( 334  289  -40  )
( -282  -312  184  )
( -159  342  333  )
( -70  -299  67  )
( 88  227  343  )
( 310  -324  114  )
( -60  -348  -325  )
( 327  111  -144  )
( -278  169  -73  )
( -348  -308  145  )
( -30  3  177  )
( 131  155  27  )
( -146  -92  -162  )
( -282  -133  95  )
( 199  14  230  )
( 330  129  -257  )
( -133  117  330  )
( 280  -197  -0  )
( -238  -14  11  )
( -225  -284  274  )
( 285  -62  -282  )
( -78  -251  174  )
( -97  176  -289  )
( -343  197  13  )
( 37  -136  298  )
( -71  -192  -313  )
( 27  -197  74  )
( 122  215  173  )
( -266  239  315  )
( 315  210  -127  )
( 95  -114  284  )
( -113  118  -328  )
( -318  166  1  )
( 74  -32  270  )
( 208  -94  125  )
( 292  258  267  )
( -172  -65  124  )
( -64  54  105  )
( -308  282  11  )
( -44  204  343  )
( 92  11  -273  )
( -17  232  168  )
( 25  114  312  )
( -240  40  258  )
( 183  285  210  )
( 255  239  -169  )
( 154  -40  -81  )
( 336  -39  255  )
( 305  129  336  )
( 249  331  6  )
( -90  141  205  )
( 149  -157  -271  )
( -95  284  -64  )
( 197  -108  -138  )
( -267  155  -1  )
( 283  141  -136  )
( -220  309  239  )
( -32  315  47  )
( -35  -314  164  )
( 311  -277  -9  )
( 202  155  -189  )
( 260  -203  -327  )
( -206  150  -198  )
( 322  85  306  )
( 83  -209  -348  )
( 234  -122  273  )
( 285  268  -227  )
( 304  -118  338  )
( 148  154  -16  )
( 91  238  -61  )
( 71  -294  137  )
( 47  -213  -170  )
( 203  -211  -47  )
( -102  -220  -89  )
( -309  97  294  )
( 56  330  336  )
( 325  114  207  )
( -29  128  -279  )
( 206  -327  226  )
( 13  104  117  )
( 271  -229  186  )
( 329  5  44  )
( 298  -114  282  )
( -82  -104  -244  )
( -5  148  274  )
( 121  314  55  )
( 32  284  -167  )
( -24  153  60  )
( 215  212  -38  )
( 206  85  -292  )
( -117  -148  26  )
( -24  -304  -171  )
( 117  -94  66  )
( 8  -74  157  )
( 138  -298  6  )
( -237  323  79  )
( -172  37  -230  )
( 93  -149  17  )
( -115  18  -308  )
( 93  7  251  )
( -162  -191  -287  )
( 130  -60  -46  )
( 213  295  241  )
( 325  42  -124  )
( -140  16  -101  )
( -216  163  282  )
( -50  -290  182  )
( 322  123  -244  )
( 213  290  -249  )
( 283  -8  190  )
( -336  5  220  )
( 237  -34  -199  )
( -287  -282  43  )
( -158  -317  347  )
( 299  115  -42  )
( 289  172  -177  )
( -47  -93  74  )
( -6  -227  11  )
( -60  8  37  )
( 180  -213  -155  )
( 19  103  -93  )
( 332  13  -313  )
( 206  -260  323  )
( 316  -134  -94  )
( -286  111  -98  )
( 60  188  31  )
( -332  125  91  )
( -69  -285  -220  )
( 35  178  209  )
( -83  -104  -257  )
( 233  -318  219  )
( -303  -82  -57  )
( -152  331  -120  )
( -21  41  273  )
( 161  -168  167  )
( 49  148  18  )
( -210  30  -277  )
( 315  -318  -333  )
( 104  -174  -204  )
( -310  -88  106  )
( 95  -282  -295  )
( -176  -311  339  )
( 191  -56  326  )
( 257  -233  -68  )
( 235  1  -258  )
( 212  262  -246  )
( 272  57  174  )
( -10  179  -242  )
( 180  -45  94  )
( 312  14  118  )
( 90  218  -345  )
( 26  -114  203  )
( 88  -273  151  )
( -295  -349  239  )
( -338  -28  -138  )
( 211  314  300  )
( 236  345  -232  )
( -124  170  177  )
( 11  285  62  )
( -346  -180  264  )
( 34  158  -295  )
( 100  -288  -162  )
( 53  145  -239  )
( -214  338  34  )
( -166  219  349  )
( 263  -69  209  )
( 83  -258  -232  )
( -263  -109  230  )
( 101  161  199  )
( -97  19  261  )
( 14  -173  -32  )
( -302  -242  278  )
( 71  -168  -46  )
( 162  292  -20  )
( -127  -256  188  )
( -238  336  -23  )
( 337  131  72  )
( -52  76  33  )
( 152  -16  -88  )
( 179  191  31  )
( -34  202  -152  )
( -307  147  -299  )
( -35  -74  155  )
( -78  -233  161  )
( 121  -272  -233  )
( -237  292  -73  )
( 84  348  163  )
( 220  297  141  )
( -148  -130  58  )
( 312  44  -222  )
( 341  206  298  )
( 336  250  -283  )
( -234  -250  116  )
( -54  -73  -61  )
( 60  34  -176  )
( -107  -235  -254  )
( 162  182  316  )
( -200  36  -132  )
( -250  -283  -318  )
( 207  32  274  )
( -30  318  -282  )
( 41  -49  133  )
( -82  249  -67  )
( -131  273  46  )
( -165  -227  -69  )
( -320  266  -205  )
( 77  -63  236  )
( 293  311  330  )
( 241  309  192  )
( -329  210  -325  )
( -46  -89  300  )
( -43  326  184  )
( -232  240  -248  )
( -342  -274  -293  )
( -102  -0  -247  )
( 7  209  -11  )
( -308  36  -295  )
( 37  -191  -297  )
( -51  -100  -241  )
( -61  -170  -292  )
( 248  124  -33  )
( -80  -172  39  )
( 328  44  -146  )
( 194  -78  -305  )
( -1  9  226  )
( 255  307  24  )
( 81  250  344  )
( 292  -125  -266  )
