( -315  36  180  )
( 348  28  -63  )
( 178  -107  -232  )
( -38  157  -291  )
( 42  291  -59  )
( -114  -129  -226  )
( 308  146  -258  )
( 166  233  81  )
( 333  -305  101  )
( -108  170  110  )
( -15  56  -108  )
( -305  -314  -244  )
( -255  68  -103  )
( 131  -310  215  )
( -207  -68  -282  )
( -22  38  -92  )
( -306  -202  -183  )
( -265  -131  278  )
( -133  -20  -52  )
( -77  209  71  )
( -281  31  330  )
( 198  -119  117  )
( -235  28  -230  )
( -118  -275  -91  )
( 185  174  15  )
( 206  -274  325  )
( 142  -208  246  )
( 336  -202  -299  )
( 348  -314  99  )
( 102  268  152  )
( -112  4  54  )
( 186  197  -24  )
( 123  211  210  )
( 103  264  -14  )
( -253  -130  -180  )
( -24  -155  213  )
( -169  -46  -203  )
( -213  288  -108  )
( 280  100  309  )
( -149  124  183  )
( -272  -54  251  )
( -336  -192  315  )
( -204  -10  -231  )
( 35  -57  -182  )
( -200  -81  -229  )
( 339  -38  -278  )
( 241  -50  -283  )
( 243  75  -58  )
( -50  57  147  )
( -14  -148  -247  )
( -304  -19  253  )
( -246  -7  -53  )
( 95  -314  -72  )
( -300  72  -245  )
( -172  -233  -270  )
( -201  277  -171  )
( 210  -103  -146  )
( 321  -30  -156  )
( -209  -118  -298  )
( 286  95  328  )
( 237  293  40  )
( 21  60  -145  )
( 195  310  -123  )
( 273  -290  32  )
( -127  174  69  )
( -290  -85  -163  )
( -50  51  -135  )
( -17  145  -189  )
( 284  112  286  )
( 307  39  140  )
( -266  -259  -264  )
( 205  141  347  )
( 328  -21  -222  )
( -192  341  -175  )
( 297  -54  141  )
( -299  -272  -307  )
( 265  -316  -271  )
( 267  -56  292  )
( 117  -305  -291  )
( 155  99  -290  )
( 333  33  -70  )
( 170  298  -140  )
( -224  -230  260  )
( -249  166  -142  )
( 226  65  100  )
( -259  119  51  )
( -158  -161  49  )
( -82  175  -206  )
( 326  -182  -58  )
( -299  220  -150  )
( 185  -35  -149  )
( 69  -134  -312  )
( 248  -67  -38  )
( -348  68  286  )
( 70  -92  -286  )
( -20  208  19  )
( 323  -276  92  )
( -127  -220  296  )
( -283  -78  -25  )
( -180  216  16  )
( -191  172  -317  )
( 134  -153  186  )
( 66  27  110  )
( -25  34  215  )
( -297  -308  -154  )
( -2  -250  -146  )
( -68  115  253  )
( -99  -89  -291  )
( -254  -83  232  )
( -299  -106  99  )
( 41  -347  212  )
( -313  100  -303  )
( 199  47  -134  )
( -111  15  -133  )
( 245  34  -273  )
( 1  314  241  )
( 229  -64  -212  )
( 5  331  265  )
( 282  260  -0  )
( -121  24  343  )
( -30  -168  -218  )
( 175  -57  54  )
( 247  84  334  )
( -233  -315  349  )
( -179  -293  -96  )
( -155  177  -109  )
( -142  346  -330  )
( -62  -48  -319  )
( 26  132  287  )
( -99  -190  78  )
( 108  299  253  )
( 315  3  246  )
( -200  254  333  )
( -325  -250  -271  )
( -159  -291  56  )
( -212  313  75  )
( -36  -228  -244  )
( -282  207  288  )
( 141  -254  247  )
( 293  -230  -169  )
( -108  330  -269  )
( 268  -94  -309  )
( -316  -185  345  )
( 107  339  241  )
( -315  -276  -120  )
( 340  330  326  )
( 145  100  -269  )
( -60  -189  -101  )
( 266  128  -211  )
( 291  73  336  )
( 62  -137  113  )
( 137  -223  -63  )
( -85  245  -200  )
( 144  145  100  )
( 330  308  339  )
( -174  228  70  )
( 21  187  327  )
( 93  -339  -108  )
( -201  325  228  )
( -46  198  -127  )
( 162  -290  223  )
( 276  178  165  )
( 289  110  -309  )
( 339  265  -285  )
( 289  68  346  )
( 281  -23  197  )
( 89  -125  202  )
( 292  137  96  )
( -144  226  -245  )
( -294  -41  -38  )
( -227  -239  85  )
( -340  -152  269  )
( -293  90  282  )
( -211  33  130  )
( -124  -131  -13  )
( -285  -330  -286  )
( 75  49  159  )
( -157  247  -150  )
( -68  -192  -249  )
( 26  -67  -274  )
( 35  -77  -80  )
( 290  288  140  )
( -105  101  346  )
( -160  -8  -50  )
( -327  76  -131  )
( -129  17  -60  )
( -152  -139  284  )
( 237  315  -296  )
( 35  164  98  )
( 28  -208  185  )
( -81  272  -140  )
( 255  114  -262  )
( 20  -1  -189  )
( -291  -228  -237  )
( 176  289  -121  )
( 268  -163  233  )
( -26  341  273  )
( 349  -52  79  )
( -128  -211  319  )
( 86  -58  -7  )
( -28  169  218  )
( -38  174  -120  )
( 59  -88  287  )
( -109  101  150  )
( 297  66  72  )
( 307  166  -163  )
( -278  130  186  )
( 141  -4  -201  )
( -329  -313  -312  )
( 273  -73  33  )
( -2  -155  -161  )
( -238  326  154  )
( -72  -323  346  )
( -111  -206  -18  )
( -197  -326  -41  )
( -301  -306  -71  )
( 249  53  315  )
( -323  -194  254  )
( -69  -225  324  )
( -36  -216  71  )
( 250  349  178  )
( -292  306  -318  )
( -240  -76  178  )
( -84  -114  336  )
( 153  15  -311  )
( -148  275  53  )
( 68  326  34  )
( -118  -236  280  )
( -214  -39  70  )
( 313  -320  249  )
( 53  -208  169  )
( -23  37  -261  )
( -207  -175  222  )
( -220  268  60  )
( 276  127  69  )
( -113  239  285  )
( -91  21  163  )
( -264  -325  -280  )
( 232  5  12  )
( 298  -231  -310  )
( 76  -125  -64  )
( 206  -107  334  )
( 236  227  79  )
( -34  69  -322  )
( -19  -1  -196  )
( -304  193  348  )
( 164  12  -19  )
( 120  161  253  )
( -285  183  20  )
( 147  -185  326  )
( 285  137  176  )
( 261  142  245  )
( 67  105  -198  )
( 116  -316  -173  )
( 203  334  340  )
( 54  347  236  )
( -103  -97  -81  )
( -308  -6  25  )
( -81  98  85  )
( -33  -1  -125  )
( -127  211  -5  )
( 327  216  -274  )
( -289  37  -300  )
( 223  160  174  )
( 79  -318  229  )
( -201  183  343  )
( -188  -125  -20  )
( -341  -272  -275  )
( -227  194  -97  )
( 194  207  26  )
( 86  -320  295  )
( -16  334  238  )
( 159  -97  115  )
( 243  233  -291  )
( 152  -246  -121  )
( -139  -239  -138  )
( 131  3  56  )
( -296  332  -145  )
( -230  191  -295  )
( -330  0  204  )
( 41  -192  259  )
( -121  -124  -74  )
( -261  -210  -276  )
( -232  187  -90  )
( -181  -299  347  )
( 346  251  -1  )
( -332  -54  -242  )
( 178  272  -96  )
( 92  -250  193  )
( -283  288  -221  )
( -59  18  298  )
( 338  7  233  )
( -343  16  70  )
( 103  175  -226  )
( 24  -290  223  )
( -227  -252  -278  )
( 190  -88  298  )
( -345  115  102  )
( -242  -37  -217  )
( -53  170  19  )
( -238  -254  52  )
( 28  114  -113  )
( -36  -124  -148  )
( 131  246  60  )
( -34  102  232  )
( -44  300  -64  )
( -32  86  101  )
( -319  100  -293  )
( 16  -261  -45  )
( 138  -72  221  )
( -176  -165  71  )
( -48  188  -197  )
( 195  184  -212  )
( -290  -299  158  )
( 184  252  232  )
( -36  115  -43  )
( 308  136  -285  )
( 1  -219  -148  )
( 278  320  209  )
( -130  -278  -73  )
( -1  -133  -171  )
( -326  58  247  )
( -78  -122  -33  )
( -66  83  -94  )
( 122  99  -344  )
( 107  -5  116  )
( 262  62  157  )
( -241  -63  -25  )
( -61  -192  -222  )
( 52  -65  37  )
( 1  -346  334  )
( -259  -66  109  )
( -153  204  -265  )
( -344  -8  93  )
( 258  291  -155  )
( 149  123  -47  )
( -52  -55  -141  )
( 266  152  -239  )
( 91  209  60  )
( -28  -147  109  )
( -129  -260  -216  )
( 26  39  -7  )
( -334  315  324  )
( -233  -321  -301  )
( -13  -282  -297  )
( -57  109  207  )
( -245  -92  265  )
( 73  263  332  )
( 32  43  -268  )
( -91  -327  -169  )
( -180  -336  276  )
( 214  -49  -135  )
( 111  -35  -349  )
( 24  154  96  )
( 75  315  -313  )
( -348  -285  -130  )
( -339  -92  200  )
( -145  290  -148  )
( 263  58  -307  )
( 113  2  -238  )
( -37  -81  -92  )
( 306  -96  -315  )
( 14  -134  239  )
( -228  -293  174  )
( 346  -173  349  )
( 97  101  318  )
( 297  250  -98  )
( -234  102  -155  )
( 33  7  335  )
( -287  79  -74  )
( 118  -163  236  )
( 66  186  258  )
( -285  -289  -66  )
( 286  -343  -234  )
( -39  -201  76  )
( -175  157  35  )
( 52  184  -99  )
( 46  184  -154  )
( -331  -174  217  )
( -286  175  -264  )
( -258  -266  -183  )
( 341  -13  312  )
( 292  34  161  )
( -108  -61  -220  )
( -13  -36  -40  )
( -229  58  9  )
( -81  -136  -119  )
( 170  264  -118  )
( -139  188  -77  )
( 277  269  -344  )
( 33  -115  -20  )
( 72  -320  -338  )
( 1  -176  229  )
( -58  171  -149  )
( 263  -279  -82  )
( -143  -17  -345  )
( -325  -134  105  )
( 67  -26  249  )
( 337  220  124  )
( 328  -194  284  )
( 134  -64  -88  )
( -293  113  314  )
( 14  -56  -92  )
( 146  -252  203  )
( 52  211  100  )
( 95  -272  -208  )
( 145  -149  248  )
( -279  -17  182  )
( -155  5  -138  )
( 287  178  -51  )
( -40  41  220  )
( 155  152  -179  )
( -272  -329  -337  )
( -86  -157  303  )
( 167  -122  249  )
( 168  170  112  )
( -137  -1  -98  )
( 270  17  167  )
( 282  247  172  )
( 33  248  188  )
( -251  -286  273  )
( 29  278  -154  )
( -164  301  -77  )
( 215  -138  34  )
( -208  -255  -158  )
( -247  152  25  )
( 276  -274  138  )
( -79  -260  -151  )
( -266  212  -264  )
( -93  149  -248  )
( 199  172  121  )
( 241  338  22  )
( -213  -86  314  )
( -148  288  101  )
( 14  -189  -75  )
( 313  161  -343  )
( 192  -136  175  )
( -26  -247  217  )
( -306  159  62  )
( 324  143  -294  )
( -182  -119  317  )
( -123  -114  -36  )
( 258  114  182  )
( -200  -319  139  )
( 281  -147  186  )
( -155  78  -124  )
( 333  1  -215  )
( -281  -264  -276  )
( 156  99  -5  )
( 211  -332  -180  )
( 315  -306  200  )
( -12  -244  -107  )
( 332  -294  -59  )
( -34  223  93  )
( -267  -197  -132  )
( -198  -17  -103  )
( 56  331  -151  )
( -77  197  290  )
( 84  164  -140  )
( -166  169  108  )
( -6  171  113  )
( 183  263  -204  )
( 219  -304  340  )
( 157  268  124  )
( -195  182  -199  )
( 199  55  -338  )
( -322  107  178  )
( 1  45  -331  )
( -311  -349  -115  )
( -9  87  -325  )
( 71  -122  -80  )
( -199  281  -149  )
( 260  -74  129  )
( 60  -190  -328  )
( 285  208  310  )
( -295  -74  -139  )
( -130  -340  -119  )
( -145  230  -329  )
( 77  -157  38  )
( 332  -133  119  )
( -80  -212  -301  )
( 34  48  -31  )
( -69  -47  310  )
( -203  67  -300  )
( -256  217  -2  )
( 226  -223  -221  )
( -199  -113  -194  )
( 129  337  184  )
( -80  15  227  )
( 251  98  19  )
( 332  122  -93  )
( 146  -323  -160  )
( -213  -212  -281  )
( -97  -107  -189  )
( 290  -144  -291  )
( 80  242  29  )
( 343  -135  -258  )
( 211  97  -179  )
( -66  322  152  )
( -281  65  -59  )
( 297  -313  -115  )
( -39  -94  -198  )
( 117  -17  -311  )
( -336  281  -108  )
( 206  -77  -176  )
( 63  291  -51  )
( 48  -96  67  )
( 240  -329  -13  )
( -213  -10  -106  )
( 46  218  68  )
( 48  165  -133  )
( 56  53  33  )
( 161  -144  -241  )
( -280  30  162  )
( -103  -145  290  )
( 332  260  160  )
( -20  231  110  )
( 308  -76  223  )
( 222  -79  -61  )
( 68  322  27  )
( 160  75  -140  )
( -304  230  -110  )
( 297  -249  159  )
( 182  -272  -280  )
( -139  -153  33  )
( 191  4  342  )
( -23  130  -156  )
( -308  233  -31  )
( 25  -119  -198  )
( -216  52  -311  )
( -97  -131  36  )
( 15  -226  -336  )
( -73  -206  -224  )
( 253  107  159  )
( -237  -301  -240  )
( -56  -44  -255  )
( -161  -67  247  )
( -319  -86  123  )
( -239  -170  340  )
( 96  314  -70  )
( 315  209  -153  )
( 52  146  66  )
( -294  76  239  )
( -314  -125  348  )
( 138  -250  -217  )
( -208  -241  -308  )
( -84  -277  -279  )
( -13  -99  340  )
( -7  -292  -261  )
( 148  -255  160  )
( 91  -33  -126  )
( 162  -314  -108  )
( -303  82  -343  )
( -166  33  248  )
( 194  340  235  )
( 68  -216  91  )
( 271  -54  -156  )
( 55  94  -145  )
( -256  -112  -48  )
( -192  134  -270  )
( 253  166  17  )
( 129  235  -15  )
( -310  -80  203  )
( -112  -82  312  )
( -172  -51  120  )
( 208  -253  269  )
( -153  131  336  )
( 282  153  287  )
( 345  197  -155  )
( -89  48  -195  )
( -175  161  -271  )
( 322  276  -150  )
( -63  34  242  )
( 47  207  332  )
( -104  -123  83  )
( -36  48  -29  )
( -252  69  -294  )
( 120  282  -109  )
( -30  120  -136  )
( 152  59  56  )
( 168  -238  271  )
( -38  -300  139  )
( 71  177  244  )
( 144  109  216  )
( -327  -32  291  )
( 290  -78  47  )
( 247  197  56  )
( 146  -325  -29  )
( 225  -303  -169  )
( -35  -67  125  )
( -310  -43  23  )
( 317  238  92  )
( 276  -98  242  )
( -56  284  278  )
( -65  -279  -100  )
( -294  60  155  )
( -204  -202  -36  )
( -179  -308  36  )
( -41  -254  77  )
( 273  -249  -125  )
( -100  274  219  )
( -54  -222  -252  )
( -332  -61  -174  )
( 260  156  75  )
( -206  182  -143  )
( 62  245  334  )
( 231  -320  -63  )
( 293  -38  -257  )
( -343  -80  -131  )
( -293  -130  -296  )
( 281  169  -182  )
( 196  315  -295  )
( -256  -118  -191  )
( 157  167  109  )
( 219  -268  45  )
( -142  -43  -205  )
( 134  281  3  )
( -316  45  347  )
( -25  313  120  )
( -66  -109  -129  )
( 85  -52  -219  )
( 270  160  -295  )
( -184  347  -250  )
( 88  156  -149  )
( -293  -228  -302  )
( -163  227  89  )
( 170  -179  263  )
( 317  251  13  )
( -54  -311  -225  )
( -158  -193  -45  )
( -243  173  -304  )
( -25  -317  229  )
( -335  -7  312  )
( -7  -50  -274  )
( -136  193  265  )
( 104  270  -61  )
( -260  277  -54  )
( 253  225  325  )
( -324  87  209  )
( -1  -199  304  )
( -156  160  -323  )
( -214  -113  -6  )
( 208  -132  -128  )
( -113  -345  26  )
( -23  259  21  )
( 332  -196  114  )
( 192  119  -193  )
( 297  266  -240  )
( 286  161  5  )
( -309  30  -1  )
( 172  320  -127  )
( -342  -345  -248  )
( 56  35  345  )
( 174  133  -34  )
( -39  -336  -116  )
( -124  -341  67  )
( -271  250  -255  )
( 339  294  321  )
( 226  136  -75  )
( -38  -15  -68  )
( -137  149  349  )
( -129  -153  -288  )
( 236  229  346  )
( -155  -6  67  )
( 290  279  -196  )
( 73  179  202  )
( -124  -338  188  )
( -87  -247  -27  )
( -73  -37  -180  )
( -262  75  -236  )
( -38  99  9  )
( -166  340  -282  )
( 277  58  -194  )
( 263  -224  -3  )
( 293  260  348  )
( 23  -135  -39  )
( 91  -60  -114  )
( -212  161  221  )
( -123  191  292  )
( 71  -193  -45  )
( 346  -242  -202  )
( 174  -136  131  )
( 139  -85  -317  )
( 317  121  241  )
( 36  269  -316  )
( -183  -128  144  )
( -21  -43  286  )
( -82  348  242  )
( 313  246  -44  )
( 154  346  22  )
( -265  210  68  )
( 100  -318  -20  )
( 105  -18  267  )
( -137  -230  -45  )
( 205  -88  -32  )
( 153  -308  -235  )
( 117  -212  242  )
( -319  324  -227  )
( -263  -130  -259  )
( -202  25  -347  )
( -257  -159  -298  )
( 258  106  283  )
( 222  -28  -343  )
( 319  -257  86  )
( 59  224  10  )
( -295  -109  -248  )
( -24  140  244  )
( 288  -342  332  )
( -149  -131  -266  )
( -7  -53  231  )
( -164  -246  -11  )
( -347  -303  266  )
( 307  191  -305  )
( -309  -345  -290  )
( -58  -43  -214  )
( 34  283  250  )
( -136  57  98  )
( -179  -276  -257  )
( 74  -206  168  )
( 155  202  -99  )
( -169  -233  266  )
( -237  -139  127  )
( 192  -272  -235  )
( -305  65  50  )
( -95  112  67  )
( 304  269  95  )
( 297  -223  -313  )
( -40  -214  -146  )
( 113  247  244  )
( -204  38  12  )
( -329  23  226  )
( 88  -297  108  )
( 112  -0  -283  )
( 162  315  -221  )
( 198  247  210  )
( 191  155  18  )
( 42  34  185  )
( 219  260  95  )
( 129  -281  324  )
( 77  179  334  )
( 0  -39  53  )
( 274  204  234  )
( 259  348  -151  )
( -168  151  -296  )
( 236  -27  -103  )
( -83  -3  111  )
( -132  215  -179  )
( -19  33  -167  )
( -256  -327  87  )
( -16  129  -157  )
( 128  292  -132  )
( 20  -46  192  )
( -144  -248  240  )
( 300  314  192  )
( 279  203  296  )
( 290  159  -156  )
( 65  239  280  )
( -8  61  -179  )
( -252  337  -187  )
( 73  47  -91  )
( -0  -200  -98  )
( -145  146  245  )
( -90  -139  -144  )
( 289  72  187  )
( -271  323  -347  )
( -212  -93  -338  )
( 312  151  275  )
( -231  -278  54  )
( 63  -286  -256  )
( -11  142  109  )
( -107  162  190  )
( -323  -6  -151  )
( -225  171  -127  )
( -0  304  -228  )
( 250  261  -266  )
( 186  292  171  )
( -327  -259  -341  )
( 107  -33  108  )
( -37  -72  238  )
( 125  -331  322  )
( -338  19  67  )
( -114  252  -62  )
( -131  -106  -13  )
( -235  347  35  )
( -293  1  103  )
( 57  62  -328  )
( 252  -82  214  )
( -333  248  73  )
( -32  -198  51  )
( 208  -206  -150  )
( 122  6  -219  )
( -14  31  120  )
( 147  -261  -139  )
( -288  106  -77  )
( -247  226  -157  )
( -190  340  308  )
( -285  111  27  )
( 301  27  -304  )
( -282  139  30  )
( -152  -54  -155  )
( 129  26  -50  )
( -262  -60  -113  )
( 237  -86  325  )
( 89  -36  182  )
( 268  -227  -302  )
( -113  200  -310  )
( -82  -217  -46  )
( 300  -208  -202  )
( -162  -6  164  )
( 341  -343  -85  )
( -70  106  -249  )
( -235  -247  138  )
( -28  -296  -115  )
( 329  11  -45  )
( 337  5  -21  )
( -226  41  287  )
( 279  12  -240  )
( -69  40  286  )
( 204  -86  -220  )
( -317  134  -311  )
( -176  -62  -49  )
( 199  155  -38  )
( 187  159  -285  )
( -344  -67  -298  )
( -8  -242  -133  )
( 138  208  -155  )
( 201  -21  0  )
( -204  304  -328  )
( 45  -261  -26  )
( -129  85  -310  )
( -251  -148  157  )
( 194  236  -167  )
( 115  -334  25  )
( 109  -83  -169  )
( -211  -49  -262  )
( -206  221  184  )
( -189  -177  -152  )
( 200  187  -11  )
( -223  -322  -27  )
( 284  -42  319  )
( -141  -196  183  )
( 67  -25  -0  )
( 315  -212  31  )
( 56  -243  187  )
( -65  103  -286  )
( -84  156  6  )
( -171  -159  334  )
( 222  211  291  )
( -275  -231  -55  )
( 325  257  -295  )
( -128  -298  57  )
( 47  335  -91  )
( 121  156  227  )
( -258  290  184  )
( -263  83  333  )
( -161  141  -31  )
( 40  -132  225  )
( -59  -317  216  )
( 261  -315  206  )
( -310  144  -128  )
( -288  -336  148  )
( 161  -342  44  )
( 164  -15  133  )
( 74  306  239  )
( -199  -344  322  )
( -267  -192  207  )
( 159  184  -154  )
( -67  -10  -150  )
( -61  279  230  )
( -244  -136  -94  )
( 245  -200  -347  )
( -74  -53  -344  )
( 128  90  85  )
( -272  -126  213  )
( -47  340  -186  )
( 144  211  77  )
( -336  -28  -334  )
( -337  -137  -70  )
( -131  -217  124  )
( 224  282  97  )
( 32  -335  133  )
( 199  -40  119  )
( 12  79  -83  )
( 130  -300  291  )
( -145  181  -288  )
( -266  245  69  )
( 36  156  155  )
( -301  -251  309  )
( 53  278  50  )
( 30  261  177  )
( -258  342  -98  )
( 4  38  -148  )
( -69  -279  -255  )
( 106  -28  -18  )
( 31  -60  59  )
( -66  -37  -176  )
( 46  -251  -333  )
( -84  -14  159  )
( 347  173  -319  )
( -297  -251  -135  )
( 182  -100  47  )
( -334  338  -142  )
( -171  -85  -288  )
( 126  306  -244  )
( 111  246  94  )
( -38  -9  -153  )
( -240  -45  330  )
( -219  193  299  )
( 208  282  286  )
( 337  7  -87  )
( 165  302  -97  )
( -307  -89  183  )
( -307  135  -329  )
( -142  -135  66  )
( 85  -119  -248  )
( -235  275  251  )
( -216  189  88  )
( 116  -135  -77  )
( -64  -240  31  )
( -29  -288  -293  )
( -294  -227  -14  )
( -174  -308  -35  )
( 92  -269  186  )
( -9  -295  107  )
( 95  -151  202  )
( 125  165  222  )
( -334  -119  -85  )
( -171  -210  -68  )
( 239  -103  -147  )
( 77  -76  1  )
( 123  305  -96  )
( -285  147  97  )
( -250  51  283  )
( 242  -336  -18  )
( 114  -247  -259  )
( 131  309  189  )
( -154  -58  -80  )
( 341  -106  219  )
( -98  131  -93  )
( 332  -266  163  )
( -271  -264  347  )
( -18  165  158  )
( -85  136  -240  )
( 142  -104  155  )
( -39  155  45  )
( -82  -343  249  )
( -266  -69  -17  )
( -337  123  111  )
( 117  275  -11  )
( -213  -346  303  )
( 176  67  -51  )
( 172  192  9  )
( -76  37  106  )
( -333  -305  235  )
( -321  -344  203  )
( 101  -259  -237  )
( -193  171  -302  )
( 49  -29  -341  )
( 205  14  234  )
( 91  -52  345  )
( -44  320  13  )
( -29  -260  -139  )
( 17  130  -250  )
( -240  -122  -59  )
( -81  -286  -311  )
( -251  166  -348  )
( -119  127  304  )
( -71  -178  -330  )
( -53  -324  -276  )
( -230  -331  9  )
( -8  -170  -128  )
( 144  48  -21  )
( 104  -131  -207  )
( -121  31  -338  )
( -302  341  274  )
( 116  4  293  )
( -248  -155  14  )
( -37  214  80  )
( -68  -112  -65  )
( 230  113  93  )
( 174  -246  90  )
( 100  37  -229  )
( 184  -121  -321  )
( 150  -283  344  )
( 28  81  -25  )
( -16  -27  -238  )
( 89  195  185  )
( 114  -328  -338  )
( 288  -29  -313  )
( -246  -167  -103  )
( 103  -27  283  )
( 13  -33  -255  )
( -221  148  109  )
( -338  180  -32  )
( 321  53  297  )
( 11  33  54  )
( 64  -41  68  )
( -67  49  140  )
( 51  6  144  )
( -150  -48  -32  )
( -250  -306  -41  )
( 32  -343  245  )
( 87  -258  -162  )
( 82  244  207  )
( 172  96  16  )
( 26  -237  -286  )
( -193  -170  -69  )
( -272  -281  -92  )
( 41  335  205  )
( -273  -92  -219  )
( -347  319  28  )
( 115  -52  172  )
( -245  -306  -87  )
( 55  -278  -141  )
( -21  344  -341  )
( 211  117  -178  )
( 122  130  320  )
( 162  -117  16  )
( -243  95  173  )
( -306  -34  -304  )
( 13  145  -279  )
( -270  111  -286  )
( -228  91  50  )
( -31  -261  -340  )
( -322  274  -135  )
( -344  89  -67  )
( 210  258  116  )
( -146  225  184  )
( -2  1  314  )
( -61  88  -331  )
( 312  220  187  )
( -204  -230  -28  )
( -61  -106  -3  )
( 154  -224  220  )
( 251  28  16  )
( 309  235  -297  )
( -251  -31  -69  )
( 196  -339  -50  )
( -36  215  39  )
( -349  266  48  )
( 54  -201  -170  )
( -84  -125  -157  )
( 176  92  -227  )
( 98  249  -76  )
( -87  -224  70  )
( 81  -102  290  )
( 49  -55  -317  )
( 260  35  -171  )
( 314  217  57  )
( -252  12  -234  )
( 175  104  -325  )
( -268  343  36  )
( 30  271  1  )
( 43  35  162  )
( -53  -284  8  )
( -120  53  -218  )
( 278  279  -209  )
( 328  -325  -31  )
( -127  131  312  )
( -260  131  -272  )
( -204  206  325  )
( -224  349  -83  )
( 29  -286  97  )
( 302  -134  -58  )
( -87  -182  255  )
( -157  192  -2  )
( -344  -335  -41  )
( -77  -319  -173  )
( -204  175  -239  )
( -313  -133  153  )
( -345  -227  -301  )
( 141  -347  185  )
( -124  -49  63  )
( 290  -160  187  )
( -287  -206  -220  )
( 144  43  -200  )
( -348  -285  77  )
( 135  199  -102  )
( -27  56  -45  )
( -253  225  -13  )
( 49  155  -238  )
( -149  -128  32  )
( 5  -188  228  )
( -24  149  -133  )
( -231  -187  85  )
( -47  -244  -81  )
( 255  240  159  )
( 65  128  132  )
( 98  190  208  )
( 214  -328  0  )
( 233  182  253  )
( 167  -62  -0  )
( -3  306  300  )
( 22  93  -164  )
( -91  -295  -66  )
( 340  -261  -125  )
( 224  -89  68  )
( -259  -128  -62  )
( 128  116  209  )
( -234  133  -293  )
( -31  230  -244  )
( -323  -250  243  )
( -176  -211  13  )
( 136  226  64  )
( -180  -77  -50  )
( 62  -53  -61  )
( 61  62  2  )
( 179  -130  -313  )
( 293  34  205  )
( 292  266  -280  )
( 193  -322  1  )
( 253  -314  -334  )
( 48  258  104  )
( -341  -211  -222  )
( -210  -240  -72  )
( 266  -62  -142  )
( 42  -312  153  )
( -38  -340  331  )
( -107  -68  -228  )
( 314  -243  -309  )
( 147  -323  -133  )
( 291  -324  -154  )
( 100  -196  -169  )
( 221  3  100  )
( -303  -195  78  )
( 327  -226  189  )
( -17  0  51  )
( 257  256  -169  )
( 62  151  -207  )
( 170  -29  225  )
( -245  -162  -205  )
( -327  238  179  )
( 138  330  -257  )
( 49  -2  -110  )
( 279  103  -26  )
( -68  -38  108  )
( 336  -215  -210  )
( 78  1  -117  )
( 153  115  -173  )
( 124  -201  328  )
( -278  -53  -162  )
( -0  -191  225  )
( 38  223  42  )
( -158  -346  264  )
( 194  -279  165  )
( -274  -108  -93  )
( 152  206  253  )
( -309  -321  -339  )
( 321  329  -179  )
( 348  -28  59  )
( 304  -201  -159  )
( 215  15  330  )
( 332  -26  23  )
( -231  -72  -302  )
( -154  90  -291  )
( -124  116  157  )
( 48  -300  -171  )
( -136  -281  147  )
( 229  263  -320  )
( -4  49  297  )
( -225  -167  40  )
( 78  -255  -176  )
( 94  -179  290  )
( -115  18  32  )
( 294  -123  83  )
( -253  -135  163  )
( -8  -147  177  )
( 105  -267  -279  )
( 189  87  -198  )
( -297  139  246  )
( 96  -207  -110  )
( -22  34  -270  )
( -115  -21  181  )
( -195  321  274  )
( -32  -316  -99  )
( -310  130  -257  )
( 6  170  -265  )
( 178  90  103  )
( 221  64  -200  )
( 153  -89  -73  )
( 324  202  143  )
( -273  -16  -163  )
( -166  176  -58  )
( -55  -148  216  )
( 230  243  -110  )
( -284  243  -191  )
( -318  -319  -126  )
( -229  -197  242  )
( -28  186  -344  )
( -65  12  62  )
( 325  -255  102  )
( -269  15  227  )
( 39  217  -65  )
( -99  212  15  )
( -85  -45  283  )
( 154  261  -62  )
( -127  -238  -135  )
( 188  67  -158  )
( -23  112  343  )
( -50  -325  -93  )
( 293  6  -66  )
( 301  -180  -161  )
( 55  146  -33  )
( -17  304  -311  )
( -52  275  189  )
( -133  54  242  )
( -67  32  147  )
( -291  258  -259  )
( -222  -65  68  )
( -212  -232  30  )
( 174  -263  81  )
( -191  16  -278  )
( -39  35  -216  )
( 110  349  126  )
( 170  348  310  )
( -187  151  204  )
( 154  -112  269  )
( -340  347  233  )
( 113  -10  -328  )
( 3  -20  192  )
( -168  269  -56  )
( 290  -306  114  )
( -193  81  -277  )
( -248  -98  -88  )
( -7  80  232  )
( -90  -324  -97  )
( -258  -22  -312  )
( -324  313  320  )
( -207  -65  -308  )
( -302  204  -129  )
( -259  -273  -42  )
( 233  -111  -235  )
( -85  202  -184  )
( -84  -2  231  )
( 185  -19  105  )
( 295  307  -266  )
( -178  65  341  )
( -338  89  -216  )
( -335  191  127  )
( 291  257  -235  )
( 203  232  56  )
( 190  -208  237  )
( -279  -263  -337  )
( -29  -10  -83  )
( -75  -58  -151  )
( -303  -311  31  )
( 237  -9  -282  )
( 268  -158  99  )
( 291  163  -304  )
( -173  305  -93  )
( -87  -68  -132  )
( 269  -259  -149  )
( 318  -216  224  )
( -93  -179  -336  )
( 117  81  65  )
( -187  -250  73  )
( -225  -103  -299  )
( -316  10  120  )
( 190  -150  343  )
( -255  -14  -244  )
( 272  -177  297  )
( -110  1  -223  )
( 74  234  163  )
( 281  209  158  )
( 87  136  31  )
( -298  -196  2  )
( 100  77  255  )
( 119  261  -283  )
( 49  -156  -81  )
( 114  227  60  )
( -212  117  -153  )
( -114  124  -290  )
( -165  138  -21  )
( 158  -127  -10  )
( 55  -91  279  )
( 161  -240  -52  )
( -150  100  -311  )
( -341  170  -131  )
( -326  309  55  )
( 165  -332  -105  )
( -345  -4  -233  )
( -65  -210  312  )
( 45  51  231  )
( 49  125  43  )
( -252  283  -125  )
( -175  -302  -31  )
( 141  233  208  )
( 20  -343  -167  )
( -164  242  50  )
( 89  46  -93  )
( 198  -7  -199  )
( 242  174  115  )
( -305  208  -144  )
( 22  298  -12  )
( 74  17  -30  )
( 48  86  -312  )
( 184  193  91  )
( -299  347  -222  )
( -254  291  338  )
( -306  82  -73  )
( 118  100  2  )
( -121  210  151  )
( 185  -126  233  )
( 308  -318  342  )
( -39  -185  -346  )
( 324  57  242  )
( -34  39  346  )
( 87  42  -196  )
( 334  152  266  )
( 321  59  -123  )
( 166  -120  -265  )
( 4  -171  -335  )
( -143  -231  -128  )
( 188  332  334  )
( 125  15  -329  )
( -132  221  84  )
( 281  119  -276  )
( 289  -333  327  )
( 304  251  -33  )
( 103  127  -17  )
( 25  -100  48  )
( -87  192  35  )
( 191  250  98  )
( -188  217  -116  )
( -220  138  112  )
( 72  138  -195  )
( -288  45  256  )
( -259  30  -117  )
( -109  -302  64  )
( 310  -302  180  )
( -273  -104  308  )
( -145  -271  -297  )
( -320  97  -315  )
( 124  -228  -34  )
( -15  226  231  )
( 213  257  -13  )
( 52  348  331  )
( 340  -50  14  )
( -242  -16  -269  )
( 313  -267  -88  )
( 171  -301  -345  )
( -158  330  321  )
( 112  -64  177  )
( 102  -320  153  )
( 30  -201  -91  )
( -344  -59  -274  )
( -219  62  -253  )
( -206  294  201  )
( -201  -151  -282  )
( -289  212  127  )
( 118  -276  73  )
( 189  -143  224  )
( 92  73  86  )
( 152  -58  -288  )
( 281  151  280  )
( -68  23  179  )
( 47  -342  -240  )
( 239  -277  -55  )
( 177  -13  288  )
( 147  8  224  )
( 328  303  -106  )
( -158  251  120  )
( 102  -308  -136  )
( -230  190  19  )
( -28  116  -308  )
( -234  -87  173  )
( -25  179  -254  )
( -273  -53  -19  )
( 191  272  -224  )
( 326  237  288  )
( 293  -285  -321  )
( 266  -159  340  )
( 129  135  -229  )
( 121  -197  279  )
( -236  233  -320  )
( -97  37  -118  )
( -145  235  -130  )
( -172  173  -206  )
( 20  -222  51  )
( -255  340  325  )
( 116  68  -148  )
( -212  -181  -214  )
( -58  91  270  )
( -50  222  82  )
( 84  -342  -58  )
( 1  330  198  )
( 129  118  103  )
( -206  170  -78  )
( -17  27  -194  )
( 48  -7  -133  )
( 117  -275  -9  )
( -50  -318  273  )
( 84  146  -282  )
( -207  66  216  )
( -63  -236  224  )
( 236  -273  -15  )
( -86  -35  -234  )
( 154  -135  -10  )
( 9  -159  -310  )
( -219  -112  -190  )
( -144  -58  136  )
( -289  -178  -31  )
( 215  -282  -113  )
( -315  -223  6  )
( -12  28  -102  )
( -225  168  339  )
( -46  -264  161  )
( 126  -286  192  )
( -292  299  -272  )
( -173  -21  -48  )
( -323  31  201  )
( 295  -336  -279  )
( 263  -260  -192  )
( 124  117  192  )
( 137  -262  302  )
( -299  -42  59  )
( 158  -159  -209  )
( 99  -300  -330  )
( -325  -160  -15  )
( 216  -101  57  )
( -125  37  60  )
( 56  49  -214  )
( 28  135  198  )
( 129  268  126  )
( 23  -248  -41  )
( 106  81  -132  )
( 132  88  186  )
( -110  221  316  )
( -59  -47  -349  )
( 8  -222  118  )
( -290  -129  -342  )
( -28  -75  -53  )
( 131  13  169  )
( 142  82  108  )
( 98  -264  136  )
( -77  -39  -43  )
( 22  -287  -279  )
( 328  -184  -81  )
( 263  211  -142  )
( -106  236  123  )
( -49  211  -22  )
( -91  98  205  )
( 36  -349  -151  )
( -283  228  147  )
( 55  -101  -64  )
( 17  250  -257  )
( 248  -337  -114  )
( -327  -186  -326  )
( 279  -30  -191  )
( -335  230  71  )
( 216  306  -298  )
( -227  -63  341  )
( -214  -102  -307  )
( -74  31  309  )
( 9  -41  -92  )
( -120  -183  -188  )
( -234  -132  -325  )
( 242  92  -98  )
( 169  -243  -307  )
( -239  336  -246  )
( -108  -211  -54  )
( -59  -331  -121  )
( -163  -76  -42  )
( -319  -113  216  )
( 116  136  -52  )
( -266  -27  41  )
( 124  272  -321  )
( -260  -129  161  )
( 153  -219  -35  )
( -57  131  -72  )
( 41  51  159  )
( -329  -250  200  )
( -23  317  16  )
( 138  69  139  )
( 114  318  -138  )
( 6  142  -303  )
( 160  328  -204  )
( -314  -317  5  )
( -325  -53  -300  )
( -41  -200  -244  )
( 10  -5  -114  )
( 152  329  337  )
( 0  333  -58  )
( -195  -332  55  )
( 335  115  274  )
( -342  -127  22  )
( -246  -267  -84  )
( -99  -230  -337  )
( 335  -330  191  )
( -217  21  -289  )
( -156  58  -4  )
( -8  160  -142  )
( 287  223  198  )
( -348  -104  -171  )
