( 71  236  -62  )
( 106  174  209  )
( -18  341  66  )
( -82  -244  -106  )
( 335  176  111  )
( 224  249  115  )
( -339  74  148  )
( 229  339  -183  )
( -54  199  -52  )
( -39  211  -17  )
( 290  195  48  )
( 318  89  -145  )
( -113  -343  -98  )
( 335  164  184  )
( 163  7  -169  )
( -302  -193  200  )
( -27  -164  -7  )
( -320  326  -52  )
( 278  225  27  )
( 165  -115  -150  )
( -103  201  -325  )
( -261  -154  -238  )
( 19  -96  -341  )
( 183  47  -17  )
( -338  -104  102  )
( 19  97  -190  )
( 23  -165  343  )
( 342  -286  -291  )
( -246  219  -25  )
( -323  -32  166  )
( -71  -95  324  )
( -341  202  329  )
( -337  -239  -184  )
( -161  158  -99  )
( 36  -80  -44  )
( 254  11  -190  )
( -140  -168  -2  )
( -348  75  290  )
( -35  -66  -277  )
( 80  -200  -184  )
( -131  -40  274  )
( 271  -102  -43  )
( 147  -65  288  )
( -35  142  -348  )
( -347  324  311  )
( 284  -219  220  )
( -12  152  -79  )
( -304  -307  -61  )
( -128  332  -208  )
( -281  -19  4  )
( 148  -304  -119  )
( -294  -106  -45  )
( -108  -232  -122  )
( 113  273  30  )
( 68  -18  271  )
( 145  162  75  )
( 24  201  186  )
( 78  -233  -268  )
( -14  54  -41  )
( 57  60  -250  )
( 134  335  -284  )
( -338  212  -87  )
( -161  191  -305  )
( 250  291  -275  )
( -269  -333  -204  )
( 45  -140  -261  )
( -111  24  255  )
( -238  -278  46  )
( 23  -47  104  )
( 183  -193  -81  )
( -292  25  -100  )
( -129  -200  216  )
( -35  -313  -54  )
( -192  -126  7  )
( -49  -280  165  )
( 162  134  -99  )
( -173  293  2  )
( 135  340  -156  )
( -270  -128  -255  )
( 268  -289  -48  )
( -88  -138  -116  )
( -297  278  -285  )
( 339  -341  10  )
( -1  -4  -92  )
( 27  -118  170  )
( -219  267  -233  )
( -302  -68  -15  )
( -100  292  162  )
( -157  75  287  )
( -93  321  -66  )
( 130  340  15  )
( 330  307  -334  )
( 216  -247  -298  )
( -119  302  144  )
( -241  60  -317  )
( -333  163  305  )
( 10  -166  -218  )
( -258  -263  6  )
( -119  23  107  )
( -154  -158  -323  )
( -309  187  156  )
( -254  252  -115  )
( 291  241  134  )
( 283  -274  252  )
( 322  -51  267  )
( 16  -29  -112  )
( 3  73  -222  )
( 282  51  -203  )
( 72  282  -10  )
( 279  -261  -150  )
( -202  -147  -197  )
( 256  227  149  )
( 138  -334  -50  )
( -204  216  331  )
( 129  -290  215  )
( -283  -41  321  )
( 280  260  -19  )
( 53  50  -344  )
( 329  103  67  )
( 55  13  10  )
( 69  42  -142  )
( -170  122  -190  )
( 14  -31  -348  )
( 40  -45  -25  )
( 213  -188  -303  )
( 26  -241  74  )
( 155  114  -44  )
( -14  207  -241  )
( 284  251  60  )
( -253  -58  -278  )
( 135  -73  34  )
( -264  248  334  )
( -276  162  327  )
( -95  215  132  )
( 191  -169  53  )
( 110  117  72  )
( -316  -107  336  )
( 137  348  21  )
( 155  -59  283  )
( 94  12  -165  )
( 87  -44  -205  )
( 158  303  291  )
( -146  -312  -271  )
( -181  88  -89  )
( 344  329  345  )
( -65  263  -84  )
( 49  -304  -178  )
( 188  44  153  )
( 68  -88  -333  )
( -92  -50  -27  )
( -206  -46  -1  )
( -190  132  -341  )
( -292  -263  237  )
( 125  293  334  )
( -40  -110  286  )
( 230  335  -331  )
( -71  -286  -166  )
( -15  -260  -308  )
( 3  211  130  )
( 313  169  228  )
( -349  -235  -254  )
( -123  330  -320  )
( -163  -159  -250  )
( -191  -297  275  )
( 39  211  -214  )
( -306  26  107  )
( 346  -158  -68  )
( 277  308  81  )
( -113  60  -340  )
( 334  321  282  )
( 199  -164  -175  )
( -94  293  -320  )
( 130  -125  109  )
( 276  -263  -193  )
( -186  -28  -323  )
( 180  66  -191  )
( 157  -337  -227  )
( 134  -8  130  )
( -252  -348  106  )
( -280  -199  -188  )
( 19  131  17  )
( 70  85  121  )
( -227  -141  129  )
( 104  -126  55  )
( 278  32  -260  )
( -344  -208  278  )
( 115  221  340  )
( -59  -232  341  )
( 139  -335  -229  )
( 111  -311  -307  )
( -200  145  -324  )
( -264  -168  111  )
( -9  -198  210  )
( -226  13  -286  )
( -185  -146  293  )
( -212  -114  -61  )
( -49  -14  43  )
( 222  210  -16  )
( 229  259  -288  )
( 327  67  -125  )
( 138  254  75  )
( -224  -98  -320  )
( 188  -190  313  )
( 266  -0  128  )
( 114  347  -123  )
( -324  -78  142  )
( -276  -298  -161  )
( -182  251  23  )
( 111  -310  -64  )
( 338  246  318  )
( -238  -119  -46  )
( -308  -135  -268  )
( 345  -158  319  )
( 178  204  225  )
( 307  158  184  )
( 263  293  93  )
( -256  270  -341  )
( -36  35  124  )
( -12  303  301  )
( 22  -339  30  )
( -166  -280  -288  )
( -230  136  -222  )
( -78  296  -326  )
( -72  136  138  )
( -335  -289  -207  )
( 333  146  56  )
( 86  318  91  )
( 153  43  -42  )
( -60  301  311  )
( 138  -86  251  )
( -198  202  291  )
( 71  178  209  )
( 69  179  -183  )
( 74  -153  -76  )
( -194  60  -242  )
( -67  229  276  )
( -82  248  -251  )
( -113  128  -118  )
( 185  -91  -312  )
( 194  -230  34  )
( -326  11  -288  )
( 2  144  254  )
( 215  3  169  )
( -117  -159  190  )
( 151  -48  72  )
( -154  -94  273  )
( -244  -248  121  )
( 224  193  -109  )
( 229  -342  312  )
( 53  -194  -299  )
( -87  -212  314  )
( 134  90  320  )
( -310  -257  -39  )
( -346  132  262  )
( 84  -312  -51  )
( -254  -6  339  )
( 144  -63  -148  )
( 139  41  -209  )
( 309  328  -344  )
( -184  -54  347  )
( 185  117  311  )
( -152  -233  285  )
( 259  -127  331  )
( -114  -326  333  )
( -7  317  -187  )
( 166  215  -257  )
( 294  218  -62  )
( -279  -255  48  )
( -251  -309  -30  )
( 59  17  282  )
( 105  -245  -160  )
( 138  -242  -222  )
( -61  197  179  )
( -80  32  158  )
( 146  347  236  )
( -92  261  -207  )
( 144  -188  -184  )
( -86  311  -137  )
( -22  171  216  )
( -303  -118  -175  )
( -146  191  188  )
( 59  176  -145  )
( 349  -254  -128  )
( -283  -218  -111  )
( -173  257  -42  )
( -131  -159  265  )
( 11  -79  309  )
( -177  208  305  )
( 279  310  -271  )
( 108  -254  -124  )
( -97  337  53  )
( -138  -38  -82  )
( -53  103  253  )
( 347  308  -187  )
( 75  222  148  )
( 147  -4  113  )
( -99  209  -323  )
( -72  111  -0  )
( -268  273  -303  )
( -21  0  -302  )
( -253  -34  304  )
( 19  133  325  )
( -220  6  -266  )
( 69  214  -236  )
( 200  -272  -153  )
( 153  -110  244  )
( 7  148  178  )
( -144  -130  -234  )
( 318  -312  -197  )
( 232  -202  92  )
( -189  -213  -176  )
( -146  -136  70  )
( 220  120  -42  )
( -109  -200  315  )
( -178  -202  -269  )
( 15  -193  258  )
( -34  283  81  )
( -181  -16  185  )
( 221  332  335  )
( -16  -150  -3  )
( 164  -254  -222  )
( 276  306  27  )
( 107  -98  -346  )
( 331  95  77  )
( 2  -276  157  )
( 239  -18  -176  )
( -138  -240  87  )
( -303  -300  345  )
( 57  -277  -184  )
( 174  -27  -121  )
( -92  -59  90  )
( 121  -265  210  )
( -158  -111  -87  )
( -306  131  216  )
( -44  115  -2  )
( -215  -60  -159  )
( 289  -274  -62  )
( 175  73  205  )
( 242  5  -239  )
( -131  -202  -275  )
( -336  136  19  )
( -278  61  128  )
( -133  -251  -310  )
( 196  -283  -2  )
( 144  -118  -164  )
( 143  82  -150  )
( -213  -133  -255  )
( -55  -330  229  )
( -226  14  -139  )
( -125  -336  3  )
( 41  -59  -84  )
( -70  262  -93  )
( -50  -130  10  )
( 120  -307  -348  )
( 12  -9  -175  )
( -176  -213  -298  )
( 263  153  -100  )
( -203  -91  345  )
( -141  306  305  )
( -347  222  -338  )
( 296  219  -98  )
( -18  35  -19  )
( -79  66  -143  )
( 38  25  -94  )
( -81  170  -260  )
( 54  -324  279  )
( -216  -333  -248  )
( -241  -306  123  )
( 288  263  -252  )
( 117  17  -224  )
( -322  328  -164  )
( 95  -43  38  )
( -214  -161  -304  )
( 302  117  -220  )
( 106  -322  -86  )
( -160  316  132  )
( 41  305  -83  )
( -116  198  248  )
( -177  -105  51  )
( 117  8  239  )
( -205  263  -272  )
( -281  -145  -255  )
( 228  -62  31  )
( -126  -198  0  )
( -218  62  -173  )
( 112  -278  -83  )
( 253  149  89  )
( -214  261  124  )
( -49  -218  280  )
( 171  -317  -180  )
( -277  -323  270  )
( -266  65  23  )
( 244  -39  136  )
( -229  -295  117  )
( 284  -303  -274  )
( -276  199  333  )
( -67  144  -232  )
( -42  229  -161  )
( -32  -118  224  )
( -169  19  -43  )
( -237  -303  308  )
( 30  -26  295  )
( 269  317  200  )
( 149  290  129  )
( 0  -296  339  )
( -82  16  -39  )
( 146  -290  -49  )
( 193  -235  213  )
( -18  -305  -284  )
( -251  -177  -55  )
( -75  65  151  )
( 51  -160  -148  )
( -344  276  121  )
( -320  -251  283  )
( 267  103  279  )
( 294  -136  186  )
( -79  -171  13  )
( 207  347  100  )
( 311  -156  7  )
( 277  -165  257  )
( 291  -231  213  )
( -142  -36  173  )
( 18  -219  -162  )
( -81  165  119  )
( 140  53  -207  )
( 144  310  268  )
( -50  -95  -52  )
( 174  -74  -197  )
( -169  196  53  )
( 81  -114  -20  )
( 264  -311  239  )
( -208  321  302  )
( -63  162  45  )
( -245  -269  -15  )
( -290  -205  -207  )
( -277  -281  -264  )
( 113  253  317  )
( -204  301  111  )
( 195  -158  339  )
( 95  120  -147  )
( 57  15  161  )
( -237  185  -307  )
( 122  192  155  )
( 315  -123  247  )
( -263  169  117  )
( 43  -260  -316  )
( 245  47  -233  )
( -227  229  49  )
( -270  306  93  )
( 337  -322  -344  )
( 144  -33  344  )
( -203  115  286  )
( -296  -320  -272  )
( -169  194  62  )
( -90  -22  289  )
( -248  -80  -123  )
( 56  -252  102  )
( -201  -167  -37  )
( -106  135  169  )
( -214  -179  -331  )
( 71  -343  23  )
( -145  -19  -142  )
( -215  -141  301  )
( -120  -242  20  )
( -315  346  -151  )
( -19  -244  259  )
( -6  218  -341  )
( -71  209  263  )
( -323  24  -101  )
( -53  -285  -40  )
( 246  28  -35  )
( 75  255  44  )
( 103  53  -221  )
( 166  -298  -328  )
( 203  -210  -232  )
( -176  -231  -16  )
( -17  -130  -187  )
( 115  -47  -23  )
( -320  267  -32  )
( 275  243  34  )
( -218  11  164  )
( -194  117  -115  )
( 259  89  -283  )
( -49  -233  -302  )
( 154  339  139  )
( 242  -102  113  )
( 348  66  -330  )
( 76  288  -202  )
( 319  -260  -173  )
( -132  328  -210  )
( -10  -204  264  )
( 141  -337  342  )
( -142  186  -322  )
( 342  -326  -122  )
( -178  48  312  )
( 316  198  92  )
( -8  -136  242  )
( -233  -234  -346  )
( 187  235  -107  )
( -73  101  296  )
( -165  24  -212  )
( 113  54  -15  )
( 148  -220  -199  )
( -168  -252  -233  )
( 306  -115  16  )
( 52  -22  -34  )
( 330  -246  282  )
( -191  292  -261  )
( 200  236  116  )
( 133  -240  -72  )
( -267  289  143  )
( -340  144  -254  )
( 242  337  -53  )
( -208  -149  -332  )
( 141  -135  67  )
( -80  337  -147  )
( 305  35  308  )
( 160  92  168  )
( 21  234  -332  )
( -227  -118  343  )
( 113  -207  82  )
( 37  61  28  )
( -327  -308  -82  )
( 156  229  282  )
( -127  65  -203  )
( -315  59  343  )
( 331  -130  -161  )
( -314  -67  -53  )
( 34  63  -75  )
( 60  291  -93  )
( 175  129  -233  )
( -261  85  -310  )
( 68  -113  -134  )
( 49  -99  32  )
( -145  181  203  )
( 159  191  256  )
( -275  -150  -338  )
( -94  143  -51  )
( -261  260  39  )
( -27  286  253  )
( 26  3  -222  )
( 58  51  181  )
( 219  -77  83  )
( -174  338  286  )
( 57  -69  -328  )
( -163  -346  -156  )
( -201  11  -114  )
( 58  -162  183  )
( -141  220  115  )
( -30  -129  -251  )
( 16  133  -174  )
( -290  169  147  )
( 140  75  -121  )
( 270  -241  308  )
( -319  -80  -141  )
( 178  -201  76  )
( 148  113  161  )
( -191  174  -35  )
( 222  199  -173  )
( 274  -298  -165  )
( -269  103  260  )
( 263  225  207  )
( 141  70  269  )
( 271  0  267  )
( 125  -273  306  )
( -344  266  -243  )
( -176  -340  -143  )
( 249  267  -201  )
( -250  -146  -59  )
( 173  255  46  )
( -38  -325  -183  )
( 179  -277  349  )
( 137  -76  313  )
( -25  272  -153  )
( 42  -257  -50  )
( 214  -247  -274  )
( -323  -286  -258  )
( 36  -158  245  )
( 129  54  181  )
( -77  -318  -65  )
( -305  336  -213  )
( 68  118  29  )
( -246  -181  9  )
( -328  -287  118  )
( -341  -62  51  )
( -331  -271  -198  )
( 316  14  -62  )
( 93  -1  184  )
( -341  -196  -200  )
( 73  -258  -287  )
( 110  302  34  )
( 155  -261  -103  )
( -343  -290  -95  )
( 200  -112  75  )
( -234  199  276  )
( -285  58  -35  )
( -2  -177  -313  )
( -91  -263  -17  )
( 27  -337  -14  )
( -143  -213  186  )
( 246  -164  138  )
( 148  41  -319  )
( 297  -321  -148  )
( -299  226  -276  )
( -281  -221  -272  )
( 274  227  211  )
( 243  220  -231  )
( -45  -124  40  )
( -25  -313  -348  )
( 296  324  -139  )
( 8  262  298  )
( 42  -170  -16  )
( -213  271  -2  )
( -283  -105  302  )
( 183  240  86  )
( 26  297  247  )
( -6  55  72  )
( 330  311  98  )
( -268  -244  -322  )
( 189  -295  -92  )
( -4  -27  -132  )
( 179  171  215  )
( 125  296  -121  )
( 246  -33  313  )
( -341  -187  116  )
( -313  250  -254  )
( -105  76  -288  )
( -303  236  -118  )
( 214  -245  66  )
( 120  50  -17  )
( 1  272  -287  )
( -200  213  -71  )
( 12  -344  316  )
( 82  39  54  )
( 132  -116  320  )
( 337  137  -101  )
( 235  -33  148  )
( 225  347  -344  )
( 227  -72  87  )
( -230  -329  97  )
( -4  -59  -121  )
( 338  172  211  )
( -323  -264  120  )
( -331  -328  -214  )
( 279  25  -300  )
( 52  -244  340  )
( 217  -125  69  )
( -209  145  -339  )
( -141  64  -340  )
( -18  -315  172  )
( 340  292  -342  )
( -302  -241  54  )
( 284  -180  104  )
( -136  14  152  )
( -221  -196  70  )
( -62  -331  -69  )
( 29  168  -334  )
( 56  198  -220  )
( -223  -43  220  )
( -225  -161  319  )
( 61  -300  -15  )
( -339  -261  -66  )
( 102  -194  323  )
( -319  342  87  )
( -248  -199  -271  )
( -181  -237  -105  )
( -9  47  296  )
( -107  -164  -12  )
( -189  -196  178  )
( -231  336  -343  )
( 254  -136  -278  )
( 84  -216  74  )
( 153  28  -184  )
( -147  -122  45  )
( 187  -311  -76  )
( 264  84  -101  )
( 89  314  205  )
( -343  196  -167  )
( 198  234  -181  )
( -214  143  -257  )
( 237  46  -324  )
( 171  292  133  )
( -46  102  -35  )
( -81  -158  307  )
( 199  -245  130  )
( 81  -8  -112  )
( -289  -309  135  )
( -324  315  138  )
( -53  -161  -85  )
( 53  -310  -280  )
( -214  258  321  )
( 248  65  -267  )
( 346  282  118  )
( 323  -60  -129  )
( -331  -158  17  )
( -35  -296  136  )
( 52  -41  303  )
( 194  245  102  )
( -161  -37  -46  )
( -133  -338  120  )
( -23  -250  255  )
( -207  -255  -10  )
( -17  109  211  )
( -115  -335  32  )
( -194  -107  -206  )
( -75  130  -208  )
( 48  -258  -172  )
( -218  -100  336  )
( -111  -22  -105  )
( -343  -10  344  )
( 276  287  318  )
( 255  150  -293  )
( -162  247  349  )
( -176  323  -89  )
( -46  -333  -80  )
( -195  177  180  )
( -312  129  332  )
( 19  142  240  )
( -192  -161  -79  )
( -236  171  7  )
( -266  211  67  )
( 255  -49  238  )
( -342  205  -11  )
( -199  115  241  )
( -304  -59  219  )
( -36  -41  -140  )
( 304  -230  -31  )
( -43  -61  -14  )
( -197  279  -229  )
( 129  -31  171  )
( -60  97  229  )
( -30  310  158  )
( 46  -109  250  )
( 305  -55  244  )
( -236  -299  75  )
( -79  -226  -230  )
( 264  -303  110  )
( -296  -234  -274  )
( 46  -188  -260  )
( 201  -199  282  )
( -68  210  -23  )
( 124  -80  -160  )
( -195  348  -109  )
( 235  48  -175  )
( 268  -314  -280  )
( -119  111  -129  )
( -38  297  -3  )
( -6  46  99  )
( -35  -305  -72  )
( -190  -41  -295  )
( -208  -138  -100  )
( 52  -139  313  )
( -138  255  91  )
( 118  -64  226  )
( 249  -63  -230  )
( 56  128  -22  )
( -251  -152  153  )
( -338  -268  -321  )
( 13  -292  264  )
( -212  -281  -50  )
( -228  -255  -153  )
( -268  113  -224  )
( 263  211  273  )
( -60  -255  -289  )
( -312  298  -301  )
( 27  -160  339  )
( -106  -255  -326  )
( -118  -277  239  )
( -199  158  -193  )
( 224  -311  116  )
( 305  -138  -177  )
( 40  346  -207  )
( 238  100  56  )
( 216  -312  53  )
( -51  -71  140  )
( 227  -67  278  )
( -75  280  -181  )
( 192  300  290  )
( 70  186  -205  )
( -125  207  143  )
( -253  79  145  )
( 232  230  285  )
( 142  259  294  )
( 11  -255  -148  )
( 323  -100  257  )
( -8  -281  94  )
( -2  102  -155  )
( 331  98  -347  )
( 92  306  146  )
( 197  -293  110  )
( -154  319  256  )
( -46  -15  -308  )
( -1  301  77  )
( -77  68  343  )
( 45  329  -93  )
( 140  -183  284  )
( -66  99  -214  )
( -126  -271  -111  )
( -17  -42  180  )
( -301  -28  287  )
( -215  221  -19  )
( 90  -14  224  )
( 272  39  31  )
( 326  202  -316  )
( -98  327  -166  )
( -97  93  12  )
( 331  -319  130  )
( 188  -332  193  )
( 4  -123  -188  )
( 60  274  -312  )
( 263  64  -198  )
( -180  -51  0  )
( -52  41  2  )
( 254  -227  228  )
( -215  -43  311  )
( 289  229  -62  )
( -44  254  37  )
( -247  -251  195  )
( -209  -71  -112  )
( -200  -231  -323  )
( -236  346  -287  )
( 149  -137  327  )
( 243  76  -224  )
( -45  202  -204  )
( -36  281  339  )
( -17  189  -332  )
( -290  246  165  )
( -174  153  -312  )
( -172  51  309  )
( 119  -49  -193  )
( -62  -301  171  )
( -66  -154  17  )
( -159  157  166  )
( -341  -51  156  )
( -124  34  -33  )
( 245  -122  288  )
( -208  -304  -113  )
( -263  -317  48  )
( 317  -104  113  )
( 159  131  -293  )
( -168  -6  331  )
( 21  314  -8  )
( -328  139  -186  )
( -278  26  292  )
( 70  -189  -241  )
( 285  76  192  )
( 349  -236  -169  )
( 188  -268  -341  )
( 294  -271  -174  )
( -61  -264  -85  )
( 200  185  184  )
( 295  15  -4  )
( 0  -77  17  )
( -50  322  171  )
( -199  -211  -118  )
( -27  -163  -30  )
( 21  333  -313  )
( -252  -264  215  )
( 121  -28  -87  )
( 181  -167  193  )
( 50  -91  234  )
( -179  -314  290  )
( 122  -124  -128  )
( -156  203  129  )
( 245  278  326  )
( -196  -43  85  )
( -0  248  174  )
( -272  253  -331  )
( -222  -260  -316  )
( 9  -216  270  )
( 193  -300  85  )
( 34  -233  200  )
( 249  317  -344  )
( -129  85  -224  )
( 181  -81  19  )
( -185  22  -335  )
( 71  -89  -69  )
( 278  -345  247  )
( -119  -304  27  )
( -11  7  72  )
( -56  -337  87  )
( 202  273  -169  )
( 180  75  -193  )
( -142  292  -201  )
( -312  -60  -219  )
( -42  -28  -125  )
( -234  349  114  )
( 150  224  201  )
( 123  86  174  )
( -32  -108  145  )
( -196  48  -248  )
( 199  -182  -92  )
( -27  313  -74  )
( 301  -284  50  )
( 109  -220  216  )
( -184  -135  -79  )
( 324  -20  133  )
( -1  -280  202  )
( -16  -166  93  )
( 201  -174  318  )
( 290  -245  -213  )
( 34  -298  235  )
( 71  242  -62  )
( -299  -54  226  )
( -77  -148  -220  )
( -138  294  214  )
( 227  162  -204  )
( 220  215  -73  )
( -206  99  -140  )
( 86  -125  -238  )
( -230  18  -95  )
( 130  -349  244  )
( -200  -17  73  )
( -131  194  316  )
( -214  -289  -107  )
( 183  -279  7  )
( 90  100  231  )
( 233  -191  36  )
( 147  319  80  )
( -230  -262  168  )
( 274  44  -280  )
( 265  130  -167  )
( 170  -66  55  )
( -110  91  -320  )
( -291  270  -21  )
( -123  305  45  )
( -306  237  97  )
( -130  72  -200  )
( -122  -105  -68  )
( 148  -3  319  )
( -267  -72  344  )
( 266  -75  271  )
( 246  147  -197  )
( -294  -285  320  )
( -132  335  -304  )
( -143  59  -173  )
( -320  -255  0  )
( -211  -248  325  )
( 78  194  328  )
( -93  292  97  )
( 232  -60  -247  )
( -197  62  -43  )
( 316  -219  -139  )
( -12  94  267  )
( 56  -92  116  )
( 33  171  100  )
( -165  21  -94  )
( 276  246  315  )
( 218  260  -125  )
( -249  128  -115  )
( 347  -241  -287  )
( 25  6  182  )
( 194  269  -296  )
( 193  226  -268  )
( 255  64  -200  )
( 243  271  -236  )
( -272  1  344  )
( -270  -97  256  )
( 34  -78  320  )
( 217  141  -252  )
( 260  246  251  )
( -327  21  -318  )
( -235  -331  297  )
( -297  -24  -106  )
( -11  -34  -154  )
( -276  -13  330  )
( -297  51  -298  )
( -298  239  201  )
( -279  184  99  )
( 4  -271  -89  )
( -173  -128  344  )
( 33  -66  -182  )
( 99  349  240  )
( 93  180  -51  )
( 133  6  71  )
( -214  310  112  )
( -285  -222  -277  )
( -157  -149  229  )
( 151  147  1  )
( -71  1  -22  )
( 304  -0  283  )
( -170  18  -22  )
( -38  -204  243  )
( 149  -233  -145  )
( -232  215  102  )
( 113  -65  -323  )
( -238  73  -323  )
( -196  204  127  )
( -3  335  -262  )
( 135  97  -272  )
( 235  -244  324  )
( -181  -241  178  )
( 250  -287  -249  )
( -125  19  -165  )
( -35  60  162  )
( -88  -121  -138  )
( -155  29  -15  )
( -334  -255  -58  )
( 348  -119  22  )
( 193  228  -264  )
( -241  317  -42  )
( 335  173  -233  )
( -98  50  307  )
( -116  96  -221  )
( -243  13  -18  )
( 325  35  -108  )
( -200  279  56  )
( -81  175  74  )
( 36  -301  86  )
( -257  -309  -160  )
( 168  263  199  )
( 99  -78  226  )
( 29  91  -10  )
( 58  -127  107  )
( 222  113  -190  )
( -309  113  26  )
( 262  287  263  )
( 303  -349  14  )
( -86  -45  -137  )
( -72  306  223  )
( 267  -178  -29  )
( 47  319  -175  )
( 159  -176  281  )
( -38  74  314  )
( -178  -329  200  )
( -315  -114  -285  )
( -277  -97  205  )
( -157  323  -258  )
( 222  -205  338  )
( -159  -155  -219  )
( 165  -105  240  )
( -264  -344  317  )
( 191  140  284  )
( -145  -11  -147  )
( -25  349  -255  )
( -198  324  -272  )
( 119  251  -322  )
( -343  266  49  )
( 103  106  -293  )
( 335  -336  66  )
( 306  -141  -278  )
( 18  -198  -249  )
( -28  32  56  )
( 265  42  -47  )
( -68  173  -169  )
( 320  83  84  )
( 313  -207  -227  )
( 96  -157  284  )
( 160  -94  -107  )
( -128  139  100  )
( 240  -206  181  )
( -293  155  -19  )
( 224  -177  -103  )
( -171  143  -158  )
( 228  -234  141  )
( -161  109  -125  )
( 11  69  9  )
( 226  -187  -317  )
( -265  231  122  )
( -242  -139  -120  )
( -340  150  147  )
( -293  262  330  )
( -293  261  -239  )
( -46  -147  207  )
( -44  150  -332  )
( 27  50  341  )
( -212  -79  100  )
( -121  -251  -45  )
( -31  -233  -255  )
( -31  -117  151  )
( -346  -201  -29  )
( 9  -104  -192  )
( 55  -282  115  )
( 48  -16  -337  )
( -125  200  -274  )
( -143  318  159  )
( 34  -322  -37  )
( -23  -60  275  )
( -219  299  -282  )
( -241  -240  -181  )
( 226  29  -295  )
( -99  -174  -348  )
( 212  315  324  )
( -241  -6  79  )
( -91  -127  293  )
( -25  -127  95  )
( -117  -194  -159  )
( 28  71  229  )
( -125  -66  307  )
( -318  -286  339  )
( 348  -208  -330  )
( 345  -105  -263  )
( -137  241  119  )
( -216  -3  140  )
( -1  130  267  )
( 142  60  96  )
( -9  -305  50  )
( -347  241  32  )
( -311  44  16  )
( 239  -35  319  )
( 296  330  -250  )
( 111  186  -100  )
( 100  -12  75  )
( 24  67  228  )
( -320  223  16  )
( -60  -123  106  )
( -200  -28  104  )
( 130  241  -40  )
( 97  237  17  )
( 278  -304  288  )
( 168  296  146  )
( 183  -153  -29  )
( 102  -204  -233  )
( 198  -301  -186  )
( 269  -264  -30  )
( -145  -73  74  )
( 297  -304  -308  )
( -264  127  323  )
( -183  -144  -342  )
( 173  138  46  )
( 153  -22  296  )
( 6  -174  153  )
( 259  -282  214  )
( -157  -329  -334  )
( -95  -248  -58  )
( 207  235  59  )
( 214  -291  -233  )
( -190  -106  -58  )
( 12  -171  -268  )
( 290  260  -175  )
( -178  147  -267  )
( -45  -300  0  )
( -131  -176  -10  )
( 315  274  1  )
( -310  -21  148  )
( 100  75  265  )
( -144  -168  -231  )
( -271  51  281  )
( 179  91  188  )
( -345  -154  -277  )
( -101  15  -124  )
( -322  -54  -183  )
( -348  -319  206  )
( 52  74  70  )
( -152  294  -32  )
( 128  330  19  )
( 17  215  -318  )
( -317  21  253  )
( 30  247  -95  )
( -192  263  -154  )
( -0  193  224  )
( 150  -316  -239  )
( 337  33  216  )
( -136  -137  -303  )
( -92  -40  -16  )
( 235  221  181  )
( -197  -186  -236  )
( 227  -190  38  )
( 303  -57  -335  )
( 262  243  -302  )
( -40  304  112  )
( 239  -179  271  )
( 162  259  -159  )
( -201  20  -169  )
( 234  -269  -137  )
( 173  301  -6  )
( 140  -319  248  )
( -310  181  -5  )
( -304  -42  157  )
( 306  -279  32  )
( 66  169  246  )
( 208  344  -182  )
( 193  -13  -1  )
( -345  331  -330  )
( -245  222  14  )
( -270  -89  39  )
( 53  -95  -183  )
( -3  -325  175  )
( 155  -144  107  )
( -285  -271  332  )
( -252  217  127  )
( 170  -111  -51  )
( 166  44  -257  )
( -270  -318  275  )
( 271  252  -108  )
( 238  -193  63  )
( 258  -18  -51  )
( -180  -226  232  )
( -228  -181  -178  )
( -122  319  -304  )
( 322  -191  61  )
( -168  66  -291  )
( -280  -271  125  )
( 111  44  82  )
( 298  202  -111  )
( -99  -324  136  )
( 1  -303  307  )
( -116  125  163  )
( -253  -36  -2  )
( -55  -340  307  )
( 141  308  -160  )
( -191  -164  -67  )
( -145  152  108  )
( 113  -299  270  )
( 43  -63  -344  )
( -131  309  119  )
( 96  114  244  )
( -53  -143  -178  )
( 135  -107  -325  )
( -232  -33  319  )
( -151  300  -286  )
( 183  -49  157  )
( 59  206  -325  )
( -106  -293  63  )
( -94  197  -5  )
( -164  315  6  )
( -341  -172  185  )
( 167  58  176  )
( 40  -257  -146  )
( -50  30  -68  )
( -111  -168  93  )
( 273  149  233  )
( 129  59  -60  )
( -65  -39  -130  )
( -208  -264  -333  )
( 50  -97  265  )
( -176  202  153  )
( 218  -50  -211  )
( 0  267  25  )
( -121  244  -71  )
( -202  -148  -223  )
( -23  -129  -285  )
( -274  -313  -195  )
( -60  228  99  )
( 65  283  313  )
( -348  308  231  )
( 273  130  -155  )
( -109  2  -95  )
( -109  -34  -278  )
( 179  -237  312  )
( 223  46  22  )
( 213  199  -304  )
( -20  89  -268  )
( 210  148  -112  )
( 333  -273  262  )
( -211  -202  195  )
( -121  -210  -83  )
( -275  -320  -122  )
( 24  56  8  )
( 129  50  196  )
( 41  -63  -58  )
( 291  0  284  )
( -114  -101  185  )
( -216  -152  -188  )
( -100  -35  253  )
( 36  27  -20  )
( 223  -297  -275  )
( 130  -231  -248  )
( -108  -222  11  )
( -297  -177  -77  )
( 230  -33  321  )
( -61  72  237  )
( -47  -25  142  )
( 82  34  220  )
( 104  19  1  )
( 168  321  -123  )
( 155  -109  -124  )
( -58  226  -137  )
( 90  -109  -256  )
( -181  140  -237  )
( -136  144  294  )
( 72  134  320  )
( -265  33  73  )
( 251  -287  -137  )
( -17  2  61  )
( 252  -248  -198  )
( 182  -141  235  )
( -6  -252  -243  )
( -243  176  -117  )
( 83  103  297  )
( -18  160  -3  )
( -76  -60  -139  )
( -30  -17  -96  )
( -269  -141  -263  )
( -286  -144  201  )
( 195  137  -272  )
( -88  262  -54  )
( 183  -214  322  )
( 157  -10  -285  )
( -126  193  -320  )
( 154  6  -272  )
( -120  156  212  )
( -208  -287  188  )
( -85  -5  -151  )
( 190  114  -117  )
( -122  259  225  )
( 212  157  -301  )
( -203  25  -123  )
( 312  260  -342  )
( 178  -69  -133  )
( 281  -275  156  )
( 324  270  -339  )
( 15  191  -104  )
( -210  277  164  )
( 232  -118  -116  )
( 232  -107  160  )
( 104  287  -21  )
( -225  -315  -147  )
( -203  10  -274  )
( 276  211  -126  )
( -334  -208  192  )
( 292  272  -61  )
( 220  -205  33  )
( 131  -209  212  )
( 45  -347  305  )
( 314  -174  328  )
( -100  -140  103  )
( -121  -67  268  )
( 201  -32  335  )
( 220  17  -120  )
( -256  -173  -68  )
( -86  315  1  )
( -305  291  -50  )
( -251  -86  -266  )
( 236  165  -301  )
( -49  -189  150  )
( -200  -175  322  )
( 10  -333  171  )
( -125  -334  305  )
( 127  4  -162  )
( 149  178  138  )
( -41  -220  234  )
( 27  280  313  )
( -42  -128  219  )
( 256  -284  104  )
( 309  78  125  )
( -161  -62  -185  )
( -114  272  -309  )
( 269  127  -72  )
( 285  267  271  )
( 17  -181  172  )
( -342  -66  -230  )
( 199  28  314  )
( -50  -344  -186  )
( -125  -66  -70  )
( 69  -185  -331  )
( -93  -246  100  )
( -347  229  329  )
( 78  157  7  )
( 248  -330  -172  )
( 87  -49  329  )
( -191  192  137  )
( -306  -20  86  )
( 249  -166  49  )
( -241  -159  105  )
( 87  335  158  )
( -142  -296  -42  )
( 102  -64  152  )
( -49  -256  43  )
( 174  247  71  )
( 109  273  -347  )
( 210  -80  0  )
( 182  60  -163  )
( -321  -107  279  )
( 71  294  -120  )
( 167  -161  274  )
( 160  147  97  )
( 251  -134  -127  )
( -67  -221  17  )
( -80  257  -3  )
( -61  -281  -179  )
( -69  -171  16  )
( -27  -334  -304  )
( 266  -94  -236  )
( 283  -179  130  )
( 271  -74  -171  )
( -1  -116  313  )
( -269  9  275  )
( -113  -191  -80  )
( -221  -201  -274  )
( -237  -89  97  )
( 162  -111  -98  )
( -63  46  -197  )
( 30  303  -154  )
( -332  -207  284  )
( 145  -195  -119  )
( -183  41  -81  )
( 0  11  330  )
( -284  -303  -3  )
( 185  -76  259  )
( -65  172  134  )
( -299  -203  -129  )
( 344  -212  254  )
( -58  182  243  )
( -6  283  -265  )
( 7  34  -231  )
( -146  -335  159  )
( 3  0  -130  )
( 318  197  -212  )
( -152  37  87  )
( 327  -238  -348  )
( 47  325  121  )
( -143  228  192  )
( 333  338  142  )
( -262  -155  -45  )
( 263  230  53  )
( -262  197  -108  )
( 220  295  -340  )
( -48  -219  337  )
( 319  -146  -74  )
( -230  -306  337  )
( -1  257  333  )
( -250  328  -34  )
( -266  -24  217  )
( 107  -232  -198  )
( 253  -306  -275  )
( -232  -167  326  )
( -12  296  299  )
( -299  -277  192  )
( 282  -259  99  )
( 220  -314  -57  )
( -217  -172  -117  )
( 338  -137  -306  )
( -309  -210  38  )
( 181  -208  282  )
( 84  -43  -122  )
( 110  114  -169  )
( 175  240  -57  )
( -168  165  61  )
( -102  -58  -173  )
( 205  -90  -60  )
( 149  -249  122  )
( -343  -48  137  )
( 210  255  -130  )
( -55  -93  349  )
( 166  156  -62  )
( -155  179  2  )
( 254  19  242  )
( -124  -202  -237  )
( -270  328  102  )
( 81  189  -153  )
( -142  190  262  )
( -262  308  160  )
( -108  -110  -113  )
( -120  -270  -183  )
( 133  -211  82  )
( 69  -61  -43  )
( -46  285  204  )
( 22  281  -47  )
( -207  -152  304  )
( -193  -200  -48  )
( 33  -77  -272  )
( -255  23  -332  )
( -27  54  39  )
( 17  245  154  )
( 109  -23  308  )
( 133  69  81  )
( -345  -23  -175  )
( -20  -197  131  )
( 54  -146  -326  )
( -12  -348  109  )
( 284  54  327  )
( -257  140  349  )
( -15  -254  -294  )
( -184  -173  47  )
( -162  -73  -333  )
( 176  -270  -209  )
( 87  143  -5  )
( -175  332  -233  )
( -168  -85  202  )
( 104  -287  26  )
( 119  284  -93  )
( -177  -173  72  )
( 178  -128  -156  )
( 152  49  329  )
( 298  -232  -99  )
( -271  -142  302  )
( -64  -170  275  )
( 151  -25  -91  )
( -174  -110  -185  )
( 277  -255  -5  )
( 40  41  247  )
( -212  8  -293  )
( -247  -142  135  )
( -200  -181  323  )
( -30  -113  27  )
( 72  -199  -327  )
( 66  -264  -143  )
( 142  289  -204  )
( -253  -110  281  )
( -142  -335  218  )
( -249  57  41  )
( -110  -22  -260  )
( 323  -147  -47  )
