( -303  244  -345  )
( -5  230  -257  )
( 144  -132  182  )
( 176  187  -120  )
( -159  -172  -256  )
( -93  345  55  )
( 47  271  18  )
( 114  256  267  )
( -150  215  -231  )
( -46  208  -140  )
( 275  -121  337  )
( -333  241  348  )
( 221  -310  76  )
( -242  305  -283  )
( 221  -286  -37  )
( 242  -254  -200  )
( 54  -131  32  )
( -135  -122  -0  )
( 250  -163  201  )
( -46  -65  -322  )
( 226  -274  60  )
( -348  -241  -315  )
( -340  -245  -212  )
( -303  6  103  )
( 133  -203  225  )
( -21  241  -72  )
( -82  163  302  )
( -107  -293  337  )
( -42  -327  -151  )
( 268  97  204  )
( 272  -215  304  )
( -291  -209  70  )
( 52  -245  46  )
( -316  230  -142  )
( -20  -142  -202  )
( -287  28  183  )
( -327  -238  39  )
( 20  -348  -122  )
( 341  77  128  )
( 100  89  162  )
( 100  -78  -123  )
( 331  -18  21  )
( -181  -122  -48  )
( 331  -9  -214  )
( 341  276  -189  )
( -284  300  -254  )
( 0  -326  -24  )
( -75  125  -70  )
( -274  129  -311  )
( -254  -203  -282  )
( -177  145  -52  )
( -193  272  242  )
( -309  -347  -310  )
( -23  320  58  )
( 216  -59  43  )
( 95  241  246  )
( -305  -245  -338  )
( 344  -319  -327  )
( 157  255  184  )
( 82  204  289  )
( -174  227  327  )
( -169  128  164  )
( 295  69  244  )
( 15  -96  -0  )
( -347  282  -346  )
( -14  45  -172  )
( -67  -317  52  )
( -335  14  -293  )
( 151  198  110  )
( 341  254  -203  )
( -244  253  181  )
( 70  119  -58  )
( -183  -177  211  )
( 164  -26  23  )
( 83  -44  -303  )
( 333  236  -343  )
( 9  37  -159  )
( 296  113  -258  )
( 74  -204  -326  )
( -154  -331  -266  )
( 297  -152  -241  )
( -10  212  19  )
( -95  -310  -200  )
( -35  19  341  )
( 222  340  -293  )
( 183  -309  220  )
( 170  -134  -195  )
( -33  -62  35  )
( -34  -177  253  )
( -266  139  -327  )
( -38  77  -235  )
( -167  121  214  )
( -6  340  -267  )
( -140  196  206  )
( -166  223  -181  )
( -341  56  85  )
( -54  -243  -7  )
( 87  -154  197  )
( -304  -196  13  )
( -198  73  -344  )
( -167  125  233  )
( 329  340  -310  )
( 247  -348  9  )
( -104  291  159  )
( 98  -22  147  )
( 195  216  -30  )
( 221  -132  10  )
( -151  325  57  )
( -105  225  90  )
( 27  -279  40  )
( -319  47  -178  )
( -25  -119  -274  )
( -167  -151  -314  )
( 100  43  253  )
( 111  252  219  )
( 68  304  -261  )
( 232  -245  -62  )
( -200  133  -218  )
( -70  93  5  )
( 20  -95  202  )
( 182  -298  -43  )
( 74  -342  -223  )
( -267  -338  -269  )
( 10  -182  207  )
( 344  -132  -139  )
( -87  225  -298  )
( 221  -1  124  )
( 161  -209  270  )
( -46  -270  -179  )
( 125  -9  -111  )
( -95  182  -316  )
( 104  93  164  )
( 173  1  323  )
( -281  217  -266  )
( 6  -241  231  )
( -17  -178  -206  )
( -307  261  158  )
( -94  242  -248  )
( -13  324  -184  )
( 229  -331  -337  )
( -127  261  33  )
( 176  290  162  )
( -215  -72  -161  )
( 53  -31  242  )
( -14  11  -116  )
( 96  192  68  )
( -283  275  -262  )
( -292  33  53  )
( -82  -139  -275  )
( 297  -303  -331  )
( -205  -212  -237  )
( 329  263  -104  )
( -280  -187  189  )
( -51  311  142  )
( 180  222  122  )
( 34  177  295  )
( 56  24  129  )
( 343  310  -254  )
( 75  -340  79  )
( -267  99  -248  )
( 338  144  -77  )
( 254  98  56  )
( 105  -60  52  )
( 240  -260  -324  )
( -71  46  349  )
( 257  -310  -300  )
( -185  251  220  )
( -314  115  138  )
( 87  -222  -181  )
( -108  -30  -183  )
( -181  262  142  )
( 14  263  -96  )
( -335  -233  -194  )
( -128  199  203  )
( -51  271  212  )
( -249  -28  -68  )
( 55  -248  -52  )
( 161  -12  7  )
( 95  -8  227  )
( -25  94  227  )
( 107  140  49  )
( -157  -54  188  )
( 12  161  -192  )
( -129  -255  -166  )
( -305  92  139  )
( -100  172  -342  )
( -114  279  -258  )
( -322  -281  103  )
( -65  -285  224  )
( -317  156  189  )
( -110  -78  -349  )
( 2  -117  -143  )
( 174  337  -90  )
( -69  222  -327  )
( -116  169  -132  )
( -150  -200  -318  )
( -267  27  -122  )
( -8  -192  -118  )
( 155  144  110  )
( -54  116  241  )
( 86  221  56  )
( 254  -251  104  )
( -348  -145  115  )
( 259  -315  -156  )
( 195  -207  12  )
( 0  -87  314  )
( -312  -202  345  )
( -4  -14  -105  )
( -338  283  -281  )
( -17  -225  -280  )
( 144  110  15  )
( 90  -246  24  )
( -163  87  274  )
( 40  -162  16  )
( 214  119  -60  )
( -335  14  -220  )
( -27  -173  298  )
( 336  -309  -133  )
( -109  -276  -12  )
( -216  265  117  )
( -189  -256  344  )
( -173  162  -259  )
( 281  89  -230  )
( 27  -22  -9  )
( 161  212  174  )
( -263  -69  -186  )
( -224  -120  -146  )
( -26  279  -126  )
( -11  -93  -191  )
( -324  -231  237  )
( 94  16  138  )
( 99  -283  -219  )
( 287  -13  -130  )
( 251  -171  147  )
( -188  45  322  )
( 282  17  321  )
( -73  -38  -328  )
( -97  -6  -243  )
( 284  178  -222  )
( 112  338  -261  )
( 8  309  72  )
( 136  51  -11  )
( -284  3  15  )
( 175  -281  -15  )
( 160  28  184  )
( -38  -20  16  )
( 118  -314  -63  )
( -229  -136  -349  )
( 102  -286  -305  )
( -148  -287  -251  )
( -204  141  -43  )
( 170  -108  -149  )
( 44  175  -346  )
( 237  211  -233  )
( -128  123  -282  )
( -151  325  169  )
( -152  -79  270  )
( -31  98  308  )
( 105  63  293  )
( 44  18  -178  )
( 184  -179  -218  )
( 76  -20  33  )
( 198  288  -342  )
( 144  -328  285  )
( 276  23  -0  )
( -176  -40  -135  )
( 191  101  46  )
( -72  144  -289  )
( -334  255  -20  )
( 30  195  280  )
( -344  -22  -73  )
( 228  180  -116  )
( 331  104  11  )
( -342  -178  -333  )
( 114  -248  38  )
( -293  192  -224  )
( 291  53  -151  )
( 164  133  140  )
( 299  -232  -93  )
( 200  -8  -13  )
( 145  129  -264  )
( -332  -275  -232  )
( -153  -201  269  )
( -300  91  -282  )
( 48  268  97  )
( -302  -332  -262  )
( -222  169  -252  )
( 91  115  -125  )
( -342  -188  330  )
( 312  289  88  )
( 256  269  -279  )
( 69  87  -31  )
( 6  -74  66  )
( 218  -114  -95  )
( -332  236  -159  )
( -155  27  230  )
( 97  26  -259  )
( -196  327  64  )
( 240  -33  -272  )
( 29  62  -243  )
( 303  -140  -28  )
( -135  -252  27  )
( 256  -264  -291  )
( -290  77  -278  )
( 282  6  258  )
( -337  -64  174  )
( -268  -66  42  )
( -173  308  -10  )
( 216  131  -35  )
( 311  -48  -99  )
( -240  -297  236  )
( -154  251  -288  )
( -120  -23  224  )
( 200  182  205  )
( -293  -82  223  )
( 245  -298  291  )
( 349  -125  204  )
( 278  -219  -34  )
( -300  -278  121  )
( 211  -165  -140  )
( -256  -185  276  )
( 60  8  -84  )
( -51  7  293  )
( -27  -78  85  )
( 314  -85  221  )
( -39  -59  -86  )
( 314  61  233  )
( -173  -246  -63  )
( -237  -147  -204  )
( -30  -126  -320  )
( 259  -311  271  )
( -6  -4  310  )
( 114  254  -192  )
( -105  272  -245  )
( 131  96  195  )
( -63  65  -87  )
( -214  47  -102  )
( 5  -149  -293  )
( 19  35  -24  )
( -329  -123  -20  )
( -168  -30  21  )
( -337  -120  -149  )
( 125  -240  214  )
( -91  -206  3  )
( 43  213  -66  )
( -67  329  -292  )
( 8  -173  -168  )
( -256  122  99  )
( 308  -63  -23  )
( -163  288  65  )
( -99  121  225  )
( 260  322  50  )
( -341  -89  -124  )
( 170  -147  -21  )
( -81  52  -82  )
( 58  -318  -344  )
( 171  -136  -242  )
( -167  26  -253  )
( -10  -96  152  )
( -15  -194  185  )
( 200  -249  242  )
( -337  14  304  )
( 102  348  299  )
( -224  -31  -83  )
( 74  278  140  )
( 300  29  36  )
( 178  -80  -60  )
( -348  136  185  )
( -158  52  314  )
( 58  -132  212  )
( -347  -131  35  )
( 152  327  -212  )
( -305  187  175  )
( 120  -2  -285  )
( 333  113  -293  )
( 122  -247  -335  )
( -348  -1  -271  )
( -344  256  -39  )
( -336  226  119  )
( -129  162  16  )
( -318  209  108  )
( 123  228  277  )
( 323  279  173  )
( -245  -157  10  )
( 208  -325  259  )
( -149  -146  -41  )
( -227  -332  -0  )
( 85  -257  -80  )
( 48  108  252  )
( 264  323  277  )
( -9  -64  31  )
( -202  22  309  )
( -207  167  197  )
( 274  84  -99  )
( -30  16  75  )
( -125  151  135  )
( -54  21  -307  )
( 125  166  218  )
( -300  190  -238  )
( -221  175  70  )
( -87  120  201  )
( 8  85  -173  )
( -319  -308  -175  )
( 193  -81  -72  )
( -180  -230  349  )
( -192  209  -113  )
( -111  -121  220  )
( 190  150  -313  )
( -343  228  -29  )
( -155  -19  168  )
( 176  322  213  )
( -95  -99  -228  )
( -163  -225  279  )
( -176  83  49  )
( -287  -337  306  )
( -141  212  -153  )
( -340  39  -206  )
( 167  -11  -5  )
( -176  69  -82  )
( 11  198  30  )
( 244  -221  119  )
( 324  -28  -252  )
( -187  163  -201  )
( -254  -65  -63  )
( -270  164  246  )
( 201  -141  298  )
( 165  -282  174  )
( -249  151  -226  )
( 190  -123  105  )
( -335  -237  -238  )
( -211  200  34  )
( 82  -51  -201  )
( -102  237  -155  )
( -257  158  -188  )
( 4  32  157  )
( 197  250  -264  )
( -284  -118  -239  )
( -155  -255  239  )
( 139  306  325  )
( 181  -189  -5  )
( 236  -250  164  )
( 47  -142  -63  )
( -184  -186  -35  )
( 4  52  -10  )
( 126  132  164  )
( -256  282  76  )
( -294  -64  -118  )
( 255  -179  155  )
( 275  -317  45  )
( -5  -334  -298  )
( 77  176  126  )
( 152  62  243  )
( -186  -60  -166  )
( -68  348  -229  )
( 240  -328  211  )
( -105  -156  -8  )
( -323  -266  89  )
( -83  213  234  )
( 33  178  -35  )
( -220  293  -11  )
( -225  13  24  )
( 151  -339  -124  )
( -77  133  -52  )
( 38  -184  -70  )
( -161  151  5  )
( 202  -74  -260  )
( -181  206  288  )
( -133  -164  -75  )
( 237  -149  -129  )
( 39  -250  -217  )
( -64  -280  285  )
( -94  236  -258  )
( -267  146  166  )
( 223  89  -97  )
( 162  -292  237  )
( -48  3  178  )
( -222  202  134  )
( -4  6  -331  )
( -110  -290  -136  )
( -131  -44  195  )
( 199  -161  -214  )
( -160  34  14  )
( -252  300  73  )
( -68  -44  -59  )
( -197  15  -144  )
( -185  -338  117  )
( 232  -292  310  )
( -243  216  3  )
( -162  79  125  )
( 276  -320  -42  )
( 78  -11  -61  )
( 266  -215  -76  )
( 302  -109  -89  )
( 309  137  -253  )
( -58  306  184  )
( -204  90  17  )
( 280  272  -34  )
( 263  14  208  )
( 35  -205  -73  )
( 160  294  240  )
( 334  13  -247  )
( 135  -243  5  )
( 153  25  79  )
( 17  -261  323  )
( 96  -146  -36  )
( 270  321  -151  )
( 102  94  101  )
( -40  -145  -45  )
( 157  130  -328  )
( 31  -266  95  )
( 110  -85  -231  )
( -236  -33  -246  )
( 268  196  165  )
( 31  226  -7  )
( 169  317  -300  )
( 264  -147  -263  )
( 170  349  257  )
( 36  210  -301  )
( -274  151  145  )
( 111  -74  -190  )
( -164  -3  -93  )
( -76  -27  342  )
( -171  -342  274  )
( -172  268  322  )
( 183  134  336  )
( -79  23  -6  )
( 253  132  52  )
( 75  35  213  )
( -318  63  255  )
( -250  194  205  )
( 61  -106  166  )
( 45  343  -321  )
( -27  -254  285  )
( 227  -293  332  )
( -70  -90  189  )
( -274  341  -201  )
( 35  124  -168  )
( -222  -81  -162  )
( 35  319  -72  )
( 67  296  343  )
( -243  159  105  )
( -223  -115  232  )
( 144  -160  -162  )
( 275  281  234  )
( 349  -269  261  )
( 129  264  101  )
( 141  183  278  )
( -109  90  -333  )
( 157  -243  178  )
( 97  108  230  )
( 55  -65  339  )
( 318  -53  298  )
( 157  288  208  )
( 261  210  -319  )
( 211  8  21  )
( -279  29  -146  )
( 337  -318  -217  )
( -197  181  -319  )
( -20  -78  174  )
( -103  207  -173  )
( -96  208  -196  )
( -14  327  234  )
( -17  -307  200  )
( -20  -79  262  )
( 146  103  62  )
( -49  245  -190  )
( -234  22  78  )
( -7  223  59  )
( -182  -207  65  )
( 324  47  -97  )
( 44  103  294  )
( 338  -174  -150  )
( 142  206  144  )
( -302  -325  -154  )
( -275  191  36  )
( 141  -129  -205  )
( -52  13  -163  )
( -124  161  -323  )
( 3  148  338  )
( 212  189  252  )
( 42  273  232  )
( -141  324  291  )
( -5  -19  108  )
( -137  -241  -127  )
( 78  -216  194  )
( 294  185  -203  )
( -138  99  245  )
( -70  11  262  )
( -295  12  -273  )
( -284  10  310  )
( 247  285  151  )
( -236  -190  262  )
( 84  48  -203  )
( -177  343  64  )
( -289  95  -259  )
( -74  -172  -141  )
( 217  -213  196  )
( -117  -286  -8  )
( 111  -257  -210  )
( 29  46  -168  )
( -45  -172  112  )
( 68  337  -217  )
( -62  -318  -22  )
( 152  123  -44  )
( -324  332  17  )
( -195  291  -224  )
( -242  295  348  )
( 272  -48  349  )
( 128  -219  -187  )
( -65  123  235  )
( -219  121  -239  )
( -32  106  -44  )
( 322  -153  -36  )
( -322  61  317  )
( 42  -72  290  )
( -77  -12  -263  )
( 94  51  60  )
( -137  110  -306  )
( 176  308  68  )
( -100  -156  -101  )
( 60  -242  -204  )
( -25  223  138  )
( 94  -223  -307  )
( 290  80  349  )
( 226  217  -28  )
( 176  108  155  )
( -200  2  -271  )
( 68  -149  117  )
( 106  307  273  )
( -344  -10  -218  )
( -253  226  327  )
( -317  274  135  )
( 85  -289  157  )
( 121  142  -286  )
( 125  -122  -241  )
( -249  164  20  )
( -313  -265  -314  )
( 244  -165  241  )
( 194  -145  122  )
( -314  96  45  )
( -283  -251  326  )
( -247  201  82  )
( -120  -231  -70  )
( -49  66  -67  )
( -57  -17  314  )
( -285  45  -174  )
( -261  320  45  )
( 287  23  -192  )
( 322  349  -23  )
( 237  -178  -73  )
( -126  325  120  )
( -234  105  -334  )
( -281  20  -326  )
( -320  48  109  )
( -39  315  268  )
( -277  30  12  )
( 275  -287  -157  )
( 147  280  14  )
( -291  167  189  )
( 131  164  -159  )
( -218  -89  123  )
( -233  -151  -90  )
( -213  -76  -347  )
( -286  138  -146  )
( -11  -299  -143  )
( 107  155  250  )
( -18  255  148  )
( 215  -263  -313  )
( -65  -336  -18  )
( 60  204  182  )
( -11  -169  -100  )
( 45  -204  -348  )
( 58  30  320  )
( -154  186  69  )
( 315  163  78  )
( -50  68  -145  )
( -119  227  -113  )
( -36  135  285  )
( -294  185  188  )
( -179  -216  -253  )
( 38  -110  182  )
( -229  69  102  )
( -275  -256  345  )
( 10  -209  109  )
( -55  107  -310  )
( -164  76  297  )
( -275  241  -37  )
( 54  209  132  )
( 161  37  -138  )
( 182  246  -179  )
( -176  203  -340  )
( -7  -210  164  )
( -139  105  279  )
( 329  282  -174  )
( -168  16  270  )
( -278  -192  -1  )
( -217  334  -291  )
( 48  163  79  )
( 69  220  -262  )
( -163  248  187  )
( -128  286  -85  )
( -336  80  153  )
( 202  7  -343  )
( -133  330  197  )
( -118  22  238  )
( -72  -39  -179  )
( -0  61  205  )
( 185  -137  44  )
( 310  -157  -63  )
( 2  -309  221  )
( -191  250  -171  )
( -250  175  264  )
( 236  246  -217  )
( -221  110  305  )
( 195  -214  201  )
( -119  -142  -35  )
( -53  307  78  )
( 161  -243  -331  )
( 201  -181  285  )
( 236  -20  -137  )
( -180  -181  39  )
( -9  -57  28  )
( 77  54  330  )
( 54  -137  246  )
( 9  69  348  )
( 193  -84  28  )
( -246  318  -85  )
( 43  349  -205  )
( -42  -253  332  )
( 325  180  211  )
( -96  -292  2  )
( 287  -274  303  )
( 216  314  -97  )
( -95  198  -47  )
( -136  -52  -95  )
( 250  -46  53  )
( 294  6  -217  )
( 221  -9  -222  )
( 37  90  172  )
( -298  304  -336  )
( -158  189  -135  )
( 2  -61  -23  )
( -82  -269  125  )
( -331  105  312  )
( -345  172  344  )
( 80  171  -62  )
( -27  -251  214  )
( 231  -112  180  )
( 326  -22  143  )
( 225  96  -336  )
( -3  -241  -13  )
( -61  -265  -193  )
( 85  -216  79  )
( 39  -177  49  )
( 237  -65  117  )
( 279  -43  108  )
( -98  -114  229  )
( -121  78  -21  )
( 232  303  130  )
( 270  58  55  )
( -119  165  -190  )
( -235  -56  337  )
( -342  -199  -249  )
( 107  -257  334  )
( -287  52  -246  )
( -149  -153  -159  )
( -287  232  52  )
( -194  -122  253  )
( -283  26  348  )
( 101  12  -222  )
( -278  -62  -12  )
( 269  164  268  )
( -307  56  -74  )
( -209  175  -345  )
( -266  -36  -100  )
( -220  -102  -320  )
( 49  -278  115  )
( -293  326  35  )
( -65  -146  -295  )
( -235  -46  109  )
( -283  -92  -27  )
( 43  87  123  )
( -229  -107  90  )
( 99  -298  -9  )
( 329  347  238  )
( -130  182  120  )
( 80  139  -84  )
( 42  -190  -291  )
( -291  321  223  )
( 196  67  51  )
( -346  -177  -295  )
( -78  -170  102  )
( 77  98  58  )
( -310  -212  -240  )
( -15  133  -56  )
( -86  206  263  )
( 177  -246  337  )
( 320  -207  -298  )
( -276  147  24  )
( 71  256  196  )
( -181  299  -209  )
( -252  -165  151  )
( -227  -139  158  )
( -236  125  177  )
( -137  96  181  )
( 60  326  69  )
( -143  -224  323  )
( 143  -197  -199  )
( -348  289  -163  )
( -148  18  -193  )
( -191  244  -276  )
( 323  -132  -191  )
( 94  2  199  )
( 89  79  -153  )
( 1  30  -179  )
( 238  -63  40  )
( 204  212  -336  )
( 19  -263  -39  )
( 45  -178  157  )
( -80  216  122  )
( 220  155  336  )
( 101  -139  -83  )
( -126  -86  302  )
( -237  -15  -157  )
( -90  54  142  )
( 228  -73  328  )
( -7  -179  -186  )
( -80  -276  -176  )
( 297  39  6  )
( -257  165  112  )
( -27  -261  35  )
( -47  307  278  )
( -267  334  83  )
( -242  120  -243  )
( -137  -316  -296  )
( 110  197  -152  )
( -13  135  292  )
( 151  311  -252  )
( 114  251  -14  )
( 342  281  70  )
( 67  290  17  )
( 140  132  53  )
( 116  148  27  )
( 27  -115  -205  )
( -3  -102  127  )
( -82  223  -247  )
( 307  54  333  )
( -246  319  -186  )
( -322  141  -154  )
( 127  132  270  )
( 147  45  -203  )
( -267  -133  -260  )
( 241  -71  349  )
( -101  -293  -252  )
( 97  123  -68  )
( 339  -194  -192  )
( -37  290  240  )
( -274  -215  -136  )
( 296  290  128  )
( 255  -259  -243  )
( -343  -33  -305  )
( 9  -140  81  )
( 48  -256  200  )
( -223  -265  199  )
( -138  -134  -162  )
( -170  242  33  )
( -223  95  -32  )
( -222  -312  93  )
( 256  41  289  )
( -266  137  -3  )
( 275  -329  -62  )
( -204  85  164  )
( 305  237  -166  )
( -206  -228  -239  )
( 152  298  -136  )
( -314  -100  -56  )
( -251  255  -141  )
( -261  -85  251  )
( 307  147  326  )
( -318  51  -337  )
( 236  -349  171  )
( 299  -117  -162  )
( -54  -139  205  )
( 73  263  197  )
( 225  196  61  )
( 187  157  -137  )
( 149  -53  295  )
( -146  259  284  )
( 197  21  -22  )
( 57  -19  119  )
( -53  -227  -215  )
( 2  91  -122  )
( 172  248  80  )
( -0  -119  -136  )
( -336  270  335  )
( 133  -142  325  )
( 293  111  242  )
( 219  -188  -322  )
( 129  216  301  )
( 155  19  165  )
( -282  -317  266  )
( -121  -1  -78  )
( 179  -94  204  )
( -22  -299  -80  )
( -67  -29  40  )
( -98  23  -105  )
( 8  332  70  )
( 75  -253  -291  )
( -305  208  -311  )
( 235  -250  -295  )
( -279  -227  -78  )
( -35  277  -126  )
( 168  341  -209  )
( 198  -99  258  )
( 135  321  200  )
( 63  131  79  )
( -178  -250  -52  )
( -7  -42  304  )
( 87  -311  28  )
( 320  -120  -54  )
( 238  -63  232  )
( -195  -212  230  )
( 71  180  34  )
( -144  -285  -287  )
( 270  -205  307  )
( -55  97  147  )
( -35  325  141  )
( 142  163  -75  )
( 31  176  309  )
( 19  -1  -79  )
( 119  136  72  )
( 313  51  -237  )
( -240  -230  20  )
( -230  105  231  )
( -168  -344  139  )
( 23  80  -165  )
( -28  -169  -268  )
( -109  131  -27  )
( 206  178  177  )
( -252  126  118  )
( 25  112  -263  )
( -59  -239  340  )
( -253  -11  299  )
( -81  73  -321  )
( -226  -68  55  )
( -324  49  98  )
( -45  296  -251  )
( 126  304  329  )
( -335  28  26  )
( 248  -20  -237  )
( -345  -151  331  )
( 205  220  109  )
( 156  -323  126  )
( -280  16  238  )
( -345  -163  250  )
( -282  -117  112  )
( -251  -269  320  )
( 225  -84  -236  )
( 39  -302  89  )
( 207  -283  -263  )
( -143  82  232  )
( 174  -250  -147  )
( -279  107  -247  )
( -85  -159  -249  )
( 303  134  153  )
( -66  22  20  )
( -187  288  0  )
( 305  5  -285  )
( -286  -302  150  )
( 26  -170  -156  )
( 344  241  309  )
( 86  -101  298  )
( -236  -109  231  )
( 97  76  -107  )
( -277  -223  111  )
( 73  -110  -99  )
( 324  48  200  )
( 26  -85  -50  )
( 291  45  -156  )
( 224  58  -190  )
( -52  138  134  )
( -31  -113  -16  )
( -233  -52  -148  )
( -335  51  89  )
( -284  -310  301  )
( 333  -159  -226  )
( -210  87  179  )
( -47  -301  -151  )
( 60  26  -84  )
( 107  -344  285  )
( -208  50  -132  )
( -254  309  252  )
( 165  -286  -223  )
( -237  17  184  )
( 265  186  -338  )
( -191  -132  -148  )
( 145  242  151  )
( 266  243  170  )
( -55  201  -328  )
( 225  -324  100  )
( 198  -182  -70  )
( 224  -71  -3  )
( -220  31  -56  )
( -305  273  227  )
( 162  280  221  )
( 195  -95  150  )
( -67  -243  150  )
( 328  -48  -224  )
( -220  -151  61  )
( -310  -342  -119  )
( 183  -189  192  )
( 57  -3  27  )
( 141  174  43  )
( -204  -267  -213  )
( 349  -62  -136  )
( 217  -251  119  )
( -329  -175  293  )
( -172  -239  -72  )
( -345  -128  186  )
( -46  253  -286  )
( 272  1  -333  )
( 241  -141  44  )
( 300  288  31  )
( -192  -39  117  )
( -151  -66  26  )
( -323  154  191  )
( -169  126  -197  )
( 332  -102  -187  )
( 189  -282  -246  )
( 14  -266  -217  )
( -77  -303  -41  )
( -113  96  274  )
( 277  171  -10  )
( -0  69  170  )
( 215  164  -180  )
( -344  230  172  )
( 335  -196  -162  )
( -57  -170  326  )
( 283  338  -177  )
( 36  -68  116  )
( 240  123  -339  )
( 142  146  196  )
( 93  189  -134  )
( 148  250  -168  )
( -116  -267  -83  )
( 174  219  137  )
( 268  227  -178  )
( -90  306  -68  )
( 0  98  210  )
( 22  19  185  )
( -294  48  274  )
( -201  -294  140  )
( 91  -265  95  )
( -123  -2  94  )
( -141  -153  -180  )
( 11  -90  -15  )
( 102  26  -94  )
( -281  90  325  )
( 146  299  -239  )
( -10  -282  -231  )
( -113  324  38  )
( -224  196  -171  )
( 94  -15  89  )
( 202  -175  -238  )
( 195  -126  274  )
( -303  193  -268  )
( -315  38  -257  )
( 129  44  -286  )
( -321  256  -139  )
( 111  233  50  )
( 118  322  26  )
( -280  64  -311  )
( 93  -19  132  )
( 281  -168  -271  )
( 193  -176  277  )
( -109  284  -26  )
( 169  -158  102  )
( -11  -209  134  )
( 94  195  -33  )
( -341  234  -216  )
( -249  -167  271  )
( -144  -233  -138  )
( 315  139  301  )
( 91  -298  -203  )
( -96  256  124  )
( -221  -337  105  )
( 269  248  202  )
( 42  -160  221  )
( -342  178  177  )
( 184  -45  -55  )
( -346  -63  -49  )
( 323  -326  -172  )
( -35  -79  -153  )
( -99  256  229  )
( -93  140  220  )
( 126  -180  -346  )
( 189  226  -77  )
( -325  14  -68  )
( -26  -340  334  )
( -4  194  -261  )
( -298  223  84  )
( -159  54  180  )
( 35  -175  275  )
( -213  -147  -178  )
( -201  217  -27  )
( 149  -53  -233  )
( 41  -15  341  )
( 14  -329  -328  )
( 192  -317  221  )
( 49  -157  -201  )
( 265  -341  -277  )
( -324  173  -37  )
( -269  75  -316  )
( 96  -332  120  )
( 181  -170  345  )
( 287  -282  219  )
( 251  281  280  )
( -310  -153  -179  )
( -105  -68  327  )
( 303  42  6  )
( -111  99  -17  )
( -41  -92  -266  )
( -141  -225  267  )
( -124  -204  85  )
( 268  188  -161  )
( 234  -344  -97  )
( 297  263  -221  )
( 144  166  -73  )
( 338  -126  -293  )
( 328  38  -327  )
( 80  -130  136  )
( -165  -315  99  )
( -198  95  -63  )
( -324  -22  -132  )
( 235  138  -331  )
( -326  -154  -30  )
( 10  -133  266  )
( 8  -79  122  )
( -129  -216  -55  )
( 155  137  -43  )
( -7  139  269  )
( -186  -213  -238  )
( -52  225  -117  )
( -316  -320  199  )
( -108  5  -237  )
( -179  -17  29  )
( -315  171  -152  )
( -322  136  -67  )
( -331  213  -105  )
( 168  -112  300  )
( -108  280  226  )
( -161  -348  -175  )
( -175  -349  -201  )
( -50  -301  -90  )
( 62  83  -16  )
( -209  -259  327  )
( -178  -251  -183  )
( 309  156  86  )
( -64  -291  -278  )
( 58  -72  191  )
( 136  174  -48  )
( -86  -44  -106  )
( 185  -348  51  )
( -197  -94  -306  )
( -227  -26  51  )
( 179  333  -217  )
( -103  -267  -193  )
( 239  -205  67  )
( -253  -146  213  )
( -327  -170  173  )
( -235  -312  -45  )
( 197  -98  -255  )
( 118  87  41  )
( 342  333  344  )
( 233  -219  311  )
( -0  165  262  )
( 279  -124  65  )
( 251  343  -179  )
( 234  -231  324  )
( 249  -188  3  )
( 132  -299  -198  )
( -137  -171  -199  )
( 235  -206  -203  )
( 280  68  192  )
( 339  347  263  )
( -321  267  316  )
( 280  97  -16  )
( -283  140  249  )
( 136  48  183  )
( 140  90  -195  )
( 243  -66  298  )
( -55  294  -347  )
( 110  -259  -29  )
( -226  106  -206  )
( -205  -120  -176  )
( 321  98  59  )
( -8  248  -223  )
( -19  -281  -100  )
( -187  208  -176  )
( -150  -100  312  )
( -81  -222  180  )
( -327  64  -310  )
( -259  222  252  )
( 197  224  -104  )
( 174  -323  243  )
( 36  -279  65  )
( 3  -50  -226  )
( 124  -147  -138  )
( -46  -261  -143  )
( -216  141  252  )
( -122  -89  -249  )
( -327  346  -286  )
( 109  -288  -143  )
( 241  -231  -114  )
( -8  253  -85  )
( -299  -56  135  )
( 3  -23  -338  )
( -227  187  282  )
( 70  -307  79  )
( -330  -141  309  )
( -309  -344  -233  )
( -51  61  24  )
( 208  252  -54  )
( -97  237  -325  )
( 268  -165  -241  )
( 179  195  -31  )
( 31  -187  130  )
( -117  -81  253  )
( -228  243  -325  )
( 87  81  -296  )
( -169  182  118  )
( 209  -187  -269  )
( 142  186  129  )
( 99  -37  59  )
( 69  108  273  )
( 234  192  298  )
( 149  257  -108  )
( 60  -213  -238  )
( -167  -192  212  )
( -99  -69  112  )
( 242  -68  -60  )
( -276  -215  -10  )
( 131  125  175  )
( -167  221  58  )
( 335  180  -104  )
( 8  -291  -12  )
( 73  211  271  )
( 336  12  -205  )
( -300  109  79  )
( -233  -68  -311  )
( -102  -47  -338  )
( -331  265  -169  )
( 178  -248  -282  )
( 150  345  278  )
( 195  135  110  )
( -318  -286  284  )
( -56  -295  -156  )
( -49  101  -134  )
( 288  333  274  )
( -3  -181  131  )
( -5  130  88  )
( -292  -90  -33  )
( -69  -189  300  )
( -142  -221  63  )
( -154  -144  -122  )
( -144  215  -177  )
( 171  146  -96  )
( -85  -286  63  )
( -36  -69  -198  )
( 9  -240  -311  )
( 238  -116  291  )
( 199  -92  54  )
( -310  -48  144  )
( -45  35  115  )
( 288  75  -24  )
( -349  -65  -304  )
( 324  -336  141  )
( 56  -267  126  )
( 19  -219  85  )
( 18  -225  -314  )
( -323  19  -221  )
( -324  -143  -230  )
( -20  134  -140  )
( 285  -91  46  )
( 74  314  293  )
( -71  178  -97  )
( -188  108  44  )
( -200  -265  -136  )
( 156  241  -185  )
( -213  -131  -295  )
( 182  -10  -213  )
( -305  -244  -182  )
( 16  217  17  )
( -273  269  -242  )
( -31  47  35  )
( 312  56  -11  )
( -22  313  -306  )
( -60  327  243  )
( -298  -328  174  )
( 85  209  -249  )
( 119  -271  -76  )
( -237  245  -280  )
( -4  164  331  )
( -171  -298  -284  )
( 302  -12  47  )
( 55  -102  -247  )
( -273  -330  -233  )
( -260  289  -17  )
( 65  -319  33  )
( -64  256  297  )
( -128  120  -135  )
( 283  123  -98  )
( -155  143  270  )
( -171  -193  -218  )
( 19  -20  137  )
( -294  37  266  )
( -279  -112  161  )
( -173  -314  59  )
( -254  -308  224  )
( 100  -9  -221  )
( 57  -6  113  )
( -155  -102  135  )
( -4  -128  -187  )
( -248  -230  339  )
( 290  -213  -104  )
( 222  -238  155  )
( 135  16  188  )
( 258  69  -116  )
( -44  -260  -336  )
( 215  -122  -312  )
( 53  -207  -62  )
( 84  146  224  )
( 55  -280  73  )
( 180  326  170  )
( 315  -192  250  )
( -54  -251  194  )
( -264  62  -192  )
( -311  44  335  )
( 186  261  123  )
( 77  113  -205  )
( 159  293  -325  )
( 151  -176  181  )
( -90  143  49  )
( 39  -337  77  )
( -115  -327  -154  )
( 132  -27  -53  )
( 121  -240  241  )
( -294  -10  39  )
( -138  -342  61  )
( -349  133  -277  )
( -335  -158  -89  )
( -340  209  -31  )
( 248  -24  113  )
( -212  215  333  )
( -323  -316  -235  )
( -234  -47  -225  )
( -271  -95  98  )
( -103  137  344  )
( 249  -326  -52  )
( -297  157  201  )
( -48  -34  42  )
( -337  97  -340  )
( -114  -29  345  )
( 343  34  -57  )
( -138  -98  198  )
( 121  -81  -208  )
( -259  -214  -346  )
( 23  -115  168  )
( 310  264  98  )
( -333  -39  -64  )
( -61  -131  -41  )
( 0  -47  -44  )
( -108  46  -147  )
( -190  210  290  )
( -226  135  -11  )
( 185  242  -250  )
( -158  -144  95  )
( -19  207  287  )
( -245  13  -284  )
( 67  78  40  )
( 150  310  311  )
( -232  -193  59  )
( 296  -95  -39  )
( 143  252  -251  )
( 282  -23  -244  )
( 114  27  -122  )
( 173  -87  274  )
( 296  4  -7  )
( -262  -155  -213  )
( -73  81  -123  )
( -343  26  135  )
( 211  298  6  )
( -262  -52  331  )
( -101  -263  -62  )
( -205  -273  339  )
( -100  -224  22  )
( 310  49  105  )
( 339  336  53  )
( 2  -164  182  )
( 146  -54  -86  )
( -150  275  126  )
( 64  -315  -86  )
( 65  -219  57  )
( -215  -5  185  )
( -326  61  -176  )
( -286  256  -130  )
( 318  -139  346  )
( 30  -319  -151  )
( 223  -303  326  )
( -20  -264  -329  )
( 337  260  215  )
( -203  -211  -327  )
( 44  17  -62  )
( 52  259  -217  )
( -255  238  -258  )
( -76  -70  299  )
( -77  -1  117  )
( 305  73  -27  )
( 65  185  333  )
( -29  -232  -13  )
( 177  52  -302  )
( -145  24  167  )
( 222  -132  125  )
( -17  338  148  )
( -38  120  -6  )
( -154  -322  131  )
( -98  -125  313  )
( -344  285  61  )
( -255  -159  74  )
( 334  -101  3  )
( -304  334  199  )
( 49  -176  145  )
( -178  -313  335  )
( 178  113  -104  )
( 316  -130  -208  )
( -83  -111  -288  )
( 82  -218  276  )
( 71  -299  272  )
( 183  -206  -77  )
( -30  -70  -5  )
( 290  -126  -129  )
( 24  146  -319  )
( -76  -301  -184  )
( -205  233  85  )
( 43  -273  51  )
( -330  325  -347  )
( 82  72  -39  )
( 340  -302  10  )
( -293  177  -13  )
( -199  -324  224  )
( 170  -207  167  )
( 182  -186  144  )
( 181  -275  172  )
( 293  18  -327  )
( -10  89  13  )
( 249  -48  -312  )
( 37  -92  295  )
( 95  305  -97  )
( -206  -344  66  )
( -231  -327  9  )
( 86  343  -59  )
( -88  280  337  )
( -125  -175  -132  )
( -252  182  302  )
( -150  -239  317  )
( 102  -66  276  )
( 28  31  -48  )
( -318  170  331  )
( 138  216  164  )
( 267  38  294  )
( -155  -105  319  )
( -113  -73  301  )
( 110  -96  129  )
( 179  -182  55  )
( 181  -220  185  )
( 338  -10  -42  )
( -142  77  74  )
( 147  190  -245  )
( -144  -327  -346  )
( 7  202  -152  )
( 196  226  217  )
( 50  -18  -79  )
( -269  259  -43  )
( 139  -33  319  )
( 171  -286  -157  )
( -336  -324  100  )
( -298  -335  349  )
( 90  50  -296  )
( 171  118  265  )
( -31  -5  -185  )
( -345  -114  -151  )
( -257  -106  -248  )
( 11  -168  258  )
( -321  242  256  )
