( -210  335  173  )
( 260  323  104  )
( -56  -236  -71  )
( 251  12  -284  )
( -301  -75  -134  )
( -281  -264  210  )
( -28  271  104  )
( -129  -274  292  )
( 172  105  -202  )
( -108  -234  -295  )
( -90  71  327  )
( 274  -91  -227  )
( -249  292  42  )
( -134  74  170  )
( -319  -114  -322  )
( 183  214  -229  )
( -17  -245  176  )
( -94  109  303  )
( -20  100  -148  )
( 215  -81  223  )
( -4  27  -33  )
( -24  7  -22  )
( 93  337  -8  )
( 220  126  269  )
( 178  -121  37  )
( -11  151  302  )
( -341  127  -101  )
( 215  -265  124  )
( -263  58  -212  )
( -84  -283  -310  )
( 122  23  -144  )
( -81  267  190  )
( -265  205  345  )
( -191  -25  -65  )
( -63  244  195  )
( -163  80  308  )
( 336  203  264  )
( -4  102  49  )
( -36  77  -307  )
( 69  30  -339  )
( -148  -47  -34  )
( 250  236  -274  )
( -192  -24  -14  )
( 313  -47  -297  )
( 123  -310  -271  )
( -231  141  -348  )
( -262  227  28  )
( -258  -96  -47  )
( 115  323  -233  )
( -286  300  306  )
( -270  158  -31  )
( 269  11  278  )
( 259  315  -278  )
( 96  -228  -127  )
( 188  23  143  )
( -298  217  319  )
( -115  -207  88  )
( 35  -80  -297  )
( -266  334  229  )
( 283  -240  242  )
( 67  -263  81  )
( 135  17  -31  )
( 105  5  93  )
( 188  -315  295  )
( 207  -22  39  )
( 66  -195  -82  )
( 134  119  -96  )
( 124  -274  -64  )
( -161  303  -241  )
( 8  53  -205  )
( 271  -214  -77  )
( 140  313  305  )
( -316  -202  191  )
( -317  -319  250  )
( -329  49  10  )
( -327  -170  -227  )
( 338  -77  40  )
( 21  319  -6  )
( 53  -85  -291  )
( -279  -311  24  )
( -239  105  339  )
( 98  -174  192  )
( -273  197  -13  )
( -116  135  0  )
( -32  -288  122  )
( -93  144  299  )
( 191  -297  -100  )
( -172  186  77  )
( -86  -5  -110  )
( 253  255  -128  )
( -178  -335  -95  )
( -24  179  -91  )
( -5  180  304  )
( 130  -324  -100  )
( 228  301  120  )
( -310  -287  3  )
( 47  166  -250  )
( 292  -93  319  )
( 290  -64  215  )
( 269  -191  174  )
( 40  -317  -127  )
( -239  -110  40  )
( -150  -277  -26  )
( -76  67  71  )
( -217  -316  107  )
( -8  136  283  )
( 176  222  -57  )
( -203  -67  154  )
( -6  -57  -7  )
( 314  -123  217  )
( 89  169  245  )
( 80  -128  -207  )
( -336  193  -147  )
( 106  -29  -164  )
( 181  201  -312  )
( -112  -143  -347  )
( -182  211  341  )
( 281  347  106  )
( -112  147  198  )
( 231  319  316  )
( -216  203  305  )
( 35  7  239  )
( -106  107  -270  )
( -214  95  231  )
( -219  -162  -99  )
( -54  -107  329  )
( 52  284  316  )
( 25  199  -295  )
( -324  157  177  )
( -202  -42  -49  )
( -147  -80  -40  )
( -292  26  139  )
( -11  -192  62  )
( -5  43  -88  )
( 260  135  49  )
( 19  238  -66  )
( -158  -317  -320  )
( 210  -206  28  )
( -168  -345  92  )
( 124  154  257  )
( -57  259  -261  )
( -202  -160  324  )
( 4  317  11  )
( 55  346  42  )
( 47  -270  81  )
( -6  74  347  )
( -110  55  -181  )
( -132  -41  -113  )
( -142  253  65  )
( 173  -75  232  )
( -157  288  197  )
( 70  -336  182  )
( 257  -87  -344  )
( -332  300  268  )
( -112  -89  -70  )
( -108  285  -210  )
( -332  254  -239  )
( 301  -285  -305  )
( 44  48  -228  )
( -78  -198  237  )
( 219  -221  -117  )
( 30  -179  -102  )
( 343  -318  -263  )
( 346  336  -3  )
( -255  344  -54  )
( -138  146  -160  )
( -174  242  -21  )
( 85  29  346  )
( -114  -178  265  )
( -82  324  323  )
( 163  -61  -229  )
( 91  -217  -281  )
( -263  87  -313  )
( 117  -272  -170  )
( 31  -43  -190  )
( 98  -44  -116  )
( 163  -338  -65  )
( -307  -255  -344  )
( -307  102  -244  )
( -37  -224  305  )
( -14  160  29  )
( 18  -344  325  )
( 256  37  157  )
( 237  -55  -17  )
( -208  -270  -178  )
( 57  267  -219  )
( 116  235  -280  )
( -216  -148  -0  )
( 324  23  -106  )
( 58  -62  77  )
( -116  156  83  )
( -330  -151  -5  )
( 240  70  -19  )
( 263  76  119  )
( -254  -2  119  )
( 153  49  106  )
( -191  -244  316  )
( 203  297  152  )
( -188  -19  12  )
( 124  203  44  )
( 110  -60  166  )
( -109  208  341  )
( -19  232  -195  )
( 214  -222  -91  )
( -132  63  -46  )
( -211  -272  64  )
( -237  -317  279  )
( -82  -343  -332  )
( -66  105  225  )
( 151  -263  -322  )
( -71  161  72  )
( -73  -185  301  )
( 94  -120  344  )
( 102  -292  235  )
( 169  34  58  )
( 295  188  127  )
( 185  220  190  )
( 189  33  -333  )
( 245  256  -223  )
( 167  -328  -59  )
( 216  236  335  )
( -152  -112  -110  )
( -206  -128  -303  )
( -193  -114  215  )
( -264  -293  -75  )
( -152  184  88  )
( 21  -55  -53  )
( 24  88  273  )
( -311  -278  -242  )
( 294  -303  179  )
( -169  307  -90  )
( 119  -229  -324  )
( 186  -215  64  )
( -299  -64  261  )
( 252  38  -96  )
( 218  -122  325  )
( -107  -14  199  )
( 313  -250  -14  )
( 87  -339  208  )
( -255  290  -204  )
( 328  152  -307  )
( 340  -196  250  )
( 116  248  -112  )
( -209  84  245  )
( -33  -99  60  )
( 317  -106  -6  )
( 28  105  91  )
( -12  221  185  )
( 290  -102  192  )
( -288  204  260  )
( 254  -177  256  )
( -327  -76  -59  )
( -248  42  140  )
( -259  -253  -176  )
( 138  -153  288  )
( 329  335  -63  )
( -103  -36  32  )
( 148  -30  339  )
( -294  205  96  )
( 51  181  -121  )
( -310  166  -294  )
( 140  61  -131  )
( 130  27  -216  )
( -260  -277  -340  )
( 54  -285  323  )
( 200  -27  119  )
( -117  -112  -250  )
( -70  -100  -29  )
( -95  298  63  )
( 164  -285  -168  )
( -317  -223  277  )
( -168  112  291  )
( -286  314  175  )
( -97  223  -113  )
( 148  162  -269  )
( -336  -139  -283  )
( 93  -125  236  )
( 38  -315  5  )
( -256  -117  80  )
( 52  -93  86  )
( 83  11  48  )
( -61  -332  82  )
( 14  39  -63  )
( -161  -311  -106  )
( -192  -263  -245  )
( 24  -343  156  )
( 225  197  109  )
( -68  179  -107  )
( 145  -164  122  )
( -171  263  265  )
( -131  -236  110  )
( -170  -234  70  )
( -271  32  -160  )
( 127  268  -74  )
( -58  -234  -20  )
( -285  -92  -126  )
( 341  324  260  )
( 323  296  -172  )
( 23  -14  210  )
( 19  -339  301  )
( 33  91  -264  )
( 311  190  -275  )
( -181  273  -252  )
( -18  141  -348  )
( -324  152  -74  )
( 221  -292  -308  )
( 20  11  -22  )
( 155  57  -49  )
( -322  161  191  )
( -261  -116  -117  )
( -130  -225  -296  )
( -92  -203  60  )
( 32  -116  149  )
( 105  225  -152  )
( -270  -126  -133  )
( 82  307  325  )
( 168  -324  -68  )
( -93  270  -57  )
( 144  138  -153  )
( -0  -303  187  )
( 341  314  263  )
( -263  91  203  )
( 304  -295  314  )
( -1  305  175  )
( 118  312  349  )
( 266  -48  -187  )
( -159  -119  -63  )
( 77  251  -344  )
( 74  -273  -231  )
( 342  110  306  )
( -302  157  -41  )
( -2  140  136  )
( -56  -88  301  )
( 277  226  140  )
( -2  70  128  )
( 40  139  -285  )
( -337  295  -250  )
( 127  246  306  )
( -31  182  -58  )
( -6  -286  138  )
( -228  -68  180  )
( -325  209  150  )
( 21  265  324  )
( -292  82  347  )
( -137  32  -36  )
( 95  -99  -94  )
( 226  -15  197  )
( -222  -220  245  )
( 46  -203  294  )
( 144  -344  -226  )
( -301  85  164  )
( -226  -305  345  )
( 242  -268  -345  )
( 153  -151  6  )
( -331  -8  -105  )
( 63  -276  20  )
( -335  -205  225  )
( -278  200  -266  )
( -322  -216  227  )
( 148  75  -86  )
( -307  -119  -208  )
( 175  -116  181  )
( 335  -210  195  )
( 38  212  -32  )
( 122  -47  10  )
( 312  -167  170  )
( -330  -70  -74  )
( -337  154  294  )
( -73  19  162  )
( -329  -165  -222  )
( -85  252  86  )
( -230  217  -224  )
( -95  -152  111  )
( 278  41  51  )
( 263  213  141  )
( 318  314  -262  )
( 24  -235  273  )
( 80  153  129  )
( 158  -187  -285  )
( 204  -198  259  )
( -304  163  24  )
( -105  189  210  )
( -280  139  48  )
( 211  -146  245  )
( 240  -331  -6  )
( -136  -134  90  )
( -213  253  -178  )
( 200  -191  -32  )
( 29  104  209  )
( -124  -322  145  )
( -71  -89  185  )
( 225  -325  160  )
( -132  115  288  )
( 64  61  323  )
( -61  -340  -148  )
( 235  129  13  )
( -288  -33  -332  )
( -80  200  -212  )
( 235  257  311  )
( 323  168  120  )
( 95  -336  160  )
( -161  241  -246  )
( 298  -254  -238  )
( -101  -91  -172  )
( 163  256  52  )
( 179  -35  346  )
( -228  -345  321  )
( -204  -226  119  )
( -307  117  -25  )
( -123  -173  -219  )
( -16  -184  313  )
( 75  293  -254  )
( 162  -77  -31  )
( 241  -187  -117  )
( 220  274  36  )
( -73  -170  18  )
( -126  19  12  )
( -264  33  187  )
( 6  145  108  )
( -255  199  -122  )
( -223  46  -263  )
( -154  -324  319  )
( -206  52  -198  )
( 173  81  -2  )
( 258  -34  -60  )
( -309  345  263  )
( -214  -47  -204  )
( -26  36  241  )
( 209  -5  -199  )
( 114  -144  -183  )
( -2  -115  142  )
( 46  210  -153  )
( -348  80  -225  )
( -6  -151  -242  )
( 184  276  308  )
( 22  156  73  )
( -271  320  15  )
( 210  56  205  )
( 308  229  -46  )
( -62  66  338  )
( 11  -39  -208  )
( 117  -19  -35  )
( 238  -299  -28  )
( 124  69  108  )
( -46  260  289  )
( -102  332  174  )
( 151  -273  -138  )
( -311  12  227  )
( 42  292  349  )
( -257  27  284  )
( 232  70  42  )
( -104  -252  72  )
( 231  1  278  )
( -53  120  18  )
( -160  51  18  )
( 272  -55  -212  )
( 81  -93  219  )
( -85  303  -321  )
( 257  286  -348  )
( 233  -324  346  )
( -130  219  307  )
( 300  -330  264  )
( -98  -147  145  )
( -342  42  56  )
( -81  -15  -134  )
( -311  265  -252  )
( -31  162  91  )
( 113  -347  -177  )
( 200  -214  217  )
( 65  -240  165  )
( -122  -141  -212  )
( 153  -218  -121  )
( 208  -249  304  )
( 310  6  -21  )
( 232  72  -312  )
( -323  -339  20  )
( -100  267  -44  )
( -22  198  -127  )
( 31  74  -39  )
( -300  -82  325  )
( 250  -243  246  )
( 322  70  -231  )
( -107  315  -27  )
( 64  -14  -283  )
( -176  249  -296  )
( 188  206  109  )
( 141  233  -70  )
( 174  -60  -100  )
( 67  288  -200  )
( 36  35  -121  )
( -242  -72  -63  )
( 121  280  -94  )
( -47  -74  -139  )
( -293  -247  31  )
( 94  -332  -198  )
( -336  348  14  )
( -210  195  -310  )
( 234  -247  193  )
( -28  220  176  )
( -79  194  10  )
( 280  -301  -229  )
( 35  91  151  )
( 333  -210  -160  )
( 39  37  -209  )
( 85  -297  -17  )
( -324  -169  45  )
( -32  25  274  )
( -104  -109  -50  )
( -271  -143  303  )
( 201  310  -14  )
( 224  96  -275  )
( -130  -143  -345  )
( -239  241  -122  )
( 63  -260  18  )
( 121  224  179  )
( 247  -68  -346  )
( -178  -23  124  )
( 324  -333  271  )
( 80  -341  313  )
( 333  53  306  )
( 326  -300  -269  )
( 287  72  -223  )
( -158  342  -64  )
( -125  -102  196  )
( -324  -319  -226  )
( -50  73  -11  )
( -346  181  344  )
( 231  -114  12  )
( -106  -47  -290  )
( 89  262  144  )
( 243  313  57  )
( 322  -253  141  )
( 252  -39  184  )
( -199  250  172  )
( 91  5  223  )
( -16  138  148  )
( -282  -192  172  )
( -205  -187  -126  )
( -274  81  -295  )
( -39  169  266  )
( -159  -44  194  )
( -223  -224  28  )
( -231  35  -74  )
( 202  73  197  )
( -137  -149  -343  )
( 34  -258  334  )
( 185  259  119  )
( -7  -136  -39  )
( 13  197  174  )
( 311  97  98  )
( 35  -93  -312  )
( 104  -142  244  )
( -39  -128  344  )
( 178  -135  -110  )
( -319  -229  -324  )
( -11  -61  -206  )
( 97  266  -291  )
( -38  -303  256  )
( 31  124  22  )
( 349  -302  -166  )
( -183  -70  -76  )
( 135  -329  338  )
( -52  -28  122  )
( -261  191  -262  )
( 151  30  -145  )
( -272  0  268  )
( -26  -131  -157  )
( 304  43  121  )
( 343  127  114  )
( 289  125  158  )
( -131  10  151  )
( 283  340  -47  )
( 281  304  -6  )
( -336  72  -200  )
( 226  285  -210  )
( -310  70  144  )
( -307  -81  261  )
( 94  294  -159  )
( 60  -165  339  )
( -254  345  -36  )
( 254  246  -108  )
( 94  -6  -118  )
( -331  -316  -271  )
( -14  -305  -11  )
( -67  179  121  )
( -2  58  -309  )
( 17  231  314  )
( -174  -175  -248  )
( 348  -15  196  )
( -1  -48  3  )
( -120  143  309  )
( 160  107  260  )
( -254  -53  -303  )
( 313  -30  17  )
( -266  148  -332  )
( 136  -77  -4  )
( 172  132  144  )
( -73  231  234  )
( 249  -147  346  )
( -256  -204  -76  )
( 139  16  -160  )
( 349  294  159  )
( -31  115  243  )
( 28  6  85  )
( -274  105  -144  )
( -158  60  -197  )
( -125  119  -221  )
( -113  213  -317  )
( -75  311  262  )
( 338  -59  -218  )
( -311  -106  -155  )
( -137  334  -264  )
( 56  -288  -248  )
( 296  -90  -149  )
( 80  -307  -251  )
( 254  123  80  )
( 307  -154  61  )
( -14  171  233  )
( 128  170  238  )
( -165  262  142  )
( 162  -110  -41  )
( 109  158  -122  )
( -187  197  -73  )
( 281  228  -86  )
( 241  -315  144  )
( 300  178  -30  )
( -224  312  266  )
( -280  120  316  )
( 266  112  -313  )
( -33  -187  1  )
( -265  -263  -253  )
( -0  255  277  )
( 4  243  -136  )
( -226  40  195  )
( 314  221  -147  )
( 84  -240  210  )
( 320  -265  313  )
( 257  -193  241  )
( -153  -182  346  )
( 145  333  260  )
( 153  -223  253  )
( 143  -163  -346  )
( 301  -172  271  )
( -5  -207  -138  )
( -253  -16  182  )
( -297  36  261  )
( -327  -259  194  )
( 176  -275  -284  )
( 280  -173  -347  )
( -34  -154  341  )
( 176  -194  218  )
( -159  -156  -205  )
( -216  -123  -121  )
( 153  232  -325  )
( -130  -94  -194  )
( 208  337  -299  )
( 143  324  67  )
( 218  -280  -95  )
( -173  238  314  )
( 341  -273  252  )
( 97  -264  294  )
( -69  98  -251  )
( -14  -107  28  )
( 303  -334  -161  )
( -42  -86  -85  )
( 224  55  155  )
( 91  101  -161  )
( -31  168  -342  )
( 148  -97  -55  )
( 155  -35  109  )
( 215  -81  -229  )
( 184  117  131  )
( -224  14  288  )
( -118  -180  -11  )
( -18  -233  191  )
( 95  -326  -171  )
( -98  164  -36  )
( 327  -300  -311  )
( 248  224  253  )
( 126  -70  198  )
( -263  32  56  )
( 197  334  157  )
( 80  -321  -98  )
( -32  -288  -318  )
( 225  334  32  )
( -62  -233  -282  )
( -110  -174  -11  )
( -223  172  -212  )
( -273  -180  -306  )
( 168  267  207  )
( 280  -82  297  )
( -27  -276  -147  )
( 321  64  267  )
( -68  -144  334  )
( -94  56  -331  )
( 168  2  -265  )
( 27  -184  107  )
( 347  302  65  )
( 76  -274  -39  )
( 92  225  -116  )
( -238  130  -210  )
( 17  160  -74  )
( -297  -52  148  )
( -71  -198  -327  )
( -123  -292  -46  )
( -272  -234  -333  )
( -302  -274  91  )
( 344  -342  -104  )
( -325  -42  114  )
( -91  315  90  )
( 49  195  -116  )
( -97  -21  95  )
( 64  297  146  )
( -272  -347  343  )
( 327  117  228  )
( 234  -253  -13  )
( -149  -81  -234  )
( 77  -320  317  )
( 255  96  70  )
( 221  -304  -176  )
( -192  211  -107  )
( -84  -48  -173  )
( 302  82  163  )
( 259  -201  137  )
( 254  -290  308  )
( -179  136  -321  )
( -189  104  44  )
( -281  -149  -29  )
( -177  -205  93  )
( -331  100  -82  )
( 223  258  50  )
( -339  -199  -272  )
( 275  -281  -7  )
( 286  -57  4  )
( 329  172  207  )
( 32  -220  313  )
( -162  -107  233  )
( -98  -43  3  )
( 80  -339  -209  )
( -302  194  -252  )
( 229  29  28  )
( -191  -273  -116  )
( -187  -314  23  )
( 186  320  -311  )
( -142  -205  -124  )
( 131  -70  251  )
( -124  -123  -301  )
( 227  123  282  )
( 214  -219  296  )
( 124  -58  249  )
( 189  110  -16  )
( 248  100  -176  )
( -342  241  -102  )
( -299  328  244  )
( -128  230  294  )
( 77  75  -208  )
( -145  -323  239  )
( -23  343  -282  )
( -348  182  183  )
( 80  199  -13  )
( 192  299  225  )
( 217  -102  -229  )
( -232  14  129  )
( 70  -147  -131  )
( 77  -71  -346  )
( 284  -197  -89  )
( 279  260  -89  )
( -150  63  -233  )
( -52  115  246  )
( 140  -302  -77  )
( 147  -58  -12  )
( 299  -163  273  )
( -98  -234  241  )
( -176  -19  -79  )
( -195  146  -36  )
( -335  262  -192  )
( -74  -282  -302  )
( 277  227  209  )
( 189  -266  344  )
( -280  -285  58  )
( -38  114  16  )
( -127  143  -141  )
( -140  -239  207  )
( 296  -244  97  )
( 79  -41  156  )
( -147  292  135  )
( -339  -197  5  )
( 312  326  223  )
( 15  41  224  )
( 292  -75  -306  )
( 119  -12  -69  )
( -196  264  -72  )
( 324  342  148  )
( -74  -274  304  )
( -96  -166  -342  )
( -82  -11  328  )
( 83  -97  -48  )
( -13  -67  131  )
( -349  -303  273  )
( 24  -272  -349  )
( 254  -325  -227  )
( -271  -310  -217  )
( -219  204  -5  )
( -84  325  1  )
( -179  -37  164  )
( -85  -109  69  )
( 68  280  301  )
( 309  101  161  )
( 345  141  -311  )
( -166  235  91  )
( 271  -74  -65  )
( 185  -164  146  )
( 213  -195  290  )
( 265  239  348  )
( 156  339  245  )
( -323  -280  -297  )
( -331  90  85  )
( 321  116  128  )
( 12  -127  -115  )
( -117  -265  -334  )
( 304  339  160  )
( 268  303  -338  )
( 277  -145  254  )
( -14  58  -211  )
( -321  -164  265  )
( 298  -144  -203  )
( 119  329  -318  )
( 100  95  328  )
( 165  -25  -249  )
( -223  323  -248  )
( 32  -78  -342  )
( -109  13  -53  )
( -221  109  111  )
( -266  -69  -82  )
( 57  103  334  )
( -234  -185  220  )
( -234  -2  -261  )
( -286  133  -300  )
( 0  64  -168  )
( 132  -309  -85  )
( -265  278  104  )
( -340  107  -223  )
( 51  304  227  )
( -167  -209  204  )
( 121  -182  12  )
( -28  -208  -224  )
( 137  221  -188  )
( 248  64  -146  )
( -27  -324  242  )
( -271  292  235  )
( -155  60  233  )
( -157  207  222  )
( -94  110  -220  )
( 241  -24  81  )
( 106  -242  345  )
( -213  142  41  )
( -189  -149  34  )
( 250  264  251  )
( 224  201  289  )
( -67  179  -257  )
( 297  -274  282  )
( -38  156  -50  )
( -100  300  227  )
( -41  65  199  )
( 263  6  189  )
( -11  -273  86  )
( 173  239  290  )
( 111  -275  295  )
( 171  -278  -263  )
( 309  325  -106  )
( 296  -311  -316  )
( 318  -86  181  )
( 324  147  -41  )
( 197  57  202  )
( 113  -97  -23  )
( 260  12  37  )
( -268  308  129  )
( 288  -222  -309  )
( -201  -210  120  )
( -102  20  -262  )
( -286  9  -114  )
( 177  -85  336  )
( 197  201  304  )
( -90  335  176  )
( 212  -5  198  )
( 110  -247  -17  )
( -136  -261  273  )
( -108  299  -207  )
( -35  59  173  )
( 170  -24  -263  )
( 37  10  194  )
( 86  -183  -129  )
( 245  -148  -149  )
( -47  -298  210  )
( 192  59  293  )
( 20  -78  277  )
( -327  4  150  )
( -202  -251  -314  )
( -247  344  107  )
( -135  321  -205  )
( -267  131  5  )
( -304  -114  -313  )
( -212  319  68  )
( -116  -101  -280  )
( -237  -327  232  )
( 228  -337  162  )
( 279  -2  292  )
( -80  -180  135  )
( 60  238  -201  )
( -19  99  197  )
( -123  145  -108  )
( -324  -151  83  )
( -228  259  294  )
( 273  108  -185  )
( -49  -311  323  )
( -282  124  257  )
( 267  -107  300  )
( -5  345  253  )
( 239  -347  176  )
( 25  129  -13  )
( -166  -200  255  )
( -103  -149  252  )
( -343  -336  -26  )
( 264  329  244  )
( 186  88  210  )
( 36  -154  51  )
( 222  -166  -330  )
( -255  253  89  )
( -213  179  22  )
( -124  125  -3  )
( 252  -266  196  )
( 170  -176  31  )
( 48  261  -188  )
( 236  -135  212  )
( 312  156  45  )
( -45  204  116  )
( 193  -82  32  )
( 8  229  23  )
( -161  -189  -301  )
( -338  -349  347  )
( -346  -172  -260  )
( 244  -91  -82  )
( 28  -70  -149  )
( 126  -333  75  )
( 159  58  -224  )
( -322  -253  -133  )
( -186  43  -77  )
( 303  -79  -206  )
( -89  232  244  )
( -213  204  -92  )
( 271  -166  -249  )
( -236  -71  68  )
( -236  34  336  )
( -295  237  78  )
( -168  338  337  )
( 175  -176  161  )
( -296  -173  64  )
( 18  218  -17  )
( 91  313  -234  )
( 43  42  313  )
( 39  -4  291  )
( -138  -199  -276  )
( -331  182  282  )
( 251  -309  239  )
( 129  156  -17  )
( -193  -179  -132  )
( -294  -180  127  )
( 192  168  -243  )
( 288  42  -219  )
( -286  -243  25  )
( 53  -62  -197  )
( -24  43  -40  )
( 15  55  343  )
( 171  214  -4  )
( 40  343  23  )
( -95  207  -41  )
( 50  33  -51  )
( 92  -222  301  )
( -285  -341  -270  )
( -255  -141  -204  )
( -182  -166  183  )
( -299  -107  77  )
( -186  -71  70  )
( 174  -267  100  )
( -264  125  -15  )
( 111  302  141  )
( -155  -107  -7  )
( 183  340  212  )
( -150  270  40  )
( -60  -219  -9  )
( -121  125  -221  )
( -205  -144  -59  )
( 296  210  -179  )
( -160  43  337  )
( 277  -328  -329  )
( -27  53  -158  )
( 214  313  -142  )
( -171  -25  58  )
( -166  12  -307  )
( -27  305  -24  )
( -308  -19  162  )
( 243  181  -89  )
( -344  -75  119  )
( -214  -297  313  )
( -49  -226  64  )
( 111  -155  272  )
( -184  -345  -218  )
( -220  -242  136  )
( 324  73  -8  )
( -164  348  -249  )
( -298  -180  -116  )
( -96  -201  334  )
( 4  215  100  )
( -296  -308  234  )
( -162  200  32  )
( -53  -281  -127  )
( -152  77  -73  )
( -292  198  107  )
( -97  175  -340  )
( 288  183  -140  )
( 266  153  -117  )
( -268  223  -184  )
( -83  256  -216  )
( -223  66  -237  )
( 227  63  -81  )
( -307  2  -334  )
( 249  138  51  )
( 195  -71  227  )
( -20  -300  -186  )
( -186  266  -114  )
( 124  44  273  )
( 212  57  -244  )
( 328  -88  -92  )
( -294  208  229  )
( -213  280  -199  )
( -7  103  24  )
( -163  -67  -208  )
( 46  -137  -61  )
( 295  221  -62  )
( -7  -100  232  )
( -285  217  327  )
( -137  -245  -227  )
( -86  -289  -113  )
( -283  53  -111  )
( -67  -256  -177  )
( 327  343  -80  )
( -104  -3  -25  )
( 160  -329  -148  )
( -257  -9  -57  )
( -328  -32  -271  )
( -276  65  71  )
( -15  -65  119  )
( 230  142  -63  )
( -219  140  209  )
( -217  172  40  )
( -241  -63  -303  )
( -296  -75  283  )
( 15  -227  152  )
( -318  -320  340  )
( -226  -229  2  )
( 123  216  -174  )
( 225  108  -233  )
( -228  341  -317  )
( 287  312  -325  )
( -77  -218  -89  )
( 291  -223  156  )
( -151  -37  212  )
( -282  -177  89  )
( -269  -178  332  )
( 170  0  274  )
( -178  233  -175  )
( 130  162  -322  )
( -246  255  40  )
( -19  -45  -322  )
( -235  -205  257  )
( 305  261  331  )
( 67  164  253  )
( -15  -255  130  )
( -233  200  152  )
( 73  247  279  )
( -178  -149  42  )
( -92  291  121  )
( 85  -105  -64  )
( 195  188  -76  )
( -126  230  -257  )
( -204  -203  -334  )
( 121  -202  293  )
( 292  -238  -17  )
( -94  -159  -183  )
( -87  -146  -12  )
( -13  -252  124  )
( -253  83  -298  )
( 104  -168  181  )
( 154  285  -274  )
( 338  37  -161  )
( -15  -270  -125  )
( -313  186  335  )
( 224  -1  235  )
( 12  -345  -23  )
( 240  284  -316  )
( -209  -318  187  )
( -239  53  190  )
( 157  -60  -277  )
( 167  301  -108  )
( -197  -84  -262  )
( -244  204  111  )
( -297  -240  301  )
( -208  109  312  )
( -184  121  -311  )
( -11  134  183  )
( -169  155  305  )
( -310  264  13  )
( 100  175  -304  )
( 276  210  118  )
( -309  241  -20  )
( -253  278  -61  )
( -194  -1  222  )
( 234  291  -235  )
( -330  -33  79  )
( 326  -84  100  )
( -81  -318  -171  )
( 307  -205  -78  )
( -235  122  -137  )
( 267  208  -222  )
( -134  -105  -44  )
( 213  311  239  )
( 196  20  253  )
( 144  -304  315  )
( -283  17  13  )
( 232  -231  -108  )
( 177  -68  -27  )
( 319  -147  283  )
( -200  318  112  )
( -277  137  -193  )
( -70  183  -3  )
( -175  268  -62  )
( -159  82  5  )
( -230  49  -181  )
( 219  58  213  )
( 82  -187  137  )
( 151  72  -292  )
( -347  104  -124  )
( -43  317  288  )
( 142  -153  329  )
( -182  -3  -312  )
( -219  37  -182  )
( 45  -118  36  )
( 309  287  335  )
( -74  223  212  )
( 221  254  186  )
( 124  94  236  )
( -92  -191  -144  )
( 317  -5  55  )
( 264  -227  -67  )
( 71  156  291  )
( 241  216  58  )
( -209  218  -267  )
( 229  -159  -105  )
( 213  -308  -141  )
( -177  -82  272  )
( -347  -136  -18  )
( 287  -9  -24  )
( -66  137  -197  )
( -151  218  16  )
( -148  -79  -103  )
( -171  -122  -271  )
( -215  -324  -121  )
( -196  -183  -99  )
( -227  -299  -39  )
( 284  9  255  )
( 62  -79  -257  )
( 310  97  -166  )
( -132  -194  234  )
( -192  -63  348  )
( -33  222  -293  )
( 24  264  111  )
( -341  63  -192  )
( -104  -278  -49  )
( -283  -345  -261  )
( -209  -274  -331  )
( 11  -204  -14  )
( -281  186  147  )
( -22  -230  -325  )
( -204  45  333  )
( 124  143  170  )
( -293  224  -107  )
( 262  52  64  )
( 124  104  158  )
( 204  118  182  )
( 275  249  206  )
( 226  -56  -140  )
( 217  -111  -139  )
( -99  127  102  )
( -316  118  -85  )
( -238  69  -66  )
( -67  -333  157  )
( -17  325  126  )
( -6  -235  41  )
( 223  64  244  )
( 266  -228  -86  )
( 309  -71  -136  )
( 308  -160  5  )
( 144  -288  208  )
( 157  279  83  )
( 116  292  -251  )
( -172  -80  -11  )
( -175  -19  333  )
( 299  -176  18  )
( -115  345  163  )
( 300  179  39  )
( -134  211  -124  )
( 205  -341  281  )
( -52  -70  252  )
( 209  -62  -205  )
( -18  -281  -192  )
( 95  -260  297  )
( -338  -103  -269  )
( 277  -214  308  )
( 5  -18  -73  )
( -279  -99  43  )
( -315  -104  -254  )
( 303  -307  -26  )
( 63  339  34  )
( -53  -225  138  )
( -323  338  -0  )
( -287  249  -239  )
( 22  -271  6  )
( -112  -315  3  )
( -84  -181  -208  )
( -161  184  26  )
( -129  65  -310  )
( -217  84  216  )
( -301  115  275  )
( -135  -129  89  )
( -116  205  -216  )
( -65  -80  -63  )
( -276  211  22  )
( -75  11  268  )
( -193  -97  318  )
( -279  -155  -72  )
( 248  330  20  )
( 16  -319  346  )
( -169  162  42  )
( -34  171  247  )
( -11  -195  -165  )
( 86  307  -265  )
( 300  -260  96  )
( -203  -187  261  )
( -235  -27  35  )
( -7  280  -316  )
( 16  197  220  )
( 297  -178  332  )
( 42  -18  -310  )
( -222  197  -302  )
( 211  -153  -311  )
( -9  -243  11  )
( 121  311  -343  )
( 145  -72  59  )
( -326  1  -136  )
( 334  -253  156  )
( 174  65  135  )
( -191  -188  -227  )
( -181  213  -324  )
( 301  214  -268  )
( 90  15  -324  )
( -208  -55  -306  )
( 11  -229  -339  )
( -202  -115  276  )
( 239  140  44  )
( 188  320  264  )
( 142  117  -303  )
( -121  -120  219  )
( -227  159  29  )
( -133  -138  -263  )
( -294  -159  -315  )
( 69  -221  -326  )
( 3  -158  -179  )
( 292  284  -36  )
( 43  -178  -68  )
( -254  218  331  )
( 210  130  -217  )
( 82  170  125  )
( -133  12  54  )
( -301  12  117  )
( -0  258  164  )
( -155  59  15  )
( 258  -31  92  )
( 322  -118  -244  )
( -91  84  5  )
( 319  -262  89  )
( -345  329  110  )
( 43  139  227  )
( -311  106  -76  )
( 180  -341  289  )
( 2  324  -132  )
( 244  -29  271  )
( -276  97  315  )
( 145  147  343  )
( 65  167  95  )
( -268  -173  -79  )
( -275  161  96  )
( -232  131  -156  )
( -75  -91  -245  )
( 9  71  64  )
( -30  113  180  )
( -229  -67  -33  )
( -296  -264  -191  )
( -130  75  -222  )
( 285  -185  145  )
( -154  -134  185  )
( -226  203  -300  )
( 212  120  -195  )
( 65  -316  122  )
( -183  138  39  )
( 19  100  -135  )
( 314  -135  273  )
( -99  -131  211  )
( -270  271  117  )
( -285  279  278  )
( 279  -27  148  )
( 167  213  288  )
( -140  269  173  )
( 337  34  164  )
( 97  -204  87  )
( -14  322  327  )
( 289  161  -213  )
( -224  -146  230  )
( -337  -201  58  )
( 130  250  266  )
( 232  -50  335  )
( -254  -344  74  )
( 181  -311  -313  )
( -295  36  146  )
( -194  -234  67  )
( -161  316  349  )
( -229  -272  208  )
( -16  129  305  )
( 182  212  -121  )
( 206  -335  -225  )
( -79  -12  -248  )
( -209  48  131  )
( 199  85  324  )
( 89  98  240  )
( 51  270  -145  )
( -211  247  -40  )
( -14  -227  286  )
( -15  64  57  )
( -312  55  -124  )
( 294  -128  120  )
( 215  -227  -111  )
( -75  -343  66  )
( 50  195  -223  )
( 60  -215  -230  )
( -211  -14  -177  )
( -52  48  88  )
( -130  157  242  )
( -154  159  -68  )
( 303  -81  -304  )
( -67  -214  46  )
( 35  -46  -279  )
( 127  -48  76  )
( 88  -7  30  )
( 35  -178  270  )
( 167  274  -300  )
( -141  248  -55  )
( 89  -136  32  )
( -182  22  -80  )
( -89  -70  296  )
( -197  92  -262  )
( 258  -60  299  )
( 201  -223  305  )
( -297  320  316  )
( 126  246  72  )
( -30  -322  -96  )
( -290  -233  -122  )
( -342  22  61  )
( 273  -151  261  )
( -19  -4  349  )
( 348  -290  186  )
( 136  -28  107  )
( -209  234  -194  )
( -348  251  64  )
( -101  295  31  )
( 122  35  -266  )
( -214  108  -94  )
( 272  -37  -238  )
( 96  94  302  )
( -136  300  -4  )
( 280  -308  -30  )
( -227  -115  -71  )
( -122  2  -251  )
( 100  -128  233  )
( 322  99  -199  )
( -159  103  -221  )
( 220  -298  325  )
( -102  309  -225  )
( 154  -276  309  )
( 335  138  -221  )
( 18  245  -315  )
( -157  -156  -3  )
( -262  55  224  )
( 311  121  -133  )
( -115  273  -44  )
( -205  12  -296  )
( -79  -35  -294  )
( -53  -141  -212  )
( 193  -175  -228  )
( 226  -247  118  )
( 257  259  -131  )
( -139  -31  -89  )
( 193  65  338  )
( -298  -19  -153  )
( 292  -182  157  )
( -269  -215  -311  )
( -279  326  -244  )
( -31  -79  119  )
( 19  140  342  )
( 41  -168  316  )
( 108  174  118  )
( -333  -214  -170  )
( -112  221  217  )
( -308  212  -233  )
( -184  314  -291  )
( 319  309  -36  )
( -73  -53  22  )
( 20  -230  248  )
( 187  143  -269  )
( 238  274  -163  )
( 198  161  144  )
( -214  15  -1  )
( -189  11  111  )
( -158  174  -294  )
( 104  -209  246  )
( -70  84  115  )
( -135  -209  116  )
( 83  260  -106  )
( -0  -146  -193  )
( 82  -20  38  )
( -272  -282  236  )
( 219  -93  -27  )
( -321  -49  -36  )
( 227  -133  -9  )
( 67  261  328  )
( -50  -181  -134  )
( -182  214  24  )
( -100  -97  54  )
( 296  227  183  )
( 62  -108  75  )
( 242  -82  284  )
( 48  338  262  )
( -218  217  249  )
( 75  -241  -38  )
( 44  -151  118  )
( 128  -255  -251  )
( -278  175  -110  )
( -3  -52  5  )
( 208  131  -24  )
( -270  188  168  )
( 348  -144  -165  )
( 184  166  67  )
( -252  -157  -7  )
( -10  -84  -129  )
( 17  -224  14  )
( -240  47  -123  )
( -287  177  -20  )
( 177  192  161  )
( 44  256  150  )
( -297  344  -174  )
( -119  -131  -155  )
( -118  247  -68  )
( 220  -93  -86  )
( -33  323  -335  )
( 279  -315  -281  )
( -121  -17  -210  )
( 320  309  250  )
( -208  205  114  )
( 147  284  -221  )
( -102  62  -57  )
( -122  -281  126  )
( 71  -194  -211  )
( -146  226  242  )
( -47  122  313  )
( 200  157  329  )
( -165  285  177  )
( 196  92  152  )
( 120  274  299  )
( 61  -189  17  )
( -169  231  -186  )
( 171  213  -189  )
( 329  -294  328  )
( -258  256  -144  )
( 183  197  -47  )
( -71  280  -41  )
( -51  -76  159  )
