( -257  -79  144  )
( -303  240  -241  )
( 197  -194  -336  )
( -170  -208  -238  )
( -218  302  -114  )
( 324  221  228  )
( 240  56  130  )
( 154  122  -78  )
( 326  -93  94  )
( 239  -139  -293  )
( -214  164  147  )
( 224  -36  -123  )
( -148  307  91  )
( 107  -226  74  )
( -149  -226  -72  )
( -67  207  198  )
( 274  201  276  )
( -269  -38  -123  )
( 97  -130  -8  )
( 246  279  273  )
( 187  -52  -280  )
( 40  115  153  )
( -327  -111  267  )
( 34  80  20  )
( 195  15  -73  )
( -224  285  -42  )
( -334  6  -258  )
( -301  298  340  )
( 291  -309  -327  )
( 212  -291  -192  )
( 134  116  344  )
( -322  319  17  )
( 93  -161  275  )
( 262  -177  293  )
( -213  -131  22  )
( -230  179  185  )
( -246  328  -91  )
( -124  -199  29  )
( 66  152  -115  )
( 320  261  240  )
( 193  336  183  )
( -125  -171  -147  )
( -224  128  -290  )
( 1  -309  135  )
( 5  -322  177  )
( -252  -76  -198  )
( -157  -96  44  )
( -276  348  -301  )
( -163  -152  -319  )
( -45  -84  -127  )
( -286  349  -3  )
( 114  -246  -270  )
( 130  -226  273  )
( -260  38  215  )
( -66  -106  185  )
( 277  267  20  )
( -230  341  236  )
( 180  -109  194  )
( 348  -225  128  )
( 81  101  50  )
( 330  -89  -102  )
( 276  344  273  )
( 235  -304  -229  )
( -148  296  293  )
( -142  183  -225  )
( -326  -227  173  )
( -104  329  -178  )
( 18  220  -26  )
( -184  114  -223  )
( -318  -176  -294  )
( -11  -60  -264  )
( -194  -236  298  )
( 14  -310  148  )
( 158  -226  1  )
( 7  208  -224  )
( 295  -157  305  )
( 255  -196  -206  )
( 144  7  -221  )
( -183  53  -178  )
( 156  -202  -9  )
( -44  -228  343  )
( -62  9  -270  )
( -149  136  -216  )
( 249  236  81  )
( 164  209  97  )
( 130  -194  31  )
( 248  -158  -226  )
( -11  151  37  )
( 127  -345  -6  )
( -248  166  -80  )
( -199  324  270  )
( -243  -325  -327  )
( -332  147  -78  )
( 36  -321  -71  )
( 272  78  -232  )
( -225  -66  28  )
( 244  -217  179  )
( 150  -213  345  )
( 162  248  -28  )
( -344  -20  4  )
( -239  -266  13  )
( 151  286  93  )
( 173  -199  89  )
( 307  264  192  )
( -32  205  99  )
( -251  266  -159  )
( -290  84  171  )
( 151  -325  -286  )
( 7  141  328  )
( -79  292  23  )
( 143  -108  141  )
( -8  -214  19  )
( 109  271  -42  )
( 225  143  -157  )
( -83  -47  211  )
( 168  346  -330  )
( 73  -124  -138  )
( 292  275  45  )
( -159  307  -69  )
( 341  29  103  )
( 313  306  -227  )
( 341  174  -132  )
( -334  80  237  )
( -75  -60  -173  )
( -27  55  -5  )
( 293  -154  -145  )
( 150  214  -320  )
( -269  191  74  )
( -257  -339  -321  )
( -100  -41  81  )
( 206  99  263  )
( -30  -103  211  )
( 173  113  -153  )
( -56  -78  181  )
( -16  -184  -302  )
( -166  269  -263  )
( 159  340  -187  )
( 173  9  -22  )
( 106  -119  52  )
( 195  95  127  )
( 7  266  172  )
( -69  -302  29  )
( 110  257  77  )
( 79  -285  333  )
( -104  39  115  )
( -312  -13  327  )
( 163  -32  150  )
( -87  7  249  )
( -141  12  -250  )
( -68  62  -99  )
( -116  216  189  )
( 23  -126  -204  )
( -268  251  222  )
( 301  98  139  )
( -227  77  9  )
( -21  -141  -152  )
( 18  -10  -66  )
( 61  -245  -239  )
( -242  -286  -268  )
( -71  243  34  )
( -161  -329  -68  )
( 166  -84  118  )
( 22  36  15  )
( 109  106  -84  )
( -114  18  107  )
( 270  -100  -121  )
( 119  -144  280  )
( 175  -17  -103  )
( 177  254  -70  )
( -199  -62  -212  )
( -155  -108  -128  )
( 214  72  -229  )
( -344  313  -267  )
( -246  -307  129  )
( -213  227  -134  )
( -95  -17  295  )
( -277  -104  -136  )
( -6  -327  105  )
( 87  80  281  )
( -173  240  -137  )
( 131  84  15  )
( 300  144  -317  )
( -125  284  -55  )
( 312  220  -127  )
( 331  347  142  )
( -270  -326  -154  )
( 321  -135  278  )
( -246  -261  -7  )
( -2  270  -187  )
( 130  -120  122  )
( -110  193  -300  )
( -176  -99  194  )
( -28  -280  54  )
( -296  -96  97  )
( -125  319  -117  )
( 109  221  -13  )
( -3  -121  -184  )
( 289  -342  212  )
( -236  161  -158  )
( -126  247  -262  )
( 77  -213  -140  )
( 67  -323  208  )
( 165  124  -168  )
( 299  52  -14  )
( 175  200  -198  )
( 47  290  -162  )
( 117  -252  -110  )
( 184  71  -122  )
( -74  216  247  )
( -340  -326  106  )
( 0  336  161  )
( -14  -285  63  )
( 196  300  -201  )
( 14  341  64  )
( -185  51  -192  )
( 298  119  -228  )
( 253  -296  -5  )
( -266  -94  200  )
( 345  86  -154  )
( 112  80  -211  )
( 332  237  -159  )
( -203  140  -164  )
( -17  182  48  )
( 205  -282  -171  )
( -228  276  314  )
( -251  341  -100  )
( -12  272  233  )
( -173  -199  -278  )
( 268  180  -51  )
( -228  -325  105  )
( 139  48  263  )
( -122  26  -184  )
( 28  232  -68  )
( 146  165  -18  )
( 118  114  -214  )
( -65  -106  306  )
( 143  296  -91  )
( -191  -39  -227  )
( 114  121  -93  )
( -187  303  -284  )
( -46  296  7  )
( -151  145  264  )
( 274  -23  67  )
( -141  200  9  )
( 211  273  -135  )
( -281  140  16  )
( 349  179  -259  )
( 187  -263  -341  )
( 74  319  -22  )
( 133  147  -244  )
( 49  -268  61  )
( -97  -283  -29  )
( -75  -139  187  )
( -255  -58  -120  )
( -53  -181  41  )
( -100  145  26  )
( 282  -179  319  )
( -10  208  212  )
( 78  9  296  )
( 330  -220  -149  )
( 69  -11  -31  )
( -342  -216  324  )
( -116  249  314  )
( 71  205  176  )
( 114  36  0  )
( 64  93  -203  )
( -7  -178  -73  )
( -237  256  -242  )
( -149  -130  -81  )
( -216  33  264  )
( 324  -164  -78  )
( -204  46  311  )
( -109  -232  -322  )
( 194  83  -13  )
( 94  -249  282  )
( -75  145  -25  )
( 280  -165  -229  )
( 19  205  -286  )
( 63  -91  107  )
( 290  -127  146  )
( 299  -69  -28  )
( -255  -60  -206  )
( -158  217  46  )
( -321  290  -7  )
( -91  217  -45  )
( -214  -268  -6  )
( -21  37  255  )
( 255  110  96  )
( 105  -243  44  )
( -64  285  65  )
( -262  -266  52  )
( -199  -2  -287  )
( 224  73  96  )
( 115  -193  199  )
( 106  -315  232  )
( 316  -306  174  )
( 222  -2  -47  )
( -266  -304  333  )
( 44  -54  -95  )
( -277  283  -338  )
( -218  347  -98  )
( 93  178  141  )
( -216  -327  -61  )
( 224  -245  21  )
( -28  -217  48  )
( -37  314  -244  )
( 25  51  263  )
( -121  219  -0  )
( 279  104  213  )
( -101  -188  -127  )
( -77  55  95  )
( 300  242  -233  )
( 175  -126  -182  )
( -122  -348  263  )
( -95  46  -179  )
( 297  -125  -23  )
( -165  -94  51  )
( -339  337  -282  )
( -10  -272  -242  )
( 16  -173  82  )
( 119  -261  201  )
( 212  -56  -204  )
( -86  9  20  )
( -104  -325  -289  )
( 71  98  22  )
( 29  -251  200  )
( 140  337  272  )
( -345  -227  -194  )
( 30  161  -14  )
( 7  208  -136  )
( 312  -308  -192  )
( 1  -283  275  )
( -32  168  -278  )
( -276  236  117  )
( 195  -268  150  )
( 184  309  -44  )
( -339  47  -330  )
( 245  301  170  )
( -107  247  -149  )
( -284  194  -163  )
( -333  -275  -33  )
( -317  -223  -272  )
( -168  343  -0  )
( -63  -331  107  )
( 151  -84  -106  )
( -303  -232  -233  )
( -182  -238  -214  )
( 326  193  -273  )
( 120  -151  -207  )
( 224  -121  339  )
( 260  144  316  )
( -147  -229  294  )
( 205  187  -141  )
( -348  -274  140  )
( 297  -308  262  )
( 106  35  -291  )
( -267  -47  -167  )
( -346  -56  195  )
( -250  175  -268  )
( -346  163  16  )
( -266  148  -320  )
( 240  -284  131  )
( 120  58  305  )
( 159  33  -94  )
( -54  56  -36  )
( -173  184  303  )
( -206  204  -276  )
( -139  210  342  )
( -265  -215  31  )
( 272  -270  188  )
( 291  -212  -293  )
( -77  258  86  )
( -285  -197  -322  )
( 258  -215  -127  )
( -167  -295  -158  )
( -185  -197  31  )
( 33  -125  -117  )
( -87  181  11  )
( 152  201  232  )
( 330  -294  193  )
( -288  -329  85  )
( 104  53  275  )
( -206  102  82  )
( -44  -348  -336  )
( 280  -38  -260  )
( -73  37  130  )
( -130  -15  -132  )
( 201  -260  -340  )
( 50  -113  20  )
( -250  124  176  )
( -310  -326  -265  )
( 235  296  -347  )
( -88  119  255  )
( 291  -94  200  )
( 105  -0  29  )
( -252  -150  310  )
( -316  289  -245  )
( 309  -31  -135  )
( -187  -89  171  )
( 274  9  -196  )
( -122  233  -237  )
( -305  54  -261  )
( 214  -158  289  )
( -117  -67  -312  )
( -209  188  -250  )
( -331  294  165  )
( 301  -328  267  )
( 341  -168  112  )
( -144  -341  -241  )
( 123  -321  268  )
( 82  -337  -117  )
( 108  129  0  )
( -203  75  171  )
( 94  -221  -132  )
( 133  -113  239  )
( -289  -94  139  )
( -105  277  219  )
( -318  63  114  )
( 85  -170  8  )
( -312  204  -127  )
( 231  178  28  )
( 178  -263  -157  )
( 82  -153  -160  )
( -197  -178  -162  )
( -134  -339  336  )
( 118  -95  33  )
( -59  289  97  )
( -209  -254  -182  )
( 340  65  108  )
( 309  -290  288  )
( 27  252  247  )
( 289  -235  -79  )
( -276  200  228  )
( 155  236  -256  )
( -264  317  60  )
( -303  -109  -72  )
( -327  225  -210  )
( 271  -15  111  )
( -236  305  -225  )
( -34  -191  -199  )
( 74  139  -222  )
( 45  -131  -18  )
( 76  -274  -165  )
( -299  -115  -265  )
( 227  184  -345  )
( -334  213  237  )
( -52  194  -175  )
( -296  197  -174  )
( 15  218  -159  )
( 336  329  -272  )
( 202  52  -113  )
( -214  -100  58  )
( 267  -335  -7  )
( 54  -168  -174  )
( 284  -296  182  )
( -331  99  -193  )
( -75  61  123  )
( 5  318  -221  )
( -101  126  -0  )
( 155  62  -290  )
( 10  284  -111  )
( -315  -28  79  )
( 18  281  -101  )
( -263  105  78  )
( 292  150  -245  )
( 208  285  -162  )
( -330  13  225  )
( -331  48  -130  )
( -291  151  114  )
( -303  142  85  )
( -181  -130  57  )
( -337  23  36  )
( -176  -298  211  )
( 222  -255  114  )
( 229  125  58  )
( 139  -322  -232  )
( 314  -290  313  )
( 270  239  -288  )
( 307  288  -155  )
( -44  -321  -84  )
( 224  90  -121  )
( -348  -39  234  )
( 337  -333  -230  )
( -229  120  -144  )
( 7  -232  275  )
( 88  -279  -157  )
( -242  118  -60  )
( 67  9  233  )
( -84  173  -265  )
( -26  91  109  )
( 324  -209  -43  )
( 141  -39  -173  )
( 298  -242  77  )
( -155  -57  62  )
( -287  -137  -247  )
( -131  -254  276  )
( 295  -349  283  )
( -293  -299  -321  )
( 46  124  33  )
( -215  -152  -24  )
( 42  -319  -155  )
( 236  -333  239  )
( -328  -342  -88  )
( 56  345  100  )
( -293  -277  -130  )
( -114  255  -205  )
( -206  -69  -260  )
( -95  -251  110  )
( 265  176  -75  )
( -134  -318  -156  )
( 91  307  -149  )
( -75  326  -33  )
( 160  -226  -327  )
( 34  12  204  )
( -121  301  67  )
( 129  -96  -195  )
( 227  256  -125  )
( 157  -169  -45  )
( 130  3  325  )
( -216  65  294  )
( 52  -77  121  )
( 147  -87  112  )
( 73  46  102  )
( -339  -83  15  )
( 287  -256  -152  )
( 17  -253  339  )
( 138  -172  68  )
( -6  -14  -60  )
( 303  20  -23  )
( -324  53  177  )
( 194  136  -289  )
( -306  -179  -318  )
( -62  310  219  )
( 77  -98  137  )
( -215  13  272  )
( -125  26  -140  )
( 160  -72  195  )
( -179  -71  -229  )
( 322  -91  240  )
( 36  -179  -19  )
( -309  284  49  )
( -178  -122  114  )
( -322  267  213  )
( 40  -210  -66  )
( 189  119  103  )
( -252  -274  42  )
( 3  -12  -213  )
( -113  -105  135  )
( 297  147  -129  )
( -90  -155  43  )
( -104  37  -277  )
( -312  -246  -237  )
( 316  -311  124  )
( 124  -188  103  )
( -328  332  313  )
( 186  -335  44  )
( 254  66  -258  )
( -137  115  -54  )
( -268  16  30  )
( -319  47  116  )
( 329  162  132  )
( -124  -210  267  )
( 51  60  3  )
( 26  -59  192  )
( 178  103  -14  )
( -235  -113  -166  )
( -81  280  281  )
( 310  29  175  )
( -119  229  -173  )
( 321  58  170  )
( 134  -176  293  )
( 230  70  -341  )
( 289  -291  -188  )
( 337  83  190  )
( -289  -175  220  )
( 263  -191  159  )
( -230  -35  -141  )
( -278  -124  -65  )
( -202  -186  -124  )
( -269  -225  -116  )
( 164  -211  73  )
( -49  13  120  )
( -166  257  -31  )
( -42  -115  13  )
( 97  -119  -324  )
( 249  50  -141  )
( 181  -297  76  )
( -305  -87  -151  )
( 210  -75  -347  )
( -42  -333  231  )
( 23  -4  294  )
( -198  270  -72  )
( -190  301  257  )
( -33  339  167  )
( 110  156  261  )
( -329  111  53  )
( 249  -343  -80  )
( -202  -338  105  )
( -311  -47  -211  )
( -185  -244  263  )
( 93  -226  -270  )
( -163  -244  -36  )
( 330  -7  -123  )
( 79  25  -278  )
( 90  -39  -118  )
( 252  65  -36  )
( -230  136  108  )
( -175  -76  -9  )
( 39  -130  122  )
( 215  156  148  )
( -27  -35  -68  )
( 180  -279  107  )
( -158  -315  -14  )
( 238  39  71  )
( -299  112  -140  )
( 344  -78  -105  )
( 328  88  -200  )
( 252  123  204  )
( 91  132  -194  )
( -286  -118  -45  )
( -288  281  -69  )
( 297  190  -24  )
( 45  192  -194  )
( 349  -40  -146  )
( -104  302  324  )
( -152  192  -161  )
( 240  212  -148  )
( 305  341  -121  )
( -302  152  -171  )
( 24  -74  134  )
( -57  -108  232  )
( -281  224  -336  )
( 241  -164  93  )
( 342  -9  -240  )
( -58  -254  146  )
( 108  319  317  )
( 18  5  39  )
( -265  -157  158  )
( 220  311  -124  )
( -227  -98  180  )
( 192  -202  38  )
( -26  -38  -170  )
( -227  146  264  )
( -145  -222  157  )
( -26  -7  137  )
( 171  233  -68  )
( 207  -247  200  )
( 74  238  -200  )
( 54  -319  -272  )
( 349  -25  228  )
( 203  -314  -202  )
( -101  -85  -124  )
( 151  100  -213  )
( -301  326  293  )
( 328  148  184  )
( 293  -290  92  )
( 272  79  -219  )
( 15  -203  313  )
( 286  337  336  )
( 19  116  118  )
( -251  -28  -301  )
( 200  88  -242  )
( -113  54  289  )
( 138  332  -311  )
( 73  -12  -159  )
( 275  213  -328  )
( -145  -127  -251  )
( -91  -265  -276  )
( 290  -311  -13  )
( 292  -283  -216  )
( -306  45  -314  )
( 244  41  -294  )
( 127  -50  -286  )
( -328  -139  -104  )
( 248  229  216  )
( -337  18  -224  )
( -333  -62  261  )
( 299  12  295  )
( -236  -267  102  )
( -291  -13  -321  )
( -239  40  173  )
( -73  257  -3  )
( 184  -114  -68  )
( -170  -150  230  )
( 0  -96  103  )
( -307  226  77  )
( -70  -169  270  )
( 195  329  -237  )
( 256  255  171  )
( 145  273  265  )
( -217  339  -216  )
( -24  303  -207  )
( -168  34  18  )
( 269  344  -143  )
( 286  -320  15  )
( 96  -9  136  )
( 166  59  244  )
( -97  85  -205  )
( -264  -278  -10  )
( 323  219  291  )
( -36  119  167  )
( 116  165  275  )
( 34  -163  215  )
( -292  -15  -92  )
( -16  -36  -55  )
( 77  236  98  )
( -305  298  169  )
( 238  219  39  )
( 126  36  105  )
( 102  -234  -32  )
( 11  250  -311  )
( -238  268  241  )
( -287  -168  232  )
( 297  266  -21  )
( -285  33  102  )
( 93  -324  189  )
( -287  28  120  )
( -5  -31  37  )
( 334  -287  225  )
( 285  -100  110  )
( 187  -166  338  )
( 337  -265  -111  )
( -288  -90  -254  )
( 272  105  -74  )
( -293  -238  -335  )
( 212  -175  -326  )
( 71  -280  76  )
( -345  55  -1  )
( -224  -114  214  )
( 69  27  64  )
( -267  -90  277  )
( -90  124  282  )
( -332  -242  19  )
( -330  -243  303  )
( -154  -88  216  )
( 343  -326  -194  )
( -127  163  291  )
( -101  282  194  )
( -54  -145  -327  )
( -169  -27  -168  )
( 153  -253  251  )
( -2  -125  -39  )
( 55  285  327  )
( 189  -293  42  )
( 301  -114  -11  )
( -221  193  62  )
( 106  -154  -90  )
( 253  301  -120  )
( 146  323  225  )
( -267  2  -252  )
( 81  -188  85  )
( -296  214  72  )
( 102  -1  144  )
( 62  26  -77  )
( 89  -333  -222  )
( -158  -15  244  )
( 87  22  -112  )
( -96  210  -100  )
( 106  -166  -3  )
( 241  -14  28  )
( -150  -152  178  )
( -297  -344  -256  )
( 326  156  -241  )
( -342  -272  -145  )
( -133  268  -18  )
( -214  51  -47  )
( 179  -259  -130  )
( -300  27  -212  )
( -91  -185  166  )
( -106  31  269  )
( -13  81  -181  )
( 259  -55  348  )
( 8  -4  23  )
( 25  -30  -262  )
( 74  -318  -17  )
( -242  191  -83  )
( -252  -57  151  )
( 323  306  81  )
( -239  -302  -161  )
( -204  -103  -201  )
( 306  -255  31  )
( 346  280  26  )
( 305  -226  -209  )
( 240  60  174  )
( -213  64  160  )
( 295  115  103  )
( -283  196  10  )
( -189  119  196  )
( -331  251  281  )
( -244  -36  -235  )
( -300  227  -283  )
( -286  -224  -288  )
( -239  -15  174  )
( -237  -281  136  )
( 90  44  302  )
( -293  80  -287  )
( -30  78  -266  )
( 108  325  56  )
( -233  -112  223  )
( 141  222  -131  )
( -34  -163  270  )
( -34  62  71  )
( 138  -292  -223  )
( 19  -9  107  )
( -339  109  -288  )
( 115  -201  -182  )
( -199  -166  30  )
( -223  -39  253  )
( 167  348  184  )
( 249  199  241  )
( 243  -328  -208  )
( -134  -166  236  )
( 119  -83  -99  )
( 43  -150  291  )
( -346  278  242  )
( -303  -84  261  )
( 144  -322  309  )
( -254  207  -303  )
( -212  282  165  )
( 215  17  220  )
( -47  102  -246  )
( 0  45  164  )
( -103  52  -252  )
( 280  203  -37  )
( 248  -118  -238  )
( 178  212  42  )
( -112  336  66  )
( -41  174  333  )
( 98  231  193  )
( -294  118  178  )
( 198  -79  -38  )
( 345  -81  136  )
( -125  334  213  )
( 88  -68  20  )
( -115  -162  130  )
( -79  44  -5  )
( 88  -92  -34  )
( 2  -228  263  )
( -195  -17  -294  )
( -195  -78  19  )
( 39  182  121  )
( 179  -152  197  )
( -169  -110  -284  )
( -349  -220  318  )
( -220  288  103  )
( 200  98  2  )
( 133  237  229  )
( 103  7  158  )
( -226  104  146  )
( 3  -167  -46  )
( 46  -150  -91  )
( 92  183  -256  )
( 283  337  160  )
( -51  188  -176  )
( -339  -149  -106  )
( -26  160  233  )
( 83  309  -78  )
( 76  119  300  )
( -121  -114  -62  )
( 157  -165  -41  )
( 0  -286  59  )
( -324  7  151  )
( -26  73  -275  )
( 38  174  289  )
( 44  -173  -140  )
( 47  65  283  )
( -310  -248  334  )
( -117  274  -190  )
( -291  235  200  )
( 345  337  323  )
( 79  -231  252  )
( 181  73  -143  )
( -274  346  327  )
( 227  267  -120  )
( -316  112  -345  )
( -170  175  -268  )
( -145  90  223  )
( -259  174  -214  )
( -138  330  348  )
( 267  68  -238  )
( 183  -46  146  )
( 119  -254  274  )
( 222  -215  -92  )
( 150  -203  128  )
( 175  222  161  )
( 159  -220  12  )
( -282  101  265  )
( -169  -161  252  )
( -255  196  -132  )
( -172  83  -321  )
( 272  305  228  )
( -58  -233  2  )
( -33  -9  337  )
( -217  2  335  )
( 203  20  312  )
( -177  346  271  )
( 242  -6  -281  )
( 163  -129  -340  )
( 4  320  236  )
( -54  200  -106  )
( 196  -302  -242  )
( 307  203  -342  )
( 126  -141  -46  )
( 167  -286  4  )
( 254  -39  184  )
( -127  256  221  )
( 73  237  150  )
( 20  -107  280  )
( 274  -120  -110  )
( 214  245  243  )
( 51  205  50  )
( 348  12  72  )
( -338  166  227  )
( -192  167  193  )
( 221  255  -214  )
( -0  -202  188  )
( -338  312  295  )
( -312  -211  62  )
( -228  -320  302  )
( -194  54  224  )
( -103  167  -210  )
( 41  -317  4  )
( 274  -343  -153  )
( -172  -120  -159  )
( -331  172  -68  )
( 284  273  306  )
( -280  296  314  )
( 347  57  76  )
( -248  -265  -340  )
( 252  -56  78  )
( -11  -305  50  )
( -96  97  100  )
( -133  -130  119  )
( -176  86  166  )
( -104  211  140  )
( 51  158  27  )
( 61  165  67  )
( -236  -334  56  )
( -127  256  -267  )
( 345  -91  -204  )
( 196  303  -314  )
( 20  52  -157  )
( -206  -197  130  )
( -189  185  -178  )
( -7  -241  -104  )
( -159  -118  -46  )
( -220  -332  128  )
( 174  247  -164  )
( -268  -36  117  )
( 332  160  -220  )
( 228  -305  -151  )
( 279  -216  -301  )
( 330  67  -189  )
( -337  136  329  )
( 174  13  193  )
( -88  -318  -250  )
( -198  -148  -24  )
( -343  -327  -260  )
( -20  143  -157  )
( -192  -8  307  )
( 10  -164  347  )
( 118  -46  315  )
( 334  192  -171  )
( -39  76  -114  )
( -268  -266  263  )
( 273  -61  124  )
( 146  -319  -298  )
( 151  338  -71  )
( 131  -188  -64  )
( 52  167  -199  )
( -89  57  -44  )
( 182  177  18  )
( 52  151  280  )
( 276  325  -185  )
( 180  344  -35  )
( 79  -220  337  )
( 276  131  153  )
( -330  -15  -264  )
( 349  -262  -224  )
( -308  -100  125  )
( 10  -189  -38  )
( 133  -75  -347  )
( 188  168  72  )
( -342  -349  307  )
( -52  212  -348  )
( 303  -293  258  )
( 124  176  290  )
( 90  -341  -17  )
( -255  338  -37  )
( 8  212  -211  )
( 73  30  -169  )
( -218  304  -253  )
( -300  -245  -316  )
( 336  -11  -61  )
( 111  179  -211  )
( -30  -161  -281  )
( -169  309  -274  )
( 268  -223  -155  )
( 344  -275  -267  )
( -23  -45  -301  )
( -270  322  -331  )
( -271  202  -205  )
( -244  -149  283  )
( 280  -331  127  )
( 54  -108  341  )
( 277  140  -13  )
( -107  221  -127  )
( 72  336  -43  )
( 252  -202  -171  )
( -114  -250  -123  )
( 59  -266  318  )
( 20  -291  -42  )
( -132  -5  98  )
( 310  -75  61  )
( -83  -158  -73  )
( -87  -247  -281  )
( 59  311  -114  )
( -227  -308  301  )
( 132  52  208  )
( 174  127  -244  )
( 35  -20  -276  )
( 290  143  195  )
( -60  -83  -255  )
( -152  61  -96  )
( 79  -9  42  )
( 45  293  348  )
( -78  -169  -186  )
( 86  118  278  )
( -185  201  131  )
( 16  220  -80  )
( -322  142  76  )
( -296  -170  73  )
( -102  87  111  )
( 5  223  85  )
( -6  35  275  )
( 164  -300  -311  )
( -277  114  11  )
( 87  98  185  )
( -187  -61  4  )
( -328  47  276  )
( -191  -245  -304  )
( -337  339  91  )
( 337  216  243  )
( -309  -137  -131  )
( 247  -289  -270  )
( -86  -151  312  )
( 30  -257  239  )
( 5  -245  301  )
( 142  -333  -117  )
( -190  -56  177  )
( 125  27  -144  )
( -206  174  -16  )
( -238  271  -77  )
( 11  271  242  )
( 84  315  -79  )
( 284  -268  278  )
( -105  -45  -158  )
( 7  286  -66  )
( 22  330  187  )
( 243  20  -297  )
( -203  -261  -325  )
( -168  -272  348  )
( -18  -198  -193  )
( 226  231  -115  )
( -304  148  105  )
( 21  -170  33  )
( 309  -148  118  )
( -174  -245  -251  )
( -199  176  -35  )
( 340  16  285  )
( 290  274  245  )
( 283  -262  123  )
( 262  -100  346  )
( 237  -45  -276  )
( -110  166  342  )
( 146  222  -153  )
( -214  182  288  )
( -153  -279  346  )
( -291  -17  69  )
( 150  -190  -327  )
( 39  94  -169  )
( 163  253  29  )
( 54  134  -79  )
( 297  46  114  )
( 128  -180  345  )
( -217  173  -69  )
( 277  -253  -314  )
( 126  -296  292  )
( 284  -328  -44  )
( 314  -127  1  )
( 186  -15  -16  )
( 111  -308  72  )
( -325  35  -216  )
( -298  295  -191  )
( -297  -236  254  )
( 99  -58  -67  )
( -265  317  199  )
( -218  208  328  )
( -16  313  -242  )
( -222  -130  -163  )
( -20  25  -106  )
( -60  -294  80  )
( -348  163  162  )
( -140  63  283  )
( -129  163  195  )
( 128  75  120  )
( -146  -310  76  )
( 60  -291  211  )
( 321  233  345  )
( -314  223  192  )
( -29  148  -166  )
( 163  161  -99  )
( 305  165  -6  )
( 190  -137  -302  )
( 271  -26  -316  )
( -105  -186  265  )
( 244  -37  118  )
( 241  -25  -149  )
( -84  -279  98  )
( -74  -26  291  )
( 100  -236  -86  )
( 251  277  -231  )
( 277  17  -118  )
( 184  348  210  )
( -282  -268  -43  )
( -36  252  66  )
( 183  256  339  )
( -169  -61  218  )
( 293  48  -324  )
( -96  154  -343  )
( 72  334  -211  )
( -323  -158  144  )
( -85  306  -81  )
( -275  -94  52  )
( -109  151  231  )
( -226  120  43  )
( 220  172  -47  )
( 33  -274  78  )
( -7  14  172  )
( 296  248  -274  )
( -197  -221  31  )
( -255  -96  -156  )
( 17  -126  -272  )
( -20  -219  37  )
( -333  245  44  )
( -187  151  110  )
( -170  200  78  )
( -71  -166  -181  )
( 117  -221  142  )
( 316  -64  157  )
( 251  200  -201  )
( 334  -89  100  )
( -211  319  -23  )
( 156  -168  218  )
( 296  -312  -333  )
( 95  -156  229  )
( 19  -215  -11  )
( -159  53  -242  )
( -312  -275  343  )
( -160  216  86  )
( 60  -296  50  )
( -69  126  -338  )
( 176  -261  -196  )
( -343  95  -152  )
( 2  -49  -28  )
( 327  -322  13  )
( -324  254  -62  )
( 299  158  24  )
( 114  283  142  )
( 272  144  -245  )
( -253  268  191  )
( -131  -312  -164  )
( -262  16  -208  )
( -242  43  1  )
( -221  -42  177  )
( 2  330  32  )
( 137  154  12  )
( 103  -337  -98  )
( -68  -127  -240  )
( 323  56  -23  )
( 88  124  334  )
( -134  -180  229  )
( -299  84  -175  )
( 51  -270  -278  )
( -333  152  -312  )
( 150  126  240  )
( 94  183  -199  )
( -122  282  27  )
( 167  -11  176  )
( -82  -292  300  )
( -49  -123  -158  )
( -329  -107  83  )
( -261  5  265  )
( -215  38  -156  )
( -50  -242  348  )
( -296  69  -327  )
( 43  70  -22  )
( 45  9  -259  )
( -127  -131  -122  )
( -110  -52  -61  )
( -20  168  -55  )
( 134  -100  -303  )
( -80  -143  332  )
( -165  51  254  )
( -184  88  -268  )
( 55  -103  -51  )
( 223  -145  305  )
( -154  -267  -156  )
( 101  335  -297  )
( 40  83  114  )
( 311  -304  222  )
( -155  223  201  )
( 250  -88  347  )
( 144  154  -175  )
( 10  -119  -85  )
( -172  15  -264  )
( -66  -117  338  )
( -71  254  -142  )
( -18  -173  -74  )
( 334  -330  -94  )
( -260  -122  -57  )
( -348  -212  -273  )
( 323  -319  -11  )
( 273  -79  -252  )
( 65  -39  -16  )
( 220  118  -253  )
( 79  -213  90  )
( -178  -322  106  )
( -210  -233  -159  )
( 116  327  -218  )
( 266  243  279  )
( -43  -251  -56  )
( 72  -316  -335  )
( -195  275  -184  )
( 62  332  222  )
( 221  -114  66  )
( 129  184  -179  )
( 225  -212  47  )
( 262  235  -76  )
( -42  69  -303  )
( -297  291  -263  )
( 75  -215  -194  )
( 232  -191  -333  )
( 271  -283  -116  )
( 310  -297  167  )
( -84  -134  -230  )
( 35  -200  257  )
( -321  246  -271  )
( 201  344  326  )
( 339  37  255  )
( -52  -326  194  )
( -223  -311  116  )
( 322  -265  -184  )
( 305  264  -175  )
( 7  -225  -153  )
( 14  50  -193  )
( -127  308  167  )
( -20  -153  -320  )
( -32  184  -318  )
( 156  -111  240  )
( -9  -23  115  )
( -164  327  -236  )
( 97  -54  -17  )
( -303  -215  -270  )
( -112  185  126  )
( -299  77  279  )
( 340  -279  51  )
( -42  306  -301  )
( 171  -219  127  )
( 287  -204  -165  )
( -68  310  -184  )
( -298  -307  -216  )
( 187  -233  319  )
( 30  -285  -329  )
( 233  -191  -348  )
( 39  1  27  )
( -212  -55  -53  )
( -175  -37  -309  )
( -128  -208  -217  )
( -30  -195  -47  )
( -10  307  -143  )
( -215  50  -43  )
( 232  -245  -201  )
( 166  -59  277  )
( 325  120  -21  )
( 124  86  281  )
( 347  -182  289  )
( 139  -24  -296  )
( -334  326  -246  )
( 281  303  112  )
( 348  -122  144  )
( 223  -187  334  )
( 141  249  99  )
( -201  144  52  )
( -306  -325  -123  )
( 137  245  34  )
( -164  -34  -81  )
( 104  -63  -163  )
( -173  11  -168  )
( -66  17  67  )
( -29  -72  -342  )
( -218  62  -278  )
( 29  172  201  )
( -248  -51  183  )
( -8  231  207  )
( 149  -208  -305  )
( 10  -113  -338  )
( -334  26  107  )
( 207  54  -229  )
( 143  -231  -239  )
( -118  280  -159  )
( 71  43  148  )
( -81  -95  233  )
( -258  -200  -158  )
( 262  140  -32  )
( -68  -292  -200  )
( 315  -333  185  )
( 119  110  -21  )
( 262  155  203  )
( 221  -159  -89  )
( 19  -163  29  )
( -74  233  320  )
( 80  -28  111  )
( 324  237  96  )
( 256  -304  -132  )
( -157  220  -30  )
( -119  221  -3  )
( -194  -169  89  )
( 249  -117  54  )
( -91  -179  -246  )
( -34  27  181  )
( 79  234  157  )
( 111  -166  8  )
( 278  43  -219  )
( 221  -5  19  )
( 346  -319  -141  )
( 70  310  -128  )
( 265  319  13  )
( 195  240  93  )
( -153  -163  335  )
( -306  -107  106  )
( -262  318  -13  )
( 96  83  30  )
( -224  -336  181  )
( -84  -91  286  )
( -108  234  -335  )
( 316  -229  -15  )
( 209  256  130  )
( 106  -51  -39  )
( -0  35  -143  )
( -56  -197  -216  )
( -324  277  -200  )
( 301  128  142  )
( 37  143  34  )
( 348  307  -285  )
( 127  307  312  )
( -291  -161  231  )
( 199  346  -268  )
( -115  265  279  )
( 346  -47  152  )
( -66  -259  -289  )
( 192  75  269  )
( 2  -246  -50  )
( 240  327  154  )
( 104  -250  124  )
( -252  -47  -292  )
( -311  91  -195  )
( -77  -61  -107  )
( 321  -78  -3  )
( 215  311  -219  )
( 173  -238  -49  )
( -72  35  -290  )
( 76  -234  182  )
( -173  348  -97  )
( 91  213  310  )
( -82  202  271  )
( -30  -275  -313  )
( -136  263  -210  )
( 245  159  -141  )
( 36  50  -153  )
( -90  -13  -264  )
( -269  288  -26  )
( 14  -309  296  )
( -21  -227  263  )
( 136  30  -182  )
( 210  44  99  )
( -244  237  100  )
( -183  170  -6  )
( 287  15  272  )
( 280  296  51  )
( 211  -349  241  )
( 235  -62  213  )
( -63  80  178  )
( -201  143  250  )
( -43  -157  -52  )
( -215  -70  256  )
( 66  306  114  )
( 71  -77  -257  )
( -193  137  -11  )
( -168  178  95  )
( -314  34  -325  )
( 281  217  -232  )
( -337  343  264  )
( 83  59  -15  )
( 75  -81  -216  )
( -182  -344  138  )
( 100  -213  104  )
( -18  285  70  )
( 211  149  -31  )
( 343  -52  201  )
( 48  -195  -109  )
( -196  -293  62  )
( 334  -67  -312  )
( -333  226  -289  )
( -170  -195  89  )
( -167  -78  279  )
( -84  -55  132  )
( 221  -9  269  )
( -164  8  -180  )
( 235  238  324  )
( 111  -207  45  )
( 223  141  -109  )
( -230  293  266  )
( -45  -186  -107  )
( 217  -36  221  )
( -216  -209  105  )
( 5  128  -71  )
( -122  247  44  )
( -180  -244  331  )
( -211  -187  -307  )
( 192  329  315  )
( 339  -71  -235  )
( 186  -210  94  )
( -144  153  -47  )
( -266  345  -317  )
( -59  204  -117  )
( 256  -86  98  )
( -187  -316  341  )
( -163  312  321  )
( -307  -210  -263  )
( 250  252  201  )
( 327  -218  -74  )
( 108  216  -258  )
( 233  46  172  )
( -336  290  -72  )
( 305  -274  195  )
( 139  -247  255  )
( -302  98  -322  )
( -234  -219  -145  )
( 183  -285  -36  )
( 242  -226  120  )
( -60  -275  139  )
( 174  324  -125  )
( 112  189  -103  )
( -88  -221  309  )
( -146  171  309  )
( -70  265  308  )
( 309  248  -172  )
( -46  -73  88  )
( -247  -191  -56  )
( -243  318  163  )
( 300  -64  171  )
( 276  -200  329  )
( 335  173  -338  )
( -37  10  101  )
( 53  -308  342  )
( -24  -100  219  )
( 344  -173  -200  )
( 301  234  -11  )
( -24  338  248  )
( 218  -140  -194  )
( 151  -155  172  )
( -75  34  200  )
( 279  112  336  )
( 50  334  -120  )
( 101  3  -234  )
( 337  -260  -126  )
( -332  50  -67  )
( -45  -336  137  )
( -262  320  -272  )
( 238  -257  -181  )
( -174  278  70  )
( -88  -309  269  )
( 155  202  89  )
( -289  -124  242  )
( 42  110  44  )
( 107  -134  -58  )
( 127  42  224  )
( 147  -246  -208  )
( 74  -160  190  )
( -338  -97  -92  )
( -161  -340  -181  )
( 66  167  -230  )
( 246  -19  103  )
