( -118  214  -331  )
( 250  220  -334  )
( -343  -312  -194  )
( -309  -317  -54  )
( -299  229  3  )
( -15  -155  292  )
( 219  -288  137  )
( -286  88  -65  )
( -2  -324  148  )
( 221  253  -142  )
( 290  -99  44  )
( -19  -239  -60  )
( -95  70  -30  )
( 254  -232  184  )
( 229  -116  140  )
( 180  -258  -327  )
( -158  191  141  )
( -62  260  145  )
( -15  92  -342  )
( 40  267  344  )
( 55  -2  131  )
( 239  -175  150  )
( 299  -34  -23  )
( -305  90  296  )
( 173  84  -157  )
( 257  -172  101  )
( -24  66  -101  )
( 234  200  270  )
( -159  146  106  )
( -126  16  194  )
( 162  135  165  )
( -90  300  152  )
( 77  -16  -207  )
( -293  220  77  )
( 14  289  -169  )
( -28  21  32  )
( 281  -304  -312  )
( 58  84  130  )
( -152  -213  -298  )
( 161  -176  188  )
( 100  -96  -269  )
( 207  -128  -237  )
( -192  2  49  )
( 235  20  25  )
( 53  261  -203  )
( 221  73  -131  )
( 40  -104  47  )
( 181  -318  330  )
( 235  164  224  )
( 42  280  -61  )
( -315  324  -344  )
( -168  -46  -21  )
( 238  236  294  )
( 269  -62  -178  )
( -200  138  94  )
( 288  -241  -323  )
( -55  317  344  )
( -192  -32  -138  )
( -180  150  156  )
( 23  -167  32  )
( 193  -309  118  )
( -166  90  303  )
( -96  191  -222  )
( 64  342  -20  )
( 27  -80  -119  )
( 143  -63  -83  )
( 37  -148  312  )
( 273  -220  -298  )
( 303  348  231  )
( -338  138  -75  )
( 139  -78  -347  )
( -77  -23  -204  )
( -211  -148  -317  )
( 208  -18  96  )
( -111  -100  242  )
( 285  -125  -301  )
( 15  -62  246  )
( -120  165  177  )
( 337  -241  251  )
( -82  170  -106  )
( 181  -152  229  )
( -340  -298  -329  )
( -14  183  -69  )
( 31  -320  150  )
( 99  -90  -9  )
( -201  333  172  )
( -127  346  59  )
( -282  -290  273  )
( 301  40  226  )
( -346  -202  206  )
( 237  7  -316  )
( 221  -230  107  )
( 102  180  -256  )
( 144  -220  104  )
( -134  70  -212  )
( 151  126  306  )
( 299  16  216  )
( 63  -245  -224  )
( -27  332  245  )
( -118  30  133  )
( -87  290  90  )
( 289  22  220  )
( -311  46  -44  )
( -142  -88  332  )
( -26  261  -104  )
( 220  -316  304  )
( 228  92  -279  )
( 340  -341  -302  )
( -287  279  -147  )
( 345  272  227  )
( -239  70  212  )
( 154  -141  -313  )
( -28  -58  -110  )
( -187  -289  -270  )
( 305  169  331  )
( 258  301  -142  )
( -97  -278  -267  )
( -225  230  214  )
( -313  -330  -236  )
( -271  -106  41  )
( 14  81  58  )
( 224  -347  334  )
( -75  -20  235  )
( 207  -337  49  )
( 134  -349  156  )
( 142  119  -76  )
( -253  218  -70  )
( 153  56  140  )
( -327  -16  8  )
( -253  -184  -211  )
( -122  309  19  )
( 60  280  30  )
( 343  337  -170  )
( -331  -305  -124  )
( -232  235  157  )
( 31  -203  195  )
( -336  310  -98  )
( -36  -327  55  )
( -165  159  -116  )
( 323  81  -187  )
( 240  246  266  )
( 0  -302  165  )
( 156  -171  96  )
( -81  -196  -181  )
( 40  -272  267  )
( -322  -3  165  )
( 293  -60  177  )
( 45  147  -206  )
( 52  -50  265  )
( -195  -239  -106  )
( -310  259  -211  )
( -4  180  -294  )
( 169  -264  -249  )
( 190  -114  -301  )
( -236  -164  -243  )
( -179  -281  90  )
( 39  -241  -291  )
( -246  -219  261  )
( 56  -282  -332  )
( -260  83  0  )
( -163  -15  -123  )
( -15  -224  328  )
( 252  162  -330  )
( 174  -155  189  )
( 172  -292  -176  )
( 270  -240  -34  )
( 127  144  -246  )
( 168  -307  202  )
( 190  114  -202  )
( -9  -270  323  )
( -315  348  -84  )
( -86  69  -315  )
( 164  -330  0  )
( 215  123  226  )
( 263  -126  220  )
( 141  -6  -148  )
( 65  280  -217  )
( 244  138  307  )
( 294  -246  150  )
( -20  41  274  )
( -113  320  86  )
( 196  253  -260  )
( 38  -341  -71  )
( -59  304  -269  )
( -204  61  183  )
( -307  275  -212  )
( 63  120  -110  )
( 232  -148  340  )
( 89  -80  -294  )
( -249  -141  32  )
( -155  -115  169  )
( 69  -345  -307  )
( 74  124  21  )
( 193  15  246  )
( 73  -332  -144  )
( -23  -122  100  )
( -261  -181  -117  )
( 206  187  -254  )
( 170  -229  255  )
( -155  -234  -269  )
( -175  -178  -29  )
( -124  303  -13  )
( 140  -257  -158  )
( -291  -204  -78  )
( 170  24  260  )
( -298  -321  19  )
( -152  283  -132  )
( 132  -255  80  )
( -323  -171  155  )
( -153  -16  138  )
( -131  -55  248  )
( 307  225  320  )
( 248  -230  148  )
( -257  138  -91  )
( 180  -310  -190  )
( -190  -285  -183  )
( 14  -29  -156  )
( -134  31  334  )
( -19  -275  327  )
( 91  104  -143  )
( -217  -156  199  )
( -132  271  -94  )
( 313  -114  252  )
( -303  167  50  )
( -264  -315  -259  )
( 208  -338  105  )
( 279  -111  280  )
( 219  -66  349  )
( 332  274  -344  )
( 99  -34  -60  )
( 225  -305  -196  )
( 136  -305  168  )
( 305  139  100  )
( 40  202  317  )
( -300  309  29  )
( 82  73  -240  )
( 22  -207  89  )
( 166  -44  -295  )
( 330  -225  306  )
( 346  65  15  )
( -174  190  98  )
( 145  90  314  )
( -294  -140  347  )
( 339  107  303  )
( -294  247  18  )
( 308  -78  11  )
( 180  -60  -239  )
( 180  12  -208  )
( -116  105  256  )
( 71  260  206  )
( 289  256  -149  )
( -108  94  -56  )
( 135  52  -136  )
( 242  -62  -314  )
( -314  -303  98  )
( -19  -202  204  )
( 294  -104  123  )
( -309  -89  -219  )
( 139  -40  -151  )
( 311  -290  -60  )
( -275  -276  -240  )
( 313  -288  98  )
( 219  306  335  )
( -46  -23  -152  )
( 9  -216  -197  )
( 154  247  -274  )
( 276  -115  189  )
( 233  -173  346  )
( 315  -29  53  )
( -313  -263  106  )
( -274  64  146  )
( -155  16  -1  )
( -235  315  -142  )
( 113  -320  47  )
( 233  -237  79  )
( 272  -212  279  )
( -177  284  76  )
( -182  -268  257  )
( 17  285  158  )
( -16  -255  46  )
( -11  161  -208  )
( 37  198  193  )
( -161  -146  318  )
( -85  212  -6  )
( -227  -275  -344  )
( -265  -162  319  )
( 169  -171  -170  )
( -254  -231  210  )
( 150  47  105  )
( 249  -217  -28  )
( -238  -206  93  )
( -247  -269  -315  )
( 78  277  -195  )
( 322  -271  62  )
( 210  341  100  )
( 35  93  124  )
( 254  66  268  )
( 293  3  -334  )
( 155  55  198  )
( 243  -224  -148  )
( 221  279  -21  )
( -260  -169  -252  )
( 304  -168  18  )
( 178  280  -123  )
( 42  70  288  )
( 25  -320  -219  )
( -316  168  223  )
( 91  -13  -245  )
( 134  211  20  )
( -188  178  246  )
( 324  -234  162  )
( -249  231  -131  )
( -239  -336  -3  )
( 48  -299  -208  )
( 148  -334  92  )
( 188  317  323  )
( -81  -229  27  )
( -150  179  276  )
( 219  -321  -134  )
( -197  -213  81  )
( -241  166  -235  )
( -292  -341  35  )
( -321  -81  25  )
( 277  132  -280  )
( -158  227  -300  )
( 315  -274  -114  )
( 283  324  -8  )
( 224  247  65  )
( -298  348  -340  )
( -2  87  -233  )
( 107  155  -208  )
( -280  256  -345  )
( 145  346  -301  )
( -40  25  -256  )
( 16  130  87  )
( 92  342  -316  )
( -313  166  336  )
( 349  194  -78  )
( 65  -131  -217  )
( -219  248  331  )
( 77  37  60  )
( 228  210  241  )
( 275  40  -333  )
( 191  210  219  )
( -337  -209  284  )
( 142  154  -7  )
( -195  64  -75  )
( -84  257  -253  )
( 95  -140  -273  )
( 41  -340  -344  )
( -306  -237  100  )
( -204  86  -208  )
( 72  243  8  )
( -237  -281  -341  )
( 226  -201  -204  )
( 313  228  84  )
( 305  166  -171  )
( 235  243  153  )
( -317  190  -9  )
( -329  -156  211  )
( 46  342  -284  )
( -97  -110  87  )
( 70  -3  -145  )
( -341  230  -62  )
( -174  263  80  )
( -287  -155  238  )
( -188  149  101  )
( -191  77  -78  )
( -341  -15  -36  )
( 31  -154  -76  )
( -145  -257  226  )
( 153  129  -338  )
( -349  -168  21  )
( 288  -17  -7  )
( -219  -103  127  )
( 77  -171  -342  )
( -55  -68  9  )
( -25  -247  253  )
( 161  30  252  )
( -166  -263  254  )
( 217  239  -186  )
( -222  -232  -306  )
( -215  162  -250  )
( 115  -197  -225  )
( 323  336  329  )
( 67  73  -114  )
( -343  249  324  )
( 290  205  265  )
( -248  36  -259  )
( -171  -70  229  )
( -313  249  -174  )
( -65  -155  292  )
( 272  -195  -341  )
( 314  -285  -258  )
( 326  -163  160  )
( 92  -57  -185  )
( -270  -224  -152  )
( -0  -68  -238  )
( 310  329  72  )
( 67  -77  329  )
( 13  -11  201  )
( 318  298  46  )
( 147  -68  297  )
( 219  -66  -326  )
( 63  -274  199  )
( -0  -63  26  )
( 67  -191  129  )
( 0  -83  -40  )
( -302  69  11  )
( 207  -147  226  )
( 71  340  326  )
( 209  102  -320  )
( 338  -294  -184  )
( 223  92  27  )
( 341  -61  308  )
( -342  -302  -107  )
( 50  -131  -7  )
( -38  16  -254  )
( 57  67  168  )
( -186  63  -3  )
( 169  -125  -48  )
( -230  198  -207  )
( 202  182  -345  )
( 133  -249  -71  )
( -260  -44  42  )
( -44  101  150  )
( 154  -179  187  )
( 121  277  270  )
( -312  -166  36  )
( -123  272  158  )
( 9  161  146  )
( 65  -103  -140  )
( -308  -92  -334  )
( 298  101  87  )
( 147  -231  84  )
( 337  97  180  )
( 143  -283  343  )
( -240  -94  157  )
( -136  305  59  )
( -332  -246  -309  )
( 98  100  -99  )
( 99  -261  293  )
( 287  -34  65  )
( -129  29  257  )
( -77  -143  -200  )
( 316  142  348  )
( 300  1  -17  )
( 218  -123  316  )
( -64  -255  -92  )
( -321  311  250  )
( 9  260  270  )
( 283  -162  -332  )
( -303  -274  105  )
( -244  158  -303  )
( -328  87  -52  )
( 7  -183  -304  )
( -90  -81  -158  )
( -195  -339  24  )
( 40  -318  110  )
( -135  -5  120  )
( -277  80  -253  )
( -135  -170  53  )
( 207  134  221  )
( -46  -142  242  )
( 298  -66  20  )
( 153  -8  181  )
( -129  101  -341  )
( 185  282  -92  )
( 256  -213  241  )
( 121  289  -14  )
( 319  26  329  )
( -35  -30  271  )
( 220  -262  -22  )
( 56  -34  -8  )
( -61  -308  -343  )
( -108  -162  116  )
( 125  -202  -184  )
( -15  148  22  )
( 258  -218  300  )
( -2  318  269  )
( 166  -43  204  )
( 68  282  273  )
( -344  -49  136  )
( -6  246  304  )
( -338  -201  -154  )
( 198  21  82  )
( 347  8  241  )
( -74  239  337  )
( 37  256  -234  )
( 301  -231  133  )
( -244  -119  272  )
( -179  220  313  )
( 89  86  -221  )
( -303  -279  184  )
( -55  -174  -133  )
( 102  40  151  )
( -141  -211  108  )
( -64  -297  50  )
( -306  223  -64  )
( -109  -204  -15  )
( -334  -118  -2  )
( -71  -129  221  )
( -313  258  -134  )
( 251  -301  296  )
( 49  -143  117  )
( 3  -333  -289  )
( 98  -64  -251  )
( 21  120  214  )
( -243  272  -269  )
( 134  164  -109  )
( 268  284  -54  )
( 308  -311  105  )
( 142  126  54  )
( -82  -54  -155  )
( -129  91  221  )
( 74  215  293  )
( 301  12  289  )
( 44  -165  -67  )
( 230  -120  305  )
( -164  41  103  )
( 159  -67  -107  )
( 124  201  144  )
( -8  -282  264  )
( 259  152  117  )
( 236  -314  -179  )
( 61  -338  55  )
( 73  -334  -198  )
( -287  275  -246  )
( 143  83  -27  )
( -254  55  84  )
( 78  152  33  )
( 301  57  -256  )
( -99  57  -63  )
( -266  -39  127  )
( 10  193  53  )
( 121  293  -53  )
( -313  323  205  )
( -51  -297  -112  )
( -337  26  288  )
( -133  -97  -159  )
( 325  -94  -304  )
( -248  -301  -244  )
( -312  -154  171  )
( 168  163  229  )
( -1  -144  153  )
( 341  240  327  )
( 228  -223  -175  )
( -135  -289  -291  )
( -94  190  194  )
( 250  -97  260  )
( 339  -25  235  )
( 323  -346  58  )
( -286  12  334  )
( -337  -117  280  )
( -331  251  -8  )
( -152  132  347  )
( 174  44  152  )
( 230  77  33  )
( 146  -280  33  )
( 92  -104  -197  )
( -230  226  56  )
( -183  179  80  )
( -103  -269  308  )
( -217  -319  -31  )
( -170  -52  41  )
( -184  -337  -331  )
( 104  13  315  )
( -317  55  161  )
( -42  -137  -220  )
( 97  112  324  )
( 213  20  193  )
( -136  250  326  )
( 251  105  -115  )
( -67  -325  114  )
( 207  121  20  )
( -200  -165  172  )
( 271  54  -21  )
( -36  174  -7  )
( 17  -187  -74  )
( 65  3  162  )
( -171  -174  92  )
( -246  -62  -157  )
( -235  140  -342  )
( -285  229  -216  )
( 24  168  293  )
( 252  181  82  )
( -300  125  -127  )
( 205  -300  -197  )
( -286  37  -55  )
( -162  69  286  )
( -265  -334  -106  )
( -247  -121  87  )
( 332  172  -68  )
( -79  260  321  )
( -320  -218  -143  )
( 46  4  120  )
( -208  -114  -115  )
( -334  89  184  )
( -166  61  254  )
( -156  77  -79  )
( 86  104  137  )
( 223  169  -275  )
( 90  -151  -300  )
( 347  196  121  )
( 259  86  -123  )
( 6  8  30  )
( 331  27  -144  )
( 37  -225  -325  )
( -78  59  -21  )
( -197  273  151  )
( -115  63  -116  )
( 320  -339  -233  )
( -17  70  -39  )
( -171  -270  249  )
( 71  346  -58  )
( 287  302  318  )
( -68  245  -281  )
( -150  -50  -27  )
( 49  -116  177  )
( 78  -206  109  )
( -305  313  -292  )
( 151  19  22  )
( 248  -299  4  )
( 67  -148  -290  )
( 208  312  -110  )
( 313  -70  226  )
( 12  -91  -317  )
( -106  -244  151  )
( -119  128  -54  )
( -311  -272  95  )
( 220  -292  105  )
( 201  130  189  )
( -290  -176  -331  )
( 13  30  42  )
( -207  -98  273  )
( 92  -218  -307  )
( -115  145  -8  )
( 18  -212  33  )
( -232  17  138  )
( 330  -172  133  )
( 120  212  101  )
( -93  -319  -44  )
( -308  -14  -289  )
( 341  -79  228  )
( -337  -309  -303  )
( -164  305  276  )
( 332  -123  16  )
( -27  -140  -139  )
( -270  274  143  )
( -208  -91  142  )
( 116  -151  -255  )
( -107  -49  -5  )
( 58  -186  120  )
( -340  229  122  )
( 122  173  -98  )
( -106  251  -143  )
( -119  110  74  )
( -304  -322  340  )
( -344  94  310  )
( -131  32  -1  )
( -218  -70  -56  )
( -60  -45  -120  )
( -303  -333  44  )
( -235  -112  298  )
( -67  148  -272  )
( -347  -212  -305  )
( 170  -139  -154  )
( -263  -166  335  )
( -58  -331  -269  )
( 275  322  276  )
( 308  -311  340  )
( -278  -277  202  )
( 315  -138  -329  )
( 163  231  16  )
( -268  187  27  )
( 179  81  -12  )
( 95  328  -20  )
( 101  -297  -35  )
( 157  -258  -327  )
( -139  -87  149  )
( -129  -81  -272  )
( 164  23  207  )
( -259  184  240  )
( 330  -318  -265  )
( -314  -227  163  )
( 170  -102  -200  )
( 53  -308  69  )
( -58  223  -197  )
( -231  -284  166  )
( 178  117  -306  )
( -267  176  174  )
( -266  320  -220  )
( 293  284  164  )
( 124  37  -125  )
( 171  -242  -76  )
( -329  -211  -91  )
( -114  -11  271  )
( 144  172  -301  )
( 139  38  -63  )
( 38  -308  7  )
( -140  67  253  )
( 12  -166  205  )
( -135  168  53  )
( -252  21  65  )
( 165  -228  -103  )
( 9  270  189  )
( 125  -221  -106  )
( -101  -19  172  )
( -45  -74  232  )
( -15  272  -282  )
( -253  44  249  )
( 140  212  138  )
( -295  -200  6  )
( -206  126  322  )
( 205  -345  115  )
( 55  -278  226  )
( 49  297  -0  )
( -175  -161  -318  )
( -230  -42  -103  )
( 289  -215  290  )
( -229  -70  -336  )
( 15  341  190  )
( -195  -274  34  )
( -273  201  169  )
( 28  17  -142  )
( -55  254  -292  )
( -42  -187  -257  )
( -282  -159  -320  )
( 232  70  -220  )
( 58  3  182  )
( 187  233  260  )
( 81  56  334  )
( -74  -206  136  )
( -271  -178  3  )
( -179  45  -206  )
( -127  -235  -64  )
( -335  14  -316  )
( 132  -183  -100  )
( 138  260  -249  )
( -6  88  56  )
( 73  255  230  )
( -20  58  -68  )
( -308  -184  -212  )
( 253  275  -277  )
( 66  -53  62  )
( -307  -66  132  )
( 348  259  58  )
( 63  127  252  )
( -296  -343  82  )
( 0  -275  -202  )
( 211  124  -274  )
( 164  -131  104  )
( -23  -233  331  )
( 128  -75  147  )
( -146  38  -186  )
( -21  160  -185  )
( -315  46  50  )
( 34  -69  80  )
( -106  232  103  )
( 229  150  202  )
( 115  298  -327  )
( -164  84  -206  )
( -142  -108  58  )
( 140  297  -224  )
( 1  312  47  )
( 253  66  -47  )
( -88  198  -43  )
( -115  105  -227  )
( -42  296  -326  )
( -134  37  8  )
( -338  64  196  )
( -151  -296  72  )
( -81  -261  28  )
( -210  -268  -128  )
( 327  -314  -90  )
( 273  -10  -121  )
( 191  -347  -128  )
( 274  -280  -45  )
( 141  202  117  )
( 304  -342  182  )
( -231  126  -55  )
( -319  -250  246  )
( -110  -247  -52  )
( 308  29  68  )
( -31  -90  -154  )
( -272  102  240  )
( 345  -311  341  )
( 281  -99  -141  )
( 336  -38  -347  )
( -269  240  218  )
( 61  -199  193  )
( -24  51  96  )
( 207  -182  -283  )
( 16  160  -249  )
( -52  -302  -103  )
( -229  -212  -298  )
( -99  -145  -53  )
( -216  -141  63  )
( 94  -44  196  )
( 228  42  232  )
( 227  83  228  )
( -57  245  284  )
( -106  300  -336  )
( -248  -237  116  )
( 115  -282  306  )
( 16  -75  -65  )
( 272  -140  -327  )
( -242  302  -333  )
( -29  323  40  )
( 24  -210  46  )
( 194  3  -291  )
( -118  186  329  )
( 112  -177  244  )
( -206  -194  -316  )
( -131  -343  187  )
( 205  174  30  )
( 159  -238  -119  )
( -262  -72  -56  )
( -209  -49  -57  )
( -240  -309  -172  )
( 229  -59  223  )
( 293  -229  -132  )
( -106  290  -171  )
( 203  -235  -98  )
( -9  308  156  )
( -125  -306  -57  )
( -207  316  72  )
( -199  -243  -298  )
( -62  -75  22  )
( 242  -312  333  )
( -178  35  -150  )
( 154  -313  -323  )
( -26  -16  89  )
( 5  45  -256  )
( -151  116  162  )
( -31  -324  338  )
( -328  -117  211  )
( 76  24  48  )
( 63  231  61  )
( -286  258  -334  )
( 247  -168  -146  )
( -121  -99  -233  )
( 228  -215  -57  )
( 281  254  119  )
( 98  260  -180  )
( -195  57  -68  )
( -156  52  -16  )
( -86  212  306  )
( 290  188  172  )
( -345  -317  -46  )
( -95  -297  166  )
( 277  94  54  )
( -170  -208  -190  )
( -5  274  52  )
( 78  143  -250  )
( -334  -42  -206  )
( -245  -60  -178  )
( 152  35  166  )
( 126  22  -98  )
( 205  -286  -232  )
( -199  312  -32  )
( -268  -323  -53  )
( 198  263  63  )
( -278  28  297  )
( 260  10  -16  )
( -155  108  242  )
( -129  275  6  )
( 318  321  116  )
( 85  43  -183  )
( 313  162  -311  )
( 211  317  -16  )
( -99  10  40  )
( 57  151  138  )
( -261  -135  -315  )
( 178  -52  -344  )
( 37  63  -226  )
( 349  190  -3  )
( -215  152  154  )
( -327  1  216  )
( 52  20  -111  )
( -118  -295  -24  )
( -49  -104  -235  )
( -240  -348  -277  )
( -85  -136  -153  )
( -42  306  -172  )
( 208  -256  -54  )
( -78  243  62  )
( -56  45  236  )
( 55  147  331  )
( -82  83  -338  )
( -26  -276  -41  )
( -42  -349  88  )
( -150  270  137  )
( -169  113  -68  )
( 345  -106  211  )
( 176  321  -233  )
( -226  -134  -88  )
( 94  -73  108  )
( 181  31  -204  )
( 253  279  -92  )
( 20  324  -305  )
( -102  315  264  )
( -148  75  145  )
( -164  137  284  )
( -269  -197  -91  )
( 349  -106  152  )
( 83  8  -167  )
( -181  0  184  )
( 168  -205  -153  )
( 284  84  324  )
( 243  316  -258  )
( -15  -3  20  )
( 195  121  71  )
( -178  -347  93  )
( 69  -112  -283  )
( -60  183  -282  )
( 110  206  -48  )
( -72  -322  -270  )
( -243  85  -181  )
( -332  148  -311  )
( -259  -341  -101  )
( 116  -162  4  )
( 305  -240  211  )
( -330  -163  -221  )
( 16  -19  -193  )
( -98  322  -13  )
( 44  -309  253  )
( 285  37  246  )
( -87  267  -301  )
( 346  -133  148  )
( -300  192  125  )
( -77  -258  -127  )
( -195  -247  -309  )
( -35  -126  315  )
( 90  -229  256  )
( 144  -193  -125  )
( -36  305  60  )
( 186  -166  -342  )
( -78  -321  179  )
( 42  -333  -171  )
( -95  104  -325  )
( 346  -35  -16  )
( 107  225  -215  )
( -141  -164  -188  )
( 2  122  -300  )
( -277  288  165  )
( -235  -73  -298  )
( -336  -6  316  )
( -212  218  -271  )
( 223  291  202  )
( -280  173  -221  )
( 83  -276  -70  )
( 30  -217  195  )
( -157  168  88  )
( 216  171  -15  )
( -194  166  -340  )
( -98  -292  188  )
( 327  243  -63  )
( 298  -22  9  )
( 221  48  -347  )
( -113  -91  -124  )
( 341  -72  335  )
( -321  -206  -80  )
( 337  161  124  )
( -264  -276  69  )
( 130  -58  318  )
( 289  87  142  )
( -305  -210  241  )
( 285  -238  260  )
( 257  -343  139  )
( -142  289  69  )
( 176  -89  205  )
( 110  -260  -25  )
( 2  125  -108  )
( -63  216  -52  )
( -240  172  156  )
( 89  -84  115  )
( 296  -334  12  )
( -179  320  148  )
( -101  95  -57  )
( 55  -198  257  )
( 264  227  170  )
( 223  71  252  )
( -252  -265  -169  )
( 94  -229  85  )
( -320  -200  -296  )
( -49  54  142  )
( 129  285  196  )
( 188  126  267  )
( 64  286  57  )
( -63  -146  -216  )
( -24  290  99  )
( -55  -18  72  )
( 261  -236  -77  )
( -196  -104  -136  )
( 8  307  -39  )
( 38  -73  -113  )
( 148  283  -259  )
( -296  94  -247  )
( -333  -43  17  )
( 210  -21  306  )
( 40  98  70  )
( -276  73  -264  )
( 37  261  13  )
( 76  -182  -13  )
( -131  286  30  )
( 124  -290  197  )
( -183  -25  121  )
( -338  128  -344  )
( -255  -153  138  )
( -82  -145  -324  )
( -290  -78  -191  )
( 127  213  -66  )
( -295  220  -84  )
( 301  -101  127  )
( -284  124  131  )
( 99  -47  -61  )
( -75  168  85  )
( -239  -25  -165  )
( 76  127  258  )
( -0  112  243  )
( 90  133  -194  )
( 161  92  -338  )
( 147  -238  -149  )
( -197  -61  -219  )
( 324  -287  -218  )
( -48  281  -296  )
( -1  297  -176  )
( -319  279  257  )
( -270  -53  -236  )
( -332  -27  -146  )
( -132  -142  15  )
( -343  -289  293  )
( -153  181  46  )
( 93  314  141  )
( 248  -300  -297  )
( -114  -335  -242  )
( -247  240  11  )
( -200  -227  -149  )
( -12  -215  -234  )
( -32  90  -248  )
( -5  314  4  )
( -298  132  279  )
( 335  7  -16  )
( 95  122  159  )
( 128  237  -47  )
( 231  -3  91  )
( -135  -293  162  )
( -9  -245  -94  )
( -206  148  244  )
( 284  221  315  )
( -109  266  -15  )
( 52  -333  27  )
( -105  59  -313  )
( -87  98  303  )
( -243  -160  -82  )
( 123  -242  -194  )
( -75  288  -296  )
( 7  1  -57  )
( -256  -135  -204  )
( -71  205  3  )
( 208  -335  -325  )
( -328  340  141  )
( 66  190  216  )
( -285  0  294  )
( 135  143  349  )
( -204  272  -232  )
( -62  -275  -142  )
( -293  -218  279  )
( 130  -188  -113  )
( 44  18  -254  )
( -266  -48  -215  )
( -30  -203  -276  )
( 347  215  166  )
( -151  -50  -59  )
( -241  -309  -43  )
( -349  111  17  )
( 338  234  -245  )
( -88  -203  -101  )
( 253  -251  290  )
( 340  121  -261  )
( 166  301  -212  )
( -114  51  -159  )
( -265  333  -49  )
( 310  -139  -205  )
( 281  223  -328  )
( -284  95  -243  )
( -180  177  -30  )
( -172  197  309  )
( 34  -91  -25  )
( 314  -288  -38  )
( -298  221  -105  )
( 289  -347  -56  )
( -51  272  271  )
( 67  83  310  )
( 7  210  120  )
( 163  279  105  )
( 3  61  17  )
( -112  -213  -129  )
( 135  176  -21  )
( -230  -260  -138  )
( -8  -183  -182  )
( -330  236  -2  )
( 269  148  -225  )
( -32  -229  234  )
( -103  -324  256  )
( -45  -166  113  )
( -340  -14  302  )
( 235  229  139  )
( 264  -166  216  )
( -279  111  204  )
( 10  -96  -255  )
( 108  197  -186  )
( -221  118  120  )
( -120  -264  -183  )
( -285  55  -297  )
( 336  -246  90  )
( 176  335  -235  )
( 234  221  -214  )
( -305  296  317  )
( 76  171  -180  )
( 31  94  -226  )
( 293  205  -169  )
( -42  -82  27  )
( -292  -178  -296  )
( -325  274  186  )
( 70  109  87  )
( -154  95  -294  )
( -282  -280  258  )
( 162  318  198  )
( 150  338  279  )
( -212  -225  -17  )
( -60  96  185  )
( 344  -149  -33  )
( -249  -91  93  )
( 318  92  -287  )
( -216  -170  -283  )
( 58  -40  281  )
( 159  -152  -348  )
( -336  187  43  )
( -81  49  222  )
( -63  307  -69  )
( -18  248  -249  )
( -178  242  -268  )
( 194  36  -232  )
( 134  47  -0  )
( 142  -268  156  )
( -256  43  62  )
( -164  136  -139  )
( -243  37  -248  )
( 79  -230  189  )
( 303  -147  204  )
( -4  211  -217  )
( -268  74  -217  )
( 97  37  242  )
( 114  74  -213  )
( -219  344  -155  )
( 24  292  -337  )
( -90  163  133  )
( 103  58  -18  )
( 171  -152  53  )
( 98  255  323  )
( -296  -329  335  )
( 89  321  113  )
( -300  -146  -287  )
( 281  297  188  )
( -202  100  -259  )
( 9  117  13  )
( 161  -247  300  )
( 166  59  57  )
( -135  203  -122  )
( 143  265  16  )
( 16  -61  326  )
( 312  261  -210  )
( -130  196  87  )
( -163  20  -233  )
( 285  -119  347  )
( -234  286  133  )
( -111  20  -101  )
( 150  162  250  )
( -119  -96  -4  )
( 151  -287  219  )
( -70  -11  -54  )
( -22  -62  -0  )
( 320  285  230  )
( 319  186  123  )
( 274  263  -178  )
( 279  151  -220  )
( -117  201  -158  )
( 26  81  118  )
( -79  207  -110  )
( 177  -89  299  )
( -6  -247  -127  )
( -212  -225  -330  )
( 130  90  16  )
( -47  78  -197  )
( 170  11  239  )
( 4  -320  71  )
( 69  234  23  )
( 209  -184  -100  )
( 324  -297  161  )
( -205  255  140  )
( 207  234  -271  )
( -154  155  170  )
( 249  -75  302  )
( -3  -166  -79  )
( 186  290  -29  )
( -309  238  140  )
( -265  275  320  )
( 273  -33  -54  )
( 45  136  -80  )
( -31  -244  32  )
( 286  68  196  )
( -35  305  166  )
( 192  -290  -32  )
( 118  -337  231  )
( 251  190  48  )
( 245  -14  277  )
( -161  197  -29  )
( 104  -70  -132  )
( 290  84  -179  )
( -292  138  -21  )
( -20  259  181  )
( -337  -171  -166  )
( 0  118  102  )
( 17  111  256  )
( 72  -234  -193  )
( -199  -324  208  )
( -285  -311  -309  )
( 157  -63  276  )
( 181  244  63  )
( 185  199  75  )
( 72  -247  335  )
( 66  -131  -143  )
( -236  230  -165  )
( -125  149  234  )
( -17  301  -226  )
( -224  -34  227  )
( -164  -281  -67  )
( 245  72  -325  )
( -177  284  85  )
( -32  -55  -22  )
( 272  -16  7  )
( -263  293  -189  )
( -336  175  292  )
( 58  -345  14  )
( 145  -77  10  )
( 232  -287  234  )
( -151  -191  -188  )
( 261  188  35  )
( 325  225  -160  )
( -267  -231  83  )
( -36  63  312  )
( 156  290  55  )
( 263  -146  296  )
( -168  -278  271  )
( 206  -46  44  )
( -263  -56  212  )
( -307  246  -35  )
( 265  -301  -10  )
( 312  -260  189  )
( 123  -335  -137  )
( 53  -349  261  )
( -257  -7  -281  )
( -55  161  -224  )
( 54  -158  320  )
( 100  -105  -318  )
( -31  275  -142  )
( -96  -103  170  )
( -262  209  321  )
( -336  -298  -252  )
( -327  -164  -12  )
( 169  188  314  )
( -181  94  -64  )
( 64  327  252  )
( 136  -46  -178  )
( -50  76  -105  )
( -41  -39  -151  )
( -300  331  -195  )
( -49  -166  322  )
( -93  71  249  )
( -283  -95  -319  )
( 1  -33  270  )
( 287  22  269  )
( -84  79  221  )
( -285  171  127  )
( -236  166  302  )
( -300  179  -2  )
( -197  29  253  )
( -198  -188  -240  )
( 328  -44  19  )
( -83  -340  -225  )
( 7  202  65  )
( 279  -226  268  )
( 14  290  208  )
( 38  -330  231  )
( 227  -60  -187  )
( 32  107  -23  )
( -194  -197  141  )
( 247  -45  -168  )
( 136  -346  311  )
( -8  -297  7  )
( -139  -252  -112  )
( 335  191  -81  )
( 189  -308  103  )
( 226  -296  187  )
( 292  -121  196  )
( 218  -338  -248  )
( 160  180  -265  )
( 225  -159  184  )
( -346  233  -124  )
( 311  -97  222  )
( 163  -84  -62  )
( 260  279  38  )
( 150  -213  -129  )
( 270  -306  -266  )
( 22  -260  49  )
( 220  198  -177  )
( -232  -309  -100  )
( -225  -83  -6  )
( 152  -296  -190  )
( -180  52  7  )
( 133  -21  192  )
( 54  300  253  )
( 315  -272  -64  )
( 39  -267  -194  )
( -71  -291  121  )
( -239  -9  275  )
( -288  -322  -304  )
( 99  -226  309  )
( -165  -59  145  )
( -235  282  228  )
( -158  -285  -179  )
( -121  -61  139  )
( -133  174  -146  )
( 93  92  -236  )
( -74  -332  -251  )
( -233  77  211  )
( 160  190  -97  )
( -196  -162  -250  )
( -81  122  -19  )
( -0  71  -315  )
( 7  206  43  )
( 293  -73  -196  )
( -74  41  -0  )
( 142  171  203  )
( 317  -341  72  )
( -93  331  -221  )
( -68  -273  -172  )
( -243  -316  -246  )
( -36  80  -67  )
( 0  150  35  )
( -182  -30  -312  )
( -9  -341  -79  )
( 279  99  -222  )
( 1  -44  202  )
( -204  -195  298  )
( 270  87  -323  )
( 123  185  83  )
( 202  -168  119  )
( -316  71  -269  )
( -314  217  -309  )
( 291  305  -265  )
( 18  -144  259  )
( -217  -10  -155  )
( -296  -232  336  )
( -229  261  66  )
( -184  -277  58  )
( 109  -286  -96  )
( -292  -209  -265  )
( -224  294  -273  )
( 327  49  -182  )
( 52  154  308  )
( 221  -255  -113  )
( -191  59  -150  )
( -215  -292  291  )
( 343  266  -194  )
( 51  6  343  )
( -72  188  -263  )
( 143  -87  150  )
( 130  -277  -38  )
( -95  -81  -272  )
( -6  23  -52  )
( -287  235  -229  )
( 243  -285  144  )
( 72  346  123  )
( -306  40  130  )
( 153  242  285  )
( -331  -51  -153  )
( 127  60  -186  )
( 191  24  -200  )
( 57  210  223  )
( -114  41  59  )
( 177  -264  -160  )
( -5  334  -25  )
( 28  236  -130  )
( 218  -309  -316  )
( 198  -49  258  )
( -253  160  -219  )
( 205  -144  -164  )
( -54  190  -154  )
( -196  -221  -282  )
( -140  3  -241  )
( 267  -62  -252  )
( -38  -263  300  )
( 213  -11  -109  )
( -25  -40  252  )
( -248  -215  38  )
( -322  -182  -113  )
( 315  62  -219  )
( -309  53  3  )
( 297  -146  -191  )
( 295  -283  10  )
( -44  -102  -162  )
( -33  -147  6  )
( 317  182  -26  )
( -133  290  125  )
( -126  -107  -79  )
( 159  -237  -124  )
( -262  17  257  )
( -12  -114  -140  )
( -1  107  204  )
( 116  149  -99  )
( 206  170  260  )
( -348  -11  -195  )
( 255  -117  -0  )
( 301  -227  -105  )
( 190  69  -61  )
( 292  -309  -229  )
( -299  48  270  )
( -166  -181  8  )
( 235  -288  -23  )
( -328  68  176  )
( -311  -164  -94  )
( 206  -143  324  )
( 253  294  218  )
( 268  25  262  )
( 12  348  282  )
( -45  -322  -314  )
( -150  304  13  )
( -193  234  -332  )
( 175  -216  -345  )
( -140  6  298  )
( 170  -11  -47  )
( 280  122  188  )
( 145  -262  224  )
( -120  -244  311  )
( -281  241  -249  )
( -217  126  -251  )
( 330  -105  -311  )
( 283  -37  101  )
( 105  -231  45  )
( 27  -70  118  )
( 0  -11  -61  )
( 66  132  63  )
( 126  -301  -104  )
( 245  306  -185  )
( -99  4  346  )
( 37  181  75  )
( -298  26  -129  )
( 43  -208  -13  )
( 205  -185  -65  )
( 112  -26  169  )
( -27  32  -327  )
( -336  94  302  )
( -263  128  136  )
( 130  338  -348  )
( 157  274  -113  )
( -251  -310  82  )
( -124  105  -201  )
( -17  305  310  )
( 301  -134  200  )
( 187  248  156  )
( -133  33  -228  )
( -244  -206  -192  )
( -156  198  29  )
( -322  118  -136  )
( 327  187  5  )
( 195  -290  313  )
( -57  -76  -54  )
( 91  -334  46  )
( -5  -308  -245  )
( -47  -42  81  )
( 308  -327  -178  )
( 268  -202  141  )
( 302  -285  197  )
( -140  147  304  )
( -134  -130  157  )
( 345  -115  -112  )
( -0  163  -172  )
( -121  -109  286  )
( 98  114  333  )
( 118  -82  -144  )
( 346  -57  -245  )
