( 203  35  -59  )
( 55  92  343  )
( 178  126  -135  )
( -222  -189  325  )
( 7  246  29  )
( 238  -189  -175  )
( -276  40  -197  )
( 42  -127  -141  )
( -238  265  332  )
( 222  -95  -270  )
( 67  -149  -268  )
( 315  -54  -72  )
( -117  224  307  )
( 245  -39  119  )
( 9  -145  322  )
( 159  -137  18  )
( 13  -65  -145  )
( 85  -112  111  )
( 331  -145  -150  )
( 177  130  171  )
( 21  -310  217  )
( 156  290  165  )
( 98  -342  39  )
( -153  205  -193  )
( 0  -278  -134  )
( 240  -310  -88  )
( 68  -221  -105  )
( -336  246  -145  )
( -175  159  178  )
( -50  -152  336  )
( 163  -166  281  )
( 95  -124  -73  )
( 46  42  -324  )
( 138  259  -310  )
( 246  -120  -265  )
( 49  90  -328  )
( 201  35  -188  )
( 82  -215  126  )
( 336  -184  72  )
( 147  -329  -249  )
( -130  53  -35  )
( 258  57  -222  )
( 12  271  -77  )
( 256  52  -331  )
( 281  149  190  )
( -200  90  -227  )
( -164  -193  -8  )
( 36  -147  -338  )
( -304  339  -349  )
( -192  111  235  )
( 52  77  -311  )
( 257  58  -215  )
( -54  -277  340  )
( 329  -30  -224  )
( -33  -262  16  )
( -97  -202  120  )
( 194  -344  118  )
( -342  -5  110  )
( -124  37  132  )
( -28  -21  275  )
( 107  277  -14  )
( -187  -124  207  )
( 215  92  117  )
( -244  -263  -198  )
( 130  -44  22  )
( 261  224  -231  )
( -22  -254  -220  )
( 226  -210  265  )
( -95  294  221  )
( -205  -18  149  )
( -102  -3  -190  )
( 36  -337  250  )
( -8  -210  -154  )
( -190  88  -228  )
( -11  -186  -161  )
( -107  -182  -64  )
( 55  263  258  )
( -250  76  286  )
( -93  -21  279  )
( -237  337  -78  )
( 287  348  -247  )
( -259  53  -188  )
( -208  168  -43  )
( 126  -330  155  )
( 346  48  -220  )
( 288  -24  169  )
( -226  -200  189  )
( -184  97  -310  )
( 61  -182  -257  )
( -56  -200  -278  )
( 58  322  -320  )
( -9  -186  183  )
( 342  -46  335  )
( -329  -18  118  )
( -18  -235  -153  )
( 218  -214  233  )
( 300  252  -287  )
( 278  -116  339  )
( 66  -349  103  )
( -25  -349  -287  )
( 168  -139  -152  )
( -142  30  63  )
( 89  -335  -86  )
( 190  -299  -329  )
( 281  48  -44  )
( 193  326  309  )
( 251  340  -308  )
( -142  -115  -347  )
( -178  -258  -116  )
( -220  -322  348  )
( 199  18  -176  )
( 277  -250  -245  )
( -170  187  -48  )
( -107  -344  13  )
( 136  281  -35  )
( 19  -228  21  )
( 260  -136  168  )
( 171  -81  295  )
( 144  -18  -225  )
( 137  -208  336  )
( 238  -183  179  )
( 164  -112  160  )
( 255  74  219  )
( 69  214  -44  )
( 103  229  289  )
( -282  261  207  )
( 315  -286  222  )
( 198  -297  -37  )
( -63  -104  -314  )
( -250  51  -195  )
( -114  -102  224  )
( 170  -113  47  )
( 270  115  211  )
( 344  -264  14  )
( -142  -20  92  )
( 100  28  286  )
( -38  -104  -121  )
( -313  97  278  )
( -96  -327  -23  )
( -138  298  238  )
( 103  -45  196  )
( -232  54  327  )
( 314  206  -154  )
( 235  347  308  )
( 127  -334  74  )
( -290  -262  -143  )
( -105  -174  233  )
( 241  -50  -135  )
( -25  -322  120  )
( -100  194  -224  )
( 278  -4  131  )
( 287  -203  131  )
( -234  92  58  )
( -295  258  -271  )
( -7  192  -322  )
( 263  185  -47  )
( 186  -230  -62  )
( 229  143  67  )
( -134  243  49  )
( 62  348  -322  )
( 110  96  171  )
( -61  256  110  )
( -154  86  150  )
( 101  331  -122  )
( -290  -326  213  )
( -60  -242  340  )
( -52  136  213  )
( 138  282  126  )
( -141  -24  -338  )
( -260  -292  -99  )
( 209  327  10  )
( 229  292  66  )
( 319  -328  301  )
( 271  -332  231  )
( 303  54  86  )
( 82  -261  -225  )
( 255  -199  318  )
( 50  -51  135  )
( -76  118  -130  )
( 174  343  -23  )
( -249  111  -217  )
( -66  12  272  )
( -112  107  -309  )
( -205  90  -16  )
( -95  -100  -10  )
( -300  -257  -94  )
( -25  135  -293  )
( -171  62  197  )
( 93  -44  160  )
( 184  -7  303  )
( -176  105  15  )
( 181  -183  -49  )
( 31  -73  269  )
( 128  321  261  )
( -31  343  -36  )
( 202  302  286  )
( -18  145  -231  )
( -132  -113  152  )
( 95  313  283  )
( -209  77  83  )
( -70  142  -247  )
( 143  338  41  )
( 296  164  -0  )
( -59  -220  117  )
( 0  91  -348  )
( 152  -95  -57  )
( -165  -288  -330  )
( -63  225  170  )
( -29  227  -189  )
( -67  -116  152  )
( -284  313  -282  )
( -295  -315  241  )
( -178  -185  -53  )
( 289  -151  168  )
( 30  -345  -193  )
( -42  173  75  )
( 136  192  -28  )
( 75  19  182  )
( 275  249  165  )
( -107  -274  92  )
( -247  295  228  )
( 88  345  31  )
( 144  155  -332  )
( -159  341  166  )
( -56  -231  -343  )
( 225  303  -5  )
( 39  -32  26  )
( -336  -240  328  )
( -267  -220  244  )
( -345  -196  -78  )
( 164  169  54  )
( -341  332  -247  )
( 64  -2  -30  )
( -156  10  287  )
( 109  -117  116  )
( -221  -9  17  )
( -218  159  256  )
( -180  132  169  )
( -213  308  -176  )
( 30  -201  -343  )
( 136  -5  -44  )
( -110  301  -5  )
( -206  48  -216  )
( -326  -174  230  )
( 147  -214  31  )
( -17  -241  -336  )
( 105  -275  93  )
( -27  98  325  )
( 271  313  -150  )
( 225  -220  227  )
( -280  167  -306  )
( 221  17  -282  )
( -122  340  220  )
( -337  300  259  )
( 138  -137  101  )
( 126  159  300  )
( -120  -127  -159  )
( 94  106  -152  )
( 199  160  336  )
( 291  -284  229  )
( 4  -255  -297  )
( -126  146  -52  )
( -305  -226  -44  )
( -235  13  175  )
( 287  -15  -272  )
( -224  49  200  )
( 224  325  -113  )
( -57  -293  -289  )
( 8  155  25  )
( 206  228  -19  )
( -201  -145  186  )
( -34  -81  -248  )
( -317  -332  93  )
( -320  -260  -8  )
( -50  -56  280  )
( 89  286  -181  )
( -42  206  107  )
( -303  4  281  )
( -29  271  -252  )
( -88  -184  111  )
( 252  41  -91  )
( -274  349  138  )
( -264  -93  110  )
( 326  185  -319  )
( -198  190  65  )
( -119  -32  -178  )
( 120  152  210  )
( 107  -19  82  )
( 238  178  -39  )
( -47  -43  -305  )
( 123  -333  251  )
( 118  -65  -293  )
( -282  180  317  )
( 254  -174  -69  )
( 215  -68  -81  )
( 327  -180  -123  )
( 292  24  -132  )
( 270  -146  -79  )
( 31  297  1  )
( -26  -242  -20  )
( -111  49  -273  )
( -261  113  -226  )
( -306  89  -263  )
( 217  257  280  )
( 210  -42  14  )
( -250  266  192  )
( 330  246  -187  )
( -216  -76  143  )
( -253  304  134  )
( 44  -293  -153  )
( -67  132  -258  )
( -305  -238  83  )
( 17  -320  -294  )
( 261  -86  -218  )
( -240  237  -252  )
( -290  -196  296  )
( -49  -274  9  )
( -256  -202  -223  )
( -120  -245  -81  )
( -182  239  25  )
( 196  -332  -122  )
( -149  221  95  )
( 207  82  1  )
( -127  -304  42  )
( -14  -35  285  )
( -64  188  347  )
( -319  -250  -177  )
( 339  13  -214  )
( 126  -279  -39  )
( -200  -2  -258  )
( 132  272  186  )
( 158  11  9  )
( -342  -218  20  )
( -265  -98  50  )
( 157  -285  -225  )
( -49  256  33  )
( 139  -272  -97  )
( 117  257  -300  )
( 226  -70  281  )
( 332  -112  142  )
( -208  -23  309  )
( 246  159  -334  )
( -100  -320  119  )
( 259  -174  65  )
( 241  231  -113  )
( 273  66  -169  )
( -335  -287  72  )
( -37  267  60  )
( 15  -263  -212  )
( -139  35  -147  )
( 320  288  336  )
( 56  221  250  )
( 114  -189  194  )
( 181  18  -205  )
( -88  121  274  )
( 205  309  9  )
( 7  16  -153  )
( 115  321  125  )
( -80  53  279  )
( 209  18  -347  )
( -334  -108  -163  )
( -139  87  235  )
( -87  115  92  )
( 105  127  45  )
( -139  3  326  )
( 345  10  -109  )
( 28  77  -162  )
( 341  -8  -233  )
( -147  243  -178  )
( 96  132  -123  )
( -53  -192  261  )
( 283  77  209  )
( -190  98  68  )
( -283  86  -239  )
( -49  -50  341  )
( 32  115  -241  )
( -155  -0  98  )
( -239  16  -342  )
( 48  322  -326  )
( -236  -161  100  )
( 105  -102  120  )
( 131  -62  63  )
( -124  -248  -264  )
( -215  -45  -194  )
( 222  219  -175  )
( -34  -91  -322  )
( 239  330  165  )
( 313  186  280  )
( -261  -121  -101  )
( -229  156  258  )
( -153  -274  199  )
( -22  60  -297  )
( -270  191  -78  )
( 228  227  171  )
( 121  -328  -288  )
( -124  224  -106  )
( 307  35  64  )
( 309  342  92  )
( -189  -115  -179  )
( 45  78  50  )
( -26  -105  -61  )
( 271  91  50  )
( 31  -135  -245  )
( 43  104  31  )
( 214  233  210  )
( -119  286  146  )
( 20  93  -97  )
( 264  -180  -73  )
( 177  -94  -336  )
( -60  -68  247  )
( 74  -162  181  )
( 166  -313  215  )
( -232  -21  115  )
( 28  -40  141  )
( -101  -237  -73  )
( -306  83  -140  )
( 308  297  -113  )
( -217  -140  255  )
( 243  -117  50  )
( -166  65  -182  )
( -108  80  40  )
( 290  -230  -17  )
( 92  209  141  )
( -238  340  -324  )
( -145  -43  75  )
( -86  73  220  )
( -225  323  -188  )
( 268  30  -338  )
( 293  294  -203  )
( -244  69  337  )
( 175  215  4  )
( -342  14  265  )
( 173  -269  145  )
( 10  34  -136  )
( 23  -278  3  )
( -42  -342  -62  )
( -49  -3  -327  )
( 328  -280  212  )
( -325  327  172  )
( 198  -306  -281  )
( 326  -106  19  )
( -5  -142  10  )
( 152  171  304  )
( -136  135  4  )
( 62  43  305  )
( 246  -148  -161  )
( 155  -126  -135  )
( -53  -347  -207  )
( -124  234  90  )
( 235  91  61  )
( 76  312  52  )
( -66  -201  -109  )
( -12  -320  89  )
( -159  -184  -201  )
( 269  268  -129  )
( -254  306  87  )
( -323  75  264  )
( -347  -205  -20  )
( -27  240  -81  )
( -17  -69  349  )
( -128  -275  81  )
( 214  198  95  )
( 96  -39  -3  )
( -67  33  -42  )
( -200  338  140  )
( 222  154  340  )
( 334  -16  -331  )
( -349  191  38  )
( 137  284  -81  )
( -40  54  -182  )
( 77  -246  335  )
( -266  -186  137  )
( -76  -204  -6  )
( 267  -125  -313  )
( -87  -179  -248  )
( -28  331  22  )
( -330  -82  -215  )
( -106  -152  -287  )
( -180  -207  -69  )
( 121  -315  297  )
( -18  -187  -278  )
( 29  -260  -144  )
( 124  -138  -194  )
( -198  -178  215  )
( 98  287  -81  )
( -3  -49  -11  )
( -96  220  -98  )
( 246  -178  -167  )
( 4  -211  334  )
( 264  -93  24  )
( -134  -0  45  )
( -190  171  16  )
( -263  -240  328  )
( 190  -259  18  )
( 67  -117  -35  )
( 227  22  -327  )
( -44  -338  -123  )
( -85  315  -212  )
( -252  -277  21  )
( -194  -15  329  )
( -51  -74  150  )
( 24  129  -342  )
( 150  276  181  )
( 127  -337  319  )
( 118  -79  205  )
( -278  61  -118  )
( -316  136  -334  )
( 287  1  -89  )
( -99  -34  149  )
( 183  312  58  )
( -57  -174  78  )
( 133  -262  -183  )
( -180  2  -93  )
( 279  -340  32  )
( 193  18  159  )
( 66  -237  -32  )
( 282  -118  -250  )
( -47  68  -243  )
( 146  -342  202  )
( 137  307  -303  )
( 319  20  88  )
( -257  318  -160  )
( -78  232  221  )
( 165  -140  -122  )
( -124  60  34  )
( 22  60  -69  )
( -241  -329  66  )
( 330  -84  149  )
( 198  -77  -336  )
( -274  103  -283  )
( -280  -269  15  )
( -188  205  -296  )
( -274  27  185  )
( -347  276  319  )
( 110  32  19  )
( 197  66  -186  )
( 95  -318  -58  )
( 146  -329  -103  )
( 249  -329  286  )
( -135  -286  157  )
( 109  -132  -288  )
( 213  -90  -182  )
( 147  -324  -30  )
( 116  106  -203  )
( -123  314  -125  )
( -125  -179  -208  )
( 70  -281  171  )
( -219  -248  334  )
( -320  -312  286  )
( -26  -40  3  )
( -337  -136  -265  )
( -296  -231  -137  )
( -133  137  110  )
( 258  29  -318  )
( 99  346  163  )
( 23  81  226  )
( 79  -237  252  )
( 101  -154  -299  )
( 119  -251  -284  )
( 219  33  -137  )
( -333  -213  56  )
( -9  205  108  )
( -307  -244  -165  )
( 230  138  -253  )
( 143  -18  -28  )
( 196  105  -124  )
( -216  -5  -80  )
( -111  289  -223  )
( -246  -218  339  )
( -159  -162  -332  )
( 81  15  233  )
( -47  147  161  )
( -94  274  122  )
( 8  341  -39  )
( 84  4  23  )
( -2  -134  -212  )
( 46  -71  51  )
( 154  197  238  )
( -221  -339  289  )
( 89  218  343  )
( -254  282  210  )
( 298  94  83  )
( 125  -195  196  )
( 309  -59  318  )
( -105  -337  307  )
( 319  116  -150  )
( -264  112  316  )
( 68  297  293  )
( -56  19  338  )
( -164  -67  -82  )
( 230  34  140  )
( 262  -194  -29  )
( -177  24  164  )
( -174  136  29  )
( 149  160  43  )
( 127  -240  298  )
( -304  141  -249  )
( 72  -123  -185  )
( -124  207  303  )
( 110  249  293  )
( 194  295  -99  )
( -89  321  182  )
( -147  305  -127  )
( 17  214  211  )
( 106  321  261  )
( 217  120  161  )
( -108  123  -254  )
( 74  321  -248  )
( -233  -73  125  )
( 296  157  -264  )
( 228  107  154  )
( 147  22  -321  )
( -212  -268  -128  )
( 1  -243  59  )
( 31  -119  113  )
( -145  -299  56  )
( 320  236  -87  )
( -247  -44  -301  )
( -116  159  -141  )
( -253  -165  0  )
( -190  -92  -199  )
( -30  243  -269  )
( -34  -166  15  )
( -139  -138  -128  )
( 226  -159  -110  )
( 252  168  -142  )
( 141  13  143  )
( 209  -30  -85  )
( 131  49  182  )
( -286  164  -115  )
( -215  -55  246  )
( 12  153  336  )
( -3  -201  298  )
( -329  306  -43  )
( -212  165  290  )
( 152  -100  279  )
( -301  175  198  )
( 108  -154  202  )
( 319  108  -2  )
( -79  -20  -101  )
( -76  -264  196  )
( -58  -326  347  )
( 291  -175  124  )
( -41  310  -233  )
( -322  158  -77  )
( -251  -133  -55  )
( -213  305  -196  )
( 176  106  108  )
( 84  274  -207  )
( 237  -162  -244  )
( 45  -209  289  )
( 263  -335  261  )
( 234  -34  260  )
( 277  -319  -232  )
( 203  282  166  )
( 55  215  -241  )
( 284  -46  -62  )
( -232  -288  92  )
( 85  -63  220  )
( -18  -150  51  )
( 286  204  176  )
( 198  328  20  )
( 167  -223  -292  )
( -164  215  176  )
( 33  319  -108  )
( 46  -160  -343  )
( -8  -132  151  )
( -168  -292  -142  )
( -181  -64  -117  )
( 117  20  111  )
( 33  223  305  )
( -58  345  292  )
( 230  -259  115  )
( -340  -194  -118  )
( 221  28  195  )
( -146  -224  211  )
( -154  160  274  )
( -86  130  -170  )
( -1  206  216  )
( -41  -313  -6  )
( -164  44  -28  )
( 147  -76  245  )
( 271  255  216  )
( 162  37  348  )
( -171  -346  108  )
( 291  53  126  )
( -210  107  109  )
( -144  171  -112  )
( 87  -47  44  )
( -320  338  -148  )
( 257  -349  -103  )
( -154  -237  -166  )
( 310  -253  -274  )
( -185  -195  325  )
( 309  72  -263  )
( -265  108  236  )
( -198  68  303  )
( 207  -325  -26  )
( -244  18  -85  )
( -132  -228  304  )
( -99  -138  297  )
( 103  247  -230  )
( -103  345  104  )
( 65  -103  -27  )
( -95  -130  268  )
( 321  180  -36  )
( 179  49  -289  )
( -343  -268  -71  )
( -181  -127  -133  )
( -267  -149  -253  )
( -2  118  198  )
( -152  69  336  )
( -337  37  115  )
( 334  37  175  )
( 280  265  207  )
( -209  185  130  )
( -227  -193  -19  )
( -26  238  -279  )
( -111  -54  74  )
( 77  -55  56  )
( -162  178  -298  )
( 331  43  35  )
( 145  -70  327  )
( 186  98  -130  )
( 189  -231  -81  )
( -144  321  -329  )
( 10  316  -279  )
( -275  165  -297  )
( 103  256  -127  )
( 156  -168  335  )
( 214  -89  -190  )
( 185  -250  -103  )
( -340  345  300  )
( 73  313  16  )
( -280  -168  -263  )
( 161  -248  -317  )
( -343  -6  -217  )
( -217  160  -314  )
( -275  247  -126  )
( 63  284  240  )
( 298  124  305  )
( 142  309  -184  )
( 305  102  325  )
( 233  -337  -307  )
( -274  160  53  )
( 96  -5  167  )
( -193  -165  -295  )
( 311  186  62  )
( 202  -150  80  )
( -49  -177  -88  )
( -340  125  -278  )
( -297  48  -152  )
( -89  344  -266  )
( 273  -58  207  )
( -182  -38  111  )
( -225  220  -245  )
( 132  -129  -32  )
( -173  112  292  )
( 283  281  168  )
( 242  -105  -200  )
( 162  332  312  )
( 333  320  308  )
( 273  -91  256  )
( -328  160  98  )
( 25  2  -209  )
( -29  323  -228  )
( 134  104  297  )
( -26  320  173  )
( 175  -108  -147  )
( -31  -283  -260  )
( -298  170  266  )
( 216  -55  124  )
( -336  -94  -12  )
( 206  -22  310  )
( 284  -302  199  )
( 145  52  124  )
( -93  -342  -188  )
( -322  282  -316  )
( 335  -163  292  )
( -333  -277  -308  )
( -70  -11  305  )
( -105  250  -163  )
( 32  335  337  )
( -255  211  -23  )
( 281  -26  -160  )
( 302  213  135  )
( -44  147  -240  )
( -246  -17  -234  )
( -52  127  -241  )
( -318  -323  219  )
( 268  159  -88  )
( 148  -264  263  )
( -190  133  81  )
( -43  -349  284  )
( -168  180  78  )
( 196  -300  142  )
( 75  95  -78  )
( -212  0  -198  )
( -226  -223  -244  )
( -311  341  -59  )
( 144  257  306  )
( -103  -33  -14  )
( -216  -290  -319  )
( -104  -83  227  )
( -91  299  266  )
( -228  -222  -255  )
( 223  180  -62  )
( 45  173  197  )
( -70  -90  218  )
( 296  -108  314  )
( 290  -336  -94  )
( 106  338  11  )
( -24  140  15  )
( -314  -101  -43  )
( 33  20  120  )
( 13  -43  -89  )
( 185  -340  183  )
( -136  72  -302  )
( 307  -127  63  )
( 95  339  262  )
( -110  230  132  )
( 268  -90  122  )
( 346  -152  118  )
( 322  39  -98  )
( -205  -248  -191  )
( 345  174  -210  )
( 45  -289  273  )
( 282  107  -287  )
( 77  5  178  )
( 277  160  190  )
( -80  -6  -260  )
( 264  -282  9  )
( -339  119  330  )
( 318  47  -225  )
( 181  108  -322  )
( -159  170  136  )
( -249  313  85  )
( -220  143  -184  )
( -248  29  -235  )
( -27  3  -192  )
( -308  70  -313  )
( 319  -46  31  )
( -61  -187  50  )
( -204  284  341  )
( -78  18  301  )
( -320  -349  -240  )
( 301  -236  -154  )
( 269  215  21  )
( 75  88  -244  )
( 300  184  -256  )
( -211  207  112  )
( 173  -122  132  )
( 227  -196  182  )
( 283  -320  214  )
( -185  268  199  )
( -152  -7  -126  )
( -290  -322  333  )
( 131  -29  -190  )
( 78  -108  74  )
( -223  -288  34  )
( -52  289  239  )
( -163  -52  314  )
( 142  -12  74  )
( -211  157  339  )
( 255  128  -258  )
( 122  66  -62  )
( 338  175  -325  )
( -265  234  -202  )
( 270  -19  176  )
( 204  134  274  )
( -230  -18  -74  )
( -111  -283  216  )
( 256  262  203  )
( -6  -21  121  )
( -312  178  321  )
( -219  -293  -255  )
( -286  121  212  )
( -44  -93  29  )
( 326  263  -169  )
( -21  -290  314  )
( -180  -347  95  )
( -241  23  -218  )
( 138  163  -344  )
( -90  255  -167  )
( 95  38  -82  )
( 286  30  50  )
( 323  188  -26  )
( -236  342  217  )
( 19  -57  147  )
( -47  201  123  )
( -46  53  -313  )
( -318  338  -283  )
( -164  -239  132  )
( 266  254  197  )
( 256  258  215  )
( 214  266  119  )
( -16  -123  99  )
( 267  342  82  )
( 99  302  90  )
( 43  81  -330  )
( -54  6  126  )
( -58  -154  -157  )
( 348  -203  -16  )
( 72  -51  202  )
( -341  245  37  )
( 12  70  -254  )
( -277  -165  139  )
( -112  -10  218  )
( -298  257  280  )
( -65  173  -30  )
( 156  17  -112  )
( -148  -24  -213  )
( -84  155  97  )
( -236  164  -119  )
( -135  218  254  )
( -115  -93  338  )
( 200  -260  -14  )
( -257  -69  -36  )
( 40  -148  221  )
( 135  -74  303  )
( -171  -178  -339  )
( -211  101  34  )
( -314  41  139  )
( 254  -10  -120  )
( 311  36  336  )
( -111  -93  252  )
( 157  233  -254  )
( -329  105  -299  )
( 15  171  91  )
( -348  -23  35  )
( -281  -54  -44  )
( -46  -162  -91  )
( 335  -339  -220  )
( -40  -289  -175  )
( 251  -328  247  )
( 68  -226  64  )
( -214  -240  -347  )
( -21  312  -12  )
( 183  -208  259  )
( 228  -45  -186  )
( -23  57  -85  )
( 323  -204  -245  )
( 233  -141  -64  )
( 111  277  315  )
( 259  -31  -251  )
( -177  102  -284  )
( 3  -65  243  )
( -42  272  -65  )
( 39  228  188  )
( -267  -256  -323  )
( 75  -62  121  )
( 83  -338  -208  )
( -252  27  -37  )
( 78  -312  14  )
( -331  -219  108  )
( -129  -78  250  )
( -24  -9  -334  )
( -310  141  -73  )
( 40  -36  161  )
( 226  274  -271  )
( 289  -33  24  )
( 337  309  103  )
( -249  -265  47  )
( 82  7  -234  )
( -131  -41  -67  )
( 64  324  208  )
( 157  -289  111  )
( 19  266  -16  )
( 318  266  296  )
( -273  -277  121  )
( 160  -168  -298  )
( 5  209  143  )
( -305  -96  -321  )
( 46  344  342  )
( -189  -36  114  )
( 181  -221  36  )
( -299  274  209  )
( 122  83  -5  )
( 94  132  -142  )
( -19  -85  345  )
( 19  345  248  )
( -128  164  317  )
( -93  -60  -289  )
( 321  283  2  )
( 108  -258  -329  )
( 155  323  -329  )
( 28  -220  123  )
( 25  -116  -28  )
( -102  315  -277  )
( -243  67  296  )
( 93  178  224  )
( -275  303  214  )
( -126  -203  -305  )
( -305  79  262  )
( -225  -274  183  )
( -336  208  -64  )
( -113  279  327  )
( -232  -56  21  )
( -282  93  -286  )
( 231  168  -197  )
( 311  -38  40  )
( 4  -298  -147  )
( 163  -195  325  )
( 114  -239  -66  )
( -231  -1  139  )
( -339  -28  288  )
( 317  -120  23  )
( -273  221  -309  )
( -61  -265  -254  )
( 160  -100  51  )
( -3  -268  181  )
( 93  -161  -106  )
( 176  -142  -37  )
( -133  97  -230  )
( 129  -135  -338  )
( -258  -19  226  )
( -331  -35  -269  )
( -53  212  -9  )
( 64  322  -184  )
( 326  140  94  )
( 0  -179  -101  )
( -282  -127  77  )
( -27  260  348  )
( 166  309  -93  )
( -228  335  -324  )
( 338  -66  -8  )
( 105  -303  316  )
( -85  -157  -167  )
( -178  -97  323  )
( -98  -101  37  )
( -11  60  -315  )
( 189  125  109  )
( 294  154  -183  )
( 46  -63  280  )
( -239  -334  -309  )
( 254  82  -333  )
( 48  -3  -196  )
( 120  -261  262  )
( -261  33  163  )
( -263  -66  -109  )
( -241  -58  -318  )
( -297  -193  -256  )
( -183  -129  212  )
( -176  113  121  )
( -278  -65  40  )
( -217  -35  -131  )
( 340  -298  313  )
( 238  -5  -38  )
( 342  -275  230  )
( 138  -167  -194  )
( 227  -35  247  )
( -286  -333  178  )
( -291  152  10  )
( -76  -74  -108  )
( -198  67  82  )
( -185  -43  -57  )
( 22  -189  -1  )
( 5  -310  165  )
( -39  300  261  )
( 145  31  122  )
( -107  -73  40  )
( -122  157  254  )
( -110  15  186  )
( -264  84  -152  )
( -46  -192  241  )
( -301  340  -261  )
( 2  -329  -88  )
( -329  -173  -286  )
( 345  268  -84  )
( 235  173  258  )
( 10  170  91  )
( -14  -300  -303  )
( 155  33  47  )
( 255  72  248  )
( -348  -152  -108  )
( -194  -323  -208  )
( 35  -199  -139  )
( 87  -31  -322  )
( -235  55  287  )
( -108  19  -345  )
( -30  -218  -256  )
( 287  -53  69  )
( -186  -74  170  )
( 332  231  116  )
( -310  -306  -296  )
( 137  86  -242  )
( -200  -110  338  )
( -78  315  -282  )
( 322  230  -43  )
( -213  43  117  )
( -339  -253  -313  )
( -47  293  -149  )
( -103  148  75  )
( 209  -243  -37  )
( -222  -40  -291  )
( 85  -33  -81  )
( -245  61  -303  )
( 175  -184  288  )
( 254  110  3  )
( 198  215  -47  )
( 81  -91  -337  )
( -280  183  -254  )
( -165  14  -47  )
( 164  -138  85  )
( -226  -88  89  )
( -7  -305  -177  )
( 113  -33  -48  )
( 14  261  159  )
( -268  287  -285  )
( -105  -336  141  )
( 148  115  -333  )
( 107  -163  119  )
( 335  143  -21  )
( -342  -313  203  )
( 122  177  10  )
( 155  -186  -281  )
( 176  244  18  )
( -110  88  -40  )
( -261  215  204  )
( -227  -254  -83  )
( -278  275  84  )
( -156  146  218  )
( 343  -226  -147  )
( -341  -223  105  )
( -303  -319  -22  )
( -14  -68  45  )
( 324  160  199  )
( -184  128  223  )
( 315  -273  56  )
( -150  -173  -230  )
( -331  25  138  )
( -39  -264  44  )
( 223  -198  12  )
( 16  203  -263  )
( 149  -188  208  )
( -42  338  24  )
( -114  214  272  )
( 316  182  -277  )
( -102  286  -181  )
( 304  -219  -121  )
( -127  -70  170  )
( 274  -240  168  )
( -188  165  224  )
( 128  208  -53  )
( -113  -203  243  )
( 63  159  137  )
( 341  342  -266  )
( 133  186  73  )
( 46  42  185  )
( 39  140  134  )
( 274  -282  58  )
( -37  290  241  )
( 187  118  -219  )
( -192  -115  161  )
( 23  264  50  )
( 159  -88  -105  )
( 300  -39  277  )
( 19  142  -271  )
( -296  -1  96  )
( 248  -304  -230  )
( -210  43  -221  )
( 293  187  336  )
( 16  -206  250  )
( 69  -12  211  )
( 125  -141  -97  )
( 108  -46  21  )
( -144  214  -321  )
( 66  -334  -258  )
( 31  -310  294  )
( -338  66  319  )
( -37  197  -23  )
( 61  -82  41  )
( 237  38  328  )
( -102  -158  204  )
( -154  -132  -88  )
( 269  -180  -327  )
( 129  320  61  )
( 332  -263  179  )
( -220  66  -347  )
( -287  -125  299  )
( 252  -345  163  )
( -131  95  -155  )
( 194  216  -84  )
( 11  32  -319  )
( 277  292  294  )
( 305  -270  175  )
( -179  -300  -285  )
( -298  305  -217  )
( -243  -329  -238  )
( 297  -92  229  )
( 31  195  -140  )
( 75  -239  -320  )
( -233  32  -88  )
( -274  -139  35  )
( -90  140  40  )
( 299  58  309  )
( 107  -97  -198  )
( -270  -169  295  )
( 214  -317  -301  )
( 122  298  -84  )
( 89  -235  -279  )
( -134  -20  -148  )
( -185  279  -236  )
( 10  -196  198  )
( -331  264  196  )
( -167  166  -84  )
( -225  191  82  )
( 246  -46  -182  )
( 148  -67  226  )
( 325  -33  -283  )
( 147  245  -163  )
( -12  133  40  )
( -0  290  -32  )
( 340  54  -194  )
( -292  -104  195  )
( -137  23  104  )
( 145  10  -13  )
( -195  -56  116  )
( -175  -275  79  )
( -310  -161  -82  )
( 80  -241  -203  )
( -302  -44  -115  )
( 271  172  -134  )
( 81  320  -35  )
( -193  56  6  )
( -103  -111  208  )
( -153  30  169  )
( -312  -346  -13  )
( 316  164  64  )
( -332  -277  -292  )
( 199  -7  280  )
( 219  175  169  )
( 310  -139  -35  )
( -254  5  51  )
( -349  -106  339  )
( 251  180  -28  )
( 32  -292  172  )
( -261  -15  -297  )
( -153  248  313  )
( -22  -204  -219  )
( 86  176  -23  )
( -41  3  -296  )
( -139  -203  -266  )
( 305  -194  25  )
( -130  184  123  )
( 236  -104  -282  )
( 287  -181  223  )
( 129  42  -106  )
( 76  -156  178  )
( -132  93  8  )
( -245  -159  127  )
( -274  -198  2  )
( -11  111  -96  )
( 21  -322  149  )
( 313  -339  110  )
( -204  -310  -335  )
( 111  -295  223  )
( 184  -62  -278  )
( -212  161  48  )
( 219  122  -143  )
( 297  24  198  )
( 92  187  -243  )
( 120  -101  -148  )
( -121  279  -276  )
( -38  -22  34  )
( 66  -237  49  )
( -50  -6  311  )
( 6  -199  205  )
( -226  -249  -286  )
( 145  -134  -219  )
( -253  -39  -284  )
( -275  -343  -10  )
( -203  -99  -87  )
( 2  276  74  )
( -169  301  -98  )
( 13  -45  -75  )
( -176  230  -173  )
( -97  191  345  )
( -284  195  -181  )
( 321  -63  147  )
( -302  -83  93  )
( 4  102  216  )
( -61  111  1  )
( -161  -231  -276  )
( 266  -176  -131  )
( -162  -279  168  )
( -62  -142  124  )
( -327  -153  -14  )
( -339  -28  190  )
( -114  -177  -74  )
( -201  7  -165  )
( -117  -139  -229  )
( 318  -40  109  )
( 187  -115  51  )
( -257  78  320  )
( 69  -264  -313  )
( -201  -33  -146  )
( 324  -75  -296  )
( -106  127  311  )
( -196  -40  81  )
( 11  -114  -262  )
( 201  100  -48  )
( -73  348  -264  )
( 202  -93  348  )
( 257  17  313  )
( 149  309  174  )
( 335  -53  284  )
( -195  296  -186  )
( 21  -270  -32  )
( -103  -266  169  )
( -342  -114  -31  )
( -338  -7  -199  )
( 68  -249  -131  )
( -20  -303  199  )
( 188  39  57  )
( 64  -261  259  )
( -23  202  -147  )
( -124  345  37  )
( 263  -145  -157  )
( -315  -196  257  )
( 252  317  -271  )
( -257  -17  -156  )
( 133  158  -18  )
( 129  316  -181  )
( 203  -105  321  )
( -145  77  -250  )
( -192  -165  117  )
( 36  66  306  )
( -281  -246  61  )
( -60  191  24  )
( 94  -99  -318  )
( -8  -244  -219  )
( 258  336  165  )
( 285  -41  -290  )
( -135  -293  167  )
( -282  144  -78  )
( -312  -252  -286  )
( 234  77  48  )
( -144  267  -320  )
( -57  130  169  )
( 66  238  122  )
( -216  -274  237  )
( -118  -258  -219  )
( -199  157  93  )
( 183  -114  -23  )
( 146  335  161  )
( -171  -327  -243  )
( 329  281  69  )
( 153  -345  85  )
( 220  169  65  )
( -113  -63  -185  )
( 51  332  -242  )
( 172  -57  270  )
( 293  111  -119  )
( 99  -155  85  )
( -256  -200  104  )
( -194  314  -17  )
( 245  -203  -261  )
( -303  142  -22  )
( 279  -142  120  )
( 44  214  -124  )
( 70  234  191  )
( 30  268  -60  )
( 94  -300  71  )
( -56  -88  237  )
( -315  308  4  )
( -261  -154  148  )
( -110  -305  20  )
( 4  170  -106  )
( -204  313  193  )
( -149  -97  -93  )
( -215  -162  95  )
( 38  -190  -230  )
( -309  -31  10  )
( -172  -96  216  )
( -244  252  193  )
( -24  -348  -114  )
( -29  142  205  )
( 32  -282  -276  )
( 165  54  -186  )
( 279  47  348  )
( -297  242  -19  )
( 59  4  -228  )
( 153  264  -217  )
( -329  159  53  )
( -138  -269  -343  )
( 112  216  277  )
( 220  -70  247  )
( 119  345  -112  )
( 92  -270  -152  )
( 44  111  -218  )
( -186  349  -189  )
( 326  -156  213  )
( 252  26  -147  )
( -150  -344  97  )
( -54  -99  -169  )
( 91  -18  -115  )
( -225  25  182  )
( -65  -184  147  )
( 240  -328  -206  )
( -99  -158  292  )
( -59  95  -189  )
( 184  -273  294  )
( -107  -273  247  )
( 35  269  283  )
( 201  190  -46  )
( -336  -13  229  )
( -267  -88  9  )
( 310  144  -63  )
( -273  -12  -213  )
( -14  -274  -88  )
( -142  234  191  )
( -179  226  36  )
( 257  64  94  )
( -209  -97  -296  )
( 44  9  206  )
( -226  260  194  )
( 193  -15  153  )
( -116  289  287  )
( 108  -29  -181  )
( -279  169  15  )
( 206  -6  -44  )
( 304  -52  194  )
( 26  307  128  )
( -294  -290  124  )
( -226  -307  34  )
( 285  187  -67  )
( -127  -291  -110  )
( -340  -104  169  )
( 347  270  -107  )
( -19  105  -233  )
( -264  279  -165  )
( -156  243  -49  )
( -208  -96  -32  )
( 324  198  -95  )
( 14  293  218  )
( -325  256  -316  )
( 193  -198  -344  )
( -222  119  311  )
( -324  -100  87  )
( 258  -317  -185  )
( -113  259  119  )
( -329  239  151  )
( 343  158  -346  )
( -276  125  162  )
( 127  -269  289  )
( 19  81  30  )
( -14  -116  292  )
( -254  237  -263  )
( 274  64  16  )
( -221  180  245  )
( 274  165  345  )
( -92  -48  -105  )
( 221  226  -296  )
( 198  -224  37  )
( -45  194  237  )
( -128  -96  309  )
( -187  -311  -139  )
( -165  -37  215  )
( -121  -322  -99  )
( -343  283  117  )
( 132  142  238  )
( 266  45  -180  )
( -196  334  288  )
( 174  149  261  )
( 137  337  -333  )
( 103  -193  -174  )
( 36  -341  -134  )
( -334  170  198  )
( -175  250  -311  )
( -140  -310  -221  )
( 85  -246  -298  )
( -318  55  -273  )
( -150  -269  -163  )
( 254  124  -96  )
( 285  284  -183  )
( 83  145  -194  )
( 60  -131  -135  )
( -100  297  -308  )
( -77  19  -166  )
( -169  116  -161  )
( -53  -316  -241  )
( -66  -36  -183  )
( -128  -83  -174  )
( -258  -261  -124  )
( 145  -132  -328  )
( 177  -0  -78  )
( 216  175  -251  )
( -290  -131  -297  )
( 232  -138  249  )
( 250  -116  -146  )
( 29  254  105  )
( 143  -34  -228  )
( -317  208  63  )
