( 108  -103  32  )
( 300  94  -220  )
( 268  -265  -100  )
( -256  235  62  )
( -117  -215  -199  )
( 301  -310  -312  )
( -193  197  -23  )
( -321  -168  -61  )
( -257  -319  330  )
( -290  -228  -218  )
( -133  -287  -326  )
( -270  95  -162  )
( -10  -290  36  )
( -128  308  129  )
( -78  -280  -239  )
( -33  -199  -306  )
( 304  188  -100  )
( -338  -63  107  )
( -231  -254  -286  )
( 207  184  -282  )
( 291  136  81  )
( 22  -218  -141  )
( 281  -105  -95  )
( -212  198  -162  )
( 256  -220  257  )
( 333  192  168  )
( -58  -47  -326  )
( -339  -330  57  )
( 271  17  -11  )
( 348  -339  -147  )
( 342  239  60  )
( 55  165  164  )
( 47  332  175  )
( -53  44  72  )
( 76  281  38  )
( -31  10  92  )
( 81  161  259  )
( 169  -94  2  )
( 175  -263  142  )
( 328  -100  -177  )
( -261  -37  119  )
( -133  -240  -345  )
( -251  65  -163  )
( 183  320  129  )
( -143  -175  -147  )
( -299  -100  -176  )
( -268  274  266  )
( -213  -288  -106  )
( -39  -332  -192  )
( 64  165  -149  )
( 161  264  -238  )
( -78  -106  -214  )
( -220  -328  -39  )
( -284  -337  40  )
( 179  306  -343  )
( -26  -11  -290  )
( 53  158  123  )
( -238  -45  318  )
( -72  16  347  )
( -112  -14  26  )
( -348  305  -309  )
( 63  314  -86  )
( -344  159  312  )
( -301  -74  152  )
( 144  18  -180  )
( -80  253  -25  )
( 28  158  -131  )
( 272  -99  0  )
( 158  264  -92  )
( 346  -235  121  )
( 318  -304  -327  )
( -121  -35  -74  )
( -256  201  -25  )
( -327  -33  -92  )
( 286  130  -316  )
( -134  -278  270  )
( -229  163  319  )
( 111  -89  326  )
( -174  330  39  )
( 332  188  13  )
( 162  -287  -269  )
( -242  342  -128  )
( -271  -137  -14  )
( 9  -164  161  )
( -212  262  -180  )
( -315  1  5  )
( -96  46  16  )
( 30  290  287  )
( 192  141  134  )
( 191  278  -111  )
( 283  106  131  )
( 131  212  173  )
( -161  26  -119  )
( -160  122  131  )
( 326  308  242  )
( 318  -253  157  )
( -283  -31  264  )
( -276  -140  -151  )
( 116  333  -121  )
( 194  314  -242  )
( 268  -157  276  )
( -4  218  182  )
( -298  183  341  )
( 236  66  116  )
( 33  165  167  )
( 280  -97  -195  )
( -65  333  235  )
( 283  -10  55  )
( -224  -113  -190  )
( 105  -292  281  )
( -71  -202  17  )
( 160  185  -212  )
( -205  193  -288  )
( 58  328  314  )
( -298  -96  -219  )
( -9  184  206  )
( -274  16  -343  )
( 195  -252  -125  )
( 186  320  -206  )
( -112  244  -232  )
( 283  -100  332  )
( 111  172  0  )
( 323  151  -256  )
( -78  -315  -56  )
( 28  -112  208  )
( -269  127  -273  )
( -29  217  -321  )
( -31  136  -184  )
( 273  -69  158  )
( 143  77  214  )
( 329  212  48  )
( -265  181  -36  )
( -242  145  -77  )
( -241  49  188  )
( -181  -246  244  )
( -165  -45  236  )
( -328  260  -278  )
( -143  73  -218  )
( -286  45  -135  )
( 321  -207  -285  )
( 312  -317  347  )
( 61  -264  -24  )
( 16  -148  179  )
( -25  -1  -286  )
( 92  14  177  )
( 168  -332  -51  )
( -310  -344  156  )
( 153  -202  -55  )
( 302  36  274  )
( -186  -209  -63  )
( 192  53  167  )
( -327  -82  -53  )
( 123  -309  104  )
( -222  188  -143  )
( -69  -344  -23  )
( -102  -303  -207  )
( -115  -257  166  )
( 161  -241  -122  )
( 83  -239  343  )
( 281  -343  263  )
( 330  -203  62  )
( 264  152  348  )
( -101  246  -164  )
( -77  -336  -306  )
( -38  -11  49  )
( 102  -145  -146  )
( -233  -219  -151  )
( 324  62  14  )
( 80  -76  -219  )
( -176  -54  270  )
( 13  106  -124  )
( 193  301  -317  )
( 144  -204  -202  )
( 225  -147  332  )
( 128  66  179  )
( 190  -136  -310  )
( -6  -168  125  )
( 31  -153  -226  )
( 265  102  -43  )
( 5  -326  -324  )
( -235  -43  194  )
( 62  58  -142  )
( -257  26  131  )
( -271  -67  282  )
( 230  -324  -204  )
( 348  30  209  )
( 51  132  103  )
( 127  157  -77  )
( -189  -81  266  )
( 250  -216  -207  )
( -248  -161  -9  )
( 34  125  -83  )
( 200  331  -233  )
( 315  -305  81  )
( 223  -165  305  )
( -10  348  345  )
( -202  -145  -280  )
( -119  124  -315  )
( 188  -153  35  )
( -303  319  -323  )
( 60  12  206  )
( 204  135  68  )
( 184  153  -232  )
( -347  178  318  )
( -125  -234  4  )
( 246  -174  46  )
( -30  -35  -83  )
( -218  -153  -301  )
( 190  77  206  )
( 214  208  -348  )
( 116  -251  -258  )
( -129  -282  244  )
( -12  42  21  )
( -139  330  31  )
( -22  -186  212  )
( -325  259  27  )
( -212  -199  -102  )
( -295  184  -243  )
( 91  -201  -233  )
( 17  -115  -289  )
( 204  -166  183  )
( 119  -258  71  )
( -35  155  -106  )
( -302  120  59  )
( -106  334  -141  )
( -51  197  -316  )
( 204  -11  339  )
( -334  264  -55  )
( 268  186  -61  )
( 156  -335  97  )
( -17  -246  -206  )
( 293  -37  205  )
( -346  -118  228  )
( 114  255  -189  )
( -328  -30  -320  )
( -106  309  186  )
( 294  247  -269  )
( -308  -111  -214  )
( -230  -311  -102  )
( -34  232  -134  )
( 296  -208  -95  )
( 224  -194  186  )
( -10  -322  239  )
( 333  142  -338  )
( -3  134  -297  )
( 96  70  169  )
( -214  -218  -5  )
( 111  -220  -121  )
( 213  277  -43  )
( 43  294  -204  )
( -105  291  -167  )
( -33  -232  -23  )
( 228  135  161  )
( 106  79  61  )
( 254  -94  -106  )
( -228  119  295  )
( -93  343  -126  )
( 70  115  -322  )
( -113  331  292  )
( -124  -193  306  )
( 59  -158  -164  )
( 305  -291  -334  )
( 0  83  159  )
( 175  -70  -290  )
( -103  232  333  )
( -312  277  231  )
( -109  292  -65  )
( 258  -169  -240  )
( 12  -54  283  )
( -115  -191  218  )
( -167  -48  194  )
( -130  -229  -92  )
( 49  131  -197  )
( -342  -161  -190  )
( 146  -149  -214  )
( 166  257  294  )
( -187  121  -327  )
( -293  42  287  )
( -183  24  -237  )
( 318  -282  -45  )
( -320  -136  72  )
( -185  1  213  )
( -292  -59  116  )
( 57  340  280  )
( 134  234  232  )
( 73  309  -27  )
( -310  229  -80  )
( -112  -103  -257  )
( 212  -6  -317  )
( 140  25  102  )
( -112  -161  61  )
( 140  -223  92  )
( -135  -193  -168  )
( -176  83  -302  )
( -27  242  -165  )
( -266  -124  202  )
( -297  33  144  )
( -213  -177  270  )
( 200  217  -274  )
( 115  2  229  )
( -317  -253  -139  )
( -286  -132  127  )
( -95  234  -290  )
( 26  198  233  )
( -197  146  97  )
( 26  6  -64  )
( 195  -21  112  )
( 134  -159  230  )
( 230  -94  -289  )
( -106  -244  253  )
( 221  321  140  )
( 179  181  -131  )
( 81  -310  221  )
( -285  321  -147  )
( 184  277  200  )
( -158  -25  -22  )
( 81  134  -72  )
( 145  25  -306  )
( 67  -86  -344  )
( 65  110  -60  )
( -347  -231  321  )
( -283  93  -261  )
( -126  -260  228  )
( 161  -150  -280  )
( -56  57  -221  )
( -5  -131  -29  )
( -105  178  215  )
( -323  -99  -294  )
( -266  186  -240  )
( -231  -80  -319  )
( 313  284  345  )
( -29  72  -88  )
( -2  -70  -36  )
( -264  202  246  )
( -64  205  272  )
( 48  115  -195  )
( 249  -21  55  )
( -222  -314  -259  )
( 133  -168  347  )
( -177  -98  33  )
( 342  126  -17  )
( -330  -57  47  )
( 130  -26  158  )
( -201  192  305  )
( -317  24  225  )
( 265  -330  -250  )
( -277  316  -20  )
( -337  -56  42  )
( -232  -253  -167  )
( 165  -148  -192  )
( 68  308  267  )
( 100  198  30  )
( -13  295  -73  )
( -9  201  -95  )
( -225  172  -326  )
( 26  241  -115  )
( -201  -145  253  )
( 263  -64  -234  )
( -2  59  -41  )
( -32  327  210  )
( -78  -326  -18  )
( -330  182  -8  )
( -2  59  -85  )
( -102  -77  180  )
( 95  6  49  )
( 284  -260  330  )
( -101  199  269  )
( -59  69  -158  )
( 340  -219  9  )
( 326  -34  277  )
( -106  294  48  )
( 210  -159  -9  )
( 281  327  349  )
( 206  -10  311  )
( -157  16  51  )
( -223  212  -324  )
( -224  150  235  )
( 77  -59  244  )
( -193  252  302  )
( 77  -304  293  )
( -66  115  31  )
( 102  59  -148  )
( 37  329  87  )
( -79  -185  -44  )
( 152  -291  -301  )
( 184  248  -181  )
( -244  307  176  )
( -126  306  280  )
( -209  -24  -152  )
( -4  -145  297  )
( 289  54  129  )
( -237  118  181  )
( -280  -216  286  )
( -138  -312  330  )
( 282  66  -77  )
( 260  -98  -129  )
( -39  108  -281  )
( 336  249  190  )
( 278  288  -48  )
( -96  182  -297  )
( 323  123  -14  )
( 181  40  -86  )
( 6  284  317  )
( 131  -269  119  )
( 142  -328  261  )
( 252  109  -75  )
( -164  -184  -316  )
( 135  29  -248  )
( 110  244  -123  )
( 64  303  94  )
( -62  326  98  )
( 26  -172  -340  )
( -221  231  -67  )
( -335  -207  197  )
( -81  -94  208  )
( 161  -222  135  )
( 120  -95  8  )
( -189  -344  70  )
( 115  272  -281  )
( 314  333  -332  )
( -247  205  263  )
( -217  175  224  )
( 323  63  -212  )
( 131  101  -270  )
( -259  -322  -189  )
( -326  13  -271  )
( -103  -84  259  )
( -223  -149  172  )
( 50  -310  -215  )
( -280  297  -325  )
( 42  81  202  )
( 151  262  -75  )
( -122  292  -26  )
( 88  -337  -317  )
( -213  -155  107  )
( -260  10  -64  )
( 180  -213  35  )
( -68  -273  88  )
( 54  148  -178  )
( 200  103  28  )
( 10  -270  -25  )
( 172  245  -242  )
( -57  -138  258  )
( 58  -245  -171  )
( -132  262  15  )
( -245  124  109  )
( -266  73  142  )
( 227  -84  77  )
( -185  -196  -293  )
( 110  273  42  )
( 236  -198  -255  )
( -344  311  328  )
( -8  -343  102  )
( -319  66  -170  )
( 203  -284  -310  )
( -263  -145  57  )
( -101  -209  -337  )
( -211  155  154  )
( 224  -109  293  )
( -262  146  130  )
( 235  -301  90  )
( -32  153  252  )
( -125  -181  314  )
( -267  -300  -50  )
( -45  34  -130  )
( -65  80  -98  )
( 86  -38  -41  )
( -217  330  -52  )
( 53  104  -179  )
( -41  275  -25  )
( -6  -335  -342  )
( 47  236  -349  )
( -266  116  -154  )
( -335  20  81  )
( -202  -163  43  )
( 273  -136  266  )
( 238  -89  -144  )
( -328  257  48  )
( -169  340  336  )
( -213  276  61  )
( 250  -137  -155  )
( 21  -229  -67  )
( -44  244  -274  )
( -182  -328  -100  )
( 237  137  -202  )
( 295  263  -204  )
( 140  -156  -331  )
( -164  -115  336  )
( 98  247  -49  )
( -205  318  193  )
( 238  78  -92  )
( 318  -23  -187  )
( -123  154  248  )
( -142  114  -5  )
( -313  -186  -121  )
( 24  315  -105  )
( 270  -95  -300  )
( 252  179  100  )
( 151  -279  37  )
( 349  -274  297  )
( -48  -283  -182  )
( 183  -174  244  )
( -0  -186  272  )
( -27  -250  -56  )
( -9  -78  281  )
( -183  -163  240  )
( -3  343  -177  )
( -347  -29  -226  )
( 211  94  347  )
( 28  76  -118  )
( 342  293  -314  )
( 29  159  -225  )
( 121  -192  229  )
( 326  -342  -79  )
( -35  -64  11  )
( 26  232  -129  )
( -115  181  -295  )
( -220  -286  40  )
( -262  -309  -203  )
( -260  -150  -192  )
( -315  -345  -133  )
( 163  160  -90  )
( -108  -289  292  )
( 324  19  277  )
( 226  41  -33  )
( -148  -275  289  )
( -33  249  -340  )
( -264  -48  55  )
( -63  -66  77  )
( -288  204  -284  )
( 343  1  290  )
( 92  -16  -157  )
( -2  118  -334  )
( 162  75  -42  )
( -73  -192  148  )
( -63  -252  -121  )
( 279  -261  162  )
( 241  69  -85  )
( -206  349  116  )
( 270  -282  -164  )
( 317  102  139  )
( 224  -335  -144  )
( 137  193  -113  )
( 178  204  -42  )
( 321  231  -128  )
( -230  -221  9  )
( 326  -35  -184  )
( 222  -249  58  )
( 57  -153  304  )
( 109  150  327  )
( 167  -8  108  )
( 295  -58  133  )
( -347  -218  -180  )
( 242  -183  260  )
( 25  -71  -99  )
( 236  299  -36  )
( -301  122  74  )
( -318  282  147  )
( 218  23  -199  )
( 343  168  -314  )
( -186  320  -31  )
( 242  9  198  )
( -49  66  -86  )
( -240  106  -277  )
( 144  148  75  )
( -215  -228  -272  )
( 173  -338  45  )
( 145  -334  -70  )
( 339  283  -72  )
( -164  65  219  )
( 57  -34  -54  )
( -275  123  -5  )
( -115  109  -32  )
( -128  164  -212  )
( 334  242  -21  )
( -138  127  -222  )
( -252  261  319  )
( 234  -61  -182  )
( -246  -198  -88  )
( 109  135  -73  )
( 49  245  227  )
( 239  -260  -28  )
( -344  -126  -64  )
( -106  -244  -22  )
( -315  141  -201  )
( -270  -313  301  )
( 303  -194  -260  )
( -230  -49  254  )
( 144  90  -220  )
( 214  -265  -7  )
( 291  -286  82  )
( -97  -196  -286  )
( -279  206  -165  )
( -282  309  -242  )
( 70  -322  202  )
( 41  -47  -72  )
( 305  84  215  )
( 219  204  -15  )
( 184  342  -346  )
( -274  -172  97  )
( 191  -70  -91  )
( -333  154  290  )
( 245  -10  147  )
( 296  186  68  )
( -139  -281  119  )
( -127  -211  -231  )
( -175  206  45  )
( 18  -158  345  )
( -244  154  123  )
( 74  -207  255  )
( 310  122  -253  )
( -199  -82  -50  )
( -125  -187  -255  )
( -249  293  -45  )
( 214  -25  -61  )
( 67  105  -53  )
( 208  63  126  )
( -210  -183  330  )
( -115  -48  243  )
( 324  -149  153  )
( -319  136  -328  )
( -138  190  222  )
( -93  292  -164  )
( 188  57  295  )
( -168  33  279  )
( -305  57  102  )
( 267  -136  -114  )
( -170  -314  -48  )
( 312  141  -99  )
( 59  -125  -15  )
( 101  -37  -293  )
( -349  -156  -33  )
( -91  309  102  )
( 117  -272  -255  )
( 70  204  -162  )
( 154  -340  238  )
( -334  -219  63  )
( 293  -324  107  )
( -254  83  170  )
( -100  -317  57  )
( 119  -331  62  )
( 258  -218  72  )
( -9  -270  227  )
( 89  -259  -108  )
( 261  153  -64  )
( 248  86  -72  )
( -324  -223  -142  )
( 164  279  -57  )
( 110  -313  245  )
( -64  151  -46  )
( 24  -183  4  )
( -338  266  268  )
( -274  -216  -146  )
( 261  -186  90  )
( -135  206  124  )
( 134  -116  -160  )
( -164  207  328  )
( -136  -271  -299  )
( -118  189  -78  )
( -290  -156  146  )
( -182  38  -179  )
( -35  -223  -133  )
( -271  -303  268  )
( 305  115  -238  )
( 86  -74  296  )
( -5  -31  -91  )
( 70  -159  -285  )
( 192  196  -237  )
( -237  40  -4  )
( -30  253  -224  )
( -263  148  188  )
( -34  -196  229  )
( -278  -15  125  )
( 217  32  -167  )
( 202  52  -225  )
( -90  -26  -91  )
( -34  149  -28  )
( -150  300  -195  )
( -342  263  -42  )
( -28  164  -104  )
( 242  -289  159  )
( 25  -71  288  )
( -132  258  -192  )
( 344  -195  -106  )
( 110  72  -253  )
( 57  326  125  )
( 344  -320  -34  )
( 138  258  -288  )
( 243  -77  236  )
( -81  84  217  )
( -279  110  -265  )
( -276  19  -188  )
( 209  -227  -231  )
( -78  325  -192  )
( -249  15  -147  )
( 23  -185  154  )
( 13  -167  -38  )
( -100  -271  -126  )
( 128  336  207  )
( 130  46  -242  )
( 225  188  165  )
( -65  -295  -292  )
( 107  -249  262  )
( -279  128  46  )
( 251  -155  -239  )
( -154  62  -89  )
( -235  307  70  )
( 44  -305  -300  )
( 59  203  -26  )
( -104  126  237  )
( 328  -97  -216  )
( 224  134  344  )
( 84  148  -70  )
( 12  -50  102  )
( -277  -198  -231  )
( -279  247  212  )
( -269  95  -156  )
( -286  158  163  )
( 220  150  224  )
( -153  -36  2  )
( -216  48  -300  )
( -131  167  -125  )
( 182  206  127  )
( -113  204  -81  )
( -224  268  334  )
( -211  -345  -56  )
( -25  -107  106  )
( -285  150  251  )
( 81  214  -191  )
( 217  92  290  )
( -170  122  -24  )
( 168  -308  -58  )
( 108  166  -336  )
( 38  -216  -138  )
( 349  -312  109  )
( -184  -143  -77  )
( -99  -266  98  )
( -78  -228  -136  )
( 203  28  129  )
( 198  -294  35  )
( 184  -99  -243  )
( 274  275  -132  )
( -24  299  223  )
( -46  34  298  )
( -103  234  -221  )
( 318  86  315  )
( 205  153  113  )
( -135  -117  -86  )
( -178  1  174  )
( -33  -154  91  )
( 297  85  -26  )
( -42  201  -151  )
( -73  75  -200  )
( 325  -68  -259  )
( 337  315  -284  )
( 259  -61  26  )
( -90  -105  113  )
( 203  93  -244  )
( -43  32  57  )
( 294  -316  55  )
( 289  323  117  )
( 0  331  129  )
( 279  83  -182  )
( -206  106  122  )
( -301  40  342  )
( -143  36  336  )
( -4  309  214  )
( -18  -191  -124  )
( -82  200  174  )
( 30  299  -206  )
( 48  -82  105  )
( 164  279  50  )
( -55  5  181  )
( 207  -262  -149  )
( 348  -124  -270  )
( 291  -136  -61  )
( 250  278  93  )
( 199  120  -328  )
( -281  -130  134  )
( -76  166  303  )
( -5  348  70  )
( -341  -83  -108  )
( -158  -92  -289  )
( 66  328  282  )
( -24  -159  -347  )
( 313  -60  -85  )
( 210  -346  154  )
( -144  308  152  )
( 84  -82  167  )
( -231  -240  -116  )
( 280  -61  -171  )
( 35  160  173  )
( -104  -291  39  )
( 309  173  -253  )
( -175  -278  -167  )
( 85  192  -49  )
( 338  286  72  )
( -181  -82  -186  )
( 341  169  -329  )
( -89  -1  168  )
( -134  -231  334  )
( 302  37  -34  )
( 213  181  167  )
( 283  -141  302  )
( 25  -76  -142  )
( -149  -70  311  )
( -84  65  -173  )
( 307  110  164  )
( 219  8  81  )
( 180  -40  6  )
( -200  -92  279  )
( -58  84  -138  )
( -270  87  -162  )
( 243  69  6  )
( -71  235  -18  )
( 264  62  281  )
( -243  206  302  )
( 248  -294  131  )
( -324  -30  193  )
( -69  40  247  )
( -273  81  -138  )
( -6  91  76  )
( -49  159  150  )
( 292  253  -152  )
( 320  -176  13  )
( -149  -69  63  )
( -34  -63  104  )
( 255  145  -190  )
( -202  -160  39  )
( 81  186  142  )
( 4  200  -259  )
( -97  -281  92  )
( -153  228  -189  )
( -271  143  217  )
( 343  122  344  )
( 78  316  109  )
( 255  157  -75  )
( 40  304  -140  )
( 60  49  -256  )
( 158  297  147  )
( 37  283  -296  )
( -204  -283  217  )
( 142  172  22  )
( -30  -83  79  )
( -224  160  -170  )
( -21  307  27  )
( -227  -48  206  )
( 71  -260  -125  )
( -180  256  -59  )
( 65  293  105  )
( 159  272  -90  )
( -192  325  -88  )
( 318  -310  102  )
( -264  -288  296  )
( -168  -238  319  )
( 99  -88  -295  )
( -80  -8  -226  )
( 49  179  -308  )
( 209  -247  100  )
( -49  -173  157  )
( -327  -188  -164  )
( -229  112  -49  )
( 52  191  -242  )
( 120  176  -332  )
( 346  209  -309  )
( 221  142  186  )
( 34  133  -163  )
( -207  -70  -298  )
( -321  -175  -112  )
( -230  -225  181  )
( 339  241  218  )
( 42  -165  -170  )
( 44  302  88  )
( -282  -305  200  )
( 41  -132  293  )
( 197  -82  -19  )
( -344  289  141  )
( 166  -13  289  )
( -158  120  -182  )
( 251  15  -297  )
( 306  -165  -346  )
( -179  -138  98  )
( -86  -268  -89  )
( -65  99  102  )
( 9  -97  93  )
( -107  -32  -289  )
( -281  -245  -328  )
( 195  -139  295  )
( -15  -66  -202  )
( 90  128  -160  )
( 275  -261  -138  )
( 140  -318  -319  )
( 83  337  -61  )
( -283  231  305  )
( -196  223  124  )
( 53  -120  -11  )
( -232  155  172  )
( -295  -261  71  )
( -161  -77  264  )
( 86  -17  -233  )
( -242  295  267  )
( -154  -103  -46  )
( 185  97  101  )
( 240  326  176  )
( -308  176  -301  )
( -134  -218  267  )
( -262  2  146  )
( -169  -20  340  )
( 340  16  26  )
( 150  -252  -267  )
( -194  130  -86  )
( 179  90  -282  )
( -310  -272  100  )
( 55  -121  -174  )
( 230  337  -178  )
( 257  166  -190  )
( 328  -16  246  )
( -165  120  -93  )
( -149  67  153  )
( -173  104  -179  )
( -191  120  114  )
( -101  -185  -340  )
( -316  184  -252  )
( -143  -314  201  )
( -309  -208  -106  )
( -297  -157  -36  )
( 217  64  307  )
( -258  -180  -33  )
( 291  -192  -41  )
( -258  -163  259  )
( -263  191  234  )
( -153  98  -106  )
( 120  26  141  )
( -89  -11  -171  )
( -185  340  235  )
( 119  138  50  )
( -8  268  -227  )
( -57  -33  145  )
( 64  272  -196  )
( -225  -281  -296  )
( 77  126  -208  )
( 99  -75  -320  )
( 270  178  -214  )
( 53  -147  -197  )
( -67  134  292  )
( -86  -40  171  )
( -169  -72  -226  )
( 222  -148  223  )
( 30  -24  -134  )
( 42  -194  159  )
( -43  -171  6  )
( 113  -213  239  )
( 127  306  -75  )
( -191  47  9  )
( -304  122  -87  )
( 178  140  -72  )
( -250  -57  -167  )
( 186  -70  22  )
( -165  -94  347  )
( -299  2  -68  )
( 84  -304  -237  )
( -153  -349  -112  )
( 172  -166  88  )
( 1  39  -135  )
( -68  18  122  )
( 159  98  205  )
( -101  79  -140  )
( -46  -153  -242  )
( 141  -337  51  )
( 57  49  101  )
( 203  -2  -293  )
( -132  21  -81  )
( 65  -88  -273  )
( -57  86  73  )
( 21  -29  288  )
( 65  -11  331  )
( 121  -228  -25  )
( -21  331  327  )
( -148  -75  -69  )
( -195  262  -257  )
( -27  -101  277  )
( -88  -64  -215  )
( -288  -204  0  )
( -166  204  -163  )
( -209  -304  -121  )
( 343  183  41  )
( -139  -202  -345  )
( -187  244  332  )
( 290  -264  325  )
( 202  291  -294  )
( -172  -159  -313  )
( 302  -150  42  )
( 294  194  -216  )
( 101  41  42  )
( -346  126  -276  )
( 277  -64  -189  )
( -336  -104  122  )
( -294  -120  -173  )
( 142  271  213  )
( 175  -252  149  )
( -280  346  -277  )
( 174  215  47  )
( 142  256  -277  )
( 32  -95  36  )
( 6  -239  76  )
( -302  -266  2  )
( 329  32  -338  )
( -317  345  58  )
( 192  -52  -168  )
( 210  38  305  )
( 37  -316  40  )
( -176  -303  -9  )
( -231  109  -270  )
( -348  300  -126  )
( -61  273  246  )
( 204  -190  97  )
( -298  51  -330  )
( 268  -237  301  )
( -165  268  327  )
( 37  264  -234  )
( -35  -260  98  )
( 337  -265  271  )
( 290  -49  -150  )
( 271  -334  -343  )
( -249  -325  119  )
( -13  43  133  )
( -73  163  -153  )
( 125  63  274  )
( -208  242  -256  )
( 292  -138  206  )
( 263  179  63  )
( -212  -178  -38  )
( 99  -345  332  )
( -163  -237  -168  )
( 246  -286  -78  )
( 87  -260  46  )
( 49  322  83  )
( 121  -336  163  )
( -27  19  -337  )
( 142  -155  -315  )
( 21  291  46  )
( -164  -179  328  )
( -162  -308  -153  )
( -23  216  -187  )
( -239  254  -235  )
( 272  239  -321  )
( -299  -323  -148  )
( -306  307  -259  )
( 85  155  292  )
( 184  -68  203  )
( -102  -168  15  )
( 267  331  -289  )
( -333  -105  166  )
( 172  -278  -231  )
( -113  -112  -107  )
( -325  -63  -222  )
( -329  -347  -292  )
( 9  167  2  )
( -55  86  -95  )
( 91  268  -276  )
( -65  -143  -139  )
( -305  166  201  )
( 320  58  -108  )
( 153  -132  -181  )
( -294  -312  -30  )
( 232  -58  60  )
( -209  278  31  )
( 146  -236  -109  )
( -96  46  141  )
( -24  150  -203  )
( -70  165  188  )
( -106  91  298  )
( 337  -74  -320  )
( 60  -132  62  )
( -130  41  96  )
( -148  133  63  )
( -212  -6  144  )
( -312  -183  68  )
( 84  42  94  )
( 239  -188  0  )
( 208  119  -342  )
( -175  200  -207  )
( 213  331  7  )
( 167  33  305  )
( 114  -169  212  )
( -340  -84  -332  )
( 266  -19  238  )
( 298  92  -217  )
( 145  89  52  )
( -251  210  40  )
( -39  121  -135  )
( -346  198  -154  )
( -257  -202  308  )
( -0  265  -95  )
( 151  149  56  )
( 256  -149  -47  )
( 308  29  -318  )
( 199  347  -282  )
( -29  -34  -117  )
( -215  104  71  )
( -29  218  193  )
( 174  292  -145  )
( 40  -244  170  )
( 195  -283  200  )
( 319  -91  -19  )
( 78  -320  7  )
( -250  -303  186  )
( -345  -25  -98  )
( -9  38  28  )
( 50  -285  290  )
( 4  23  -91  )
( 169  283  104  )
( 4  -75  314  )
( -117  116  -187  )
( 164  137  217  )
( 6  144  -72  )
( -75  204  87  )
( 56  24  329  )
( 141  328  -32  )
( -37  23  113  )
( -288  -124  103  )
( 304  331  229  )
( -293  224  269  )
( 114  -343  -57  )
( -61  57  31  )
( -246  247  -41  )
( -334  228  -200  )
( 224  278  294  )
( -238  -156  78  )
( -21  -214  -240  )
( -216  178  289  )
( -151  -85  -108  )
( -155  -110  -118  )
( 325  194  70  )
( -142  123  -298  )
( 281  -255  77  )
( 293  -10  -60  )
( 43  -15  74  )
( 135  324  128  )
( -46  -274  -273  )
( -66  -347  58  )
( 247  296  -32  )
( 164  -303  13  )
( -68  223  -32  )
( -287  -154  -208  )
( 115  -51  317  )
( 202  -319  35  )
( -321  214  229  )
( 154  -326  170  )
( 40  -123  -275  )
( 69  -187  37  )
( 73  118  273  )
( 76  195  -173  )
( -81  281  -85  )
( 142  -65  25  )
( -127  142  -231  )
( 63  289  282  )
( -200  284  -126  )
( -221  -312  233  )
( -209  -40  -226  )
( 257  -348  -14  )
( -25  107  -313  )
( 231  278  68  )
( -216  122  -329  )
( -127  -252  225  )
( 65  157  -244  )
( 324  276  167  )
( 269  -219  -165  )
( 235  -233  -103  )
( -256  -340  282  )
( 231  -243  -188  )
( 325  321  35  )
( -203  308  -1  )
( 121  103  -321  )
( -129  -291  -167  )
( -92  160  -58  )
( 108  76  -71  )
( 323  100  -119  )
( 117  168  221  )
( -2  -138  -126  )
( -330  341  -22  )
( -284  27  -70  )
( -263  91  -270  )
( -165  -20  -319  )
( -31  -254  -145  )
( -269  234  -163  )
( 52  -198  -10  )
( 67  173  -311  )
( 197  -144  40  )
( 134  -85  -139  )
( 220  -54  -75  )
( 99  33  10  )
( -184  48  -329  )
( -77  295  -67  )
( -36  -254  -343  )
( 235  296  -36  )
( 63  228  -216  )
( -205  132  107  )
( -59  -276  -230  )
( -239  233  28  )
( 230  254  -278  )
( 236  225  -163  )
( -155  -145  -123  )
( -310  -306  340  )
( -41  101  62  )
( 102  166  -141  )
( -188  43  42  )
( -26  29  13  )
( 329  -152  -345  )
( -61  -286  -148  )
( -169  243  -223  )
( -312  -286  -72  )
( 183  -340  203  )
( -70  -175  -14  )
( -222  -171  -92  )
( 274  58  67  )
( 143  89  -259  )
( -98  -41  -96  )
( 119  13  -339  )
( -40  318  314  )
( -220  -68  49  )
( 189  25  -241  )
( -43  259  271  )
( 308  -265  292  )
( 291  -303  134  )
( -342  218  329  )
( 84  144  10  )
( -24  289  -321  )
( 227  198  35  )
( 94  -60  215  )
( -227  -349  316  )
( 76  170  32  )
( -100  168  233  )
( 158  125  25  )
( 109  -165  29  )
( -211  -53  57  )
( -225  282  260  )
( -232  327  -86  )
( 174  -51  -267  )
( 309  117  23  )
( 17  -275  -267  )
( 296  -142  -338  )
( -279  2  140  )
( -165  -33  -123  )
( -206  -108  -331  )
( 41  -172  -143  )
( 221  80  117  )
( 150  -290  337  )
( -310  -219  -155  )
( -104  -333  -52  )
( -342  -28  -151  )
( 18  -131  -238  )
( -198  -138  -97  )
( 71  302  -100  )
( -38  206  -54  )
( 303  185  85  )
( 80  316  335  )
( 309  -89  -164  )
( -308  327  320  )
( -200  143  277  )
( -243  -127  -190  )
( 3  195  325  )
( 197  72  -2  )
( -171  -27  -248  )
( 189  295  -214  )
( -305  98  -88  )
( 256  96  176  )
( 254  260  203  )
( 236  -333  184  )
( 214  -334  304  )
( -25  -294  -96  )
( -19  320  -333  )
( -63  303  245  )
( 42  130  204  )
( 112  -160  -210  )
( -43  -27  -258  )
( 245  77  0  )
( 41  -146  151  )
( 207  309  233  )
( 192  281  -305  )
( -69  66  -190  )
( 184  125  -346  )
( -283  -295  -39  )
( -76  227  342  )
( -133  -311  119  )
( 4  212  -119  )
( 333  160  -267  )
( 74  -191  -10  )
( -176  180  157  )
( -260  99  20  )
( 305  -149  203  )
( -331  50  307  )
( -182  -106  167  )
( -182  41  -252  )
( 169  172  175  )
( 203  -200  290  )
( -9  -210  -22  )
( 43  246  -282  )
( 286  38  -51  )
( -241  -104  -84  )
( 308  -60  91  )
( 258  158  -256  )
( -324  -174  218  )
( -62  -280  328  )
( 347  -48  226  )
( 23  -74  152  )
( -172  -164  111  )
( 141  199  -270  )
( -180  93  194  )
( 336  180  -42  )
( 345  313  152  )
( -193  145  177  )
( -0  -262  261  )
( -27  69  278  )
( -256  -102  -57  )
( -246  -257  263  )
( -257  -293  149  )
( 123  -245  39  )
( 134  154  -155  )
( 322  56  -215  )
( -26  56  74  )
( -327  -116  -80  )
( -331  -122  -215  )
( 107  -171  -334  )
( -201  321  -282  )
( -176  32  149  )
( 183  -273  -87  )
( -290  -148  98  )
( 58  -25  295  )
( 214  302  171  )
( 46  18  16  )
( 293  -85  125  )
( -316  -134  288  )
( 98  -345  52  )
( 303  131  -94  )
( -209  38  -123  )
( -255  252  88  )
( -64  241  -27  )
( -290  22  -348  )
( 110  49  -209  )
( 130  -273  -272  )
( -154  322  347  )
( 66  50  -119  )
( 219  77  172  )
( 184  -346  -14  )
( -135  -256  66  )
( 68  16  -78  )
( -159  174  86  )
( -309  -184  236  )
( 324  -256  271  )
( -45  -146  -321  )
( 80  182  -332  )
( -311  -192  -196  )
( -241  -289  1  )
( -237  -113  -299  )
( -31  186  36  )
( 224  -53  -16  )
( 265  222  -112  )
( 25  299  -301  )
( 156  191  341  )
( 318  323  -132  )
( -329  54  -162  )
( 312  -254  104  )
( 137  -163  296  )
( -311  204  -76  )
( 67  -15  270  )
( -24  124  -280  )
( -220  -313  -331  )
( 212  -215  68  )
( 51  -248  -118  )
( -302  317  -307  )
( -1  14  -129  )
( 18  -106  164  )
( -30  286  -78  )
( 26  12  -289  )
( -2  -129  333  )
( 322  -146  203  )
( -170  -100  -51  )
( -136  35  199  )
( 27  212  347  )
( -276  -71  -34  )
( 4  201  37  )
( 43  269  -166  )
( 206  255  162  )
( 56  259  -127  )
( -309  17  342  )
( -204  -297  -168  )
( 268  126  111  )
( 62  -104  13  )
( -193  147  -347  )
( -172  240  -68  )
( 235  273  168  )
( -103  183  83  )
( 319  317  137  )
( 81  -208  -99  )
( -49  172  151  )
( -43  -237  248  )
( 9  261  45  )
( 308  -247  181  )
( -30  -309  196  )
( -48  344  -49  )
( 53  -42  -332  )
( 12  -69  -190  )
( 258  295  316  )
( 190  232  -200  )
( 323  271  -106  )
( 181  248  -232  )
( -256  -98  323  )
( 154  -93  95  )
( -73  -304  66  )
( 167  -271  -278  )
( 152  215  67  )
( -216  -304  -137  )
( -98  -236  248  )
( 50  193  -253  )
( 285  87  196  )
( -276  29  -62  )
( 323  -325  262  )
( 128  245  265  )
( 25  -40  67  )
( 167  85  -277  )
( -292  169  -334  )
( -169  -95  151  )
( -121  171  204  )
( 98  -348  185  )
( -208  275  272  )
( -16  85  205  )
( 162  -12  -66  )
( -191  312  186  )
( -117  148  -301  )
( 218  234  -179  )
( 239  -23  -7  )
( 284  -59  -68  )
( 76  212  -3  )
( 118  155  -277  )
( 208  -43  -70  )
( 289  -42  250  )
( 132  -127  -13  )
( 34  234  -172  )
( 50  317  -1  )
( 48  -309  61  )
( -213  -230  -342  )
( -271  309  -144  )
( 345  -185  18  )
( -166  -47  130  )
( 286  132  -195  )
( -20  -68  -101  )
( -116  -135  103  )
( 129  226  196  )
( -87  231  206  )
( 83  -266  -161  )
( 87  -228  -77  )
( 254  -171  92  )
( -230  -176  -321  )
( -103  242  178  )
( -254  337  236  )
( -310  301  95  )
( -19  -307  -163  )
( -349  -184  -169  )
( 298  -275  -6  )
( 285  255  -245  )
( -90  -227  271  )
( -251  325  -89  )
( -260  -36  0  )
( 219  -319  -301  )
( 138  -337  -17  )
( 16  85  -110  )
( -78  -214  147  )
( 339  -166  163  )
( 269  98  27  )
( 47  43  -35  )
( 292  288  129  )
( -105  -296  85  )
( -121  319  258  )
( 169  -155  -67  )
( -289  240  -216  )
( 206  60  3  )
( -144  -282  94  )
( -107  127  -302  )
( 111  11  -186  )
( -43  238  -135  )
( 215  223  129  )
( -138  -261  -7  )
( 177  245  -275  )
( 35  -188  -111  )
( 192  271  -219  )
( -336  -278  102  )
( -254  -331  -135  )
( -198  -338  102  )
( 180  -217  -63  )
( 141  -176  -127  )
( 19  -112  -62  )
( 146  -54  101  )
( 11  155  30  )
