( 48  299  81  )
( 94  -122  313  )
( -304  309  -178  )
( -311  -293  -44  )
( -191  258  120  )
( -179  -60  -2  )
( 59  25  70  )
( 6  296  183  )
( 6  -226  -89  )
( 2  333  -6  )
( 220  -9  101  )
( 119  18  239  )
( 44  -80  -305  )
( 212  -57  117  )
( -13  47  35  )
( -219  67  134  )
( -110  -147  339  )
( -183  172  -323  )
( 310  330  183  )
( 237  -46  209  )
( 107  -237  -289  )
( -97  -19  137  )
( -128  283  77  )
( -333  -68  -258  )
( -297  -23  263  )
( -333  -336  223  )
( 9  291  -289  )
( 294  188  254  )
( 174  -101  178  )
( -274  52  133  )
( -107  39  273  )
( 317  13  -253  )
( 199  -126  -67  )
( 183  -154  195  )
( -257  183  98  )
( -306  -259  19  )
( 238  9  73  )
( -65  305  257  )
( -110  193  -30  )
( 23  -335  -55  )
( -71  -313  -151  )
( -74  309  68  )
( 207  119  -108  )
( -314  55  18  )
( -251  -230  139  )
( 149  -280  219  )
( 157  -44  -272  )
( 103  -157  203  )
( -83  191  -217  )
( -197  189  -288  )
( 255  -122  329  )
( -273  3  -119  )
( -215  -203  -276  )
( -234  -118  70  )
( -331  83  208  )
( 97  161  193  )
( -225  -327  307  )
( -171  -91  139  )
( 347  332  -192  )
( 166  98  73  )
( 288  14  -255  )
( 235  162  224  )
( 123  166  137  )
( 231  103  -264  )
( 41  -291  -178  )
( 287  164  267  )
( -84  -61  277  )
( -48  -100  166  )
( 288  -336  18  )
( -99  -173  116  )
( -5  -237  89  )
( -251  -323  -18  )
( 29  -330  122  )
( -172  236  -58  )
( -96  195  -318  )
( -129  288  207  )
( 54  -133  137  )
( -121  200  287  )
( -73  -160  26  )
( -164  -13  -144  )
( -31  330  193  )
( -291  218  -226  )
( 241  -15  333  )
( -131  -73  -75  )
( 70  -116  -187  )
( 127  207  -65  )
( 37  -161  -163  )
( -268  -55  -49  )
( 153  1  -50  )
( 151  -10  60  )
( 279  -112  -81  )
( -209  79  -127  )
( 233  -55  256  )
( 300  -190  158  )
( 340  -132  281  )
( -232  105  -285  )
( 20  326  -338  )
( -128  63  295  )
( 289  -285  315  )
( -216  -338  218  )
( -34  -52  -75  )
( -187  -305  26  )
( 25  346  285  )
( 23  -339  124  )
( 311  -277  -150  )
( -84  180  6  )
( 278  -217  269  )
( 136  33  -77  )
( -268  -111  77  )
( 47  272  -119  )
( 225  -196  -17  )
( -254  15  331  )
( 340  -184  173  )
( -294  -289  245  )
( 101  54  330  )
( -287  -56  21  )
( 29  231  -269  )
( -15  -338  213  )
( 106  -3  -212  )
( -164  -177  -52  )
( 68  15  199  )
( 249  56  -318  )
( -10  -178  169  )
( -122  55  -262  )
( -9  -269  171  )
( 243  -103  -184  )
( -146  -125  -75  )
( 161  -214  226  )
( 19  -243  -236  )
( 83  -117  -115  )
( -279  -310  335  )
( -308  -74  268  )
( 182  -1  30  )
( 201  78  259  )
( -69  81  -340  )
( 131  -247  -287  )
( 149  -85  -274  )
( 4  237  -321  )
( 115  -261  -227  )
( -176  -184  295  )
( 295  -206  -159  )
( 106  -101  154  )
( -80  103  140  )
( -210  -48  -88  )
( 336  201  -63  )
( -182  26  257  )
( 284  223  293  )
( -167  340  -49  )
( 283  -160  72  )
( -212  -79  178  )
( -213  54  161  )
( -58  340  -296  )
( -140  196  -222  )
( 320  -315  -142  )
( 325  -32  -79  )
( 187  -248  -348  )
( -165  159  -217  )
( -326  226  136  )
( 62  -202  188  )
( -262  -233  119  )
( -83  -193  121  )
( -299  -220  -237  )
( -203  174  -344  )
( -169  3  -220  )
( -200  303  122  )
( 90  61  285  )
( 165  96  324  )
( -86  91  138  )
( 218  -297  -241  )
( -32  -124  -324  )
( -26  -232  23  )
( -224  -159  -133  )
( 323  184  -157  )
( 71  326  37  )
( 241  -309  206  )
( -14  -6  64  )
( 307  -312  -110  )
( -238  -241  -302  )
( 16  -197  -94  )
( -94  274  282  )
( 243  -13  -2  )
( 77  3  -266  )
( 122  246  -130  )
( -197  -227  -4  )
( 18  -51  -273  )
( -293  -0  -328  )
( -343  -85  -56  )
( -224  -264  -310  )
( -316  111  119  )
( -162  -139  79  )
( -272  234  108  )
( -31  -234  298  )
( 176  -179  282  )
( 249  331  -217  )
( -229  72  57  )
( 201  8  -69  )
( -225  192  -47  )
( 42  91  -198  )
( 66  -152  144  )
( 233  119  177  )
( -294  -34  208  )
( -88  -253  184  )
( -60  -254  -200  )
( 336  -246  263  )
( 188  -222  -190  )
( -161  243  285  )
( 256  -240  -187  )
( 272  -225  191  )
( -313  159  -52  )
( -218  -154  -118  )
( -14  349  281  )
( 74  73  6  )
( -77  258  -276  )
( -304  -62  -293  )
( -31  -189  -22  )
( -41  -307  -33  )
( -260  140  197  )
( -96  -241  175  )
( 54  237  271  )
( 103  -71  269  )
( 67  -344  -161  )
( -118  92  212  )
( 115  -232  192  )
( -228  146  -348  )
( 295  76  289  )
( -78  -77  -236  )
( 31  -248  -58  )
( -297  340  148  )
( -130  188  280  )
( 153  223  207  )
( -131  6  256  )
( -73  -88  279  )
( -200  -36  -79  )
( -149  90  -138  )
( 189  172  -144  )
( -169  -210  242  )
( -13  -37  -215  )
( 77  333  247  )
( -86  -233  -64  )
( 169  -68  -101  )
( 100  349  -226  )
( 81  176  52  )
( -118  53  326  )
( 62  -115  110  )
( 41  291  -199  )
( -134  334  113  )
( 337  -19  78  )
( 106  -296  226  )
( -290  -79  -230  )
( 53  192  203  )
( 280  61  -70  )
( 205  271  146  )
( 240  -111  197  )
( 158  174  143  )
( -120  -197  196  )
( -72  317  7  )
( 101  -18  331  )
( -73  -141  134  )
( -296  -164  -13  )
( -133  331  -16  )
( 264  -305  -227  )
( 289  -234  171  )
( -71  -331  -28  )
( -164  166  267  )
( -252  -302  -335  )
( -251  304  149  )
( -50  264  260  )
( -141  -23  -312  )
( -120  230  197  )
( -197  167  70  )
( -3  -281  -335  )
( 122  46  75  )
( -255  -80  101  )
( -124  33  293  )
( 163  -155  192  )
( 206  120  277  )
( -298  -118  -282  )
( -57  181  -68  )
( -237  -349  69  )
( 56  216  -291  )
( -293  56  196  )
( 140  -267  176  )
( -175  163  -294  )
( -137  -195  58  )
( 7  309  125  )
( -208  80  77  )
( -31  -107  150  )
( 180  -83  -198  )
( 152  -316  -279  )
( -327  64  -115  )
( -218  -311  -59  )
( -304  69  264  )
( 192  89  -335  )
( 198  136  307  )
( 347  202  -173  )
( -237  -305  327  )
( 78  108  339  )
( -168  317  313  )
( 166  -84  -283  )
( 58  307  -277  )
( -250  -297  -111  )
( 91  268  -206  )
( 105  124  -272  )
( 68  112  -111  )
( -187  -227  -76  )
( -3  -295  -258  )
( -171  -229  -291  )
( -289  -260  -169  )
( 145  -316  -150  )
( -278  111  336  )
( -198  269  85  )
( 68  110  -188  )
( -238  -140  12  )
( 69  2  247  )
( 102  -244  -116  )
( -174  145  -184  )
( 29  -1  278  )
( 91  301  41  )
( -66  -30  -315  )
( -326  -75  -125  )
( -168  -27  61  )
( 263  8  -210  )
( -117  -36  245  )
( 163  -34  180  )
( 54  201  -11  )
( 132  121  164  )
( -339  170  132  )
( -76  277  68  )
( 166  65  130  )
( 173  92  26  )
( -81  71  116  )
( -294  -347  -200  )
( 201  -85  277  )
( -273  83  107  )
( -197  -52  -120  )
( -278  -5  -204  )
( -279  267  -219  )
( -341  -283  71  )
( 11  -334  195  )
( -258  -114  328  )
( -106  -203  -286  )
( 248  -52  -155  )
( -127  -319  -341  )
( 45  -245  291  )
( -111  -158  -139  )
( -189  272  154  )
( 179  325  -190  )
( 171  -169  -135  )
( -50  -333  -100  )
( -226  61  31  )
( -103  -134  148  )
( -105  -278  -38  )
( -122  327  250  )
( -306  144  -215  )
( 129  -315  -282  )
( -234  274  -85  )
( 252  228  31  )
( -278  -103  -320  )
( -198  301  -106  )
( 252  -208  -284  )
( 130  -225  300  )
( 161  -274  -143  )
( 40  207  166  )
( 190  -226  34  )
( 349  28  321  )
( -236  -260  -306  )
( -259  278  344  )
( -286  -61  -298  )
( -262  -114  -205  )
( 332  204  -321  )
( 90  -86  -88  )
( 79  -101  134  )
( -103  166  254  )
( -307  -316  256  )
( -288  185  262  )
( -232  -176  126  )
( -4  -174  -277  )
( 158  -150  -87  )
( 119  -98  296  )
( 120  87  -102  )
( -24  131  309  )
( -300  65  -123  )
( 162  -30  -193  )
( 264  275  24  )
( -158  310  258  )
( -283  -312  119  )
( -321  -320  -112  )
( -52  -340  242  )
( 283  340  -346  )
( 301  -255  322  )
( -134  -241  -11  )
( 250  9  -302  )
( -126  -47  343  )
( 273  -150  96  )
( -24  111  164  )
( 90  29  105  )
( 25  -163  -34  )
( -244  -1  203  )
( -321  311  -206  )
( 217  227  -132  )
( 208  329  348  )
( -168  -170  -224  )
( -315  198  86  )
( -282  224  -79  )
( -234  34  42  )
( -122  327  307  )
( -347  -179  150  )
( 60  71  18  )
( -176  287  160  )
( 80  -193  -234  )
( -49  -123  -46  )
( -190  160  -270  )
( 145  327  347  )
( 325  -335  141  )
( 162  284  -10  )
( -59  297  -315  )
( 144  106  -87  )
( -91  -323  -38  )
( 266  -276  309  )
( 244  -159  -187  )
( -257  27  68  )
( -242  338  -326  )
( -111  311  292  )
( -5  -210  329  )
( -242  117  -34  )
( 46  -129  316  )
( 112  -159  -81  )
( 335  22  227  )
( 37  309  -318  )
( -311  82  50  )
( -169  -325  -124  )
( -9  -237  303  )
( -197  -128  42  )
( -224  133  -217  )
( -298  -148  343  )
( -38  322  -298  )
( -307  -237  166  )
( -322  -141  123  )
( 59  -331  -337  )
( 112  135  301  )
( -115  -133  57  )
( 97  -166  -92  )
( 210  87  118  )
( -185  -51  -296  )
( -244  200  -275  )
( 248  80  91  )
( 14  -275  -279  )
( -150  13  337  )
( 306  185  203  )
( 21  259  -349  )
( -344  -310  301  )
( -177  253  168  )
( 83  93  320  )
( 50  138  -301  )
( -255  28  216  )
( 241  41  -331  )
( -125  -218  -123  )
( 191  281  117  )
( 145  -315  96  )
( -44  -253  206  )
( 310  -86  262  )
( 178  -169  338  )
( -215  249  344  )
( -86  -122  -305  )
( -95  233  299  )
( -213  148  -117  )
( 70  -41  -13  )
( 44  280  -238  )
( -246  126  280  )
( -3  200  268  )
( -316  -261  254  )
( 220  -123  -274  )
( -135  -178  -147  )
( 301  72  204  )
( -300  -231  220  )
( 269  109  113  )
( -294  261  -189  )
( -203  -108  -280  )
( 174  348  307  )
( 203  162  -48  )
( 120  -339  -322  )
( 299  -94  -75  )
( 4  -227  -276  )
( 148  -141  -196  )
( -66  -11  -283  )
( 91  207  -127  )
( 9  52  -75  )
( -197  -223  -317  )
( 305  -43  5  )
( -41  67  -68  )
( -162  224  47  )
( -347  -227  242  )
( -23  340  -41  )
( -285  188  -117  )
( 93  230  170  )
( 32  217  -79  )
( -245  120  195  )
( -184  120  173  )
( -261  248  -209  )
( 66  -322  -93  )
( 236  -343  -189  )
( 26  193  -104  )
( -45  -30  -323  )
( -338  310  -318  )
( 50  -37  -235  )
( 15  77  -34  )
( 337  142  -22  )
( 322  10  -103  )
( 257  115  83  )
( 145  -8  -224  )
( 158  46  -189  )
( -240  221  -177  )
( -110  -26  163  )
( 274  -17  75  )
( 272  -238  -15  )
( -38  64  -155  )
( 34  -27  220  )
( 343  -79  181  )
( -3  12  85  )
( 60  -59  -78  )
( -32  -345  -348  )
( 75  82  247  )
( 343  -204  287  )
( -30  -347  -328  )
( 63  -62  -190  )
( 261  340  -157  )
( -150  -22  274  )
( 105  114  -117  )
( -266  135  304  )
( 210  -137  -94  )
( 4  -287  64  )
( -323  225  263  )
( 124  -330  349  )
( -60  -162  -189  )
( 304  312  201  )
( 165  2  -59  )
( 313  -344  -39  )
( 201  -36  -28  )
( -316  -275  -208  )
( 63  2  -292  )
( 345  275  -239  )
( 54  -39  -287  )
( -299  118  -18  )
( -247  159  -138  )
( -175  -161  95  )
( -318  290  248  )
( 308  -286  -187  )
( 227  -276  -318  )
( 216  -267  160  )
( 244  282  311  )
( 320  -56  -289  )
( 172  -319  -4  )
( 43  141  -24  )
( 106  271  320  )
( 292  130  221  )
( -184  88  140  )
( 45  -5  -140  )
( -199  -79  -347  )
( 259  110  193  )
( 284  -9  3  )
( -60  100  -235  )
( -219  -130  229  )
( -120  -140  1  )
( -121  40  -261  )
( 238  289  -106  )
( 91  230  55  )
( 295  -161  -349  )
( 190  68  26  )
( 16  10  344  )
( 238  -276  -182  )
( 13  260  169  )
( 162  -308  -102  )
( -283  207  -212  )
( -55  -166  -167  )
( 126  110  27  )
( -148  33  -205  )
( 317  -219  -50  )
( -144  -29  335  )
( -254  -92  187  )
( -205  173  9  )
( -53  -245  332  )
( 194  117  -255  )
( 220  195  149  )
( 22  -42  -49  )
( -64  -304  313  )
( -318  278  -29  )
( -72  -184  -317  )
( -179  254  203  )
( -214  286  190  )
( 259  89  307  )
( 292  143  184  )
( 308  121  241  )
( -271  263  36  )
( -109  262  -51  )
( -127  279  112  )
( -106  110  284  )
( 115  -215  -183  )
( 3  -349  318  )
( -300  -43  203  )
( 56  -206  211  )
( 56  78  262  )
( 121  -124  4  )
( 212  -31  253  )
( -56  -207  71  )
( 241  -340  -266  )
( 141  194  -13  )
( -16  289  -70  )
( 326  -331  239  )
( -86  -267  343  )
( 260  -212  127  )
( -133  -64  120  )
( -339  -60  316  )
( 149  15  146  )
( 36  -158  77  )
( -53  262  208  )
( -82  84  253  )
( -315  149  246  )
( -174  101  28  )
( -325  310  227  )
( -342  -180  -285  )
( 97  -306  161  )
( 200  303  36  )
( 224  -233  168  )
( -27  328  -213  )
( 28  252  128  )
( 63  -0  205  )
( -21  326  -233  )
( 301  -115  239  )
( -309  47  -109  )
( 46  -293  -55  )
( 315  347  304  )
( -337  115  -6  )
( 213  -342  -30  )
( -97  182  -194  )
( 266  258  -344  )
( 108  16  163  )
( -173  -219  323  )
( 309  324  -286  )
( 145  87  -247  )
( -60  143  -241  )
( -246  184  269  )
( 5  127  300  )
( -299  -291  263  )
( 184  -40  279  )
( -48  174  -55  )
( -85  16  -41  )
( 156  171  53  )
( -349  8  286  )
( -56  -244  323  )
( -52  -196  -289  )
( 243  -78  -113  )
( -182  105  180  )
( 216  229  -250  )
( -209  233  -119  )
( -149  336  -259  )
( -24  273  215  )
( 312  246  4  )
( 119  20  -82  )
( -33  327  240  )
( 148  -246  -49  )
( 5  167  -140  )
( 275  -175  244  )
( 277  -237  141  )
( 281  325  329  )
( 207  -5  -76  )
( 158  294  -163  )
( 107  -33  63  )
( 301  324  184  )
( 150  339  -130  )
( -69  -302  -13  )
( 165  -80  324  )
( -111  289  231  )
( 145  -319  -40  )
( -145  -81  -164  )
( -304  224  -120  )
( 271  -233  228  )
( -87  31  -207  )
( -176  -323  -27  )
( 275  172  -95  )
( -182  -193  -11  )
( -99  -126  217  )
( -196  -74  -340  )
( 340  259  239  )
( -126  -158  -101  )
( 34  53  -331  )
( -4  297  203  )
( -56  -109  -180  )
( -123  327  -186  )
( 264  252  -336  )
( 277  -191  -199  )
( -157  -263  14  )
( 48  -103  -106  )
( 112  237  -141  )
( -85  219  -166  )
( 284  176  -270  )
( 325  299  280  )
( 30  239  39  )
( 327  -248  -288  )
( 8  162  -305  )
( 347  250  -137  )
( -345  188  19  )
( -277  111  348  )
( -17  312  176  )
( 305  96  -106  )
( -333  27  23  )
( -221  80  -96  )
( 123  -300  -13  )
( 28  -81  40  )
( 27  259  127  )
( -48  -190  -148  )
( -152  42  234  )
( -256  -20  344  )
( 341  276  6  )
( -6  208  115  )
( -272  -5  281  )
( 307  -296  -306  )
( -14  -40  92  )
( -40  185  -125  )
( -17  90  -69  )
( 337  -81  155  )
( 151  -301  109  )
( -265  -39  -258  )
( 16  -118  241  )
( -167  102  -85  )
( 172  -62  285  )
( 268  291  88  )
( -104  43  -322  )
( -131  191  124  )
( 347  -293  -29  )
( -345  36  252  )
( 285  -322  -247  )
( 228  -241  -93  )
( 15  206  -51  )
( 151  -148  149  )
( 185  51  -155  )
( 223  -79  -339  )
( -50  57  38  )
( -113  -59  290  )
( -130  124  -30  )
( 6  170  314  )
( -159  -283  -150  )
( 35  -262  -244  )
( -59  330  287  )
( -281  101  -256  )
( 104  259  38  )
( -287  87  248  )
( -346  -230  -49  )
( -135  -250  -223  )
( -183  -260  -214  )
( -205  -193  -192  )
( 81  261  -50  )
( 222  109  136  )
( -13  -28  109  )
( 280  -113  -49  )
( 328  -289  179  )
( -161  -33  60  )
( 328  -68  -34  )
( -211  -93  283  )
( 184  -209  -248  )
( 96  160  84  )
( -262  292  -343  )
( -181  62  176  )
( 339  -97  288  )
( 182  -272  52  )
( 43  80  344  )
( 262  347  -323  )
( -116  -225  246  )
( 208  -203  24  )
( -270  -292  282  )
( -189  115  278  )
( -347  131  -241  )
( 196  -76  -1  )
( -130  -74  -8  )
( 106  -162  -257  )
( -129  318  -37  )
( 7  232  -306  )
( 16  -126  137  )
( -97  -202  -190  )
( -328  282  7  )
( 153  -344  277  )
( 214  -221  139  )
( 163  300  -143  )
( 92  281  170  )
( 56  -242  -293  )
( 327  279  -310  )
( 111  -22  -30  )
( -262  123  317  )
( -251  219  -71  )
( -234  -344  319  )
( -51  -85  -197  )
( 50  332  254  )
( -344  -321  335  )
( 49  -327  -314  )
( -226  -281  212  )
( 240  218  -4  )
( -5  225  318  )
( 250  2  -170  )
( -198  22  -190  )
( 259  -192  -317  )
( 38  -251  45  )
( 345  89  182  )
( -78  -124  -221  )
( -177  -59  -72  )
( -127  -152  272  )
( 349  -55  16  )
( -323  123  348  )
( -102  162  -19  )
( -161  201  -52  )
( -308  -241  213  )
( -177  291  132  )
( -238  -9  -334  )
( -249  -275  -76  )
( 304  93  -199  )
( 150  -0  117  )
( 342  -180  72  )
( 270  -284  87  )
( -131  -154  -210  )
( -74  -197  -303  )
( -24  169  59  )
( -30  283  78  )
( 300  -154  -224  )
( 57  -161  -235  )
( -44  173  297  )
( -26  -293  277  )
( 295  -52  -178  )
( 86  195  25  )
( 78  234  168  )
( -340  120  -191  )
( -184  -13  -154  )
( -61  -155  -86  )
( -258  -290  -304  )
( 206  19  -86  )
( 178  99  -84  )
( -125  323  -248  )
( 61  17  -191  )
( -163  -60  150  )
( 158  201  -159  )
( 158  -59  -104  )
( -128  -193  288  )
( -304  74  -199  )
( 66  -198  -274  )
( -74  -163  349  )
( 297  -187  60  )
( 307  -20  -34  )
( 25  -15  129  )
( -276  -112  -92  )
( 234  -58  129  )
( -71  -87  -199  )
( 50  309  75  )
( 281  -5  -128  )
( -217  -186  30  )
( -217  -24  -308  )
( -102  37  -337  )
( 300  -251  155  )
( -224  -2  161  )
( 87  -313  219  )
( -134  212  253  )
( 221  238  196  )
( 75  243  -232  )
( -67  12  152  )
( 118  124  -233  )
( -311  202  -101  )
( -71  343  -247  )
( -86  -146  124  )
( 189  -93  -315  )
( -40  -345  225  )
( 66  134  61  )
( -301  137  -29  )
( -150  -180  53  )
( 329  235  -35  )
( 332  -184  -8  )
( 210  43  -331  )
( -279  132  195  )
( -94  -312  -82  )
( -191  264  -128  )
( -243  182  -99  )
( -236  -215  179  )
( -99  288  64  )
( -237  -313  117  )
( -327  270  97  )
( 96  -80  -178  )
( 291  163  131  )
( 211  -127  -33  )
( 297  158  -58  )
( 140  -78  307  )
( 56  224  75  )
( -161  -226  271  )
( 306  3  152  )
( -178  -254  162  )
( 161  126  -337  )
( -174  234  333  )
( -47  292  -86  )
( 81  -342  42  )
( 110  117  279  )
( 138  262  332  )
( 22  -216  187  )
( 123  295  -47  )
( -304  315  91  )
( -288  -53  109  )
( -295  180  -291  )
( -190  -306  -270  )
( 129  -261  -163  )
( 254  -141  332  )
( -139  -341  -280  )
( 67  220  -47  )
( 87  77  187  )
( 341  214  10  )
( -94  201  -288  )
( 98  274  248  )
( -238  40  -341  )
( 1  -346  267  )
( 62  20  185  )
( -4  -209  306  )
( 158  106  169  )
( 240  -236  -164  )
( -171  345  249  )
( 168  -293  43  )
( 161  310  348  )
( 29  118  -137  )
( 204  146  221  )
( 209  -253  306  )
( -72  -163  -236  )
( 98  249  -166  )
( 122  154  37  )
( -324  -123  -32  )
( -298  11  -182  )
( 140  -334  52  )
( 140  -324  -32  )
( -294  -278  209  )
( -164  314  231  )
( -287  57  10  )
( -294  237  177  )
( -345  -254  -276  )
( -324  -76  328  )
( -289  -324  261  )
( 347  -310  -294  )
( -290  -89  -197  )
( 56  -151  73  )
( 133  231  164  )
( 130  231  -321  )
( -67  32  49  )
( -4  322  104  )
( -18  -346  349  )
( 91  249  -77  )
( 218  78  292  )
( -230  -29  117  )
( 154  -34  159  )
( 220  201  -249  )
( -146  78  -159  )
( -103  135  -292  )
( -133  32  310  )
( -223  303  -2  )
( 49  194  -207  )
( -24  -142  -255  )
( -193  278  171  )
( -219  2  121  )
( 128  109  -252  )
( 16  323  -238  )
( -105  -25  306  )
( -99  163  -290  )
( -219  -201  150  )
( -113  -51  240  )
( 92  -9  190  )
( 323  144  -214  )
( -249  -348  -240  )
( 45  40  297  )
( -166  264  284  )
( 149  -172  328  )
( -261  314  -176  )
( -304  30  324  )
( 337  -81  126  )
( 158  -220  138  )
( -43  -160  -14  )
( 270  -265  -252  )
( -223  115  -311  )
( 181  52  -57  )
( 18  -115  -294  )
( -128  -342  315  )
( -320  -128  53  )
( 346  -147  -194  )
( 12  110  -34  )
( 201  148  152  )
( 344  82  -179  )
( -214  -63  -139  )
( 208  -159  133  )
( 176  -336  -302  )
( 141  -278  117  )
( -209  123  263  )
( -92  329  209  )
( -326  203  -113  )
( -246  -195  302  )
( 240  321  35  )
( 133  237  -106  )
( 247  -333  192  )
( 256  -151  -311  )
( -189  -314  240  )
( 108  -38  235  )
( -158  -265  -225  )
( -202  -43  -113  )
( -70  199  234  )
( -66  -263  63  )
( 13  159  -123  )
( 104  -14  -222  )
( -12  62  52  )
( -295  -235  236  )
( 14  -12  175  )
( 183  94  -253  )
( 121  -50  -160  )
( 239  133  153  )
( -348  21  -203  )
( -94  103  -295  )
( -111  15  -69  )
( 41  90  86  )
( -10  -5  -299  )
( -166  52  89  )
( -60  -27  -93  )
( 28  71  24  )
( 191  -92  9  )
( -117  -109  68  )
( -71  285  86  )
( 83  62  -335  )
( -160  -272  -42  )
( -154  -237  342  )
( -261  -267  277  )
( 232  -75  -91  )
( 279  -162  -93  )
( -60  151  300  )
( -129  30  -156  )
( -269  305  -27  )
( -173  -10  311  )
( -31  -183  155  )
( -51  261  173  )
( 213  -128  -21  )
( -208  257  -218  )
( -211  305  -341  )
( 148  -335  242  )
( 271  274  -51  )
( 321  221  -3  )
( -94  70  186  )
( -173  -142  46  )
( 114  -112  -11  )
( -44  252  89  )
( -244  143  126  )
( 123  -291  -109  )
( -32  -135  -209  )
( -332  234  -40  )
( 14  111  -245  )
( -274  -107  131  )
( 339  -132  -184  )
( -255  56  166  )
( 315  77  -246  )
( 317  220  240  )
( 135  -165  192  )
( -51  -295  -78  )
( 209  -30  215  )
( 105  -150  163  )
( -75  -156  207  )
( -237  -228  -233  )
( 91  84  -267  )
( -56  288  -287  )
( 78  97  100  )
( 195  -68  226  )
( 289  69  -221  )
( 276  -205  -139  )
( 299  -240  -66  )
( 174  165  340  )
( -96  282  332  )
( -303  -198  329  )
( -309  13  -184  )
( 192  -9  46  )
( 113  349  100  )
( 176  267  332  )
( -170  -311  -303  )
( -56  262  304  )
( -116  331  205  )
( 344  -37  -119  )
( 222  -252  -197  )
( 330  33  -133  )
( 333  -305  155  )
( 53  -49  -224  )
( 266  251  248  )
( -290  215  31  )
( 58  -205  139  )
( -32  -309  338  )
( -235  276  -121  )
( 278  103  -82  )
( -32  -219  -204  )
( -181  -331  -276  )
( -297  -41  77  )
( -134  335  -123  )
( -340  -24  211  )
( -301  96  -202  )
( -339  277  349  )
( -119  201  -87  )
( 21  213  282  )
( 164  266  55  )
( 303  171  146  )
( 63  -155  -286  )
( 87  -151  -281  )
( -74  -277  -66  )
( -49  129  32  )
( -194  200  -186  )
( -133  -317  81  )
( -160  196  295  )
( -331  317  -104  )
( -209  292  -20  )
( -77  50  -41  )
( -69  -70  -136  )
( 304  159  -321  )
( 227  -144  -45  )
( 275  -27  184  )
( -49  274  -203  )
( 43  277  104  )
( -30  213  264  )
( 160  108  272  )
( -116  -14  -294  )
( -146  237  324  )
( -164  170  -241  )
( 116  -16  -121  )
( -241  158  276  )
( 53  -182  292  )
( 162  -122  35  )
( -243  -286  204  )
( -333  -302  -256  )
( 155  190  161  )
( -84  146  -16  )
( -160  -286  -181  )
( 137  -96  280  )
( -35  -65  21  )
( -83  -141  208  )
( 138  -59  302  )
( -171  -70  13  )
( -197  52  -212  )
( -236  -3  -105  )
( -93  -55  206  )
( -184  107  29  )
( -261  59  250  )
( -46  304  340  )
( -193  -142  210  )
( 167  -217  174  )
( 197  -208  167  )
( -160  262  340  )
( -250  251  143  )
( -296  17  -252  )
( 150  347  273  )
( -140  122  224  )
( -35  231  -318  )
( 14  -160  -292  )
( 279  -155  176  )
( -66  -329  149  )
( -175  296  -309  )
( 297  202  73  )
( -125  244  -302  )
( 77  -304  184  )
( -119  2  -240  )
( 273  20  70  )
( 292  -133  -157  )
( -259  -253  271  )
( -44  344  -67  )
( -325  -226  -251  )
( 121  -45  296  )
( 74  242  -137  )
( -290  -322  -157  )
( -0  87  -235  )
( 210  212  -6  )
( 110  -216  -280  )
( -110  -59  -253  )
( -302  74  100  )
( -296  -268  -42  )
( 137  9  309  )
( 0  -227  -74  )
( 272  327  -75  )
( 271  -69  -312  )
( 184  -253  251  )
( -65  -85  192  )
( -265  36  41  )
( -88  -91  49  )
( 110  147  -143  )
( 160  -8  -127  )
( -295  -119  66  )
( -178  276  -252  )
( 81  -29  199  )
( -58  -258  172  )
( -131  191  -28  )
( -6  152  -270  )
( 253  -113  164  )
( -219  -28  -237  )
( 241  -8  238  )
( -126  179  -178  )
( -59  -186  -166  )
( -129  235  196  )
( 222  -82  -290  )
( -95  -24  -156  )
( 49  216  53  )
( 310  96  169  )
( 163  314  -120  )
( 224  147  59  )
( 94  172  37  )
( 275  -26  -347  )
( -304  99  -260  )
( -67  -107  -233  )
( 26  82  41  )
( -335  310  -255  )
( -174  334  328  )
( -61  -82  267  )
( 306  157  -243  )
( 108  -306  -225  )
( -138  -216  -295  )
( 230  -48  35  )
( -79  256  275  )
( -308  180  -346  )
( -281  325  -11  )
( -257  -184  -70  )
( 349  108  308  )
( 133  -43  44  )
( 163  160  -271  )
( -287  306  -150  )
( -115  -260  -337  )
( 177  227  -290  )
( -229  -164  -341  )
( -113  26  334  )
( 59  186  310  )
( 165  108  -149  )
( -100  -5  54  )
( -173  128  33  )
( -274  140  332  )
( 175  65  -99  )
( 305  -288  319  )
( 162  -342  -226  )
( 227  291  -173  )
( 47  304  -177  )
( 278  -67  62  )
( -306  -296  204  )
( 78  168  -313  )
( 86  27  18  )
( -166  -160  -268  )
( 323  -29  -159  )
( 114  40  -200  )
( 56  191  215  )
( -120  320  -90  )
( 9  -36  210  )
( 22  -26  -186  )
( -71  4  -243  )
( 294  330  -267  )
( -319  178  234  )
( 142  -196  -26  )
( 92  192  302  )
( 163  274  -1  )
( 297  -200  143  )
( -288  -217  347  )
( 244  1  274  )
( 47  -133  186  )
( -294  -318  -56  )
( -309  51  -262  )
( 246  -79  75  )
( 343  207  -327  )
( 14  -182  72  )
( -301  -296  -34  )
( 94  224  -251  )
( -229  268  -125  )
( -150  154  -308  )
( -131  -123  117  )
( -70  260  110  )
( 132  -349  -265  )
( -279  151  257  )
( -104  -253  -1  )
( 112  246  0  )
( -62  183  47  )
( 107  -132  112  )
( 209  231  38  )
( 99  111  -78  )
( -205  -120  226  )
( 100  217  -61  )
( -149  -177  -255  )
( -150  62  198  )
( 309  138  -206  )
( 73  248  -75  )
( -185  32  -61  )
( 65  67  -1  )
( 217  -327  253  )
( 85  -71  -72  )
( -278  144  -187  )
( -168  141  330  )
( 329  283  -272  )
( -136  -95  109  )
( 170  85  -26  )
( -279  -87  117  )
( -311  341  94  )
( 209  117  276  )
( -333  -105  -51  )
( -223  -269  246  )
( -266  -39  258  )
( 79  -205  206  )
( 92  -96  -97  )
( -175  -278  277  )
( 53  -345  86  )
( 12  -65  334  )
( -105  100  -346  )
( -93  -123  -174  )
( 334  -229  348  )
( -76  193  -111  )
( -159  -167  302  )
( 265  98  -193  )
( -71  187  -172  )
( 245  317  37  )
( -151  -209  -121  )
( -294  -202  -175  )
( 337  -305  82  )
( 96  132  -252  )
( -209  -45  -182  )
( 160  26  14  )
( -141  -290  -314  )
( -263  37  -56  )
( 50  -311  -178  )
( -286  -83  8  )
( 48  11  59  )
( 118  228  153  )
( -64  -301  -74  )
( -271  249  -238  )
( 252  109  151  )
( 319  275  112  )
( 189  181  -284  )
( 333  203  -345  )
( -204  108  -140  )
( 270  33  -82  )
( -181  332  279  )
( 116  -64  224  )
( 87  259  -111  )
( -239  74  -337  )
( 141  45  164  )
( 150  98  -136  )
( 312  -233  10  )
( 219  -141  -127  )
( 59  188  117  )
( -17  335  9  )
( -91  -52  4  )
( -318  -241  319  )
( 302  121  25  )
( -202  189  -60  )
( 283  214  -116  )
( 65  -147  -244  )
( -314  -289  -51  )
( -322  172  101  )
( -91  331  -185  )
( -221  314  2  )
( 114  -144  173  )
( -212  -287  -158  )
( -4  -169  249  )
( -146  138  131  )
( 72  174  227  )
( -240  -11  12  )
( -304  -249  145  )
( 103  80  -129  )
( -93  -262  25  )
( -240  204  258  )
( -348  40  322  )
( -35  165  -312  )
( -223  -47  194  )
( -256  260  -281  )
( -295  -246  -117  )
( -108  -321  -3  )
( 147  -198  -106  )
( 63  -305  24  )
( 113  -272  -42  )
( 342  237  -124  )
( -265  -338  101  )
( 313  -34  -85  )
( -39  263  -140  )
( -88  -311  5  )
( -151  16  -333  )
( 331  -204  -199  )
( -37  228  -271  )
( -151  304  -209  )
( 228  -244  -214  )
( 125  38  -108  )
( -342  156  264  )
( 214  -14  23  )
( -115  53  284  )
( 6  48  -147  )
( -178  330  -81  )
( -224  -297  281  )
( -148  52  160  )
( 233  231  -331  )
( -126  -181  -55  )
( 31  -261  -50  )
( 263  -292  -169  )
( -206  158  -62  )
( 210  123  -152  )
( 236  -228  162  )
( -110  101  -255  )
( -197  200  257  )
( 221  36  39  )
( 223  -235  -65  )
( 53  -9  2  )
( 265  -157  59  )
( -340  316  82  )
( -123  38  313  )
( -83  265  293  )
( 8  310  -19  )
( 59  -19  160  )
( -122  -204  -152  )
( -121  -311  -330  )
( 194  -326  41  )
( 115  262  -169  )
( 21  -44  126  )
( 118  119  -347  )
( -343  -114  -147  )
( 342  49  74  )
( 120  96  -205  )
( 158  -10  213  )
( 213  -187  0  )
( 105  -339  -16  )
( -132  2  -225  )
( 62  -315  -202  )
( 258  181  194  )
( -74  154  -208  )
( -248  -245  203  )
( -161  -246  -226  )
( -149  -321  263  )
( -211  63  287  )
( -161  -225  247  )
( 24  -210  108  )
( 139  -103  115  )
( -305  -219  222  )
( -179  -129  214  )
( -34  81  -228  )
( 151  -262  -50  )
( 300  -104  -331  )
( -103  50  -349  )
( -234  -132  -293  )
( -175  9  -310  )
( 147  -86  -183  )
( -14  346  277  )
( -102  -200  -75  )
( -337  309  9  )
( 96  114  116  )
( 10  8  341  )
( -304  145  237  )
( -96  -299  236  )
( -313  -77  -250  )
( 286  -180  298  )
( -164  123  29  )
( 145  -153  13  )
( 227  -334  -93  )
( -118  -2  -273  )
( 284  -268  108  )
( 291  114  -194  )
( -228  78  168  )
( -70  348  291  )
( 270  10  256  )
( 157  340  78  )
( 225  -242  198  )
( 171  134  128  )
( -116  165  247  )
( -266  110  228  )
( 205  22  -40  )
( -283  327  114  )
( 215  197  -176  )
( -50  7  317  )
( 213  -137  122  )
( -260  311  -216  )
( 285  334  68  )
( -296  -346  349  )
( -344  150  -16  )
( 69  315  -54  )
( -98  -128  70  )
( -218  231  178  )
( -242  -347  -212  )
( 14  201  -150  )
( 295  14  -349  )
( 248  210  140  )
( -310  255  -210  )
( 316  -54  170  )
( -132  328  -137  )
( -182  9  282  )
( 118  275  76  )
( 113  -91  193  )
( 142  65  -305  )
( 184  -155  76  )
( 4  -230  -180  )
( -213  309  -168  )
( -210  -205  28  )
( -144  -339  -228  )
( -216  -224  104  )
( 197  -83  203  )
( -176  -337  98  )
( -274  -120  -227  )
( -268  52  -196  )
( -197  85  257  )
( -156  -177  75  )
( 328  -273  -186  )
( 343  -19  -35  )
( -91  -151  291  )
( 214  -178  257  )
