( -54  -288  -346  )
( 106  172  -237  )
( -82  301  -243  )
( -137  -148  -28  )
( -207  -324  -63  )
( -156  253  5  )
( -244  -282  -201  )
( 344  -209  -88  )
( -130  -314  50  )
( 12  131  -223  )
( -82  -30  -12  )
( -204  -323  -262  )
( -140  72  -102  )
( 114  -320  41  )
( -346  145  -159  )
( -308  -181  245  )
( -210  -4  -328  )
( 292  -96  269  )
( 256  -78  144  )
( -66  -305  -236  )
( -118  79  227  )
( 26  263  123  )
( -176  217  -225  )
( -210  -55  -241  )
( -203  7  219  )
( -221  -308  1  )
( -117  51  123  )
( 64  -3  -40  )
( -38  -274  155  )
( 294  -176  -2  )
( 133  79  223  )
( 149  226  258  )
( 102  -26  57  )
( 6  -264  81  )
( 41  220  -13  )
( 190  -92  -319  )
( 120  291  -167  )
( -1  -80  126  )
( 224  160  46  )
( -100  -192  -345  )
( 258  -5  -156  )
( -117  79  -33  )
( -182  -112  247  )
( -169  119  132  )
( 69  -21  308  )
( -231  57  298  )
( 171  -52  -222  )
( 36  -110  182  )
( 79  -322  180  )
( -34  -218  301  )
( 151  -81  -204  )
( 130  125  312  )
( -104  95  191  )
( 305  -82  291  )
( -145  -179  -94  )
( -142  -123  171  )
( 251  259  348  )
( -255  197  264  )
( -167  127  133  )
( 182  273  298  )
( 8  346  285  )
( -156  146  279  )
( 290  125  -295  )
( 11  -59  296  )
( 219  -339  186  )
( -111  -123  151  )
( -87  -126  -229  )
( -198  31  234  )
( -143  -204  -318  )
( -226  -34  48  )
( -314  -13  -320  )
( 328  153  100  )
( 23  17  -201  )
( -231  3  319  )
( -50  243  217  )
( -116  -310  -211  )
( 160  -62  -152  )
( -130  -84  -67  )
( -243  -167  -64  )
( 206  252  -296  )
( -34  162  -334  )
( -0  -214  -140  )
( -190  -193  -68  )
( 165  348  -317  )
( 153  -54  -327  )
( -297  67  -253  )
( 119  97  117  )
( 214  -330  -52  )
( 27  271  -60  )
( 331  -5  -189  )
( 123  270  -347  )
( 189  170  114  )
( 342  -99  -7  )
( -343  321  -344  )
( 240  236  308  )
( -304  126  -71  )
( -255  -95  242  )
( -128  297  106  )
( -112  -102  -145  )
( -199  -72  90  )
( 345  132  201  )
( -163  241  77  )
( 348  137  -15  )
( -94  -233  61  )
( -104  -13  -251  )
( -127  -34  -231  )
( -170  272  -142  )
( -262  -153  -179  )
( 274  -236  -66  )
( 25  -208  138  )
( -100  127  192  )
( -195  35  46  )
( -286  -94  -71  )
( 110  189  244  )
( -38  -56  28  )
( 257  253  -334  )
( -50  135  -105  )
( -313  -28  5  )
( 303  231  -306  )
( -315  -24  101  )
( 38  -63  -157  )
( 113  55  -342  )
( -134  265  271  )
( -187  291  180  )
( 109  169  -137  )
( -201  -321  226  )
( 19  347  276  )
( 172  -193  261  )
( 231  285  55  )
( -160  -120  -253  )
( 304  275  184  )
( 343  -265  234  )
( -147  -274  -31  )
( -125  -324  198  )
( -74  -282  -157  )
( -46  -164  50  )
( -44  -140  314  )
( -244  -257  -138  )
( -241  188  346  )
( -164  166  -73  )
( 21  -121  333  )
( 286  338  -185  )
( 78  174  -125  )
( -135  -58  264  )
( -221  9  -151  )
( 20  220  -295  )
( -309  56  50  )
( -31  -203  -205  )
( 144  -160  -141  )
( -107  231  -91  )
( 23  236  317  )
( 245  73  -59  )
( -36  -164  -188  )
( 96  -67  239  )
( -72  -137  338  )
( 236  312  -165  )
( 271  242  336  )
( -160  -6  -213  )
( -236  54  342  )
( -279  39  242  )
( -116  213  -49  )
( 259  -59  -195  )
( -13  47  -178  )
( -293  -213  175  )
( 280  237  216  )
( 127  -118  -120  )
( 27  -61  -333  )
( -150  -191  34  )
( 171  -61  -287  )
( 295  -70  -243  )
( -127  152  -349  )
( 18  -103  63  )
( -175  -258  247  )
( -197  -257  108  )
( -131  -152  103  )
( 251  -335  -223  )
( 349  -325  271  )
( 226  -87  258  )
( -257  137  305  )
( -341  215  -2  )
( 78  -315  135  )
( -1  89  198  )
( 329  68  273  )
( -191  -284  -2  )
( 35  -103  -123  )
( 81  257  221  )
( 260  142  -213  )
( 81  348  57  )
( -158  106  -249  )
( 311  -339  -114  )
( 84  117  -346  )
( -68  -348  -105  )
( 156  -82  284  )
( -278  -260  161  )
( -52  -101  -175  )
( 211  154  -177  )
( 210  274  40  )
( 249  200  255  )
( -92  -53  295  )
( -258  210  -143  )
( -25  -43  -187  )
( -299  230  219  )
( 326  -143  263  )
( -300  -197  -307  )
( -38  -76  -127  )
( 217  -177  -227  )
( -212  191  341  )
( -15  -142  -336  )
( 266  275  -301  )
( -69  -146  54  )
( -116  -227  85  )
( 33  -28  287  )
( -163  322  103  )
( -209  -124  -16  )
( -241  110  162  )
( 169  -128  -96  )
( 245  220  -42  )
( -202  207  234  )
( 139  -184  -317  )
( -161  -33  223  )
( 278  248  188  )
( -326  -59  -317  )
( -10  11  -233  )
( 244  -294  54  )
( -229  301  -88  )
( 340  78  333  )
( -277  -285  -10  )
( -305  224  6  )
( -66  204  -228  )
( -71  -313  96  )
( 279  318  -5  )
( -317  207  81  )
( -132  -267  320  )
( -19  -190  -68  )
( 218  -114  -152  )
( 48  -53  178  )
( -139  -338  292  )
( 283  58  5  )
( -107  -176  257  )
( -339  20  -186  )
( -257  127  255  )
( 60  -162  -347  )
( -179  -230  312  )
( -249  -101  -254  )
( 251  263  317  )
( 324  13  -187  )
( 75  339  -166  )
( 155  267  348  )
( -150  259  22  )
( -38  -92  -334  )
( 110  165  -256  )
( 51  -295  262  )
( 258  139  289  )
( 252  -195  -115  )
( 26  -48  104  )
( 281  238  172  )
( -42  -303  71  )
( 277  63  -344  )
( 153  -140  147  )
( 86  229  193  )
( -293  178  157  )
( -287  -248  76  )
( -154  186  25  )
( 15  251  155  )
( 282  -148  2  )
( -121  67  7  )
( 175  102  -147  )
( -205  207  -42  )
( -93  49  121  )
( 334  -92  311  )
( 203  -7  -77  )
( 164  74  18  )
( 297  -285  -189  )
( 115  -158  144  )
( 333  120  -31  )
( -142  -266  -289  )
( 198  -2  -35  )
( 320  206  -84  )
( -236  109  202  )
( -303  -118  -120  )
( -284  -300  -243  )
( 9  -19  -43  )
( -310  -158  -33  )
( 273  -44  154  )
( 292  4  -81  )
( 269  38  178  )
( -77  298  56  )
( -237  174  230  )
( 166  -24  -141  )
( 107  295  -101  )
( 269  271  340  )
( -206  -323  -338  )
( 68  112  -298  )
( 241  275  14  )
( -93  -55  275  )
( 159  93  -24  )
( -83  274  -236  )
( -76  234  88  )
( 260  257  275  )
( 53  112  -305  )
( -107  260  191  )
( 296  189  -198  )
( 260  65  22  )
( 172  -243  -173  )
( -85  -13  94  )
( 168  182  155  )
( -64  325  136  )
( 65  208  -35  )
( -272  -240  -81  )
( -275  -17  -294  )
( -142  -206  303  )
( -220  -77  -71  )
( 277  -279  -321  )
( -282  205  -139  )
( -49  293  -105  )
( 284  -47  315  )
( 227  -331  -47  )
( 15  -214  310  )
( 302  -203  314  )
( 48  235  302  )
( 153  -109  348  )
( 221  301  274  )
( -333  194  233  )
( -172  186  -212  )
( -346  -235  -242  )
( -330  -247  257  )
( 174  51  -325  )
( 240  246  -303  )
( -4  -297  -261  )
( -117  -18  -275  )
( -220  -204  -13  )
( -91  -277  21  )
( 124  265  148  )
( -319  -303  342  )
( -157  55  -224  )
( -49  -220  -12  )
( 60  87  -260  )
( 73  -250  -277  )
( -278  240  267  )
( 317  257  -155  )
( -234  -111  -227  )
( 231  101  -234  )
( 41  -131  -117  )
( 216  -298  61  )
( 317  -264  -127  )
( -267  -36  29  )
( 99  161  -199  )
( -245  -274  -324  )
( 197  -14  -36  )
( -323  293  81  )
( -102  -343  -219  )
( 319  -137  159  )
( 216  174  41  )
( 150  67  12  )
( 55  -190  -102  )
( -123  245  165  )
( 43  -305  32  )
( 256  -225  -320  )
( -113  -24  60  )
( -119  -56  69  )
( -338  53  138  )
( 68  -60  -132  )
( -34  60  277  )
( 330  -213  -279  )
( 312  309  -201  )
( -14  -171  -140  )
( 75  -48  -328  )
( 49  -221  -184  )
( -57  59  -113  )
( -0  276  -96  )
( 23  162  -181  )
( 59  120  -61  )
( 39  -317  77  )
( -33  152  -233  )
( 278  -211  -309  )
( -328  -13  -332  )
( -300  304  -289  )
( 43  14  24  )
( 109  -288  196  )
( 172  294  315  )
( -184  133  78  )
( -132  -285  80  )
( 255  335  -24  )
( -19  97  -298  )
( -74  -346  -108  )
( 37  -23  -325  )
( 5  -56  -190  )
( 179  171  -200  )
( 8  337  -259  )
( 20  258  -268  )
( 230  8  159  )
( -278  -173  -38  )
( 239  -348  6  )
( 267  108  10  )
( -124  -100  202  )
( -185  289  221  )
( -87  -279  -57  )
( -159  -38  -264  )
( 210  5  132  )
( -160  91  284  )
( 216  -226  162  )
( 153  -318  -27  )
( -183  50  9  )
( 36  -113  -301  )
( -258  32  -269  )
( 95  -10  -82  )
( 146  -85  339  )
( -304  23  292  )
( -39  -289  249  )
( -153  -199  -109  )
( -188  191  158  )
( -348  103  -60  )
( 66  -3  343  )
( -171  -46  267  )
( -160  -112  -188  )
( -225  -278  -219  )
( 163  -102  56  )
( -78  -148  -107  )
( -243  331  -10  )
( -322  189  -112  )
( -235  35  -143  )
( 123  152  132  )
( 67  102  -215  )
( -254  197  -298  )
( -36  177  -155  )
( 81  -238  335  )
( 229  67  -25  )
( 136  -102  312  )
( -178  -133  -153  )
( -277  103  88  )
( -19  -193  -34  )
( 168  330  224  )
( 235  257  -144  )
( -47  -244  248  )
( -125  46  -129  )
( -230  80  -201  )
( -235  -270  -300  )
( -24  -309  -53  )
( 339  8  70  )
( 117  -313  -30  )
( 140  186  245  )
( -233  -186  148  )
( -80  232  -161  )
( 104  140  -113  )
( 249  -336  -173  )
( -114  225  199  )
( -58  -27  -95  )
( 275  232  100  )
( 173  323  106  )
( 58  -17  80  )
( 327  -226  301  )
( -125  147  61  )
( -160  -110  260  )
( 164  -309  -35  )
( -318  -120  259  )
( -116  241  106  )
( -220  136  -61  )
( 7  -227  347  )
( 147  -143  150  )
( 343  226  -72  )
( 322  -149  267  )
( -261  -338  -230  )
( 92  338  172  )
( -164  -64  193  )
( -136  -73  120  )
( 196  4  -153  )
( 16  148  288  )
( 278  -196  95  )
( 87  -225  165  )
( -36  343  216  )
( 295  0  -114  )
( 346  -289  -4  )
( 53  -52  -293  )
( -88  286  -321  )
( 173  135  -90  )
( 182  257  121  )
( 37  334  103  )
( 16  304  204  )
( 74  116  -253  )
( 47  -297  -16  )
( -202  27  207  )
( 206  -344  -276  )
( 286  95  -193  )
( 283  -25  139  )
( -172  149  155  )
( -278  291  -283  )
( -124  10  -190  )
( -147  95  -35  )
( -324  250  -28  )
( 153  258  -172  )
( 326  -188  136  )
( 260  269  -214  )
( -191  202  -89  )
( -122  -52  49  )
( -207  -148  169  )
( 280  328  -147  )
( 179  -284  13  )
( -146  -75  -264  )
( -337  348  -29  )
( -20  292  -186  )
( -335  330  32  )
( -121  23  35  )
( -54  307  -263  )
( -112  140  342  )
( 297  75  261  )
( -141  -43  275  )
( -210  -130  -13  )
( -96  -277  -86  )
( -147  -58  182  )
( -239  -219  -175  )
( 278  -280  -156  )
( -205  -242  15  )
( -3  -137  -338  )
( 266  133  -337  )
( -193  337  -162  )
( -47  130  -202  )
( 70  339  -308  )
( -218  -272  -298  )
( 332  348  -61  )
( 114  -278  -340  )
( 147  73  -145  )
( 345  -110  149  )
( -24  -137  -30  )
( 199  -40  -108  )
( 290  -26  346  )
( -327  -86  -269  )
( -335  115  -123  )
( -194  -19  -338  )
( -26  252  -101  )
( -133  128  122  )
( -49  -143  -204  )
( -288  60  179  )
( 255  -331  63  )
( 97  177  -28  )
( -326  -349  218  )
( 164  -199  298  )
( -296  156  182  )
( -67  225  40  )
( 120  106  -159  )
( 346  -176  143  )
( 341  79  74  )
( 204  -163  -320  )
( -206  137  -346  )
( 120  82  241  )
( 236  -192  -97  )
( 135  -18  69  )
( 37  -285  -266  )
( 284  102  -75  )
( -187  -52  96  )
( 286  134  -29  )
( -131  -49  -327  )
( -179  219  -207  )
( 215  120  307  )
( -331  -224  -25  )
( 69  -345  251  )
( 78  171  0  )
( -215  15  198  )
( -131  129  -196  )
( 31  307  90  )
( -67  -196  -42  )
( 262  -332  303  )
( -241  214  -236  )
( 88  -282  95  )
( -283  216  83  )
( -285  -321  -39  )
( -152  227  143  )
( 10  142  334  )
( 315  -314  91  )
( -250  -52  -274  )
( -308  194  -326  )
( -333  74  131  )
( 101  159  85  )
( 109  45  -132  )
( 67  -305  -326  )
( 27  -337  204  )
( -251  70  -169  )
( -227  -119  319  )
( -90  -77  10  )
( -25  270  250  )
( 193  -70  -333  )
( -119  -265  209  )
( -234  -332  -200  )
( 332  3  33  )
( 208  181  -275  )
( -112  52  -85  )
( -260  95  -61  )
( -345  337  -40  )
( 276  43  -249  )
( -106  214  196  )
( -260  -300  -151  )
( -319  81  290  )
( 0  341  -172  )
( -272  -323  -71  )
( 34  -207  -45  )
( 301  -66  14  )
( -32  -30  -333  )
( 48  -137  -308  )
( -229  97  239  )
( -315  -128  -86  )
( 160  -218  297  )
( -99  -40  212  )
( 199  38  71  )
( 137  127  -126  )
( -44  -214  -0  )
( 339  76  137  )
( 280  -181  -329  )
( -110  -324  -117  )
( 19  -197  -71  )
( 129  107  -323  )
( 94  -250  281  )
( 124  -132  209  )
( -136  -59  -156  )
( -181  173  -298  )
( 227  58  208  )
( -195  -120  -340  )
( 92  -86  209  )
( -186  -114  76  )
( 117  -209  311  )
( 78  241  219  )
( 233  -81  117  )
( -207  29  143  )
( 149  63  -165  )
( 213  9  -324  )
( 320  87  -277  )
( -173  -145  -151  )
( -329  235  290  )
( -334  -212  271  )
( -50  -197  -225  )
( 122  340  -121  )
( 229  -176  175  )
( 225  340  223  )
( 326  -275  196  )
( -33  270  195  )
( -267  -16  -80  )
( -243  163  -229  )
( -37  -75  -231  )
( 107  83  -186  )
( -3  -313  -241  )
( 93  -334  333  )
( -62  -259  -85  )
( 230  270  170  )
( -226  -192  -163  )
( 342  -164  10  )
( -38  -341  -279  )
( -324  -57  -136  )
( 184  35  -292  )
( 253  -319  74  )
( -115  -91  63  )
( -89  319  141  )
( 132  -34  -102  )
( -174  12  -179  )
( 53  -54  -180  )
( -301  -63  272  )
( 69  189  336  )
( 5  133  221  )
( 297  -319  296  )
( 14  -26  -71  )
( -155  322  -226  )
( 161  247  133  )
( 37  -143  140  )
( -301  -44  318  )
( -145  -3  -323  )
( -79  -235  -291  )
( -55  -56  -215  )
( 183  -41  35  )
( -4  243  120  )
( -86  -292  -345  )
( -257  -9  288  )
( -140  -142  20  )
( 162  344  -53  )
( -117  -61  -135  )
( -149  132  94  )
( 312  -158  190  )
( -22  -287  -291  )
( 287  28  -166  )
( -183  77  95  )
( 102  263  -276  )
( 192  82  262  )
( 2  -116  21  )
( 290  -107  -21  )
( 48  -120  274  )
( -128  -338  -41  )
( 331  -300  56  )
( 184  177  -173  )
( 257  -145  10  )
( 107  299  -171  )
( 313  263  237  )
( 140  32  215  )
( 328  -63  235  )
( -103  224  39  )
( -217  1  -167  )
( 207  -55  -129  )
( 258  338  137  )
( -195  110  -297  )
( -10  52  -47  )
( 219  -25  -79  )
( -219  87  -260  )
( -348  -160  24  )
( 9  214  -21  )
( 197  122  -177  )
( 148  -295  -143  )
( 187  13  -220  )
( 91  209  -247  )
( 212  318  -345  )
( 257  296  58  )
( -245  343  -255  )
( -63  -89  -173  )
( -79  160  -166  )
( 95  -129  -228  )
( 106  -125  234  )
( -223  -96  -82  )
( 149  -35  342  )
( 70  -156  75  )
( -79  -264  277  )
( 225  318  -293  )
( -302  -122  206  )
( -147  339  184  )
( -210  75  -213  )
( 0  -310  -98  )
( 54  305  -226  )
( 278  -220  171  )
( -19  -11  332  )
( 17  23  -74  )
( 144  181  -103  )
( 259  28  -274  )
( -68  328  133  )
( 94  -323  266  )
( -110  88  -170  )
( 303  -295  -66  )
( 3  -248  336  )
( -219  -119  -190  )
( -198  -195  294  )
( -133  277  101  )
( -204  -214  9  )
( -22  -175  2  )
( 297  205  235  )
( 85  329  205  )
( 151  -253  -161  )
( 144  180  6  )
( -77  192  3  )
( 131  141  -43  )
( -13  -239  -297  )
( -309  110  -43  )
( 27  322  151  )
( -158  283  -49  )
( -77  178  -110  )
( -301  23  298  )
( -200  -215  101  )
( -225  -163  122  )
( 262  58  187  )
( -46  124  -85  )
( -308  -19  -307  )
( -192  -190  125  )
( 7  249  -256  )
( -162  -346  182  )
( -219  -77  284  )
( -82  212  73  )
( -237  -174  -130  )
( 262  -6  154  )
( 56  320  -261  )
( -300  -324  316  )
( -173  -13  232  )
( -166  -310  -0  )
( 13  254  35  )
( 291  142  231  )
( 3  -254  -216  )
( -87  -340  0  )
( 107  18  -147  )
( -76  -187  71  )
( -102  -126  118  )
( 160  -254  304  )
( -22  1  -114  )
( -10  118  102  )
( 115  22  -215  )
( 267  342  -135  )
( 163  -60  -342  )
( 192  310  -312  )
( -42  -24  -84  )
( 299  -242  212  )
( 189  54  -242  )
( 205  -342  60  )
( -266  259  156  )
( -105  311  251  )
( 149  288  -214  )
( -39  331  0  )
( 315  -120  -133  )
( -231  127  294  )
( -139  292  251  )
( -334  206  197  )
( -148  185  130  )
( -180  349  -202  )
( 76  321  237  )
( -178  138  -120  )
( -333  -344  25  )
( -75  -72  295  )
( 172  26  -195  )
( 17  61  260  )
( 182  -222  -276  )
( 113  -8  -325  )
( -80  179  180  )
( -247  -194  120  )
( 324  4  -128  )
( -62  202  -333  )
( 193  -145  142  )
( -121  -269  33  )
( -64  309  -204  )
( 72  -198  42  )
( 187  -59  -6  )
( 54  15  127  )
( -213  -70  -280  )
( 232  220  49  )
( -115  -205  105  )
( 114  -180  -213  )
( 15  -84  243  )
( 293  5  -203  )
( -39  -23  -125  )
( 80  342  -81  )
( 13  -151  2  )
( 275  329  324  )
( -7  225  -288  )
( 318  -239  -13  )
( -145  -280  -190  )
( 186  297  -240  )
( -105  -155  -42  )
( 169  85  -108  )
( 83  -239  -265  )
( 201  336  -140  )
( 13  -335  -70  )
( 30  -143  -108  )
( 258  -29  -309  )
( 12  -277  199  )
( -329  146  -78  )
( 195  279  134  )
( 68  40  250  )
( -159  80  -336  )
( -79  -77  -199  )
( 253  -25  348  )
( -172  83  131  )
( 171  -333  -232  )
( 295  297  176  )
( -79  140  216  )
( 100  -280  195  )
( 5  -93  -217  )
( -321  -54  217  )
( -198  294  -312  )
( 33  -254  -201  )
( 153  -298  118  )
( 276  335  347  )
( -148  -113  188  )
( -56  -62  134  )
( 14  -316  -105  )
( 167  -330  -113  )
( 124  -230  83  )
( 53  -296  276  )
( -44  76  316  )
( 212  144  -348  )
( 243  213  73  )
( 247  174  -39  )
( 105  -106  -191  )
( -221  276  7  )
( 314  326  -232  )
( -251  -63  -20  )
( -189  -57  208  )
( 82  4  -45  )
( 44  -31  -58  )
( 158  301  -282  )
( 307  186  56  )
( -249  156  244  )
( 322  202  -309  )
( -233  -293  242  )
( 197  272  34  )
( 88  255  -123  )
( 92  127  103  )
( -255  -94  -67  )
( 195  -170  341  )
( 95  291  -221  )
( -195  184  -138  )
( 142  -169  170  )
( 22  -178  24  )
( -61  160  87  )
( 258  -330  -318  )
( -173  114  133  )
( 80  -307  330  )
( -16  -37  300  )
( -225  -82  -235  )
( 306  -287  10  )
( 244  -248  -210  )
( 312  -65  316  )
( 276  -249  263  )
( -207  7  33  )
( 64  235  177  )
( -281  -263  -332  )
( 227  68  -148  )
( -46  -154  171  )
( 51  -199  -86  )
( 93  -134  -313  )
( -81  -104  -155  )
( 310  -253  -288  )
( -331  -217  -253  )
( -325  -284  66  )
( -30  134  -189  )
( 124  -144  212  )
( -37  -72  323  )
( -217  -343  238  )
( -344  3  -281  )
( -25  220  -167  )
( -282  197  -59  )
( 342  -123  -154  )
( -132  49  -259  )
( -346  125  81  )
( -332  348  -32  )
( -232  -318  -319  )
( 241  -187  -324  )
( 152  31  -148  )
( 153  212  -157  )
( -293  328  -305  )
( 229  255  -96  )
( -202  10  331  )
( 212  64  93  )
( 21  -178  45  )
( -167  127  -106  )
( -154  296  -40  )
( -148  -336  326  )
( 43  53  36  )
( 344  -129  -226  )
( 221  112  -186  )
( 234  115  -71  )
( -37  -108  210  )
( -121  252  -4  )
( -16  -216  139  )
( 214  -277  19  )
( 37  -105  -261  )
( 115  -15  -108  )
( 73  -82  29  )
( 201  -321  43  )
( 309  293  -277  )
( -156  -324  200  )
( 194  -251  -15  )
( 63  309  209  )
( -117  -25  -313  )
( 292  164  -321  )
( -340  -133  -231  )
( -85  -102  -209  )
( -231  189  293  )
( -61  247  92  )
( -78  63  -52  )
( 163  317  -326  )
( 89  -84  -88  )
( -17  242  60  )
( 227  -115  242  )
( -211  -26  -105  )
( -58  -328  -120  )
( 70  343  -203  )
( 61  -268  94  )
( 4  282  10  )
( -128  82  340  )
( 112  -151  -232  )
( -106  -277  168  )
( 14  71  -171  )
( 55  296  171  )
( 264  -321  -55  )
( -194  -128  -78  )
( -77  180  -161  )
( -268  -342  49  )
( -207  26  232  )
( -221  -144  -124  )
( -79  190  232  )
( -46  136  -265  )
( -323  147  -338  )
( -329  65  -3  )
( -299  224  -87  )
( -226  -103  60  )
( 349  223  36  )
( -287  151  294  )
( -134  -233  -322  )
( 162  41  -177  )
( -80  -190  -285  )
( 320  -3  247  )
( -240  -184  -312  )
( -27  241  220  )
( -294  -337  -84  )
( 249  237  -276  )
( 31  -169  106  )
( -61  -156  -50  )
( -102  -327  270  )
( -197  -293  139  )
( -32  -312  -98  )
( -274  -146  -176  )
( -336  256  168  )
( -43  -331  -329  )
( 345  -65  -85  )
( 101  308  -46  )
( 293  -35  -11  )
( 188  249  -304  )
( -291  335  -131  )
( -270  249  100  )
( -86  183  196  )
( -196  123  56  )
( 301  -318  79  )
( -16  -102  -348  )
( -189  -341  -305  )
( 36  85  -195  )
( -237  -235  320  )
( 259  -297  -241  )
( -311  -84  -45  )
( -201  191  -35  )
( -20  16  204  )
( 55  -313  129  )
( 19  301  -139  )
( 10  80  23  )
( -331  323  118  )
( -207  314  14  )
( 220  -161  -115  )
( 210  200  156  )
( 169  46  -349  )
( 276  202  171  )
( -40  331  312  )
( -143  283  -321  )
( 47  336  -319  )
( 11  -71  20  )
( 293  149  29  )
( -188  267  -288  )
( 108  171  193  )
( -236  -303  127  )
( -345  -18  -22  )
( 275  239  45  )
( -25  186  -257  )
( -260  -51  -15  )
( -3  -98  112  )
( -309  -196  254  )
( -331  82  -349  )
( -196  339  215  )
( 335  -94  233  )
( -140  298  -187  )
( 233  -103  303  )
( -140  -313  -212  )
( 267  276  -272  )
( 147  339  314  )
( 26  -96  -205  )
( 152  -140  -343  )
( -245  38  -166  )
( -288  229  251  )
( -107  65  -221  )
( -62  112  294  )
( 104  -151  159  )
( -6  283  -323  )
( -208  264  226  )
( 326  -200  -73  )
( -5  -322  -302  )
( -228  -331  -337  )
( -181  342  327  )
( -271  -74  236  )
( -226  216  -297  )
( -6  44  342  )
( 201  209  -332  )
( 2  -122  202  )
( -143  -258  91  )
( 297  322  260  )
( -205  -234  -281  )
( 242  224  -144  )
( -183  -15  -57  )
( 275  -327  137  )
( 146  -32  -301  )
( 93  -111  287  )
( -134  -125  -327  )
( 102  73  199  )
( 331  -209  268  )
( -39  -240  218  )
( 242  -202  -300  )
( 32  -346  -67  )
( -146  263  280  )
( -126  62  -59  )
( 292  60  -282  )
( 10  105  -193  )
( -73  -253  -59  )
( 204  282  -130  )
( 2  186  332  )
( -169  -74  -230  )
( -321  -346  219  )
( 333  -219  -159  )
( -66  49  133  )
( -297  322  -285  )
( -286  -152  5  )
( -263  45  -62  )
( 274  -183  -38  )
( -290  -197  -200  )
( 60  221  91  )
( -268  293  282  )
( -190  -40  -317  )
( -331  -203  103  )
( 239  -108  -244  )
( -207  131  73  )
( 289  249  -97  )
( 303  1  323  )
( 201  -228  -71  )
( -343  279  152  )
( 190  -170  -273  )
( -153  -69  -97  )
( 5  339  -220  )
( -303  199  -170  )
( 335  204  -167  )
( 342  145  50  )
( -113  279  -44  )
( 332  255  174  )
( -141  -227  -140  )
( 207  96  248  )
( -58  303  -21  )
( -109  -13  -264  )
( -340  -1  317  )
( -327  106  -340  )
( 289  -202  213  )
( 287  -258  106  )
( -257  225  113  )
( 155  203  243  )
( 246  270  169  )
( 330  -233  -214  )
( 30  333  81  )
( -151  -164  334  )
( 342  90  315  )
( -56  42  -10  )
( -102  298  -331  )
( -53  -28  -115  )
( -247  76  -197  )
( -178  3  100  )
( -224  25  155  )
( -232  249  -109  )
( 84  -176  160  )
( -252  -244  282  )
( 43  46  -329  )
( 269  275  -347  )
( -242  -11  3  )
( -324  228  73  )
( 89  -161  6  )
( 207  104  -175  )
( 227  5  25  )
( 323  -230  253  )
( 314  211  116  )
( 33  -74  115  )
( 50  -34  24  )
( -67  -244  296  )
( 266  236  14  )
( -260  9  -119  )
( 166  160  -62  )
( -67  -24  -145  )
( -317  -67  -330  )
( 265  -339  276  )
( -237  185  -59  )
( -168  -291  -268  )
( -334  4  -316  )
( 174  216  -185  )
( -298  321  12  )
( 87  -304  157  )
( -93  -161  341  )
( -15  -209  -155  )
( -106  -74  -245  )
( -173  82  125  )
( 341  258  -236  )
( 118  -201  -254  )
( 95  247  126  )
( -177  -221  76  )
( 265  154  303  )
( 46  -339  -87  )
( -228  -283  97  )
( -15  -0  100  )
( 235  -134  128  )
( -111  348  283  )
( 145  -66  300  )
( -39  -288  -248  )
( -268  115  -95  )
( 145  321  280  )
( 128  329  60  )
( 216  -199  131  )
( 250  3  -340  )
( -187  210  156  )
( 341  -228  -136  )
( -227  246  -123  )
( 308  94  211  )
( 225  69  127  )
( -108  4  174  )
( 266  -193  -98  )
( 8  284  -195  )
( -217  -107  -211  )
( 14  304  13  )
( -267  272  -311  )
( -138  148  -147  )
( -39  -215  58  )
( 25  142  -260  )
( 239  186  -261  )
( 178  -163  -86  )
( -160  39  315  )
( 170  -270  5  )
( -320  -188  -329  )
( -347  229  317  )
( 226  342  114  )
( 79  -196  93  )
( -317  -298  -290  )
( 67  -143  266  )
( 329  -306  108  )
( -151  237  -213  )
( 69  305  -150  )
( -215  -93  -238  )
( 236  -338  141  )
( 325  236  333  )
( -239  52  -49  )
( -259  82  -180  )
( -281  -232  153  )
( -286  -305  276  )
( 6  111  -299  )
( 167  83  -214  )
( 102  78  281  )
( -187  -345  280  )
( -141  -233  101  )
( 273  38  27  )
( 290  221  99  )
( -342  93  199  )
( -284  303  -324  )
( -157  176  -210  )
( 305  -265  -32  )
( -316  99  -188  )
( -262  -222  -177  )
( -330  154  -110  )
( -65  -325  26  )
( 64  177  56  )
( 266  191  218  )
( -271  -35  -72  )
( 266  189  -2  )
( 46  165  -80  )
( 320  -106  -201  )
( 234  102  -79  )
( 154  -70  228  )
( -54  -108  149  )
( 138  -228  258  )
( -311  115  275  )
( -19  282  -272  )
( 316  138  -244  )
( 99  244  -191  )
( 167  139  16  )
( -39  2  208  )
( 277  191  -195  )
( 302  -4  26  )
( -50  240  -337  )
( -147  -347  -276  )
( 282  186  -30  )
( 285  102  277  )
( 61  -100  -217  )
( 334  -199  -202  )
( -120  105  -37  )
( -266  -236  -77  )
( -121  284  269  )
( 121  -84  333  )
( 341  156  -120  )
( 220  40  152  )
( 345  100  -288  )
( 251  -3  -233  )
( 138  -257  -127  )
( 179  186  -315  )
( 177  71  -226  )
( -166  247  8  )
( -243  -269  -303  )
( -163  85  43  )
( -302  -202  267  )
( 191  -219  -105  )
( 247  -65  -60  )
( 119  76  -162  )
( 213  -206  -276  )
( 280  -104  211  )
( 205  -200  74  )
( -18  -317  -209  )
( 170  47  314  )
( 66  -16  82  )
( 124  -44  171  )
( 300  -152  -296  )
( 17  152  -340  )
( -221  189  28  )
( 65  62  49  )
( -56  -300  -266  )
( -4  153  282  )
( 273  155  300  )
( -15  -85  228  )
( -43  -92  -266  )
( -195  144  -72  )
( -279  -87  -40  )
( 221  -131  -117  )
( 234  -206  95  )
( -32  -313  222  )
( 243  285  207  )
( 221  37  -271  )
( 12  142  159  )
( 117  -44  -41  )
( -213  -193  -278  )
( 255  24  -55  )
( 208  -247  -93  )
( 186  340  -331  )
( -163  -89  -174  )
( -35  223  60  )
( 94  61  -284  )
( 130  230  -149  )
( -256  -318  -19  )
( -44  -299  297  )
( 188  -163  39  )
( 220  275  -195  )
( 199  -163  192  )
( -121  -50  31  )
( 318  309  327  )
( -133  24  165  )
( -191  250  -34  )
( 107  132  -217  )
( -322  -272  323  )
( -177  -262  -99  )
( -210  -168  -128  )
( 309  -79  -276  )
( -74  -91  262  )
( 300  -119  -308  )
( -113  2  -320  )
( 211  -63  -233  )
( 55  77  -349  )
( -137  -246  -188  )
( -161  -238  288  )
( -334  -303  4  )
( 149  -263  -27  )
( -188  -118  83  )
( 304  201  58  )
( -217  336  41  )
( 55  -197  297  )
( -81  -255  -329  )
( 194  95  181  )
( 256  -333  227  )
( 172  156  201  )
( -334  -13  46  )
( 261  -80  115  )
( 109  -316  280  )
( 47  64  72  )
( 99  -163  338  )
( 211  167  149  )
( 117  -312  338  )
( 223  -217  -229  )
( 349  248  -204  )
( 182  -300  -90  )
( -38  323  -174  )
( 89  -14  283  )
( -6  142  -151  )
( -153  53  -57  )
( -48  11  -233  )
( -221  101  -90  )
( -38  212  -6  )
( 312  -30  86  )
( 235  -290  91  )
( 150  12  -258  )
( -278  218  32  )
( 278  21  -127  )
( -305  -294  95  )
( -33  324  -319  )
( -73  175  332  )
( -304  -189  94  )
( -237  33  -287  )
( -323  94  104  )
( -8  170  -38  )
( 333  -15  36  )
( -67  48  81  )
( -15  81  346  )
( 208  -155  292  )
( -326  204  138  )
( -268  109  281  )
( 126  -189  345  )
( -148  -0  119  )
( -154  -114  137  )
( -144  266  13  )
( 75  -264  349  )
( -136  218  -261  )
( 174  233  147  )
( 75  -46  -236  )
( -71  262  -279  )
( -0  13  85  )
( 172  221  290  )
( 130  258  284  )
( 229  -281  302  )
( -4  -153  342  )
( 119  -296  -158  )
( 54  -4  305  )
( 200  237  99  )
( -272  308  299  )
( -125  -78  -340  )
( 67  -258  -250  )
( -5  -324  -12  )
( -83  -189  -188  )
( -256  -298  173  )
( 199  -306  -110  )
( 57  -124  189  )
( -231  160  -151  )
( -10  264  321  )
( 213  63  -115  )
( 336  -212  -267  )
( 253  293  286  )
( -126  257  -104  )
( -329  -312  -241  )
( -175  -249  238  )
( -166  80  271  )
( -70  -261  97  )
( -73  90  294  )
( 303  -60  153  )
( 118  82  -107  )
( 235  -104  42  )
( -223  -271  278  )
( -288  106  -204  )
( -116  68  190  )
( -20  -297  82  )
( -322  -163  142  )
( -209  -49  250  )
( 347  -218  -209  )
( 44  -57  9  )
( -69  46  347  )
( -124  72  -149  )
( -243  -87  -306  )
( -22  -273  235  )
( 99  128  -102  )
( -66  156  -142  )
( 315  242  -343  )
( 163  51  10  )
( 80  -321  -94  )
( -165  119  8  )
( -277  -265  302  )
( 185  104  2  )
( -178  327  -52  )
( 17  303  77  )
( 12  -126  159  )
( -316  -121  305  )
( 122  -51  -276  )
( 309  294  -66  )
( 99  17  -19  )
( 238  6  274  )
( -329  -341  35  )
( -176  144  -265  )
( -51  -106  126  )
( 273  -299  152  )
( -100  -341  42  )
( 274  257  -202  )
( 265  -204  -98  )
( -116  -135  230  )
( 21  145  -77  )
( -217  -244  305  )
( 297  -0  182  )
( -75  144  -217  )
( -118  185  41  )
( 262  -150  -313  )
( 16  200  225  )
( -320  -239  172  )
( 168  31  232  )
( -288  47  265  )
( -289  11  345  )
( 201  -212  243  )
( -198  -262  -38  )
( 282  -344  267  )
( 253  105  251  )
( 83  -25  -91  )
( 131  -3  46  )
( 143  167  -102  )
( 47  136  -311  )
( 96  102  -114  )
( 307  -284  211  )
( 308  -39  -275  )
( 140  -288  52  )
( 291  79  -102  )
( -89  148  -220  )
( -300  -147  74  )
( 74  98  16  )
( 243  -198  21  )
( 64  4  67  )
( -16  312  250  )
( 187  -29  146  )
( 123  114  -335  )
( -243  -314  239  )
( -6  -243  -269  )
( 6  310  117  )
( 97  324  -21  )
( 34  63  -43  )
( 20  196  209  )
( 154  -163  -238  )
( -307  185  344  )
( -304  -33  294  )
( -178  -68  43  )
( -16  139  -309  )
( -316  -135  285  )
( -310  262  -261  )
( 43  239  215  )
( -273  -255  235  )
( 260  61  347  )
( 84  235  -57  )
( -110  67  -151  )
( 331  275  -0  )
( -160  -240  211  )
( 27  267  -4  )
( -264  -144  291  )
( -87  -150  -172  )
( 88  -208  -81  )
