( -18  -39  -248  )
( -326  -152  -151  )
( 265  -176  336  )
( -281  -204  167  )
( 18  -43  280  )
( -194  -325  -105  )
( -250  196  258  )
( -218  86  -286  )
( 29  144  26  )
( -107  -325  -205  )
( 137  273  -278  )
( -285  -97  29  )
( -344  -236  349  )
( -320  51  280  )
( -138  -308  17  )
( -306  341  178  )
( -104  321  -214  )
( -114  118  145  )
( 66  -213  -243  )
( -242  -163  -224  )
( -222  -121  -6  )
( -40  -318  -38  )
( 9  -48  107  )
( 243  151  100  )
( 314  -235  53  )
( 1  212  -201  )
( 179  -26  -48  )
( 306  -45  -43  )
( -330  -224  -175  )
( -113  -194  -31  )
( -27  116  -341  )
( 53  151  42  )
( -153  -253  120  )
( 110  -143  -25  )
( -285  -342  125  )
( 108  26  39  )
( -23  249  -230  )
( -70  -200  -150  )
( -196  146  151  )
( -227  168  -44  )
( -272  3  145  )
( -150  217  277  )
( -1  108  -172  )
( 21  -73  92  )
( -106  -40  74  )
( -146  -339  -48  )
( 301  7  237  )
( -348  198  -305  )
( 244  233  265  )
( -147  -98  -110  )
( -108  -56  49  )
( 220  177  136  )
( -271  269  -140  )
( 322  193  8  )
( 42  -145  139  )
( -251  99  -272  )
( -269  -198  -304  )
( -275  347  43  )
( 235  -19  211  )
( 330  -108  -253  )
( -75  -254  -322  )
( 256  -208  192  )
( 313  100  324  )
( -257  -270  335  )
( -66  8  -251  )
( 284  330  -101  )
( -180  41  -22  )
( -228  -127  186  )
( -345  -338  -243  )
( 197  44  82  )
( 264  -275  -54  )
( -315  61  -294  )
( -226  -14  80  )
( 5  311  -210  )
( 196  19  218  )
( -173  129  233  )
( -278  -251  303  )
( 47  46  187  )
( 42  -28  -324  )
( -86  -283  -303  )
( 205  -127  39  )
( 349  -236  225  )
( -221  -348  27  )
( -285  -107  306  )
( 252  -32  -94  )
( -64  -34  227  )
( -164  109  -252  )
( -68  317  -145  )
( 23  42  81  )
( 9  336  -189  )
( 2  -238  -213  )
( 135  -276  143  )
( -198  -68  -132  )
( -63  191  -293  )
( -82  -334  -22  )
( -302  -42  -161  )
( -236  -245  -32  )
( -292  147  143  )
( -185  37  215  )
( -245  236  146  )
( -160  56  -333  )
( 128  338  309  )
( -70  -8  107  )
( -190  -241  -281  )
( -270  133  31  )
( -50  -55  144  )
( 122  25  -279  )
( 30  148  -195  )
( 66  120  83  )
( 205  -190  -294  )
( -104  -146  -244  )
( -261  -3  132  )
( -233  218  329  )
( 103  -165  309  )
( 9  221  -116  )
( -193  34  115  )
( 348  -23  140  )
( -156  229  -344  )
( -220  -19  342  )
( 141  -222  -64  )
( 218  -100  -52  )
( -89  30  284  )
( 75  265  -283  )
( -233  -41  328  )
( -321  186  -149  )
( -5  -201  -322  )
( -207  -206  -31  )
( -79  151  339  )
( -83  -293  277  )
( 141  185  -145  )
( 91  115  -214  )
( 9  222  254  )
( -117  -214  199  )
( 165  276  287  )
( 326  87  139  )
( -143  -74  -313  )
( -335  -281  86  )
( 330  -140  -188  )
( 316  -7  219  )
( 326  -1  -189  )
( 348  -19  -134  )
( 249  -106  51  )
( 3  148  39  )
( 299  -214  -287  )
( -86  -327  113  )
( 7  257  92  )
( -133  263  91  )
( -290  63  60  )
( 345  90  19  )
( 229  -243  -179  )
( 328  -104  -166  )
( -30  -189  -145  )
( -5  248  291  )
( -76  -71  -214  )
( -221  156  -313  )
( 314  135  92  )
( 201  279  140  )
( 92  -194  -284  )
( -33  91  -129  )
( -168  -57  -156  )
( 0  -1  248  )
( 240  -165  105  )
( -300  -257  -208  )
( 132  -7  325  )
( 294  -5  31  )
( -322  -42  -161  )
( -208  83  -21  )
( 174  131  -318  )
( -65  -27  -77  )
( -19  -161  -104  )
( 267  -284  -89  )
( 212  -220  308  )
( -193  263  335  )
( -138  -114  -254  )
( -218  -59  71  )
( 300  -140  -226  )
( 311  186  -200  )
( -208  199  -157  )
( -150  272  -57  )
( -189  35  280  )
( 8  243  334  )
( 153  237  156  )
( 36  -315  -302  )
( 181  -194  320  )
( 341  -222  345  )
( 231  -277  322  )
( -1  -294  -299  )
( -175  -165  274  )
( -41  -308  -93  )
( 72  222  305  )
( -45  -339  -265  )
( -326  -36  260  )
( -185  -339  24  )
( 42  -5  341  )
( 139  -84  296  )
( 59  51  152  )
( -258  325  -319  )
( 102  -107  -321  )
( -110  296  280  )
( -249  108  -55  )
( -312  227  -75  )
( 203  283  -199  )
( -5  -4  136  )
( 40  343  90  )
( 267  35  9  )
( -109  318  -93  )
( 142  327  -151  )
( 85  -12  308  )
( 33  -50  207  )
( 87  -54  -261  )
( 127  226  -11  )
( -122  -111  123  )
( 277  -264  -47  )
( -286  -152  281  )
( 223  -203  -211  )
( -154  93  -290  )
( 291  57  347  )
( 196  -105  -223  )
( 87  57  -56  )
( 58  -286  -186  )
( 81  210  135  )
( 263  -237  266  )
( 256  199  -289  )
( 95  -302  -274  )
( -106  -76  -124  )
( -133  94  -136  )
( 263  97  223  )
( -311  -91  120  )
( 229  182  -270  )
( 107  -318  2  )
( -274  -36  292  )
( 332  -81  93  )
( 347  -259  57  )
( 182  -105  -99  )
( -325  139  -311  )
( 68  76  227  )
( -129  91  308  )
( 250  95  -239  )
( 53  330  -288  )
( -260  25  -144  )
( 340  115  47  )
( -106  162  283  )
( -203  87  279  )
( -237  -202  302  )
( -240  -45  212  )
( -242  25  -210  )
( 232  138  -2  )
( -138  142  -205  )
( -300  128  -106  )
( -104  -337  -61  )
( 43  -148  186  )
( 137  -70  348  )
( -206  -145  147  )
( -305  80  44  )
( -14  160  -202  )
( -147  226  88  )
( 339  -105  247  )
( 346  -130  -218  )
( 296  326  -102  )
( -110  225  93  )
( -210  -179  -175  )
( -231  305  -85  )
( 40  -61  68  )
( 36  313  41  )
( 289  49  261  )
( 216  -339  -11  )
( -157  -323  -348  )
( -252  314  -5  )
( -300  -138  192  )
( 156  54  248  )
( -13  -349  206  )
( 144  -198  -304  )
( -201  -299  -245  )
( 15  139  -214  )
( 286  155  348  )
( -2  269  -324  )
( 152  188  185  )
( -52  13  -253  )
( -124  114  -280  )
( 83  -58  139  )
( 162  -104  89  )
( -306  -14  163  )
( 32  326  130  )
( 230  -336  -180  )
( -181  -331  -109  )
( -132  346  198  )
( 213  237  -298  )
( 33  191  21  )
( 63  -100  -87  )
( 52  168  157  )
( 317  111  -143  )
( 202  -206  -315  )
( -120  38  7  )
( 47  331  -202  )
( 155  260  -297  )
( 57  -225  111  )
( -284  103  331  )
( 185  -203  -107  )
( -296  -114  43  )
( 26  -70  -85  )
( -18  57  -270  )
( -276  46  -335  )
( 234  33  -324  )
( 305  174  247  )
( -20  45  254  )
( 261  139  -258  )
( -332  339  -270  )
( -33  112  330  )
( 131  191  -155  )
( 240  90  280  )
( -35  -336  -165  )
( 230  174  84  )
( -208  308  349  )
( -101  -60  -59  )
( -101  -181  342  )
( 55  -302  112  )
( -196  223  106  )
( -78  -231  -182  )
( -223  -40  -170  )
( 253  286  -246  )
( 143  -302  -35  )
( 73  343  -231  )
( -85  -169  206  )
( -253  -216  -294  )
( -4  267  -217  )
( -335  301  7  )
( 203  153  329  )
( -244  139  102  )
( -234  142  68  )
( -157  296  -110  )
( 67  211  187  )
( -336  307  59  )
( -348  198  123  )
( 287  -135  16  )
( -197  122  213  )
( -259  220  165  )
( 203  -89  27  )
( -275  45  222  )
( -237  -41  -264  )
( 264  165  -61  )
( 145  -22  -44  )
( -328  -249  116  )
( -127  25  -232  )
( -332  -147  246  )
( 54  -15  -336  )
( 42  238  -13  )
( -273  -220  311  )
( -336  165  197  )
( 124  -262  -249  )
( 46  -131  -103  )
( -210  297  -307  )
( -264  206  -33  )
( -109  -189  -197  )
( 271  275  -166  )
( -161  -296  -288  )
( 271  -184  -64  )
( -73  229  326  )
( -331  19  234  )
( 146  -1  -322  )
( 54  254  -214  )
( 15  -338  197  )
( 163  -278  -349  )
( -198  47  111  )
( 204  -191  269  )
( -137  102  -228  )
( 82  -183  145  )
( 6  164  340  )
( -143  333  171  )
( -58  -173  -40  )
( 159  -297  54  )
( -195  -277  54  )
( 341  -153  16  )
( -223  114  -214  )
( 126  -10  202  )
( 81  275  84  )
( -242  234  231  )
( -323  -33  -298  )
( 265  176  -47  )
( -127  -68  -267  )
( -31  176  339  )
( 242  298  -198  )
( -61  16  -90  )
( 278  220  86  )
( -69  -252  132  )
( -280  -140  -189  )
( -150  54  137  )
( 184  -243  -292  )
( 27  -31  50  )
( -193  219  143  )
( -255  -14  -161  )
( 4  -79  312  )
( 101  218  -305  )
( 127  -278  -335  )
( -296  -349  214  )
( 313  -229  134  )
( 318  -97  290  )
( -276  133  -120  )
( 150  -119  -131  )
( -21  140  144  )
( -48  -234  235  )
( -337  -119  122  )
( 327  39  -191  )
( -181  -320  -269  )
( -149  54  -311  )
( 37  6  75  )
( 137  -90  -208  )
( -298  303  90  )
( -200  -223  -274  )
( 314  124  283  )
( 310  22  -4  )
( 222  -274  -304  )
( -278  -248  145  )
( 38  -43  -158  )
( 319  -87  150  )
( 216  245  -120  )
( 347  -144  75  )
( 126  91  281  )
( -38  -21  257  )
( 253  329  -129  )
( 6  317  116  )
( -277  87  -57  )
( 91  86  -62  )
( 111  139  -298  )
( 241  27  65  )
( -281  -310  47  )
( -77  165  -302  )
( -173  -248  316  )
( 126  -274  -317  )
( -194  -204  159  )
( -102  -160  -16  )
( -341  162  -329  )
( 318  315  -116  )
( 2  218  -288  )
( 93  -25  163  )
( 261  -23  339  )
( 211  69  -217  )
( -289  -253  98  )
( 12  -102  -136  )
( -175  7  146  )
( -8  237  68  )
( 102  230  137  )
( -198  233  241  )
( 18  201  57  )
( 292  -256  201  )
( 91  -278  -73  )
( -22  -272  -256  )
( 75  -325  128  )
( 275  249  -90  )
( -208  -43  295  )
( 263  -256  -99  )
( -45  56  343  )
( 204  -31  -220  )
( 184  -101  -268  )
( -22  95  168  )
( -262  -95  195  )
( -247  -124  -218  )
( 310  4  -189  )
( -32  -118  205  )
( -28  -237  193  )
( -177  86  54  )
( 82  -132  -128  )
( 96  -181  303  )
( -194  272  -234  )
( 163  -85  -100  )
( 25  -297  17  )
( 57  282  237  )
( 308  -290  55  )
( 76  16  262  )
( -237  107  -98  )
( -334  81  -23  )
( -179  134  -188  )
( 29  -92  -208  )
( 233  -260  175  )
( -135  -141  -81  )
( 210  209  6  )
( -99  256  -51  )
( 68  87  219  )
( 222  291  -156  )
( -261  -94  -267  )
( -129  -42  345  )
( -258  -56  -69  )
( 127  113  -142  )
( -179  271  234  )
( -229  342  -199  )
( 278  -276  150  )
( 283  125  237  )
( 325  -287  -156  )
( -251  -80  -342  )
( 133  105  -99  )
( 112  272  -213  )
( 237  319  4  )
( 160  -224  -74  )
( 257  42  -242  )
( 63  -294  321  )
( 87  -260  285  )
( 4  -57  -169  )
( -82  191  217  )
( -49  200  250  )
( 287  -177  341  )
( -175  -293  82  )
( 93  -302  154  )
( 135  -302  -272  )
( 73  119  148  )
( -255  83  -32  )
( 308  -102  134  )
( 102  -280  -277  )
( 249  -130  234  )
( -7  -155  -338  )
( -22  21  -78  )
( -35  -92  -57  )
( -284  -22  110  )
( 287  -207  -15  )
( 255  -281  5  )
( -325  333  134  )
( 66  -214  117  )
( -206  120  -345  )
( -119  32  59  )
( -191  -318  89  )
( -253  106  151  )
( -73  7  304  )
( -11  -51  -151  )
( -85  -242  224  )
( 109  322  55  )
( -346  129  163  )
( 152  178  -332  )
( -216  146  -226  )
( -279  85  304  )
( -234  -301  -170  )
( 312  150  -124  )
( -2  -47  297  )
( 314  231  44  )
( -197  -211  -252  )
( 44  -245  127  )
( -28  -289  -266  )
( 102  155  173  )
( -270  -196  -251  )
( 280  293  -178  )
( -322  118  -243  )
( 76  136  -4  )
( -194  -228  -290  )
( 332  -58  212  )
( -83  224  -133  )
( -275  -98  -188  )
( -345  -46  55  )
( 279  74  -138  )
( 284  2  -205  )
( 24  -181  -61  )
( 32  -256  -65  )
( 322  -129  -178  )
( -104  -101  246  )
( 53  292  96  )
( 328  22  84  )
( 180  337  -253  )
( 37  190  -205  )
( 4  38  5  )
( 304  127  279  )
( 176  137  -245  )
( 205  13  105  )
( -172  -290  -19  )
( -268  -255  1  )
( -262  148  -263  )
( 69  143  -21  )
( 236  -80  216  )
( -163  -158  39  )
( 42  -191  -86  )
( -205  -192  233  )
( -285  -212  -287  )
( 324  310  -48  )
( -232  244  137  )
( -2  -319  -295  )
( -35  299  286  )
( 26  -341  -280  )
( 281  44  -2  )
( -285  164  119  )
( -342  -161  -179  )
( -218  73  195  )
( 186  35  333  )
( 121  -201  -317  )
( 277  322  88  )
( -318  -267  -133  )
( -136  190  -71  )
( -69  -94  -64  )
( -290  -330  -207  )
( 131  144  -283  )
( -37  117  288  )
( -255  -279  -346  )
( -25  -59  263  )
( -179  -187  -150  )
( -41  -159  -290  )
( -93  329  -46  )
( 13  9  90  )
( 191  -273  208  )
( 40  -173  17  )
( 141  58  -232  )
( -90  -219  27  )
( 261  164  -341  )
( 172  121  233  )
( 35  -138  -185  )
( 140  -232  346  )
( 235  92  8  )
( -18  316  -336  )
( 45  266  105  )
( 62  191  -246  )
( 324  -308  -192  )
( -35  76  -291  )
( -267  115  -49  )
( -328  291  120  )
( 314  321  -176  )
( 105  -191  -305  )
( 231  337  39  )
( -237  36  -172  )
( 15  18  -45  )
( 295  -173  -83  )
( -53  165  204  )
( 191  -129  172  )
( -323  65  -223  )
( -343  76  -308  )
( 147  233  302  )
( -301  130  124  )
( -179  231  -312  )
( 324  -116  -122  )
( 235  332  -38  )
( -309  -130  119  )
( 25  57  150  )
( 50  273  98  )
( -144  75  142  )
( -347  -224  253  )
( -333  287  70  )
( -118  80  328  )
( -343  299  -236  )
( 125  -189  -214  )
( 281  58  -206  )
( 126  -207  -127  )
( 272  107  -19  )
( -319  -340  270  )
( -302  -153  -288  )
( -17  29  181  )
( 305  116  171  )
( -35  -187  93  )
( 229  4  -309  )
( 190  -346  -274  )
( -156  303  -38  )
( -277  342  -14  )
( 196  -283  232  )
( -34  -86  -274  )
( -343  255  -105  )
( -178  -249  -34  )
( 236  87  -24  )
( 54  253  -169  )
( 131  303  121  )
( -267  -195  193  )
( 198  -100  283  )
( 128  345  -47  )
( -287  295  169  )
( 31  -194  -285  )
( 200  300  -114  )
( 155  -254  -101  )
( -243  -123  73  )
( -313  305  -306  )
( 13  -11  32  )
( -93  -72  133  )
( -260  -93  101  )
( 236  329  48  )
( -202  -28  230  )
( -15  293  103  )
( 276  -25  -11  )
( 187  12  257  )
( 155  -329  224  )
( -293  -328  -105  )
( 301  186  319  )
( 275  -320  -225  )
( -285  -101  333  )
( 198  348  -217  )
( -273  136  142  )
( 54  215  -321  )
( 80  -74  205  )
( 58  308  -295  )
( 307  -113  151  )
( -291  173  -332  )
( 36  -215  -99  )
( -51  -56  125  )
( 137  296  -215  )
( 216  20  225  )
( 2  95  225  )
( 170  307  -213  )
( -82  73  200  )
( 270  -346  123  )
( -110  -259  -88  )
( -212  226  -179  )
( 32  -277  313  )
( 40  -155  -189  )
( -51  116  9  )
( 144  -176  201  )
( -319  -344  -28  )
( 72  58  -1  )
( -179  -25  -42  )
( -61  41  32  )
( -133  -81  -35  )
( -106  -237  -308  )
( 82  -189  -143  )
( 281  -18  230  )
( 85  268  74  )
( -37  264  71  )
( -337  -294  284  )
( -103  108  -179  )
( -194  103  -93  )
( -210  -144  158  )
( -289  -151  -242  )
( -260  187  110  )
( 222  -126  101  )
( 51  195  -92  )
( -60  -332  -30  )
( -208  349  -91  )
( -242  19  179  )
( 53  7  -292  )
( -220  100  -33  )
( -19  -104  55  )
( -81  -257  143  )
( 339  -194  -151  )
( 83  -22  -239  )
( 75  -230  313  )
( 340  245  -145  )
( -254  -247  -283  )
( 120  143  -204  )
( 273  13  224  )
( 48  -26  -320  )
( -138  -243  306  )
( -257  207  268  )
( -264  170  -106  )
( -250  -91  3  )
( -83  328  68  )
( 30  130  318  )
( -181  108  304  )
( 162  -243  -95  )
( 6  73  -55  )
( -144  190  -221  )
( 292  -20  -262  )
( 186  234  -189  )
( 228  279  1  )
( -8  242  -124  )
( -94  208  -255  )
( -336  327  -167  )
( -8  195  -216  )
( -243  16  69  )
( 221  166  -137  )
( -256  -276  138  )
( -175  -140  -87  )
( 165  -178  -83  )
( 133  198  -34  )
( 56  151  -138  )
( 275  -166  107  )
( 285  116  -139  )
( 159  26  -57  )
( 140  -171  -110  )
( -121  -80  175  )
( 18  -288  -132  )
( 216  -159  -207  )
( -12  -320  -206  )
( -180  -311  217  )
( 57  -106  124  )
( 96  79  -20  )
( -162  -15  -57  )
( -165  -6  -218  )
( -98  -21  -170  )
( 81  -240  254  )
( -170  -137  21  )
( -96  -14  -72  )
( 242  133  -153  )
( 57  -82  -30  )
( -229  -1  -218  )
( 35  47  -189  )
( -344  -161  -141  )
( -210  -3  -89  )
( -170  -276  162  )
( -216  244  -249  )
( 264  -132  93  )
( -7  149  -155  )
( -257  -127  -183  )
( -104  230  -15  )
( 191  209  -227  )
( -223  216  -248  )
( -246  145  29  )
( 235  -32  -2  )
( 260  -314  -236  )
( -296  -209  259  )
( 70  -250  -325  )
( -38  314  -298  )
( 72  -233  -52  )
( -309  -280  146  )
( 129  200  -224  )
( -219  -158  -77  )
( -327  201  -22  )
( -192  324  -276  )
( 329  217  -187  )
( -123  118  -2  )
( 322  210  -20  )
( 182  -5  -173  )
( -180  -320  259  )
( 45  242  -305  )
( 193  36  338  )
( -256  298  294  )
( 277  179  -131  )
( 21  -339  78  )
( 211  -258  54  )
( -26  127  219  )
( 321  18  337  )
( -149  42  122  )
( -100  167  4  )
( 286  34  82  )
( 194  127  338  )
( -268  -94  232  )
( 150  -71  -115  )
( 241  -204  -32  )
( -286  122  21  )
( 38  306  -144  )
( 1  46  -190  )
( -197  121  110  )
( -240  143  -310  )
( 220  -138  -278  )
( 75  154  52  )
( -293  -109  196  )
( -89  109  4  )
( 203  -134  167  )
( 212  58  200  )
( -126  -4  -334  )
( -252  174  213  )
( 290  326  -223  )
( -204  -332  -193  )
( -263  -96  150  )
( 146  -145  210  )
( -325  267  242  )
( -101  -232  119  )
( 344  -197  309  )
( 48  -265  -246  )
( -194  -45  -26  )
( -191  337  -273  )
( -111  -244  -242  )
( 230  275  -43  )
( -248  307  -288  )
( 185  -265  142  )
( -289  -233  222  )
( -22  304  -284  )
( -247  -123  171  )
( 24  -183  5  )
( 163  155  -238  )
( 95  -78  -129  )
( 0  -346  339  )
( -178  -93  -108  )
( 342  -329  -277  )
( -123  -111  -188  )
( -207  146  48  )
( -183  224  -251  )
( 210  -24  36  )
( -4  -319  -327  )
( 185  226  -268  )
( 251  337  166  )
( -252  -290  146  )
( 118  89  263  )
( -137  -330  293  )
( -208  -88  -214  )
( -285  -159  37  )
( -258  -63  27  )
( -325  76  47  )
( -282  48  -70  )
( -51  119  -116  )
( -196  -8  -305  )
( 133  -254  -278  )
( -129  174  108  )
( 112  -137  4  )
( -111  266  -62  )
( 256  254  -45  )
( 0  129  305  )
( 260  -266  168  )
( -66  -105  45  )
( -288  213  -229  )
( 91  -110  31  )
( -50  -93  -221  )
( -264  197  -218  )
( -29  257  269  )
( 347  -14  181  )
( -294  -293  5  )
( 314  116  -240  )
( -195  188  311  )
( -192  -287  72  )
( 341  -90  125  )
( 138  278  -45  )
( -334  333  -270  )
( 278  272  -308  )
( 7  125  336  )
( -333  -70  -342  )
( -227  -294  -271  )
( -159  -33  -189  )
( -58  180  309  )
( -305  187  -138  )
( -179  152  -20  )
( -235  -217  277  )
( -294  -318  -306  )
( -211  -301  -255  )
( 108  -32  -193  )
( -187  -345  -273  )
( 289  149  -308  )
( -59  -326  123  )
( -165  331  -312  )
( 20  212  278  )
( 73  234  243  )
( -154  -110  -112  )
( 111  321  -305  )
( -67  144  -41  )
( 343  -161  318  )
( 191  19  231  )
( -228  -242  -57  )
( 105  4  -164  )
( -127  19  -227  )
( 49  -100  150  )
( -90  -112  76  )
( 127  82  -290  )
( 232  23  228  )
( -300  205  146  )
( -84  86  -148  )
( 211  -312  122  )
( -292  135  -52  )
( -190  -281  -264  )
( -69  -237  -215  )
( 324  -100  256  )
( -54  9  -167  )
( 215  80  -194  )
( -20  -69  224  )
( -143  21  -89  )
( 213  -80  321  )
( -165  -290  11  )
( -92  348  -302  )
( -172  -111  209  )
( -289  -234  210  )
( 228  -316  338  )
( 50  -286  184  )
( 156  331  -276  )
( -290  -73  41  )
( 42  -110  337  )
( -129  104  -263  )
( 41  102  22  )
( 276  -118  -250  )
( 5  -51  331  )
( 111  -148  -107  )
( 178  -190  299  )
( 236  321  24  )
( 75  -69  -56  )
( 272  -247  56  )
( 202  -36  -105  )
( -215  249  0  )
( -198  341  -49  )
( -121  305  206  )
( -253  343  -320  )
( -256  313  22  )
( -25  -271  -229  )
( -48  -333  130  )
( 140  164  199  )
( -78  -127  29  )
( -179  -52  235  )
( -307  -30  -181  )
( 144  132  -168  )
( -69  -101  211  )
( 297  77  21  )
( 123  286  24  )
( -59  53  110  )
( 291  119  204  )
( 80  -127  -121  )
( -120  237  -308  )
( 170  -262  -203  )
( -124  131  -232  )
( -340  162  2  )
( -298  -89  -5  )
( 242  105  7  )
( -325  -300  -239  )
( 37  186  -115  )
( -323  -236  -228  )
( -70  -169  279  )
( 259  -297  181  )
( 152  101  163  )
( -201  -102  -207  )
( -227  -79  -200  )
( -63  -203  -21  )
( 210  100  -113  )
( -178  246  74  )
( 29  18  324  )
( -186  -96  17  )
( -110  -43  37  )
( 126  -196  -137  )
( -59  -74  43  )
( 97  -257  -324  )
( -316  -259  -326  )
( -105  -141  -29  )
( -41  -330  -299  )
( -101  127  -250  )
( 134  170  129  )
( 44  -59  247  )
( -127  -199  -304  )
( -52  -70  -101  )
( 233  86  -295  )
( 115  -267  68  )
( 93  -103  328  )
( -15  -220  48  )
( 24  156  -104  )
( 256  224  -31  )
( -124  116  -231  )
( -69  283  -334  )
( -45  222  -198  )
( 243  218  268  )
( -5  -183  276  )
( 261  298  86  )
( 131  324  -8  )
( -215  149  -51  )
( 332  335  -322  )
( 86  182  173  )
( -154  315  -291  )
( -331  184  204  )
( -136  -257  162  )
( -7  -291  -162  )
( -248  -252  -215  )
( -16  128  261  )
( -151  -121  57  )
( -242  223  313  )
( -62  245  105  )
( 306  -264  292  )
( -32  34  30  )
( -152  27  92  )
( -182  -42  33  )
( 330  -96  9  )
( -218  339  -141  )
( 150  -17  20  )
( 188  14  -147  )
( -190  -117  97  )
( -254  53  198  )
( -279  -231  336  )
( -313  -186  77  )
( -27  -127  -60  )
( 314  322  195  )
( 131  272  -183  )
( 329  208  -73  )
( 290  250  159  )
( 25  -309  334  )
( 231  -310  323  )
( -102  115  1  )
( -197  -82  -180  )
( -325  -233  -172  )
( -267  304  -77  )
( -43  -94  -218  )
( -41  46  338  )
( 225  -142  -93  )
( 329  178  -196  )
( 17  49  25  )
( 318  183  322  )
( -245  -95  258  )
( 260  -183  -135  )
( -41  -124  -325  )
( -182  121  7  )
( -30  164  -184  )
( -107  -322  173  )
( -267  96  162  )
( 347  260  167  )
( -297  1  -154  )
( -269  -22  -229  )
( -3  120  25  )
( -288  172  99  )
( 111  -81  214  )
( 330  -209  323  )
( -220  105  203  )
( -238  -109  -123  )
( -263  -344  -45  )
( -37  -107  338  )
( -5  -299  -281  )
( 129  75  189  )
( 106  -151  236  )
( -164  -165  33  )
( -119  -228  -273  )
( -231  86  -319  )
( -344  129  -89  )
( -108  -38  13  )
( -317  -70  -143  )
( -84  -0  19  )
( 40  -347  258  )
( -157  -217  106  )
( -63  150  195  )
( -211  244  162  )
( -120  317  40  )
( 92  190  255  )
( -327  -179  -194  )
( -36  312  -148  )
( 274  25  -349  )
( -224  -209  176  )
( -234  131  -162  )
( 176  -159  315  )
( 168  196  -281  )
( -35  -19  -283  )
( 29  -180  81  )
( 227  26  203  )
( 142  -229  133  )
( -5  -141  -71  )
( -14  -317  310  )
( -282  -100  -337  )
( -74  -259  14  )
( -4  25  225  )
( 76  220  52  )
( -182  239  -276  )
( -148  -289  181  )
( -74  -69  321  )
( 183  169  -323  )
( 330  168  163  )
( 294  185  312  )
( 29  71  126  )
( -316  -65  -279  )
( -249  -17  271  )
( 297  -4  -76  )
( 297  3  33  )
( -311  158  -149  )
( -305  -287  -288  )
( -14  137  -39  )
( -248  -125  -46  )
( 312  311  -277  )
( -34  253  209  )
( -65  -327  22  )
( 164  -190  -301  )
( 266  -286  -344  )
( -182  -159  -298  )
( 216  247  -213  )
( -230  -251  -311  )
( 168  -100  -333  )
( -204  96  -95  )
( -26  -153  -22  )
( -308  194  -168  )
( 14  9  -174  )
( 79  70  -67  )
( -245  -136  -147  )
( 142  91  187  )
( 214  -304  -272  )
( -77  161  -40  )
( -122  170  147  )
( -15  -235  5  )
( -77  -131  271  )
( 316  -128  225  )
( -332  66  -216  )
( -51  -216  -311  )
( -107  -152  104  )
( 279  174  233  )
( 62  76  8  )
( -135  -34  -294  )
( -209  11  -178  )
( -259  -296  -140  )
( -57  52  -12  )
( 197  177  -204  )
( -140  -6  -55  )
( -202  -258  -146  )
( 269  -123  -225  )
( -85  -56  218  )
( -328  38  40  )
( 1  -258  104  )
( -187  68  -177  )
( 341  -37  -72  )
( 42  -277  207  )
( -20  -183  105  )
( -16  88  77  )
( -103  242  123  )
( 16  285  273  )
( -162  -125  -65  )
( -335  303  -310  )
( -105  237  -220  )
( -318  305  328  )
( -146  -264  -110  )
( 65  342  164  )
( -233  179  245  )
( 311  -201  317  )
( -66  159  -222  )
( 237  -157  261  )
( 251  87  -174  )
( 185  260  -12  )
( -171  318  -307  )
( 119  127  -274  )
( 201  213  214  )
( 28  317  240  )
( -168  135  209  )
( -37  177  307  )
( 89  -303  -13  )
( -296  -15  327  )
( 128  107  -124  )
( -282  229  215  )
( -283  282  -194  )
( 314  -9  313  )
( -226  -12  -210  )
( -122  -337  269  )
( -124  270  -313  )
( 289  297  262  )
( -182  185  -152  )
( -101  228  -33  )
( 212  -248  275  )
( 10  -71  -126  )
( 201  -193  334  )
( -68  35  -282  )
( 337  -35  -50  )
( 100  -213  -238  )
( 246  -322  144  )
( 245  145  -109  )
( 101  -38  111  )
( 60  177  220  )
( -96  199  -244  )
( 154  106  293  )
( 85  -97  -110  )
( -187  152  -206  )
( -214  79  -123  )
( -128  327  -119  )
( -163  264  306  )
( 62  -24  -176  )
( 190  -97  39  )
( 193  101  -84  )
( 276  236  -349  )
( 289  -325  -132  )
( -324  313  -224  )
( 279  -40  -5  )
( 324  -59  -146  )
( -229  35  2  )
( -258  -198  36  )
( 188  45  155  )
( 225  21  275  )
( -180  331  211  )
( -203  -310  -177  )
( 147  -138  295  )
( -75  141  -250  )
( -184  -228  -111  )
( 24  270  180  )
( 213  332  236  )
( -82  160  123  )
( -218  -216  247  )
( 41  -5  -214  )
( 203  -45  11  )
( -201  -173  241  )
( 111  -104  158  )
( -154  -86  -58  )
( -127  257  118  )
( -60  86  329  )
( -125  265  27  )
( 258  -120  92  )
( 308  -209  -173  )
( 237  35  95  )
( -49  -233  -217  )
( -61  162  -115  )
( 66  -138  -195  )
( 119  -345  264  )
( 281  -49  -104  )
( 221  -249  -282  )
( 86  -236  284  )
( -95  -273  -25  )
( -320  -31  -293  )
( 276  265  -0  )
( 53  -68  -146  )
( -259  188  61  )
( -292  122  -33  )
( 200  -19  290  )
( -259  -258  223  )
( -296  267  288  )
( 284  -86  -309  )
( 179  -321  -31  )
( 45  -78  -174  )
( 203  -271  105  )
( -21  -208  -285  )
( -296  73  -302  )
( 180  -6  -84  )
( 286  -64  310  )
( 69  329  221  )
( -224  275  248  )
( 62  157  37  )
( -259  318  -19  )
( -56  -78  294  )
( -136  -249  130  )
( -326  263  285  )
( -177  84  -243  )
( -214  58  -232  )
( 63  0  225  )
( 86  317  -96  )
( 189  167  315  )
( 137  124  -348  )
( 268  -77  -157  )
( 285  -311  -32  )
( 235  8  276  )
( 315  -159  149  )
( -158  -95  -342  )
( -17  61  294  )
( -161  -337  340  )
( 79  -113  -133  )
( -162  94  298  )
( 225  134  348  )
( -316  -0  263  )
( -224  -144  -164  )
( -277  -179  -276  )
( -4  -120  -102  )
( 303  275  345  )
( 24  -173  -110  )
( 320  308  36  )
( -280  -200  224  )
( 141  -83  -68  )
( -146  139  322  )
( 194  100  -349  )
( -228  261  240  )
( -177  345  86  )
( 217  271  -106  )
( -169  221  -74  )
( -45  284  51  )
( 208  167  174  )
( 340  65  -231  )
( -283  117  -268  )
( -182  271  73  )
( -84  -191  25  )
( -63  -37  281  )
( 235  150  47  )
( -95  143  77  )
( -101  -60  -52  )
( -242  -10  349  )
( -315  14  -81  )
( -286  349  142  )
( 106  -302  -30  )
( 12  -107  168  )
( 31  340  95  )
( -339  -111  -239  )
( 291  -306  -172  )
( -149  -161  120  )
( -303  36  135  )
( -60  294  42  )
( 151  -246  -330  )
( 83  231  -325  )
( 295  336  -114  )
( 213  165  -233  )
( 94  -312  303  )
( -186  -169  294  )
( 167  -179  -78  )
( 167  220  -263  )
( -27  -20  -85  )
( 286  76  272  )
( -18  101  -123  )
( 266  129  -323  )
( 302  -55  185  )
( 255  219  -330  )
( -182  175  15  )
( -123  -43  -92  )
( -223  119  -278  )
( -63  -65  -284  )
( 124  201  333  )
( -106  -109  -171  )
( -53  34  133  )
( 236  -189  -217  )
( -97  -149  -326  )
( 71  -280  32  )
( -11  -157  -163  )
( 149  212  -9  )
( 211  -313  -15  )
( 292  38  319  )
( 310  -80  57  )
( -253  -129  319  )
( 299  -72  -188  )
( -28  34  19  )
( 36  150  -210  )
( 223  11  104  )
( 7  330  -263  )
( -349  -128  -263  )
( -270  166  -65  )
( 326  -97  -89  )
( 40  205  34  )
( 171  -103  -119  )
( -105  100  -19  )
( 105  -60  204  )
( 183  -41  -143  )
( 97  290  -280  )
( -126  218  171  )
( -296  70  320  )
( 23  72  -76  )
( 152  165  121  )
( -14  -299  -27  )
( 44  -104  -133  )
( 291  74  -42  )
( -185  -341  156  )
( -91  -211  335  )
( 232  -56  -209  )
( -216  188  211  )
( -123  -277  224  )
( 173  -100  257  )
( 45  -313  -251  )
( -176  -224  238  )
( 136  -225  151  )
( -126  -259  -123  )
( 51  -7  62  )
( 82  -282  -103  )
( 133  13  336  )
( -153  334  163  )
( 255  112  -17  )
( -214  7  -330  )
( 175  -206  -53  )
( 275  -66  -210  )
( -21  -256  212  )
( 225  340  -92  )
( -295  69  238  )
( 328  174  -97  )
( -47  346  -82  )
( 209  266  -28  )
( 49  -321  -159  )
( -25  -148  77  )
( -284  333  87  )
( 167  201  311  )
( -315  106  35  )
( -128  -207  -127  )
( -116  39  -90  )
( 204  101  114  )
( 236  -164  -102  )
( -110  -14  -287  )
( 67  -3  253  )
( 17  120  313  )
( 48  -241  -341  )
( -178  -271  -324  )
( -239  24  132  )
( -237  -164  -63  )
( -339  -230  124  )
( -166  -64  -310  )
( -158  -178  11  )
( 229  158  -199  )
( -149  -233  -18  )
( 211  -332  327  )
( 152  73  -96  )
( -64  43  -190  )
( 48  -171  208  )
( 186  310  299  )
( -119  315  255  )
( -101  239  59  )
( 309  -52  322  )
( 201  191  204  )
( 297  38  259  )
( 42  -78  -70  )
( -333  89  245  )
( 318  177  -276  )
( -307  141  -113  )
( 337  252  164  )
( 245  -244  100  )
( 148  -300  -35  )
( -62  -30  158  )
( -176  229  226  )
( 263  346  87  )
( 117  236  279  )
( -95  322  -186  )
( -254  -192  -47  )
( -78  204  -38  )
( 118  328  146  )
( -121  -224  244  )
( 273  -28  16  )
( -279  -149  -102  )
( 101  -267  -268  )
( 296  287  -53  )
( -137  200  208  )
( -262  11  -162  )
( -331  -225  -11  )
( -320  304  303  )
( 45  -55  266  )
( -24  -256  53  )
( -231  -182  96  )
( -342  -303  127  )
( -259  -199  38  )
( -312  -314  87  )
( -277  65  322  )
( 47  199  -210  )
( -125  -44  271  )
( -32  285  -11  )
( -340  -171  -172  )
( -293  -70  -140  )
( 33  188  -231  )
( -183  -158  47  )
( 150  -105  135  )
( -327  -167  342  )
( -284  -243  13  )
( 174  250  21  )
( -229  149  110  )
( 86  43  60  )
( -175  58  346  )
( 8  208  -153  )
( -275  -34  40  )
( 248  -184  -51  )
( 239  -253  -344  )
( 140  237  -132  )
( 236  -260  246  )
( 320  200  187  )
( 220  -179  -111  )
( 108  285  125  )
( 116  -121  186  )
( -53  286  149  )
( -189  101  235  )
( 178  -334  155  )
( -91  47  39  )
( 300  36  -131  )
( 35  -210  342  )
( 311  344  -32  )
( -112  235  336  )
( -68  266  88  )
