( 266  186  -128  )
( -142  -196  185  )
( -43  168  -294  )
( 152  -324  -175  )
( 81  9  -47  )
( -180  -168  121  )
( 63  -135  164  )
( -313  274  -40  )
( -287  178  238  )
( -100  266  -217  )
( -50  -277  294  )
( 225  148  -60  )
( 152  -218  88  )
( 67  -40  11  )
( -339  322  343  )
( -69  -53  -199  )
( -171  298  -305  )
( 1  279  -162  )
( 163  -23  -173  )
( 137  124  -12  )
( -187  -317  293  )
( -3  -300  -320  )
( 159  -305  323  )
( 145  -338  -121  )
( -86  342  -328  )
( -179  196  -192  )
( 151  -148  -304  )
( -62  -248  -120  )
( -37  187  238  )
( -168  208  18  )
( -322  263  -221  )
( -74  -213  9  )
( 320  161  275  )
( -74  -32  -88  )
( -298  -252  115  )
( 247  214  323  )
( 253  -347  -72  )
( 71  40  146  )
( -176  65  94  )
( 176  37  191  )
( -241  -95  159  )
( -46  -126  299  )
( 259  -53  -249  )
( 177  107  -213  )
( 103  -297  29  )
( -323  -50  -254  )
( -110  270  -269  )
( -164  -185  349  )
( 133  179  -191  )
( 314  151  292  )
( 194  130  206  )
( -187  -72  -346  )
( 245  -287  20  )
( -254  102  -28  )
( 333  56  -306  )
( -44  120  -330  )
( -219  -100  -3  )
( -205  -207  -212  )
( 234  292  -260  )
( -298  -312  223  )
( -86  57  -181  )
( -219  -73  51  )
( -325  -272  342  )
( 169  -326  -220  )
( -337  292  269  )
( -296  236  -206  )
( 344  18  -55  )
( 112  177  -65  )
( -51  -259  -108  )
( 311  -161  -280  )
( -276  -344  -167  )
( 205  280  75  )
( -235  132  -136  )
( -170  -78  -125  )
( 175  192  36  )
( -234  -269  -220  )
( -252  90  239  )
( -275  -124  -277  )
( 197  289  -152  )
( 325  273  320  )
( 203  94  -114  )
( -30  -76  -253  )
( 224  -304  -91  )
( 208  175  -87  )
( 316  26  -145  )
( 191  213  -330  )
( 117  -81  244  )
( -126  313  -296  )
( 336  -347  19  )
( -343  -149  288  )
( 277  -286  37  )
( 239  315  -301  )
( 247  -190  -143  )
( 93  -6  279  )
( 31  66  -288  )
( -152  -294  -203  )
( -197  224  -275  )
( 175  40  -152  )
( 152  82  122  )
( 159  98  184  )
( -343  196  -17  )
( 36  289  339  )
( -245  289  118  )
( 51  261  40  )
( -184  145  244  )
( 296  -261  108  )
( 13  -6  -157  )
( 237  20  -331  )
( -162  -199  -299  )
( 223  -242  -114  )
( 183  205  -328  )
( 154  156  -233  )
( 245  255  232  )
( -279  152  296  )
( 218  298  -178  )
( -23  -254  11  )
( -34  -21  297  )
( -52  30  -231  )
( 147  -178  -155  )
( 305  -182  222  )
( 282  227  104  )
( -25  194  -234  )
( 297  79  250  )
( 4  145  253  )
( 275  143  38  )
( 204  -72  -3  )
( -306  344  -136  )
( -146  -182  -140  )
( -342  233  -40  )
( 181  207  225  )
( -254  111  -42  )
( -257  255  98  )
( -20  91  -307  )
( -83  -302  -290  )
( 6  52  186  )
( 129  234  47  )
( -43  -270  8  )
( -54  23  47  )
( 128  289  27  )
( -307  295  272  )
( 84  -160  -338  )
( -253  175  -221  )
( -218  -134  317  )
( -274  -275  -259  )
( -168  198  232  )
( -31  -251  -52  )
( -58  -134  -97  )
( -131  27  -228  )
( -85  332  -32  )
( 346  -209  296  )
( -199  -26  -267  )
( 314  85  -291  )
( 338  119  197  )
( -30  68  -317  )
( 129  5  -337  )
( 332  265  214  )
( -233  110  -306  )
( 225  -153  210  )
( -290  -51  -194  )
( 121  -227  7  )
( 56  104  191  )
( -61  -171  186  )
( 63  -61  -286  )
( -134  163  4  )
( -6  -302  -310  )
( 243  249  71  )
( 343  -94  244  )
( -244  53  332  )
( 335  -82  -217  )
( -267  100  256  )
( 261  -88  103  )
( 77  0  -47  )
( -331  -140  -310  )
( -144  28  -41  )
( 331  -272  -222  )
( -292  196  -276  )
( 44  180  316  )
( 241  163  -89  )
( 164  -319  336  )
( 122  -303  -323  )
( 30  341  70  )
( -139  105  247  )
( -61  -7  -58  )
( -132  -209  -25  )
( -232  29  105  )
( 327  -91  -246  )
( 221  290  -21  )
( -100  -66  -158  )
( 80  4  -219  )
( -220  -152  -303  )
( 68  -302  275  )
( 27  -199  -35  )
( -335  -180  278  )
( -124  222  -130  )
( -230  187  -307  )
( -95  257  334  )
( -102  -126  319  )
( -270  128  -167  )
( -320  -333  -141  )
( 215  -86  149  )
( -293  -137  -144  )
( -154  -321  -230  )
( 213  -162  89  )
( -260  48  32  )
( -81  -257  40  )
( -170  -54  -77  )
( -242  -130  -287  )
( -194  31  113  )
( 39  -161  107  )
( -276  -349  266  )
( 331  -228  -157  )
( -296  -57  223  )
( 225  251  288  )
( 100  90  -139  )
( -238  -65  -143  )
( 346  98  101  )
( 30  315  -147  )
( 88  -27  -219  )
( 295  -304  133  )
( 26  5  -55  )
( 153  -248  10  )
( -66  278  -171  )
( 176  -194  28  )
( -94  -14  51  )
( 116  36  30  )
( -159  206  -254  )
( 255  -191  -54  )
( 253  -226  -90  )
( -113  -279  -321  )
( -268  8  -328  )
( -59  247  -179  )
( 136  -287  -11  )
( -41  248  145  )
( 162  69  -206  )
( -36  174  -67  )
( 19  -220  285  )
( -148  259  286  )
( -54  100  14  )
( 275  184  -13  )
( -246  -141  -239  )
( 333  34  -85  )
( -104  -11  -63  )
( -21  204  72  )
( -184  -269  -167  )
( 11  -248  -197  )
( -71  -50  242  )
( 277  208  -340  )
( -207  93  -61  )
( -231  291  -265  )
( 345  217  -192  )
( -2  -310  59  )
( 88  -51  -122  )
( -320  11  -332  )
( -311  -228  348  )
( -294  -126  184  )
( -58  -225  214  )
( 25  -323  -292  )
( -164  321  -68  )
( 58  -5  -234  )
( 104  -45  -335  )
( -201  213  -33  )
( 267  -53  126  )
( -287  -275  -270  )
( -240  -290  -91  )
( 301  -186  -163  )
( -36  -271  197  )
( -342  -331  -103  )
( -322  -73  108  )
( -208  -10  245  )
( -263  40  -23  )
( -257  91  271  )
( -259  242  -154  )
( -75  41  -200  )
( 288  172  -281  )
( 128  165  186  )
( -84  329  -131  )
( -149  228  220  )
( -49  -42  -279  )
( -144  120  -330  )
( -300  -223  -17  )
( 66  230  -260  )
( 271  1  310  )
( 332  136  151  )
( -32  272  -286  )
( 236  -193  -232  )
( -92  251  74  )
( -154  -349  -149  )
( -75  -56  -348  )
( -251  -217  -31  )
( -247  48  122  )
( -179  -105  -339  )
( -306  189  -163  )
( 204  -337  340  )
( -117  269  -285  )
( -334  85  331  )
( -87  27  -76  )
( 54  295  -174  )
( 177  -77  234  )
( 124  160  -336  )
( -102  -96  -180  )
( 261  315  -308  )
( -186  81  196  )
( -177  165  -52  )
( 311  -115  91  )
( 131  40  -347  )
( -79  -266  -175  )
( 159  -119  -107  )
( -58  12  -137  )
( 270  214  171  )
( 331  -309  91  )
( -185  -39  -312  )
( -12  314  4  )
( 123  -181  -114  )
( -258  296  -158  )
( -178  298  67  )
( -61  -103  -261  )
( 302  147  145  )
( 255  44  56  )
( -97  -268  196  )
( 260  -252  -202  )
( -66  168  -119  )
( 255  -340  259  )
( -47  -238  -196  )
( 59  -126  -235  )
( 197  -263  -112  )
( -12  -216  -154  )
( 256  -40  134  )
( 221  -195  251  )
( -71  43  230  )
( -62  48  201  )
( 62  113  303  )
( 343  -171  231  )
( -61  -40  200  )
( 247  -281  -276  )
( 184  -95  -174  )
( 99  -159  186  )
( 35  -27  43  )
( -48  4  309  )
( -140  345  -275  )
( 270  -62  -165  )
( -19  261  -6  )
( 339  103  43  )
( 290  222  -14  )
( 9  -278  -203  )
( 106  226  293  )
( -37  -228  -214  )
( 156  341  -39  )
( 283  130  152  )
( -325  32  -312  )
( 218  -127  47  )
( -290  56  -149  )
( 158  326  -162  )
( 314  -133  -13  )
( -103  259  290  )
( 273  95  -334  )
( 151  -224  -295  )
( -243  -32  126  )
( 343  -88  202  )
( -226  -190  -309  )
( 73  90  232  )
( 64  -16  -135  )
( 233  77  339  )
( -271  -61  247  )
( 330  318  140  )
( -108  15  -224  )
( -278  -19  -106  )
( 69  172  135  )
( 276  102  -282  )
( 3  -72  285  )
( -116  69  -92  )
( 28  307  -32  )
( 107  174  168  )
( 163  236  5  )
( -10  -322  -233  )
( 272  46  -346  )
( 222  -131  -101  )
( 253  42  324  )
( 316  -106  228  )
( -317  -230  32  )
( -74  -180  -36  )
( -171  165  349  )
( -79  13  105  )
( -162  99  285  )
( -42  305  -183  )
( 94  178  168  )
( -243  -338  32  )
( -82  273  345  )
( -342  -199  -92  )
( 85  203  13  )
( 17  -205  -141  )
( 19  -3  -221  )
( -328  330  -349  )
( 340  152  -220  )
( -297  -339  139  )
( -39  -91  181  )
( 47  313  281  )
( 33  -70  -126  )
( -320  -317  -280  )
( 212  308  -252  )
( 43  -290  170  )
( -215  -257  -113  )
( -109  -347  -39  )
( -104  186  47  )
( 7  -66  -119  )
( -171  -300  272  )
( 73  -106  -129  )
( -62  119  -8  )
( 260  94  -348  )
( 108  -74  -78  )
( 30  -225  -224  )
( -136  -100  247  )
( -330  105  -337  )
( 277  -262  49  )
( 235  -42  -5  )
( -229  -184  84  )
( 243  -308  -45  )
( 98  -83  -19  )
( 276  261  -210  )
( -105  110  -327  )
( -204  -147  245  )
( 308  140  15  )
( -326  118  -284  )
( -127  51  -45  )
( -174  68  260  )
( 134  69  222  )
( 210  -104  -57  )
( -231  -17  263  )
( -329  -97  -293  )
( -231  -171  339  )
( 86  258  -293  )
( -128  -289  115  )
( 95  -253  -24  )
( -285  -23  179  )
( 58  91  -302  )
( 200  -106  -70  )
( -336  -44  207  )
( 289  -69  262  )
( -341  -49  17  )
( -47  -19  133  )
( -32  -147  -121  )
( 318  -118  -254  )
( -319  -131  323  )
( -287  -26  86  )
( -24  207  138  )
( -266  85  337  )
( 287  -15  171  )
( -2  -297  -225  )
( 115  304  1  )
( -50  -255  79  )
( -343  164  -302  )
( 28  -326  277  )
( -211  -200  159  )
( 57  -7  -94  )
( -275  219  -268  )
( 145  -36  -201  )
( 69  -263  111  )
( -80  -167  -153  )
( -50  198  255  )
( -8  -170  -91  )
( -308  55  167  )
( 268  65  244  )
( -342  49  -294  )
( -307  264  338  )
( -98  -342  -137  )
( 235  -224  11  )
( -181  -317  -268  )
( -342  0  252  )
( -47  295  312  )
( 39  246  -253  )
( 112  -35  211  )
( 132  -250  -79  )
( 326  52  -254  )
( -165  207  -66  )
( -244  -62  312  )
( 19  272  39  )
( 0  14  -17  )
( -272  -192  183  )
( 131  244  -228  )
( -87  -287  -208  )
( -201  5  135  )
( 53  225  141  )
( -51  198  -275  )
( 263  96  -166  )
( 289  -97  -84  )
( 320  149  122  )
( -231  111  -146  )
( -165  -320  -146  )
( 215  -241  -40  )
( 310  -161  185  )
( 278  -135  334  )
( 92  -298  -72  )
( 241  292  -21  )
( 171  -256  74  )
( 141  -341  -128  )
( -322  166  -236  )
( 124  -2  332  )
( 279  1  267  )
( -127  331  180  )
( -29  109  -301  )
( 3  273  333  )
( -154  56  -335  )
( 289  304  223  )
( 335  291  92  )
( -170  -176  92  )
( -237  288  297  )
( -91  15  313  )
( 149  233  -100  )
( -329  33  245  )
( 303  -268  -140  )
( 187  -72  -43  )
( -143  -338  -289  )
( -244  -300  169  )
( -231  -23  -305  )
( -195  -306  -295  )
( 295  149  29  )
( 344  81  -225  )
( -127  -57  139  )
( -140  -248  273  )
( -130  -44  78  )
( 21  -319  1  )
( -226  103  -254  )
( 98  -2  -27  )
( -342  34  -286  )
( -320  279  290  )
( 260  125  107  )
( -170  94  120  )
( -325  63  -75  )
( -18  260  -207  )
( 166  -37  69  )
( 215  182  229  )
( -113  129  -157  )
( 126  81  -34  )
( 126  -272  20  )
( -297  -204  293  )
( -19  -132  -125  )
( -240  -268  194  )
( 271  -76  -153  )
( -270  262  307  )
( -201  45  229  )
( 253  208  -74  )
( 183  273  -138  )
( 103  -134  -89  )
( 169  337  -231  )
( 307  199  228  )
( -64  45  -6  )
( -52  -11  332  )
( 143  183  -307  )
( -237  -144  -184  )
( -183  47  -101  )
( -60  171  -146  )
( 39  -181  -150  )
( 51  2  349  )
( 193  302  305  )
( 156  -129  -149  )
( -178  152  -193  )
( -131  -207  21  )
( -171  97  339  )
( -271  116  -134  )
( 49  96  -248  )
( 318  165  25  )
( -279  40  191  )
( -261  193  298  )
( -117  240  230  )
( -211  -335  -70  )
( -180  158  -47  )
( -94  -347  193  )
( 169  68  273  )
( 133  -227  -286  )
( 242  31  220  )
( -89  -308  -154  )
( -260  -83  -297  )
( 218  -134  124  )
( 69  -122  -31  )
( -89  -5  92  )
( -192  -269  -10  )
( -255  -88  -134  )
( -91  -315  248  )
( -134  -278  152  )
( -274  -105  -108  )
( -24  -84  -131  )
( -25  9  -242  )
( -200  203  242  )
( 171  -13  189  )
( 71  -37  -231  )
( 89  28  190  )
( 129  318  3  )
( -169  239  -339  )
( 48  270  -339  )
( -168  234  -66  )
( -75  235  256  )
( 128  -274  220  )
( -134  100  -18  )
( -224  -42  -126  )
( 319  141  -342  )
( -292  179  -147  )
( -293  100  -320  )
( 225  -332  323  )
( 325  297  0  )
( 89  9  -199  )
( 297  72  -148  )
( 7  51  -183  )
( 163  318  158  )
( -340  -122  229  )
( -200  -172  342  )
( 49  300  -274  )
( 56  -115  -191  )
( -241  114  -36  )
( 222  -273  81  )
( 155  116  -341  )
( 90  -170  167  )
( 191  -303  -37  )
( 89  -32  107  )
( 50  110  151  )
( 287  144  266  )
( -94  -333  332  )
( 17  294  -112  )
( 325  122  -229  )
( -208  -117  -50  )
( -105  29  -135  )
( 183  2  28  )
( -277  11  -209  )
( 323  125  234  )
( 233  339  257  )
( 263  279  74  )
( 166  -161  -197  )
( -179  -280  -193  )
( -59  88  325  )
( -127  330  -161  )
( -46  -166  287  )
( 205  189  337  )
( 334  328  -332  )
( 14  75  213  )
( -235  329  -97  )
( 83  343  109  )
( 321  286  21  )
( 197  -63  -276  )
( 233  304  347  )
( -51  -80  -330  )
( 124  -265  251  )
( -73  -244  104  )
( 263  -291  187  )
( 347  127  140  )
( -203  117  9  )
( -300  109  291  )
( 301  190  -101  )
( 293  -311  -240  )
( 271  3  31  )
( 317  269  -108  )
( -148  158  -143  )
( 324  62  -121  )
( -343  -246  -30  )
( 160  -243  -233  )
( 24  -62  301  )
( -157  185  -21  )
( -153  127  -80  )
( 208  23  -74  )
( 51  226  194  )
( 22  -173  -323  )
( -192  276  9  )
( -46  107  -115  )
( -243  64  199  )
( 137  5  -260  )
( -37  -3  212  )
( 8  -250  265  )
( -273  108  -244  )
( -325  -90  -135  )
( -319  212  318  )
( -47  -247  76  )
( 142  -58  -64  )
( -10  -235  36  )
( 93  -227  -25  )
( 330  331  9  )
( 12  -274  -93  )
( -106  -115  51  )
( -140  222  -90  )
( 80  174  -185  )
( -237  -269  213  )
( -194  -64  -298  )
( -141  325  286  )
( -327  146  -239  )
( -100  319  80  )
( -258  -243  -21  )
( -328  -176  -121  )
( -245  250  265  )
( -174  91  229  )
( -41  -34  -334  )
( -234  98  131  )
( -150  -93  -153  )
( 67  81  -258  )
( -172  -346  20  )
( 151  -28  280  )
( 231  -199  185  )
( -239  13  346  )
( -122  -174  -274  )
( 187  174  -109  )
( 98  329  -248  )
( 37  76  155  )
( -199  -297  -1  )
( 199  273  256  )
( 174  115  21  )
( -290  -283  -316  )
( 178  349  -48  )
( -29  -143  336  )
( 156  174  -81  )
( -185  32  -49  )
( 184  212  -124  )
( -43  323  243  )
( -227  -0  -119  )
( -321  100  -168  )
( 287  -176  182  )
( 203  -223  -100  )
( -286  -11  -267  )
( -95  -276  -68  )
( -189  -182  211  )
( 188  -42  -128  )
( -56  -313  215  )
( -197  236  -170  )
( 226  4  276  )
( 318  191  -316  )
( 150  24  -318  )
( 108  -206  80  )
( -96  36  -248  )
( -2  60  -327  )
( 185  123  1  )
( 346  103  189  )
( -182  74  167  )
( -209  -258  -174  )
( -208  300  302  )
( -46  -294  36  )
( -324  -147  -26  )
( -321  -119  -135  )
( -206  -89  77  )
( -218  215  -5  )
( 196  65  174  )
( -74  209  -270  )
( 145  -229  103  )
( -42  -155  -297  )
( 309  -112  129  )
( 336  8  126  )
( -303  -316  -335  )
( -295  133  190  )
( -34  2  84  )
( 266  -77  191  )
( 272  -164  236  )
( -87  -307  252  )
( -338  281  -340  )
( -164  16  -285  )
( -179  27  161  )
( 47  -67  143  )
( 32  -141  -279  )
( 329  148  -292  )
( -71  316  -209  )
( -220  234  -62  )
( -100  223  80  )
( 97  -319  -25  )
( -85  336  -229  )
( -82  331  -317  )
( -260  341  245  )
( 158  299  -242  )
( 342  22  -348  )
( 79  -60  274  )
( -256  -272  212  )
( -235  -67  -197  )
( 279  -75  -243  )
( 199  226  281  )
( 307  -277  133  )
( 12  36  -75  )
( -30  33  -4  )
( -200  -14  256  )
( -202  206  182  )
( -97  325  339  )
( 96  -159  331  )
( -267  177  27  )
( -187  -225  204  )
( -51  236  280  )
( -344  -43  -209  )
( -299  -27  334  )
( -302  311  -53  )
( -189  -105  139  )
( -75  -176  -306  )
( 3  -210  -64  )
( -63  -204  -115  )
( 347  -116  18  )
( -167  -268  -128  )
( -89  265  245  )
( 144  344  146  )
( 253  194  121  )
( 135  259  40  )
( -283  -14  284  )
( -120  211  6  )
( -237  255  217  )
( 2  -56  144  )
( -167  -218  -15  )
( 134  23  158  )
( -189  -42  -93  )
( -167  122  195  )
( 11  255  -226  )
( -77  304  -275  )
( -50  -74  246  )
( 31  -83  -298  )
( -77  -206  169  )
( -306  -81  -49  )
( 117  -239  -104  )
( -241  -266  278  )
( 218  228  -175  )
( -74  240  -34  )
( 282  241  55  )
( -276  308  342  )
( -332  -49  51  )
( -45  57  -64  )
( -127  -16  -30  )
( 169  125  174  )
( 28  287  17  )
( -177  -349  10  )
( -349  202  -196  )
( 120  -111  -84  )
( 85  264  -163  )
( 143  -214  66  )
( 347  -124  105  )
( 163  250  -29  )
( -63  146  -189  )
( -88  161  122  )
( -10  -46  -250  )
( -67  251  223  )
( -273  65  161  )
( 224  136  258  )
( 14  -102  218  )
( -254  348  10  )
( 290  343  57  )
( -219  43  280  )
( 163  -149  200  )
( 197  140  -216  )
( 206  -125  219  )
( 217  -233  251  )
( -258  -42  -315  )
( 77  -200  172  )
( 166  -243  -297  )
( -132  -126  93  )
( -257  -34  234  )
( -39  -49  348  )
( -189  221  62  )
( 137  195  -281  )
( -118  -178  269  )
( -118  165  -312  )
( -79  242  -115  )
( -77  -70  247  )
( 166  24  -53  )
( -143  339  162  )
( -188  25  -148  )
( -346  -242  319  )
( 341  -173  -234  )
( 41  -163  -227  )
( 336  228  -39  )
( -311  170  -192  )
( 134  -239  226  )
( 81  -325  78  )
( -177  -94  -40  )
( 2  -339  -225  )
( 332  7  145  )
( 329  60  322  )
( -108  -182  -196  )
( -126  337  211  )
( 295  232  -152  )
( 146  -41  66  )
( 282  -130  -166  )
( 26  246  -319  )
( -115  116  335  )
( -237  -6  -8  )
( 273  -146  -274  )
( 271  -297  -20  )
( -275  273  212  )
( -90  1  10  )
( -288  -308  72  )
( 276  344  -49  )
( 166  -161  -340  )
( 186  58  -333  )
( -44  21  30  )
( -60  275  -20  )
( 106  97  177  )
( 27  -67  170  )
( -302  -32  151  )
( 156  -51  -150  )
( 320  -48  233  )
( -238  336  -7  )
( 338  113  -287  )
( -121  -269  -205  )
( -60  -163  107  )
( 94  -239  38  )
( 330  -329  -225  )
( 46  -266  -74  )
( 84  -299  -23  )
( 19  54  -251  )
( -68  249  -88  )
( 304  -178  171  )
( -193  178  248  )
( -149  316  318  )
( 8  203  -292  )
( -146  -104  200  )
( 262  -110  -97  )
( -26  158  -191  )
( 313  -70  79  )
( -24  -299  15  )
( -135  -211  -265  )
( -122  -293  -308  )
( -76  228  207  )
( 127  -53  218  )
( -72  322  333  )
( -226  -309  -160  )
( -331  -155  -152  )
( 288  -137  -169  )
( 60  -329  290  )
( -249  -258  -196  )
( -84  162  -137  )
( -131  -57  -137  )
( -17  347  -55  )
( -273  330  63  )
( 267  78  306  )
( -224  133  -117  )
( 150  -51  -173  )
( 9  -169  344  )
( 267  -35  -79  )
( 156  319  294  )
( -200  -315  -276  )
( 17  -168  278  )
( -129  -79  201  )
( 203  48  -115  )
( -58  29  259  )
( -265  54  335  )
( -319  -340  102  )
( -47  293  -303  )
( -228  -308  260  )
( -216  117  228  )
( -233  -271  250  )
( -62  -168  -156  )
( -52  -39  194  )
( 25  66  16  )
( -68  -243  133  )
( 339  -51  174  )
( -115  122  301  )
( -153  290  -95  )
( 189  55  -204  )
( 345  -49  -58  )
( 345  174  -83  )
( -51  -342  251  )
( -32  342  -314  )
( 56  286  -226  )
( -40  59  -218  )
( -10  -337  -49  )
( 275  288  136  )
( -297  57  -97  )
( -210  42  -88  )
( 40  61  -248  )
( 224  275  -192  )
( -180  -61  -57  )
( 79  -288  -337  )
( -29  -316  -33  )
( 19  -116  51  )
( -203  336  153  )
( -56  -326  154  )
( 228  334  42  )
( 13  -134  148  )
( 38  -186  -115  )
( -77  -293  132  )
( -272  56  -3  )
( -44  347  -196  )
( 90  328  292  )
( -259  -297  -20  )
( -270  36  12  )
( -238  0  -76  )
( -124  -267  -0  )
( 98  -325  163  )
( 169  -43  288  )
( 50  168  -341  )
( -251  210  56  )
( -55  12  182  )
( 240  83  144  )
( -258  -347  -82  )
( 114  318  -208  )
( 182  -116  61  )
( 136  -116  -47  )
( 23  -298  231  )
( 243  324  86  )
( 302  220  -205  )
( 207  215  240  )
( 248  253  226  )
( 298  -170  -47  )
( -80  343  191  )
( 55  309  87  )
( -153  85  -227  )
( -324  171  -238  )
( -61  -104  -113  )
( 122  270  -169  )
( 158  -329  214  )
( -119  266  -338  )
( -341  -75  275  )
( -142  -342  -78  )
( -138  -347  -262  )
( -315  -80  -326  )
( 236  -150  29  )
( -277  10  -264  )
( -131  -104  36  )
( 33  255  -235  )
( -132  -309  -260  )
( 117  288  314  )
( -55  189  -198  )
( 73  127  -222  )
( 214  -161  146  )
( 314  -13  153  )
( -289  182  79  )
( 312  76  -248  )
( 226  -196  15  )
( -287  96  208  )
( 37  319  273  )
( 275  -280  101  )
( 194  145  -186  )
( -276  -338  -104  )
( -121  -310  -232  )
( -0  -98  318  )
( -89  -330  -257  )
( 1  -247  -178  )
( 269  -179  48  )
( 259  131  75  )
( 186  272  -335  )
( -187  159  -196  )
( -180  -168  297  )
( 64  -113  106  )
( -75  34  284  )
( -31  39  73  )
( -220  58  323  )
( -257  -58  -310  )
( -304  -65  84  )
( -17  316  197  )
( -64  -121  -190  )
( 291  -337  -16  )
( 47  -349  21  )
( -322  -276  -318  )
( 128  73  16  )
( 278  -81  -115  )
( -303  -77  300  )
( 188  -298  -77  )
( -130  -74  137  )
( 253  -232  -277  )
( -6  -41  -38  )
( 6  -76  -198  )
( 231  -257  -11  )
( -342  202  -22  )
( 266  113  43  )
( 340  -322  -80  )
( 283  120  -136  )
( -275  -304  55  )
( 81  17  115  )
( 318  -221  -26  )
( 24  14  1  )
( -247  323  -37  )
( 54  -28  -323  )
( -62  106  -50  )
( -59  -46  197  )
( 158  -70  -143  )
( -234  -104  310  )
( -145  -25  57  )
( -0  -108  -74  )
( -7  -75  -105  )
( -140  -172  -174  )
( 47  -97  28  )
( -95  -284  -281  )
( -74  90  -322  )
( -226  -277  245  )
( 163  -14  -75  )
( 345  130  62  )
( -285  -60  -173  )
( -116  220  -96  )
( -189  -305  -237  )
( 280  -321  -54  )
( 314  291  -14  )
( 349  184  -191  )
( -215  -121  20  )
( 255  -148  172  )
( -22  -79  303  )
( -117  122  343  )
( 326  186  1  )
( 169  171  -92  )
( -117  315  179  )
( 347  -307  43  )
( 272  291  -281  )
( -251  -74  -28  )
( -211  175  -64  )
( 308  32  -21  )
( -95  -72  107  )
( -243  -348  203  )
( -225  52  147  )
( 61  223  59  )
( 271  26  62  )
( 99  -248  58  )
( 259  -17  344  )
( 279  -228  -32  )
( -306  -206  -349  )
( -103  79  320  )
( -281  313  39  )
( 71  93  -177  )
( -94  -132  251  )
( 268  221  -96  )
( 53  -280  96  )
( 35  -185  168  )
( 214  -87  158  )
( -301  -317  35  )
( 248  -270  149  )
( -151  234  -161  )
( 294  65  -138  )
( -336  57  -90  )
( 325  -317  -275  )
( 51  89  337  )
( -47  228  98  )
( 216  -74  -14  )
( 91  -274  122  )
( -290  -77  -9  )
( -317  -20  30  )
( -297  90  -211  )
( 146  -48  -342  )
( 53  118  -102  )
( 240  -23  119  )
( -161  63  281  )
( 285  -75  17  )
( -321  -139  -277  )
( -189  -124  23  )
( -85  123  275  )
( -2  31  -251  )
( 8  -153  -118  )
( 329  -94  -245  )
( -118  120  -153  )
( 164  180  -141  )
( -106  9  197  )
( -66  15  162  )
( 216  287  -93  )
( -312  128  -21  )
( 343  -132  -61  )
( 55  262  -156  )
( -274  -5  77  )
( -88  108  -161  )
( 42  223  -241  )
( -173  -276  -194  )
( -41  278  -30  )
( 43  -182  12  )
( 209  152  -284  )
( -325  -130  10  )
( -128  19  -70  )
( 266  10  -26  )
( -298  -231  53  )
( 334  148  -21  )
( 112  146  -279  )
( 172  -281  -322  )
( -59  -333  66  )
( -231  -26  -136  )
( -38  250  226  )
( 278  -132  -100  )
( 35  74  -194  )
( 107  -251  -297  )
( 54  -313  -283  )
( 318  141  -105  )
( 38  321  -138  )
( -180  170  -141  )
( 251  -144  -218  )
( 161  -160  307  )
( 126  53  113  )
( -49  -263  3  )
( -145  150  142  )
( -66  305  49  )
( -323  112  -294  )
( -283  -110  -95  )
( 41  -81  -87  )
( 228  196  192  )
( 54  -222  -331  )
( -176  -98  72  )
( 257  108  -250  )
( -48  -303  45  )
( -262  -74  96  )
( -289  20  -59  )
( -27  -330  80  )
( -310  259  7  )
( -256  -190  -263  )
( 291  296  112  )
( 166  -252  -283  )
( -132  -266  -1  )
( 272  -64  -141  )
( 91  161  243  )
( -348  9  197  )
( 186  334  111  )
( 132  -258  125  )
( 58  -113  -227  )
( -265  -273  -155  )
( -63  157  101  )
( 147  10  -153  )
( -11  -265  276  )
( 209  -114  -37  )
( 112  131  304  )
( 315  250  -187  )
( -229  -109  203  )
( -340  -33  266  )
( 307  -297  38  )
( 194  35  90  )
( 80  207  242  )
( -18  200  -68  )
( 241  -346  248  )
( -185  -253  79  )
( -332  -105  -343  )
( 153  -339  318  )
( 278  -154  -178  )
( 189  -307  45  )
( 132  -198  -189  )
( -317  339  -233  )
( 349  -16  -199  )
( 311  -205  -248  )
( 48  -37  -53  )
( 318  226  -247  )
( -146  -79  -89  )
( 253  -328  66  )
( -144  -148  -259  )
( 112  168  123  )
( 101  102  134  )
( -22  182  -270  )
( -297  290  87  )
( 191  271  -203  )
( -164  298  23  )
( -264  218  -317  )
( 21  -191  164  )
( -22  110  221  )
( -99  -146  -301  )
( -216  299  232  )
( -208  -285  -145  )
( 286  -339  -172  )
( 192  82  71  )
( -208  237  -217  )
( 170  -50  -75  )
( -59  256  -202  )
( 266  -9  -76  )
( 1  32  -297  )
( -111  -130  162  )
( 100  -14  225  )
( 186  42  271  )
( 35  268  84  )
( 257  298  149  )
( -91  -293  -1  )
( 343  -321  -285  )
( -106  217  150  )
( 273  -119  154  )
( 52  250  216  )
( 198  53  -96  )
( -205  -48  258  )
( -117  203  -36  )
( 232  211  -103  )
( 9  65  -143  )
( -52  169  -324  )
( 232  123  126  )
( -272  299  49  )
( -328  -295  182  )
( -230  -115  340  )
( -235  -96  38  )
( -240  -100  286  )
( -278  327  211  )
( 275  300  -307  )
( 305  -120  -300  )
( -278  -276  -210  )
( 275  -271  287  )
( 228  -345  158  )
( 326  293  237  )
( -295  329  251  )
( -163  -311  79  )
( 45  -44  239  )
( -269  -125  -306  )
( 199  -114  -200  )
( -64  153  -96  )
( -55  38  -1  )
( -122  -3  -199  )
( 189  -267  304  )
( -88  139  -245  )
( -181  -128  -44  )
( -32  -146  134  )
( 202  199  208  )
( -59  -63  232  )
( 292  253  274  )
( -165  31  -112  )
( -165  -297  193  )
( 250  58  -23  )
( -27  -130  103  )
( 31  -132  -326  )
( -244  65  -226  )
( 63  253  -307  )
( 45  -19  -202  )
( -104  298  -86  )
( 31  -172  -267  )
( 52  -11  -17  )
( -55  180  48  )
( -185  -49  -124  )
( 314  -323  248  )
( -332  -21  345  )
( 290  238  -108  )
( 119  -224  -324  )
( -241  250  -273  )
( 321  -275  87  )
( 337  180  215  )
( 115  -71  -313  )
( -59  -160  -246  )
( -248  125  115  )
( 173  335  95  )
( 213  172  319  )
( -310  104  237  )
( 157  23  -101  )
( 122  -256  -200  )
( 107  159  -54  )
( -51  152  204  )
( -75  237  -9  )
( 45  308  -224  )
( -23  321  275  )
( -158  -181  -74  )
( -293  114  -210  )
( -294  30  -22  )
( -178  -50  103  )
( -202  136  41  )
( 317  87  143  )
( 0  -265  344  )
( 16  276  23  )
( 173  122  62  )
( 279  -257  218  )
( -219  315  -197  )
( 45  -338  24  )
( -141  332  142  )
( -203  -276  132  )
( -275  87  131  )
( -258  341  -186  )
( 235  233  264  )
( 45  -63  337  )
( 98  -148  65  )
( -73  75  280  )
( 32  39  212  )
( 204  197  -136  )
( 58  -15  17  )
( 220  121  22  )
( 162  -305  130  )
( 0  -230  -239  )
( -66  71  91  )
( 333  11  -287  )
( 129  -113  173  )
( -349  3  95  )
( 107  -236  -162  )
( -45  163  -80  )
( -98  -288  -159  )
( 168  -121  269  )
( 281  -21  -134  )
( 314  276  -149  )
( 277  222  84  )
( 280  81  338  )
( 260  71  -145  )
( -104  261  100  )
( -252  -105  149  )
( -219  -269  -76  )
( 273  177  265  )
( 212  23  -86  )
( -190  123  -222  )
( 69  -99  112  )
( 225  -309  -307  )
( 140  201  -80  )
( -296  -26  11  )
( 306  171  -327  )
( -306  126  -10  )
( -65  118  131  )
( -299  259  -307  )
( 22  -324  106  )
( 326  144  317  )
( 213  -4  -117  )
( 228  288  -21  )
( -217  -231  301  )
( 322  313  -203  )
( 110  293  -167  )
( -136  -240  200  )
( -83  -6  200  )
( -328  129  196  )
( 37  294  -191  )
( -299  57  -334  )
( -323  177  -285  )
( 112  119  -184  )
( 345  -222  71  )
( -271  275  -117  )
( -16  221  204  )
( -137  -164  73  )
( 107  83  -152  )
( -36  346  246  )
( -220  -137  -305  )
( 175  120  140  )
( 262  -2  -114  )
( -82  -313  293  )
( 27  -282  334  )
( 124  343  49  )
( 197  110  -313  )
( -241  42  233  )
( 115  -201  -240  )
( 27  -208  349  )
( -148  26  -97  )
( 55  -175  140  )
( 157  72  349  )
( 328  297  -243  )
( -17  -189  321  )
( -153  160  347  )
( -204  -64  -14  )
( -211  -223  327  )
( 13  -110  -188  )
( 318  -143  40  )
( 329  -68  -19  )
( -242  127  -145  )
( 129  -94  348  )
( 228  198  -13  )
( 75  307  -227  )
( 348  343  -146  )
( 315  -190  65  )
( -71  203  -106  )
( -331  15  119  )
( -131  113  -267  )
( -297  -49  127  )
( -179  -83  -214  )
( 211  22  280  )
( 90  97  154  )
( -130  335  154  )
( 71  -83  -232  )
( -178  -280  -206  )
( 325  -212  -253  )
( 205  216  -222  )
( -194  -332  -99  )
( 166  -101  120  )
( -57  -197  191  )
( -102  89  -111  )
( -335  94  226  )
( 42  -319  -54  )
( -217  265  -266  )
( 349  -176  -172  )
( 149  -172  -121  )
( 256  -121  127  )
( 192  243  29  )
( 168  232  -144  )
( 28  65  -240  )
( 89  -239  -82  )
( 53  -8  -123  )
( -198  -274  -32  )
( 237  -171  234  )
( 337  43  136  )
( -224  49  345  )
( -166  278  -101  )
( -307  28  -156  )
( -109  -208  106  )
( -343  268  273  )
( 322  -208  -90  )
( -237  83  120  )
( 286  256  -201  )
( -82  239  292  )
( 216  304  -210  )
( 322  -78  -30  )
( 8  -57  -83  )
( -94  -307  53  )
( -66  288  -120  )
( 94  305  -281  )
( -81  -223  -299  )
( -178  11  125  )
( 324  130  -106  )
( 214  175  33  )
( -58  -146  38  )
( -246  -263  -292  )
( 116  74  70  )
( 229  -159  85  )
( 28  299  -340  )
( 29  -133  -192  )
( -159  212  82  )
( 142  298  113  )
( 244  193  -159  )
( 223  -41  -271  )
( -83  -206  238  )
( 203  -31  -284  )
( -79  -174  -68  )
( -319  -303  240  )
( -136  -179  133  )
( 52  -127  83  )
( 135  6  -36  )
( 239  224  236  )
( -174  -336  -185  )
( -93  326  -234  )
( 16  -91  212  )
( 185  226  186  )
( 38  274  -124  )
( -113  -76  -25  )
( 237  195  -307  )
( -4  283  -297  )
( 304  -290  199  )
( 275  -9  252  )
( -305  -60  155  )
( -178  -82  -40  )
( -162  -24  180  )
( -57  341  11  )
( -23  241  207  )
