( -81  -177  -173  )
( -134  346  329  )
( -224  235  -23  )
( -239  -124  -32  )
( 151  -312  122  )
( 214  265  186  )
( -285  193  18  )
( -63  -305  -260  )
( 181  -17  180  )
( -62  -65  3  )
( -188  -88  -299  )
( 271  -197  -140  )
( -330  -66  239  )
( 90  82  -277  )
( 169  -22  86  )
( 111  -277  267  )
( -14  301  91  )
( -59  68  -21  )
( -104  -14  -243  )
( -180  -253  117  )
( -90  114  6  )
( 215  78  -44  )
( 267  -296  97  )
( 304  300  -138  )
( 318  197  253  )
( -46  -249  -293  )
( -92  -69  -87  )
( -261  -176  203  )
( -158  -166  -308  )
( -55  -236  0  )
( 259  -48  -1  )
( -12  -104  115  )
( -278  61  247  )
( -301  130  -207  )
( 69  317  265  )
( 144  -149  282  )
( -255  -138  -92  )
( -79  -312  325  )
( 285  123  -56  )
( 63  -277  195  )
( 80  125  -298  )
( -180  201  -57  )
( -264  -62  4  )
( 188  91  -214  )
( -252  -225  -248  )
( 305  207  -330  )
( 90  127  -291  )
( -264  317  -16  )
( -4  -131  -21  )
( 250  -46  9  )
( -201  33  308  )
( -66  -214  -235  )
( -129  48  -67  )
( -122  337  -210  )
( 294  -183  -87  )
( 21  -297  131  )
( -315  -328  -131  )
( 180  229  94  )
( -267  212  215  )
( -171  -228  133  )
( 242  14  272  )
( 127  -346  139  )
( 21  -309  51  )
( 319  -230  81  )
( 122  -72  -173  )
( -110  301  87  )
( 223  -251  331  )
( -298  327  -199  )
( 185  -43  -160  )
( 20  -222  142  )
( 223  323  10  )
( 328  -262  124  )
( 92  272  -51  )
( 89  -126  52  )
( -280  133  325  )
( -307  97  215  )
( 74  223  31  )
( -243  304  -236  )
( -221  228  100  )
( -341  136  -0  )
( 246  279  -167  )
( 128  -166  -190  )
( 348  -138  -208  )
( 299  22  -237  )
( -125  -3  291  )
( -315  230  -114  )
( -141  -136  -273  )
( -41  -185  156  )
( 110  123  117  )
( -179  3  69  )
( -301  -193  43  )
( -20  -55  -10  )
( 309  63  284  )
( 181  -235  -79  )
( -160  138  205  )
( 3  299  283  )
( 60  -272  336  )
( 98  167  -36  )
( -216  -9  -63  )
( 255  -182  -245  )
( 242  23  55  )
( 183  73  89  )
( -288  166  230  )
( 290  260  -121  )
( 208  246  54  )
( 185  308  -134  )
( -50  141  -128  )
( -240  -86  110  )
( -319  -332  -306  )
( -22  -26  149  )
( -54  -172  316  )
( 153  99  66  )
( -79  -19  -249  )
( 39  -211  306  )
( 152  -201  -131  )
( -153  137  -256  )
( -91  39  -30  )
( 238  -25  -105  )
( 294  -293  63  )
( -303  205  -242  )
( -296  -49  -286  )
( -222  -305  67  )
( 98  100  -32  )
( 299  -133  327  )
( 55  -325  119  )
( 92  235  307  )
( 130  -76  -190  )
( -296  316  -75  )
( -12  335  16  )
( -30  137  -120  )
( 348  -130  -8  )
( -290  -168  252  )
( 300  -319  23  )
( 57  -335  233  )
( -79  -185  121  )
( 87  -302  339  )
( 245  -112  113  )
( 153  95  -8  )
( -80  -76  -175  )
( -167  -14  -7  )
( 174  226  333  )
( 106  177  -262  )
( -101  26  -80  )
( -55  -345  16  )
( 220  -43  108  )
( 118  239  244  )
( 215  -108  208  )
( 14  -308  25  )
( -93  54  60  )
( 56  98  299  )
( 61  237  164  )
( 274  -273  -231  )
( 197  25  -74  )
( -157  32  179  )
( 344  -215  -343  )
( 220  305  292  )
( -265  -206  85  )
( -144  153  112  )
( 120  310  -49  )
( -88  41  -226  )
( 346  110  -99  )
( 221  -26  256  )
( -338  -320  -195  )
( -254  -76  295  )
( -230  122  325  )
( -197  254  34  )
( -45  -176  73  )
( -172  -216  -232  )
( -322  176  -96  )
( 170  5  147  )
( 50  265  -10  )
( 123  22  -20  )
( 273  147  -288  )
( 62  125  -346  )
( -314  220  -11  )
( 81  36  31  )
( 111  330  -45  )
( -265  189  -188  )
( -294  -229  226  )
( -255  250  32  )
( -184  -65  -295  )
( 155  183  233  )
( 280  97  151  )
( 195  -296  50  )
( -76  -202  -7  )
( 277  222  153  )
( 269  -142  -90  )
( 60  -95  -254  )
( 244  201  22  )
( 109  -132  133  )
( -347  -261  -269  )
( 269  186  130  )
( 178  -278  -216  )
( -211  138  -57  )
( -312  -84  7  )
( -194  -132  55  )
( -257  -157  179  )
( -297  21  -288  )
( 290  267  218  )
( -279  -339  179  )
( -8  201  26  )
( 160  -105  -15  )
( -245  259  323  )
( 321  125  -209  )
( 295  85  190  )
( -299  219  182  )
( -324  35  292  )
( -56  -306  -108  )
( -234  35  240  )
( 140  -73  328  )
( 328  284  -104  )
( -165  324  -331  )
( -275  -24  198  )
( 262  338  -65  )
( 179  101  -49  )
( 321  -79  -110  )
( 123  295  121  )
( -309  -129  -220  )
( -269  -72  340  )
( 7  119  242  )
( 127  -55  331  )
( -123  305  125  )
( -334  -147  136  )
( -78  169  -227  )
( 261  -323  -312  )
( -68  -94  -202  )
( -119  -214  -142  )
( -201  -336  124  )
( -111  -140  282  )
( 134  -268  176  )
( -90  192  -3  )
( -228  -347  314  )
( 202  265  -340  )
( 171  347  195  )
( 319  -330  -150  )
( 302  120  -210  )
( -35  -151  -319  )
( -138  -290  -120  )
( -102  -139  166  )
( 87  -183  324  )
( -24  -64  118  )
( 275  153  15  )
( 119  -52  -140  )
( 117  196  -348  )
( 231  211  -162  )
( 16  20  -265  )
( 56  -244  -264  )
( -163  -171  -217  )
( 267  -337  -120  )
( -181  -261  -130  )
( -335  124  -91  )
( 118  228  296  )
( -226  -81  188  )
( 282  -332  -78  )
( -312  84  -324  )
( 269  173  -223  )
( -42  194  300  )
( 224  78  52  )
( 41  67  243  )
( 150  -35  183  )
( 118  -25  5  )
( 302  207  13  )
( 3  -289  -37  )
( -157  -153  11  )
( -18  -25  40  )
( 203  -30  175  )
( -274  333  -77  )
( -237  215  41  )
( 38  -146  -190  )
( 165  325  82  )
( -173  53  -255  )
( -30  45  325  )
( 211  98  159  )
( -306  -333  -210  )
( -147  -3  323  )
( 152  63  -193  )
( 139  261  -321  )
( 234  -144  -30  )
( -57  303  -276  )
( -214  -280  124  )
( -154  67  -37  )
( -192  -301  -130  )
( -187  -66  -100  )
( 184  50  117  )
( -18  186  215  )
( -203  100  191  )
( 128  -284  8  )
( -208  -273  -13  )
( 215  291  -240  )
( 45  4  187  )
( 144  179  -158  )
( 280  -334  158  )
( -61  -26  -27  )
( -187  -286  -175  )
( -129  75  296  )
( 250  -262  -40  )
( 230  253  -259  )
( -137  -181  211  )
( 84  155  246  )
( 26  349  -123  )
( -236  128  86  )
( 107  -240  -11  )
( 206  -337  141  )
( 202  -172  1  )
( 255  -309  -208  )
( 291  44  -177  )
( -192  -119  278  )
( -130  -102  -340  )
( 203  295  -18  )
( 263  299  264  )
( -175  205  -293  )
( 284  -126  233  )
( 99  223  115  )
( -11  -262  -32  )
( 300  278  111  )
( 324  -164  157  )
( 142  -194  314  )
( -13  -75  -150  )
( -324  -158  -37  )
( -73  -182  -134  )
( -190  107  10  )
( -273  -196  103  )
( 196  328  -312  )
( -343  -138  -126  )
( 245  -151  -192  )
( 60  43  25  )
( 141  -158  -179  )
( 212  113  80  )
( -69  -220  183  )
( 141  -131  335  )
( -310  -273  -165  )
( 346  318  221  )
( 177  327  -291  )
( -268  139  155  )
( 297  -1  295  )
( 187  -150  72  )
( 57  41  -143  )
( -40  -261  24  )
( 291  -205  -56  )
( 211  4  155  )
( -328  334  199  )
( 55  136  58  )
( 6  292  -219  )
( -125  228  -11  )
( 127  258  311  )
( 97  25  -179  )
( -327  318  -132  )
( 297  -256  -227  )
( -62  146  77  )
( -206  -271  161  )
( 61  284  29  )
( 254  -150  93  )
( -333  -228  -33  )
( -65  212  -303  )
( -130  240  216  )
( -41  -281  -309  )
( 224  -8  -333  )
( -23  220  298  )
( -193  263  -261  )
( 235  -283  -23  )
( 305  226  150  )
( 210  178  1  )
( -95  -230  222  )
( -55  256  -246  )
( 330  229  -215  )
( -317  238  246  )
( 217  118  -141  )
( -280  -265  -105  )
( -286  -245  -64  )
( -78  -147  -91  )
( 21  -238  247  )
( 336  -267  -74  )
( 258  -323  -255  )
( 288  95  77  )
( -43  254  132  )
( 34  -241  113  )
( 208  -90  28  )
( 131  -126  236  )
( -239  274  -159  )
( 95  -105  -28  )
( -156  280  -161  )
( 19  6  -273  )
( 132  202  -212  )
( -196  200  -301  )
( 137  -204  66  )
( -189  246  65  )
( 213  329  321  )
( 344  212  -303  )
( -46  38  -163  )
( -346  74  232  )
( 93  -177  158  )
( -214  -155  -144  )
( 271  -278  -150  )
( 235  274  341  )
( 104  325  123  )
( 204  102  2  )
( 24  246  340  )
( 286  -160  180  )
( 266  -129  -284  )
( 347  121  -201  )
( -198  76  -218  )
( -333  21  -69  )
( 156  -82  223  )
( 220  -99  -65  )
( 279  -170  -296  )
( 173  122  -226  )
( 324  -63  338  )
( 198  -73  318  )
( 81  170  47  )
( -112  -138  8  )
( -107  -206  312  )
( -203  121  175  )
( 102  160  75  )
( -332  121  -15  )
( -79  63  2  )
( -73  42  -224  )
( -94  -336  -145  )
( 158  -13  252  )
( -122  -324  -281  )
( -211  105  -348  )
( -40  106  38  )
( 182  176  -174  )
( 201  233  213  )
( -165  188  55  )
( -292  -329  -56  )
( 74  -331  138  )
( -106  39  210  )
( -28  75  -216  )
( 241  -104  -245  )
( -112  -42  -241  )
( -116  -199  -12  )
( 176  95  -117  )
( -237  -117  134  )
( 262  122  50  )
( -32  -239  -176  )
( -67  188  -39  )
( 168  16  -90  )
( 96  104  107  )
( -212  -107  62  )
( 73  38  259  )
( 159  292  -35  )
( -198  295  -344  )
( -78  137  -161  )
( -162  11  317  )
( 155  220  -207  )
( 11  94  301  )
( -86  130  -114  )
( 159  -339  71  )
( -5  -164  318  )
( -59  107  -206  )
( -15  -46  -158  )
( -85  -303  27  )
( 259  56  -203  )
( -121  -75  193  )
( 255  -296  -195  )
( -306  -86  314  )
( 136  -55  147  )
( 348  226  -166  )
( -168  98  -328  )
( -219  -185  33  )
( -70  -63  -320  )
( 335  -322  -42  )
( -108  173  135  )
( -19  -290  243  )
( -335  -6  232  )
( 116  341  -221  )
( 17  -120  -109  )
( 214  165  -78  )
( 206  11  -93  )
( -252  -305  84  )
( -26  82  292  )
( -3  -156  31  )
( 343  94  -32  )
( -248  166  -310  )
( 302  -249  -188  )
( -184  -140  70  )
( 149  73  124  )
( -342  -260  5  )
( 150  -145  54  )
( -348  -179  187  )
( 70  53  -215  )
( -36  8  -275  )
( -201  276  -98  )
( 37  -322  118  )
( 133  183  -114  )
( 53  -6  198  )
( 64  124  172  )
( 294  158  -228  )
( -190  -238  175  )
( 120  -233  -243  )
( 255  270  -156  )
( 313  -264  231  )
( 81  -149  45  )
( 246  213  342  )
( 289  -101  -299  )
( -169  -130  260  )
( -164  -267  -11  )
( -122  236  -179  )
( 47  319  -63  )
( -85  -181  162  )
( 237  -76  101  )
( -115  -44  307  )
( -205  -275  288  )
( 56  -106  215  )
( -328  127  -213  )
( 239  204  -309  )
( 220  228  -142  )
( 339  -72  50  )
( -125  309  162  )
( -212  131  -138  )
( 100  -162  -21  )
( -116  -168  -337  )
( -264  158  301  )
( -89  -234  221  )
( 253  -62  162  )
( -317  289  123  )
( -10  -90  189  )
( 185  -303  183  )
( 98  -132  -166  )
( 322  -44  143  )
( 286  308  -328  )
( 309  344  76  )
( 48  -270  135  )
( -281  -111  -152  )
( 208  -324  321  )
( -240  -263  -227  )
( 203  -51  122  )
( 228  32  -63  )
( 260  -187  -129  )
( 99  119  163  )
( -89  81  179  )
( -227  -47  -124  )
( 64  -84  -137  )
( 146  212  -232  )
( -298  268  146  )
( 30  -56  -224  )
( -232  66  103  )
( 45  -128  -346  )
( -84  217  121  )
( 177  203  192  )
( -116  133  53  )
( -192  -79  177  )
( -249  120  -33  )
( 135  163  52  )
( -224  -348  -333  )
( 39  262  -304  )
( 237  244  -176  )
( -265  104  -315  )
( 36  308  99  )
( 195  46  124  )
( 87  -332  -331  )
( -119  106  -36  )
( 132  213  -208  )
( 184  299  205  )
( -27  -67  -124  )
( 158  311  288  )
( 62  35  -121  )
( 104  143  -333  )
( 164  -152  162  )
( -313  7  328  )
( 191  -89  -148  )
( 30  53  43  )
( -188  -327  124  )
( 297  -163  8  )
( -14  -96  -65  )
( -97  -51  -73  )
( -222  -11  -67  )
( -330  -165  -18  )
( 138  -234  157  )
( 170  296  -66  )
( 271  -219  60  )
( -333  -132  119  )
( 71  143  -205  )
( -229  18  161  )
( -39  313  215  )
( 171  60  -11  )
( 65  -300  207  )
( 66  216  -277  )
( -346  78  338  )
( -109  -219  304  )
( 158  -228  49  )
( -148  -25  49  )
( -146  -342  -86  )
( -38  -124  -143  )
( -95  233  100  )
( -116  -205  208  )
( -255  308  -31  )
( -243  -226  -88  )
( 67  -181  139  )
( -271  -261  6  )
( -273  -275  172  )
( 0  256  10  )
( -311  241  -341  )
( -78  -271  238  )
( -120  -3  258  )
( -92  -83  -213  )
( 56  -266  98  )
( -349  -302  88  )
( -244  219  245  )
( -123  -312  -347  )
( -224  5  -136  )
( -13  306  33  )
( 43  139  -251  )
( -31  -332  21  )
( 264  -159  18  )
( 36  -229  -97  )
( -304  263  -89  )
( -220  -316  -76  )
( 237  -138  78  )
( -89  -39  83  )
( -248  102  -100  )
( 5  92  -254  )
( 61  3  327  )
( -237  273  -116  )
( -247  -327  -252  )
( 136  -204  -119  )
( -116  117  85  )
( -124  -109  348  )
( 191  210  46  )
( 305  199  331  )
( -13  272  -181  )
( -138  199  -314  )
( 29  331  89  )
( 124  182  -98  )
( 222  -291  59  )
( -219  141  -21  )
( 244  7  -121  )
( -310  -244  -71  )
( 165  176  15  )
( -40  -319  80  )
( 180  154  282  )
( -216  -225  339  )
( -128  -258  -10  )
( 155  -160  183  )
( 235  24  118  )
( 148  -238  -67  )
( -177  117  -62  )
( -183  203  -284  )
( 117  159  271  )
( -65  -42  -321  )
( -283  -195  -248  )
( 148  80  145  )
( -114  -309  -132  )
( 31  5  83  )
( -64  -22  -98  )
( 244  -339  -324  )
( -343  107  79  )
( 308  -208  284  )
( -109  311  -277  )
( 22  -140  -88  )
( -231  -188  -146  )
( 334  305  42  )
( 78  -29  -128  )
( 319  81  199  )
( -149  130  178  )
( -262  -19  305  )
( -152  -284  -10  )
( 177  -33  -155  )
( 141  118  -327  )
( -262  -348  332  )
( -314  -333  250  )
( 138  -181  219  )
( -305  -25  245  )
( 94  -171  239  )
( 288  -163  -277  )
( -149  220  134  )
( -124  344  -260  )
( 168  122  -95  )
( 43  -65  317  )
( 2  30  233  )
( -104  121  305  )
( 38  -193  329  )
( -229  308  -114  )
( 43  125  195  )
( -345  -226  221  )
( -55  -222  207  )
( -187  -245  273  )
( 178  -247  -268  )
( -210  -168  -245  )
( -231  46  79  )
( -163  -227  4  )
( 317  6  24  )
( 277  -166  -177  )
( -319  -293  307  )
( -46  -114  -138  )
( 201  137  208  )
( -341  -190  160  )
( 132  -70  252  )
( 167  290  325  )
( -304  163  73  )
( 194  333  -349  )
( 1  110  -94  )
( -275  231  -225  )
( 92  103  127  )
( -89  -315  -47  )
( -216  337  58  )
( 312  -305  -151  )
( -333  -132  -122  )
( 24  163  183  )
( 35  -269  321  )
( -38  -314  -169  )
( 344  -135  150  )
( -59  -253  193  )
( -241  268  289  )
( 63  -117  -144  )
( 174  -259  -312  )
( 314  -348  -172  )
( 261  320  -96  )
( 165  -61  121  )
( 187  -302  -70  )
( 175  338  -216  )
( 23  202  -5  )
( 210  -337  68  )
( -206  187  -339  )
( 196  156  245  )
( -190  -246  155  )
( 22  176  -19  )
( 282  91  -272  )
( -197  -205  32  )
( -133  -268  -100  )
( -1  278  156  )
( -187  169  164  )
( 268  -124  -295  )
( 300  36  -285  )
( -125  -20  -126  )
( -32  -267  -153  )
( 98  -75  -31  )
( 273  -81  -317  )
( 347  210  -338  )
( 4  -315  -187  )
( 277  -78  79  )
( 262  314  -295  )
( -191  -280  -129  )
( 25  345  107  )
( -212  239  218  )
( -325  -73  67  )
( 152  1  -142  )
( -155  -277  -235  )
( 230  -273  193  )
( -337  129  78  )
( -163  -5  -91  )
( 300  -32  -291  )
( 120  -224  269  )
( -258  204  -155  )
( 339  176  -309  )
( 116  -121  -53  )
( 83  164  -271  )
( 115  59  -244  )
( -249  168  -318  )
( 132  -301  -245  )
( 31  -164  308  )
( -230  -14  -156  )
( 73  135  -252  )
( -304  172  -319  )
( -207  -289  231  )
( 263  -120  158  )
( -235  -253  -134  )
( 210  -135  -257  )
( 162  -267  255  )
( 136  -12  -293  )
( -276  323  -34  )
( -5  155  63  )
( 287  -58  -44  )
( 280  251  -115  )
( -267  8  -21  )
( -1  -84  238  )
( 331  87  227  )
( -274  -257  210  )
( -213  -136  -13  )
( 258  326  -94  )
( -268  -45  -131  )
( -291  -20  278  )
( 151  -118  -207  )
( 11  323  156  )
( -7  140  -83  )
( 240  -221  88  )
( -238  47  296  )
( 240  -70  -41  )
( -243  -139  -40  )
( -112  305  140  )
( -147  -45  318  )
( 54  -177  -97  )
( -76  42  -169  )
( 72  172  286  )
( -192  -8  318  )
( -320  -44  -57  )
( -199  -189  -166  )
( 312  254  -289  )
( -342  59  -223  )
( -304  -112  -303  )
( -255  -139  -177  )
( 89  -4  80  )
( -162  247  33  )
( -188  274  328  )
( -99  116  272  )
( 171  -36  135  )
( -214  176  39  )
( 223  -21  -293  )
( 51  -302  -159  )
( 268  -203  114  )
( -83  242  131  )
( 228  35  272  )
( -170  15  233  )
( -3  341  -5  )
( -273  -82  196  )
( -85  -265  137  )
( -0  -342  -288  )
( -212  254  -207  )
( 162  -33  -169  )
( 164  -90  -302  )
( 338  -225  314  )
( 309  -197  -61  )
( 113  -194  15  )
( -232  288  -195  )
( 138  -51  176  )
( 342  -22  230  )
( -29  26  -205  )
( -19  271  -112  )
( -149  -226  107  )
( 85  -297  0  )
( -127  -240  84  )
( -113  -174  -59  )
( 260  -134  -0  )
( 66  -132  -320  )
( -238  -162  -1  )
( 317  10  -12  )
( -184  -248  238  )
( -40  -24  150  )
( -306  -346  30  )
( 1  225  -205  )
( -334  -71  -271  )
( 180  264  -136  )
( 184  219  235  )
( 14  137  -274  )
( -108  277  -227  )
( -71  -311  -150  )
( -183  -286  191  )
( 339  -276  -174  )
( 301  -292  32  )
( 344  305  -251  )
( 259  -144  216  )
( -30  291  -129  )
( 149  -338  39  )
( 93  0  -6  )
( 346  -206  -252  )
( 339  -18  -210  )
( 12  342  -0  )
( -264  94  214  )
( -89  42  -90  )
( 13  9  -275  )
( -159  -280  314  )
( -86  -326  153  )
( -338  167  -213  )
( 126  143  230  )
( -105  242  136  )
( 337  -310  41  )
( -267  -183  -89  )
( -47  -323  -40  )
( 319  156  324  )
( -213  236  26  )
( 82  203  -262  )
( -296  -75  149  )
( -259  64  -39  )
( 331  -239  -57  )
( 237  -121  -108  )
( -14  215  273  )
( 254  210  -240  )
( 309  68  -343  )
( -105  328  301  )
( 210  -189  -83  )
( -281  -182  90  )
( -221  158  147  )
( -246  275  -251  )
( -294  216  -143  )
( 336  180  -174  )
( -8  -253  -4  )
( 335  48  -201  )
( -94  48  -249  )
( 167  -192  102  )
( 145  -230  123  )
( -62  -275  -287  )
( 304  306  228  )
( -343  -164  -335  )
( 162  -308  -170  )
( 125  -241  17  )
( -263  -62  306  )
( 268  84  -143  )
( -160  -197  296  )
( -297  344  263  )
( 98  249  -203  )
( 300  -206  -30  )
( 167  -29  -46  )
( 239  -104  -81  )
( 212  153  12  )
( -334  11  296  )
( -340  -86  -321  )
( -243  -125  86  )
( 311  130  -139  )
( -134  80  -40  )
( -84  177  -284  )
( 256  -310  181  )
( 140  183  226  )
( -242  122  -224  )
( 206  281  271  )
( 37  163  334  )
( -80  -122  -121  )
( -108  -134  119  )
( -59  33  -170  )
( 212  -18  -255  )
( 67  253  73  )
( 313  -11  -94  )
( -63  -300  320  )
( 229  -182  255  )
( -69  -113  235  )
( -281  229  -110  )
( -58  -182  -173  )
( -313  -283  -187  )
( 71  -3  180  )
( 185  148  -255  )
( -60  -249  338  )
( 294  -64  163  )
( 91  51  16  )
( -313  -328  -161  )
( -260  80  -136  )
( -261  269  25  )
( -150  269  -24  )
( -342  160  128  )
( -227  -114  -3  )
( -272  -144  196  )
( -327  -221  91  )
( -185  190  -144  )
( -127  -160  -228  )
( 288  59  -293  )
( 278  -281  265  )
( 18  -56  -268  )
( -158  141  -325  )
( -239  -327  139  )
( 257  -153  -322  )
( -245  -152  -325  )
( 22  -0  -295  )
( -177  254  -221  )
( 197  21  -96  )
( -130  -255  -256  )
( -278  -297  106  )
( -91  340  199  )
( -35  -245  -187  )
( -134  143  206  )
( -280  61  -195  )
( -44  -40  -245  )
( 257  -155  -5  )
( 165  -235  -108  )
( -296  -190  -100  )
( 321  -64  -208  )
( -14  177  -10  )
( -286  -135  141  )
( -13  209  -23  )
( 213  0  90  )
( 177  -301  55  )
( -112  131  10  )
( 2  7  273  )
( -294  -289  -35  )
( -6  -79  -197  )
( 122  -195  335  )
( -91  201  6  )
( 345  157  44  )
( 158  202  -73  )
( -177  118  -1  )
( -241  -333  -220  )
( -331  -91  15  )
( -318  -83  39  )
( -40  27  -87  )
( 123  -321  222  )
( 296  -61  336  )
( 1  -245  -206  )
( 281  -125  -193  )
( -246  -4  -43  )
( -226  36  51  )
( -347  -164  -143  )
( 38  -111  0  )
( 123  -158  91  )
( -346  4  146  )
( 82  -31  172  )
( -146  -161  159  )
( -126  -80  -204  )
( -279  -106  -130  )
( 40  181  -216  )
( -319  121  8  )
( -249  -220  114  )
( -154  -47  14  )
( 55  296  -19  )
( 311  239  -91  )
( 210  130  -23  )
( 174  206  -232  )
( -344  -9  313  )
( 123  0  43  )
( -305  134  -28  )
( 270  267  343  )
( 244  57  5  )
( -31  -313  168  )
( 257  -329  -47  )
( -246  -235  34  )
( 222  335  349  )
( -151  -198  322  )
( 105  316  -127  )
( 329  157  2  )
( -247  -297  -37  )
( -66  20  -303  )
( 166  159  -146  )
( 235  -183  252  )
( 49  131  -113  )
( -142  -339  224  )
( 198  -179  -289  )
( 15  144  40  )
( 59  40  -245  )
( -233  -200  72  )
( 57  338  339  )
( -140  -12  -70  )
( -225  -325  62  )
( -190  313  -300  )
( -321  -198  -317  )
( -247  164  340  )
( -280  -258  337  )
( -156  -333  -110  )
( 256  -72  -98  )
( -11  -31  -61  )
( 308  -339  -47  )
( -263  212  -47  )
( -84  -335  306  )
( -220  -154  250  )
( -20  -132  -16  )
( 9  -216  -247  )
( -324  59  -316  )
( -299  72  342  )
( -104  133  304  )
( -59  -49  166  )
( -122  -318  -241  )
( -108  -154  263  )
( -158  -285  -323  )
( -36  11  198  )
( -256  8  -11  )
( 219  -104  -202  )
( -262  -329  -85  )
( -257  333  -56  )
( 278  -100  225  )
( -217  -208  86  )
( -253  -176  -186  )
( 158  51  -55  )
( 303  124  -276  )
( 25  231  274  )
( 162  55  236  )
( -237  39  -116  )
( 288  11  -189  )
( -70  328  9  )
( -345  -11  119  )
( 342  -109  -276  )
( -199  -141  53  )
( 190  -141  -268  )
( -155  340  -24  )
( -241  311  209  )
( -51  108  113  )
( -16  142  208  )
( 40  22  -334  )
( 79  -76  140  )
( -161  276  56  )
( -179  306  298  )
( 110  -233  96  )
( -81  -192  -59  )
( -245  -112  7  )
( 126  -57  -315  )
( -51  185  305  )
( -202  -140  -125  )
( -59  174  331  )
( -14  -219  -217  )
( 328  -18  -321  )
( 142  173  -302  )
( 47  190  -196  )
( 207  53  -52  )
( 47  123  -254  )
( -337  -158  221  )
( -321  340  134  )
( -182  -73  -47  )
( -206  -321  304  )
( -32  -18  -104  )
( -66  -347  -68  )
( 232  -100  184  )
( 303  191  83  )
( 341  -334  308  )
( -338  246  162  )
( -275  -302  -172  )
( 349  262  48  )
( -217  -45  -250  )
( -20  -39  223  )
( 195  -149  85  )
( 53  -306  -318  )
( -52  -202  118  )
( -115  25  -265  )
( 105  255  -198  )
( -201  217  -51  )
( 96  -21  -80  )
( -115  181  -89  )
( 348  279  271  )
( 232  -91  71  )
( -10  -240  225  )
( 330  -236  297  )
( -129  282  346  )
( -275  -210  100  )
( -343  -1  -221  )
( 196  10  -20  )
( 148  221  331  )
( -320  299  -302  )
( -60  -198  167  )
( -338  -207  -276  )
( -8  -99  -140  )
( -15  256  -26  )
( 32  109  -96  )
( 202  -114  300  )
( 312  -228  124  )
( 317  264  35  )
( 245  -116  146  )
( 27  336  29  )
( -126  299  -227  )
( 115  255  -173  )
( -166  -160  165  )
( -114  8  -104  )
( -153  -285  -282  )
( 28  -66  293  )
( 148  311  318  )
( 182  -124  273  )
( 110  149  -284  )
( 96  144  244  )
( -296  -327  -230  )
( -50  251  -174  )
( 99  -107  176  )
( -237  -192  245  )
( -218  -277  -39  )
( -283  -82  -322  )
( 98  -107  -79  )
( 101  -272  -265  )
( -283  88  -57  )
( 263  18  -218  )
( 243  41  -43  )
( 273  14  206  )
( 216  -239  290  )
( -8  -88  -132  )
( 345  111  -278  )
( 346  -156  -274  )
( 215  -196  73  )
( 246  -258  -89  )
( -52  215  75  )
( 36  150  87  )
( 199  240  95  )
( -231  -132  -299  )
( -287  163  -207  )
( -228  109  91  )
( -295  -15  -93  )
( -229  -341  272  )
( 279  246  -245  )
( -314  -346  35  )
( 241  6  -108  )
( -13  112  -71  )
( -9  -337  -205  )
( 24  25  309  )
( 319  -291  -76  )
( 320  234  -42  )
( 51  -137  -127  )
( -1  -79  -106  )
( 19  -260  259  )
( 9  -155  316  )
( -303  152  345  )
( -99  -9  345  )
( -80  -246  -311  )
( -220  346  316  )
( -106  242  305  )
( -280  152  -291  )
( -219  266  192  )
( -266  43  203  )
( 26  25  71  )
( 70  155  223  )
( -110  187  -23  )
( 248  229  -246  )
( 246  2  49  )
( 151  -117  50  )
( 203  -293  220  )
( -320  27  120  )
( 13  -246  161  )
( 162  -231  223  )
( -244  272  -289  )
( 276  228  -1  )
( -156  331  -223  )
( -111  -118  261  )
( 21  265  -39  )
( 72  236  84  )
( -158  256  -179  )
( 310  -177  251  )
( -207  67  34  )
( 35  287  19  )
( 34  -4  -220  )
( -324  87  345  )
( -255  -249  -111  )
( 164  -268  -234  )
( -124  -278  -245  )
( 121  -176  193  )
( 269  -58  -295  )
( -168  -153  288  )
( 324  158  -134  )
( -137  -304  -216  )
( 90  11  198  )
( 86  338  -120  )
( -196  -99  212  )
( 149  187  -36  )
( 20  339  321  )
( 24  303  -129  )
( -214  31  -113  )
( -49  -321  -31  )
( 90  116  95  )
( -228  231  -214  )
( -89  82  216  )
( -259  -287  339  )
( -259  -246  -255  )
( -54  -225  224  )
( 313  -184  282  )
( -21  11  -182  )
( 315  272  69  )
( -39  -253  20  )
( -199  101  -221  )
( 201  135  -258  )
( -139  133  -330  )
( -182  -85  249  )
( -61  299  322  )
( 76  -242  -153  )
( 95  -132  -346  )
( -68  -145  -129  )
( -247  297  150  )
( 349  195  -76  )
( 300  344  -127  )
( -54  -37  -192  )
( 344  296  -277  )
( 259  -345  58  )
( -224  -137  121  )
( -294  146  -91  )
( -222  19  113  )
( 109  302  292  )
( -263  243  220  )
( -114  -192  313  )
( 96  154  -331  )
( 228  341  -231  )
( 254  -214  332  )
( 188  -85  -189  )
( -254  338  80  )
( -215  -292  -30  )
( 317  203  76  )
( -275  343  -48  )
( -90  20  -348  )
( -39  198  -264  )
( 268  119  -252  )
( 101  150  -349  )
( 219  -325  -104  )
( 14  -199  285  )
( 74  -218  -334  )
( 261  193  265  )
( 166  116  -139  )
( -267  261  -97  )
( 74  291  -224  )
( 278  -189  -207  )
( 8  127  291  )
( -13  -63  318  )
( 237  88  196  )
( -120  -287  -3  )
( -140  118  -99  )
( 239  263  -42  )
( 182  -265  48  )
( 89  -336  310  )
( -5  -280  -137  )
( 226  -13  -177  )
( 14  183  18  )
( 121  297  334  )
( -71  129  -125  )
( -143  85  -275  )
( 7  283  -124  )
( -252  -216  -42  )
( 84  22  128  )
( -5  317  -28  )
( 243  339  -98  )
( -230  294  35  )
( 134  141  -334  )
( 265  240  -76  )
( 97  344  44  )
( 169  -164  227  )
( -174  -77  -330  )
( 310  -218  236  )
( 79  -26  -210  )
( -195  287  280  )
( 120  3  -348  )
( -325  257  21  )
( -79  38  -122  )
( -248  -96  -208  )
( 135  81  -126  )
( -276  263  -260  )
( -174  183  -55  )
( 262  96  301  )
( -88  218  246  )
( 127  -75  -346  )
( 327  -80  -290  )
( 107  -16  -268  )
( -301  -279  -40  )
( 242  -9  -274  )
( -336  -86  254  )
( 206  272  -328  )
( -170  -105  196  )
( -323  -295  -136  )
( 301  -126  309  )
( 46  -227  108  )
( -214  276  129  )
( 72  253  269  )
( 208  321  182  )
( -66  -171  -18  )
( -100  6  -134  )
( 220  -208  135  )
( -246  -98  279  )
( -72  -169  -39  )
( 35  -311  17  )
( -68  173  -67  )
( -70  226  -87  )
( -187  -168  21  )
( -47  -221  -187  )
( -32  118  255  )
( -211  168  -7  )
( 171  62  67  )
( -115  17  334  )
( 335  50  180  )
( 33  268  79  )
( 157  188  81  )
( 142  208  253  )
( -134  -102  -320  )
( 314  -73  -192  )
( 77  -245  84  )
( 159  258  26  )
( 328  272  311  )
( -129  -214  -332  )
( -297  128  -3  )
( 117  -82  63  )
( 222  335  120  )
( -163  -262  -228  )
( -220  187  285  )
( 223  271  -250  )
( 72  -122  -291  )
( -178  -219  96  )
( 255  -215  -260  )
( 303  177  -126  )
( -179  -60  -198  )
( -289  29  -198  )
( -163  -255  -57  )
( -250  -299  147  )
( -332  -113  -344  )
( 73  -243  130  )
( 198  100  -324  )
( -124  -197  -203  )
( -162  -52  195  )
( -134  -177  -245  )
( -180  -324  339  )
( -248  -280  27  )
( -107  -254  -287  )
( -294  73  -84  )
( -249  38  -28  )
( 84  174  -229  )
( 240  312  36  )
( 253  -88  -282  )
( 271  -204  -4  )
( 346  222  -273  )
( -271  173  321  )
( -255  -215  -332  )
( -258  -186  -285  )
( -347  -74  -281  )
( -306  20  -59  )
( -349  -185  190  )
( -56  306  -102  )
( -24  -213  46  )
( -254  229  -231  )
( -58  117  -175  )
( -121  97  -199  )
( -319  311  -341  )
( -263  143  -276  )
( -122  30  63  )
( 113  1  24  )
( -196  302  -5  )
( 288  -79  -294  )
( 93  -182  150  )
( 306  -69  293  )
( -226  179  309  )
( 329  -157  82  )
( -297  -75  150  )
( 246  -203  298  )
( 112  -322  -331  )
( -282  -142  -143  )
( -179  171  -257  )
( 123  132  -26  )
( 289  -20  205  )
( 246  185  -208  )
( -48  116  124  )
( 334  -269  222  )
( 94  2  -189  )
( 184  -146  311  )
( -72  -13  -84  )
( -231  -179  -35  )
( -255  140  -155  )
( -248  -112  19  )
( 36  278  -251  )
( -333  331  -197  )
( 168  130  -87  )
( -210  323  -89  )
( 1  -271  336  )
( -262  -45  -155  )
( 207  -193  237  )
( -66  -191  -240  )
( 120  295  157  )
( 94  -328  -37  )
( -115  297  -183  )
( -249  301  -141  )
( -66  187  110  )
( -120  198  -258  )
( 18  8  -221  )
( -269  -101  -150  )
( 227  11  237  )
( 251  -313  117  )
( 200  -199  -22  )
( 96  -263  -165  )
( 216  -235  -60  )
( 80  325  45  )
( -80  -299  135  )
( -217  31  -180  )
( 334  -94  -232  )
( 312  206  327  )
( 199  -57  79  )
( 182  226  113  )
( 245  -98  280  )
( 307  54  -272  )
( 313  307  -53  )
( -13  139  -200  )
( -299  233  281  )
( -71  94  -257  )
( 57  -85  -345  )
( -24  -331  111  )
( 82  -294  -297  )
( -73  -246  186  )
( -311  345  306  )
( 3  252  92  )
( -327  129  224  )
( 22  -13  152  )
( -245  -296  146  )
( -223  250  -257  )
( 310  -325  -62  )
( 139  -42  -208  )
( -190  -195  -349  )
( -92  -64  100  )
( 48  -162  -281  )
( 131  -43  -258  )
( 36  314  -312  )
( -303  122  -129  )
( -225  78  139  )
( -102  -60  282  )
( 249  275  -192  )
( 62  -288  180  )
( -224  -236  95  )
( -133  172  -244  )
( -268  -317  34  )
( -320  -84  -123  )
( -239  205  -43  )
( 197  117  -100  )
( 53  -170  -20  )
( 309  -298  -82  )
( -199  63  96  )
( 24  -207  244  )
( -90  -325  -291  )
( 81  330  207  )
( -5  -328  -57  )
( 227  -3  -99  )
( 271  -222  -121  )
( -131  167  183  )
( 263  -255  190  )
( -152  302  -70  )
( -332  132  239  )
( 238  18  -63  )
( 78  -340  130  )
( 67  -344  -129  )
( 39  -92  -81  )
( -343  -52  322  )
( 119  128  121  )
( -278  248  -327  )
( -6  252  -65  )
( 302  -32  305  )
( 184  -127  -273  )
( 271  -127  -323  )
( -106  -126  318  )
( 54  244  -222  )
