( -211  180  165  )
( -26  285  54  )
( -11  -275  70  )
( -330  -303  127  )
( 248  -133  101  )
( 173  276  -214  )
( 268  -32  -337  )
( -249  -338  -203  )
( -153  12  100  )
( -315  -31  -221  )
( -167  -222  238  )
( -334  211  -320  )
( -210  -173  -336  )
( 36  -204  -103  )
( 209  -222  -80  )
( 96  -129  -243  )
( 177  240  254  )
( 50  -254  76  )
( 127  130  -146  )
( -231  2  81  )
( 314  5  -91  )
( -267  36  -76  )
( -151  -338  69  )
( 100  -309  -67  )
( 348  270  162  )
( -293  120  -326  )
( -324  78  -52  )
( 282  165  -254  )
( 218  331  -284  )
( -154  321  -215  )
( 134  291  246  )
( 88  136  38  )
( -14  148  -99  )
( -81  -124  -21  )
( -135  235  -336  )
( 88  7  288  )
( 244  -218  245  )
( -179  229  61  )
( 141  257  299  )
( 344  216  -320  )
( -55  250  241  )
( -119  104  -312  )
( 173  235  -63  )
( 343  -182  -34  )
( 171  -143  255  )
( -103  258  321  )
( 69  175  21  )
( 261  96  173  )
( -177  264  -2  )
( -116  -323  -336  )
( -79  192  -128  )
( -303  141  -9  )
( -89  -162  -239  )
( 170  196  -195  )
( 41  141  258  )
( -36  -320  -119  )
( -240  -305  268  )
( 139  -281  -279  )
( -306  -46  -28  )
( -230  -3  -156  )
( 337  -278  -343  )
( 112  -189  344  )
( -219  -275  162  )
( 109  218  -249  )
( -251  257  -137  )
( -318  -259  -235  )
( -275  98  -340  )
( 77  249  -228  )
( -150  309  80  )
( -171  289  -73  )
( 121  -21  39  )
( -210  277  -337  )
( 239  232  -185  )
( 60  341  161  )
( 230  -63  -145  )
( -240  -66  140  )
( -192  -69  -315  )
( 349  -139  -190  )
( 187  185  -178  )
( -174  82  -140  )
( 125  -273  238  )
( -31  -174  -283  )
( -28  302  152  )
( -247  -281  -270  )
( 164  308  279  )
( 152  -187  -299  )
( 275  -83  13  )
( -216  -40  -336  )
( 86  338  278  )
( -114  -181  174  )
( 16  -251  -77  )
( -25  200  -31  )
( 79  -153  -38  )
( 333  -28  334  )
( -43  -76  205  )
( 290  199  -79  )
( 143  201  -82  )
( 270  61  290  )
( 177  231  66  )
( 50  165  -164  )
( 136  133  90  )
( -31  -154  -229  )
( 18  -97  -45  )
( -323  -33  -231  )
( -70  213  -198  )
( 239  -156  -100  )
( -74  320  -37  )
( 329  -337  -34  )
( 334  154  -92  )
( 322  -127  -297  )
( -283  3  -207  )
( -137  53  -88  )
( -109  -104  163  )
( -306  -240  348  )
( 220  -38  -46  )
( 54  318  -173  )
( 95  207  -223  )
( 313  -342  2  )
( 196  -199  -329  )
( -152  -53  -132  )
( -36  -257  113  )
( 131  15  103  )
( -119  79  -112  )
( -12  230  -20  )
( 210  -161  43  )
( 172  -326  -122  )
( 121  153  183  )
( 52  101  155  )
( -274  68  307  )
( 58  45  -206  )
( 342  -289  -133  )
( 2  -26  203  )
( -19  -200  -326  )
( -165  -123  -262  )
( -138  -348  100  )
( -342  330  328  )
( 231  -75  206  )
( -108  199  -62  )
( -105  5  -211  )
( 283  -207  307  )
( 150  -125  219  )
( -208  -281  333  )
( -72  335  -161  )
( 65  -113  -171  )
( -106  20  254  )
( -170  -282  -7  )
( 291  -299  312  )
( 165  -16  68  )
( -234  -125  -9  )
( 153  -119  -248  )
( 247  -185  -274  )
( -89  -41  -0  )
( 79  192  82  )
( -258  179  -171  )
( 218  178  -69  )
( -104  -34  164  )
( -205  340  142  )
( -163  -74  130  )
( -269  291  273  )
( -210  -180  -55  )
( -91  65  304  )
( -94  -108  325  )
( -29  -153  -19  )
( 226  -265  -258  )
( -52  200  -333  )
( 117  208  6  )
( 11  24  -71  )
( -57  -81  -165  )
( 248  -97  -37  )
( -269  -36  -231  )
( 137  271  -33  )
( 11  -334  324  )
( -125  319  -249  )
( 57  -240  340  )
( 338  321  138  )
( -158  212  -244  )
( -48  -227  -316  )
( -318  340  117  )
( -237  -327  90  )
( -235  -338  164  )
( 212  -123  305  )
( -187  -16  306  )
( -48  83  36  )
( -337  158  -294  )
( -142  220  -169  )
( 315  240  -44  )
( 201  263  -250  )
( -295  -175  255  )
( -336  106  -322  )
( -164  -163  93  )
( -89  -56  -301  )
( -212  -159  347  )
( -143  -9  333  )
( -242  308  306  )
( -57  20  -246  )
( 315  165  -25  )
( 212  -108  193  )
( 209  -150  169  )
( 266  283  154  )
( 65  92  175  )
( 232  174  -168  )
( 109  223  174  )
( 276  153  -200  )
( -18  -159  319  )
( 286  -193  -64  )
( -76  179  235  )
( -151  -90  216  )
( -21  103  -95  )
( 271  -87  -194  )
( -186  -315  106  )
( 35  11  -23  )
( 65  -128  -32  )
( -215  6  -138  )
( 293  231  321  )
( 16  303  -40  )
( -272  -58  135  )
( 36  -336  -341  )
( -41  94  -262  )
( -183  69  -106  )
( 45  254  234  )
( -263  345  139  )
( -112  -247  275  )
( -191  166  -343  )
( -291  312  -304  )
( -192  -90  -224  )
( -194  -292  -229  )
( 84  -138  218  )
( 109  -213  90  )
( -336  24  -328  )
( -204  220  67  )
( -169  344  -66  )
( 243  4  5  )
( -204  233  158  )
( -33  69  -336  )
( 268  250  -320  )
( 101  -119  -158  )
( -253  -9  94  )
( -20  -221  347  )
( -316  -290  -95  )
( 279  -348  201  )
( -158  -144  137  )
( -302  247  73  )
( -271  -175  -272  )
( -137  -148  -167  )
( -280  227  -133  )
( 305  -270  124  )
( -5  11  -135  )
( -338  -324  -99  )
( -53  -50  281  )
( -87  -281  -301  )
( 13  115  345  )
( 109  -158  330  )
( 115  48  -111  )
( -296  -125  285  )
( -129  120  -252  )
( 172  181  317  )
( -178  203  52  )
( -215  180  -314  )
( 18  -59  79  )
( 56  -162  49  )
( 16  -239  341  )
( 97  340  201  )
( 73  -56  122  )
( 147  187  114  )
( 215  -86  -56  )
( -325  134  -122  )
( 266  153  -15  )
( -337  -113  -29  )
( 213  32  -187  )
( -273  86  -236  )
( 177  -313  -227  )
( -349  171  -286  )
( 91  52  225  )
( 187  219  302  )
( -295  -42  -86  )
( -239  -343  227  )
( -277  295  -284  )
( -193  50  133  )
( 244  -20  -329  )
( -308  207  187  )
( -168  -130  -256  )
( 230  268  -272  )
( 199  149  -203  )
( -220  242  -341  )
( 311  -188  329  )
( 277  -256  135  )
( -145  285  48  )
( 36  -300  108  )
( -147  -283  223  )
( -206  -263  337  )
( 272  161  -128  )
( -77  -201  216  )
( -154  180  211  )
( -232  -239  29  )
( 182  168  126  )
( 170  -119  -337  )
( -177  23  -49  )
( -31  176  286  )
( 190  256  15  )
( -114  -35  319  )
( 58  -287  279  )
( -19  -220  -309  )
( 58  -215  312  )
( -18  -159  338  )
( 271  187  60  )
( 59  158  -93  )
( -16  -212  35  )
( -139  212  317  )
( 215  216  242  )
( -183  208  -57  )
( -315  -195  -18  )
( 44  56  -60  )
( -210  59  248  )
( 15  3  217  )
( 197  27  44  )
( 260  320  -189  )
( -301  332  111  )
( -154  -183  83  )
( 183  -282  -192  )
( -273  332  -61  )
( -137  324  270  )
( -46  328  274  )
( -45  221  286  )
( 114  -33  149  )
( 338  316  -264  )
( -34  -198  -209  )
( -34  -35  138  )
( 110  276  -64  )
( 181  -327  300  )
( -167  -194  -182  )
( -339  188  -141  )
( 249  19  -276  )
( 319  -37  275  )
( 61  -251  -125  )
( -30  -307  -240  )
( 15  258  -129  )
( -24  111  -339  )
( 259  280  297  )
( 117  201  168  )
( -35  151  30  )
( 120  39  316  )
( 35  300  -187  )
( -63  131  -103  )
( 152  208  -255  )
( -83  115  342  )
( -143  25  -145  )
( -72  275  237  )
( 87  255  86  )
( 217  -233  31  )
( -142  -267  90  )
( 19  5  338  )
( 11  154  -246  )
( 207  -196  -256  )
( 197  -161  -84  )
( -54  -313  75  )
( 72  -314  184  )
( -250  213  69  )
( 45  75  -189  )
( -124  -232  308  )
( 250  -105  -60  )
( 80  -162  -93  )
( 198  3  -311  )
( 248  96  -98  )
( -294  32  -43  )
( -339  -228  323  )
( -239  -93  148  )
( 213  98  -236  )
( -322  -165  74  )
( 77  32  -222  )
( 5  -11  -249  )
( 199  -142  -317  )
( 197  -309  -191  )
( 98  218  243  )
( 187  136  16  )
( -16  117  340  )
( -119  -269  80  )
( -109  25  -341  )
( -275  191  -138  )
( 139  265  -27  )
( 187  -256  244  )
( -138  49  30  )
( -10  -134  -266  )
( 339  -290  185  )
( -97  78  160  )
( 254  289  -317  )
( -201  171  112  )
( 224  109  -344  )
( -141  -341  -323  )
( 329  -91  -204  )
( -153  -163  23  )
( -172  106  177  )
( 119  15  -231  )
( -127  -266  217  )
( 154  113  108  )
( 253  144  77  )
( 213  236  75  )
( -48  274  -218  )
( 128  -251  177  )
( 196  -197  134  )
( -257  -101  -239  )
( 192  -125  110  )
( -108  134  -162  )
( -26  168  -336  )
( 303  -25  -253  )
( 252  -100  -105  )
( -119  -44  329  )
( 111  205  -156  )
( 181  217  -246  )
( -172  28  275  )
( -153  -48  5  )
( -250  -268  94  )
( -246  -133  276  )
( -50  169  188  )
( -300  -298  128  )
( -190  345  16  )
( 8  319  74  )
( -314  2  68  )
( -121  13  -10  )
( -79  341  -198  )
( -239  185  -81  )
( 196  332  144  )
( -149  188  -39  )
( -259  222  -260  )
( 273  -28  -332  )
( -205  -90  104  )
( -137  -322  -292  )
( -100  304  -225  )
( -77  43  209  )
( -341  310  -16  )
( 333  265  148  )
( -188  -10  108  )
( 67  278  258  )
( -28  -10  -13  )
( 206  -15  -45  )
( 321  -296  -177  )
( -229  143  -147  )
( 117  202  183  )
( -98  -166  335  )
( 46  4  -143  )
( -243  144  261  )
( -39  -222  -47  )
( 307  224  151  )
( -244  -52  -158  )
( 211  -120  189  )
( -193  -207  145  )
( -346  -148  -338  )
( -335  -166  256  )
( 68  220  -315  )
( -216  294  -41  )
( 220  -157  -322  )
( 272  -170  181  )
( 43  -92  188  )
( -285  -63  -148  )
( -15  344  -160  )
( 35  207  -117  )
( 80  301  -25  )
( -173  -143  332  )
( -278  246  148  )
( -139  220  -251  )
( -301  283  -89  )
( 227  -61  -128  )
( 162  80  -269  )
( -234  332  -188  )
( -292  32  -133  )
( -280  -121  96  )
( -42  117  -260  )
( 11  -336  -118  )
( 174  189  -135  )
( 94  90  -82  )
( -334  127  38  )
( 149  156  -8  )
( 344  54  153  )
( -201  -56  -191  )
( -124  185  216  )
( -255  237  -250  )
( 325  15  -321  )
( 43  -64  -213  )
( -222  130  -322  )
( -190  -281  38  )
( 130  -285  143  )
( 312  336  159  )
( -96  -176  247  )
( 260  -245  301  )
( -52  173  -253  )
( -333  -86  -245  )
( 303  66  154  )
( 299  321  -138  )
( 71  -100  276  )
( -67  342  -328  )
( -79  205  160  )
( -83  262  39  )
( -163  -260  110  )
( 209  -316  -188  )
( -316  -198  -213  )
( -173  339  198  )
( -296  120  75  )
( -214  -256  328  )
( 36  282  126  )
( 65  -95  -194  )
( 157  -185  -301  )
( 32  88  -251  )
( 271  297  -266  )
( -11  -290  187  )
( -258  163  -337  )
( -224  9  203  )
( -15  144  25  )
( 268  -102  243  )
( 165  135  347  )
( -55  -156  -270  )
( -47  -43  -202  )
( 120  147  -288  )
( 153  -43  261  )
( -13  -73  -151  )
( -333  -248  -305  )
( -104  133  15  )
( -172  -134  251  )
( -79  32  -11  )
( -26  135  -294  )
( 252  -283  -6  )
( -193  -65  51  )
( 122  -248  -199  )
( 64  199  120  )
( -14  1  -125  )
( -165  -186  66  )
( -53  -42  -269  )
( 339  -334  -210  )
( -4  12  55  )
( 170  87  177  )
( -281  -51  280  )
( -188  224  221  )
( -195  -336  -39  )
( -125  205  -108  )
( 61  -293  32  )
( 118  -93  153  )
( -216  -20  -341  )
( 20  87  138  )
( 229  -113  -131  )
( 298  -157  -242  )
( 19  -345  313  )
( 114  28  -331  )
( 108  16  204  )
( -154  53  -296  )
( -52  189  -86  )
( 229  -34  195  )
( 316  342  334  )
( -124  -321  -329  )
( -217  -295  36  )
( -348  311  -64  )
( 59  -133  -266  )
( -259  89  -218  )
( -190  -17  -290  )
( 172  313  79  )
( 208  -255  15  )
( 300  278  171  )
( 248  -165  -236  )
( 347  266  -250  )
( 195  -163  41  )
( -249  334  -79  )
( 311  -180  112  )
( 201  -22  203  )
( 280  14  50  )
( 112  77  187  )
( -35  51  280  )
( -14  -316  106  )
( 305  111  317  )
( -345  8  340  )
( 193  151  -150  )
( -178  268  -98  )
( 158  347  287  )
( 123  81  16  )
( 130  69  68  )
( 347  122  -64  )
( 204  124  166  )
( -271  316  227  )
( -238  -264  -38  )
( 223  173  -321  )
( -88  3  330  )
( -331  11  208  )
( 221  -342  -87  )
( 107  -93  165  )
( -129  -316  -332  )
( 124  -243  -119  )
( 327  -302  322  )
( -216  -69  -100  )
( -230  -306  338  )
( 156  -275  -332  )
( -15  149  -94  )
( 227  -186  -277  )
( 260  309  4  )
( 135  -54  133  )
( 157  72  2  )
( -77  275  -302  )
( -21  253  -5  )
( -280  264  -309  )
( -336  -213  -243  )
( -117  84  10  )
( 188  -328  10  )
( 108  -227  340  )
( -17  -127  -302  )
( 316  167  -36  )
( 99  -343  243  )
( -276  -181  345  )
( 232  200  -240  )
( 65  112  293  )
( -104  -19  187  )
( -110  308  105  )
( 122  -182  240  )
( 227  91  -306  )
( -112  -102  -193  )
( 72  24  209  )
( 181  -80  244  )
( -137  -273  -172  )
( -58  34  -304  )
( -290  162  -160  )
( -304  286  269  )
( -173  238  -17  )
( 27  -13  -166  )
( -335  321  -95  )
( -315  148  -258  )
( -147  254  -335  )
( -197  -96  -55  )
( -217  100  170  )
( 226  123  275  )
( -77  177  -313  )
( 260  -268  78  )
( -273  321  -245  )
( 209  -100  -144  )
( -310  148  -99  )
( -119  -205  9  )
( 104  300  -97  )
( 306  125  245  )
( 40  322  109  )
( 84  -194  132  )
( -280  -252  273  )
( -130  128  -34  )
( 238  -253  -258  )
( -154  -295  81  )
( 37  -322  -313  )
( -273  -280  -195  )
( -101  -98  219  )
( -75  226  -94  )
( -162  128  237  )
( -137  -187  317  )
( -26  -164  263  )
( 78  -208  221  )
( 281  283  258  )
( 96  -66  -111  )
( -98  341  290  )
( 4  -85  144  )
( 204  288  -318  )
( 73  128  -309  )
( 307  -296  -315  )
( 185  -243  150  )
( -199  152  262  )
( -183  88  169  )
( -97  -154  -61  )
( -159  324  -152  )
( 37  -145  -263  )
( 171  -264  -254  )
( 294  120  112  )
( 222  110  35  )
( -298  -62  82  )
( 90  120  -288  )
( 205  -197  219  )
( 200  -14  141  )
( -271  -17  345  )
( -64  -203  -321  )
( -137  -61  265  )
( -303  157  -332  )
( -133  204  -51  )
( -197  112  -186  )
( -223  -135  -97  )
( 151  33  -32  )
( -118  -240  21  )
( -48  -213  30  )
( 240  92  -299  )
( -171  -14  233  )
( 242  -322  121  )
( 300  120  247  )
( -206  114  -318  )
( -285  -321  89  )
( -211  286  -302  )
( 348  268  155  )
( 182  -41  60  )
( 90  -217  191  )
( -168  83  253  )
( -245  -186  -26  )
( -103  -274  312  )
( -74  146  -246  )
( 216  -278  66  )
( 148  -121  250  )
( -130  139  143  )
( 18  51  -146  )
( 269  17  122  )
( 4  -302  -198  )
( 10  5  199  )
( -137  331  -8  )
( -80  77  186  )
( 236  274  21  )
( -156  -197  -288  )
( 202  1  90  )
( -38  -97  242  )
( -213  -124  79  )
( 320  -179  -81  )
( 10  71  8  )
( -111  242  -235  )
( -41  -147  98  )
( -15  -70  -131  )
( 257  86  125  )
( 69  -70  -122  )
( -20  -236  32  )
( 286  83  79  )
( -246  48  193  )
( -177  -81  155  )
( -343  -113  -319  )
( 125  -195  -326  )
( 180  339  -64  )
( -250  -219  276  )
( -3  -34  -193  )
( 213  -16  -223  )
( -273  128  -268  )
( 338  151  -57  )
( 189  -130  -18  )
( -65  -22  -78  )
( -188  103  -11  )
( -149  106  -41  )
( 317  -195  -237  )
( 114  -6  -297  )
( 30  -90  -205  )
( -80  -254  -162  )
( 144  -256  -307  )
( 41  -92  -27  )
( -152  181  161  )
( -246  -118  265  )
( 147  -162  -38  )
( 49  95  19  )
( -187  -192  -46  )
( 261  -250  136  )
( -83  282  -34  )
( -253  67  -265  )
( 247  -28  -296  )
( 146  -187  -249  )
( 347  -98  -277  )
( -27  284  -149  )
( -15  260  -309  )
( 284  308  -158  )
( 169  207  -170  )
( -191  -136  -171  )
( -91  -45  -131  )
( 76  -302  206  )
( -147  -299  -1  )
( -88  109  127  )
( 282  182  331  )
( -9  225  -99  )
( -32  -63  270  )
( -210  -333  -260  )
( -141  -318  -293  )
( 274  -339  15  )
( 299  -266  90  )
( -69  19  -155  )
( 127  231  -94  )
( -130  -238  124  )
( 277  -318  -139  )
( -330  220  -31  )
( 49  -236  255  )
( 196  46  43  )
( -15  225  59  )
( 101  48  -263  )
( 229  -345  -23  )
( -165  -286  -303  )
( 110  -286  27  )
( -301  -16  -87  )
( -43  -344  105  )
( -341  15  299  )
( 8  273  -31  )
( -269  -108  -240  )
( -31  68  -216  )
( -163  337  -151  )
( -306  313  -318  )
( -51  -307  258  )
( 186  286  -255  )
( -12  139  349  )
( 83  32  -346  )
( -216  -117  121  )
( 181  -265  341  )
( -295  305  7  )
( -152  194  299  )
( 120  -137  304  )
( -255  -279  -338  )
( 316  -77  176  )
( -295  103  131  )
( 345  -9  276  )
( -86  -203  -169  )
( 213  120  -204  )
( 332  212  118  )
( -307  94  308  )
( -281  -61  290  )
( 280  -287  -208  )
( 145  -167  224  )
( -189  25  -211  )
( -250  -307  262  )
( -126  -23  150  )
( 147  108  -270  )
( 264  245  -50  )
( 157  -75  -315  )
( 41  -336  312  )
( -288  76  -336  )
( -226  -309  -337  )
( -91  -265  112  )
( -78  273  253  )
( 127  -18  236  )
( -210  295  218  )
( 306  317  216  )
( 47  -176  -317  )
( 123  214  -151  )
( 315  -347  258  )
( -296  150  212  )
( -233  99  327  )
( 278  129  265  )
( -156  -57  205  )
( -38  -255  279  )
( 348  152  -300  )
( 41  182  278  )
( 62  240  -330  )
( -91  122  229  )
( 9  178  -183  )
( 348  155  -185  )
( -160  -58  210  )
( -104  169  -227  )
( 28  87  289  )
( -44  284  150  )
( 93  -152  319  )
( -208  -308  74  )
( -192  -336  -232  )
( 148  116  217  )
( -126  -3  -322  )
( 311  -204  332  )
( 43  -342  -150  )
( 151  -199  281  )
( 195  247  -146  )
( -91  -43  -13  )
( 77  222  315  )
( -274  58  -179  )
( -97  249  -254  )
( 304  123  -297  )
( -104  -216  -251  )
( -228  29  -30  )
( -49  -307  -226  )
( -169  -237  -20  )
( -107  -184  -342  )
( -295  -70  -147  )
( -19  275  295  )
( -78  317  36  )
( 63  92  -15  )
( -130  -318  261  )
( 21  -324  339  )
( 145  -271  -221  )
( 125  -330  -321  )
( -45  315  57  )
( -264  -162  -291  )
( -249  232  13  )
( -100  -228  -348  )
( 247  -206  -256  )
( 55  184  -60  )
( 67  28  -82  )
( 18  -137  85  )
( -133  -220  -326  )
( 195  184  120  )
( 104  11  146  )
( 93  64  275  )
( -40  158  339  )
( 227  144  55  )
( 142  -251  -268  )
( -264  -125  -46  )
( 269  -5  202  )
( -239  -169  -148  )
( -264  -77  -292  )
( -244  -109  -31  )
( -204  -224  -79  )
( -17  106  -335  )
( 294  -91  -25  )
( -256  13  -287  )
( -333  -226  -121  )
( -323  137  -220  )
( 320  -139  120  )
( -324  3  -297  )
( 68  -71  312  )
( 120  212  311  )
( -17  174  118  )
( -1  -17  348  )
( -202  107  304  )
( -110  20  -89  )
( 325  -208  108  )
( -327  186  216  )
( -70  -10  117  )
( 119  -138  -167  )
( 8  76  50  )
( 282  -309  290  )
( -155  -28  87  )
( -33  -86  110  )
( -323  -92  58  )
( -191  179  -337  )
( 263  -326  323  )
( -155  -270  231  )
( 28  126  182  )
( 58  -206  109  )
( 51  -130  177  )
( -117  257  -111  )
( -103  -93  -210  )
( -240  -45  312  )
( 208  -133  38  )
( 255  -319  -307  )
( 165  -136  159  )
( -314  -212  -289  )
( 251  117  -180  )
( 257  88  -124  )
( -268  159  -235  )
( 207  -146  199  )
( -161  -166  -45  )
( -164  -10  -341  )
( 178  -312  -100  )
( -305  231  -17  )
( 66  305  77  )
( -167  6  -295  )
( -102  95  -283  )
( 270  26  28  )
( 162  -35  286  )
( -80  -217  278  )
( 216  228  69  )
( 253  -261  318  )
( -165  -176  -71  )
( -329  -1  -163  )
( 225  -107  -199  )
( -59  47  -253  )
( -340  -32  82  )
( -269  -148  341  )
( -172  161  -84  )
( -226  34  -340  )
( 252  83  -291  )
( 303  -82  -287  )
( -44  -113  92  )
( -176  24  -65  )
( -273  242  -31  )
( -337  -114  66  )
( -311  -337  -62  )
( -2  -30  -223  )
( 116  -337  127  )
( -93  158  161  )
( -326  -110  -31  )
( 6  336  287  )
( -159  -187  -173  )
( 255  -7  -269  )
( 16  17  13  )
( -281  -293  -245  )
( 95  7  149  )
( 24  200  -226  )
( -108  247  178  )
( -95  -12  332  )
( -83  -14  -88  )
( 209  269  289  )
( 303  -141  265  )
( -7  -213  -222  )
( -253  328  -152  )
( 45  -209  -94  )
( -8  249  106  )
( 96  321  41  )
( 218  100  -202  )
( -163  -233  -321  )
( 61  -81  -238  )
( -304  -309  40  )
( 341  -313  -274  )
( 63  73  22  )
( 276  -294  122  )
( -93  277  -285  )
( 174  -132  -111  )
( -162  189  -13  )
( -104  -83  327  )
( -229  93  218  )
( 280  181  -190  )
( -136  347  335  )
( -139  157  -332  )
( 233  48  131  )
( -318  276  189  )
( -148  123  -81  )
( 47  298  -187  )
( -31  15  177  )
( -65  -54  82  )
( 263  62  281  )
( -140  -331  338  )
( 251  7  202  )
( -129  -188  162  )
( 300  -168  -294  )
( 41  -38  257  )
( 285  -125  46  )
( -28  -242  53  )
( -259  123  296  )
( 206  -312  -271  )
( -264  70  169  )
( -214  0  212  )
( -217  294  -323  )
( 297  -271  139  )
( 191  -258  126  )
( 304  -209  -148  )
( 231  -155  43  )
( -153  -108  296  )
( -115  186  -249  )
( 273  -150  -80  )
( 276  169  75  )
( -36  176  -289  )
( 101  77  79  )
( 222  -225  -34  )
( -212  -339  326  )
( -334  55  -203  )
( 205  110  87  )
( 172  -157  -11  )
( 332  -152  306  )
( -0  -284  -93  )
( 239  347  -248  )
( 217  327  323  )
( 193  -332  -316  )
( -155  13  198  )
( 143  9  8  )
( 51  239  24  )
( -31  -138  -203  )
( 228  -42  180  )
( 188  -341  -18  )
( 107  132  48  )
( 241  -344  185  )
( -305  -233  -296  )
( 268  -114  221  )
( 33  203  -247  )
( -205  -271  290  )
( -112  164  -14  )
( -75  119  -321  )
( 237  -242  245  )
( 333  -69  176  )
( 9  168  84  )
( 53  -308  88  )
( -256  309  -32  )
( -156  200  -270  )
( 325  -86  161  )
( 194  303  62  )
( -210  -45  96  )
( 53  -23  172  )
( -83  65  -42  )
( -113  -326  52  )
( 188  116  267  )
( -46  -87  239  )
( 145  -244  230  )
( 128  -109  155  )
( -32  254  -316  )
( -52  170  -245  )
( 292  306  -204  )
( -55  57  -337  )
( -194  160  -266  )
( 13  179  297  )
( -19  -169  320  )
( 300  236  313  )
( -239  -264  165  )
( -124  -225  -271  )
( -101  183  -222  )
( 162  -118  -10  )
( 280  66  -346  )
( 43  -20  -39  )
( -46  57  -173  )
( -10  -160  -133  )
( 111  -116  -218  )
( -196  -193  -288  )
( -84  -113  -304  )
( -84  305  96  )
( -53  -27  175  )
( -110  345  147  )
( -205  49  -274  )
( 146  -0  -303  )
( -13  -258  -216  )
( 46  -309  41  )
( 56  99  -197  )
( 259  -0  85  )
( 260  285  -20  )
( 152  -69  -5  )
( -313  -79  -230  )
( -142  116  228  )
( 235  330  223  )
( 329  -56  68  )
( -279  -80  67  )
( 50  -114  338  )
( -225  161  31  )
( -291  -132  -119  )
( 337  275  -252  )
( -331  92  225  )
( 284  303  334  )
( -241  126  -26  )
( -127  -102  276  )
( -222  53  -193  )
( -88  207  -52  )
( -21  55  -205  )
( 10  238  -138  )
( 182  36  126  )
( -114  41  294  )
( -323  -111  -217  )
( -159  53  -184  )
( 111  -63  160  )
( 246  -271  224  )
( -315  -154  113  )
( 337  -251  -13  )
( -129  -213  157  )
( 71  324  326  )
( -133  -327  19  )
( 133  95  270  )
( 179  -272  -290  )
( -99  -133  -66  )
( 206  -323  -122  )
( 225  313  -163  )
( -109  119  -134  )
( 311  173  273  )
( -261  8  -12  )
( -42  214  26  )
( 179  -149  328  )
( 303  346  42  )
( -88  315  57  )
( -5  -229  336  )
( 303  -55  134  )
( 180  -65  90  )
( 133  -261  -145  )
( 308  -326  104  )
( 98  343  -115  )
( 34  -148  -13  )
( -340  2  -129  )
( 265  312  98  )
( -43  -198  284  )
( -89  -234  -320  )
( -309  -53  -251  )
( -241  -225  305  )
( 24  290  296  )
( -114  285  152  )
( 344  -169  12  )
( -6  -50  -159  )
( 97  -9  74  )
( -248  159  -295  )
( -336  -214  -115  )
( 156  131  -241  )
( -41  349  260  )
( -160  308  6  )
( -139  82  -221  )
( -299  -337  141  )
( 269  -94  288  )
( 167  283  -198  )
( 305  -43  -135  )
( -11  -214  259  )
( 163  10  184  )
( 269  337  -94  )
( 284  -196  -122  )
( -326  53  -299  )
( 159  -134  90  )
( -4  208  -344  )
( -301  204  227  )
( 57  -5  17  )
( 56  -32  117  )
( -193  -228  181  )
( 59  -232  -298  )
( -330  -240  -223  )
( 179  -91  257  )
( -331  -33  -26  )
( -324  219  -127  )
( 39  -176  -159  )
( -40  140  189  )
( 114  160  -113  )
( 63  322  112  )
( 252  291  -311  )
( 39  -249  -246  )
( -187  -0  -32  )
( 0  -268  -266  )
( -208  212  125  )
( -66  62  70  )
( 196  206  -182  )
( -81  -41  154  )
( 73  -82  4  )
( 75  269  118  )
( 113  161  275  )
( 231  -211  228  )
( -239  -203  233  )
( 36  -116  -109  )
( -84  -51  143  )
( 0  302  86  )
( -14  4  315  )
( 261  171  331  )
( -40  229  -14  )
( -127  -333  65  )
( -156  10  -338  )
( -153  301  -293  )
( 331  132  -171  )
( 268  66  152  )
( -197  71  183  )
( -12  277  -275  )
( 292  97  339  )
( -291  -225  114  )
( -182  -19  -320  )
( -153  -166  6  )
( 247  -176  -71  )
( -11  221  -204  )
( -146  25  -314  )
( -207  231  -173  )
( 66  69  192  )
( 25  246  -234  )
( -312  225  -70  )
( -231  171  -258  )
( 71  204  141  )
( -212  -61  106  )
( -123  -148  -319  )
( -23  0  271  )
( 209  -91  99  )
( 242  -200  164  )
( 109  241  88  )
( 125  338  11  )
( 115  -133  -95  )
( -113  -105  90  )
( -216  -181  -154  )
( 341  -339  -74  )
( -85  -142  136  )
( 127  69  242  )
( 53  -335  1  )
( 151  183  -320  )
( 248  -117  -62  )
( -52  85  -338  )
( -101  296  279  )
( -193  -178  162  )
( 132  -14  168  )
( -195  103  -274  )
( 79  12  46  )
( 154  11  310  )
( 263  307  -115  )
( 227  240  232  )
( -18  321  177  )
( 232  253  130  )
( 330  -41  -46  )
( 95  -31  62  )
( -183  -229  -26  )
( -201  -188  146  )
( 194  -257  16  )
( 102  320  -338  )
( 178  160  -288  )
( 107  -138  -95  )
( 63  -38  -17  )
( -102  -305  -267  )
( 282  -30  -16  )
( 141  57  -116  )
( -62  35  -21  )
( 225  192  -6  )
( -60  311  -194  )
( -154  -34  -1  )
( 298  -64  114  )
( 135  68  -16  )
( 99  83  -24  )
( 318  -321  -139  )
( 104  142  -196  )
( -224  286  47  )
( -178  15  -23  )
( 48  82  -207  )
( -240  -85  -23  )
( -95  318  -274  )
( -112  299  -141  )
( 109  -107  213  )
( -340  7  -344  )
( -342  -184  195  )
( -12  -75  216  )
( -149  236  -165  )
( 347  -250  -237  )
( 206  81  -285  )
( -322  220  84  )
( 338  -163  -269  )
( -117  61  239  )
( 203  -146  317  )
( 300  148  134  )
( -148  132  79  )
( -182  119  24  )
( -326  204  -209  )
( 271  98  253  )
( -217  193  -271  )
( -61  -346  151  )
( -168  83  250  )
( -54  239  92  )
( -48  224  152  )
( -336  -81  13  )
( 232  -140  337  )
( -147  -149  -1  )
( 337  -287  -225  )
( 272  188  -139  )
( -255  188  27  )
( 112  -315  -299  )
( -145  87  -270  )
( -204  -282  202  )
( -205  320  -50  )
( 316  279  56  )
( -148  137  -20  )
( -23  -236  -260  )
( 307  336  -163  )
( 140  265  -122  )
( -186  67  10  )
( -272  294  176  )
( 256  -278  -133  )
( 73  334  342  )
( -334  -243  -179  )
( -230  116  -3  )
( 143  219  -198  )
( -273  99  -271  )
( 266  3  -31  )
( 338  -317  18  )
( -127  -242  279  )
( 72  100  161  )
( 38  -267  15  )
( 97  -321  238  )
( -241  -165  296  )
( 45  166  65  )
( 55  -67  -176  )
( -244  -212  214  )
( 319  -15  191  )
( 170  8  161  )
( -53  186  348  )
( -230  56  -58  )
( -262  -61  -35  )
( 209  -47  -89  )
( -254  -268  207  )
( -51  -92  145  )
( -345  -133  -90  )
( -284  -296  -197  )
( -103  143  -345  )
( -183  -94  -23  )
( 77  -50  -271  )
( -20  32  -170  )
( 13  -80  -202  )
( 110  -99  43  )
( 36  -50  -327  )
( 341  62  61  )
( -225  69  127  )
( 118  -263  -141  )
( -135  -73  244  )
( 36  -129  -213  )
( -296  32  292  )
( -343  -213  -32  )
( -207  324  8  )
( -184  268  240  )
( 75  208  -319  )
( 271  241  160  )
( -263  109  -76  )
( 45  -51  -43  )
( 124  325  -296  )
( -263  251  297  )
( 209  -319  -305  )
( -348  16  337  )
( 185  -174  -66  )
( 235  -120  -126  )
( -177  268  201  )
( -175  -264  -311  )
( 266  74  -209  )
( -117  192  -9  )
( -55  74  -333  )
( 115  25  -315  )
( 262  201  -166  )
( -212  177  334  )
( 174  41  144  )
( 205  189  236  )
( 195  348  -134  )
( 272  22  159  )
( -274  -191  231  )
( 152  -225  167  )
( -210  -275  247  )
( 270  -268  -110  )
( 275  -170  -276  )
( -7  217  88  )
( 317  262  -141  )
( -57  112  120  )
( -79  -3  143  )
( 162  24  -153  )
( 146  6  282  )
( 4  167  -232  )
( 112  232  308  )
( -223  -149  25  )
( 37  300  36  )
( -321  -174  213  )
( -0  -15  -1  )
( -101  -313  303  )
( 310  334  -266  )
( -25  139  -106  )
( 114  -14  -62  )
( -326  -310  26  )
( 4  278  -14  )
( -257  5  166  )
( 253  -301  -272  )
( -2  -204  -8  )
( -77  324  23  )
( -108  82  -11  )
( 20  15  -238  )
( 99  182  4  )
( -93  -252  -24  )
( 95  217  206  )
( -81  -198  331  )
( 184  217  -259  )
( -83  297  57  )
( 107  288  -252  )
( -189  -53  30  )
( 62  -321  -153  )
( -149  193  163  )
( -268  95  58  )
( -38  -231  218  )
( -316  -291  -67  )
( 260  290  -319  )
( -269  183  26  )
( 112  -150  -59  )
( 294  -170  346  )
( -178  -177  324  )
( 197  12  274  )
( -169  -120  219  )
( -60  207  149  )
( -136  -141  185  )
( -243  255  1  )
( -52  -244  -35  )
( 92  50  11  )
( -329  230  -287  )
( 326  -212  39  )
( 36  215  -44  )
( 279  93  80  )
( 309  104  -193  )
( -336  243  -45  )
( -192  -196  275  )
( -10  148  -201  )
( 279  5  49  )
( 275  -125  -208  )
( 142  163  -37  )
( 106  -278  -238  )
( 197  343  348  )
( -154  -60  -58  )
( 327  -4  -44  )
( -220  -36  77  )
( 290  266  17  )
( -259  17  212  )
( -327  -148  -346  )
( -339  -244  -162  )
( -9  -91  224  )
( -216  244  -79  )
( -272  -40  -35  )
( -271  334  -103  )
( -30  -202  -139  )
( -199  40  209  )
( 241  -123  179  )
( 143  310  -326  )
( 302  52  -20  )
( -199  -132  -316  )
( -74  -5  -214  )
( 38  339  167  )
( -261  142  -328  )
( -126  41  -203  )
( 13  174  184  )
( 318  -185  306  )
( -340  177  84  )
( -223  -113  -3  )
( -333  65  84  )
( 245  294  158  )
( -237  -102  140  )
( 11  -166  225  )
( -82  215  -134  )
( -30  288  -105  )
( -193  37  -79  )
( -56  79  -145  )
( -26  79  -83  )
( -313  43  -259  )
( 288  276  280  )
( 150  -184  -46  )
( 220  -154  -251  )
( -103  61  -301  )
( -73  -111  -150  )
( 93  76  126  )
( -147  297  336  )
( -349  -164  283  )
( -197  -237  -179  )
( 295  -215  -243  )
( -12  327  -342  )
( 203  -327  -253  )
( -258  -61  -338  )
( 158  -322  269  )
( 273  163  -138  )
( -322  -209  -35  )
( 41  -39  -317  )
( 331  -136  -84  )
( 239  -8  74  )
( 92  18  -278  )
( -50  -86  -20  )
( -221  223  157  )
( 163  152  19  )
( 112  61  -197  )
( -338  30  224  )
( 226  109  -229  )
( 292  169  201  )
( 338  -33  -69  )
( -268  336  -190  )
