( 287  -306  -143  )
( -28  348  272  )
( -176  317  -51  )
( -296  -24  -348  )
( -291  -157  -244  )
( -139  43  -254  )
( -93  219  345  )
( -258  49  -299  )
( -271  211  -198  )
( 202  192  -35  )
( -304  0  -79  )
( -129  -243  316  )
( -206  289  58  )
( 297  -304  -224  )
( 38  200  -247  )
( 305  303  -316  )
( 64  231  152  )
( 40  -325  -205  )
( -205  192  163  )
( -160  134  -279  )
( 220  305  -269  )
( 148  -245  76  )
( 258  -66  274  )
( -171  -94  188  )
( -46  23  347  )
( -74  53  304  )
( 120  294  -336  )
( 295  76  -57  )
( -305  122  199  )
( 38  -205  197  )
( 104  218  45  )
( 36  296  -160  )
( 331  -333  175  )
( 95  81  258  )
( -125  23  -194  )
( -233  304  185  )
( -37  -114  290  )
( 47  -22  -165  )
( -179  -28  -212  )
( -177  -55  307  )
( -236  -80  301  )
( 214  104  56  )
( 332  177  -251  )
( -22  -98  -28  )
( -139  -278  209  )
( -131  -339  160  )
( -308  -187  -82  )
( 155  187  -282  )
( -95  -62  31  )
( 61  -297  162  )
( -213  -318  -72  )
( 52  -328  -297  )
( -206  -160  261  )
( -18  -57  105  )
( 333  -317  26  )
( 4  281  -54  )
( -166  149  152  )
( 70  143  6  )
( 100  -298  -31  )
( 27  -148  -30  )
( 297  192  36  )
( -63  -303  -32  )
( 30  33  49  )
( -242  -147  253  )
( 249  -140  49  )
( 82  -204  -127  )
( 327  195  -217  )
( -263  292  39  )
( -64  44  255  )
( -225  -111  263  )
( 153  286  -125  )
( 186  -22  -137  )
( -281  291  -299  )
( 202  276  211  )
( -219  175  -114  )
( -315  -347  -306  )
( -253  -279  -172  )
( 116  -231  -271  )
( 1  304  -129  )
( -288  -131  -346  )
( -310  -61  -195  )
( -300  -55  -157  )
( -79  2  -71  )
( -191  -252  88  )
( 168  276  -35  )
( 219  -289  -83  )
( -93  234  136  )
( -46  335  60  )
( 70  -164  82  )
( 161  -135  170  )
( 263  -331  234  )
( 302  -114  -336  )
( -236  -26  120  )
( 105  -126  323  )
( 170  210  276  )
( 314  -221  -305  )
( 127  -225  329  )
( 236  346  -168  )
( -199  246  -157  )
( 160  -139  282  )
( 346  -208  185  )
( -298  -178  139  )
( -153  107  313  )
( -216  158  171  )
( 109  -90  -14  )
( 126  224  240  )
( -20  -323  -120  )
( 205  146  163  )
( -60  214  -84  )
( -56  -343  -204  )
( 269  -240  -123  )
( 240  264  322  )
( 175  -169  319  )
( -203  46  80  )
( -103  -273  245  )
( 216  77  -145  )
( -73  -188  27  )
( 311  57  -178  )
( 273  -301  117  )
( -284  141  -190  )
( -82  3  45  )
( -8  -327  256  )
( 13  -75  317  )
( -221  212  -113  )
( 25  -178  139  )
( 77  5  -334  )
( -9  91  -242  )
( -131  187  98  )
( 141  231  229  )
( -216  335  256  )
( 112  -136  -67  )
( -296  256  -254  )
( 132  -289  251  )
( 314  -208  -71  )
( -85  179  241  )
( 129  297  -260  )
( 186  22  -191  )
( 284  -134  -313  )
( 2  -104  -234  )
( -239  -119  54  )
( 123  -25  -301  )
( 313  220  -174  )
( -69  -162  -282  )
( -262  45  239  )
( 274  -258  -99  )
( -91  123  -54  )
( -29  -314  -178  )
( -254  332  284  )
( -175  -266  247  )
( 199  -247  -327  )
( -215  242  284  )
( -308  15  -79  )
( 163  166  59  )
( 136  107  -155  )
( 6  202  -277  )
( -349  33  -65  )
( -175  -124  271  )
( -200  -32  252  )
( 241  -253  71  )
( 299  139  -276  )
( -66  52  -339  )
( -202  80  345  )
( -210  -18  281  )
( 102  170  -164  )
( 271  244  -331  )
( 311  56  -335  )
( 315  -325  321  )
( -284  -241  140  )
( 60  -174  -54  )
( -3  -61  156  )
( -221  -336  79  )
( 44  -320  -212  )
( -347  244  -304  )
( -34  177  10  )
( -112  294  -170  )
( 240  -134  -300  )
( 134  240  159  )
( 269  -214  -135  )
( 342  -323  -269  )
( 297  186  -51  )
( 102  273  30  )
( -219  -145  -242  )
( 181  -297  135  )
( 290  -129  -254  )
( -217  61  -64  )
( -105  -189  292  )
( -43  314  3  )
( -157  276  317  )
( 8  -91  -305  )
( 41  -235  -1  )
( -164  192  273  )
( -281  268  149  )
( -326  282  244  )
( 133  214  269  )
( 20  256  -25  )
( -52  181  -34  )
( 201  49  242  )
( -111  -162  51  )
( -50  -313  343  )
( -243  348  7  )
( 329  97  273  )
( -244  150  -115  )
( -207  -329  155  )
( -37  -153  68  )
( 63  -42  -81  )
( 90  47  -126  )
( -50  -285  -259  )
( -189  297  -48  )
( -92  -89  -126  )
( 230  227  -319  )
( -192  177  -29  )
( 291  198  -99  )
( -251  -230  49  )
( 281  315  24  )
( -75  -36  32  )
( 111  -93  -232  )
( -80  -240  306  )
( 86  -276  243  )
( -216  -148  5  )
( 142  -218  140  )
( 183  -239  -54  )
( 86  331  163  )
( -201  130  345  )
( 99  -17  -139  )
( -292  -78  -331  )
( -256  251  328  )
( -51  -314  139  )
( -276  -3  -57  )
( 29  -34  -81  )
( 24  -73  -186  )
( -66  -344  -50  )
( -10  47  13  )
( -197  285  230  )
( 152  281  -161  )
( 15  84  -279  )
( -40  115  -58  )
( -299  -23  -266  )
( -82  51  80  )
( 346  -264  -189  )
( -232  226  122  )
( -76  -315  323  )
( 111  -226  -80  )
( 134  -182  -250  )
( 212  56  62  )
( 10  -94  245  )
( -155  116  93  )
( 169  291  127  )
( 227  -116  -64  )
( -142  17  -325  )
( -5  153  -121  )
( 94  -337  311  )
( 187  -84  -57  )
( -77  -283  -135  )
( -336  283  156  )
( 100  -127  251  )
( -34  -266  -116  )
( 204  -262  -224  )
( -242  44  -71  )
( -75  141  165  )
( -166  -1  174  )
( -96  -49  -53  )
( 180  -133  -162  )
( -118  -278  259  )
( -314  4  -59  )
( 340  331  24  )
( -30  181  -200  )
( 31  161  -191  )
( -294  -130  -17  )
( 341  43  91  )
( 44  -78  226  )
( -333  -251  -86  )
( -87  -263  21  )
( 219  156  42  )
( 88  -122  -335  )
( -220  119  109  )
( 40  -70  55  )
( 280  232  286  )
( -3  -216  -39  )
( 222  -141  -157  )
( 184  341  116  )
( 70  343  229  )
( 129  332  327  )
( -115  290  63  )
( -88  138  192  )
( 150  -330  -80  )
( 329  183  -33  )
( -121  -259  -168  )
( -146  64  254  )
( 156  72  8  )
( 224  -75  19  )
( 316  -230  177  )
( 50  168  222  )
( -6  113  179  )
( 269  110  251  )
( -343  207  -51  )
( -252  -100  -217  )
( -174  -95  -332  )
( 76  91  -0  )
( 5  -214  -20  )
( 34  56  309  )
( -246  -296  250  )
( -57  -280  348  )
( 104  76  -133  )
( -37  269  27  )
( -18  -119  -303  )
( 304  171  193  )
( -63  -195  116  )
( 241  193  -242  )
( -17  195  -44  )
( -119  -113  254  )
( 166  -205  -257  )
( 26  247  -47  )
( 341  185  253  )
( 149  13  164  )
( -345  -167  -165  )
( 118  -5  114  )
( -221  -348  174  )
( -263  260  -94  )
( 14  346  59  )
( -280  -148  103  )
( 105  -218  -346  )
( 335  0  -252  )
( 288  -235  -62  )
( -160  -292  -304  )
( -300  8  -73  )
( 57  -291  101  )
( -114  -99  -289  )
( -162  -181  158  )
( 162  -145  -26  )
( -171  -270  225  )
( -233  177  -146  )
( 299  -205  108  )
( 274  65  283  )
( -329  141  139  )
( -187  199  -247  )
( 165  264  -51  )
( -271  138  2  )
( -137  -224  306  )
( -242  -85  -84  )
( 6  112  -210  )
( -222  -297  -257  )
( 178  -114  282  )
( -309  227  230  )
( 337  259  -304  )
( -122  7  -146  )
( -149  39  -335  )
( -65  307  -62  )
( 88  -230  -1  )
( 176  36  -183  )
( 275  204  -104  )
( 102  -269  249  )
( 73  15  -63  )
( -156  345  -26  )
( -194  -138  -347  )
( 56  141  -101  )
( -28  271  -336  )
( 11  -58  44  )
( 232  -327  34  )
( 192  216  -269  )
( 278  143  -47  )
( 298  -187  -25  )
( -288  72  -180  )
( -92  -159  -17  )
( -206  24  328  )
( -37  -174  -90  )
( -53  -323  304  )
( -13  162  -345  )
( -244  133  -202  )
( 328  83  347  )
( 258  82  -72  )
( -4  -160  -23  )
( -130  119  -30  )
( -113  -164  14  )
( -108  2  200  )
( 30  -59  -135  )
( -215  -58  81  )
( 201  -240  -208  )
( -38  -46  -8  )
( 274  236  -42  )
( -347  -175  119  )
( -120  -318  33  )
( -131  -239  -266  )
( -222  -115  -38  )
( 262  255  -345  )
( 39  146  -138  )
( 160  269  248  )
( -121  -35  265  )
( -104  336  -167  )
( -228  -267  -345  )
( 347  212  -248  )
( 262  -212  -238  )
( -302  74  -303  )
( -87  -140  243  )
( -72  206  -213  )
( -226  271  -70  )
( -318  -227  -106  )
( 122  188  190  )
( -117  -10  -66  )
( 305  -140  231  )
( -238  118  -340  )
( 70  283  -147  )
( -83  271  -10  )
( 228  6  30  )
( 317  -24  -73  )
( -317  315  -344  )
( -256  186  312  )
( 178  225  343  )
( -204  130  -283  )
( 218  111  246  )
( -210  266  -18  )
( -335  -76  -210  )
( -322  -33  -176  )
( 120  -155  259  )
( -64  -45  84  )
( 84  -173  204  )
( -231  -286  -253  )
( -138  228  307  )
( -63  -295  -190  )
( 210  -344  -290  )
( 160  107  185  )
( -214  114  7  )
( 302  -197  91  )
( 336  -290  -26  )
( 295  341  126  )
( -6  103  76  )
( 331  60  126  )
( 227  -72  328  )
( -212  102  170  )
( 51  237  -240  )
( 329  -66  -62  )
( -225  -154  5  )
( 229  165  225  )
( 278  -76  -249  )
( 102  -207  229  )
( -119  246  -252  )
( 173  341  -283  )
( 181  -85  -220  )
( 71  337  -267  )
( 237  0  -99  )
( -39  -251  -274  )
( -177  -243  5  )
( 307  -256  -78  )
( 186  -165  -213  )
( -133  -132  -154  )
( -140  62  -335  )
( 286  -178  -180  )
( -0  173  -301  )
( -120  -79  70  )
( 90  -229  278  )
( 3  192  -183  )
( -289  52  -277  )
( 335  -23  204  )
( -181  8  266  )
( -247  -318  77  )
( -163  140  -200  )
( 190  344  291  )
( 338  244  -315  )
( 34  2  178  )
( 27  317  215  )
( -129  174  -144  )
( -125  -246  -332  )
( 99  161  328  )
( 0  188  -110  )
( 27  36  -202  )
( 175  71  322  )
( -283  304  -349  )
( 114  -300  -36  )
( -284  -348  -341  )
( 20  -152  242  )
( -334  -122  -80  )
( 175  -110  176  )
( 181  -164  -207  )
( 328  120  -302  )
( -275  -131  -318  )
( -166  -136  -237  )
( 279  -283  28  )
( 1  35  19  )
( 326  -14  23  )
( 40  3  -12  )
( -72  -325  75  )
( 110  -293  -303  )
( -34  115  110  )
( -236  175  245  )
( -140  -147  -65  )
( -204  -142  123  )
( -277  -275  -279  )
( -103  263  -90  )
( 210  -73  5  )
( 144  -322  282  )
( -283  95  -195  )
( -85  -216  62  )
( 308  297  -4  )
( 346  -137  156  )
( -128  54  -29  )
( -0  -316  -53  )
( -222  -224  241  )
( -326  53  131  )
( -82  220  308  )
( 321  -123  39  )
( -340  108  277  )
( -194  -231  -273  )
( 333  30  -269  )
( 167  -0  -168  )
( 14  313  310  )
( -268  -93  -3  )
( 91  -327  158  )
( 64  -193  70  )
( 162  90  295  )
( -204  98  -115  )
( 91  206  -55  )
( -231  -85  -54  )
( 91  244  85  )
( 181  -348  -148  )
( -282  -42  78  )
( -7  102  278  )
( 98  109  213  )
( -316  -93  47  )
( 289  -262  77  )
( 273  268  -18  )
( -105  -229  278  )
( 335  -246  228  )
( 24  -220  39  )
( -102  314  -297  )
( 244  66  -35  )
( -233  -136  200  )
( -88  -199  -87  )
( -103  118  280  )
( -165  -50  172  )
( -98  -109  264  )
( 163  -1  -199  )
( 77  21  -281  )
( -48  18  -148  )
( -278  206  277  )
( 260  25  -106  )
( -199  -23  18  )
( -194  -290  172  )
( -241  227  36  )
( -275  -190  -345  )
( 174  339  -257  )
( 83  -199  248  )
( 261  200  212  )
( -336  -347  273  )
( 196  -285  -139  )
( -230  -207  -209  )
( -52  136  -85  )
( 48  154  243  )
( 315  309  333  )
( -111  -9  225  )
( -346  -238  -235  )
( 254  115  -85  )
( -318  127  83  )
( 6  289  11  )
( 189  121  86  )
( -269  -207  93  )
( -41  55  25  )
( -301  303  -286  )
( -287  35  288  )
( -163  172  158  )
( 294  267  153  )
( 143  112  -99  )
( -289  284  343  )
( -261  33  -247  )
( 70  -344  130  )
( 247  336  121  )
( -60  -59  -7  )
( -289  -214  -311  )
( -30  323  -259  )
( -320  207  -154  )
( -319  -144  242  )
( 131  -321  -89  )
( -338  203  276  )
( -342  0  106  )
( 90  27  -178  )
( -246  293  187  )
( 286  -61  275  )
( 225  -342  160  )
( -105  5  -82  )
( -94  -112  281  )
( -228  -11  -93  )
( 331  -295  241  )
( 149  -82  -133  )
( 104  -259  -289  )
( 286  -63  29  )
( -87  -314  -128  )
( 216  -162  221  )
( 233  -248  -209  )
( 180  211  -293  )
( 235  -336  51  )
( 220  286  143  )
( -98  -276  147  )
( 9  178  -191  )
( -55  -9  -295  )
( -87  -196  -71  )
( -292  -87  -33  )
( -85  -272  243  )
( 47  41  149  )
( -159  -18  -233  )
( 81  307  183  )
( 203  -168  204  )
( 347  152  94  )
( -241  -72  -216  )
( 98  287  333  )
( 296  88  -321  )
( -142  -162  68  )
( 31  -179  263  )
( -107  -289  182  )
( -201  -39  -180  )
( -193  271  -185  )
( 65  -203  -197  )
( 57  92  67  )
( -240  -331  -320  )
( -221  -166  -3  )
( 309  36  135  )
( 204  -21  -337  )
( 80  170  17  )
( -266  -113  191  )
( 247  76  -227  )
( -167  241  32  )
( -312  183  45  )
( -39  -9  -10  )
( 271  331  -37  )
( 92  -125  242  )
( -107  302  -169  )
( -343  160  -156  )
( -26  -246  -27  )
( 261  -8  -325  )
( -303  252  237  )
( -79  109  208  )
( 186  -338  -228  )
( 242  -118  -73  )
( 147  -96  173  )
( 229  223  -124  )
( 329  285  320  )
( 109  342  100  )
( -341  -48  23  )
( -185  275  -86  )
( 81  344  -58  )
( 283  63  25  )
( -255  119  -118  )
( -6  137  296  )
( 215  286  319  )
( -167  172  110  )
( 335  26  240  )
( 212  -286  213  )
( 118  -146  -45  )
( -106  69  -156  )
( -334  -233  -259  )
( 97  103  -5  )
( 101  104  -76  )
( 16  345  159  )
( -260  -325  -101  )
( 327  33  120  )
( 299  191  -79  )
( -51  -219  -111  )
( -312  -178  -167  )
( 146  73  -8  )
( -32  -151  95  )
( -107  296  169  )
( -319  -110  -158  )
( -348  -268  181  )
( -271  88  150  )
( 294  163  -346  )
( 253  -51  -83  )
( 58  273  -46  )
( -329  -63  -90  )
( -279  -48  -63  )
( -75  114  -217  )
( -23  -340  63  )
( -109  327  -277  )
( -138  -320  -76  )
( -18  -217  -251  )
( -112  10  308  )
( -276  50  77  )
( 103  169  -98  )
( 136  -204  -0  )
( 105  -190  -210  )
( -187  -267  246  )
( -273  47  206  )
( -184  -118  -115  )
( -322  -91  -349  )
( -178  33  276  )
( 70  81  246  )
( -233  77  306  )
( -258  209  -144  )
( 148  -167  217  )
( -153  184  -11  )
( -161  -140  50  )
( -180  -144  -199  )
( -10  -87  -3  )
( -212  158  186  )
( -176  301  190  )
( 127  -119  257  )
( 149  -292  26  )
( -279  -155  -249  )
( -59  -64  -133  )
( -64  331  -105  )
( 172  -3  241  )
( -248  -332  173  )
( -188  328  235  )
( -213  277  34  )
( -23  -112  310  )
( 4  -192  -284  )
( -57  -308  270  )
( -248  -88  -209  )
( -133  -184  -325  )
( -89  -107  -202  )
( -187  -316  -288  )
( 43  313  202  )
( 195  177  -235  )
( -347  -108  -177  )
( -168  -196  -47  )
( 278  55  -122  )
( -49  -139  -183  )
( 329  -164  256  )
( -76  138  -28  )
( -139  -257  -240  )
( -60  72  -203  )
( -93  -73  150  )
( -152  -42  -349  )
( 80  -56  184  )
( -288  -68  -122  )
( 66  -110  -122  )
( 8  196  -288  )
( 291  -250  284  )
( 263  57  -275  )
( -279  -227  -152  )
( 299  191  19  )
( 104  73  -237  )
( -172  -246  -90  )
( -20  105  139  )
( 76  71  -311  )
( -265  -326  10  )
( 279  -231  86  )
( -312  -293  78  )
( 198  -340  -120  )
( 64  188  -79  )
( -182  191  253  )
( -250  26  -269  )
( -329  283  -103  )
( 326  -168  -57  )
( 210  124  -344  )
( 63  128  127  )
( 347  -319  -191  )
( -261  -11  308  )
( 82  34  -283  )
( 85  9  107  )
( -314  -61  -243  )
( -262  20  -304  )
( 218  287  11  )
( 63  65  -221  )
( 113  -194  -98  )
( -81  99  297  )
( 28  -129  327  )
( -257  151  140  )
( -86  334  -335  )
( 14  -321  141  )
( 304  60  -268  )
( 300  -100  201  )
( 234  -29  128  )
( -263  337  173  )
( 196  326  -26  )
( 137  -133  210  )
( -12  -182  36  )
( -183  -74  271  )
( -77  5  286  )
( -7  253  -175  )
( -56  -286  157  )
( -303  -28  340  )
( 146  -251  -84  )
( 246  -96  -72  )
( -211  278  121  )
( 347  -126  -251  )
( 202  -193  162  )
( -5  -298  79  )
( 5  337  -25  )
( -49  -154  -332  )
( 202  88  275  )
( 133  210  -91  )
( 68  44  -181  )
( 139  149  71  )
( 60  259  -199  )
( -128  -51  345  )
( -295  45  222  )
( -140  165  -310  )
( 160  167  279  )
( 262  150  -95  )
( -269  322  -223  )
( -12  305  -143  )
( -102  -207  -191  )
( -310  -280  -281  )
( -292  107  108  )
( -325  -20  195  )
( -272  33  -139  )
( 197  -248  -202  )
( -3  331  -338  )
( 92  289  213  )
( -243  318  295  )
( -192  -96  -41  )
( -197  -329  10  )
( -234  17  -9  )
( -281  -170  -261  )
( 290  212  -178  )
( -314  348  -164  )
( 239  339  -22  )
( -224  338  52  )
( -127  -70  -212  )
( -296  -19  247  )
( -302  102  -256  )
( 95  -226  -312  )
( 325  -294  265  )
( -127  -304  -60  )
( -226  -272  40  )
( 212  -33  148  )
( 346  67  71  )
( -175  -191  -324  )
( 94  -137  282  )
( -112  68  -319  )
( -187  -135  -7  )
( -158  -318  337  )
( -43  -174  -109  )
( 341  -96  141  )
( 237  40  -194  )
( -254  3  -143  )
( 37  -156  97  )
( 35  258  7  )
( 204  -160  97  )
( 150  -59  -179  )
( -115  -200  -87  )
( -252  7  139  )
( 344  -324  73  )
( 95  -211  -174  )
( -198  -100  -196  )
( 348  -11  263  )
( 29  -168  5  )
( 104  -100  -264  )
( -178  -184  -255  )
( 108  97  253  )
( 66  12  -305  )
( 119  -297  -281  )
( -165  294  207  )
( -67  -238  347  )
( 33  -249  -143  )
( -214  29  -70  )
( -11  -348  170  )
( 19  -120  21  )
( -243  339  -293  )
( -307  -343  81  )
( 333  -280  297  )
( -308  45  -329  )
( 158  80  18  )
( 154  39  169  )
( 285  172  -7  )
( 151  163  -298  )
( -341  116  -169  )
( 247  190  -238  )
( 152  -112  -49  )
( 249  316  83  )
( -150  251  206  )
( 329  -177  -223  )
( 121  -142  -347  )
( 94  286  -274  )
( 328  -158  224  )
( -174  13  -296  )
( 309  -328  -277  )
( 57  319  -339  )
( 124  265  172  )
( -148  -100  -27  )
( -64  264  148  )
( -88  105  36  )
( -99  -182  -251  )
( -85  -18  323  )
( 174  236  -281  )
( 6  -27  -59  )
( -282  -316  93  )
( -181  -232  301  )
( -30  90  328  )
( -160  84  -316  )
( -323  -232  -172  )
( -101  -313  114  )
( 217  -12  264  )
( 114  279  43  )
( -34  -247  -87  )
( -304  16  311  )
( 159  207  238  )
( -62  -265  -320  )
( -104  68  -14  )
( 43  -124  180  )
( -136  130  296  )
( -187  38  339  )
( 242  -324  -182  )
( -50  24  35  )
( 25  -178  -225  )
( 298  332  -194  )
( -174  -194  0  )
( -6  -62  246  )
( 298  -110  -337  )
( -31  -303  151  )
( -232  -102  -222  )
( 256  -241  31  )
( -214  125  -283  )
( 102  54  292  )
( 290  -174  -64  )
( -291  106  -9  )
( 174  145  273  )
( -98  -105  -290  )
( -48  164  172  )
( 333  -176  343  )
( 1  -38  36  )
( -74  -138  170  )
( 234  214  -250  )
( 13  41  44  )
( 133  -236  -229  )
( 239  212  65  )
( 46  264  -237  )
( -162  -335  225  )
( -86  131  88  )
( 22  96  -308  )
( -316  49  -193  )
( -250  117  0  )
( -181  57  184  )
( -174  -45  311  )
( -21  22  127  )
( 186  191  -93  )
( 219  58  -315  )
( -155  336  -343  )
( -260  132  23  )
( 307  -67  -201  )
( -17  68  283  )
( -266  -91  -53  )
( 142  150  137  )
( 261  -240  162  )
( -330  204  -331  )
( -189  -65  -111  )
( 290  158  146  )
( 226  152  -60  )
( 145  -197  104  )
( 99  311  14  )
( 267  -121  255  )
( 71  -245  279  )
( 81  -58  212  )
( 244  161  167  )
( -298  -146  261  )
( -281  71  269  )
( -192  -92  -316  )
( 95  113  274  )
( -321  -256  -13  )
( -235  -332  -254  )
( -46  93  -126  )
( -36  -126  161  )
( 214  -159  -136  )
( -273  155  -94  )
( 264  66  -328  )
( -289  129  310  )
( -201  -23  -236  )
( 166  61  -19  )
( 95  -267  278  )
( -30  -6  246  )
( -145  303  -342  )
( -311  -265  149  )
( 42  147  -134  )
( 220  -271  -12  )
( 128  255  -284  )
( 326  229  -272  )
( -242  -49  -10  )
( -155  -124  -166  )
( 30  -251  40  )
( 311  211  -212  )
( 235  -100  -201  )
( -62  -217  185  )
( -50  61  28  )
( -309  210  -238  )
( 70  -253  -30  )
( 148  -127  -108  )
( 340  -169  -183  )
( 337  -141  157  )
( -154  348  290  )
( 263  -210  249  )
( -248  -155  305  )
( 292  151  142  )
( -167  50  -98  )
( -258  -250  -30  )
( 86  246  -197  )
( 230  89  48  )
( 96  213  103  )
( -91  86  -258  )
( -122  285  -183  )
( 42  -324  -318  )
( -48  107  218  )
( -343  -135  268  )
( -153  -228  116  )
( 219  6  0  )
( -220  340  -50  )
( 267  104  159  )
( -172  54  75  )
( -271  161  184  )
( -302  -82  67  )
( -349  342  277  )
( -131  79  31  )
( 111  24  -234  )
( -151  -126  333  )
( -171  -312  337  )
( 315  -290  159  )
( 170  -4  -94  )
( 182  326  13  )
( 348  -100  104  )
( 159  318  300  )
( -48  -85  174  )
( 56  -331  -305  )
( -15  -39  -156  )
( -110  276  -137  )
( -75  245  -24  )
( -208  24  171  )
( -43  -245  -279  )
( -269  78  -190  )
( 336  32  -152  )
( 250  208  25  )
( -185  -285  -18  )
( 211  48  -105  )
( 125  80  -196  )
( -124  -303  -225  )
( 303  -83  103  )
( -86  -195  217  )
( -141  -220  -153  )
( -82  265  -228  )
( 7  220  -160  )
( 264  -311  -141  )
( 111  279  88  )
( -344  3  226  )
( -62  180  151  )
( 186  -22  -83  )
( -336  96  -81  )
( -231  273  -290  )
( 285  117  -66  )
( -112  -14  293  )
( -130  -340  156  )
( 33  -255  124  )
( 122  -12  -62  )
( 219  -91  239  )
( 190  7  52  )
( -130  -74  -171  )
( -314  259  -10  )
( -1  -286  -255  )
( -260  -291  54  )
( 200  191  -348  )
( -112  -236  138  )
( -58  -36  167  )
( 118  -263  -312  )
( -294  14  200  )
( -154  181  -53  )
( -282  -218  27  )
( 347  135  -124  )
( -227  296  92  )
( 159  -227  275  )
( 53  143  236  )
( -89  -84  -317  )
( 53  -28  130  )
( 71  280  -229  )
( 236  216  163  )
( -259  183  16  )
( 171  14  148  )
( -111  -281  166  )
( 255  123  -299  )
( -1  -207  -215  )
( -106  -157  -262  )
( -145  343  -60  )
( 343  230  -166  )
( -95  291  -135  )
( 17  272  -184  )
( -338  47  -143  )
( 84  128  -160  )
( 256  115  221  )
( -230  -148  -149  )
( 115  283  347  )
( 311  150  147  )
( -272  142  284  )
( -337  -33  289  )
( 114  -188  62  )
( -203  -334  308  )
( -95  70  292  )
( 189  320  181  )
( -286  -48  295  )
( 314  -174  167  )
( -135  331  -251  )
( -82  -191  -132  )
( -192  -149  48  )
( -312  307  84  )
( 143  164  -194  )
( 301  210  105  )
( -123  -20  -220  )
( 218  -282  44  )
( 226  -57  294  )
( -349  272  188  )
( 223  11  -61  )
( 259  -332  142  )
( -187  -18  -242  )
( 291  -243  -252  )
( 148  42  251  )
( 300  -324  -17  )
( 134  32  -224  )
( 253  205  186  )
( 120  -180  254  )
( -73  -313  -322  )
( 44  -155  6  )
( 87  -286  -156  )
( -40  205  -344  )
( 306  195  -219  )
( -237  204  95  )
( -203  -184  163  )
( -52  154  -18  )
( 38  43  -9  )
( 123  309  -98  )
( -283  295  -230  )
( 173  -226  -218  )
( 297  240  -295  )
( 337  -23  183  )
( -109  -229  193  )
( -218  156  -52  )
( -165  170  241  )
( 27  23  -270  )
( 318  317  -43  )
( -64  255  5  )
( -119  -14  -172  )
( -43  11  -183  )
( -105  -167  72  )
( 249  122  -337  )
( 31  -3  -60  )
( 329  302  -41  )
( -296  83  -171  )
( 266  171  34  )
( 188  -266  77  )
( -217  -68  41  )
( -166  -176  246  )
( 139  132  331  )
( -38  78  -202  )
( 52  -97  262  )
( -309  59  65  )
( -78  -137  110  )
( -183  -182  294  )
( 178  58  310  )
( 228  286  -300  )
( -160  59  -45  )
( -16  225  -38  )
( 291  15  180  )
( -185  -312  235  )
( 313  -339  128  )
( -250  -343  -19  )
( 121  -298  -238  )
( 342  289  -11  )
( -289  -60  232  )
( -123  -113  201  )
( 250  -246  73  )
( -66  -131  -30  )
( -308  -57  284  )
( -152  -117  64  )
( 239  -221  -158  )
( 67  -168  -196  )
( 152  6  -175  )
( -125  -185  187  )
( 287  -10  344  )
( -317  213  -65  )
( 97  -293  178  )
( -111  -207  -72  )
( -199  -88  -184  )
( 346  -287  -114  )
( 97  93  268  )
( -217  300  -44  )
( -117  93  -37  )
( 266  -21  -210  )
( 237  129  307  )
( -185  -192  -233  )
( -126  -104  -308  )
( 86  112  208  )
( 32  93  193  )
( 286  216  276  )
( -326  -5  -46  )
( -300  68  181  )
( 7  295  134  )
( -36  -335  118  )
( -284  100  155  )
( -171  -153  -200  )
( -180  -37  47  )
( -191  267  109  )
( 346  -116  324  )
( 45  -213  12  )
( 38  254  -345  )
( -159  -82  -314  )
( -194  323  289  )
( 233  270  -278  )
( 292  262  -8  )
( 91  218  -83  )
( -162  54  207  )
( -337  -117  -270  )
( -11  302  184  )
( -43  229  -39  )
( -61  252  -75  )
( -78  -348  253  )
( 8  207  -251  )
( 184  -231  337  )
( -136  36  -168  )
( -296  -146  -142  )
( -329  -264  93  )
( -242  349  -64  )
( 217  77  71  )
( -343  -204  22  )
( 320  2  130  )
( 220  337  -27  )
( 50  -253  -81  )
( 244  271  160  )
( -189  331  161  )
( 175  269  10  )
( 216  198  184  )
( -149  -117  -185  )
( -215  -346  -258  )
( 174  246  88  )
( -187  176  -10  )
( -286  -107  -311  )
( -199  -43  -38  )
( 336  47  187  )
( -322  -313  -208  )
( 296  126  147  )
( -35  108  -2  )
( 217  160  35  )
( 297  127  -60  )
( -7  13  100  )
( 238  -25  -261  )
( 328  32  -253  )
( 230  -121  345  )
( 230  149  -146  )
( -35  306  0  )
( 84  52  195  )
( 218  271  -109  )
( -1  -162  -293  )
( 57  92  -300  )
( 180  -287  58  )
( -323  -115  101  )
( -319  251  -26  )
( 301  313  295  )
( -201  -181  -333  )
( -10  -301  293  )
( -261  206  -312  )
( 233  -322  130  )
( -69  -86  -289  )
( 253  -276  233  )
( -122  -130  36  )
( -35  44  -342  )
( 157  177  -171  )
( -290  146  50  )
( -232  58  346  )
( 99  -33  -0  )
( 55  158  -148  )
( -110  -83  214  )
( 316  -286  37  )
( -222  254  -35  )
( 53  129  -38  )
( 109  -147  134  )
( -320  0  -168  )
( 113  168  301  )
( 225  -68  -331  )
( -201  311  304  )
( -37  -68  -249  )
( -197  23  325  )
( 212  240  97  )
( 288  102  223  )
( -76  -285  -191  )
( 289  158  161  )
( 32  -308  -230  )
( 57  -33  -342  )
( 31  130  20  )
( 279  87  167  )
( -54  11  -10  )
( 94  -90  103  )
( -23  -298  -225  )
( -167  -344  -227  )
( -23  138  88  )
( -203  -271  325  )
( -228  -41  -202  )
( 337  111  268  )
( -324  338  -265  )
( 220  -345  -12  )
( 32  -98  332  )
( -89  266  -332  )
( -95  315  -275  )
( 249  303  194  )
( 4  126  332  )
( 199  161  15  )
( 12  328  -29  )
( 319  -268  47  )
( -340  42  346  )
( -89  340  345  )
( 246  228  120  )
( -173  285  333  )
( -69  9  -343  )
( 320  -189  -229  )
( -305  -10  -22  )
( -134  223  307  )
( -241  -128  -116  )
( 213  217  172  )
( 5  146  72  )
( 61  56  -94  )
( -317  292  -177  )
( -178  -347  -234  )
( -13  320  331  )
( 112  -239  3  )
( -160  -306  226  )
( -341  -123  33  )
( 186  -164  -307  )
( -112  -183  44  )
( 349  50  169  )
( -321  111  142  )
( -309  -167  -181  )
( -144  -128  -152  )
( 98  321  185  )
( -91  120  310  )
( 235  343  341  )
( -125  180  9  )
( -160  131  165  )
( -139  -302  -27  )
( -152  -70  268  )
( 18  288  264  )
( -333  50  186  )
( -150  301  -21  )
( 94  -47  4  )
( -258  276  158  )
( -218  5  -247  )
( 201  342  88  )
( -156  -149  -132  )
( 209  -256  323  )
( 160  -319  -60  )
( 36  -29  281  )
( -260  -332  -35  )
( -159  109  -232  )
( -249  -131  -133  )
( -244  33  310  )
( 55  209  191  )
( -204  -23  282  )
( 287  192  -345  )
( -214  36  -50  )
( -60  -343  163  )
( -195  -306  342  )
( 288  -323  233  )
( 124  -127  320  )
( -100  66  -20  )
( -174  -261  64  )
( -263  -128  143  )
( 225  -44  -61  )
( 261  222  225  )
( -236  178  251  )
( 108  327  199  )
( -100  -334  223  )
( 341  -332  47  )
( 70  304  71  )
( -193  185  116  )
( -93  177  -290  )
( -180  248  -267  )
( -81  -105  -205  )
( 316  -110  291  )
( -330  145  313  )
( 97  194  -193  )
( 53  -97  51  )
( 347  47  45  )
( 187  247  184  )
( 258  -213  222  )
( -332  209  -62  )
( -331  -73  -135  )
( -20  94  73  )
( 269  -274  -293  )
( -224  230  262  )
( -272  110  -29  )
( 311  -214  -272  )
( 104  -49  -128  )
( -316  335  -113  )
( 147  62  38  )
( 157  340  107  )
( 240  32  -45  )
( -128  -273  -138  )
( -29  28  -62  )
( -225  -50  92  )
( -38  19  278  )
( 55  235  -117  )
( -179  -285  -279  )
( 105  -195  6  )
( -62  -222  -303  )
( 166  325  249  )
( 157  80  -13  )
( -298  218  -156  )
( -110  241  -248  )
( 9  -254  -106  )
( 58  -217  102  )
( -109  -147  143  )
( 226  258  337  )
( 103  55  -121  )
( 322  145  -155  )
( 56  336  -88  )
( 111  7  -190  )
( 44  -331  48  )
( -125  -330  -332  )
( -256  -347  322  )
( 247  -71  120  )
( 287  59  123  )
( 340  264  -64  )
( -16  -36  253  )
( 294  212  -236  )
( 94  335  -218  )
( 6  91  -63  )
( 183  5  -310  )
( 11  -244  -46  )
( -131  196  -1  )
( -209  -99  210  )
( 104  132  338  )
( 20  -7  236  )
( -65  114  86  )
( 257  65  184  )
( 187  -106  348  )
( 172  339  -260  )
( 192  291  -221  )
( -253  -234  320  )
( 176  -237  277  )
( 139  -2  59  )
( 267  163  67  )
( 189  245  -85  )
( 291  -330  69  )
( -334  -269  -290  )
( 304  23  64  )
( -67  -330  63  )
( 315  -11  323  )
( 105  -116  310  )
( -229  281  -21  )
( 247  81  164  )
( -53  183  200  )
( -167  -12  -286  )
( 227  -90  -219  )
( -167  -272  200  )
( -245  -233  -65  )
( 183  -349  20  )
( 170  -227  -20  )
( -52  -334  -330  )
( -34  -250  56  )
( 294  162  -44  )
( -322  108  296  )
( 297  262  319  )
( -210  7  -255  )
( -70  -138  20  )
( -59  -62  -185  )
( 237  262  9  )
( -144  131  319  )
( 180  -215  84  )
( -169  330  -14  )
( 255  267  -308  )
( -9  332  -268  )
( -138  304  24  )
( -15  -258  146  )
( 197  313  -252  )
( 305  52  210  )
( 338  -205  132  )
( -157  -184  115  )
( -17  220  177  )
( 305  79  -105  )
( -326  17  233  )
( -15  159  237  )
( 10  -169  -45  )
( 21  305  -115  )
( 329  31  315  )
( 90  -293  55  )
( 213  -31  -188  )
( -37  295  -236  )
( -268  122  9  )
( 184  166  -173  )
( 171  -314  329  )
( 91  -121  288  )
( 265  -22  -293  )
( -180  -144  60  )
( -86  163  46  )
( 258  87  340  )
( -127  -83  93  )
( 263  -19  231  )
( -207  68  267  )
( 301  331  -71  )
( -209  -139  298  )
( 312  70  -301  )
( -299  -111  193  )
( -0  -321  -130  )
( 296  -159  -83  )
( 56  -79  -53  )
( -349  -166  -267  )
( -273  316  110  )
( 202  113  238  )
( -53  322  -70  )
( -331  188  325  )
( 164  106  287  )
( -30  -156  159  )
( 4  -144  38  )
( 57  303  -211  )
( 204  211  -291  )
( -48  -97  -221  )
