( -263  36  27  )
( -333  344  122  )
( 203  271  82  )
( -133  -145  -107  )
( -60  280  263  )
( 277  -212  243  )
( -57  -279  -186  )
( -324  -139  -168  )
( 78  -48  -283  )
( 184  253  89  )
( 279  150  -284  )
( -229  -295  337  )
( -260  -42  227  )
( -130  -18  12  )
( -288  -235  -35  )
( 154  -179  269  )
( -28  -39  317  )
( 317  107  253  )
( -6  15  -345  )
( 308  62  -87  )
( 324  4  245  )
( -136  -168  153  )
( 139  -149  -219  )
( 120  -264  -224  )
( 246  1  22  )
( 114  -148  347  )
( 232  -112  344  )
( -53  -188  -101  )
( -298  -231  -295  )
( 253  -143  -128  )
( -48  -270  102  )
( 104  -156  143  )
( -233  334  321  )
( 192  -316  -182  )
( -19  295  -152  )
( -163  -314  9  )
( 120  251  334  )
( -241  -267  111  )
( -298  -244  240  )
( 138  29  28  )
( 64  -252  -147  )
( -192  -234  -260  )
( 238  313  -330  )
( 189  -204  5  )
( 280  -249  -212  )
( 116  146  165  )
( 318  78  -95  )
( -68  157  291  )
( 132  347  -80  )
( 108  29  321  )
( 194  -188  -315  )
( 137  170  -268  )
( -294  314  312  )
( 184  -295  -93  )
( -199  73  30  )
( -52  -176  43  )
( -65  317  -40  )
( 5  52  63  )
( -189  276  -166  )
( 219  -240  -299  )
( 222  198  -189  )
( -239  95  -19  )
( -256  304  314  )
( 260  -310  -224  )
( 131  4  -96  )
( 157  -47  140  )
( -31  307  -304  )
( -79  61  -27  )
( 348  147  -306  )
( 262  123  265  )
( -226  258  -318  )
( 213  -290  -193  )
( -344  203  -278  )
( 185  -171  -6  )
( 71  -89  39  )
( -345  159  -288  )
( 217  -332  194  )
( 56  -55  77  )
( -139  267  -125  )
( 339  349  99  )
( 90  128  -5  )
( -214  119  -80  )
( -278  -43  -212  )
( 247  46  1  )
( -263  -52  -174  )
( 215  -202  -338  )
( -315  -204  -240  )
( -225  215  16  )
( -250  273  38  )
( -159  52  -302  )
( -337  149  243  )
( 210  299  205  )
( -340  119  99  )
( 16  -332  77  )
( -87  -7  332  )
( 220  306  -285  )
( 93  289  -158  )
( 213  -16  313  )
( 326  -292  172  )
( -214  -137  -73  )
( -17  3  -83  )
( 67  339  -8  )
( -105  -293  149  )
( -184  101  -308  )
( 116  -32  36  )
( -3  -11  -237  )
( -54  336  325  )
( 65  348  141  )
( -85  175  142  )
( 276  -68  139  )
( 54  235  132  )
( -107  -258  -75  )
( 126  114  61  )
( -143  169  324  )
( 111  -57  -108  )
( -156  -205  -201  )
( 113  -347  -342  )
( -289  152  -14  )
( 130  -323  -106  )
( -32  67  212  )
( 305  -3  11  )
( 346  56  -181  )
( -161  -338  22  )
( -41  96  303  )
( 129  -97  208  )
( -324  -64  61  )
( -199  -172  267  )
( 118  -12  187  )
( 243  -41  -259  )
( -232  -346  135  )
( 32  288  5  )
( 207  -257  111  )
( -129  -216  204  )
( -183  169  -49  )
( 314  338  308  )
( -69  116  -282  )
( -176  249  348  )
( -54  169  -19  )
( 233  321  -247  )
( -59  243  -200  )
( -14  -291  79  )
( -185  162  -109  )
( 102  -0  187  )
( -14  123  282  )
( 191  16  128  )
( -228  -294  -76  )
( 185  292  -64  )
( 273  349  120  )
( 100  -16  301  )
( 246  346  -229  )
( 262  285  -155  )
( 212  16  191  )
( -5  -90  63  )
( 84  -254  -182  )
( 86  181  -85  )
( 240  84  -178  )
( -159  -341  314  )
( -117  35  51  )
( 317  -160  -169  )
( 337  -30  -160  )
( -51  -171  205  )
( 157  -236  -275  )
( -215  -287  17  )
( 347  297  163  )
( -348  261  148  )
( 198  334  -81  )
( 199  270  -269  )
( 142  312  265  )
( 197  -136  -42  )
( -52  -295  -83  )
( -31  -196  290  )
( -186  -313  54  )
( -199  69  -348  )
( -157  -2  301  )
( -347  -103  -90  )
( 234  -29  -327  )
( 324  54  -210  )
( -42  177  90  )
( -152  161  245  )
( 271  -28  -288  )
( -94  249  161  )
( -30  -187  311  )
( 49  -212  -89  )
( 267  -122  322  )
( 342  185  347  )
( 336  -294  190  )
( -153  -214  -78  )
( 69  54  -106  )
( 210  184  159  )
( 309  -80  125  )
( -184  -125  -157  )
( 327  192  233  )
( 196  112  331  )
( -85  -264  -109  )
( 208  -193  -187  )
( -12  -270  179  )
( -220  -269  -341  )
( -195  153  178  )
( 299  75  -91  )
( 129  -262  -98  )
( 184  -305  -64  )
( -179  328  -249  )
( 65  223  84  )
( 22  -218  -92  )
( 68  -182  189  )
( -254  -145  4  )
( 88  -248  336  )
( -156  -319  31  )
( 105  -312  20  )
( 344  16  234  )
( -5  -263  221  )
( 253  156  -19  )
( 144  275  -250  )
( 105  280  -103  )
( -32  37  241  )
( 84  323  53  )
( -15  257  -112  )
( 11  145  337  )
( -68  256  210  )
( 83  -141  265  )
( 133  -246  45  )
( -11  -87  148  )
( -280  -224  -171  )
( -40  -169  126  )
( -77  190  -178  )
( 4  -284  -269  )
( 17  -341  144  )
( -10  -161  346  )
( 117  33  1  )
( -141  114  -55  )
( 320  42  245  )
( 167  -148  33  )
( 2  329  -117  )
( 167  -228  245  )
( 171  -237  117  )
( 101  -321  276  )
( -300  -263  -65  )
( 201  -182  305  )
( -236  -123  25  )
( -128  -217  4  )
( -72  -101  103  )
( 184  238  244  )
( -236  188  -7  )
( 32  19  241  )
( 315  -157  -253  )
( -260  -192  325  )
( 299  1  -204  )
( -188  -219  -302  )
( -325  200  212  )
( 329  -323  35  )
( 67  203  -150  )
( 77  -214  -220  )
( -43  181  -193  )
( 337  119  -87  )
( -79  -339  -152  )
( 79  252  40  )
( 133  -86  311  )
( 64  -338  -309  )
( 329  -173  -264  )
( 240  -93  -67  )
( -346  -77  230  )
( -95  -211  -173  )
( 169  43  -98  )
( 289  332  239  )
( 14  146  35  )
( 195  -188  -297  )
( -27  -339  41  )
( -323  223  4  )
( -339  -155  236  )
( -194  -196  -319  )
( -171  279  69  )
( 157  -272  335  )
( 256  -239  259  )
( -131  -151  126  )
( 88  4  34  )
( -84  -64  -195  )
( 190  311  -247  )
( 96  236  -297  )
( -249  -246  172  )
( -138  326  261  )
( -37  -3  -291  )
( 338  196  -65  )
( 50  137  272  )
( -214  295  299  )
( -43  -259  226  )
( -332  -294  -66  )
( -346  50  -64  )
( -252  112  157  )
( 123  212  286  )
( 122  -193  -306  )
( -44  25  341  )
( 1  -108  188  )
( -223  -259  -322  )
( -214  134  -262  )
( 75  231  161  )
( 209  338  -98  )
( 0  -349  -325  )
( -298  332  203  )
( 198  -297  -336  )
( -234  -90  -186  )
( 2  80  -191  )
( 25  -132  131  )
( 349  -275  -1  )
( -210  -316  -86  )
( -102  107  343  )
( 250  203  -334  )
( 166  140  179  )
( 337  -297  16  )
( 143  -3  66  )
( 198  -18  322  )
( -66  -145  129  )
( 240  136  337  )
( 129  277  -247  )
( 225  -311  148  )
( -275  -197  -74  )
( 150  -116  188  )
( -304  33  57  )
( -16  301  -247  )
( -145  263  262  )
( 316  -289  298  )
( -222  123  32  )
( -176  -155  211  )
( 170  52  -171  )
( -287  176  348  )
( 311  -86  -207  )
( 233  19  -178  )
( -19  85  -71  )
( -20  -208  -269  )
( -90  277  331  )
( -12  206  9  )
( 285  -267  -325  )
( -227  -80  212  )
( 63  169  -124  )
( 245  155  169  )
( -38  41  184  )
( 335  -53  118  )
( -72  -59  183  )
( -177  42  -297  )
( 184  -302  95  )
( 240  25  -321  )
( -20  253  207  )
( 313  93  -120  )
( 341  -206  -222  )
( 150  321  -287  )
( -236  11  -178  )
( 136  77  201  )
( -108  -144  95  )
( 114  -256  169  )
( -56  -79  291  )
( 289  312  98  )
( -61  308  306  )
( -79  134  -126  )
( 181  -239  -128  )
( -324  -256  229  )
( 176  210  -345  )
( 26  -203  200  )
( -28  -325  -275  )
( -180  -278  -21  )
( -77  -198  155  )
( 244  132  -138  )
( 234  160  -39  )
( 347  10  122  )
( -164  340  -48  )
( 81  -151  -279  )
( 166  211  25  )
( 168  9  -343  )
( 271  344  -269  )
( -311  65  -194  )
( -134  -231  32  )
( -35  -87  -328  )
( -332  -264  -68  )
( -260  29  220  )
( 313  -10  323  )
( -46  261  173  )
( -104  -77  -200  )
( -39  -257  219  )
( 317  -275  223  )
( 30  249  134  )
( 67  63  163  )
( -294  -298  -268  )
( -16  120  276  )
( 259  227  19  )
( 215  39  179  )
( 105  19  -171  )
( 131  189  46  )
( -238  22  174  )
( -257  162  227  )
( 138  -9  100  )
( -266  111  -153  )
( 104  27  199  )
( 89  -11  -76  )
( -293  188  -316  )
( -179  16  -211  )
( -255  -266  93  )
( -332  31  76  )
( 344  291  -192  )
( -328  340  -326  )
( -21  318  -349  )
( -160  -34  272  )
( 5  212  -97  )
( 207  -68  -27  )
( 169  -258  275  )
( -78  -179  -95  )
( 304  289  259  )
( -344  -73  -256  )
( -37  175  -81  )
( -198  -33  236  )
( 59  -77  100  )
( -8  194  36  )
( 270  23  -141  )
( -73  -21  -309  )
( -234  327  -300  )
( -103  -309  -29  )
( 112  28  -336  )
( 139  -186  151  )
( 12  -133  264  )
( 275  -322  79  )
( -42  -87  -232  )
( -182  -292  85  )
( 220  -63  42  )
( -46  -149  242  )
( 184  -78  82  )
( 135  -255  94  )
( -139  -98  142  )
( -131  107  273  )
( 294  155  190  )
( 105  333  -139  )
( 188  66  177  )
( 79  -258  -147  )
( -192  -297  -230  )
( 244  -145  -178  )
( -151  -272  44  )
( -248  25  -216  )
( -201  147  243  )
( 275  86  56  )
( -71  -323  9  )
( -289  -242  307  )
( 192  -340  315  )
( -52  -67  208  )
( 6  316  -346  )
( 3  -243  51  )
( 257  273  -338  )
( 93  -334  -154  )
( -220  -21  185  )
( -316  -255  -23  )
( -127  286  -300  )
( 226  61  -194  )
( 119  74  -345  )
( 75  85  -125  )
( -267  192  65  )
( 43  -188  22  )
( 311  -40  205  )
( -293  -201  -240  )
( 78  -348  167  )
( 48  -266  -236  )
( 233  89  -139  )
( 165  -115  227  )
( -327  -290  -156  )
( 113  29  305  )
( 47  -300  256  )
( -111  294  -212  )
( 61  300  104  )
( 60  -84  101  )
( -75  -344  -22  )
( -183  -340  26  )
( -131  28  -133  )
( -253  61  225  )
( -152  -281  -349  )
( 301  281  157  )
( -227  75  -299  )
( 159  66  218  )
( -138  -6  132  )
( 71  -107  148  )
( -230  -68  -57  )
( -334  194  189  )
( 223  111  194  )
( 264  -337  -183  )
( 221  35  -15  )
( 140  -214  -204  )
( 53  242  267  )
( -115  82  -93  )
( -319  -185  120  )
( -60  99  75  )
( 11  299  -270  )
( 201  -5  143  )
( -321  -315  213  )
( -261  282  -82  )
( 173  215  136  )
( -165  -48  310  )
( 91  37  -180  )
( -123  -206  296  )
( 297  228  179  )
( 133  3  154  )
( -45  -57  -123  )
( -268  -87  -150  )
( -124  -87  266  )
( -22  -306  154  )
( 297  139  339  )
( 109  -136  128  )
( -221  -0  -318  )
( 151  -8  -63  )
( 74  151  -11  )
( 280  55  -97  )
( 174  -247  74  )
( -226  -235  219  )
( -283  -207  -71  )
( 245  56  333  )
( -267  316  231  )
( 173  -126  125  )
( -103  -63  78  )
( 291  216  36  )
( 205  -250  237  )
( 158  150  10  )
( 235  89  85  )
( -138  -187  8  )
( -45  -114  -218  )
( 100  -154  191  )
( 194  53  201  )
( 343  -204  -298  )
( 329  -338  -315  )
( -271  -58  8  )
( -43  -266  -316  )
( -284  145  121  )
( 148  323  300  )
( 95  -186  -155  )
( 349  250  -210  )
( 202  196  117  )
( 281  55  194  )
( 135  305  301  )
( 2  -131  -130  )
( 247  86  112  )
( 235  -31  -319  )
( 120  278  124  )
( -9  251  -265  )
( -73  -136  33  )
( -154  -218  -242  )
( -122  -90  163  )
( 307  49  -154  )
( -144  -222  265  )
( 2  -86  329  )
( 60  -161  -174  )
( 67  247  -216  )
( 344  113  128  )
( -195  3  -250  )
( -57  70  -311  )
( 239  69  -195  )
( -89  224  -235  )
( 310  -184  239  )
( 250  -66  -15  )
( 320  130  141  )
( -152  218  -236  )
( 176  154  293  )
( 33  140  -64  )
( -248  15  -119  )
( -340  -268  -278  )
( -107  166  -13  )
( -259  -316  16  )
( -294  240  -87  )
( 26  -273  -246  )
( -303  349  174  )
( -264  -291  290  )
( -189  54  24  )
( 249  -297  -109  )
( -338  -268  216  )
( -165  -167  287  )
( 102  -90  -213  )
( 226  -19  283  )
( -220  -38  309  )
( 57  85  -302  )
( 334  349  -26  )
( -331  -137  -285  )
( 127  -120  -319  )
( 27  145  342  )
( -250  199  -114  )
( 33  -150  -316  )
( -89  0  -242  )
( 155  -307  273  )
( 173  -297  -100  )
( -211  159  -154  )
( 98  -152  329  )
( -217  236  79  )
( 111  239  -314  )
( 210  -137  -254  )
( 170  302  -135  )
( -210  -167  103  )
( 102  130  204  )
( 250  -313  -18  )
( 38  -64  131  )
( 190  288  -146  )
( 250  101  123  )
( 25  -54  -320  )
( 217  -159  -298  )
( -316  348  106  )
( -161  -102  78  )
( 214  -317  -61  )
( -266  -256  192  )
( -68  221  -46  )
( -80  -96  146  )
( 77  -88  -189  )
( -164  292  -88  )
( -267  -161  -69  )
( 190  -196  225  )
( 103  146  -279  )
( -80  -4  301  )
( 5  -325  -85  )
( -339  -39  -294  )
( -40  41  144  )
( -337  216  126  )
( -324  110  42  )
( -186  -58  -295  )
( -243  -52  -35  )
( 106  -179  250  )
( 163  204  -80  )
( -17  -21  309  )
( -81  207  88  )
( 337  25  -88  )
( 75  281  306  )
( -163  251  -197  )
( 230  -84  -10  )
( 204  147  -287  )
( -168  -106  259  )
( 257  -232  -26  )
( 333  -146  -229  )
( -197  79  111  )
( -315  294  -53  )
( -228  45  -267  )
( 338  101  291  )
( 49  75  -160  )
( 227  166  -341  )
( -18  -234  -327  )
( -141  -222  120  )
( 318  -254  -31  )
( -173  301  28  )
( -58  231  -124  )
( -141  -284  -165  )
( -188  164  322  )
( -199  -58  110  )
( -204  214  75  )
( -121  263  -11  )
( 204  -214  209  )
( 323  -234  306  )
( -165  -11  261  )
( -263  199  272  )
( 288  119  -333  )
( -15  -345  256  )
( 7  -228  263  )
( 188  56  210  )
( 187  -20  82  )
( 278  -106  -132  )
( 277  -233  146  )
( -275  156  190  )
( -236  276  -45  )
( 296  259  -23  )
( -43  63  -192  )
( -257  -148  317  )
( -239  -126  -232  )
( 0  194  -286  )
( 316  -115  272  )
( -174  -313  247  )
( -201  -346  299  )
( 97  125  349  )
( 332  145  341  )
( -317  277  25  )
( -92  -228  130  )
( -61  -101  -310  )
( 238  18  257  )
( -131  1  -153  )
( -290  36  -276  )
( 268  62  -247  )
( -148  316  223  )
( 50  179  312  )
( -311  -107  0  )
( 324  256  242  )
( -322  -39  -50  )
( -292  -309  -19  )
( -259  171  -113  )
( -129  -16  40  )
( 104  -283  338  )
( 117  -228  319  )
( -114  336  151  )
( 252  235  156  )
( 124  64  -288  )
( 84  55  -235  )
( 312  -15  -308  )
( 197  -18  158  )
( 4  44  267  )
( 96  157  194  )
( -315  -104  169  )
( -338  -278  -128  )
( -212  344  194  )
( -150  193  -185  )
( 294  -36  -286  )
( -265  -111  327  )
( -93  162  22  )
( -188  -138  -51  )
( 30  133  235  )
( -135  141  -312  )
( -211  160  -270  )
( 89  247  -338  )
( -33  -72  191  )
( 257  -322  -36  )
( 281  14  -46  )
( 118  -267  90  )
( 84  78  -240  )
( -101  -263  -32  )
( -203  -240  55  )
( -279  -283  6  )
( -84  258  -147  )
( -125  -183  -1  )
( -119  111  75  )
( 160  -194  296  )
( 14  -197  301  )
( -200  150  270  )
( 89  343  265  )
( 204  -161  155  )
( 277  -75  -45  )
( -184  -45  -43  )
( 228  -266  222  )
( 291  -322  300  )
( -61  -120  204  )
( 138  128  -52  )
( 237  235  -54  )
( -12  268  335  )
( 286  203  265  )
( 17  44  23  )
( -15  -270  116  )
( 204  -218  243  )
( -261  -90  6  )
( -109  343  -62  )
( 191  -96  58  )
( 173  -235  337  )
( -78  316  77  )
( -147  268  226  )
( 303  -82  258  )
( -182  -215  334  )
( 15  88  -171  )
( 156  -198  322  )
( 315  135  276  )
( 225  285  -334  )
( 231  -341  267  )
( 320  -287  198  )
( 146  31  -131  )
( 277  -174  -12  )
( -288  78  -264  )
( 42  296  346  )
( 8  -164  -291  )
( 314  -129  296  )
( -252  302  -269  )
( 96  -80  -300  )
( -62  -31  70  )
( 302  171  -238  )
( 321  -292  -120  )
( 218  -212  -83  )
( -30  -312  4  )
( -210  169  56  )
( -166  162  -16  )
( 190  45  77  )
( -36  -286  9  )
( 224  -229  -20  )
( -49  108  4  )
( -334  155  -231  )
( 305  -291  -71  )
( 138  -136  147  )
( 77  121  -76  )
( -117  -201  269  )
( -323  -291  -245  )
( 237  -24  305  )
( -127  -318  -170  )
( 157  -127  -301  )
( -270  240  -147  )
( -232  -97  -126  )
( 332  83  -321  )
( -60  349  301  )
( 247  -59  -180  )
( 277  327  -200  )
( -206  -155  -165  )
( -80  272  -336  )
( -234  319  215  )
( 82  239  -337  )
( 138  -225  15  )
( 72  305  347  )
( -252  -204  -150  )
( -83  -45  -229  )
( 125  -129  189  )
( -259  -344  51  )
( 235  69  242  )
( 99  31  -113  )
( 242  219  -176  )
( -304  -186  -180  )
( -94  -217  306  )
( 46  251  -323  )
( 141  19  208  )
( 128  42  -220  )
( -139  292  105  )
( 269  300  261  )
( -345  55  77  )
( -203  -326  32  )
( -323  -306  288  )
( 50  265  270  )
( 258  -299  -240  )
( 281  -229  -246  )
( 63  122  -0  )
( 60  -319  96  )
( -107  -189  -233  )
( -38  -190  -285  )
( -96  11  -63  )
( 196  -214  326  )
( 248  -64  148  )
( 218  -205  -59  )
( -317  271  -189  )
( 193  195  -266  )
( -32  -55  -340  )
( 273  -139  -73  )
( 276  232  -177  )
( 70  30  4  )
( -141  -345  193  )
( -220  -258  -155  )
( -217  -37  133  )
( -251  -157  -311  )
( 19  -73  -142  )
( 167  -321  -247  )
( -49  -338  -31  )
( 122  235  -16  )
( -197  181  -340  )
( -1  -295  234  )
( -45  75  209  )
( 9  -331  142  )
( 145  278  -47  )
( 52  -12  324  )
( 341  -143  254  )
( 170  295  -149  )
( -198  -84  150  )
( 12  -44  -113  )
( -148  -168  -75  )
( 193  129  -156  )
( -302  -298  -228  )
( 67  -302  306  )
( -138  -247  26  )
( 219  -311  -197  )
( 117  -97  23  )
( -86  -44  -115  )
( -236  168  346  )
( 90  296  186  )
( -83  -218  -213  )
( -146  -337  255  )
( -231  147  198  )
( 225  -327  -329  )
( -83  30  272  )
( 62  135  254  )
( 175  -58  203  )
( 328  -68  42  )
( 81  -17  -40  )
( 179  293  75  )
( 63  -184  -3  )
( -16  -131  -217  )
( -344  321  110  )
( -218  -308  302  )
( -308  -201  -114  )
( 242  -21  -223  )
( 148  213  -286  )
( 109  -45  -165  )
( -173  -159  -229  )
( 127  -272  244  )
( -333  -233  -32  )
( -299  -191  -14  )
( 242  337  -106  )
( 213  136  -307  )
( -280  199  224  )
( -7  -305  96  )
( 203  -342  10  )
( 336  -34  -86  )
( -163  250  310  )
( -76  -142  117  )
( -253  143  -225  )
( -106  -252  -82  )
( -291  262  -302  )
( 104  269  -138  )
( -142  157  74  )
( -143  40  -188  )
( -265  -3  -349  )
( 50  222  -9  )
( -33  154  -334  )
( -316  -8  -337  )
( 336  -347  61  )
( 157  -41  -227  )
( 323  -153  -329  )
( -346  72  -110  )
( 215  -166  132  )
( 317  247  295  )
( -128  -5  -246  )
( 178  -79  202  )
( 226  -12  -183  )
( 285  -130  172  )
( 312  263  147  )
( 214  -240  -216  )
( -75  320  -51  )
( -230  -153  0  )
( -196  256  -103  )
( -339  -181  87  )
( 70  45  73  )
( -118  151  -314  )
( 213  -339  -211  )
( -342  32  160  )
( 103  206  316  )
( 122  -106  -159  )
( 177  -114  97  )
( 148  112  335  )
( 34  308  -297  )
( 9  328  52  )
( 186  240  -257  )
( -61  -92  78  )
( 110  -194  -150  )
( 273  225  -290  )
( -100  -41  -129  )
( -44  62  -134  )
( 337  229  -5  )
( 336  -232  -195  )
( 253  14  213  )
( -349  243  -136  )
( -301  -84  198  )
( 325  259  319  )
( -223  -96  293  )
( 142  -15  161  )
( 58  142  -274  )
( 55  -225  -163  )
( 232  -178  -124  )
( 85  -244  206  )
( -96  228  -128  )
( -143  326  159  )
( 47  37  42  )
( 262  -114  269  )
( 117  31  315  )
( -111  331  -135  )
( -171  231  107  )
( 306  -247  -173  )
( -83  199  -332  )
( -200  -107  24  )
( 286  35  -83  )
( 52  -255  -41  )
( -161  294  -190  )
( -153  202  -217  )
( -242  -315  -46  )
( 262  26  164  )
( 213  -59  280  )
( 281  -0  -29  )
( 109  -173  262  )
( -174  -12  178  )
( 276  -47  228  )
( -53  -11  69  )
( -246  -147  287  )
( 8  -87  -202  )
( -230  -337  -182  )
( -116  -326  -86  )
( -207  -299  -197  )
( -70  204  265  )
( -341  -210  251  )
( 339  215  -137  )
( 231  87  -96  )
( -293  329  248  )
( -117  83  335  )
( -317  -95  -147  )
( -267  43  -276  )
( -241  208  -133  )
( 14  55  -307  )
( -153  89  24  )
( 218  -26  -132  )
( -140  117  -211  )
( -336  -67  -182  )
( -89  79  -42  )
( 329  7  -172  )
( 174  -104  -14  )
( 257  238  -264  )
( 206  -153  -217  )
( 24  200  322  )
( -28  339  -135  )
( -286  -189  105  )
( -3  346  317  )
( 121  311  69  )
( 304  151  184  )
( 33  -14  -148  )
( -330  165  195  )
( 213  -346  -84  )
( 17  -101  235  )
( 67  -169  141  )
( 55  180  -302  )
( -342  0  115  )
( -144  -273  -309  )
( 44  -17  -212  )
( -122  -226  -340  )
( 35  -283  -164  )
( 275  193  -166  )
( 204  168  227  )
( -154  -284  33  )
( -262  70  -331  )
( -85  -303  208  )
( 93  -161  -110  )
( -222  83  2  )
( 8  128  -149  )
( -142  156  -38  )
( -71  165  98  )
( -123  -26  -232  )
( 88  -336  146  )
( -180  -335  -341  )
( 221  -204  -28  )
( 263  158  -124  )
( 345  -146  -68  )
( -262  -118  -11  )
( -278  317  -318  )
( -162  333  98  )
( 290  -186  170  )
( -161  196  -256  )
( -149  -325  -136  )
( -112  134  65  )
( -87  -119  163  )
( 163  114  -19  )
( -52  -200  -45  )
( -293  -7  -55  )
( -75  -190  -290  )
( 191  -178  -142  )
( 222  -119  2  )
( -303  148  86  )
( 60  342  26  )
( 169  -43  181  )
( -281  103  -251  )
( 180  319  207  )
( -260  -335  222  )
( 39  117  -28  )
( 184  -47  250  )
( 181  328  -56  )
( -126  -11  205  )
( -208  -25  271  )
( -75  -15  -183  )
( 104  184  -180  )
( -103  157  85  )
( -104  -109  61  )
( 111  -23  212  )
( -348  -209  81  )
( 220  72  -25  )
( 216  -145  277  )
( 308  -79  53  )
( -194  -67  345  )
( -113  228  112  )
( 299  -61  294  )
( -240  306  -1  )
( -73  -283  -272  )
( 8  -109  194  )
( 322  88  -173  )
( 14  -212  120  )
( -197  165  226  )
( -136  234  -277  )
( -60  230  -167  )
( 140  334  -242  )
( 158  61  -126  )
( 96  26  -101  )
( -130  144  135  )
( 21  -10  343  )
( 39  -29  328  )
( -160  -175  -251  )
( -169  235  269  )
( 308  -18  -205  )
( -21  324  333  )
( -97  216  -95  )
( -14  45  334  )
( -62  -147  137  )
( -62  -55  160  )
( 83  -72  262  )
( -153  231  -96  )
( 190  108  122  )
( 80  -23  178  )
( -179  -304  -33  )
( -123  -207  -159  )
( 173  -347  176  )
( 35  106  -178  )
( -27  23  -201  )
( 247  334  -122  )
( -256  -177  109  )
( 1  -324  120  )
( -227  -64  330  )
( 267  -60  78  )
( 179  266  131  )
( -305  -108  -296  )
( -335  -9  -107  )
( 206  -333  -37  )
( -159  75  328  )
( 23  20  -264  )
( 109  -170  271  )
( 263  -318  269  )
( -109  280  300  )
( 349  -19  -322  )
( -297  -149  41  )
( -30  -58  149  )
( -176  70  -62  )
( 343  46  -348  )
( 134  315  -195  )
( 41  -13  -155  )
( -121  -120  265  )
( -3  -161  179  )
( -69  -307  49  )
( 181  52  -16  )
( 229  163  190  )
( 178  264  -18  )
( -94  -222  -334  )
( -151  291  -159  )
( -297  85  150  )
( 346  -70  -213  )
( 296  -54  -84  )
( -16  103  -92  )
( 173  -315  219  )
( -120  303  286  )
( -336  -113  92  )
( -113  169  146  )
( 123  -196  -187  )
( -68  3  -221  )
( -215  -104  169  )
( 301  62  -138  )
( -242  226  -35  )
( 61  99  -156  )
( -73  -38  -81  )
( -207  64  113  )
( -98  320  -277  )
( 4  -202  -281  )
( 246  151  -106  )
( 79  -106  264  )
( 92  -131  115  )
( 286  266  -196  )
( 298  -4  -349  )
( 116  -267  139  )
( -334  -272  -145  )
( -94  -143  314  )
( 271  -260  292  )
( 251  -171  264  )
( -49  299  -287  )
( -191  66  28  )
( 69  -9  -260  )
( -211  -179  147  )
( -1  -141  0  )
( -219  -281  -64  )
( -196  -67  -253  )
( -82  335  -78  )
( -110  -109  255  )
( 75  63  -199  )
( 149  302  92  )
( -161  245  7  )
( 55  -339  -35  )
( 188  -178  342  )
( -55  224  297  )
( -133  35  -291  )
( 172  191  125  )
( 250  -160  -140  )
( 19  -81  2  )
( 99  -232  -67  )
( -43  -313  81  )
( -210  -41  154  )
( 109  -124  -189  )
( 327  -87  -46  )
( 262  190  189  )
( -48  -114  337  )
( 316  155  -51  )
( 112  -212  196  )
( 27  -151  103  )
( -59  -297  168  )
( 325  -248  246  )
( -148  -259  -99  )
( 233  -329  -117  )
( 201  -24  -172  )
( -328  -212  -258  )
( -120  328  -76  )
( -133  -5  -325  )
( -222  125  282  )
( 225  -67  245  )
( 69  -44  -194  )
( -52  -198  -178  )
( 55  336  269  )
( 233  179  -61  )
( -7  179  -254  )
( 285  261  -309  )
( -125  -92  -173  )
( 147  333  -285  )
( -119  103  148  )
( -285  -120  -96  )
( -290  323  299  )
( -340  -56  -168  )
( -102  -180  71  )
( 301  296  -310  )
( -332  53  -157  )
( 167  -267  15  )
( -200  32  306  )
( -247  -82  249  )
( -1  -277  95  )
( 114  220  -104  )
( -299  -191  131  )
( -94  110  -50  )
( -208  -312  -247  )
( 138  54  245  )
( -63  -7  236  )
( 290  -43  204  )
( 277  26  7  )
( -147  -235  179  )
( -49  -111  83  )
( 142  -345  22  )
( -58  -254  242  )
( -339  -328  -4  )
( 160  18  -275  )
( -0  -2  57  )
( 245  -222  -306  )
( -7  -264  -8  )
( -289  -187  -205  )
( 80  343  78  )
( 342  297  -344  )
( -127  30  -182  )
( 90  -206  173  )
( -89  281  -183  )
( 255  -72  -22  )
( -34  -227  172  )
( 132  -161  -17  )
( -218  -302  -102  )
( 0  8  226  )
( -329  34  254  )
( -135  -288  113  )
( 24  -239  163  )
( -259  238  -240  )
( -231  -71  255  )
( -276  258  -149  )
( -264  -106  -193  )
( 210  -337  -328  )
( 237  90  286  )
( -301  -58  72  )
( -236  -39  160  )
( 230  134  -289  )
( 72  -258  -213  )
( -208  95  -242  )
( 127  200  205  )
( -31  76  295  )
( 317  287  -34  )
( -70  -304  192  )
( -150  115  -172  )
( 237  156  -172  )
( -314  -3  97  )
( 305  -346  -216  )
( 328  -104  -23  )
( 88  -132  260  )
( 264  229  -207  )
( 317  205  21  )
( -66  -254  307  )
( 188  -25  326  )
( -49  -136  -35  )
( -287  -303  -215  )
( -229  55  230  )
( -7  -215  -85  )
( -282  344  38  )
( 327  338  -79  )
( 272  -183  -255  )
( -107  -283  -348  )
( 20  -54  -318  )
( -215  -213  278  )
( 6  -19  91  )
( 51  -87  -42  )
( -300  132  16  )
( 274  -137  142  )
( -55  -95  67  )
( 166  -88  -117  )
( 120  281  -321  )
( -38  -257  -60  )
( -331  90  -4  )
( -244  150  109  )
( 245  133  33  )
( -169  -57  228  )
( 31  -96  146  )
( -96  -272  -29  )
( -53  -219  -31  )
( -20  -135  306  )
( -85  232  21  )
( -30  -21  165  )
( 93  -258  153  )
( -317  322  -68  )
( -128  -336  -235  )
( -330  218  311  )
( 59  288  272  )
( -27  -326  -282  )
( 185  251  -62  )
( 202  -26  -303  )
( 31  272  341  )
( -80  182  173  )
( -246  222  344  )
( 122  -321  -213  )
( 307  -201  222  )
( 147  130  238  )
( -266  -222  284  )
( 89  -305  -55  )
( 328  -62  -290  )
( 252  293  264  )
( 270  -233  -283  )
( 258  320  -138  )
( 344  -207  202  )
( -170  47  107  )
( 202  225  -72  )
( -50  349  -293  )
( 12  35  -157  )
( -44  -102  190  )
( -289  4  -180  )
( -5  -37  -195  )
( -279  91  -287  )
( 261  -114  227  )
( 41  250  -157  )
( -349  -210  254  )
( -187  270  -127  )
( -141  246  95  )
( -312  167  -202  )
( -217  236  130  )
( -251  123  177  )
( 344  -306  123  )
( 250  349  126  )
( -255  82  218  )
( -20  225  -21  )
( 2  -290  217  )
( 76  325  95  )
( 296  -2  220  )
( -85  174  254  )
( 14  -241  112  )
( 193  265  225  )
( 5  222  332  )
( -134  -173  114  )
( 277  120  -348  )
( 88  344  165  )
( 271  -203  -41  )
( 261  1  198  )
( 117  315  74  )
( -53  139  235  )
( 39  44  270  )
( -246  249  -293  )
( 276  -254  -145  )
( -11  116  303  )
( -219  -203  233  )
( 332  -178  32  )
( -1  -318  -232  )
( -313  100  -19  )
( 17  227  291  )
( 324  -120  -242  )
( 50  -176  297  )
( -325  291  320  )
( 248  -31  313  )
( -300  -345  -160  )
( 329  141  -154  )
( -189  290  -294  )
( -114  -113  119  )
( -126  -129  257  )
( -250  211  -134  )
( 321  -311  264  )
( 168  146  -130  )
( -101  -323  -114  )
( 309  -272  -172  )
( -163  -18  120  )
( -20  159  -148  )
( -119  -56  -82  )
( 59  -266  214  )
( -208  -177  -36  )
( 83  -270  -88  )
( -90  -113  139  )
( 86  194  276  )
( 170  23  213  )
( -72  283  -36  )
( -60  104  182  )
( 65  209  178  )
( -207  343  101  )
( 336  141  -144  )
( -61  196  -23  )
( 140  93  -149  )
( 316  -10  189  )
( -42  296  103  )
( 190  265  -89  )
( 32  62  279  )
( 87  278  88  )
( 328  -275  321  )
( -93  266  -112  )
( -293  -180  39  )
( -171  -49  -70  )
( 72  -250  167  )
( -305  -324  -97  )
( -74  325  -100  )
( -78  95  -317  )
( -15  -199  -53  )
( -349  346  91  )
( 262  -291  -215  )
( 335  -186  -7  )
( 220  -126  -163  )
( 266  38  41  )
( -290  201  327  )
( 228  173  -76  )
( 12  -178  -57  )
( -120  -101  291  )
( -161  139  250  )
( 261  -105  -80  )
( 81  145  -273  )
( 317  244  -236  )
( 16  75  -266  )
( 201  -18  78  )
( 333  139  -77  )
( 329  -325  277  )
( -291  -149  -97  )
( -323  -100  -241  )
( 10  26  299  )
( 126  -98  171  )
( -96  -254  196  )
( 316  -223  98  )
( 163  89  -48  )
( 330  47  -246  )
( -216  -53  284  )
( 269  -100  -17  )
( -253  247  -124  )
( 118  278  -211  )
( 117  -229  33  )
( -244  249  178  )
( -252  -214  -83  )
( -349  119  -109  )
( 255  110  -27  )
( -279  230  -271  )
( -151  -93  -96  )
( 93  133  27  )
( 217  104  -299  )
( -1  -42  196  )
( -36  230  347  )
( 150  -202  143  )
( 232  307  -151  )
( -116  261  -170  )
( -18  177  121  )
( -52  171  -317  )
( -190  328  284  )
( 307  -135  -148  )
( -81  -154  34  )
( -168  287  -188  )
( -169  62  297  )
( -58  -273  87  )
( 258  -117  -38  )
( 247  -319  -140  )
( 257  7  84  )
( 40  292  -112  )
( -156  -230  -252  )
( 343  -103  -161  )
( 16  326  199  )
( 131  32  245  )
( -114  -311  -276  )
( -248  -247  -6  )
( -31  -121  206  )
( -315  41  -100  )
( -126  -300  -147  )
( -18  279  -321  )
( 324  68  -67  )
( 347  -109  -31  )
( 132  197  -91  )
( 5  -153  -342  )
( -247  245  167  )
( -12  248  285  )
( 153  250  -276  )
( 51  64  156  )
( 337  21  -86  )
( -191  168  -279  )
( 214  218  -314  )
( -271  -296  123  )
( -288  237  -274  )
( 14  165  10  )
( 27  -276  -166  )
( -182  342  -155  )
( -27  -213  -276  )
( -8  73  265  )
( -67  -14  331  )
( -333  303  -242  )
( 184  309  -307  )
( -314  -104  -120  )
( 131  -227  124  )
( -62  85  -157  )
( -116  -183  271  )
( 16  -38  -32  )
( -45  -185  -302  )
( 94  -242  332  )
( -266  285  311  )
( -257  121  195  )
( -46  -247  295  )
( -218  97  -207  )
( -9  120  134  )
( 140  283  322  )
( 5  -12  -284  )
( -211  219  298  )
( 54  -62  341  )
( 34  233  96  )
( 99  -345  -263  )
( -180  250  -189  )
( 214  -197  157  )
( 112  -124  -106  )
( 276  -158  -100  )
( -80  115  -201  )
( -142  70  256  )
( 299  227  166  )
( 110  -277  119  )
( -297  305  -284  )
