( -170  -328  -91  )
( -43  332  -214  )
( 24  -57  -166  )
( -114  -204  307  )
( -306  -204  58  )
( -219  -79  169  )
( 229  -242  255  )
( 337  -107  -321  )
( -5  307  144  )
( 317  0  87  )
( 119  66  -306  )
( -237  63  -127  )
( 6  339  -182  )
( 2  -142  34  )
( -243  137  12  )
( -2  -172  -184  )
( 283  -21  -65  )
( -150  129  -101  )
( 299  -63  -126  )
( -121  -150  41  )
( 228  278  -190  )
( 209  -335  -70  )
( 217  228  220  )
( 87  -325  -233  )
( -345  329  -24  )
( 4  -131  209  )
( 249  43  339  )
( 87  156  267  )
( 244  -184  242  )
( -193  308  55  )
( -9  66  104  )
( 213  311  27  )
( 74  -155  -228  )
( 101  160  -79  )
( 297  157  -283  )
( -174  194  288  )
( -262  -299  -126  )
( -214  -102  -289  )
( -293  265  -52  )
( -301  10  -240  )
( -88  -77  -80  )
( -51  -302  -50  )
( 349  69  -308  )
( 94  158  -172  )
( 86  -217  -264  )
( -222  -310  221  )
( 46  239  15  )
( -335  278  -160  )
( 327  -123  -98  )
( 28  -242  24  )
( 298  59  91  )
( 311  -186  103  )
( 12  -9  241  )
( 201  -324  255  )
( 216  50  223  )
( 316  -26  90  )
( -278  276  53  )
( -323  -338  -228  )
( 340  -308  302  )
( -344  166  -222  )
( -112  -113  -259  )
( 29  322  -224  )
( 316  141  -21  )
( -62  270  29  )
( 315  -249  243  )
( 338  83  171  )
( -142  -80  83  )
( -254  226  -126  )
( 160  153  -108  )
( 337  172  345  )
( -44  112  -29  )
( -338  -78  -133  )
( 74  -346  -169  )
( -204  94  -60  )
( 32  -50  130  )
( 101  -16  -27  )
( -232  289  131  )
( 269  -256  -168  )
( -71  241  -55  )
( 69  -262  -145  )
( 191  -17  156  )
( 87  243  58  )
( 200  -184  12  )
( 10  247  309  )
( -198  -282  -127  )
( 105  101  277  )
( -190  -115  -265  )
( 5  86  130  )
( -53  -337  -160  )
( -260  -321  -147  )
( -145  181  30  )
( 306  148  -340  )
( -108  -282  340  )
( 314  172  323  )
( 97  250  265  )
( 254  114  158  )
( -344  -247  -2  )
( 335  284  -340  )
( -21  -220  50  )
( 305  -232  247  )
( 39  209  63  )
( 197  280  325  )
( -338  -337  -90  )
( 104  -17  -189  )
( 159  326  -282  )
( 330  235  109  )
( -269  30  -227  )
( -243  50  -122  )
( -232  318  -226  )
( -183  -253  -51  )
( 52  -53  35  )
( 226  -94  -198  )
( -88  -60  84  )
( -107  -104  301  )
( 103  -113  -307  )
( -279  -317  -252  )
( -299  239  -343  )
( -139  15  25  )
( -213  301  151  )
( 39  247  77  )
( 202  -50  345  )
( -261  -144  -170  )
( 311  -110  92  )
( -344  44  -57  )
( 271  -19  333  )
( -41  -344  -47  )
( 252  -2  68  )
( -125  -46  -26  )
( -78  13  -20  )
( -72  206  -71  )
( -165  -181  125  )
( -169  -349  -239  )
( 307  -336  -208  )
( 212  -144  -195  )
( -191  -232  248  )
( -84  192  -117  )
( 207  128  -78  )
( -27  160  83  )
( -171  327  75  )
( 337  -318  -134  )
( 76  -270  -31  )
( 211  -284  -23  )
( 10  -7  273  )
( -132  -320  251  )
( -154  -215  -81  )
( 18  -45  -105  )
( 225  -119  -194  )
( -129  -295  -44  )
( 127  -133  -149  )
( -200  -117  -243  )
( 328  -88  20  )
( 118  285  -280  )
( 91  -100  134  )
( 255  -338  141  )
( 138  -39  -262  )
( 96  243  -49  )
( 339  9  -77  )
( 294  8  -272  )
( 197  -291  -212  )
( -116  299  -37  )
( -324  -274  36  )
( -96  296  -343  )
( -335  56  313  )
( -100  -276  164  )
( 179  -114  186  )
( -85  -94  14  )
( 15  -239  -256  )
( 271  157  162  )
( -79  321  -322  )
( 137  142  -44  )
( -246  52  -267  )
( -259  4  20  )
( -307  247  125  )
( -98  100  123  )
( -309  -69  -76  )
( -264  -234  -236  )
( 325  317  -172  )
( -161  143  -273  )
( 72  294  -311  )
( 142  -137  70  )
( 53  -82  -159  )
( -251  88  -169  )
( 64  -106  284  )
( -343  -202  -275  )
( 232  134  -342  )
( 115  -275  110  )
( 38  -336  265  )
( 259  232  203  )
( 181  333  -22  )
( -213  176  237  )
( 170  225  74  )
( 101  86  -278  )
( -81  177  170  )
( -338  153  11  )
( -27  -264  -319  )
( -242  15  -67  )
( -77  -292  25  )
( 197  34  -142  )
( -262  323  31  )
( 314  84  118  )
( -61  -123  -200  )
( -328  318  335  )
( 311  -263  -134  )
( -113  172  120  )
( -95  -59  110  )
( 259  287  -157  )
( 336  95  210  )
( 182  27  -247  )
( -272  -10  249  )
( -36  120  -270  )
( -334  -261  -212  )
( -315  -111  -155  )
( -137  172  316  )
( 121  85  216  )
( 31  -123  -302  )
( -165  -137  -79  )
( 41  -303  -302  )
( -229  44  182  )
( 56  36  110  )
( -87  20  231  )
( 44  -279  343  )
( -301  306  30  )
( -62  -33  -261  )
( 318  327  231  )
( 174  -94  305  )
( -263  204  -167  )
( -50  116  -190  )
( -222  40  262  )
( -150  -50  -200  )
( 21  -313  279  )
( 245  -71  -322  )
( -17  -311  -146  )
( -160  282  234  )
( 28  -102  -232  )
( 341  254  142  )
( 131  180  27  )
( 152  -53  85  )
( -203  -7  332  )
( 1  119  -200  )
( 239  -82  -211  )
( 250  -262  -313  )
( 112  230  -175  )
( 5  -255  -131  )
( -270  228  -301  )
( 162  300  -215  )
( 110  53  348  )
( 85  -254  282  )
( -248  318  -181  )
( 75  263  -331  )
( 25  303  205  )
( -135  325  16  )
( 247  -8  -319  )
( 73  -18  -170  )
( 22  -125  32  )
( 284  -316  213  )
( -235  -68  -11  )
( 325  -344  225  )
( 91  -321  104  )
( -5  345  -221  )
( 255  114  -47  )
( 59  143  64  )
( 238  -274  79  )
( 21  -209  290  )
( 286  69  -166  )
( -150  205  -126  )
( 30  -259  178  )
( -224  -115  -321  )
( -178  315  -118  )
( 279  -314  -71  )
( -119  -242  18  )
( 246  -53  79  )
( -11  -285  -157  )
( -242  -343  -344  )
( 122  345  -20  )
( -231  -74  254  )
( -333  138  47  )
( 185  332  -313  )
( 154  -150  -344  )
( 35  -50  39  )
( 238  -120  -263  )
( 150  -309  -97  )
( 268  151  -283  )
( 227  342  -256  )
( -285  -121  336  )
( 336  34  11  )
( -91  -218  261  )
( 29  338  -170  )
( -76  -211  151  )
( 348  302  -98  )
( 45  -225  -180  )
( -277  121  235  )
( -260  134  -21  )
( 242  126  275  )
( 320  -255  185  )
( 164  324  217  )
( 347  -149  -226  )
( -137  -337  150  )
( 0  111  -36  )
( 158  71  282  )
( -55  -190  54  )
( -80  15  -27  )
( 335  -161  147  )
( -92  -310  -94  )
( 131  191  222  )
( -253  -218  -146  )
( 329  -308  -202  )
( -273  -78  196  )
( -319  103  84  )
( -159  -259  -248  )
( 301  -6  129  )
( 99  347  278  )
( 11  26  228  )
( -66  -31  184  )
( -135  309  58  )
( -280  -88  76  )
( -192  211  37  )
( -277  -139  -91  )
( -278  272  329  )
( 213  311  -102  )
( -170  -50  -81  )
( -58  240  -175  )
( -10  124  -327  )
( -77  -281  -290  )
( -346  -256  -126  )
( -289  -84  177  )
( 47  -231  -71  )
( -61  -23  286  )
( -200  -272  -198  )
( -1  -342  317  )
( -0  -80  -54  )
( -0  174  285  )
( -314  -153  279  )
( 168  235  -229  )
( 39  -220  -57  )
( 53  -190  324  )
( -63  -242  -198  )
( -343  -315  -249  )
( 152  -74  58  )
( 209  214  226  )
( 98  -63  311  )
( 301  -229  278  )
( -243  97  -261  )
( 202  -165  262  )
( -271  -345  173  )
( 318  -260  -109  )
( 48  77  295  )
( 251  178  -191  )
( 71  344  90  )
( 63  277  -175  )
( -128  -243  230  )
( -106  -182  -312  )
( 133  -154  -198  )
( 217  -316  -306  )
( -69  50  217  )
( 111  158  -1  )
( -334  37  320  )
( 202  47  229  )
( 66  86  273  )
( 63  -21  179  )
( 309  247  -339  )
( 33  -25  -332  )
( 12  -122  -344  )
( 29  -47  -199  )
( -154  303  94  )
( -99  -300  13  )
( -145  -106  227  )
( -298  -11  -163  )
( -283  -163  -271  )
( 56  10  184  )
( 196  319  -302  )
( 61  -339  -31  )
( -226  267  -346  )
( -303  160  98  )
( 259  124  -146  )
( 233  -333  -307  )
( 200  -26  305  )
( 276  -342  -105  )
( 337  277  125  )
( 302  -316  281  )
( -80  -158  198  )
( -159  158  -150  )
( -80  202  159  )
( -122  -140  278  )
( -309  294  -244  )
( 265  143  56  )
( 59  90  88  )
( -192  166  243  )
( -221  -62  198  )
( 274  -325  135  )
( 268  -173  -174  )
( -212  15  -146  )
( -340  -309  -180  )
( 83  -24  -255  )
( -171  -194  -81  )
( -159  -151  -72  )
( 153  114  -349  )
( 45  -23  -236  )
( 56  -209  349  )
( 4  236  -191  )
( -216  -88  170  )
( 224  98  -171  )
( 70  181  256  )
( 142  -42  -121  )
( -71  12  -308  )
( -346  90  63  )
( -337  39  -281  )
( 96  110  -232  )
( 259  40  -267  )
( -299  310  241  )
( -140  -194  -146  )
( 275  23  -121  )
( 44  -86  52  )
( 223  2  129  )
( -139  156  -109  )
( 108  212  317  )
( 9  -55  -214  )
( -5  126  -348  )
( 348  143  -271  )
( 231  -79  -109  )
( -30  220  -254  )
( -92  12  -276  )
( 298  127  -192  )
( 160  214  67  )
( 212  264  81  )
( 269  154  -167  )
( 18  -169  161  )
( -76  -339  7  )
( 97  265  -276  )
( 252  336  234  )
( -187  -259  -137  )
( -348  310  -263  )
( -319  -18  160  )
( -339  187  -157  )
( -184  -81  348  )
( 131  -15  311  )
( 95  226  217  )
( 40  -25  139  )
( -197  -119  20  )
( 278  -7  28  )
( 113  -130  199  )
( 226  56  -154  )
( -161  -232  74  )
( 268  -123  52  )
( 333  -120  -19  )
( -18  -91  149  )
( 283  68  -268  )
( -157  221  204  )
( 83  99  -37  )
( 170  -24  -270  )
( 327  218  94  )
( 151  94  184  )
( 239  301  10  )
( -92  -287  41  )
( -314  -216  -286  )
( -124  332  -27  )
( 241  -340  283  )
( -86  -104  347  )
( -129  108  -326  )
( -187  216  69  )
( -193  216  -341  )
( -113  245  -213  )
( 4  100  -117  )
( 329  -57  -132  )
( -320  265  -288  )
( 102  -319  4  )
( 339  -324  349  )
( -281  -156  -37  )
( -125  128  -337  )
( 59  -160  180  )
( 117  -183  -151  )
( 260  62  -22  )
( -300  130  -66  )
( -180  -65  -289  )
( -10  90  -144  )
( 172  -93  -30  )
( -295  254  334  )
( 7  -234  -115  )
( -232  112  50  )
( 202  -171  121  )
( 276  -232  -125  )
( -135  67  -52  )
( 333  127  54  )
( -283  -74  239  )
( -330  -251  209  )
( 14  158  109  )
( 62  135  315  )
( -121  288  -18  )
( 254  53  -151  )
( 247  326  -285  )
( -44  241  47  )
( 307  -28  -65  )
( 127  214  77  )
( -312  -77  -267  )
( -284  238  91  )
( -316  -146  115  )
( 119  -339  -277  )
( -48  37  -253  )
( -334  -294  52  )
( -207  -336  -81  )
( 211  -145  141  )
( -9  237  15  )
( -237  11  255  )
( 236  208  -306  )
( -101  -257  -276  )
( 62  288  1  )
( -130  17  -209  )
( 35  325  335  )
( -109  299  -34  )
( -332  279  -227  )
( -339  101  -161  )
( -190  315  -106  )
( 115  240  339  )
( -317  -223  256  )
( -109  -27  249  )
( -335  68  223  )
( -232  -245  -116  )
( -189  125  19  )
( 269  -152  13  )
( 323  -9  -85  )
( -207  208  135  )
( 182  -338  222  )
( 180  -85  320  )
( 193  -62  -85  )
( 337  -240  75  )
( -194  24  -99  )
( -119  346  -46  )
( 238  269  133  )
( -191  -121  -38  )
( -289  177  -270  )
( 180  48  -137  )
( -98  203  -186  )
( 295  255  175  )
( 260  -265  -40  )
( 75  -341  -65  )
( -84  -254  169  )
( 241  -238  124  )
( -88  -70  242  )
( 21  246  175  )
( -291  -0  -63  )
( -235  -180  -344  )
( -243  151  -209  )
( 49  208  -238  )
( 101  195  -306  )
( 224  152  238  )
( -272  306  -203  )
( 338  334  -71  )
( 287  181  -202  )
( -158  299  36  )
( 84  113  59  )
( 26  259  -187  )
( 294  243  216  )
( 186  31  -347  )
( -239  -28  294  )
( 191  -45  -13  )
( -149  -46  314  )
( 303  277  -233  )
( -233  147  234  )
( 43  73  14  )
( 300  -153  96  )
( -16  -145  77  )
( 87  236  -20  )
( -329  172  -275  )
( -22  -172  -271  )
( -195  76  -338  )
( 40  253  -348  )
( 293  -252  -265  )
( 231  -234  -316  )
( -25  213  -191  )
( -278  216  -260  )
( 11  -209  99  )
( -115  171  74  )
( -115  -295  274  )
( -156  -39  -141  )
( -117  -172  162  )
( 87  -231  155  )
( -224  -269  -221  )
( 247  149  -224  )
( 123  83  28  )
( -188  253  167  )
( -347  -47  -4  )
( -328  148  236  )
( -213  -69  172  )
( -165  183  182  )
( 113  21  32  )
( 202  -217  285  )
( 219  256  308  )
( -261  -70  -71  )
( -175  -250  -306  )
( -208  -133  -203  )
( -100  293  307  )
( -262  248  -100  )
( -48  -51  -218  )
( 212  253  -86  )
( 266  -33  -149  )
( 316  169  59  )
( -206  42  -293  )
( 144  129  -22  )
( -58  343  146  )
( -311  -111  -312  )
( -71  -157  67  )
( 28  338  -36  )
( 42  72  177  )
( -112  -241  179  )
( 80  247  53  )
( -144  -162  -218  )
( -130  24  321  )
( -242  -102  286  )
( -292  311  205  )
( -60  -220  -237  )
( -204  37  -195  )
( 207  15  -1  )
( -259  -64  -187  )
( 5  -12  -242  )
( 163  264  94  )
( 144  -195  127  )
( -87  110  -213  )
( 329  -83  -284  )
( -171  -193  -111  )
( -11  206  69  )
( -27  -102  173  )
( -272  130  -251  )
( -32  14  -0  )
( -249  47  122  )
( 205  -212  112  )
( 161  -119  -137  )
( -194  -29  -326  )
( 20  -114  6  )
( -36  -276  265  )
( 203  -237  192  )
( -264  298  345  )
( 330  144  -13  )
( 264  104  -348  )
( -290  -208  260  )
( 305  -273  7  )
( -139  -270  59  )
( -228  260  58  )
( 164  -65  -289  )
( 172  -138  -262  )
( -0  -231  7  )
( 280  -46  62  )
( -137  311  347  )
( 339  307  -341  )
( -229  -115  -235  )
( -292  -215  170  )
( -47  -16  34  )
( 288  -53  -346  )
( 168  143  108  )
( 117  320  134  )
( -315  -246  -100  )
( 60  -133  -21  )
( 39  103  -349  )
( 143  76  -91  )
( -304  -298  -232  )
( 235  -127  301  )
( 72  99  -246  )
( -196  -202  192  )
( -115  -106  -284  )
( 177  -83  -212  )
( -39  298  -290  )
( -293  80  -281  )
( 324  -87  116  )
( -317  -157  -205  )
( -131  -200  12  )
( 15  206  -140  )
( -121  242  -75  )
( -65  53  98  )
( -265  343  77  )
( 116  195  335  )
( 337  -277  -0  )
( -46  97  -337  )
( -273  -342  60  )
( 170  7  -30  )
( -337  -224  -274  )
( 339  -263  -196  )
( -262  -332  -53  )
( 93  113  28  )
( -145  329  -51  )
( -178  -159  -321  )
( -137  -185  -318  )
( -222  -61  214  )
( 115  255  -145  )
( -216  125  345  )
( 113  83  320  )
( 137  -336  204  )
( -81  -102  -302  )
( -164  140  215  )
( -324  -216  207  )
( 100  -126  9  )
( -144  259  69  )
( -139  338  -313  )
( -98  314  33  )
( -178  10  153  )
( -142  -266  -291  )
( 129  -296  -346  )
( 36  -191  -271  )
( -17  -209  -204  )
( 302  118  -7  )
( 7  200  -153  )
( 338  23  186  )
( -39  242  -270  )
( 30  -219  -344  )
( -280  -112  -342  )
( 35  247  -78  )
( -155  -261  4  )
( 189  276  -135  )
( 244  -344  -304  )
( 264  308  -342  )
( 277  198  179  )
( 207  -174  305  )
( 280  -172  167  )
( -113  -96  -76  )
( -25  -185  -143  )
( 94  17  -150  )
( -304  244  297  )
( -100  154  203  )
( 259  -47  -215  )
( 277  296  -92  )
( -115  68  224  )
( -14  -159  -161  )
( 240  275  307  )
( -231  265  226  )
( 262  -152  129  )
( -3  -303  93  )
( -134  275  -162  )
( -339  -314  -139  )
( 17  -101  -166  )
( 132  -6  -169  )
( -73  193  -273  )
( 163  93  263  )
( -332  -235  82  )
( -124  -292  -157  )
( 272  287  -26  )
( -11  -146  319  )
( 54  -235  -208  )
( 191  165  272  )
( 213  188  -247  )
( -111  76  15  )
( 270  -253  -68  )
( 140  91  224  )
( 44  -320  -33  )
( -53  192  -244  )
( -227  12  323  )
( -30  -237  265  )
( -147  -169  160  )
( -205  341  -101  )
( -90  52  -222  )
( -206  -31  -68  )
( -191  -259  -225  )
( 334  146  252  )
( 197  321  278  )
( 330  -56  -121  )
( 91  136  55  )
( 308  331  -267  )
( 82  294  -245  )
( -64  344  -224  )
( -149  127  -339  )
( -325  283  -328  )
( 306  319  -59  )
( 170  -40  54  )
( -234  304  68  )
( -301  -314  187  )
( -123  294  -332  )
( 199  -102  87  )
( 82  212  -65  )
( -151  8  -224  )
( 302  179  296  )
( 344  16  -91  )
( 218  -261  -33  )
( 233  123  -66  )
( -241  -90  -209  )
( -17  -260  -94  )
( -268  -47  -326  )
( 40  182  -272  )
( 317  -147  -98  )
( 173  -331  -251  )
( 14  31  260  )
( 253  -186  149  )
( 211  209  286  )
( -67  -35  -7  )
( -124  -1  -30  )
( -286  -327  -333  )
( 184  -344  -343  )
( 151  -349  19  )
( -344  81  49  )
( -245  323  276  )
( 271  241  192  )
( 68  338  -254  )
( -63  338  293  )
( -254  149  35  )
( -36  -213  -66  )
( -184  109  -229  )
( 259  46  -249  )
( 178  -237  -92  )
( -172  -261  -216  )
( 27  -45  -94  )
( 168  80  239  )
( -189  317  -164  )
( -104  269  41  )
( 36  287  -178  )
( -230  -266  79  )
( -46  17  -109  )
( 92  -290  324  )
( -93  266  255  )
( 161  -298  -14  )
( -31  -36  255  )
( 251  24  315  )
( -299  237  253  )
( 241  318  -349  )
( 184  -26  0  )
( -110  -204  -99  )
( 74  -202  315  )
( 309  334  -302  )
( 278  226  -118  )
( 12  -111  265  )
( 202  -312  -158  )
( 0  -324  -171  )
( -41  140  -281  )
( -109  -4  67  )
( -325  -260  90  )
( -164  331  199  )
( -172  -333  -44  )
( -191  -317  -187  )
( 83  -42  153  )
( 44  -175  261  )
( -51  207  -232  )
( 101  271  -214  )
( -324  147  -237  )
( -54  145  275  )
( 283  117  324  )
( 159  103  318  )
( -293  -186  -163  )
( 84  127  -267  )
( -92  -34  130  )
( -232  -4  -234  )
( 274  -113  -152  )
( 77  9  -170  )
( 89  -167  349  )
( 73  227  -65  )
( 348  135  -107  )
( -114  -197  -87  )
( -331  310  133  )
( -336  334  -72  )
( -148  175  -131  )
( -120  250  -154  )
( 174  196  192  )
( 291  -331  281  )
( 41  -256  -89  )
( -310  298  343  )
( -126  242  205  )
( 327  -294  -178  )
( 75  -216  -11  )
( -173  110  -104  )
( -41  -46  28  )
( -11  -163  -310  )
( 40  -3  -236  )
( -176  179  39  )
( 286  347  -234  )
( -338  312  -11  )
( 118  -116  188  )
( 116  112  231  )
( -260  111  -340  )
( -139  -123  217  )
( 202  343  -168  )
( -80  169  257  )
( 237  -318  271  )
( -289  -122  24  )
( 175  -86  65  )
( -124  -30  -46  )
( 200  -17  -206  )
( -307  114  -272  )
( -346  8  1  )
( 335  26  -5  )
( 126  -297  253  )
( 7  -99  -129  )
( 146  -109  289  )
( 250  68  -311  )
( -120  -339  301  )
( 153  84  -2  )
( 342  262  81  )
( -260  -242  148  )
( 70  90  217  )
( -19  25  117  )
( -233  -114  7  )
( 276  -89  -191  )
( -26  -257  249  )
( 45  -180  31  )
( -76  -220  75  )
( 118  173  -46  )
( 104  158  -239  )
( 130  5  193  )
( -45  112  43  )
( 10  -247  -193  )
( 190  -179  280  )
( 144  12  -13  )
( 226  -79  -268  )
( -270  -331  342  )
( 101  196  -191  )
( -43  -80  217  )
( 283  208  263  )
( -290  -40  -38  )
( -303  -137  138  )
( 202  327  119  )
( 0  1  110  )
( 74  102  143  )
( -89  137  300  )
( -152  314  31  )
( 44  68  -307  )
( 340  -129  -336  )
( 167  -196  0  )
( -172  278  33  )
( 232  -157  23  )
( -113  -229  -197  )
( -15  -79  331  )
( 16  268  37  )
( -314  3  -313  )
( 177  313  125  )
( -290  156  -332  )
( 242  59  9  )
( -196  310  -275  )
( -159  99  -323  )
( -30  -251  -43  )
( 46  -121  131  )
( -134  -181  -162  )
( -215  -334  290  )
( 162  8  -66  )
( 332  214  101  )
( 188  -49  -183  )
( 106  -100  151  )
( 109  94  336  )
( -35  -55  -234  )
( -307  -62  -37  )
( -222  -234  -184  )
( -262  -223  300  )
( -201  -72  181  )
( -249  -49  -244  )
( -292  95  183  )
( -274  311  -9  )
( 189  345  120  )
( 225  -228  6  )
( -124  333  241  )
( -61  -33  94  )
( -348  221  61  )
( 60  -286  -258  )
( -232  -222  -124  )
( 15  242  -229  )
( -227  -35  170  )
( 76  -123  -162  )
( -43  -319  296  )
( -177  -129  -205  )
( -267  -84  -239  )
( -245  131  -101  )
( 250  55  127  )
( -129  92  -277  )
( 281  119  -38  )
( 336  23  89  )
( 192  213  -198  )
( 17  -145  239  )
( -178  76  74  )
( 214  -324  263  )
( 330  -115  -246  )
( -245  -75  -139  )
( -232  -60  -7  )
( -37  -284  42  )
( 81  201  304  )
( 160  42  -241  )
( 207  231  295  )
( -121  -157  66  )
( 281  -184  -48  )
( -135  292  102  )
( 220  -88  -228  )
( -296  -339  -41  )
( -234  241  -340  )
( 60  -258  203  )
( -165  249  111  )
( 135  -222  -269  )
( 278  149  223  )
( -217  49  250  )
( -51  -93  -291  )
( 278  123  -191  )
( -9  -102  170  )
( 10  -178  26  )
( 45  -272  -205  )
( 150  349  280  )
( -314  39  -248  )
( -231  55  66  )
( -337  12  54  )
( 314  329  216  )
( -116  -308  -256  )
( 32  96  209  )
( 349  217  -225  )
( 334  224  236  )
( 106  -196  220  )
( -195  -50  -211  )
( -271  -270  152  )
( -72  189  222  )
( 12  -196  -215  )
( 1  -317  132  )
( -232  -43  279  )
( -257  -44  -133  )
( -257  -13  88  )
( 25  -101  -325  )
( -328  -66  245  )
( 70  -126  -279  )
( 133  152  188  )
( -147  -88  180  )
( 309  -28  -148  )
( -161  -40  -91  )
( 185  -131  34  )
( 216  -80  -270  )
( 302  -107  -256  )
( -106  -96  306  )
( 150  -108  -12  )
( 6  127  143  )
( -289  136  207  )
( 168  -30  342  )
( -72  274  -294  )
( 184  146  -307  )
( -146  -168  -140  )
( 36  -181  152  )
( -43  -288  -206  )
( 246  114  -273  )
( 13  -221  -235  )
( 141  293  345  )
( 195  93  95  )
( -267  -132  -103  )
( 85  143  286  )
( 153  189  -335  )
( 299  280  -10  )
( 200  274  -78  )
( -199  208  239  )
( 198  74  -23  )
( 210  -71  -82  )
( -39  -275  144  )
( -72  89  20  )
( -97  241  -252  )
( 83  288  14  )
( 10  216  -56  )
( 89  282  44  )
( -104  275  -226  )
( 236  -310  -148  )
( -118  -281  329  )
( -195  -238  130  )
( 140  -299  214  )
( -126  -39  143  )
( -158  -187  -331  )
( -77  -295  -327  )
( -238  67  112  )
( 142  106  -148  )
( -226  -260  -66  )
( 59  296  -63  )
( -123  96  -186  )
( -122  -116  38  )
( -68  -168  214  )
( 175  317  20  )
( -144  -276  259  )
( -231  -16  101  )
( -1  218  162  )
( 61  187  230  )
( 211  44  125  )
( 312  -184  -342  )
( 321  -129  96  )
( -303  -242  292  )
( -18  -170  -206  )
( 68  146  -34  )
( 72  340  265  )
( -266  -4  -226  )
( -286  -58  -241  )
( -114  168  66  )
( 198  -9  -127  )
( -171  10  -339  )
( 152  -341  -146  )
( -201  335  57  )
( -79  58  212  )
( 74  -253  -34  )
( -212  54  117  )
( 75  91  -264  )
( -308  16  28  )
( 139  302  -236  )
( 48  -213  29  )
( -131  288  121  )
( -2  338  164  )
( -256  142  -40  )
( -73  11  -263  )
( -159  21  -316  )
( -30  102  190  )
( 97  -295  -171  )
( -246  -261  90  )
( 258  -265  -179  )
( 113  331  200  )
( 183  229  218  )
( 59  216  51  )
( 324  -62  -79  )
( 229  223  324  )
( 225  87  -163  )
( 252  -239  94  )
( 205  -194  285  )
( 179  227  -101  )
( 2  256  23  )
( 117  -100  85  )
( 231  -196  327  )
( 266  324  116  )
( 257  280  -158  )
( -163  -288  -235  )
( 146  -331  248  )
( 56  -164  -209  )
( 219  -333  -166  )
( 20  349  -180  )
( -218  11  50  )
( 243  68  46  )
( -19  -258  -193  )
( 345  267  -150  )
( 203  -294  6  )
( -222  339  -103  )
( -144  72  45  )
( -62  271  123  )
( 196  -216  306  )
( 305  -12  -259  )
( -100  -85  -49  )
( 315  71  -49  )
( -334  304  67  )
( -161  -225  197  )
( 27  -281  -249  )
( -301  -199  -168  )
( -217  244  171  )
( -51  160  -9  )
( -131  -302  -79  )
( 182  343  -115  )
( -297  72  -337  )
( 180  -92  8  )
( -136  278  6  )
( 220  -240  184  )
( -292  62  -348  )
( 184  -122  -261  )
( 87  128  -32  )
( 282  -65  30  )
( 45  202  291  )
( -304  200  -294  )
( 72  -149  255  )
( 155  293  -228  )
( -314  112  267  )
( -274  -146  -343  )
( 346  270  327  )
( -14  226  270  )
( -179  89  157  )
( -159  -145  -76  )
( 233  115  121  )
( 92  -289  -235  )
( 171  -42  -32  )
( 46  -26  161  )
( -230  -103  -117  )
( -197  296  114  )
( -18  -5  79  )
( 290  -41  -252  )
( -95  326  207  )
( -205  117  280  )
( 29  213  -9  )
( -14  72  -108  )
( 141  -176  285  )
( -91  -34  -258  )
( -29  -136  130  )
( 198  -11  -53  )
( -304  -66  -341  )
( 195  -317  310  )
( 205  300  -151  )
( -14  53  111  )
( 289  -335  -266  )
( 203  1  -2  )
( -138  346  220  )
( -313  -318  -71  )
( -280  142  -240  )
( -248  331  301  )
( -98  131  323  )
( -195  -159  -109  )
( -149  146  -139  )
( -205  192  -83  )
( 98  141  32  )
( 212  -21  196  )
( 192  40  -34  )
( -146  -96  90  )
( 221  156  66  )
( 7  107  47  )
( 132  -52  -161  )
( -287  -30  188  )
( 23  335  19  )
( -186  -33  -326  )
( -337  -86  219  )
( -313  258  -219  )
( 100  33  -202  )
( -0  42  116  )
( -86  -126  -95  )
( -184  324  6  )
( 102  -195  15  )
( 244  280  -30  )
( 255  -174  46  )
( -31  326  262  )
( -110  -52  -139  )
( 297  209  166  )
( -278  312  257  )
( -135  271  184  )
( 209  272  107  )
( 297  47  188  )
( -233  -111  312  )
( 53  244  -287  )
( 295  346  -280  )
( -125  -313  269  )
( 84  -273  309  )
( 172  -319  -229  )
( 131  145  34  )
( -131  -281  -253  )
( -53  -250  179  )
( 45  289  -242  )
( -48  260  54  )
( -81  -184  315  )
( 91  60  194  )
( 251  -175  -104  )
( -67  -79  -111  )
( -313  103  287  )
( -338  -91  121  )
( 33  272  -195  )
( -264  67  -315  )
( 94  38  -75  )
( 43  -211  -47  )
( 58  -21  -142  )
( -313  321  217  )
( -299  170  183  )
( 334  141  -320  )
( 223  1  -5  )
( 93  -64  -277  )
( 9  -321  226  )
( 206  -238  92  )
( 9  -190  223  )
( -265  -201  -2  )
( -44  -31  231  )
( 293  -283  262  )
( -94  105  -39  )
( -171  -313  61  )
( 245  -238  -204  )
( -39  -44  323  )
( 61  -296  -132  )
( -207  -107  -4  )
( 45  -285  -269  )
( -234  -267  111  )
( 31  -342  -68  )
( 302  18  90  )
( 201  194  -159  )
( 188  -272  5  )
( 43  -150  -246  )
( 114  -243  230  )
( 9  -46  -78  )
( 340  -15  -140  )
( 176  315  -207  )
( -166  -35  91  )
( -177  -8  -224  )
( -333  7  -39  )
( -287  274  23  )
( -219  -14  -63  )
( -87  198  217  )
( 3  -11  -95  )
( -302  -122  31  )
( -27  278  72  )
( -290  99  -332  )
( -51  54  158  )
( 128  -231  -318  )
( -76  187  -296  )
( 165  -50  303  )
( 35  -29  244  )
( -339  -296  239  )
( -308  66  -211  )
( 226  -84  333  )
( 300  255  337  )
( 36  -277  126  )
( 143  -342  25  )
( 60  202  286  )
( -70  -104  -73  )
( 61  119  14  )
( 249  52  -338  )
( 84  -281  43  )
( -326  171  149  )
( -201  -95  -170  )
( -58  153  276  )
( 22  335  -116  )
( -41  -261  75  )
( -246  -313  -14  )
( 256  193  247  )
( 16  322  -25  )
( 199  17  341  )
( -40  -20  54  )
( 176  -178  76  )
( -58  -292  -219  )
( 238  1  -67  )
( 83  1  121  )
( 141  165  274  )
( -180  -241  196  )
( 171  102  -33  )
( 163  191  338  )
( 42  347  -108  )
( -77  -199  -44  )
( 301  -265  -273  )
( -303  330  126  )
( -301  -263  337  )
( -93  194  -13  )
( 159  -74  37  )
( -5  75  -83  )
( -23  210  -198  )
( -131  -345  -77  )
( -98  169  -268  )
( 229  -320  107  )
( 225  -170  -130  )
( -254  24  40  )
( 46  -222  -24  )
( 345  147  -174  )
( -209  -85  -344  )
( 116  -240  -89  )
( 65  -342  206  )
( 109  154  305  )
( 38  -308  -291  )
( 44  215  -201  )
( -232  -213  -291  )
( 27  338  2  )
( -16  -117  -27  )
( 130  -55  -192  )
( -267  -44  283  )
( -94  229  -146  )
( -319  31  -77  )
( -121  -239  -299  )
( 348  286  -338  )
( -219  -81  -317  )
( -157  248  -215  )
( 349  247  112  )
( -125  115  144  )
( 22  112  -170  )
( 180  -10  -200  )
( -22  298  -173  )
( -154  -99  -245  )
( -135  -200  77  )
( -202  -251  -206  )
( -281  294  -344  )
( 321  -296  -107  )
( -164  202  -73  )
( -206  -249  -141  )
( -261  -321  95  )
( -344  267  270  )
( -321  -275  118  )
( -2  -133  -81  )
( 263  304  -177  )
( 171  299  -32  )
( -100  -249  -10  )
( 251  247  51  )
( -179  -142  193  )
( 192  -40  -92  )
( 48  275  276  )
( -314  -52  -308  )
( -232  -101  -31  )
( 153  293  149  )
( -92  235  338  )
( 246  189  -151  )
( -53  -122  -323  )
( -238  -168  22  )
( -178  -164  235  )
( -128  34  -242  )
( -14  -271  -46  )
( -175  324  -188  )
( 328  240  -296  )
( 226  85  67  )
( 101  -141  -298  )
( 214  199  -206  )
( -112  61  283  )
( -167  348  321  )
( 160  12  -193  )
( 21  -213  -218  )
( -75  -143  -117  )
( 230  -329  277  )
( -157  286  270  )
( 244  211  -347  )
( 188  137  156  )
( 256  -208  38  )
( 90  -154  -333  )
( 214  169  164  )
( 342  349  -282  )
( 201  278  -228  )
( -322  -244  157  )
( 189  16  93  )
( 27  41  109  )
( 276  -285  -207  )
( 250  -267  -128  )
( 310  349  95  )
( 83  -151  184  )
( 199  -12  -335  )
( -310  -63  -264  )
( -243  -228  -295  )
( 288  -146  104  )
( -291  162  -100  )
( 165  342  -154  )
( -22  -211  -341  )
( 169  336  -32  )
( -79  152  -86  )
( -177  -115  327  )
( -340  -165  237  )
( -263  131  -287  )
( 128  -148  -163  )
( -258  274  174  )
( 258  -58  239  )
( -334  1  -51  )
( -289  137  -189  )
( 7  -111  -318  )
( 123  -100  -324  )
( 345  -73  303  )
( 210  -190  1  )
( -86  9  -135  )
( 309  52  -217  )
( 296  75  84  )
( 293  -24  -343  )
( 338  -135  60  )
( -108  281  77  )
( -130  167  80  )
( 46  287  17  )
( -101  -338  133  )
( 216  205  -65  )
( 32  -175  126  )
( -80  -187  -107  )
( -268  210  125  )
( 320  -5  307  )
( 28  -257  -185  )
( -178  338  -272  )
( -140  -179  223  )
( 112  -314  60  )
( -218  26  181  )
( -250  -41  278  )
( -275  53  -192  )
( 303  10  266  )
( 29  -21  -293  )
( 244  -314  -133  )
( -235  184  -130  )
( 220  42  -107  )
( 166  -306  -217  )
( -162  306  -255  )
( -59  -126  -28  )
( -229  132  -27  )
( 18  168  -181  )
( -249  3  110  )
( -252  -207  -47  )
( 348  -141  41  )
( 106  -180  300  )
( -167  190  -146  )
( -293  75  -166  )
( 315  -331  -326  )
( -335  -317  9  )
( -27  170  -67  )
( -76  273  18  )
( 120  -237  173  )
( -189  -86  56  )
( 335  50  40  )
( 240  -46  -62  )
( -42  342  -36  )
( 233  -294  -326  )
( 341  251  -80  )
( 189  -198  43  )
( 12  -312  306  )
( 176  253  -168  )
( 198  117  183  )
( -152  291  28  )
( -29  97  -59  )
( 165  -299  -43  )
( 274  218  277  )
( -43  198  -269  )
( -135  208  268  )
( 346  31  198  )
( -3  -292  -71  )
( -300  327  320  )
( -19  203  -34  )
( -37  278  -169  )
( -96  -283  29  )
( 227  213  -167  )
( 318  -287  21  )
( -117  223  -332  )
( 84  -240  -135  )
( -349  -85  148  )
( 126  47  188  )
( -166  -38  -298  )
( 201  106  -131  )
( -196  66  91  )
( 232  -43  84  )
( -182  249  319  )
( -190  -149  -192  )
( 175  -80  174  )
( 169  248  31  )
( 100  -19  -297  )
( -172  256  29  )
( -127  112  -89  )
( 229  51  307  )
( 224  296  -206  )
( 221  -342  -213  )
( 322  -304  -185  )
( 274  -284  165  )
