( -85  -197  31  )
( 117  310  263  )
( 139  235  40  )
( 34  335  95  )
( -20  -55  13  )
( -231  -329  -270  )
( 290  -191  241  )
( 39  -7  -194  )
( 247  -171  144  )
( 87  -83  167  )
( -219  -76  -7  )
( -309  317  -318  )
( -40  227  -136  )
( 333  -255  26  )
( 116  -13  227  )
( -124  318  269  )
( 271  344  11  )
( -178  296  98  )
( 7  281  48  )
( 15  -141  -258  )
( 8  177  -141  )
( 332  -298  224  )
( 29  -149  -167  )
( 283  307  -242  )
( 223  178  -127  )
( 32  -212  259  )
( 334  301  -113  )
( 32  -0  -33  )
( -297  270  178  )
( -171  202  -223  )
( 205  63  -92  )
( -124  -321  131  )
( 327  305  203  )
( -297  125  61  )
( 205  34  166  )
( -97  222  -96  )
( 161  -28  -294  )
( -276  120  -337  )
( -83  -64  226  )
( 145  -175  -300  )
( 183  -279  -111  )
( 43  -295  180  )
( -218  -315  -31  )
( 107  190  49  )
( -27  -207  -220  )
( -194  41  57  )
( -206  279  74  )
( 8  -60  -289  )
( -183  -146  -302  )
( -63  -337  245  )
( 147  180  330  )
( 2  334  -47  )
( 48  135  255  )
( 82  87  -104  )
( -70  288  -316  )
( 128  -79  203  )
( -274  -169  225  )
( 298  246  290  )
( 188  -44  186  )
( 320  -98  -6  )
( 166  343  246  )
( -87  -315  298  )
( 341  117  12  )
( 44  258  119  )
( -203  155  -95  )
( 215  237  -112  )
( -127  -306  172  )
( -116  -242  -4  )
( 55  -227  290  )
( -43  176  207  )
( 294  246  -243  )
( 280  235  -176  )
( -157  -6  -322  )
( 181  33  262  )
( 344  -289  -261  )
( -191  304  -134  )
( -113  -211  -309  )
( -22  292  213  )
( -95  -284  -341  )
( 47  -324  -92  )
( -78  309  -245  )
( 21  -78  31  )
( 41  -298  178  )
( -182  -99  172  )
( 310  -188  260  )
( 122  -216  -26  )
( -215  -116  45  )
( 56  297  -287  )
( 321  -343  306  )
( 167  37  -133  )
( -223  34  300  )
( 244  13  257  )
( -93  154  -248  )
( 143  -83  -342  )
( -181  -168  317  )
( -13  -130  -334  )
( 212  204  79  )
( -206  325  -291  )
( -313  -131  -61  )
( 313  -135  164  )
( 117  178  170  )
( -259  -5  -262  )
( -47  -313  -307  )
( -183  129  -330  )
( -339  -117  -194  )
( 39  -338  53  )
( 68  -338  -258  )
( -222  287  -61  )
( 115  89  135  )
( -172  -196  203  )
( -210  -133  272  )
( 240  48  292  )
( 149  -20  -262  )
( -3  -112  228  )
( 235  -101  184  )
( -310  255  -131  )
( -48  61  -81  )
( -46  298  318  )
( 81  239  -330  )
( 109  19  168  )
( -226  322  330  )
( 257  77  -173  )
( -333  -288  40  )
( 196  -300  -348  )
( 180  -293  -290  )
( -309  107  -264  )
( -45  -22  -312  )
( 160  318  103  )
( -5  82  54  )
( -270  -33  72  )
( -231  158  230  )
( 274  -127  -256  )
( 215  186  326  )
( 77  342  257  )
( 327  279  150  )
( 79  -189  245  )
( 290  229  349  )
( -126  -94  168  )
( 250  -197  -118  )
( 44  -308  -181  )
( 126  133  68  )
( -13  -220  -91  )
( 101  117  -37  )
( 122  114  -40  )
( 87  -203  308  )
( 46  100  154  )
( -210  328  215  )
( -140  -281  41  )
( 32  -283  -215  )
( -147  -272  102  )
( 123  307  247  )
( 84  -290  168  )
( -238  -244  -58  )
( 84  308  -220  )
( -295  170  -296  )
( 233  -341  76  )
( 149  56  322  )
( -302  90  243  )
( 136  346  13  )
( 73  274  -257  )
( -58  105  -277  )
( 244  -308  166  )
( -97  343  295  )
( 146  -231  -54  )
( 252  122  324  )
( -246  -302  -198  )
( -192  4  -225  )
( 267  -9  -326  )
( 176  -131  150  )
( 7  -47  -279  )
( -264  21  -247  )
( 1  -249  70  )
( 215  -100  -30  )
( 329  -204  51  )
( -63  -106  72  )
( 32  -236  -304  )
( 274  87  323  )
( 209  159  4  )
( 163  231  19  )
( -88  303  -196  )
( 188  243  -270  )
( -84  -31  -253  )
( -165  158  154  )
( -126  -258  28  )
( 231  -53  -103  )
( -74  -6  -111  )
( 56  -111  265  )
( -347  214  -246  )
( 275  75  -198  )
( -30  -248  154  )
( -153  32  278  )
( 186  -88  72  )
( -173  168  -311  )
( -206  -92  159  )
( 219  -322  83  )
( -282  -283  42  )
( 64  -155  180  )
( 4  -327  -311  )
( -226  -306  -227  )
( -58  -85  251  )
( 101  -194  251  )
( -12  47  -304  )
( -145  -233  -154  )
( -246  249  328  )
( 344  204  -105  )
( 278  -151  -0  )
( -314  232  -89  )
( 318  218  -208  )
( -37  69  -61  )
( -51  -61  -347  )
( 66  186  60  )
( 340  292  174  )
( -79  -26  344  )
( 331  -61  -238  )
( 206  -170  -50  )
( -311  -229  -218  )
( -343  -63  5  )
( 292  326  195  )
( -126  315  -149  )
( 292  230  301  )
( -109  16  72  )
( 25  270  61  )
( 122  -194  -208  )
( 197  209  194  )
( 339  -106  -153  )
( 15  95  295  )
( 36  -165  -291  )
( -84  210  159  )
( 217  -343  -281  )
( 270  33  -71  )
( -157  -67  -156  )
( 343  -70  -33  )
( -266  144  38  )
( -44  -226  -63  )
( 274  -344  -57  )
( -250  4  -183  )
( 156  324  -174  )
( -3  25  48  )
( -285  -252  -321  )
( -149  109  242  )
( -312  -80  78  )
( -227  -268  171  )
( 2  -120  166  )
( 155  -42  -146  )
( 166  -220  -177  )
( 13  346  -205  )
( 38  85  -53  )
( -48  266  -10  )
( -71  -143  318  )
( 108  88  -253  )
( 283  -198  238  )
( -197  184  -183  )
( 80  -20  -213  )
( 252  -239  -16  )
( -51  -87  -96  )
( -75  54  -202  )
( -27  -216  55  )
( -56  69  55  )
( 232  -275  116  )
( 276  -86  289  )
( -108  -116  122  )
( 133  185  251  )
( 137  42  142  )
( -59  -68  201  )
( -269  -12  -123  )
( -88  95  -241  )
( -95  -76  -60  )
( 37  -336  76  )
( -334  -290  -291  )
( -207  188  -192  )
( 219  35  134  )
( 77  -258  317  )
( 82  130  -158  )
( -102  116  -84  )
( -175  78  163  )
( -171  -33  -115  )
( 108  296  -308  )
( 152  296  -257  )
( 114  234  -29  )
( -142  -274  189  )
( 198  -322  133  )
( 172  -309  -130  )
( 5  121  295  )
( 135  148  203  )
( 6  -43  -170  )
( -99  328  203  )
( 331  -64  176  )
( 114  -337  -21  )
( -133  27  -131  )
( -285  -61  -188  )
( 309  -121  -112  )
( -267  -31  -82  )
( -182  316  -162  )
( 176  229  344  )
( 31  126  -204  )
( 231  113  -275  )
( 129  301  229  )
( -193  309  232  )
( 161  29  -188  )
( 104  299  230  )
( -229  -156  -25  )
( -349  29  287  )
( -306  112  -315  )
( 17  -129  321  )
( -262  62  12  )
( -349  -15  125  )
( -20  -326  196  )
( -245  77  -108  )
( 43  -26  -273  )
( -31  -28  298  )
( -176  84  -182  )
( -285  -242  -49  )
( 179  201  245  )
( -245  -169  55  )
( -67  -290  -187  )
( 141  98  59  )
( -154  -88  -194  )
( 10  -150  -78  )
( 135  -247  325  )
( 268  -262  338  )
( 327  347  270  )
( 313  -56  -154  )
( -199  -192  252  )
( 149  319  242  )
( -19  -28  -92  )
( -198  -227  -173  )
( 328  -333  -321  )
( 323  75  146  )
( -122  169  163  )
( -233  -303  334  )
( 268  341  -54  )
( 94  -84  297  )
( 57  -82  -74  )
( 349  -155  -246  )
( -178  -268  319  )
( -336  -133  155  )
( -336  -204  -296  )
( 288  72  196  )
( -148  224  202  )
( 30  296  -78  )
( -305  172  280  )
( 1  177  106  )
( -103  -92  -305  )
( -186  114  51  )
( 306  43  -258  )
( 205  -275  249  )
( -131  -311  -157  )
( -315  71  -214  )
( -30  -68  75  )
( 127  -237  -336  )
( -242  -79  -1  )
( 175  210  -217  )
( 62  -153  331  )
( 222  115  -138  )
( 93  109  280  )
( -324  86  -172  )
( 112  -239  120  )
( 29  -100  140  )
( 328  25  -321  )
( -267  -274  -207  )
( -333  128  225  )
( -247  56  -25  )
( -47  -44  287  )
( -327  130  -110  )
( 320  283  -313  )
( -163  203  -145  )
( -304  -141  187  )
( 247  -294  -174  )
( 280  -60  259  )
( 311  230  2  )
( 19  -87  313  )
( -21  -288  227  )
( 88  41  298  )
( 16  -17  -3  )
( 338  16  -114  )
( 290  -205  21  )
( 128  337  314  )
( -214  145  -76  )
( 21  18  292  )
( 118  18  306  )
( 97  -273  -127  )
( 344  113  103  )
( 123  -88  278  )
( 157  -349  -263  )
( 308  -56  349  )
( 33  137  5  )
( -261  257  -315  )
( -61  -147  -248  )
( 132  -32  -233  )
( 315  -25  167  )
( 217  -10  138  )
( 133  -42  269  )
( -58  281  237  )
( -328  79  -327  )
( -72  -81  -96  )
( -142  15  -6  )
( -236  -50  -307  )
( 71  330  9  )
( 343  329  -189  )
( 72  -236  -25  )
( 119  -145  176  )
( 287  -338  -103  )
( 296  235  -344  )
( -300  -204  315  )
( 317  -119  345  )
( -37  -346  221  )
( 132  269  48  )
( -126  152  203  )
( 204  -218  171  )
( -250  293  257  )
( -163  -280  27  )
( -291  -78  -20  )
( -313  284  109  )
( 49  -118  -221  )
( -73  -231  -61  )
( 52  -151  -239  )
( -108  -304  -7  )
( -162  155  -36  )
( -260  134  -126  )
( -310  -307  119  )
( 119  231  -3  )
( -223  -123  -94  )
( 173  127  183  )
( 132  111  14  )
( 204  -286  -77  )
( 17  -159  290  )
( -178  114  -25  )
( -323  -53  310  )
( -315  92  246  )
( 300  67  -283  )
( 98  42  180  )
( 40  13  -135  )
( 271  -263  -63  )
( -16  -191  -32  )
( -216  67  89  )
( -306  -300  -250  )
( -180  333  65  )
( -72  -33  -20  )
( -226  214  50  )
( 151  203  68  )
( 185  43  3  )
( 15  -103  -245  )
( -118  296  -56  )
( 257  224  -41  )
( -155  -330  166  )
( -86  100  -155  )
( -244  -255  -103  )
( -27  225  -313  )
( -329  221  -303  )
( 290  7  76  )
( 105  179  234  )
( -258  -6  -76  )
( 223  -349  156  )
( 206  121  317  )
( -253  -218  -307  )
( -313  -39  -60  )
( 137  84  215  )
( 304  -93  -233  )
( 45  -9  263  )
( 35  -177  136  )
( -83  -153  -249  )
( -47  28  14  )
( 13  -102  232  )
( -197  252  -204  )
( 60  -20  -108  )
( 124  -258  59  )
( -238  -191  -247  )
( 302  -331  286  )
( -329  55  -217  )
( -140  111  30  )
( -328  31  -57  )
( 330  -115  293  )
( -34  49  -182  )
( 99  131  -159  )
( -333  347  79  )
( 219  -173  228  )
( -77  245  -321  )
( 190  275  74  )
( -92  -282  225  )
( 219  197  276  )
( 1  46  -243  )
( 107  -99  -270  )
( 191  35  -253  )
( -188  175  -290  )
( -94  75  333  )
( -55  203  -33  )
( 68  338  77  )
( 150  317  182  )
( -70  61  -131  )
( -68  288  -275  )
( 320  -319  -110  )
( 20  -222  193  )
( 17  225  -80  )
( -236  -109  -17  )
( -280  -320  -242  )
( -286  334  -262  )
( -44  277  -2  )
( -192  -211  -77  )
( -279  10  76  )
( 118  -260  211  )
( 54  -68  -310  )
( 37  91  -109  )
( -35  329  289  )
( -48  -112  139  )
( -69  -318  -319  )
( -65  -299  -4  )
( 268  -120  11  )
( 264  19  151  )
( -272  -21  -178  )
( 304  -189  80  )
( -83  328  314  )
( -176  -220  -142  )
( 324  -327  -33  )
( -211  207  -187  )
( -284  152  -206  )
( -37  324  224  )
( -142  38  -90  )
( -251  -218  -122  )
( 215  262  -266  )
( 47  -254  -179  )
( 344  335  -277  )
( 31  -20  -136  )
( 253  226  -246  )
( -84  -256  274  )
( -216  -177  -334  )
( -134  141  57  )
( -105  -143  -254  )
( -5  224  20  )
( 269  -46  -119  )
( 126  -225  -275  )
( -288  -269  -270  )
( 296  -42  192  )
( 179  331  217  )
( 143  218  -182  )
( 256  -29  -1  )
( 7  -71  -185  )
( -115  154  -222  )
( -217  -70  -145  )
( -339  195  86  )
( -2  -336  304  )
( -20  -213  -118  )
( 112  -79  -61  )
( -224  -53  156  )
( 297  -142  210  )
( -264  -238  317  )
( -230  120  63  )
( 291  348  171  )
( -118  346  227  )
( -95  -325  105  )
( 201  -15  -259  )
( 319  47  77  )
( 297  214  -26  )
( 66  104  -346  )
( 323  -254  241  )
( 127  211  317  )
( -307  209  -118  )
( -288  214  -54  )
( 326  135  -26  )
( -159  172  -226  )
( 339  -266  267  )
( -29  -253  -315  )
( 332  80  75  )
( 17  233  -58  )
( -142  269  309  )
( 258  133  23  )
( -133  259  -32  )
( -334  84  309  )
( -309  -218  290  )
( 220  106  163  )
( 236  270  -206  )
( 23  -274  253  )
( 76  5  -157  )
( 146  30  -147  )
( -291  -226  -162  )
( 258  120  308  )
( -272  -36  167  )
( 231  293  127  )
( 79  121  -106  )
( -340  -19  -158  )
( 45  -228  -23  )
( 226  39  308  )
( -324  190  -33  )
( 295  184  -256  )
( -0  -342  32  )
( 291  -243  -139  )
( -281  -348  -175  )
( -94  -23  -153  )
( 78  180  62  )
( -28  -349  196  )
( -149  213  217  )
( 61  66  327  )
( -316  222  -208  )
( -171  -74  -194  )
( -130  -24  124  )
( 269  -331  -99  )
( -213  159  68  )
( 168  -121  -302  )
( -57  179  287  )
( -195  -303  -166  )
( 175  -31  -58  )
( 130  -171  73  )
( -15  53  -146  )
( 58  -286  126  )
( 91  -280  94  )
( -193  170  115  )
( 98  46  -6  )
( 147  284  131  )
( -342  244  -46  )
( 124  -158  238  )
( -71  -191  -150  )
( 78  -319  -133  )
( -123  -208  -100  )
( -1  -279  -94  )
( -184  223  -235  )
( 172  251  29  )
( 192  302  -284  )
( -134  43  98  )
( 178  -144  -66  )
( -48  207  296  )
( 333  -255  -195  )
( -183  99  59  )
( -84  40  -296  )
( 310  94  177  )
( -61  214  -22  )
( -108  -154  -122  )
( 249  -134  42  )
( -120  57  -191  )
( -38  -234  -160  )
( -120  47  81  )
( 119  14  -226  )
( 155  -45  9  )
( -86  90  180  )
( -344  149  -273  )
( 263  -187  44  )
( 112  -302  -189  )
( 52  -223  -35  )
( -69  116  159  )
( -182  -127  102  )
( -301  235  244  )
( -155  -332  137  )
( -302  332  -207  )
( -157  -73  -287  )
( -85  -22  259  )
( -66  -215  -55  )
( 141  -230  296  )
( -46  258  -116  )
( 222  -251  -221  )
( -254  -148  -243  )
( 53  -15  62  )
( 170  302  163  )
( 292  -210  184  )
( 101  -72  -195  )
( 231  92  136  )
( -289  -182  339  )
( -176  -150  -318  )
( -236  35  60  )
( -101  58  70  )
( -349  110  56  )
( 88  -220  -257  )
( 182  -245  48  )
( -322  -296  224  )
( -118  -148  284  )
( -233  -117  84  )
( -320  -111  177  )
( -13  40  304  )
( -272  132  -245  )
( -239  186  -99  )
( -28  -260  -55  )
( 128  163  242  )
( -200  -112  274  )
( -53  120  138  )
( 153  -226  -208  )
( 145  -74  30  )
( -208  -24  -231  )
( -219  -5  -73  )
( 330  -79  246  )
( -67  244  -96  )
( -302  -241  -213  )
( 312  37  -321  )
( -233  -319  189  )
( 119  78  -34  )
( -142  -124  -84  )
( -227  115  161  )
( -247  -290  -26  )
( 43  167  209  )
( -129  -201  -91  )
( 316  -325  119  )
( -227  -245  -289  )
( -198  73  -144  )
( 182  79  -254  )
( -37  -214  141  )
( 348  -35  -333  )
( 168  290  35  )
( -43  -344  -190  )
( -273  -99  310  )
( -129  141  -336  )
( -259  -310  -258  )
( 245  -337  66  )
( -41  28  -205  )
( -33  312  -112  )
( -348  -213  -215  )
( -221  1  166  )
( -193  344  -4  )
( -186  329  -284  )
( 43  295  -302  )
( 61  -320  296  )
( -82  -151  -150  )
( 2  -219  -68  )
( -99  -133  -325  )
( 109  -125  -173  )
( 25  175  254  )
( -182  -312  81  )
( 331  66  -348  )
( -231  -103  -5  )
( 340  149  333  )
( 220  -6  205  )
( 11  52  221  )
( 69  -129  21  )
( 198  -335  316  )
( -215  35  100  )
( 185  274  137  )
( 6  -123  240  )
( -260  -25  341  )
( -152  -100  148  )
( -184  -307  -126  )
( 124  -126  191  )
( -15  -197  -76  )
( -56  -180  220  )
( -155  316  -174  )
( -189  -166  -72  )
( -0  341  236  )
( 178  324  -68  )
( -199  -187  284  )
( -320  166  259  )
( -262  289  -185  )
( 227  165  306  )
( 203  124  -262  )
( -290  -268  57  )
( 176  100  294  )
( -172  -237  42  )
( -182  -63  -17  )
( -305  -286  119  )
( 321  -277  -11  )
( 103  -300  -173  )
( 151  101  309  )
( -45  284  135  )
( 79  -250  115  )
( 55  300  -107  )
( 26  -5  172  )
( 297  -244  -119  )
( 283  49  152  )
( -29  -284  -223  )
( 172  291  -245  )
( 143  -101  -269  )
( -237  -118  -15  )
( 307  229  -27  )
( -311  280  343  )
( -337  -313  -57  )
( -291  307  -59  )
( -305  -99  209  )
( -98  -40  -272  )
( 223  197  -69  )
( -304  210  167  )
( 188  338  135  )
( -37  -337  -345  )
( -148  -255  209  )
( -296  -332  -14  )
( 206  -128  -108  )
( -150  105  20  )
( -41  297  65  )
( -40  -68  108  )
( -42  275  97  )
( -178  -147  -315  )
( 26  -23  -79  )
( -234  325  -215  )
( -176  51  304  )
( -323  320  -144  )
( 112  -275  -235  )
( -57  -241  59  )
( -255  -158  318  )
( -76  -93  -285  )
( -1  309  -15  )
( 23  185  285  )
( 119  142  -136  )
( 73  278  36  )
( 213  -63  -308  )
( -42  149  -342  )
( -116  145  -192  )
( -234  -260  280  )
( 125  159  77  )
( 42  179  -128  )
( -22  -2  183  )
( -333  195  273  )
( -222  83  -51  )
( -109  225  316  )
( 35  23  -197  )
( 41  164  76  )
( -278  -337  286  )
( -22  -97  120  )
( 204  -168  -40  )
( -93  -161  -280  )
( 133  -346  220  )
( 150  205  179  )
( -204  -310  -177  )
( 34  -12  -179  )
( 117  -315  111  )
( 157  -210  131  )
( -218  -72  -256  )
( 170  -127  280  )
( -261  -315  285  )
( -315  -113  -284  )
( -242  -306  316  )
( 220  322  -165  )
( 22  193  -98  )
( 82  -193  -85  )
( 189  -4  -94  )
( -310  -73  13  )
( -233  234  -188  )
( -334  125  -82  )
( 89  -102  62  )
( 260  161  -72  )
( 222  -257  -43  )
( -142  -202  297  )
( 277  -252  -130  )
( -84  275  -169  )
( -107  291  18  )
( -230  55  -180  )
( -143  21  39  )
( -93  -225  90  )
( -323  210  -211  )
( -217  -53  138  )
( 243  -302  -177  )
( 242  67  26  )
( -27  160  -119  )
( 143  -120  -216  )
( 164  209  123  )
( -190  -226  -146  )
( 182  149  124  )
( -40  -96  48  )
( 196  -146  -107  )
( -270  -164  76  )
( -289  50  -247  )
( -95  -323  -109  )
( 94  -37  110  )
( -161  82  -80  )
( 300  101  37  )
( -259  -341  -57  )
( -86  345  163  )
( 320  102  80  )
( -236  229  219  )
( -24  -321  -301  )
( 275  -330  -42  )
( 301  -166  311  )
( 34  125  -205  )
( 314  -335  257  )
( 296  -180  242  )
( 141  -234  327  )
( -305  259  70  )
( 234  -113  220  )
( -90  285  -289  )
( -252  -260  -184  )
( 39  -236  204  )
( 28  -127  241  )
( 137  -145  -347  )
( -291  41  -278  )
( 195  -340  -144  )
( -44  -194  -253  )
( -129  338  132  )
( 86  -46  98  )
( 173  -222  -121  )
( -90  -146  -91  )
( 42  -127  -267  )
( -193  -241  -149  )
( 218  184  -238  )
( -341  267  145  )
( 15  -326  148  )
( -277  175  -249  )
( -148  144  -295  )
( 108  38  -242  )
( 261  134  137  )
( 176  70  275  )
( 23  -207  -300  )
( 341  -14  -40  )
( 181  -314  172  )
( 12  -243  132  )
( -34  -323  -126  )
( 241  -302  273  )
( 6  -63  9  )
( -307  -227  172  )
( 246  35  323  )
( -77  332  314  )
( -231  -246  42  )
( -104  -208  -27  )
( 238  -347  151  )
( -247  344  -151  )
( -178  243  294  )
( 323  78  -107  )
( 341  -322  -63  )
( 210  -346  -192  )
( 218  -230  -30  )
( -164  -73  -293  )
( -290  205  4  )
( -31  -291  -256  )
( -264  85  -203  )
( -302  -212  -152  )
( 299  -209  -331  )
( 77  23  -168  )
( 66  -171  216  )
( 226  122  315  )
( -242  -257  -345  )
( -78  71  -75  )
( 83  -75  294  )
( 197  -162  -332  )
( -187  -322  181  )
( 302  -268  239  )
( 33  -133  -105  )
( 33  -173  -23  )
( -213  -127  -210  )
( 199  283  -343  )
( -127  195  118  )
( -91  163  -178  )
( 231  -52  -106  )
( 283  169  174  )
( -17  276  245  )
( -316  -256  -98  )
( 341  -232  7  )
( 20  115  101  )
( 121  296  210  )
( -123  -338  55  )
( 296  -25  0  )
( 92  -225  -229  )
( 194  226  278  )
( 277  263  -13  )
( -144  191  19  )
( -25  53  -45  )
( -349  45  58  )
( 190  -302  317  )
( -117  -35  152  )
( 204  -57  -122  )
( -197  -162  323  )
( 13  -309  -174  )
( 261  -229  212  )
( -295  282  49  )
( 69  -22  239  )
( 91  -36  -210  )
( 257  60  -169  )
( -5  -70  237  )
( -213  298  -150  )
( 104  272  -197  )
( -221  300  -54  )
( -322  -30  -341  )
( 55  94  -46  )
( 21  -303  116  )
( -165  -141  -225  )
( -120  -180  -195  )
( -122  32  -26  )
( -205  -56  50  )
( -94  -246  179  )
( 243  4  344  )
( -220  89  -273  )
( -44  62  -92  )
( 301  -231  -44  )
( -199  -44  -153  )
( -135  -288  81  )
( -118  -95  -83  )
( 25  -265  -159  )
( 108  -331  -173  )
( 17  346  156  )
( 206  349  -104  )
( 42  64  -163  )
( -262  78  -259  )
( 45  167  259  )
( -50  122  -89  )
( -45  -271  50  )
( -81  -136  308  )
( -58  -341  -25  )
( 258  229  -267  )
( 273  -8  80  )
( -154  300  177  )
( -156  -40  276  )
( 80  5  285  )
( -347  -341  57  )
( -48  96  -79  )
( 69  -185  323  )
( -271  -54  -309  )
( 127  319  -76  )
( 13  202  18  )
( 293  216  340  )
( 181  331  230  )
( -230  -194  88  )
( -317  -90  146  )
( -250  190  243  )
( 216  221  167  )
( -166  -198  -128  )
( -27  74  -268  )
( 262  -323  -265  )
( -170  161  333  )
( -137  23  287  )
( 137  -122  -64  )
( -256  -214  315  )
( -90  -49  -99  )
( -42  303  -286  )
( 79  -82  310  )
( 306  -128  293  )
( 265  241  258  )
( -177  -203  -69  )
( 203  -234  -118  )
( -205  253  172  )
( -131  236  -99  )
( -318  299  62  )
( 80  135  -79  )
( -188  -73  32  )
( -128  227  176  )
( 315  -48  -21  )
( 39  -187  -301  )
( 327  -349  -275  )
( 335  -128  91  )
( -213  86  227  )
( 214  273  105  )
( 81  36  32  )
( -259  -174  125  )
( -234  96  256  )
( 282  216  56  )
( -149  -7  -255  )
( 29  272  -211  )
( -98  -337  -106  )
( -139  -166  -109  )
( 203  187  226  )
( -336  301  154  )
( 20  -10  -311  )
( 80  222  -49  )
( 68  243  -50  )
( -64  217  -288  )
( 310  203  -248  )
( 303  248  206  )
( -232  -11  77  )
( 309  281  89  )
( -180  -142  -330  )
( -263  21  312  )
( 14  -172  0  )
( -163  -126  241  )
( 273  -166  185  )
( 244  142  -162  )
( 69  -138  229  )
( 85  -130  303  )
( 330  199  246  )
( 289  277  -330  )
( -83  -288  51  )
( -223  194  -117  )
( -165  -43  -253  )
( 318  -93  199  )
( 141  -75  128  )
( -146  -51  -130  )
( 339  204  -62  )
( -124  232  -31  )
( -98  -84  221  )
( 102  -348  -331  )
( -17  -248  218  )
( 203  102  -292  )
( 343  -165  -113  )
( -55  -5  -322  )
( -67  -46  57  )
( -329  -76  66  )
( -342  -253  -345  )
( -6  307  218  )
( -59  95  -206  )
( 36  -96  -242  )
( 271  79  -342  )
( -41  -214  -321  )
( 174  294  -296  )
( -5  182  284  )
( -287  230  -66  )
( -242  236  -205  )
( -154  -48  283  )
( -139  -135  -308  )
( -240  -139  303  )
( -234  -19  173  )
( 218  181  229  )
( 46  -34  -283  )
( -172  158  135  )
( -217  -149  -17  )
( -226  -67  -303  )
( -229  -115  -35  )
( -145  307  -346  )
( 248  -267  -114  )
( -12  -207  -307  )
( 92  -83  -174  )
( 43  308  61  )
( -44  338  -17  )
( -161  69  -146  )
( 219  -296  161  )
( 239  76  -286  )
( -148  -154  6  )
( -275  -199  192  )
( -184  -208  -211  )
( 181  161  4  )
( 116  -73  -308  )
( 269  10  248  )
( 81  199  264  )
( -52  -55  20  )
( 196  182  -272  )
( 55  -234  89  )
( 276  -23  -343  )
( 345  -302  -197  )
( 34  -68  338  )
( -333  206  -73  )
( -246  -176  -37  )
( -4  68  -13  )
( -194  109  102  )
( 346  -43  180  )
( 235  -110  67  )
( 200  60  -10  )
( 64  229  212  )
( 19  49  -191  )
( 238  -66  302  )
( -197  -173  47  )
( -6  -264  3  )
( -318  58  39  )
( 258  66  -339  )
( -65  -93  -0  )
( 269  -45  -203  )
( 228  -316  -126  )
( -111  156  327  )
( 190  152  -90  )
( -6  219  26  )
( 253  283  167  )
( 160  181  -238  )
( -95  -11  -125  )
( -321  83  327  )
( -60  291  14  )
( 260  292  36  )
( 82  99  106  )
( -49  157  -289  )
( -84  24  95  )
( 184  -247  -27  )
( 343  -263  -109  )
( -328  -104  224  )
( 8  75  179  )
( 19  -73  -48  )
( -154  -77  -336  )
( 26  -134  -18  )
( 190  87  -213  )
( 228  -174  -103  )
( 78  270  209  )
( 157  -143  -12  )
( 52  224  66  )
( -165  -198  -302  )
( 345  -303  2  )
( -257  -130  316  )
( 64  3  -221  )
( -4  289  -306  )
( 201  90  243  )
( 126  333  -98  )
( 176  -274  -342  )
( 16  -173  349  )
( 179  -11  -192  )
( -248  346  337  )
( 287  -270  308  )
( -294  -57  -342  )
( 266  -7  197  )
( 103  -2  292  )
( 258  223  -123  )
( -138  -265  -239  )
( 109  -50  180  )
( 157  -325  -298  )
( 52  175  199  )
( -72  -204  -68  )
( 20  -272  -30  )
( -5  -151  -264  )
( -112  -170  303  )
( -65  -331  249  )
( 343  101  -177  )
( -294  -7  338  )
( 302  76  13  )
( 197  10  255  )
( 16  -76  -172  )
( -8  161  -333  )
( -205  286  -347  )
( -277  -255  -97  )
( -36  214  -17  )
( 101  19  -317  )
( -122  215  -123  )
( 53  265  191  )
( 322  -329  229  )
( -28  86  207  )
( 9  296  76  )
( -269  191  -225  )
( 81  -220  232  )
( 173  -198  40  )
( 110  220  -279  )
( -174  127  276  )
( 244  170  20  )
( -260  10  323  )
( -269  271  143  )
( -275  82  -57  )
( -154  -76  -113  )
( 140  308  314  )
( -178  292  291  )
( 40  -125  -108  )
( 52  158  -188  )
( 153  -312  347  )
( -75  96  -52  )
( -255  -140  -332  )
( 70  -238  -307  )
( -60  -212  -139  )
( -77  68  -267  )
( -128  -36  -68  )
( 211  277  150  )
( 239  123  340  )
( 209  333  -156  )
( 13  -331  -237  )
( 81  52  -122  )
( -296  -319  -303  )
( -348  -317  258  )
( -154  -89  267  )
( -317  237  -348  )
( 110  18  -341  )
( 109  -253  79  )
( -129  59  192  )
( -23  -63  -2  )
( -38  -324  -106  )
( -31  -170  -226  )
( -133  -137  222  )
( 172  182  153  )
( -59  327  181  )
( -153  -1  -108  )
( -167  31  -113  )
( -324  -207  -155  )
( 190  31  2  )
( 164  97  -37  )
( 266  248  127  )
( -122  1  218  )
( -96  -248  -272  )
( 251  325  -240  )
( 100  77  155  )
( 104  -57  -158  )
( -284  -330  -344  )
( -113  252  -261  )
( 270  -228  117  )
( -314  49  183  )
( -341  -17  242  )
( -63  -192  77  )
( -349  -98  299  )
( 248  -125  122  )
( -127  -27  -17  )
( 189  115  -132  )
( 284  -161  74  )
( 237  224  -252  )
( -312  111  -171  )
( -245  -197  -112  )
( 22  -1  19  )
( 228  286  -277  )
( 131  -241  -309  )
( 101  300  278  )
( 171  -263  -122  )
( 299  -20  -202  )
( -261  233  -18  )
( -297  82  -0  )
( -317  255  39  )
( 64  273  -203  )
( 244  64  263  )
( -24  331  109  )
( 41  -54  310  )
( -244  108  195  )
( 160  -305  -299  )
( 110  36  136  )
( -20  -11  -91  )
( 337  173  -135  )
( 349  -115  -2  )
( 149  138  175  )
( -2  233  198  )
( -36  -259  54  )
( -96  18  82  )
( -73  185  -172  )
( 165  -182  1  )
( 254  -324  188  )
( 70  -264  155  )
( 102  192  203  )
( -161  325  210  )
( 10  274  317  )
( -276  -79  -151  )
( -113  -213  -80  )
( -131  14  68  )
( 344  -58  -195  )
( -51  226  329  )
( 262  -209  28  )
( -259  -340  66  )
( 308  -19  -62  )
( -191  207  242  )
( -66  -0  -75  )
( -237  -289  -111  )
( 40  -284  -175  )
( 315  -146  241  )
( -213  -227  54  )
( -160  287  -243  )
( 146  290  179  )
( -271  -174  220  )
( 149  -311  -114  )
( -338  -228  -348  )
( 76  -23  37  )
( 89  262  200  )
( 112  -135  5  )
( -87  278  21  )
( -196  248  -118  )
( 310  166  80  )
( 171  -272  -278  )
( -173  -151  -299  )
( -54  206  50  )
( -61  -67  18  )
( 143  -297  145  )
( 179  -203  -34  )
( 35  -82  244  )
( -114  2  -147  )
( 156  35  -192  )
( 302  -141  -204  )
( 185  -278  109  )
( -348  -97  -142  )
( -95  114  66  )
( 304  -223  -281  )
( -134  190  -159  )
( 1  -335  34  )
( 318  332  279  )
( 132  -262  317  )
( 317  -131  338  )
( -220  74  -76  )
( 140  -27  -81  )
( -328  -325  67  )
( 273  -320  313  )
( -216  203  263  )
( -235  187  -304  )
( 216  -185  84  )
( 35  227  -7  )
( 169  103  -9  )
( -299  -254  -24  )
( -220  -150  -243  )
( -228  163  -234  )
( -307  -39  18  )
( -319  145  -76  )
( 41  -50  259  )
( 217  -135  270  )
( -269  66  -258  )
( -136  14  250  )
( 40  339  260  )
( 242  306  145  )
( 8  271  287  )
( -169  63  -280  )
( -160  228  -239  )
( -83  -247  -40  )
( 339  221  274  )
( -99  177  -126  )
( -270  -130  104  )
( -180  236  184  )
( 316  244  -16  )
( -5  -85  286  )
( 66  -328  -100  )
( -11  307  145  )
( 141  -168  186  )
( -279  -166  54  )
( 223  -163  -4  )
( -143  -273  -302  )
( -176  278  -123  )
( -4  -268  141  )
( 215  298  -278  )
( 162  -110  -303  )
( 173  265  -331  )
( -254  -270  10  )
( 22  324  -2  )
( 80  232  -24  )
( -177  54  -67  )
( 247  269  -154  )
( -149  189  -213  )
( 317  133  53  )
( -202  -8  -209  )
( -222  -242  253  )
( -48  -117  171  )
( 137  -43  53  )
( -319  210  20  )
( 62  307  -301  )
( -28  -257  -337  )
( 24  -109  279  )
( 11  300  224  )
( 253  -313  31  )
( -329  -295  17  )
( 340  210  27  )
( -115  -74  270  )
( -234  162  -204  )
( -112  283  -3  )
( 24  -316  32  )
( -10  -126  -37  )
( 268  -264  45  )
( -244  -210  -136  )
( 234  271  111  )
( -77  -60  291  )
( -78  267  16  )
( -268  -141  285  )
( 279  252  245  )
( 152  -159  210  )
( -263  152  159  )
( 287  -11  319  )
( 251  286  -48  )
( -331  -213  127  )
( -45  -332  304  )
( -172  214  -49  )
( 206  -8  24  )
( -56  134  63  )
( -224  -87  286  )
( -53  -231  -348  )
( 299  266  25  )
( -31  74  250  )
( -47  -219  -307  )
( 278  284  -135  )
( 153  53  -299  )
( 294  -137  343  )
( 114  -261  280  )
( 124  -226  274  )
( 224  -195  -19  )
( -165  -125  -224  )
( -114  233  11  )
( 77  340  323  )
( 314  155  221  )
( 255  7  109  )
( -336  -39  55  )
( -19  214  328  )
( 306  272  -113  )
( 337  228  77  )
( -236  -175  -45  )
( 197  281  -121  )
( 6  128  -61  )
( -298  -327  -289  )
( 178  -237  344  )
( -272  -62  -288  )
( -152  -313  206  )
( -200  -115  -147  )
( 156  46  -44  )
( -199  -104  125  )
( -307  153  50  )
( -64  199  205  )
( 97  265  215  )
( 128  -293  -149  )
( 209  97  -303  )
( -28  -227  174  )
( -138  -185  253  )
( 82  -253  -63  )
( -26  331  -282  )
( -120  -37  -336  )
( 180  -200  -76  )
( 186  -17  -75  )
( -178  -202  126  )
( 189  55  -217  )
( -14  300  -266  )
( -176  -141  231  )
( 168  -294  -241  )
( 271  172  -307  )
( 127  -181  -186  )
( 341  -83  -77  )
( 36  -225  -169  )
( -343  -147  -55  )
( -56  220  -330  )
( 275  188  148  )
( -117  88  -104  )
( -128  11  -188  )
( -116  -32  -208  )
( 121  -182  44  )
( 44  -191  287  )
( 251  74  184  )
( -9  346  -21  )
( 26  -23  -299  )
( 2  -211  -97  )
( -100  128  303  )
( -209  -331  -258  )
( -226  -173  227  )
( -281  16  192  )
( -220  -283  -342  )
( -32  -199  25  )
( -333  61  -56  )
( -310  320  21  )
( 301  336  -233  )
( -76  131  -297  )
( 92  278  -25  )
( 223  3  -210  )
( 274  -230  -199  )
( -160  220  69  )
( -348  261  -154  )
( 267  -337  82  )
( 162  61  -322  )
( 95  -219  -200  )
( -121  -205  323  )
( -15  251  193  )
( -95  -85  152  )
( 174  -254  -70  )
( -134  78  -137  )
( 19  -345  -190  )
( -58  152  -138  )
( -126  -250  -323  )
