( -161  -88  -233  )
( -129  -109  154  )
( 57  -234  307  )
( -172  148  342  )
( 22  -263  -17  )
( 17  -135  -60  )
( 283  -71  -342  )
( -298  -21  -325  )
( 295  241  -210  )
( 273  36  328  )
( -246  -242  -254  )
( 212  -7  -91  )
( 300  30  -159  )
( -185  -69  286  )
( -87  -89  -128  )
( 161  60  -123  )
( -66  272  -98  )
( 282  -157  -299  )
( -213  -156  107  )
( 61  57  -156  )
( -143  -274  -172  )
( 84  267  249  )
( 122  -274  -173  )
( -162  212  -30  )
( -10  283  -189  )
( 281  231  341  )
( 306  -202  -167  )
( 115  -257  -282  )
( 255  33  -251  )
( 281  306  30  )
( 103  -196  326  )
( 335  97  233  )
( 271  -216  -31  )
( -303  106  170  )
( 17  -88  -73  )
( 162  144  140  )
( 98  -79  347  )
( -332  258  193  )
( -209  -344  -207  )
( -27  24  -30  )
( 171  195  -193  )
( 194  -72  -214  )
( 70  198  -240  )
( 276  -195  81  )
( 78  204  -269  )
( -232  264  -260  )
( -101  104  348  )
( 267  227  -340  )
( 219  -44  -175  )
( -169  -195  -266  )
( -162  -163  249  )
( 290  94  -19  )
( 29  255  -267  )
( -231  17  29  )
( 329  -266  178  )
( 257  29  83  )
( -261  -295  -331  )
( 244  -12  276  )
( 186  -305  -115  )
( 187  162  340  )
( -101  -244  -326  )
( 345  -211  -114  )
( 311  75  163  )
( -337  11  -259  )
( -143  41  -37  )
( -14  -12  130  )
( -87  -71  -129  )
( -287  -335  329  )
( 250  -62  168  )
( 90  183  198  )
( 320  -237  118  )
( -65  104  224  )
( -222  -298  -310  )
( -346  -207  -125  )
( -88  -237  163  )
( 219  -88  -308  )
( -319  -311  253  )
( 20  60  -65  )
( -66  -233  -85  )
( 337  -198  67  )
( 134  -223  -194  )
( 71  136  -327  )
( -290  -42  -36  )
( 262  -191  47  )
( 203  -198  -100  )
( 48  118  -296  )
( -15  121  162  )
( 19  -337  -221  )
( 114  296  319  )
( 227  -136  160  )
( -178  -129  311  )
( 289  316  75  )
( -329  -123  262  )
( -8  -61  -303  )
( -90  -114  -94  )
( 180  -23  -24  )
( 44  -138  186  )
( 300  -8  83  )
( 337  339  111  )
( -334  -233  295  )
( 178  131  -304  )
( -318  286  237  )
( -142  -280  208  )
( -202  38  -181  )
( -83  -111  -44  )
( -55  77  215  )
( -157  -124  1  )
( -138  -301  84  )
( -146  -329  -172  )
( 147  -199  238  )
( -217  -59  -180  )
( -273  -220  -6  )
( 3  287  -222  )
( -104  337  38  )
( 68  -23  -24  )
( -183  269  -195  )
( -4  -278  -190  )
( 14  103  -334  )
( 193  -267  -328  )
( -235  304  272  )
( -205  201  150  )
( -226  -63  140  )
( -89  231  51  )
( 152  -68  -26  )
( -269  126  -216  )
( 208  -82  -102  )
( 64  186  345  )
( 179  304  9  )
( 304  272  -14  )
( -33  130  312  )
( -5  -214  -259  )
( 156  -146  -273  )
( -247  -249  -98  )
( -25  246  198  )
( -3  167  210  )
( 24  -78  -292  )
( -81  -349  -99  )
( -56  -264  206  )
( -269  -265  62  )
( -197  -302  -258  )
( -295  -60  -77  )
( -1  157  -303  )
( -81  185  -242  )
( 85  -336  175  )
( -228  45  -92  )
( -268  -137  -13  )
( -179  220  315  )
( 80  -192  286  )
( 64  303  271  )
( 53  -211  147  )
( 264  -39  -173  )
( -241  228  189  )
( -213  117  -3  )
( -99  -315  188  )
( 225  181  -342  )
( 202  -119  -71  )
( -347  206  -195  )
( 69  141  88  )
( -273  -288  90  )
( 247  205  18  )
( -160  222  315  )
( -104  -127  98  )
( -255  346  268  )
( -81  -341  -14  )
( -152  311  -254  )
( 314  68  224  )
( -235  -84  -313  )
( -304  -225  -32  )
( 96  -309  -328  )
( 22  60  -0  )
( 207  242  -328  )
( -83  217  -336  )
( -62  268  158  )
( -227  -128  278  )
( -61  110  134  )
( -301  -83  152  )
( 90  -41  144  )
( -237  236  285  )
( 55  -169  -302  )
( -329  198  53  )
( -205  -154  -315  )
( 49  223  102  )
( 308  -80  283  )
( -37  320  -306  )
( -337  349  101  )
( 259  -254  -282  )
( -33  -164  -95  )
( 230  154  -345  )
( 181  -44  46  )
( -194  -295  209  )
( -116  -347  72  )
( -68  -28  251  )
( -87  -207  -304  )
( 111  168  333  )
( 130  -269  -148  )
( -9  87  70  )
( -63  240  -152  )
( -318  -147  140  )
( 163  239  -56  )
( -253  112  -348  )
( -346  213  -212  )
( 315  -75  -172  )
( 20  288  52  )
( 338  -349  -336  )
( 252  56  -169  )
( -49  147  190  )
( 323  198  241  )
( 236  122  84  )
( 85  -118  -331  )
( -52  10  -337  )
( 142  150  -76  )
( 36  -12  251  )
( -112  -224  -7  )
( 241  34  112  )
( 196  -62  -22  )
( 272  27  161  )
( -47  -252  49  )
( -164  -64  -70  )
( -163  338  -176  )
( -220  -19  175  )
( -195  -206  -172  )
( -257  -176  -122  )
( 146  47  -333  )
( -34  56  -291  )
( -277  -315  -58  )
( -277  -177  1  )
( 128  -314  84  )
( 232  -154  140  )
( -249  -278  109  )
( -27  -55  135  )
( 229  329  -52  )
( -238  233  -126  )
( -45  241  203  )
( 299  -140  -318  )
( 103  -327  -64  )
( -241  -206  -70  )
( -121  45  239  )
( -109  -97  142  )
( 259  -152  -300  )
( -148  349  -33  )
( -190  239  294  )
( -135  -66  38  )
( 165  -241  -341  )
( -203  -244  232  )
( -295  46  -277  )
( 57  -222  175  )
( -184  116  73  )
( -264  -102  -117  )
( 269  184  -208  )
( -143  283  -205  )
( -98  -259  167  )
( 69  32  147  )
( -298  -69  113  )
( -250  -338  331  )
( -305  -219  310  )
( -149  32  176  )
( -22  -205  332  )
( -183  29  231  )
( -167  -58  -198  )
( 77  -64  -291  )
( -339  -105  103  )
( -118  185  -242  )
( -244  24  65  )
( 300  63  -216  )
( 141  -332  49  )
( 61  -278  180  )
( 79  276  -98  )
( 235  -58  -309  )
( -71  266  154  )
( -120  98  -84  )
( -68  -237  -152  )
( 253  76  29  )
( -147  177  207  )
( -6  -254  225  )
( 142  -327  234  )
( -293  123  -326  )
( -132  112  94  )
( 2  -243  -136  )
( -249  143  18  )
( -231  230  215  )
( 201  -111  -46  )
( -284  259  230  )
( -135  -274  239  )
( 149  -47  -29  )
( -309  -92  129  )
( -87  -290  -333  )
( -299  -7  -184  )
( -200  208  -221  )
( 269  231  194  )
( 323  154  282  )
( -96  208  4  )
( 291  -172  174  )
( -334  -20  247  )
( -161  -235  108  )
( 126  199  -105  )
( 349  -171  55  )
( -33  -249  131  )
( 196  -262  223  )
( 234  -47  -86  )
( -195  -243  -265  )
( -143  191  -210  )
( -316  69  -166  )
( 328  59  119  )
( 240  226  13  )
( -190  107  -40  )
( -12  -251  56  )
( -95  -150  133  )
( -201  -209  -14  )
( 204  282  344  )
( 285  -97  72  )
( -226  -69  157  )
( 314  130  115  )
( -83  -210  275  )
( 218  2  -104  )
( 247  59  20  )
( 45  165  -161  )
( 269  17  27  )
( -336  -80  -175  )
( 315  -296  -72  )
( -191  -284  11  )
( -35  -144  -271  )
( 14  129  284  )
( -86  -79  -20  )
( 24  194  156  )
( -256  236  258  )
( 151  -141  154  )
( -295  127  -262  )
( 170  -316  -98  )
( -222  173  318  )
( 29  242  103  )
( -95  -321  -338  )
( 122  38  -320  )
( -224  212  16  )
( -41  67  136  )
( -188  305  -53  )
( -178  46  145  )
( 170  -36  302  )
( -120  -265  303  )
( 208  -292  260  )
( 113  -131  -253  )
( 52  -21  -242  )
( -134  82  230  )
( -12  -90  15  )
( 54  276  211  )
( -214  -101  185  )
( 72  -80  -34  )
( 86  -84  344  )
( 81  295  248  )
( 187  -204  -201  )
( 78  204  326  )
( 222  101  -116  )
( -113  74  156  )
( -42  -161  -241  )
( -154  265  -166  )
( -167  146  -156  )
( -243  122  -36  )
( 305  -270  20  )
( 238  -300  103  )
( 200  -142  -250  )
( 263  233  -326  )
( 330  24  -295  )
( 246  320  -332  )
( -130  -309  -182  )
( -114  287  250  )
( -238  172  -104  )
( -173  -1  170  )
( 157  152  289  )
( 318  -130  259  )
( -45  209  -274  )
( -6  46  147  )
( -101  -208  -225  )
( 335  87  123  )
( 164  145  220  )
( 334  279  -203  )
( 271  -29  225  )
( -137  -125  -174  )
( 177  170  -127  )
( -151  273  -297  )
( 304  -184  103  )
( 4  39  126  )
( -109  195  27  )
( -222  -54  42  )
( -131  186  -208  )
( -192  -230  255  )
( 88  -91  4  )
( 110  -170  289  )
( -58  176  -346  )
( -59  -136  -155  )
( 52  14  307  )
( 11  -136  -340  )
( 100  -254  -304  )
( 245  191  -218  )
( 312  -16  257  )
( 30  105  -114  )
( 189  -13  272  )
( -255  280  228  )
( -293  183  100  )
( 56  277  292  )
( 330  261  -303  )
( -160  -296  -61  )
( 241  40  166  )
( -102  -329  23  )
( -65  -180  -87  )
( 107  -347  114  )
( -227  -67  -237  )
( -164  -20  77  )
( 78  54  -204  )
( -259  40  -313  )
( -102  257  262  )
( 198  27  -83  )
( 140  -318  145  )
( 204  -148  312  )
( -304  165  131  )
( -50  242  -214  )
( -71  307  -60  )
( -323  268  144  )
( 325  168  330  )
( 159  -35  268  )
( -293  -177  -319  )
( -15  -144  136  )
( -163  72  107  )
( 199  113  -321  )
( -219  270  280  )
( 91  -223  332  )
( 159  184  -63  )
( -213  -214  -158  )
( -305  206  -271  )
( 166  130  181  )
( 323  201  319  )
( 235  46  -224  )
( 319  133  44  )
( -128  -347  -320  )
( 68  -67  211  )
( 125  -244  -281  )
( -124  6  82  )
( -278  336  -147  )
( 9  67  -199  )
( -144  148  -87  )
( -144  137  -125  )
( -189  190  -270  )
( 312  -53  -159  )
( 205  -24  124  )
( 270  145  345  )
( -24  -209  3  )
( 116  4  304  )
( -121  -12  -74  )
( -292  -206  -307  )
( -168  -49  269  )
( 263  120  -254  )
( -124  274  -263  )
( 200  -78  -39  )
( -184  192  -205  )
( -198  -287  22  )
( 217  -162  -154  )
( 204  -164  -213  )
( 130  -119  -245  )
( -283  301  -94  )
( -333  190  -180  )
( 106  -150  261  )
( 207  -64  -187  )
( -194  -257  -81  )
( -177  -220  327  )
( -253  -324  186  )
( 217  149  16  )
( 344  48  -36  )
( -57  -183  -70  )
( 255  139  -59  )
( -28  -75  267  )
( -38  195  -90  )
( 61  -301  -214  )
( 135  131  -148  )
( -57  341  -29  )
( 340  -237  25  )
( -115  313  -301  )
( 248  55  345  )
( -165  257  162  )
( 260  13  177  )
( -111  228  -327  )
( 124  -306  276  )
( -134  -119  -97  )
( -324  78  -232  )
( -13  82  303  )
( -285  246  -234  )
( -212  -192  217  )
( 113  -293  -238  )
( 19  333  -270  )
( -81  -343  -5  )
( -284  -242  -141  )
( -156  348  -58  )
( 303  241  309  )
( -104  162  37  )
( 97  -320  -100  )
( -49  91  -277  )
( -229  -31  -341  )
( -264  36  214  )
( 339  234  229  )
( -84  229  11  )
( -336  -320  -235  )
( -137  193  207  )
( 183  -148  -180  )
( 274  -206  69  )
( -229  203  -258  )
( -148  75  -159  )
( 302  -78  -79  )
( -30  176  205  )
( -130  336  139  )
( 262  -336  210  )
( 176  -132  213  )
( 301  -202  71  )
( -223  188  -275  )
( 227  191  -165  )
( 227  -6  -105  )
( 21  -190  281  )
( -186  12  -86  )
( 119  -282  45  )
( 180  340  265  )
( -344  26  -77  )
( 348  132  264  )
( 296  157  -199  )
( -94  309  -75  )
( -169  173  -254  )
( 45  -83  196  )
( 231  -97  -94  )
( 21  138  -325  )
( 127  -283  -275  )
( 259  -40  -235  )
( 9  324  -132  )
( -99  209  135  )
( -120  -284  28  )
( -56  -62  214  )
( 94  -323  -76  )
( -258  -257  266  )
( -1  -118  -105  )
( -14  55  5  )
( -342  -118  -264  )
( 206  -198  -120  )
( 103  -222  -190  )
( 87  245  -138  )
( -281  52  -113  )
( -252  128  -327  )
( 199  141  -220  )
( -3  150  -267  )
( 306  -201  285  )
( 202  -165  -228  )
( -174  249  304  )
( -198  165  -115  )
( -117  -114  304  )
( 277  -16  151  )
( -312  -1  -240  )
( -172  1  -79  )
( -5  -236  191  )
( -248  71  -33  )
( -177  39  -268  )
( -346  -40  -183  )
( 60  -192  321  )
( 88  -332  47  )
( 162  -190  175  )
( -280  -309  -207  )
( 244  69  -246  )
( 148  -294  -341  )
( -111  90  27  )
( -45  25  172  )
( -84  -90  -113  )
( 299  98  293  )
( -32  -55  -242  )
( 287  106  41  )
( -324  106  11  )
( -124  -12  -142  )
( 323  -86  116  )
( -306  -127  147  )
( -179  -112  56  )
( 43  -114  270  )
( -268  232  38  )
( 108  -185  32  )
( -23  -200  271  )
( -197  -239  -73  )
( -265  -338  -262  )
( 27  310  28  )
( 186  -112  -81  )
( 218  248  -194  )
( 263  -106  -190  )
( -188  210  -299  )
( -208  -304  16  )
( -4  84  321  )
( -12  -122  -31  )
( 242  -59  -27  )
( -67  -12  295  )
( -115  198  -222  )
( 30  112  -341  )
( 80  -227  151  )
( -75  281  -81  )
( 346  -335  336  )
( 272  -339  74  )
( 315  -210  -284  )
( 321  300  -110  )
( 240  -71  198  )
( 252  41  37  )
( 164  105  156  )
( -266  -122  -316  )
( 172  -62  -91  )
( 133  196  -59  )
( 178  -108  -240  )
( -341  128  76  )
( 312  111  68  )
( -164  30  -74  )
( -310  202  -158  )
( 78  -343  -252  )
( 93  -263  -79  )
( -264  -157  -120  )
( 187  275  -16  )
( 224  -175  -133  )
( 159  -91  143  )
( -56  66  337  )
( 137  -203  -213  )
( -149  -137  244  )
( 268  -96  -119  )
( 164  328  91  )
( 198  196  79  )
( 302  -139  317  )
( 327  307  -46  )
( 86  -230  -208  )
( -262  -43  -234  )
( 274  92  311  )
( 315  -307  -81  )
( -2  254  -267  )
( 11  -219  188  )
( -138  332  -145  )
( -53  -323  313  )
( 276  45  -136  )
( 280  -12  -84  )
( -172  -133  -211  )
( 173  -20  140  )
( 269  136  33  )
( -272  -284  -256  )
( 345  108  -272  )
( 69  96  84  )
( -317  205  -320  )
( 19  125  117  )
( -70  19  123  )
( -248  -147  68  )
( 203  -114  -290  )
( -26  172  -343  )
( 22  -124  230  )
( -232  53  -338  )
( 303  -231  226  )
( 152  -112  -137  )
( -328  301  265  )
( -163  147  31  )
( 186  122  52  )
( 259  -15  282  )
( -196  287  166  )
( 304  263  201  )
( 49  330  69  )
( 230  -56  151  )
( -300  -340  268  )
( -306  -130  -32  )
( 36  187  48  )
( -69  -311  -238  )
( 332  -193  -81  )
( 219  -47  -129  )
( 293  -0  218  )
( -141  -100  165  )
( -134  -302  61  )
( 110  -206  -56  )
( 254  25  -1  )
( -182  -169  234  )
( 217  101  -131  )
( -320  -268  163  )
( -155  259  -112  )
( 320  -145  -175  )
( -267  -316  194  )
( 281  -259  3  )
( -85  -9  -192  )
( -295  289  209  )
( -268  -6  334  )
( -56  -199  -41  )
( -162  79  -203  )
( 146  -327  296  )
( -269  141  -348  )
( -342  -65  101  )
( 118  272  -326  )
( -153  224  152  )
( -307  -2  104  )
( -216  112  29  )
( -211  -284  -155  )
( -68  -212  -129  )
( -50  -212  -345  )
( -154  -32  331  )
( -296  279  347  )
( -283  -119  -305  )
( 174  320  -202  )
( 231  -107  -324  )
( -323  297  -75  )
( 250  149  332  )
( 305  -162  -291  )
( 349  -268  -5  )
( 61  -260  49  )
( -99  301  -84  )
( 256  52  206  )
( -88  197  305  )
( -293  -84  -164  )
( -66  -297  -207  )
( -167  329  265  )
( -59  -96  71  )
( 237  -15  -181  )
( -165  325  304  )
( 46  -86  -230  )
( -6  13  59  )
( -221  -317  -35  )
( -42  77  -141  )
( -54  303  -349  )
( 341  212  329  )
( 33  291  -113  )
( -169  221  -165  )
( 286  273  -344  )
( -265  -258  110  )
( -252  -117  238  )
( 343  187  -241  )
( 262  113  217  )
( -160  -97  195  )
( 241  114  260  )
( 54  -12  -307  )
( 40  -237  -282  )
( -165  225  -88  )
( 277  -312  180  )
( -154  340  -209  )
( -109  -134  93  )
( 120  -134  -168  )
( -39  -320  43  )
( 2  304  202  )
( 273  -233  90  )
( 130  -123  98  )
( 52  -142  -338  )
( 53  -286  335  )
( -116  141  129  )
( -46  -279  -193  )
( -329  283  93  )
( 341  -18  11  )
( 144  348  0  )
( -191  -5  -287  )
( -82  -220  200  )
( -138  291  -217  )
( -16  -162  210  )
( -348  45  -13  )
( -343  310  95  )
( 27  -94  -55  )
( 52  -11  -24  )
( 163  -61  -65  )
( 102  218  267  )
( -333  -134  -171  )
( 207  130  -214  )
( -206  -60  -260  )
( 252  -220  -101  )
( -317  104  -94  )
( -1  -343  121  )
( 272  -228  20  )
( 177  48  -294  )
( -179  -73  -224  )
( -137  225  -49  )
( 255  -86  173  )
( 246  -327  -268  )
( 237  42  -254  )
( -230  141  75  )
( 300  44  -50  )
( 241  48  -316  )
( 90  -46  325  )
( -202  -138  136  )
( 39  142  340  )
( -86  77  -113  )
( 284  22  244  )
( 254  227  348  )
( -244  113  226  )
( -25  -286  232  )
( 39  342  -127  )
( -237  96  203  )
( 86  24  -211  )
( -245  342  -247  )
( -166  197  246  )
( 310  58  -207  )
( -107  55  -239  )
( -39  -167  233  )
( 65  172  107  )
( -0  -346  16  )
( -22  -250  -321  )
( 177  82  336  )
( 273  60  194  )
( 90  286  267  )
( 81  156  -118  )
( -73  260  -103  )
( -106  -183  33  )
( 77  339  11  )
( 314  19  133  )
( -100  63  -61  )
( -120  -221  344  )
( -157  155  87  )
( 63  -295  289  )
( -195  -254  295  )
( 91  -103  183  )
( -74  15  221  )
( 162  -272  33  )
( -254  -203  -117  )
( -132  11  -337  )
( 153  14  -90  )
( -78  77  -22  )
( 267  154  -77  )
( 292  -131  84  )
( -165  232  59  )
( 71  62  -340  )
( -241  -48  82  )
( 193  -284  337  )
( 128  -15  -12  )
( -211  -229  -183  )
( 91  157  100  )
( 156  74  -56  )
( 41  -173  175  )
( -85  12  9  )
( -343  143  -1  )
( -320  -82  -285  )
( -150  332  -34  )
( 116  -167  -16  )
( 106  -183  -251  )
( -123  155  310  )
( -321  -234  146  )
( -29  -15  295  )
( 167  2  8  )
( -232  12  6  )
( -34  -176  130  )
( 336  136  16  )
( 132  -284  268  )
( 321  125  -270  )
( -255  -200  318  )
( 315  49  117  )
( -293  -270  -258  )
( -240  -30  344  )
( -300  266  269  )
( 65  333  -238  )
( 126  -171  196  )
( 266  158  273  )
( 198  -12  245  )
( -289  155  -318  )
( -334  307  -75  )
( -159  -281  66  )
( -256  -324  129  )
( 263  36  147  )
( 126  -274  106  )
( 40  -150  155  )
( 44  290  55  )
( 113  187  231  )
( 22  263  185  )
( 57  84  187  )
( 314  51  -316  )
( -149  90  293  )
( 7  -3  -314  )
( -225  -138  111  )
( 174  -234  167  )
( -277  -4  -302  )
( -306  -209  -223  )
( 311  140  -288  )
( -212  11  -263  )
( -79  186  245  )
( 116  114  50  )
( 45  234  221  )
( -293  148  321  )
( 155  -321  -327  )
( 297  -199  23  )
( -146  243  152  )
( -210  -215  176  )
( 160  170  -210  )
( 32  -108  -136  )
( 155  327  248  )
( -310  -70  196  )
( 257  -46  37  )
( 38  164  151  )
( -183  -110  -271  )
( 80  -312  -181  )
( -56  71  121  )
( 3  37  -249  )
( -80  340  120  )
( 301  -132  4  )
( -206  242  -109  )
( 160  -181  -121  )
( 271  -289  266  )
( 204  -99  -270  )
( 48  -248  -201  )
( 322  189  69  )
( 296  143  62  )
( 271  -328  -131  )
( 271  317  -8  )
( 75  -337  -68  )
( -303  139  -119  )
( -84  25  244  )
( -137  -145  -1  )
( -309  287  -204  )
( 28  119  -49  )
( -151  266  -37  )
( -315  -304  -25  )
( 329  -346  302  )
( -129  -84  113  )
( 41  207  -183  )
( 211  -32  104  )
( 243  147  -328  )
( 73  -171  -168  )
( -293  228  -304  )
( 184  188  -244  )
( -123  -345  338  )
( -41  -67  283  )
( -27  269  150  )
( 198  -243  90  )
( 275  297  -242  )
( -311  227  214  )
( 278  99  -193  )
( -272  330  -42  )
( 11  -70  92  )
( 99  63  217  )
( 153  -213  71  )
( -310  -166  70  )
( -314  -51  -223  )
( -219  -28  -184  )
( -102  251  -225  )
( 341  214  -311  )
( 286  -15  107  )
( 349  -50  151  )
( -133  -193  223  )
( -204  5  -325  )
( -100  253  45  )
( -171  260  52  )
( -44  315  -160  )
( -116  -192  -177  )
( -290  340  -32  )
( 271  82  340  )
( -249  186  -104  )
( 296  31  307  )
( 172  -182  -191  )
( 183  88  -124  )
( 180  -216  -230  )
( -131  -11  294  )
( 228  15  253  )
( -62  172  -259  )
( -127  303  -63  )
( -182  32  -253  )
( 208  111  -195  )
( -26  -315  -0  )
( -34  -201  -192  )
( -295  -104  -159  )
( -313  252  -225  )
( -129  -334  166  )
( -329  228  -287  )
( 325  -338  -166  )
( -264  -223  -176  )
( 254  -238  170  )
( -207  349  -23  )
( 49  150  -94  )
( -56  341  -299  )
( -225  293  -270  )
( -242  294  291  )
( 181  -252  49  )
( -80  -168  14  )
( 256  140  76  )
( 205  -168  -159  )
( -22  210  220  )
( -334  -74  238  )
( 132  78  -266  )
( -333  24  -46  )
( -242  229  251  )
( -258  -344  -110  )
( -337  -326  51  )
( 265  38  184  )
( -65  -68  -141  )
( -115  78  -317  )
( 11  316  77  )
( 44  270  -184  )
( -212  129  199  )
( 97  53  -178  )
( 72  42  -251  )
( -273  -104  -25  )
( 349  -283  317  )
( 335  -55  -22  )
( 140  322  -298  )
( -45  -2  -284  )
( -44  -230  -301  )
( 328  -194  148  )
( -111  284  303  )
( 104  89  -147  )
( -240  -10  -136  )
( -105  266  66  )
( 107  -46  -125  )
( 68  -14  28  )
( -23  -6  248  )
( -155  9  -108  )
( 126  70  -130  )
( 1  154  -16  )
( -13  -62  266  )
( -331  -268  44  )
( 284  -45  158  )
( -172  213  -73  )
( -190  -178  -84  )
( -275  -143  281  )
( -106  -124  130  )
( 36  330  82  )
( -162  51  -320  )
( -19  77  43  )
( -20  300  62  )
( -175  -123  -248  )
( -170  322  -134  )
( -73  114  302  )
( 134  -32  -138  )
( -10  165  -348  )
( 9  -120  171  )
( 163  48  281  )
( 228  147  -198  )
( -71  52  -165  )
( -159  281  38  )
( -283  -77  -228  )
( 6  296  -160  )
( 54  -191  6  )
( -36  -137  -247  )
( 191  -163  184  )
( -27  -275  -175  )
( -122  290  -218  )
( 138  212  348  )
( 311  -160  261  )
( -214  -102  296  )
( -134  -250  202  )
( 83  -275  -232  )
( 236  52  -216  )
( -239  300  -281  )
( 100  -148  -50  )
( -56  -261  235  )
( 196  -10  182  )
( 64  -207  -115  )
( 49  304  234  )
( -144  347  -132  )
( -15  127  -171  )
( 320  36  120  )
( 152  -147  206  )
( -205  90  -30  )
( 243  -205  220  )
( -147  -56  265  )
( -95  -143  -327  )
( 43  -171  -10  )
( -48  -72  29  )
( 234  339  -91  )
( 64  298  -274  )
( -191  -146  -15  )
( 261  1  8  )
( -286  260  -151  )
( -13  190  -341  )
( 313  -43  -155  )
( -33  110  44  )
( -5  183  -306  )
( -57  -224  -347  )
( 293  -2  42  )
( -239  -47  -121  )
( 330  52  -169  )
( -19  -320  275  )
( 179  -224  -59  )
( -242  126  -344  )
( -94  73  -286  )
( 252  193  110  )
( 235  206  -221  )
( 150  -21  -309  )
( 131  345  38  )
( -106  276  319  )
( -283  38  94  )
( -139  331  -148  )
( -43  -186  -346  )
( 171  145  -215  )
( 182  44  -148  )
( 44  -36  -110  )
( 252  155  65  )
( 346  152  -101  )
( -160  158  -118  )
( -199  -299  -118  )
( -40  -203  19  )
( -197  -335  -136  )
( 132  -7  -154  )
( -301  161  -78  )
( 296  210  312  )
( 105  234  -3  )
( -139  203  -45  )
( 322  159  -180  )
( 17  193  279  )
( 279  -9  -27  )
( 216  -334  -148  )
( -216  -203  -349  )
( -333  -49  109  )
( -102  107  135  )
( -181  -271  120  )
( -175  209  -186  )
( 106  340  -248  )
( 172  197  -33  )
( -169  280  191  )
( -333  216  139  )
( -230  -152  55  )
( 0  -322  -71  )
( -303  -89  -18  )
( 143  117  38  )
( -177  198  -6  )
( -306  -136  104  )
( -44  174  -149  )
( 206  -219  -76  )
( 279  196  288  )
( 98  -94  -290  )
( 61  68  107  )
( 211  105  242  )
( -65  -312  165  )
( -230  15  -238  )
( -107  72  -17  )
( 85  214  265  )
( 131  -339  -27  )
( -347  89  -207  )
( -225  258  267  )
( -117  325  -112  )
( 308  102  -313  )
( -106  55  285  )
( 269  -4  -5  )
( -26  -272  -273  )
( 129  -16  121  )
( 295  289  21  )
( -165  -135  186  )
( -120  28  -192  )
( 158  -265  -319  )
( -89  -155  67  )
( -129  -333  57  )
( -281  -90  76  )
( 57  -13  111  )
( -57  -15  214  )
( 24  87  -48  )
( 106  -294  -3  )
( -19  -80  290  )
( 187  59  -126  )
( -309  106  -76  )
( -37  23  -25  )
( 279  -203  -341  )
( -112  109  -207  )
( -80  -48  -134  )
( -161  146  296  )
( -186  -281  -307  )
( 92  348  -48  )
( 334  -279  -48  )
( 12  93  -90  )
( 244  -241  -105  )
( 54  140  223  )
( 11  246  -232  )
( -218  -100  169  )
( 42  -10  305  )
( 71  -198  -60  )
( 311  -26  23  )
( -203  271  -208  )
( 3  -134  -78  )
( 3  -15  -246  )
( 246  121  -74  )
( 109  160  -315  )
( -146  -166  191  )
( -235  341  113  )
( -93  66  -249  )
( 185  -291  315  )
( 302  -187  266  )
( 251  -206  310  )
( 273  12  216  )
( -66  144  250  )
( 242  102  -106  )
( 20  -297  69  )
( 44  110  -168  )
( -285  -349  -191  )
( -344  68  239  )
( 70  -143  -196  )
( -263  -233  -317  )
( -292  208  19  )
( -171  218  -319  )
( -13  44  281  )
( -288  24  -184  )
( -117  -143  303  )
( -247  45  -161  )
( -138  -93  128  )
( 71  -49  85  )
( 119  152  105  )
( -253  -70  -193  )
( -91  -94  -157  )
( -53  127  -259  )
( -60  -256  -105  )
( 333  -197  320  )
( 63  325  -0  )
( 111  173  277  )
( 286  -129  99  )
( -201  256  210  )
( 297  118  -302  )
( -129  -50  139  )
( -81  225  -75  )
( -299  254  -202  )
( -26  3  -349  )
( 151  225  -104  )
( 205  11  -198  )
( 294  180  -321  )
( 187  150  -297  )
( 19  -110  -274  )
( -191  102  -184  )
( -113  -24  -210  )
( 37  170  107  )
( -146  190  129  )
( -298  224  66  )
( -16  -1  -343  )
( 309  -274  184  )
( 224  -322  248  )
( -119  37  52  )
( 262  316  215  )
( 132  -259  -190  )
( 303  285  305  )
( 133  134  88  )
( -197  76  -63  )
( 139  -25  140  )
( 11  292  63  )
( -72  -250  81  )
( -304  295  8  )
( 102  331  189  )
( 86  108  -98  )
( 63  185  -68  )
( -343  -196  74  )
( 143  -101  341  )
( 79  -93  -187  )
( -87  80  304  )
( 45  148  305  )
( 221  331  -231  )
( -182  -102  -117  )
( 32  47  -91  )
( 87  -154  321  )
( -150  -257  -304  )
( -233  180  16  )
( 156  316  36  )
( -114  5  196  )
( -68  59  318  )
( -207  -215  -159  )
( -160  -81  23  )
( 301  247  -346  )
( -93  -336  14  )
( -22  200  -172  )
( 36  -284  274  )
( 115  332  -130  )
( 306  -261  -189  )
( 327  241  -309  )
( 120  -0  198  )
( -239  24  -260  )
( 97  -143  -151  )
( -5  -162  158  )
( -319  209  -184  )
( 336  269  290  )
( -108  231  88  )
( 318  2  -282  )
( 309  -315  -256  )
( -183  -219  220  )
( -226  -34  -76  )
( -235  -217  338  )
( 111  -39  297  )
( -235  -113  -241  )
( -152  -204  230  )
( -313  -266  321  )
( 266  324  262  )
( -342  -113  337  )
( 231  346  331  )
( 24  61  168  )
( -276  25  214  )
( -40  -74  224  )
( 120  -29  207  )
( 117  247  160  )
( 267  201  244  )
( -206  242  86  )
( -42  304  -285  )
( -217  -89  260  )
( 178  -125  -334  )
( -175  85  296  )
( -168  -264  1  )
( 114  -321  326  )
( 61  135  250  )
( -328  -58  -7  )
( 135  -172  94  )
( 88  -45  200  )
( -191  -303  138  )
( 171  25  133  )
( 103  -288  155  )
( 220  -289  256  )
( 262  -144  85  )
( -197  -45  -319  )
( -109  -123  -297  )
( 6  -36  305  )
( 246  -194  23  )
( -34  -71  178  )
( 337  -52  -78  )
( 108  161  -38  )
( 343  157  -259  )
( 290  162  -82  )
( 47  -323  91  )
( -169  318  67  )
( -323  -287  81  )
( 205  53  -81  )
( 307  80  -141  )
( 346  234  -336  )
( 153  -342  -86  )
( 237  135  215  )
( -82  -316  -105  )
( 331  -169  3  )
( -238  299  -314  )
( -165  -236  -231  )
( 260  349  301  )
( 318  315  42  )
( 99  349  53  )
( -117  277  32  )
( -314  279  -329  )
( 181  221  -190  )
( 92  -10  -87  )
( -94  58  -18  )
( -235  89  -236  )
( -69  -170  -278  )
( -39  -83  -330  )
( -94  300  88  )
( 30  -77  -7  )
( -185  287  -22  )
( -119  223  11  )
( 117  345  -185  )
( -98  -254  140  )
( 44  -255  -246  )
( 41  240  111  )
( -101  38  72  )
( 45  -66  244  )
( -82  36  -177  )
( -269  298  224  )
( 308  -298  -315  )
( -18  120  -258  )
( -157  206  -12  )
( -277  62  -30  )
( 151  44  27  )
( -31  50  127  )
( -109  -132  21  )
( 196  218  -222  )
( -249  -97  239  )
( -85  219  -180  )
( 77  25  40  )
( -128  -302  -205  )
( -321  -21  151  )
( 194  -93  -114  )
( -48  -65  247  )
( -248  115  70  )
( -102  -31  -10  )
( -235  -104  -207  )
( 330  -321  230  )
( -33  -158  -20  )
( 120  -124  67  )
( -175  -289  232  )
( -287  -332  -190  )
( -100  310  -273  )
( -344  -37  31  )
( 92  115  161  )
( 50  284  -98  )
( 47  -86  -13  )
( 147  -118  289  )
( 136  100  -217  )
( -81  -77  -200  )
( 99  155  78  )
( -286  -299  -255  )
( -77  -155  -296  )
( -135  119  2  )
( 313  32  -127  )
( 39  40  -16  )
( 291  -118  38  )
( -337  -25  100  )
( 263  127  -239  )
( -216  -15  265  )
( -172  266  -191  )
( 149  180  -36  )
( 246  -111  -69  )
( -310  -249  217  )
( 323  -305  57  )
( -291  -182  -259  )
( -2  52  -49  )
( -325  -13  -187  )
( 313  201  -122  )
( -173  336  31  )
( -91  -217  -323  )
( 162  58  -3  )
( -42  31  -87  )
( -19  -210  235  )
( -3  326  -83  )
( 317  206  200  )
( 237  -328  -195  )
( 157  -3  -50  )
( -279  52  307  )
( 95  332  -333  )
( -320  341  -242  )
( 182  -124  -249  )
( -271  257  -311  )
( 299  -3  348  )
( -98  -168  187  )
( -166  -46  333  )
( -52  -27  251  )
( -139  -207  147  )
( -236  220  183  )
( 149  253  -308  )
( -275  92  -173  )
( -173  253  -127  )
( 137  257  287  )
( -73  70  178  )
( -36  195  303  )
( -35  312  46  )
( 169  280  -209  )
( 79  143  144  )
( -317  141  -11  )
( -215  -58  261  )
( -224  -149  175  )
( -128  -257  84  )
( 196  -75  -44  )
( 206  -25  -169  )
( -109  163  -208  )
( -28  162  334  )
( -301  316  -51  )
( -90  -304  274  )
( 304  -20  -320  )
( -32  -143  136  )
( -198  176  340  )
( -150  -257  -117  )
( 321  342  -221  )
( 223  -269  -18  )
( 227  27  -46  )
( 262  -206  -99  )
( -19  -125  -290  )
( 337  226  341  )
( -201  91  -15  )
( 311  81  -266  )
( -84  26  -314  )
( -174  -288  35  )
( 280  137  -98  )
( 111  -166  283  )
( -126  -297  -132  )
( -87  301  -319  )
( 74  -119  -327  )
( 321  70  0  )
( -100  -290  129  )
( -29  -297  342  )
( -22  -263  -313  )
( 132  238  -88  )
( -247  -282  -280  )
( -189  -119  190  )
( 39  140  115  )
( -117  315  252  )
( 110  -339  302  )
( -70  -238  332  )
( -136  114  -192  )
( -345  26  80  )
( 146  10  239  )
( -21  -14  126  )
( 20  -240  345  )
( -85  196  -247  )
( 229  193  -236  )
( 242  -216  239  )
( -30  -129  188  )
( 241  -33  257  )
( 290  -114  -155  )
( 43  -253  -164  )
( 335  152  20  )
( -168  254  313  )
( 11  -299  -167  )
( 229  10  338  )
( -128  118  334  )
( -346  315  -138  )
( 222  53  170  )
( 59  -24  37  )
( -226  100  -48  )
( -339  340  -94  )
( -54  125  -200  )
( -54  219  283  )
( -229  -28  178  )
( 151  -221  223  )
( 258  207  253  )
( 299  13  218  )
( -342  55  -317  )
( 28  344  132  )
( 151  75  -274  )
( -138  337  68  )
( -347  -7  111  )
( -81  -88  259  )
( 283  107  78  )
( 284  -104  -149  )
( 160  -96  -347  )
( -276  162  -60  )
( 203  200  -343  )
( 23  259  -133  )
( -49  -165  -177  )
( 137  -96  -310  )
( -336  -68  -236  )
( -47  145  158  )
( 232  -254  35  )
( 62  140  -192  )
( 213  75  172  )
( -162  166  222  )
( -191  -187  149  )
( 257  239  -66  )
