( 122  310  -209  )
( 45  -29  -286  )
( -23  39  183  )
( -307  56  198  )
( 169  11  -306  )
( 62  -112  -136  )
( -332  -55  -273  )
( 20  316  -9  )
( 71  6  234  )
( 85  298  -71  )
( 3  -269  -41  )
( -84  245  -19  )
( 305  -98  -131  )
( 58  -22  -237  )
( -251  157  266  )
( 324  -174  284  )
( 168  -116  -124  )
( -321  151  -232  )
( -265  -332  217  )
( -237  -259  -201  )
( -336  -236  -270  )
( -228  -246  120  )
( 268  -335  164  )
( -127  -206  318  )
( -301  -344  220  )
( 345  -308  118  )
( -217  -259  -104  )
( 118  -314  -162  )
( 321  127  266  )
( -310  -25  253  )
( -253  104  181  )
( 229  142  88  )
( -228  109  309  )
( -211  -207  -8  )
( -219  -223  -119  )
( 202  -128  -251  )
( -93  346  -263  )
( -236  -228  216  )
( 259  339  285  )
( -258  -198  -169  )
( -37  -161  296  )
( 116  -233  67  )
( -11  -297  18  )
( 175  219  266  )
( 343  -271  262  )
( -253  -134  265  )
( 148  -181  258  )
( 275  183  259  )
( -74  232  -121  )
( -202  -107  205  )
( -14  214  -1  )
( 303  -328  74  )
( -193  -73  -225  )
( 133  42  33  )
( 273  180  103  )
( -7  281  -62  )
( 127  146  1  )
( -209  51  -144  )
( 221  -47  -144  )
( 268  -275  49  )
( -262  -65  -171  )
( 191  -148  167  )
( -90  -88  -29  )
( -202  -239  -89  )
( -205  12  171  )
( 314  -214  10  )
( -207  -35  135  )
( 209  330  290  )
( -325  -260  322  )
( 7  -11  -135  )
( -31  286  -293  )
( -146  214  -304  )
( -315  222  -306  )
( 255  -137  -337  )
( -299  85  67  )
( 175  125  -6  )
( -35  -152  49  )
( 108  262  174  )
( 323  -185  327  )
( -267  -135  275  )
( -47  303  -239  )
( 205  -249  80  )
( 128  -309  -44  )
( 142  193  137  )
( -18  -296  26  )
( 43  153  -242  )
( -101  309  55  )
( -322  -39  349  )
( 229  -138  340  )
( 119  -40  -222  )
( -185  74  105  )
( 146  -212  85  )
( -102  169  -44  )
( -5  101  72  )
( -103  -111  113  )
( 324  83  133  )
( 183  1  338  )
( 318  257  -341  )
( 259  -45  24  )
( -228  -119  -299  )
( -57  223  -287  )
( 222  -99  -76  )
( -137  -181  -21  )
( 321  -280  295  )
( 170  278  -315  )
( -127  -305  -335  )
( -83  -22  129  )
( 281  99  297  )
( 34  92  14  )
( 279  -24  227  )
( 224  233  -232  )
( 136  -62  107  )
( 309  -142  323  )
( 162  -280  -45  )
( 73  93  -272  )
( -99  95  -123  )
( 321  -168  241  )
( -157  337  -7  )
( -234  214  -264  )
( 297  248  -168  )
( -75  -122  -72  )
( -103  263  275  )
( -77  -91  -261  )
( -136  -16  -116  )
( -257  223  281  )
( -294  -255  290  )
( -299  38  -192  )
( 341  185  -37  )
( 159  -252  -77  )
( 106  -56  -283  )
( -159  -305  48  )
( -245  -57  156  )
( -225  -10  -254  )
( 141  57  248  )
( 70  -27  -147  )
( 228  -55  -126  )
( 334  -280  -9  )
( -157  78  -263  )
( -61  -163  -285  )
( 341  -54  294  )
( -233  -186  -3  )
( -159  313  -320  )
( 13  244  281  )
( -272  -197  -51  )
( -266  -241  -5  )
( -75  -86  -69  )
( 151  62  -249  )
( 314  -140  340  )
( 311  -340  -148  )
( -199  -48  -234  )
( 130  -240  26  )
( 262  -52  -269  )
( -78  282  324  )
( -258  166  -169  )
( 8  -181  291  )
( 109  -188  -264  )
( -82  337  -208  )
( -205  -207  -201  )
( -62  33  -266  )
( 247  21  -12  )
( -282  -247  -228  )
( 284  332  -50  )
( 119  -275  -20  )
( 284  190  -281  )
( 340  -53  -161  )
( -245  -213  -132  )
( 181  97  -204  )
( 343  61  -308  )
( -41  -110  175  )
( -295  346  -104  )
( 35  285  -87  )
( -260  301  -340  )
( 101  -307  -204  )
( -140  200  -296  )
( 12  -55  -294  )
( -89  4  -82  )
( 254  273  -80  )
( 108  203  95  )
( -187  217  60  )
( 213  -343  -68  )
( 193  6  -276  )
( -131  299  256  )
( 296  254  -250  )
( -64  -232  90  )
( -260  317  10  )
( -229  -181  216  )
( -287  80  65  )
( -28  -124  188  )
( 266  139  72  )
( 280  256  -79  )
( -225  -289  6  )
( -111  317  114  )
( -62  -276  -98  )
( 318  27  -70  )
( -253  -258  250  )
( -253  -257  48  )
( -148  -82  -149  )
( 140  232  -252  )
( 207  200  112  )
( 168  23  20  )
( -227  220  336  )
( -23  -195  -175  )
( 331  -24  169  )
( 175  -125  3  )
( -36  340  253  )
( 338  307  -347  )
( -71  -329  -79  )
( 230  270  -329  )
( -69  -203  146  )
( -314  -324  90  )
( 309  168  -218  )
( 40  -22  -110  )
( -26  -17  122  )
( 250  -223  285  )
( -17  76  310  )
( 324  -215  -301  )
( 114  147  41  )
( -297  -15  -181  )
( 173  -311  -54  )
( -320  16  310  )
( 293  -277  -56  )
( 171  -311  13  )
( -62  -235  -81  )
( 237  31  -337  )
( -155  -165  -173  )
( -342  31  -286  )
( 95  -257  -268  )
( -279  -265  103  )
( -344  -158  55  )
( -226  -64  -190  )
( 160  135  -102  )
( 148  -31  -140  )
( 112  270  -18  )
( 105  -228  81  )
( 152  262  -190  )
( 69  187  -149  )
( -30  68  -268  )
( 125  147  -270  )
( -333  -45  -76  )
( -219  -349  18  )
( -259  168  -344  )
( -278  13  -113  )
( -143  -318  347  )
( 14  -329  -110  )
( 168  -33  -37  )
( 108  226  115  )
( 96  319  -347  )
( 122  -42  260  )
( 111  156  177  )
( -0  -225  170  )
( -94  160  -173  )
( -181  -95  -129  )
( -120  115  257  )
( 122  347  267  )
( -39  -94  -6  )
( -339  -213  348  )
( -328  -201  -81  )
( 9  237  211  )
( 22  -152  -109  )
( -209  -183  -275  )
( -306  -62  -271  )
( 211  -33  292  )
( 168  -214  142  )
( -16  319  -45  )
( -324  119  144  )
( -266  -85  37  )
( 306  269  88  )
( 225  -256  -338  )
( 284  103  104  )
( -303  -33  -226  )
( -225  122  337  )
( -71  86  -227  )
( -109  -280  -87  )
( -327  -59  -322  )
( 293  -1  281  )
( -22  92  187  )
( -39  -335  203  )
( 273  174  155  )
( 280  -312  -246  )
( 135  216  -200  )
( -101  -68  79  )
( 283  -68  -331  )
( -184  -298  -217  )
( -137  10  -226  )
( 154  150  -182  )
( -330  -263  182  )
( 77  174  -229  )
( -104  -337  -250  )
( 253  -9  -174  )
( -92  200  315  )
( 103  253  -107  )
( -204  63  260  )
( -206  215  -226  )
( -97  65  184  )
( -112  347  -348  )
( 55  19  335  )
( 26  285  6  )
( 123  55  338  )
( 140  -55  -216  )
( 114  145  281  )
( -206  -267  97  )
( -40  126  -251  )
( -236  143  190  )
( 103  220  224  )
( 243  -222  -205  )
( 270  194  -31  )
( -43  334  302  )
( -339  73  233  )
( -175  -231  177  )
( 66  -299  192  )
( -83  275  335  )
( 297  163  -193  )
( 294  -335  -135  )
( 49  68  -218  )
( 308  -193  -34  )
( -332  -86  196  )
( -290  292  129  )
( 27  -195  19  )
( -184  -9  246  )
( -85  190  62  )
( -173  -342  -339  )
( 24  125  -56  )
( -11  -284  323  )
( 41  82  -86  )
( -61  -103  -93  )
( -37  -338  -9  )
( -161  122  -297  )
( 112  -262  -163  )
( 218  -27  147  )
( -207  42  -82  )
( -216  293  63  )
( 156  222  -315  )
( -241  3  -131  )
( 274  118  110  )
( -234  118  100  )
( -250  108  307  )
( -150  341  152  )
( 15  -90  239  )
( -127  177  326  )
( -12  25  -150  )
( -37  48  -189  )
( 174  -224  -251  )
( -28  -281  21  )
( 272  231  -39  )
( 185  228  250  )
( -316  33  2  )
( 195  -68  349  )
( -1  -117  185  )
( -308  74  -295  )
( -283  -57  166  )
( 295  198  -143  )
( 77  -197  -100  )
( 20  6  165  )
( 242  251  -54  )
( 70  83  217  )
( -292  161  -276  )
( 149  167  86  )
( -10  -179  -28  )
( -22  164  80  )
( 343  -172  -121  )
( -133  -258  154  )
( -179  -85  -87  )
( -37  166  -88  )
( 184  87  198  )
( -236  74  312  )
( -133  -206  342  )
( 60  -26  -122  )
( 343  273  -205  )
( -9  -167  -162  )
( 172  -8  47  )
( 99  165  -336  )
( 77  280  -199  )
( -26  -231  -255  )
( 170  17  -263  )
( -271  -165  78  )
( 258  -279  204  )
( -251  233  -315  )
( -209  -287  -58  )
( -39  -25  -252  )
( -345  -158  147  )
( 325  -217  313  )
( 342  133  -249  )
( 141  -199  0  )
( 192  -337  300  )
( 246  -144  -330  )
( -105  83  -127  )
( 60  306  -42  )
( -161  -272  -36  )
( 130  142  -32  )
( 243  -112  342  )
( -42  -184  -302  )
( 79  -45  258  )
( -77  -2  -287  )
( -81  -272  -302  )
( 280  237  -122  )
( 314  -116  -289  )
( -283  197  81  )
( -160  -29  23  )
( -40  -328  -240  )
( -139  -270  265  )
( 86  -242  221  )
( -180  -223  -142  )
( 296  -54  -280  )
( 7  201  290  )
( -141  98  -273  )
( 251  -174  293  )
( -104  32  -278  )
( 145  142  251  )
( -84  75  -7  )
( -311  -229  210  )
( -297  -8  117  )
( -330  -55  124  )
( 178  -23  91  )
( 242  -71  -192  )
( -67  -258  312  )
( 165  -111  120  )
( -3  -220  -344  )
( 87  213  251  )
( 84  -233  22  )
( 346  -225  -214  )
( 114  221  244  )
( 118  -166  -257  )
( -210  41  312  )
( -42  -156  -333  )
( 326  -209  301  )
( 248  252  241  )
( 306  -289  204  )
( -290  -236  -1  )
( -161  -59  156  )
( 265  -347  -242  )
( 80  305  -74  )
( 233  250  -193  )
( -5  265  126  )
( 104  295  -324  )
( 304  -34  46  )
( 330  98  -163  )
( 15  -125  -206  )
( 64  -323  -334  )
( 51  -182  -207  )
( 23  115  -1  )
( 161  -133  -1  )
( -256  213  -11  )
( -332  -317  -266  )
( -258  -154  236  )
( 193  133  104  )
( 199  118  286  )
( 142  -283  320  )
( -248  1  -319  )
( 73  -115  93  )
( 161  76  -177  )
( -147  -289  275  )
( -158  -21  240  )
( 63  -91  -133  )
( -56  89  -332  )
( 75  187  189  )
( -80  27  -75  )
( 346  307  152  )
( 260  -299  -86  )
( 36  22  -342  )
( -252  -178  81  )
( 197  -0  -140  )
( 317  -176  -314  )
( -185  122  278  )
( 335  291  2  )
( -250  -166  245  )
( -41  163  15  )
( 182  -148  23  )
( 301  -40  -212  )
( 56  -202  167  )
( 168  -40  224  )
( -92  246  -152  )
( 33  189  292  )
( -71  -58  -208  )
( -238  -68  163  )
( -1  188  316  )
( 123  -331  315  )
( -218  -270  88  )
( -183  -58  169  )
( -66  285  -349  )
( 120  -99  -251  )
( -89  164  -122  )
( 63  -51  226  )
( 75  82  60  )
( -63  172  146  )
( -113  119  72  )
( -254  147  -10  )
( 238  -62  -346  )
( -205  166  -17  )
( 234  52  343  )
( 169  -129  -140  )
( 321  140  -99  )
( 338  -252  -259  )
( -181  277  -184  )
( 284  343  160  )
( 259  95  -198  )
( 29  203  34  )
( 65  -327  -158  )
( -308  -43  -61  )
( -50  26  251  )
( -41  319  -324  )
( 287  13  -141  )
( 98  106  -291  )
( 206  184  285  )
( 0  294  314  )
( -58  311  154  )
( 25  -140  347  )
( -25  241  65  )
( -247  -187  -202  )
( 324  192  186  )
( 236  -309  224  )
( 327  93  -68  )
( -142  89  342  )
( 212  153  -273  )
( 65  -84  60  )
( 196  49  -325  )
( 65  -279  80  )
( 236  -221  306  )
( 181  -344  -271  )
( -163  190  306  )
( 59  -17  -285  )
( -243  -341  -162  )
( -247  22  -156  )
( -171  -83  -115  )
( -170  275  128  )
( -309  -282  326  )
( 104  -332  -321  )
( 5  161  174  )
( 58  337  -212  )
( 180  252  -90  )
( 259  263  244  )
( -50  -158  114  )
( 149  -32  -289  )
( 199  322  -198  )
( -182  55  278  )
( -315  -239  24  )
( 341  265  310  )
( 128  -249  269  )
( -305  241  -322  )
( 107  -207  300  )
( 321  133  225  )
( -176  22  45  )
( 56  299  248  )
( 62  -113  315  )
( -44  -215  56  )
( 143  -263  134  )
( -56  337  284  )
( 131  155  349  )
( 211  -207  -297  )
( 44  -122  210  )
( -328  279  296  )
( -64  256  290  )
( -155  76  9  )
( 88  -51  96  )
( 76  -60  -59  )
( -322  -57  -34  )
( 160  -32  -237  )
( 345  -326  -295  )
( 255  184  -250  )
( -144  -176  -290  )
( 328  177  185  )
( -79  161  -281  )
( -241  -81  253  )
( 310  187  135  )
( -132  -334  344  )
( 199  -158  57  )
( -278  322  307  )
( -145  -36  51  )
( 7  337  -126  )
( -123  261  68  )
( 91  81  -52  )
( 100  -77  235  )
( 240  -125  -92  )
( -329  -30  -40  )
( -16  -294  80  )
( 341  -204  269  )
( 74  -306  67  )
( -47  205  216  )
( 155  230  75  )
( -309  134  -263  )
( 233  273  -145  )
( -27  -12  131  )
( 179  -183  -264  )
( -240  92  151  )
( -96  -8  -279  )
( 289  -75  -190  )
( -322  336  -82  )
( -102  -42  331  )
( 303  -208  315  )
( -124  -160  -83  )
( -200  -188  -198  )
( -236  121  -185  )
( 15  -319  193  )
( 218  99  287  )
( -99  -306  -112  )
( 253  -126  238  )
( -293  -17  -20  )
( -73  260  314  )
( -293  -174  141  )
( 255  50  -5  )
( -324  -274  -214  )
( 20  -316  240  )
( -306  -42  -304  )
( -168  314  89  )
( -261  -277  29  )
( -345  308  -300  )
( 262  -177  -313  )
( 242  280  143  )
( -272  83  95  )
( 149  -143  -238  )
( -155  -179  329  )
( 119  -27  215  )
( -169  -73  -99  )
( 88  -308  253  )
( -313  -247  307  )
( -144  342  32  )
( -115  -103  239  )
( 214  -230  191  )
( 346  58  341  )
( -342  -316  240  )
( -185  57  -6  )
( 17  346  149  )
( 275  -67  -120  )
( 264  120  -48  )
( -220  328  -219  )
( 347  -67  -268  )
( 299  -221  239  )
( -337  -296  -240  )
( -129  -188  -28  )
( -80  31  44  )
( 68  -13  -268  )
( -150  168  205  )
( -249  105  -208  )
( -206  -151  196  )
( -240  327  -9  )
( 247  57  43  )
( -262  -103  323  )
( 265  -241  33  )
( 300  139  -268  )
( -6  176  -63  )
( 73  -141  56  )
( -9  89  286  )
( 321  225  102  )
( -208  288  22  )
( 334  -11  -68  )
( 280  -339  74  )
( 65  -215  112  )
( -64  -46  -290  )
( -15  225  -6  )
( 107  -108  323  )
( 109  99  123  )
( 180  -90  53  )
( 233  -43  -7  )
( 35  -28  -283  )
( -236  -52  63  )
( 23  -80  260  )
( -234  -294  68  )
( 336  172  -205  )
( 342  272  -79  )
( -262  -189  125  )
( -17  252  -150  )
( -84  -247  -181  )
( -200  88  331  )
( -141  314  301  )
( 274  237  -118  )
( 283  120  311  )
( 229  -131  320  )
( -118  341  -55  )
( 247  -347  109  )
( 221  124  -142  )
( -19  -132  -249  )
( -237  -100  82  )
( -153  -88  -29  )
( 228  117  110  )
( -67  27  -139  )
( 7  36  -11  )
( -101  286  56  )
( 279  -264  103  )
( -330  -58  292  )
( 202  54  237  )
( 188  -110  -136  )
( 215  -152  34  )
( -159  105  -109  )
( 348  -285  -27  )
( -187  -308  -334  )
( -149  -295  330  )
( 332  -70  7  )
( 151  17  349  )
( 67  133  -327  )
( 50  189  20  )
( -276  203  -295  )
( -82  157  145  )
( -1  -126  -125  )
( -143  54  166  )
( 305  -53  39  )
( 20  -64  -195  )
( -286  -330  114  )
( -149  -226  184  )
( 198  152  32  )
( 299  -231  -322  )
( 208  140  -343  )
( -273  -331  -313  )
( 162  272  -214  )
( 153  -23  104  )
( -263  46  -227  )
( -63  -338  160  )
( 21  221  213  )
( -158  291  303  )
( 342  -74  258  )
( 304  219  -34  )
( 181  241  112  )
( -88  91  283  )
( -306  18  263  )
( -82  293  -185  )
( 10  -114  268  )
( -137  -241  -282  )
( 202  108  252  )
( 32  179  52  )
( 44  259  -299  )
( -44  -286  90  )
( -140  -9  275  )
( -206  -316  -289  )
( -111  177  17  )
( 86  348  10  )
( 238  -234  -267  )
( 284  -302  -278  )
( -241  -303  -59  )
( 72  -185  123  )
( 102  35  -83  )
( 120  206  48  )
( -148  25  302  )
( 195  278  334  )
( 331  200  -297  )
( 4  -220  -240  )
( 73  302  216  )
( 97  312  94  )
( -57  -71  173  )
( 176  -76  343  )
( -323  318  -194  )
( 126  -187  -337  )
( -279  -119  -323  )
( -208  203  -3  )
( 77  -39  -239  )
( -147  79  158  )
( -17  -294  -164  )
( -223  66  -158  )
( 203  -114  -234  )
( -90  152  63  )
( 236  -222  -227  )
( -253  -186  -179  )
( 187  301  -51  )
( -1  330  -291  )
( 84  -47  38  )
( -246  293  -154  )
( -18  220  211  )
( 348  200  -170  )
( 84  -169  204  )
( 315  246  138  )
( -142  323  124  )
( -209  -196  96  )
( 260  -163  267  )
( -16  -307  -54  )
( -191  10  99  )
( -122  -293  -308  )
( -171  -78  -18  )
( 210  208  319  )
( -330  -202  -44  )
( -261  -26  163  )
( -83  208  322  )
( 15  21  -45  )
( 278  324  166  )
( 181  -38  -43  )
( 74  -273  -276  )
( -178  63  60  )
( 119  -58  -335  )
( 231  -317  -210  )
( -97  24  106  )
( -33  -208  -1  )
( 241  65  -76  )
( -19  -78  344  )
( -93  327  -178  )
( 299  203  -219  )
( -192  131  -212  )
( 123  -222  325  )
( -128  51  -290  )
( 2  254  285  )
( -18  66  -92  )
( -76  167  -18  )
( 187  -215  -246  )
( -1  323  -198  )
( 305  -143  -62  )
( 314  14  175  )
( 90  -150  236  )
( 218  151  -265  )
( 62  33  -82  )
( -290  -109  -3  )
( 334  -260  -48  )
( -250  23  -33  )
( 111  -310  -265  )
( -209  -99  248  )
( -266  -332  -167  )
( -293  225  -280  )
( 27  -53  -28  )
( -131  123  317  )
( -112  238  294  )
( 146  -194  1  )
( 119  -159  -151  )
( -324  -306  170  )
( 140  64  -133  )
( -50  -205  -186  )
( -192  104  -46  )
( -124  201  29  )
( -82  -255  -45  )
( -210  26  56  )
( 217  -277  86  )
( -201  182  40  )
( 26  132  146  )
( 346  -137  68  )
( -293  -19  -86  )
( 123  -243  196  )
( 322  -4  -0  )
( 40  267  44  )
( -131  32  -218  )
( -299  -303  -261  )
( 290  345  85  )
( -113  69  275  )
( 75  -324  248  )
( 298  319  44  )
( -131  120  98  )
( 120  266  122  )
( 186  41  340  )
( -32  74  -292  )
( -20  -257  -307  )
( -126  -118  -115  )
( 61  138  43  )
( 236  -136  220  )
( -79  -150  208  )
( 108  307  152  )
( 276  69  -109  )
( -282  336  333  )
( -42  186  -275  )
( 164  312  294  )
( 76  36  113  )
( 106  -232  347  )
( -161  -62  229  )
( 234  -42  -158  )
( -303  -347  333  )
( 143  -27  251  )
( 161  -124  1  )
( 213  193  -115  )
( 303  47  301  )
( 240  -22  -264  )
( 216  8  279  )
( 231  -131  124  )
( 161  -171  245  )
( -229  -194  277  )
( 41  -208  -152  )
( 287  -88  -216  )
( 10  313  -279  )
( 191  -12  -144  )
( 233  -143  -50  )
( -266  -348  49  )
( -299  325  -265  )
( 312  -315  -174  )
( -244  336  -193  )
( -238  -193  315  )
( -192  -336  217  )
( 276  -193  108  )
( -321  147  255  )
( 292  120  121  )
( -103  288  -20  )
( 250  180  34  )
( -69  281  -64  )
( 335  137  -113  )
( -34  -159  -101  )
( 214  -212  98  )
( 312  320  348  )
( -281  -31  -346  )
( 298  -4  -65  )
( 345  224  38  )
( 145  -314  104  )
( -20  -208  82  )
( -197  -88  264  )
( -11  -99  266  )
( 298  -49  54  )
( -218  289  239  )
( 207  -72  153  )
( -87  270  308  )
( 60  -11  -294  )
( -247  -282  -208  )
( 59  128  -90  )
( -319  -160  -283  )
( -305  55  -323  )
( -216  -193  -252  )
( 207  256  175  )
( 221  -97  127  )
( -335  -178  115  )
( 84  -258  -347  )
( 197  41  135  )
( 311  307  227  )
( 257  -30  271  )
( 49  105  230  )
( -304  141  97  )
( -79  -142  214  )
( -221  -317  26  )
( 240  348  220  )
( -342  15  96  )
( 285  338  -212  )
( 261  -290  32  )
( -199  -142  -146  )
( -324  -138  100  )
( -138  236  149  )
( -21  5  192  )
( 134  -19  147  )
( 211  336  -331  )
( -280  -163  -273  )
( -39  -176  221  )
( -259  -308  -159  )
( -5  -305  98  )
( 103  159  300  )
( -22  276  74  )
( 27  287  93  )
( -103  -193  197  )
( -193  -226  -270  )
( -72  -7  -144  )
( -218  -285  9  )
( -185  76  -136  )
( 318  -140  -153  )
( 38  -204  -217  )
( -190  207  318  )
( 174  332  -130  )
( -113  -321  -63  )
( -31  306  231  )
( 272  -252  -299  )
( 335  47  -176  )
( 140  311  267  )
( 299  -206  -163  )
( -148  -16  -218  )
( 274  268  -304  )
( 221  283  -235  )
( -115  21  -311  )
( 113  94  152  )
( 257  175  40  )
( -212  328  347  )
( -306  182  63  )
( -286  -214  -343  )
( -86  -327  -287  )
( -198  317  -81  )
( -340  -110  118  )
( -302  -97  32  )
( -322  -119  116  )
( 207  296  255  )
( -273  225  -297  )
( -331  125  -290  )
( 316  234  -318  )
( -63  202  74  )
( -155  -119  -249  )
( 256  345  37  )
( 79  23  297  )
( -37  338  -73  )
( -52  -44  49  )
( 197  -134  189  )
( -157  -217  -196  )
( 184  289  314  )
( 25  -243  118  )
( 129  -18  250  )
( -327  -328  333  )
( -221  168  151  )
( -339  221  -256  )
( 300  283  -261  )
( 174  340  -271  )
( -77  132  309  )
( -169  299  -224  )
( 166  157  -257  )
( 84  205  -220  )
( -90  -134  -170  )
( 33  222  240  )
( -286  79  -280  )
( 186  -21  252  )
( -172  -2  57  )
( -9  75  217  )
( 264  -177  -344  )
( -276  -101  274  )
( 343  -13  247  )
( 242  263  190  )
( -147  190  -319  )
( 322  -132  349  )
( 338  -88  -306  )
( 89  103  -302  )
( 101  -133  -319  )
( 196  281  -8  )
( 212  151  -169  )
( 19  -229  -168  )
( 80  -248  274  )
( -285  -31  19  )
( -110  221  -163  )
( -281  -33  -84  )
( 129  -183  -186  )
( 80  298  -170  )
( 81  224  -83  )
( -289  -102  -335  )
( -9  254  113  )
( 56  -55  -248  )
( 238  -138  -33  )
( -51  18  -318  )
( -289  231  -64  )
( 231  -305  -142  )
( 349  124  304  )
( 40  -248  1  )
( 284  -208  41  )
( -84  -148  -18  )
( 197  343  232  )
( 61  81  208  )
( 219  220  234  )
( 280  88  -98  )
( -194  -277  198  )
( -242  146  207  )
( -320  174  -237  )
( -130  -201  261  )
( -7  238  -268  )
( -176  67  -64  )
( -222  -213  342  )
( 216  331  -133  )
( 165  164  162  )
( -246  178  229  )
( -63  -258  -168  )
( 251  159  26  )
( 61  161  -82  )
( 68  -120  -179  )
( 190  172  -16  )
( -165  174  -261  )
( 329  81  296  )
( 227  179  -54  )
( 58  307  268  )
( -286  91  177  )
( -63  18  46  )
( 35  -202  269  )
( -325  -67  -33  )
( -38  6  -292  )
( 134  96  -260  )
( -253  -24  -242  )
( -107  -167  111  )
( -125  -112  -26  )
( -81  -214  24  )
( 77  270  -100  )
( -14  -185  80  )
( 50  99  2  )
( 317  346  262  )
( -250  244  -264  )
( -230  298  57  )
( -265  -23  -318  )
( -133  245  348  )
( 47  169  289  )
( -151  145  -179  )
( -142  302  -11  )
( -202  27  227  )
( 68  -129  29  )
( 214  -260  -108  )
( -307  -164  -271  )
( 95  285  -188  )
( -150  -204  -306  )
( 265  227  143  )
( 286  -311  -102  )
( -281  189  253  )
( -9  81  -315  )
( -316  -138  191  )
( -14  -298  -230  )
( 57  31  -111  )
( 25  -135  39  )
( 200  -52  160  )
( 153  -190  -169  )
( 197  -169  147  )
( 179  83  313  )
( 179  -213  185  )
( -146  -164  -12  )
( -73  128  203  )
( 162  -74  322  )
( 86  -123  -8  )
( -13  -309  1  )
( -237  -319  -168  )
( -86  18  -26  )
( 159  -109  33  )
( -344  340  -162  )
( -183  -217  -224  )
( -233  -147  -213  )
( 58  4  17  )
( -315  -131  -14  )
( -328  91  -199  )
( -279  -153  243  )
( 257  309  -341  )
( 229  -319  57  )
( -300  151  -178  )
( -281  -289  107  )
( 349  -100  -119  )
( 271  -296  -316  )
( -219  130  223  )
( 138  243  -349  )
( 278  -347  321  )
( 3  85  21  )
( 261  186  -74  )
( 106  -164  -175  )
( -256  -329  -90  )
( -160  -226  -59  )
( -63  127  -347  )
( 22  130  206  )
( -27  81  -311  )
( -40  188  -249  )
( -149  1  45  )
( -149  245  -207  )
( -126  197  -90  )
( -45  237  203  )
( 173  -202  134  )
( -38  9  -297  )
( -16  -40  258  )
( -184  -274  156  )
( 302  257  68  )
( -114  178  172  )
( 116  15  337  )
( 12  -8  -169  )
( 82  -175  -312  )
( -197  130  146  )
( 91  -33  185  )
( -52  -193  -197  )
( 211  -269  5  )
( 76  60  173  )
( 268  1  77  )
( 105  258  74  )
( -299  -49  266  )
( -203  -254  291  )
( 256  -69  -238  )
( 155  -232  100  )
( -104  175  343  )
( -290  -271  -240  )
( -102  -26  -312  )
( 304  191  -34  )
( 214  199  -317  )
( -211  -192  -56  )
( -34  19  -264  )
( -163  -246  35  )
( 51  -85  168  )
( -128  -51  -140  )
( 16  -108  204  )
( 201  -348  99  )
( 20  187  243  )
( -337  -216  226  )
( 195  -190  -273  )
( 315  -4  -190  )
( 196  304  -308  )
( 260  231  -134  )
( -185  155  13  )
( 42  239  12  )
( 339  -156  -237  )
( 212  -321  167  )
( 270  -110  -6  )
( -6  328  200  )
( 181  275  179  )
( 89  -58  163  )
( -115  -138  -94  )
( 108  -5  -109  )
( 51  -97  -85  )
( 327  222  35  )
( 281  336  205  )
( 301  -54  -245  )
( -94  245  -120  )
( -233  -220  241  )
( -239  17  322  )
( 103  -229  -187  )
( 325  -310  5  )
( 332  -159  -108  )
( 24  -122  -32  )
( 162  80  -324  )
( -94  107  -234  )
( -246  170  -126  )
( 200  -160  -313  )
( -149  57  186  )
( 256  65  -306  )
( -126  201  112  )
( -40  -138  213  )
( -216  82  333  )
( 25  -86  334  )
( -39  -174  296  )
( 133  9  294  )
( -298  124  -8  )
( 240  -72  -68  )
( 311  -255  -20  )
( -35  -33  125  )
( -26  -102  -41  )
( 280  -13  -286  )
( 308  334  -179  )
( -138  -99  116  )
( -158  -67  -79  )
( -318  80  -217  )
( -219  -192  276  )
( 273  -217  34  )
( -116  -327  -105  )
( 172  -187  203  )
( -106  -247  -232  )
( 216  186  219  )
( 171  -143  -47  )
( 132  -169  160  )
( -91  -235  -119  )
( -335  182  -17  )
( -86  264  -285  )
( -94  -207  -295  )
( -2  -302  170  )
( 86  -346  -67  )
( -42  284  90  )
( -279  -147  293  )
( -31  -219  -302  )
( -192  234  296  )
( -137  45  237  )
( 176  -208  41  )
( -282  145  269  )
( -3  338  35  )
( 240  -320  297  )
( 217  -164  -328  )
( 327  -132  -46  )
( 13  -225  -222  )
( -219  -153  83  )
( 167  318  -145  )
( -62  143  35  )
( -249  327  -22  )
( 224  331  -33  )
( -185  99  -276  )
( -176  345  300  )
( -208  277  4  )
( -144  -266  10  )
( -234  291  -317  )
( -108  283  -144  )
( -287  312  -38  )
( -204  213  253  )
( 209  339  -278  )
( -143  -91  339  )
( 224  291  202  )
( -225  -21  -346  )
( -332  -253  164  )
( 218  -308  172  )
( 332  149  -4  )
( -33  -6  288  )
( 154  144  199  )
( 292  -228  -146  )
( 198  37  34  )
( 292  -278  280  )
( 74  147  -64  )
( 139  82  252  )
( -222  180  -132  )
( 181  138  -177  )
( -312  68  -17  )
( 85  61  -145  )
( -238  -338  95  )
( -58  285  270  )
( -289  -12  23  )
( -119  37  271  )
( 313  -287  193  )
( 86  -167  150  )
( -227  -121  273  )
( -20  -316  -174  )
( 133  -315  59  )
( -71  145  347  )
( -248  111  -271  )
( 89  276  -61  )
( -239  36  295  )
( -145  93  95  )
( 125  294  -323  )
( -216  -172  178  )
( 315  -29  -293  )
( 248  -8  -294  )
( 217  -334  -35  )
( -171  169  281  )
( -208  -92  -155  )
( 335  96  105  )
( 323  333  -166  )
( -177  171  -226  )
( 6  -240  78  )
( -335  171  -31  )
( 2  69  -133  )
( -93  219  -27  )
( 328  292  -57  )
( -327  273  -41  )
( 296  -349  -193  )
( -50  -206  -324  )
( 157  118  -112  )
( -140  54  1  )
( 113  231  257  )
( 78  -37  31  )
( 42  164  37  )
( 297  -233  88  )
( -69  31  -331  )
( 251  7  220  )
( -284  -109  274  )
( -45  -215  -4  )
( -196  315  48  )
( -246  60  -88  )
( 238  -1  268  )
( -113  -3  -211  )
( -57  338  92  )
( 111  348  -239  )
( 43  35  -320  )
( -275  -111  188  )
( 226  256  -277  )
( 319  -31  -318  )
( 265  25  -312  )
( 64  -319  -38  )
( -243  186  -218  )
( -337  -121  -320  )
( 144  157  -86  )
( -42  112  83  )
( -81  -44  -233  )
( 165  26  104  )
( -127  141  -278  )
( 324  111  -122  )
( -61  217  -180  )
( -219  -1  300  )
( -127  -38  328  )
( -292  -87  -343  )
( -287  -299  -314  )
( -341  -173  -203  )
( -133  39  173  )
( -225  -151  -73  )
( -76  15  -177  )
( 322  61  -183  )
( -241  -91  204  )
( -326  157  -128  )
( 307  185  -49  )
( 295  205  249  )
( -247  -341  109  )
( 151  -128  -166  )
( -270  220  48  )
( -91  53  -242  )
( 224  334  60  )
( -20  230  274  )
( 35  -69  341  )
( 0  309  -18  )
( 0  -49  -328  )
( 10  103  -4  )
( -67  340  -296  )
( 27  163  -349  )
( 4  -101  -176  )
( -336  224  107  )
( 207  -153  236  )
( 320  22  339  )
( 168  205  223  )
( 75  224  38  )
( 10  319  -115  )
( 32  38  -216  )
( -147  99  169  )
( 213  -217  303  )
( -85  29  -7  )
( 125  -327  341  )
( -165  -288  -1  )
( 134  124  52  )
( -330  19  -80  )
( 283  5  -216  )
( -226  66  89  )
( 159  -185  -121  )
( -176  -14  197  )
( -340  -264  -106  )
( -198  -128  129  )
( 92  293  199  )
( -238  -271  -288  )
( 297  -63  40  )
( 256  143  264  )
( -263  175  -67  )
( 84  -48  -202  )
( 80  202  -32  )
( 84  55  -220  )
( 21  -93  -81  )
( -213  281  271  )
( 207  54  49  )
( 190  -141  268  )
( 150  -123  -23  )
( -270  255  300  )
( 0  295  40  )
( -285  -35  -246  )
( 189  -10  132  )
( 320  -301  69  )
( -237  162  -263  )
( -178  -313  125  )
( -274  140  327  )
( -161  -149  -275  )
( -180  -279  17  )
( 212  -267  -141  )
( -342  -253  -272  )
( -73  -149  -46  )
( -236  34  -171  )
( 212  313  296  )
( -289  -65  294  )
( 121  246  182  )
( 34  0  -139  )
( -16  199  249  )
( -95  94  -271  )
( -181  40  -105  )
( -208  -211  128  )
( -278  -214  94  )
( -6  -89  52  )
( -103  270  11  )
( -89  -169  55  )
( 154  -125  -19  )
( -17  -298  -70  )
( -272  193  -57  )
( -169  123  -203  )
( 137  -17  -251  )
( -347  258  -118  )
( 37  137  294  )
( 113  -202  99  )
( 181  -344  -257  )
( -100  137  -285  )
( 92  1  73  )
( -287  178  336  )
( -221  315  -52  )
( -98  -161  -9  )
( 293  -198  -160  )
( 210  163  230  )
( -109  -101  -59  )
( 348  -206  -22  )
( -99  -329  -337  )
( -252  146  -144  )
( -200  269  78  )
( 145  203  -172  )
( -62  239  123  )
( 210  151  345  )
( -316  257  199  )
( -246  195  -272  )
( -17  328  272  )
( -318  208  -79  )
( 200  -266  151  )
( 294  193  29  )
( -222  -284  -91  )
( -290  -143  247  )
( -81  -169  -295  )
( -23  24  -102  )
( -109  -50  282  )
( 177  -279  52  )
( 109  -244  283  )
( -14  326  -218  )
( -333  136  65  )
( 54  243  202  )
( 91  -263  219  )
( -214  131  -188  )
( 306  122  203  )
( 89  110  -242  )
( -328  -238  -16  )
( -52  -277  -220  )
( -95  -305  16  )
( 296  -11  258  )
( 48  -166  308  )
( -161  47  142  )
( -325  -203  -186  )
( -297  213  -220  )
( 106  45  49  )
( -80  259  261  )
( 135  -130  249  )
( -201  99  -25  )
( -216  -169  291  )
( 266  -344  18  )
( 327  207  69  )
( 57  31  313  )
( 346  108  -202  )
( -233  -150  56  )
( 304  -13  289  )
( -6  -272  45  )
( -141  260  -313  )
( -157  114  106  )
( -144  132  -60  )
( -140  -203  -321  )
( 69  -10  285  )
( -277  346  145  )
( -83  -69  -242  )
( 307  151  -26  )
( -78  -105  -108  )
( 288  163  -239  )
( 259  104  152  )
( 107  -250  118  )
( 340  316  143  )
( 48  88  303  )
( 120  298  -285  )
( -174  143  91  )
( -132  317  87  )
( -171  11  -31  )
( 206  61  -37  )
( -70  116  -111  )
( 254  188  -300  )
( -36  -184  -162  )
( -196  -318  -221  )
( 250  -260  -112  )
( -313  170  -248  )
( -211  331  28  )
( -213  260  -103  )
( 127  -257  15  )
( -232  214  -3  )
( -205  -251  153  )
( 332  -81  -62  )
( -109  -306  164  )
( 21  174  -136  )
( 292  -124  -214  )
