( 219  133  -274  )
( 53  1  154  )
( 122  227  -341  )
( -298  -187  140  )
( -240  -16  -334  )
( 329  -246  314  )
( 148  -19  -62  )
( -86  19  -166  )
( -170  -205  33  )
( 56  -21  -102  )
( -4  -303  -248  )
( 21  97  -191  )
( 30  189  116  )
( -176  -8  -140  )
( 177  246  -26  )
( -202  180  -9  )
( 45  -210  -84  )
( 257  -255  143  )
( 283  14  154  )
( -126  325  -94  )
( -159  -259  -4  )
( -328  -37  -114  )
( 96  -170  -245  )
( -257  228  172  )
( 84  248  69  )
( 333  116  126  )
( -82  270  -117  )
( -69  68  269  )
( 184  307  132  )
( 199  -17  16  )
( -199  -86  244  )
( -332  -280  -248  )
( 259  340  296  )
( -95  205  -229  )
( 55  122  -249  )
( -295  279  113  )
( -346  -215  -108  )
( 162  -348  -347  )
( 25  182  39  )
( -156  -205  -102  )
( 302  142  290  )
( -192  133  -142  )
( -158  -43  128  )
( 2  -341  -239  )
( -163  -36  225  )
( -177  2  -246  )
( -255  -330  26  )
( 312  139  116  )
( 211  -111  -282  )
( 327  -202  -40  )
( 3  79  19  )
( -65  68  -332  )
( -287  -102  228  )
( -304  -321  -293  )
( 102  266  -329  )
( -251  192  -310  )
( 165  -34  340  )
( 239  200  -329  )
( 269  196  -76  )
( -28  -53  -240  )
( 143  274  -203  )
( -231  -92  -71  )
( -106  149  -250  )
( 194  -68  245  )
( -20  -98  -83  )
( 273  52  87  )
( 157  -109  -197  )
( -153  -95  -16  )
( 174  316  144  )
( 309  -225  -102  )
( -186  318  -81  )
( -191  38  219  )
( 104  128  -75  )
( 34  201  -5  )
( 142  -88  -168  )
( -268  167  339  )
( 250  -158  174  )
( 349  -346  -208  )
( -294  150  -154  )
( 176  -76  -11  )
( 96  -312  -66  )
( -219  185  -125  )
( -179  252  -106  )
( -82  220  -54  )
( -163  -312  75  )
( -142  -20  154  )
( 210  281  131  )
( 266  99  -157  )
( 208  -149  13  )
( -191  -297  -313  )
( -2  279  32  )
( 2  -73  -301  )
( -23  236  215  )
( -6  304  287  )
( -251  130  335  )
( -158  -82  -237  )
( 75  -226  87  )
( -31  69  147  )
( -115  147  40  )
( 305  -271  -259  )
( -281  -273  -106  )
( 198  -135  73  )
( 300  345  261  )
( 39  -237  268  )
( -102  296  246  )
( -36  150  199  )
( -325  -167  -135  )
( 15  344  70  )
( 14  -19  -215  )
( -292  -213  -39  )
( 199  -134  293  )
( -9  -206  -18  )
( 6  324  -201  )
( -301  285  24  )
( -49  43  139  )
( -292  293  -165  )
( -138  3  153  )
( 72  -233  -171  )
( 229  2  282  )
( -199  -84  -152  )
( 138  -117  332  )
( -33  86  -136  )
( 167  -243  -127  )
( 336  -286  23  )
( -85  -339  -207  )
( -60  239  217  )
( -347  -204  -238  )
( 196  -74  330  )
( -56  321  58  )
( -33  278  239  )
( -81  -121  -21  )
( 138  -248  -130  )
( 287  -254  -25  )
( 139  266  -92  )
( -2  -347  -68  )
( 135  134  -290  )
( 261  -209  57  )
( 250  -247  339  )
( 93  -317  136  )
( -138  281  -345  )
( -264  -17  -274  )
( 38  -176  -307  )
( 204  -326  -13  )
( -21  241  -200  )
( 347  -310  -307  )
( -142  184  -120  )
( -89  -144  -120  )
( -66  273  -305  )
( -28  116  -101  )
( -230  208  -226  )
( -64  76  153  )
( -106  -335  -291  )
( -47  214  33  )
( -250  276  -340  )
( 213  278  -332  )
( -41  206  16  )
( 293  349  160  )
( 342  -224  244  )
( 296  -149  148  )
( -340  -243  279  )
( 280  -73  -15  )
( -271  54  -242  )
( -174  216  -34  )
( -259  -97  332  )
( -60  73  -157  )
( -166  -13  307  )
( -196  -236  254  )
( 184  -135  133  )
( 16  -183  -110  )
( -82  53  219  )
( 157  -59  213  )
( 52  97  62  )
( 288  -179  -81  )
( 344  316  -199  )
( -338  66  222  )
( -144  282  -306  )
( 263  332  -281  )
( -321  -36  -151  )
( 131  -154  283  )
( 87  -22  243  )
( -61  257  244  )
( 85  -129  19  )
( 320  -71  -271  )
( 57  326  171  )
( -317  -61  -265  )
( 131  23  296  )
( -4  169  -158  )
( 270  326  -260  )
( -207  344  133  )
( 100  -209  117  )
( -83  228  -245  )
( -35  -272  297  )
( 211  344  -2  )
( -145  -199  -329  )
( 46  -15  234  )
( 151  -102  191  )
( 296  -43  244  )
( -74  -154  -2  )
( 60  207  -241  )
( -304  -105  -108  )
( 121  322  -30  )
( 207  -273  -110  )
( 330  -94  9  )
( -50  -184  -113  )
( -297  104  317  )
( 238  -311  11  )
( -77  -181  -17  )
( -33  126  -29  )
( 1  314  132  )
( 349  -172  -242  )
( 63  270  197  )
( 290  -184  -293  )
( 2  -178  45  )
( 122  -101  -169  )
( -136  -109  132  )
( -322  201  292  )
( -149  153  -206  )
( -69  -147  -114  )
( -122  178  169  )
( -327  311  161  )
( -162  98  335  )
( 260  -76  -274  )
( 19  -144  307  )
( -286  -90  -347  )
( 311  176  124  )
( 274  129  156  )
( -141  40  -214  )
( 124  88  211  )
( -295  263  -65  )
( 11  -117  -200  )
( 307  -332  -71  )
( -311  -291  80  )
( 109  328  69  )
( 118  -81  -174  )
( 126  255  205  )
( -51  -198  70  )
( -205  -298  -302  )
( -307  241  190  )
( 90  167  211  )
( -207  108  283  )
( 331  344  34  )
( 257  -145  -175  )
( -236  -246  -186  )
( 296  134  224  )
( -244  -192  -140  )
( -87  -129  -134  )
( -45  27  124  )
( 121  111  -338  )
( 129  -328  -166  )
( -67  109  -255  )
( -313  207  145  )
( -163  306  -175  )
( 182  273  -170  )
( 45  295  41  )
( 298  -95  64  )
( -79  16  150  )
( -194  -185  -38  )
( -201  -303  144  )
( -293  -164  -212  )
( -226  346  -214  )
( -269  -168  304  )
( 269  254  138  )
( 293  132  345  )
( 29  305  94  )
( 53  -323  -234  )
( 302  -207  332  )
( -190  238  252  )
( -341  -336  73  )
( -168  -312  -292  )
( -254  59  48  )
( 250  -101  141  )
( 109  127  -221  )
( 126  -81  -3  )
( -70  212  -158  )
( 170  -46  -262  )
( 30  -216  140  )
( -106  47  223  )
( 207  48  -293  )
( -14  -224  -9  )
( -294  -111  248  )
( 300  -105  -238  )
( -270  -256  344  )
( 88  -60  -212  )
( -137  -274  240  )
( -208  265  -252  )
( 90  -337  258  )
( -305  -37  -345  )
( -39  -17  11  )
( -48  213  98  )
( -215  -27  35  )
( -346  -301  -233  )
( -196  341  -37  )
( -261  144  315  )
( -321  -326  -129  )
( 310  173  44  )
( 199  -93  -218  )
( -296  192  181  )
( 145  -232  247  )
( -306  -114  176  )
( -268  275  118  )
( 199  -232  -143  )
( -105  246  -210  )
( 27  -221  99  )
( 172  336  158  )
( -241  27  85  )
( -23  -347  -69  )
( 183  195  -37  )
( 295  -94  72  )
( 175  116  284  )
( -106  187  -259  )
( 79  81  -318  )
( 212  217  221  )
( -212  307  113  )
( -211  59  -217  )
( 204  -198  225  )
( 315  23  293  )
( 102  -263  80  )
( -175  -113  260  )
( -96  -320  239  )
( -59  220  276  )
( -265  91  -120  )
( -292  -107  214  )
( 337  -243  -246  )
( -185  -121  -235  )
( 80  -96  -71  )
( -55  -76  131  )
( -45  -24  286  )
( -269  -290  -273  )
( -281  -240  298  )
( -73  198  320  )
( -72  -280  6  )
( 207  129  267  )
( -184  -266  -328  )
( -48  -349  86  )
( -126  -48  -40  )
( -167  123  -232  )
( 204  184  324  )
( -211  91  -124  )
( 203  215  211  )
( -239  -241  -253  )
( -89  142  50  )
( 196  248  -24  )
( -246  -268  248  )
( 29  17  218  )
( -250  -33  -25  )
( 106  -339  6  )
( 291  308  11  )
( -37  311  -307  )
( -111  19  -243  )
( -160  -129  -218  )
( -120  277  171  )
( -281  -115  331  )
( -293  88  229  )
( -7  5  329  )
( -23  264  -170  )
( 336  57  31  )
( -182  -17  -215  )
( 111  -183  -99  )
( 76  53  118  )
( -120  300  -312  )
( 160  -126  -304  )
( 105  7  -152  )
( 176  -225  -87  )
( 230  222  -269  )
( -256  -80  170  )
( -222  -223  91  )
( -20  108  210  )
( 47  -305  -39  )
( 82  200  -6  )
( 118  -77  272  )
( -338  219  298  )
( -240  276  344  )
( 122  338  -134  )
( -43  318  316  )
( -145  -4  -297  )
( -313  148  230  )
( 313  -15  -347  )
( -205  -223  344  )
( -45  82  -304  )
( -181  -91  264  )
( 285  4  312  )
( 58  -334  151  )
( 122  293  -86  )
( -299  217  228  )
( -62  142  -256  )
( 101  89  -138  )
( 125  48  82  )
( -69  -334  -75  )
( 200  294  325  )
( -316  211  11  )
( -79  -176  185  )
( -272  175  294  )
( 205  341  -284  )
( -254  -330  -195  )
( 259  199  155  )
( 238  42  -210  )
( -8  213  -7  )
( 213  45  -315  )
( -105  -58  260  )
( 99  267  86  )
( 74  98  75  )
( 322  -53  -37  )
( -304  14  -38  )
( 271  -98  -167  )
( -150  204  124  )
( 203  348  -274  )
( 148  331  117  )
( 204  -170  -108  )
( 298  308  -319  )
( -124  215  98  )
( 274  118  -244  )
( 274  12  -277  )
( 320  -56  87  )
( -60  -39  179  )
( -315  154  271  )
( 29  -103  282  )
( 256  -309  169  )
( -299  -326  193  )
( -264  267  -80  )
( -339  337  73  )
( 66  325  116  )
( 98  302  243  )
( -97  214  -103  )
( -183  -282  306  )
( 79  -65  -327  )
( 89  -206  -288  )
( 91  -332  -3  )
( 16  3  302  )
( -136  -217  -220  )
( 25  -75  162  )
( 53  32  -275  )
( -248  -245  186  )
( -296  162  -173  )
( 303  -74  -181  )
( 217  264  349  )
( 175  103  -291  )
( -342  141  68  )
( -228  -0  -297  )
( -319  155  -157  )
( -128  -214  228  )
( -233  -25  -2  )
( 225  -21  5  )
( 175  -205  17  )
( -347  -163  279  )
( 253  336  125  )
( -1  -344  293  )
( 134  206  -340  )
( -332  327  236  )
( 292  -257  147  )
( 287  -77  146  )
( 94  -73  287  )
( -97  137  336  )
( 202  197  332  )
( -265  -117  138  )
( 177  -119  85  )
( 296  -243  -280  )
( 300  27  290  )
( 270  -149  261  )
( 127  -157  -55  )
( 319  287  -307  )
( -65  -37  285  )
( 16  239  100  )
( 102  -231  200  )
( -231  48  -303  )
( -73  -125  -196  )
( -193  -296  -319  )
( -24  -82  113  )
( -280  -118  42  )
( 158  -41  -242  )
( -109  -157  62  )
( 250  -318  32  )
( -217  -200  312  )
( 118  13  -318  )
( -312  -278  310  )
( -217  253  26  )
( -200  263  207  )
( 203  239  -2  )
( 281  -121  202  )
( -90  44  -65  )
( -252  -297  -187  )
( 92  341  -349  )
( -290  116  -166  )
( 46  307  -326  )
( -238  254  -25  )
( -100  -237  188  )
( 106  -77  26  )
( 134  -20  290  )
( -66  29  258  )
( -297  40  -68  )
( -170  18  317  )
( -149  210  -339  )
( -113  100  -246  )
( 132  232  -135  )
( 132  -225  159  )
( 145  -228  -241  )
( 320  -256  188  )
( 29  307  259  )
( 230  0  -233  )
( -28  -203  -118  )
( -319  -56  200  )
( -71  -263  -30  )
( -198  60  169  )
( 184  -227  6  )
( -160  52  -327  )
( 178  -33  220  )
( -334  -225  -208  )
( -17  -294  300  )
( -14  -61  25  )
( -170  9  -18  )
( 278  -121  270  )
( 5  -94  157  )
( 161  -77  268  )
( -242  -187  23  )
( -81  287  -49  )
( -139  -288  -31  )
( -258  161  -203  )
( -77  -137  70  )
( -59  34  31  )
( 81  55  53  )
( 10  212  -144  )
( -254  336  213  )
( -273  -142  175  )
( 327  346  -273  )
( 144  -319  116  )
( -78  68  300  )
( -145  336  -228  )
( -179  -295  -291  )
( -279  191  154  )
( -169  -34  127  )
( -74  320  292  )
( 69  120  -239  )
( 195  54  -190  )
( 146  140  -238  )
( -70  126  104  )
( 279  290  -339  )
( 25  299  87  )
( 163  140  153  )
( 77  -217  146  )
( -165  119  -72  )
( -192  243  -247  )
( -224  174  -347  )
( -282  -133  239  )
( 269  -245  -64  )
( 187  -146  -29  )
( -119  335  -348  )
( 101  -84  -113  )
( 259  -212  -155  )
( -235  237  238  )
( -41  58  44  )
( -335  246  18  )
( -24  266  229  )
( 170  -255  22  )
( 1  -149  -34  )
( -12  -80  338  )
( 156  106  81  )
( 87  296  178  )
( -79  225  -152  )
( -11  -288  331  )
( -86  308  68  )
( -196  -227  -52  )
( 45  -127  105  )
( 130  -223  -241  )
( -204  95  -181  )
( -150  30  -111  )
( 113  -314  256  )
( 324  -321  199  )
( 289  90  86  )
( -302  -277  -13  )
( -38  141  -259  )
( -94  348  258  )
( 348  346  -154  )
( -154  38  -250  )
( -296  118  -135  )
( 197  -190  346  )
( -94  -268  -134  )
( -142  288  -170  )
( -250  118  181  )
( -220  99  -328  )
( -178  -136  -31  )
( 155  -338  -227  )
( 110  -319  -154  )
( 83  -90  -32  )
( -94  -12  130  )
( 5  239  302  )
( -0  207  264  )
( -349  51  -105  )
( -42  -290  246  )
( -285  19  -163  )
( 160  -270  -235  )
( 74  -35  278  )
( -201  160  -243  )
( -184  -149  263  )
( -152  -82  276  )
( 26  -55  -311  )
( 228  286  -56  )
( -243  55  -234  )
( 69  311  302  )
( 18  -181  -328  )
( 83  -339  -60  )
( -326  -206  -162  )
( 31  -204  -171  )
( 127  349  342  )
( -229  -13  231  )
( -243  254  -300  )
( -45  -206  127  )
( 69  289  -45  )
( -71  -73  -204  )
( 216  102  -3  )
( -257  133  -305  )
( -105  -226  253  )
( 227  -26  -27  )
( -220  91  -20  )
( -311  133  -236  )
( 96  68  102  )
( -99  261  149  )
( -175  -186  169  )
( 40  94  -220  )
( 147  -133  64  )
( 60  115  280  )
( -98  -255  -178  )
( 344  -192  -3  )
( -157  -59  121  )
( 135  -155  30  )
( 323  169  -29  )
( -186  -76  10  )
( -336  -254  39  )
( 127  134  -158  )
( 341  -173  64  )
( 207  105  -322  )
( 269  103  172  )
( 104  292  -31  )
( 103  183  -204  )
( 288  -114  -339  )
( 101  -250  73  )
( 133  105  76  )
( -174  -205  -35  )
( 242  -330  -143  )
( -338  -198  -35  )
( -287  -70  88  )
( 136  19  -245  )
( -290  -259  -48  )
( 219  56  -175  )
( -295  23  -25  )
( -71  168  75  )
( 149  106  -295  )
( 50  -183  -92  )
( -155  163  -220  )
( -0  -233  316  )
( 78  325  126  )
( -233  -237  222  )
( 128  -219  -130  )
( -75  108  83  )
( 219  -29  298  )
( -269  65  -46  )
( -106  85  -126  )
( -71  -116  -250  )
( 135  -87  8  )
( -191  -309  -66  )
( 321  288  341  )
( -142  204  -27  )
( 209  331  -180  )
( 97  -94  -289  )
( 53  -158  -8  )
( -35  300  50  )
( -109  -294  20  )
( 74  -218  -253  )
( 90  108  181  )
( -162  247  -58  )
( 205  -263  51  )
( 27  319  98  )
( -124  288  -74  )
( -34  -126  -194  )
( 89  115  -57  )
( 292  -262  -59  )
( 150  -232  342  )
( 186  -36  79  )
( 237  322  194  )
( -339  333  -287  )
( -314  291  -116  )
( -337  228  254  )
( 214  -183  337  )
( 106  283  58  )
( -64  214  -252  )
( -162  -168  340  )
( 209  -168  253  )
( -303  -137  -141  )
( -90  -190  -306  )
( -115  242  237  )
( -171  -108  -277  )
( 281  -239  -342  )
( -135  61  -31  )
( 325  159  -222  )
( 330  121  -154  )
( -249  -11  -91  )
( 225  -244  257  )
( 108  284  -307  )
( -315  -301  166  )
( 101  -258  42  )
( 305  230  237  )
( 170  -83  24  )
( 83  -211  -173  )
( -128  53  -74  )
( 202  104  -252  )
( 337  62  236  )
( -45  -215  -202  )
( -138  -67  -13  )
( 97  209  -155  )
( 215  -113  -242  )
( -248  191  -271  )
( -193  202  -294  )
( -23  251  44  )
( 176  298  -32  )
( 284  -205  -90  )
( -180  -220  -293  )
( 238  203  -61  )
( 197  -37  -127  )
( -338  95  77  )
( -66  201  142  )
( -11  -349  -23  )
( -334  -79  -52  )
( -39  162  244  )
( 329  112  -73  )
( 217  -289  -177  )
( -57  50  166  )
( -162  -303  217  )
( -78  -326  307  )
( -242  338  167  )
( 111  -204  -109  )
( -304  168  72  )
( 272  300  344  )
( -213  225  316  )
( 285  282  65  )
( -7  11  -158  )
( -273  -7  -92  )
( 236  325  44  )
( 89  171  310  )
( 277  331  303  )
( -245  19  206  )
( 94  337  -345  )
( -283  61  39  )
( -42  -108  -122  )
( -325  218  -32  )
( 13  -327  53  )
( 166  -259  17  )
( 291  -225  173  )
( 108  154  -229  )
( 308  327  256  )
( 310  251  23  )
( -294  146  313  )
( -217  -303  315  )
( -275  37  217  )
( 0  -69  -286  )
( -75  11  -226  )
( -61  222  -113  )
( 295  -279  -22  )
( -87  240  -75  )
( 217  211  -300  )
( 201  -110  259  )
( 225  -342  179  )
( -10  -38  -29  )
( -69  301  182  )
( -319  -253  -106  )
( 29  92  -24  )
( 337  245  178  )
( 307  247  162  )
( 242  319  -96  )
( -186  -74  -104  )
( -347  161  160  )
( -69  260  13  )
( -325  -4  -208  )
( -294  -333  -64  )
( -27  -25  47  )
( -248  -50  -74  )
( -135  23  308  )
( 49  264  212  )
( 263  -15  322  )
( 211  -341  158  )
( -94  312  -326  )
( -40  315  183  )
( 14  70  -276  )
( 343  -188  -328  )
( 247  -342  316  )
( -61  0  332  )
( 349  87  -200  )
( -99  277  134  )
( 60  -159  136  )
( -60  255  267  )
( 132  -219  -69  )
( -84  -183  316  )
( -36  67  -202  )
( -287  -290  110  )
( -14  -197  316  )
( -200  -16  142  )
( -209  -309  45  )
( -102  211  145  )
( 59  311  -205  )
( 68  -155  -73  )
( -29  -89  -42  )
( 268  164  277  )
( -319  -330  28  )
( 117  -246  -215  )
( 198  79  269  )
( -340  243  -115  )
( 183  201  147  )
( 105  20  -23  )
( 305  194  301  )
( 95  228  140  )
( -261  338  -337  )
( 123  -95  -59  )
( 326  95  28  )
( 84  161  -70  )
( 274  -246  89  )
( 211  281  -317  )
( 210  -239  -142  )
( 261  89  -348  )
( -171  -221  141  )
( 57  -34  60  )
( 326  244  -220  )
( -311  62  324  )
( 260  -267  -112  )
( 272  -338  -87  )
( 20  40  -174  )
( 345  -228  163  )
( 14  -180  -284  )
( 341  -53  202  )
( 76  -293  -321  )
( 216  -118  285  )
( 309  228  174  )
( -9  89  -95  )
( 93  -303  246  )
( 298  -207  -24  )
( -87  70  175  )
( 4  116  -291  )
( 132  -14  32  )
( 111  -96  166  )
( -184  91  -201  )
( -73  -43  -114  )
( 255  -192  128  )
( -56  -49  -291  )
( -215  -185  -278  )
( 233  -290  -38  )
( 217  123  -211  )
( 340  -221  -335  )
( -294  280  -72  )
( -30  209  89  )
( 315  -173  319  )
( 195  -56  -278  )
( -45  12  255  )
( 246  -120  -110  )
( -156  -241  -112  )
( -342  -111  11  )
( -185  -282  -56  )
( 224  -165  167  )
( 332  186  -187  )
( 167  290  -164  )
( 79  -230  335  )
( 197  162  5  )
( -128  302  93  )
( -217  -126  -288  )
( -13  -282  -285  )
( 296  100  49  )
( -239  -278  0  )
( -300  329  17  )
( 113  -159  -140  )
( 136  195  78  )
( -192  218  -151  )
( -315  -178  -268  )
( -118  307  -10  )
( -110  321  269  )
( 37  -188  -107  )
( -126  -37  295  )
( 68  302  257  )
( -39  -132  -26  )
( 304  -253  -270  )
( 4  -54  -138  )
( -148  -6  43  )
( 39  -206  -329  )
( 154  267  -319  )
( -156  -117  -276  )
( -187  -283  228  )
( 336  320  -147  )
( 233  -294  292  )
( 250  15  -93  )
( 249  25  -13  )
( 136  -64  8  )
( -135  -61  197  )
( 264  -177  189  )
( 107  -184  -14  )
( 76  -33  167  )
( 226  302  309  )
( -249  271  -164  )
( 121  284  -168  )
( 124  30  -150  )
( -216  201  312  )
( -192  -280  255  )
( 114  237  -167  )
( -270  43  -222  )
( -126  -18  -46  )
( -319  258  -324  )
( 85  -129  -335  )
( 125  241  -137  )
( -113  -199  8  )
( -251  -256  299  )
( 90  -322  233  )
( -119  -146  191  )
( -319  -1  -273  )
( -286  -301  234  )
( -319  332  -138  )
( -31  257  -27  )
( -346  -64  56  )
( 50  148  -38  )
( -24  -79  -261  )
( 122  48  105  )
( -240  190  -323  )
( -24  -341  188  )
( 258  -71  83  )
( -176  128  260  )
( -296  196  83  )
( 124  -191  9  )
( -82  -274  -288  )
( -142  38  -48  )
( 205  -71  -309  )
( -210  292  -330  )
( -41  194  296  )
( 170  -296  317  )
( -89  -313  -97  )
( 176  80  -276  )
( 207  325  192  )
( 295  209  169  )
( -281  202  184  )
( -340  165  -283  )
( -232  3  262  )
( 1  220  50  )
( -300  -248  -192  )
( -258  179  269  )
( 214  81  -176  )
( 234  -206  230  )
( -291  17  -81  )
( 225  -326  -267  )
( -95  -66  134  )
( 228  70  -46  )
( 106  314  27  )
( -22  266  260  )
( 42  -92  -61  )
( 271  -344  325  )
( -3  -264  226  )
( -269  7  -21  )
( -314  -75  229  )
( 223  239  -34  )
( -295  -253  -145  )
( 331  -175  -228  )
( -43  -225  67  )
( 184  72  242  )
( -138  100  -344  )
( -191  120  -145  )
( 287  -314  42  )
( 173  -45  -49  )
( 94  -342  -307  )
( -16  -189  -157  )
( -25  131  -322  )
( 318  93  233  )
( -195  0  -177  )
( -204  -226  259  )
( 335  265  227  )
( 272  212  125  )
( 12  273  -340  )
( -22  124  -1  )
( 45  -220  -6  )
( 58  208  242  )
( -90  211  110  )
( -287  -218  142  )
( 170  -232  98  )
( 109  -91  -269  )
( -154  187  -176  )
( 323  182  -234  )
( 265  200  -211  )
( 302  7  -221  )
( -145  -282  10  )
( 53  332  -216  )
( -42  112  61  )
( -274  -262  -349  )
( 22  -29  326  )
( -181  -124  155  )
( -86  -333  -175  )
( -348  -191  84  )
( 262  -190  -145  )
( 267  297  -343  )
( -21  -130  -298  )
( -209  -236  168  )
( 25  -231  301  )
( -211  33  57  )
( -334  -223  -319  )
( -335  84  -49  )
( 220  163  230  )
( 306  9  -105  )
( -158  234  -144  )
( -149  194  285  )
( -75  213  -129  )
( -304  -235  -5  )
( -133  -155  -245  )
( -256  35  305  )
( -191  -170  -239  )
( -121  311  17  )
( 38  -199  -64  )
( 64  93  133  )
( 36  -54  200  )
( 13  106  40  )
( 168  15  277  )
( 119  -302  121  )
( 6  236  -37  )
( 277  290  -69  )
( -151  269  -298  )
( -117  31  130  )
( -143  294  181  )
( 348  -255  104  )
( 71  -34  -338  )
( 253  165  122  )
( 101  182  -74  )
( 260  181  83  )
( -186  -183  229  )
( -123  38  343  )
( 302  64  155  )
( 116  225  73  )
( -326  149  9  )
( 78  31  269  )
( 101  19  280  )
( 25  -104  67  )
( -127  -231  -8  )
( -302  -46  158  )
( -129  -271  285  )
( -123  113  -283  )
( 322  -154  -326  )
( -190  161  -13  )
( 164  -111  116  )
( -194  294  335  )
( 46  -141  314  )
( 266  -334  53  )
( 53  -62  -84  )
( 214  -68  285  )
( -217  138  322  )
( -59  225  324  )
( 59  -165  -341  )
( 223  83  -151  )
( 97  160  -41  )
( 95  222  9  )
( -151  -75  137  )
( -182  15  -224  )
( 176  -134  -55  )
( 166  191  -161  )
( 303  -262  121  )
( 323  -227  337  )
( -82  -73  338  )
( -288  -7  -100  )
( -154  -133  -263  )
( -174  -230  250  )
( -108  194  274  )
( -263  97  12  )
( 251  -243  -287  )
( -70  -61  -224  )
( 69  -336  254  )
( -229  -199  100  )
( 122  -56  132  )
( -158  -28  -182  )
( 1  -242  51  )
( 101  -229  289  )
( 25  -85  -90  )
( 30  96  264  )
( 186  258  159  )
( -203  337  83  )
( 166  -98  157  )
( -194  -115  262  )
( 109  -150  3  )
( -180  -195  -295  )
( 285  -79  -178  )
( 16  -282  -274  )
( 122  58  164  )
( -115  192  94  )
( -348  249  119  )
( 175  283  -261  )
( 98  316  191  )
( 268  -104  73  )
( -315  -322  -137  )
( -29  310  108  )
( -177  198  -344  )
( 127  -184  223  )
( -349  -187  -105  )
( 203  265  77  )
( -267  -184  -151  )
( 234  -294  -49  )
( -108  4  -48  )
( -179  318  -294  )
( -210  83  229  )
( -218  -92  -344  )
( -317  249  270  )
( -105  233  202  )
( -264  49  -99  )
( 345  -130  -180  )
( 145  336  -345  )
( 7  196  -83  )
( -18  240  320  )
( 107  -61  136  )
( 231  255  -30  )
( 87  56  -136  )
( 141  23  -187  )
( -63  -82  -55  )
( 256  151  -180  )
( -138  276  -148  )
( -211  -5  -103  )
( -251  88  201  )
( 342  -108  -57  )
( 302  276  178  )
( 286  341  -180  )
( -264  -189  182  )
( 40  -69  88  )
( -324  232  -84  )
( 0  -101  -188  )
( 310  -279  -106  )
( 324  -95  -18  )
( -202  -45  16  )
( 42  -18  8  )
( 124  -118  269  )
( -55  225  -340  )
( -227  -172  -272  )
( 305  250  292  )
( 23  326  323  )
( -232  325  -200  )
( 222  -110  -288  )
( 130  197  75  )
( 19  -226  -199  )
( -161  -114  23  )
( 347  -155  51  )
( -74  -60  -219  )
( -274  13  -222  )
( 333  -153  -290  )
( -346  177  343  )
( 26  271  94  )
( -184  324  -156  )
( -88  265  -69  )
( 306  32  11  )
( 45  259  333  )
( -24  170  -61  )
( -215  -47  -287  )
( -104  -37  -180  )
( -183  -267  191  )
( 145  119  28  )
( 30  215  252  )
( -220  -269  153  )
( 166  226  72  )
( 185  -19  -262  )
( 16  292  294  )
( 112  -3  -156  )
( 242  -96  285  )
( 273  32  329  )
( 326  -30  18  )
( 197  -1  -2  )
( 269  223  208  )
( 62  291  240  )
( 124  -195  -290  )
( 275  86  134  )
( -86  10  231  )
( -200  135  12  )
( 74  -164  -219  )
( 146  -330  -125  )
( 279  208  -285  )
( 70  107  181  )
( -147  -315  45  )
( 271  2  196  )
( -202  64  237  )
( -185  240  -211  )
( 72  94  -294  )
( -293  -136  181  )
( -230  130  176  )
( 67  101  217  )
( -178  91  -291  )
( -33  154  -226  )
( -297  294  77  )
( -43  -321  108  )
( 129  255  -302  )
( -331  89  -258  )
( -176  -301  -253  )
( 313  -269  -246  )
( 109  -159  -130  )
( 335  342  -140  )
( -227  18  348  )
( -123  -134  -45  )
( -105  48  -228  )
( -243  -49  337  )
( 344  243  -327  )
( 13  96  -227  )
( -330  -281  -69  )
( -106  -275  -215  )
( -269  129  -221  )
( 134  302  -67  )
( -58  -138  137  )
( 317  166  -216  )
( 95  -338  186  )
( -113  -294  -232  )
( -170  171  37  )
( -168  90  -279  )
( 146  284  86  )
( -47  -91  -179  )
( -71  273  -303  )
( -15  -3  -10  )
( -93  100  283  )
( 317  -43  -67  )
( 91  -182  -81  )
( -13  266  -81  )
( -172  64  43  )
( -47  110  256  )
( -7  186  -227  )
( -31  36  214  )
( -20  -281  247  )
( -249  35  -250  )
( -277  -341  -210  )
( 337  154  -8  )
( -128  -291  14  )
( -235  -133  316  )
( 205  -81  333  )
( -144  -229  -256  )
( -77  94  40  )
( -346  213  310  )
( -335  -272  -244  )
( 301  323  -159  )
( 66  -325  339  )
( -285  269  -174  )
( -202  -290  -314  )
( 80  58  -203  )
( -122  -343  -7  )
( 302  -254  35  )
( 282  61  123  )
( 224  -207  66  )
( 211  226  91  )
( 33  -334  58  )
( 187  -324  312  )
( -209  -148  66  )
( 284  -271  -116  )
( 50  -253  -103  )
( 204  49  -122  )
( -22  206  -314  )
( -225  202  285  )
( 321  276  -343  )
( -197  240  -237  )
( 196  273  -294  )
( -159  203  346  )
( -281  14  -230  )
( 193  -345  -13  )
( 229  34  -198  )
( -192  -235  340  )
( -173  192  -344  )
( 16  239  17  )
( -46  -66  134  )
( -96  -238  14  )
( 90  326  163  )
( -83  -79  58  )
( 74  -346  32  )
( 161  -339  -249  )
( 128  -209  41  )
( 147  -157  -326  )
( 295  -198  260  )
( -17  -47  -213  )
( 36  -288  -198  )
( 43  -70  292  )
( 219  -270  89  )
( 192  163  302  )
( 172  -143  -47  )
( 160  301  -273  )
( 212  -222  -218  )
( 61  10  -43  )
( 272  -65  -48  )
( -173  104  -3  )
( -245  -28  279  )
( 342  154  -250  )
( 23  -111  -86  )
( -235  71  -329  )
( -53  -309  -341  )
( -115  -275  -232  )
( -134  99  191  )
( 17  -160  282  )
( -276  249  115  )
( -96  -308  -332  )
( 156  -281  -105  )
( 102  217  -52  )
( -215  262  -109  )
( 328  -107  -279  )
( -287  -28  -79  )
( -315  -73  162  )
( -299  -16  51  )
( -328  199  315  )
( -313  128  151  )
( -136  -90  -346  )
( -16  57  225  )
( -226  119  -185  )
( 74  -82  101  )
( 311  18  123  )
( -19  -20  148  )
( 155  -97  147  )
( 280  -29  158  )
( 16  113  321  )
( 32  209  -106  )
( -270  -181  -245  )
( 277  45  191  )
( -35  281  163  )
( 345  -239  -218  )
( 177  -154  -88  )
( 276  -193  248  )
( -201  65  -293  )
( -254  222  157  )
( -142  276  287  )
( -22  186  -321  )
( 127  -273  313  )
( -266  89  285  )
( 285  297  122  )
( -1  -52  -261  )
( -299  -171  166  )
( 119  -115  -311  )
( -133  196  229  )
( -142  286  331  )
( -67  -299  -256  )
( -76  319  127  )
( -116  47  167  )
( 295  54  174  )
( -77  -114  341  )
( 250  -29  22  )
( -227  287  -284  )
( -306  214  -57  )
( 182  -216  13  )
( 51  -314  53  )
( 276  234  -211  )
( -159  -111  181  )
( -116  -226  105  )
( 171  -114  33  )
( 153  -48  28  )
( -290  106  -340  )
( -194  -341  -185  )
( -72  -83  167  )
( 343  215  144  )
( 93  -41  -54  )
( 106  -315  81  )
( -292  158  316  )
( -294  188  -155  )
( -35  98  245  )
( -133  -10  -293  )
( 333  -256  156  )
( -340  -272  -139  )
( 231  123  -327  )
( -11  -213  136  )
( 83  -218  248  )
( 150  -38  167  )
( -235  145  -53  )
( 200  -35  -310  )
( -335  -204  -145  )
( -136  324  94  )
( 153  -161  110  )
( -181  -332  191  )
( -279  -114  46  )
( -238  216  59  )
( 181  160  326  )
( 119  -217  -291  )
( 63  -303  209  )
( -201  113  -115  )
( -317  -138  -319  )
( -18  90  -19  )
( -282  -45  -4  )
( 126  -286  -231  )
( -118  46  323  )
( 131  -249  -341  )
( 229  -271  329  )
( 281  -140  -263  )
( 83  92  -269  )
( -252  -318  33  )
( -119  95  -299  )
( -279  175  -223  )
( -218  -270  -175  )
( -20  200  88  )
( -272  -193  202  )
( -246  -47  348  )
( 49  -72  -19  )
( 263  156  251  )
( 158  329  262  )
( 232  277  306  )
( -122  89  14  )
( 37  -130  -109  )
( -89  -151  -166  )
( 139  275  -166  )
( 278  -336  176  )
( 101  151  -263  )
( 20  163  -143  )
( -327  -217  -42  )
( 93  40  -77  )
( -49  -348  -96  )
( 0  -331  34  )
( -254  -198  -314  )
( 279  -197  284  )
( -235  -226  -153  )
( 131  322  -295  )
( 258  -339  312  )
( -278  -66  3  )
( -255  201  -213  )
( 164  -336  -36  )
( -108  342  65  )
( -97  -3  -232  )
( 244  314  -65  )
( 27  115  -164  )
( 119  -246  -24  )
( 266  165  -55  )
( 208  312  -15  )
( -127  -303  -178  )
( -248  -287  176  )
( -20  -56  153  )
( 11  62  -221  )
( 51  -223  117  )
( -43  -221  -265  )
( -319  -265  344  )
( 113  -306  74  )
( -282  -204  -246  )
( 277  -36  337  )
( 179  -252  -210  )
( -129  186  179  )
( 273  -167  226  )
( 114  258  -308  )
( -105  63  300  )
( -203  305  -147  )
( -328  -152  85  )
( 177  190  -175  )
( 259  186  -193  )
( 29  212  223  )
( -98  39  -268  )
( -165  -107  -189  )
( -114  -40  285  )
( 262  -170  -307  )
( -73  -38  -248  )
( -1  80  -295  )
( -204  197  205  )
( 177  295  -181  )
( 159  -236  269  )
( 258  -334  -17  )
( 111  263  102  )
( 181  -139  -101  )
( 305  203  252  )
( 156  -3  171  )
( 109  55  -3  )
( 348  -165  255  )
( 13  -346  79  )
( 291  -22  80  )
( 167  -23  -150  )
( 20  174  37  )
( -297  -107  122  )
( -316  269  202  )
( -191  -140  -229  )
( -10  164  40  )
( -122  -264  -176  )
( 128  278  -340  )
( 67  121  -230  )
( 113  137  159  )
( -93  -234  34  )
( 178  155  -318  )
( -307  82  -145  )
( 114  -147  -218  )
( 90  -267  -78  )
( 325  -220  152  )
( -11  336  162  )
( -132  136  104  )
( -105  194  -56  )
( 258  -335  117  )
( 231  76  331  )
( 288  -100  -143  )
( -190  71  87  )
( -45  124  196  )
( -57  240  349  )
( 278  274  -9  )
( 277  -23  -192  )
( -142  12  -169  )
( -316  145  -166  )
( -203  157  228  )
( 125  -258  322  )
( 122  105  323  )
( 55  77  -86  )
( 111  -60  214  )
( 132  -24  235  )
( -316  339  -80  )
( -229  -92  -123  )
( 79  -291  130  )
( 302  -280  -41  )
( -169  41  119  )
( 97  321  -247  )
( 191  -104  -325  )
( -287  -305  63  )
( 231  125  -150  )
( -134  -167  99  )
( -216  349  -323  )
( 62  72  312  )
( 214  243  254  )
( -346  233  -282  )
( 138  -202  -33  )
