( 182  -47  -280  )
( -92  -204  249  )
( -192  -326  -249  )
( 224  344  -285  )
( -335  -232  -218  )
( -81  -31  335  )
( -50  -102  -290  )
( -232  -62  71  )
( -24  -203  116  )
( -140  -1  -77  )
( -119  -296  -287  )
( 243  -318  -34  )
( -297  -213  215  )
( 185  35  -131  )
( 80  295  23  )
( 302  79  -147  )
( -101  97  272  )
( 239  72  308  )
( -177  131  -60  )
( -124  321  -149  )
( 94  215  34  )
( 325  -301  -255  )
( 82  116  143  )
( -189  -210  -23  )
( -294  91  191  )
( 78  -231  62  )
( -135  316  -314  )
( -168  -266  -200  )
( 49  -170  174  )
( -308  -336  -323  )
( -221  -306  -279  )
( 216  -74  -233  )
( -309  -185  -98  )
( 222  253  -29  )
( -142  266  -47  )
( -132  305  115  )
( 80  338  -88  )
( -100  -301  284  )
( -85  -53  -299  )
( 62  -87  -191  )
( -100  26  44  )
( 247  116  -237  )
( 254  170  -29  )
( -330  -198  39  )
( 96  10  126  )
( 129  109  -331  )
( 310  -145  -189  )
( 295  72  -290  )
( -51  -28  -79  )
( 29  -60  -124  )
( 97  -197  105  )
( -4  -240  149  )
( 128  -81  -260  )
( 62  -323  -151  )
( -140  200  181  )
( 310  -304  127  )
( -66  -228  -118  )
( 84  -193  318  )
( -238  -81  -68  )
( -282  166  -61  )
( 51  211  -253  )
( -51  50  138  )
( -261  202  20  )
( 107  66  -297  )
( 64  -37  238  )
( -202  -313  216  )
( -85  -164  103  )
( -345  -142  -29  )
( 122  217  -167  )
( -107  -257  -254  )
( -330  -323  -275  )
( 39  219  -74  )
( 79  166  -56  )
( -192  239  193  )
( 335  300  -216  )
( 154  57  -111  )
( 106  -340  -208  )
( 241  182  -267  )
( -163  -305  -277  )
( -224  73  -214  )
( -314  -192  161  )
( -149  -283  -226  )
( 39  179  -328  )
( -162  -158  52  )
( -22  -95  -243  )
( 98  -26  -58  )
( -155  0  -107  )
( -194  17  295  )
( -281  110  -56  )
( 80  -170  -12  )
( -303  129  98  )
( 60  27  -0  )
( -325  -64  349  )
( 113  -346  117  )
( -213  190  -255  )
( -289  -277  107  )
( -327  242  245  )
( 188  -16  -349  )
( -328  -116  122  )
( 201  -55  -58  )
( 266  128  63  )
( 59  -224  304  )
( 203  -192  147  )
( 132  -31  152  )
( 258  -247  64  )
( 55  -170  -344  )
( -283  248  -1  )
( -331  -51  252  )
( 174  255  -269  )
( 145  -214  -264  )
( -203  -125  -297  )
( 31  259  -136  )
( 162  202  251  )
( 200  339  -238  )
( -290  346  -23  )
( 26  -22  -45  )
( 235  -268  172  )
( -86  -268  195  )
( -48  245  -37  )
( -278  -118  82  )
( 125  79  -220  )
( -118  -158  -101  )
( 40  -164  206  )
( -253  -111  -109  )
( 61  186  -10  )
( -37  251  -100  )
( 157  -112  -193  )
( 303  -256  -80  )
( -327  129  13  )
( 347  180  -50  )
( -314  341  -231  )
( -101  -348  246  )
( 335  -147  -159  )
( 146  246  138  )
( 221  245  289  )
( -327  238  -186  )
( -121  322  -148  )
( -232  130  -162  )
( -80  64  -263  )
( 189  261  -257  )
( -45  217  -208  )
( -7  -73  -101  )
( 207  111  233  )
( 346  226  75  )
( -156  -230  -0  )
( -243  270  -322  )
( -47  -239  -296  )
( -57  132  292  )
( -63  -172  -4  )
( -286  13  183  )
( -289  309  -97  )
( -84  221  177  )
( -108  -38  182  )
( 313  197  -124  )
( 47  -82  -14  )
( -0  -149  -32  )
( -288  176  -194  )
( 220  -250  -304  )
( 148  -230  269  )
( 289  45  142  )
( 104  -248  -327  )
( 10  217  0  )
( -217  -309  46  )
( -292  304  -298  )
( 255  17  330  )
( -212  297  -188  )
( -42  235  -31  )
( 146  -253  -261  )
( -42  -43  234  )
( -137  -106  1  )
( -252  293  130  )
( -337  139  149  )
( 266  326  67  )
( 342  -255  318  )
( 140  -167  142  )
( 305  168  64  )
( 158  -133  41  )
( -306  214  66  )
( 304  -168  -267  )
( 157  -265  -33  )
( -33  254  -189  )
( -3  -1  -250  )
( 46  247  292  )
( -217  17  -136  )
( 218  -240  114  )
( 175  -24  -277  )
( 349  324  -79  )
( 104  -169  -349  )
( 203  248  167  )
( 286  -16  -280  )
( 20  -195  25  )
( 319  -132  -235  )
( 344  -220  -152  )
( 73  -36  -296  )
( 173  71  193  )
( -14  229  84  )
( -158  270  -45  )
( 248  31  -301  )
( 337  319  -109  )
( -142  -346  190  )
( -144  -216  40  )
( 342  -34  -215  )
( 256  335  -188  )
( -10  -101  267  )
( 206  177  -283  )
( 91  -178  -137  )
( 254  65  197  )
( 177  118  -280  )
( 18  79  -58  )
( -327  88  -223  )
( -219  348  324  )
( 84  -136  245  )
( -328  111  -182  )
( 113  -138  -214  )
( -184  -268  -257  )
( -201  81  -296  )
( 86  -164  -229  )
( 337  307  -277  )
( 214  11  -286  )
( 299  208  -69  )
( 318  345  187  )
( 330  53  27  )
( -186  -206  126  )
( -308  -164  -242  )
( -194  96  112  )
( -3  -236  -0  )
( -107  221  -256  )
( -154  -38  310  )
( 270  224  -241  )
( -210  -89  -282  )
( 39  -302  158  )
( -69  -303  0  )
( 303  250  -220  )
( -282  -180  155  )
( -134  -341  317  )
( -82  -114  32  )
( 228  -206  -49  )
( 56  -325  -216  )
( 105  84  -204  )
( 214  -220  -10  )
( -251  -194  -228  )
( -334  319  346  )
( 229  207  -286  )
( 264  -164  -58  )
( -250  -168  -49  )
( -64  -266  298  )
( 1  -147  -110  )
( -28  -198  193  )
( 195  -347  -155  )
( 37  0  -163  )
( -301  344  -239  )
( 335  -252  134  )
( -171  -312  -0  )
( -265  -95  -320  )
( -151  -321  205  )
( 160  321  -138  )
( 298  36  -202  )
( 326  286  -282  )
( 318  -240  126  )
( 278  255  -41  )
( -288  28  -265  )
( -26  -156  312  )
( -171  -290  338  )
( -340  279  80  )
( -323  17  113  )
( 342  145  71  )
( 299  136  -182  )
( -305  -169  69  )
( -271  102  291  )
( 190  -171  -47  )
( 145  323  -346  )
( -175  256  -322  )
( 177  54  4  )
( -224  -193  -54  )
( 245  -78  250  )
( -100  -326  111  )
( -159  -158  -333  )
( -43  159  -59  )
( 84  -135  140  )
( 52  337  241  )
( 21  -207  3  )
( -82  -241  204  )
( 321  312  -71  )
( -52  120  -91  )
( -276  -200  42  )
( -132  0  -321  )
( -1  -217  -206  )
( -314  281  -341  )
( 195  -216  -24  )
( 18  291  -110  )
( 36  246  -248  )
( -278  -111  -231  )
( -247  257  15  )
( 39  160  -300  )
( 63  -263  226  )
( 97  202  126  )
( -22  -16  250  )
( -226  60  -236  )
( -329  -64  -111  )
( 200  -237  -170  )
( -67  -39  5  )
( -151  38  -156  )
( 263  -91  -7  )
( -322  -172  -12  )
( -147  -44  10  )
( 7  -16  -302  )
( 336  -251  244  )
( 28  256  -13  )
( -280  -304  -307  )
( 271  -76  22  )
( -26  -49  -276  )
( -265  -166  -303  )
( -204  40  -233  )
( -47  19  204  )
( 243  -272  118  )
( -68  -296  290  )
( 119  -85  -301  )
( -21  -343  -118  )
( -109  286  65  )
( 67  -228  -289  )
( 82  75  -142  )
( 239  -17  165  )
( 253  214  -157  )
( -220  -10  -333  )
( -329  -134  86  )
( -78  173  187  )
( 155  -197  219  )
( -135  190  121  )
( 114  239  72  )
( -327  2  299  )
( -93  -175  -147  )
( 45  -230  193  )
( -263  310  -301  )
( 84  -75  -336  )
( 220  249  -36  )
( 77  -205  203  )
( 26  1  -92  )
( 161  46  252  )
( -129  82  288  )
( 68  175  -229  )
( -165  -141  124  )
( -69  3  313  )
( -301  184  -214  )
( 342  -285  79  )
( -349  334  114  )
( -163  224  -33  )
( 238  -248  -216  )
( -123  256  -290  )
( -147  248  -237  )
( -16  43  -293  )
( -97  282  -269  )
( 212  -121  295  )
( -93  -87  170  )
( 106  -118  94  )
( 75  142  -204  )
( -223  231  50  )
( 250  -56  -77  )
( -122  -194  44  )
( -52  330  59  )
( -87  -88  103  )
( -347  -316  -190  )
( -254  -257  87  )
( 140  238  -272  )
( 122  173  -15  )
( -78  44  -148  )
( -240  119  214  )
( -174  64  190  )
( -59  273  330  )
( 51  161  37  )
( 200  -174  -182  )
( -92  -197  184  )
( 120  -29  -205  )
( 259  -96  160  )
( 128  -192  75  )
( -288  260  -124  )
( 241  -285  -80  )
( 297  -33  -196  )
( -95  -185  -109  )
( 274  347  -176  )
( -220  308  -119  )
( 270  62  199  )
( 26  231  149  )
( 2  -24  -115  )
( 50  73  236  )
( 130  306  -3  )
( -313  245  -97  )
( -55  151  6  )
( 28  -41  135  )
( 98  -125  -344  )
( -143  -29  -168  )
( -125  312  -184  )
( 304  -195  -199  )
( 296  -239  105  )
( 297  262  29  )
( -32  -266  142  )
( -269  -68  57  )
( -201  89  -229  )
( 24  274  -255  )
( -40  132  -245  )
( -162  32  301  )
( 31  16  240  )
( 290  10  -131  )
( -168  47  73  )
( 269  34  131  )
( 136  124  295  )
( -329  -151  286  )
( 168  112  104  )
( 124  162  262  )
( 301  300  320  )
( -177  143  304  )
( -283  117  -255  )
( -68  -300  235  )
( -93  177  -152  )
( 269  -176  164  )
( 98  -274  -304  )
( -63  -344  179  )
( -207  227  -82  )
( 64  143  18  )
( -94  18  -264  )
( -231  249  115  )
( -297  -249  -126  )
( 148  -310  -209  )
( 100  314  -170  )
( -177  227  326  )
( -334  -3  -30  )
( -325  194  -119  )
( -16  -307  27  )
( -128  121  309  )
( -19  -123  343  )
( 95  141  130  )
( 349  161  -122  )
( 231  -143  -35  )
( -229  80  271  )
( 30  211  -285  )
( -72  -229  -17  )
( -154  -87  294  )
( -237  40  -87  )
( -298  233  -38  )
( -76  -1  330  )
( -174  -95  -179  )
( 44  347  14  )
( 96  135  -226  )
( -261  -166  -102  )
( -157  -333  -4  )
( 134  20  8  )
( 167  306  92  )
( 225  346  130  )
( -66  -283  -301  )
( 231  -43  -167  )
( -161  -272  25  )
( 20  -89  -263  )
( -345  195  -36  )
( -298  -37  -329  )
( -6  124  7  )
( -240  -102  85  )
( -288  -260  -110  )
( -76  -231  191  )
( 128  -339  -301  )
( 313  -8  215  )
( -278  43  83  )
( -240  -243  141  )
( -82  -241  271  )
( 192  -221  -140  )
( -42  160  -338  )
( 275  -140  340  )
( -115  -74  153  )
( -48  140  16  )
( -146  -189  120  )
( 46  -260  -323  )
( 59  302  -250  )
( -151  208  2  )
( -50  37  -326  )
( -32  305  -270  )
( 83  -26  113  )
( 212  -58  -210  )
( -293  189  -171  )
( 198  -203  -189  )
( -101  238  6  )
( -331  190  107  )
( 53  -119  41  )
( 108  -220  165  )
( 124  -191  19  )
( 170  -162  267  )
( -325  231  227  )
( -307  21  44  )
( -121  -214  186  )
( 271  -280  -192  )
( -66  -72  308  )
( -117  -214  54  )
( 107  252  -149  )
( -124  -7  -11  )
( 34  191  50  )
( -110  -285  -9  )
( -308  60  200  )
( -315  -273  193  )
( 161  3  -27  )
( 181  154  -243  )
( -20  298  32  )
( -93  65  79  )
( 253  108  195  )
( -297  287  -259  )
( 66  -50  -109  )
( -208  -244  -248  )
( -225  -213  -252  )
( -207  -238  -327  )
( -311  215  -313  )
( -169  146  -171  )
( -52  124  -204  )
( 329  -146  -314  )
( -85  -288  78  )
( 344  173  -18  )
( -184  117  324  )
( -74  -142  190  )
( 332  -226  0  )
( 24  -174  249  )
( 202  -269  126  )
( 303  -345  1  )
( -287  181  -52  )
( -188  -98  211  )
( 5  104  -33  )
( -340  7  -146  )
( 40  304  -329  )
( 348  12  226  )
( -157  -321  -71  )
( -18  250  48  )
( -76  199  55  )
( -185  -200  5  )
( -271  224  176  )
( 79  -295  -78  )
( 214  218  145  )
( 154  207  -81  )
( 165  109  211  )
( -82  65  268  )
( -182  -260  253  )
( 66  -305  -23  )
( 73  298  103  )
( 229  37  -341  )
( -12  -17  -246  )
( -7  -140  97  )
( -5  -284  347  )
( -270  -312  -140  )
( -162  346  290  )
( 329  -279  281  )
( -121  70  291  )
( 70  285  222  )
( -190  -12  160  )
( 215  -62  -34  )
( -230  191  -172  )
( 127  -69  75  )
( -116  89  142  )
( -336  28  -26  )
( -303  -341  331  )
( 140  -65  -137  )
( 147  -290  -250  )
( -152  201  -205  )
( 164  15  120  )
( 56  285  327  )
( 183  16  -293  )
( -232  16  -15  )
( -331  -205  329  )
( 150  168  -261  )
( -332  234  -3  )
( 186  -170  -86  )
( 147  -142  -209  )
( -16  103  -188  )
( 276  -333  -135  )
( -47  22  -297  )
( 92  -106  -257  )
( 257  312  42  )
( 236  -74  -151  )
( -3  241  -203  )
( 214  69  68  )
( 274  -208  127  )
( 173  -320  60  )
( -35  1  288  )
( 128  -234  -117  )
( -320  -88  101  )
( -29  -344  346  )
( -41  316  44  )
( -130  151  -311  )
( 220  226  123  )
( -68  -195  212  )
( 239  327  -162  )
( 313  -285  204  )
( -53  -212  -57  )
( 28  -247  -81  )
( 96  -75  342  )
( 305  -290  -346  )
( -256  -329  -2  )
( -106  -178  218  )
( -59  116  -125  )
( 211  -220  -148  )
( 167  -181  81  )
( 196  343  -36  )
( 248  -26  305  )
( 228  -173  90  )
( -229  147  277  )
( 53  248  94  )
( -215  4  231  )
( 113  -31  294  )
( -270  324  -201  )
( -228  -81  48  )
( -171  -235  -3  )
( 188  -103  106  )
( 1  266  -233  )
( -206  328  74  )
( 211  136  3  )
( -174  61  -27  )
( -93  -327  -0  )
( -235  284  302  )
( 329  237  347  )
( -272  -59  206  )
( -342  -93  -102  )
( 101  -182  174  )
( -292  150  -23  )
( 303  -331  -243  )
( 93  242  -178  )
( 300  -88  -193  )
( -254  176  221  )
( -272  189  197  )
( 144  250  82  )
( 270  338  262  )
( 103  20  80  )
( -250  -206  237  )
( 328  268  88  )
( -260  -283  -23  )
( 245  344  -256  )
( 138  155  -78  )
( -284  41  262  )
( 42  294  -284  )
( -275  -188  90  )
( 13  -157  118  )
( 295  -244  -114  )
( 344  16  -186  )
( 43  -159  160  )
( 85  -280  -16  )
( -311  -80  146  )
( 138  -188  342  )
( -77  176  -13  )
( -190  -296  343  )
( -237  -97  29  )
( 216  24  -234  )
( 155  -148  40  )
( -271  214  287  )
( -315  218  -11  )
( -208  -304  -316  )
( 273  -197  285  )
( -249  -39  80  )
( 344  -323  38  )
( 151  189  133  )
( -349  -317  -301  )
( -305  80  -54  )
( 271  124  -97  )
( 238  156  -342  )
( -2  149  -179  )
( -207  145  -268  )
( -315  -150  167  )
( 262  -121  -136  )
( -144  288  193  )
( -213  -7  -242  )
( -251  -318  239  )
( 233  -0  -256  )
( -66  184  -159  )
( 140  207  35  )
( 220  -189  -294  )
( -265  24  144  )
( 145  146  -26  )
( -207  -11  -59  )
( -136  -100  75  )
( -322  182  -276  )
( -127  238  -274  )
( 271  -192  -22  )
( 54  74  317  )
( -249  54  160  )
( 314  97  260  )
( -13  76  81  )
( 44  -8  343  )
( -6  -251  -280  )
( 182  40  295  )
( -168  23  159  )
( -25  -52  -148  )
( -175  338  -161  )
( 286  282  301  )
( 74  -333  -78  )
( 333  -240  153  )
( -178  267  321  )
( 166  -211  260  )
( -74  -122  -329  )
( -141  126  42  )
( -283  210  267  )
( 186  188  -203  )
( 200  -46  337  )
( 187  -185  -213  )
( 12  -333  84  )
( -206  -14  209  )
( 317  -70  -303  )
( 9  131  303  )
( -251  -134  -37  )
( -169  -335  211  )
( -36  260  -284  )
( 148  88  224  )
( -257  46  150  )
( -66  282  105  )
( 46  -240  109  )
( -321  49  -333  )
( 92  309  276  )
( -300  -256  272  )
( -323  -30  -245  )
( -40  -253  -46  )
( -86  216  311  )
( -66  -320  -181  )
( 44  218  -243  )
( 238  200  -311  )
( -229  -146  162  )
( 112  -253  -161  )
( -88  12  157  )
( 84  268  197  )
( -105  194  -293  )
( -206  269  -10  )
( 79  -37  236  )
( -201  -27  336  )
( 345  52  295  )
( 60  175  -287  )
( 175  -81  -214  )
( -11  -140  308  )
( -229  -103  288  )
( 163  -86  -266  )
( -189  309  299  )
( -218  -297  310  )
( 275  -202  28  )
( 230  -173  346  )
( 312  -212  137  )
( 86  -18  -130  )
( -175  -262  -82  )
( 32  174  -96  )
( -197  -277  -316  )
( -68  -264  -78  )
( -275  42  -172  )
( 55  173  61  )
( 229  -55  -187  )
( 153  58  -236  )
( -99  229  117  )
( -79  -202  -335  )
( 237  -112  95  )
( 348  -100  138  )
( -75  187  -322  )
( 321  -237  253  )
( 255  -120  116  )
( 34  132  -111  )
( 16  -153  -77  )
( 70  24  -337  )
( -255  239  -254  )
( 329  -216  -202  )
( -309  -176  -296  )
( 329  17  -102  )
( 230  111  271  )
( 153  -255  252  )
( 328  -23  -71  )
( -39  182  -317  )
( -192  -52  -160  )
( -265  316  -331  )
( -204  -55  -106  )
( -39  -295  -185  )
( 149  -4  -34  )
( 166  71  25  )
( -29  238  -210  )
( -300  -165  155  )
( -17  180  10  )
( 13  199  88  )
( 337  -148  62  )
( -285  -221  -111  )
( -163  -332  -337  )
( 2  162  -151  )
( -156  -39  118  )
( -218  -40  -321  )
( -342  -233  62  )
( 241  -279  58  )
( 126  41  -52  )
( -341  -177  -290  )
( 262  296  -122  )
( -9  256  253  )
( 96  -269  268  )
( -196  164  -102  )
( -96  -138  21  )
( -29  -288  -241  )
( 174  -255  -35  )
( -236  -338  -100  )
( -164  -259  -54  )
( 32  -259  155  )
( -112  -234  226  )
( 329  -25  -281  )
( -51  317  -25  )
( -139  -73  -306  )
( 66  -208  -241  )
( -171  -212  169  )
( 261  -223  -312  )
( 159  211  73  )
( -211  -136  -35  )
( 110  90  -86  )
( -119  -99  252  )
( 0  211  111  )
( 198  93  14  )
( -335  240  -283  )
( -300  164  -64  )
( -157  259  49  )
( 235  -338  171  )
( -236  17  117  )
( -312  141  -298  )
( 92  -23  -87  )
( -78  -137  325  )
( 125  -219  157  )
( 208  295  179  )
( -111  -140  219  )
( 76  -138  319  )
( 6  -207  90  )
( -52  207  64  )
( 162  -267  -69  )
( -32  -5  276  )
( -331  -85  130  )
( 313  -226  -32  )
( -124  -85  108  )
( -128  250  -205  )
( 118  -295  231  )
( -66  78  -53  )
( -154  -338  -210  )
( -345  -278  -199  )
( -50  269  317  )
( 337  -121  217  )
( -151  196  -317  )
( 301  114  2  )
( 303  213  -99  )
( -239  -247  95  )
( 312  340  36  )
( -109  303  207  )
( 167  66  74  )
( 287  313  -294  )
( 189  50  -284  )
( -48  -317  -153  )
( -251  303  56  )
( 301  -141  334  )
( -254  67  -113  )
( -345  346  -268  )
( 107  -43  177  )
( -240  32  164  )
( 245  286  349  )
( 215  216  -85  )
( -345  31  132  )
( 295  241  265  )
( -49  -304  71  )
( -216  -193  -139  )
( 38  220  204  )
( 267  -322  212  )
( -312  273  -236  )
( 115  42  -127  )
( 167  -180  -349  )
( 74  336  -254  )
( -190  243  202  )
( -92  94  -302  )
( 154  61  -332  )
( 81  268  176  )
( 28  302  -24  )
( 266  -331  -52  )
( -215  -7  327  )
( -226  147  292  )
( -215  260  308  )
( 185  205  135  )
( 240  147  -219  )
( -247  132  -243  )
( 288  -74  -171  )
( 109  345  104  )
( -11  -34  -111  )
( 115  -180  265  )
( -77  195  34  )
( 83  184  289  )
( 295  170  -178  )
( -99  16  139  )
( 209  144  -266  )
( 229  267  -107  )
( -183  -239  -107  )
( 99  335  -300  )
( 312  -4  -255  )
( 231  -208  335  )
( -235  -218  -303  )
( 113  -311  -127  )
( -312  -177  -82  )
( 208  82  -87  )
( -309  98  140  )
( 120  279  319  )
( 249  200  -39  )
( -18  -287  -223  )
( 172  -127  62  )
( -167  189  -3  )
( -211  -338  -72  )
( 102  204  -100  )
( -132  229  -8  )
( 187  -321  -265  )
( -290  -128  293  )
( -267  84  249  )
( 304  243  -212  )
( 232  157  117  )
( -80  179  202  )
( -318  -258  -45  )
( 137  8  -103  )
( 190  -39  220  )
( 6  -60  153  )
( 18  -115  13  )
( -74  -109  -228  )
( 66  123  229  )
( -45  119  89  )
( 121  -41  131  )
( -104  -162  -330  )
( 106  -44  192  )
( -235  247  -296  )
( 98  118  -230  )
( 56  142  73  )
( 188  -346  -11  )
( 166  -136  -296  )
( 181  -290  -242  )
( 344  296  309  )
( 213  310  -77  )
( 132  -238  32  )
( 143  -97  180  )
( 234  -221  34  )
( 278  -196  98  )
( 164  -320  88  )
( -99  153  -246  )
( -63  -204  218  )
( 14  60  -5  )
( 328  -122  -297  )
( 267  305  157  )
( 333  191  58  )
( 279  345  -280  )
( -176  -201  -324  )
( 159  118  -182  )
( -61  -304  191  )
( -81  -314  264  )
( 325  -102  74  )
( -208  -114  -169  )
( 349  -173  51  )
( -99  229  -233  )
( -97  101  263  )
( -156  -330  343  )
( 316  96  -183  )
( -165  -118  52  )
( 18  59  -298  )
( 108  150  342  )
( -251  263  -133  )
( 26  -107  183  )
( -347  156  -94  )
( -81  -235  16  )
( 196  39  -294  )
( 277  -75  -89  )
( 141  159  -249  )
( 318  -23  -119  )
( 207  -11  135  )
( 269  97  249  )
( 95  -97  318  )
( 306  158  331  )
( 59  161  174  )
( -20  -44  321  )
( -239  -112  -80  )
( 13  156  -108  )
( 166  40  257  )
( -11  80  -206  )
( -91  305  140  )
( -317  -83  141  )
( 229  -50  30  )
( 50  -295  317  )
( 158  6  -141  )
( -88  195  116  )
( 255  216  19  )
( -31  167  -72  )
( -54  75  -319  )
( -68  49  -324  )
( 27  -258  10  )
( 13  332  -301  )
( -35  -129  -163  )
( 171  -7  -238  )
( 105  69  -135  )
( -113  112  170  )
( -95  313  -117  )
( 218  31  -175  )
( 202  227  -150  )
( 64  -74  -44  )
( 161  -204  -56  )
( -315  275  -139  )
( 257  -227  -122  )
( -64  230  99  )
( 46  96  36  )
( 268  -172  342  )
( 172  88  211  )
( -268  74  197  )
( -296  348  -119  )
( 235  -162  10  )
( 308  -316  -171  )
( 103  -308  179  )
( -125  132  -30  )
( 234  -262  250  )
( -135  -31  199  )
( -189  340  303  )
( 269  -334  329  )
( 292  63  270  )
( 158  -320  -110  )
( 222  255  119  )
( -220  270  158  )
( 256  -344  54  )
( -320  -76  -39  )
( -102  223  -12  )
( -301  -303  136  )
( -133  -228  -276  )
( -140  49  292  )
( -142  102  76  )
( 12  214  -127  )
( -327  140  -9  )
( -217  -53  -69  )
( -156  -248  251  )
( -333  24  -235  )
( 302  278  200  )
( -335  233  261  )
( -260  -235  -247  )
( 190  -191  -199  )
( 94  -255  -343  )
( 9  95  -335  )
( -34  -239  -264  )
( 168  -51  -323  )
( -251  -198  -202  )
( 52  205  -154  )
( -61  201  -64  )
( -2  231  -252  )
( -102  247  -252  )
( 229  -314  0  )
( 102  -12  279  )
( -147  -66  -199  )
( 24  -123  111  )
( 214  204  -110  )
( 272  -111  -27  )
( -24  -30  -126  )
( -296  37  -233  )
( -189  313  -289  )
( -102  181  -187  )
( -184  171  260  )
( 178  45  2  )
( -314  -221  120  )
( 285  120  62  )
( 260  -104  -337  )
( -57  -280  -17  )
( -155  39  -113  )
( 199  -314  -274  )
( 290  264  -270  )
( -262  -293  -230  )
( 319  257  265  )
( -323  291  -271  )
( -169  93  -106  )
( 180  -274  35  )
( -143  -255  309  )
( 150  271  -276  )
( -179  -222  -144  )
( 20  46  24  )
( -24  -92  -177  )
( -267  227  -159  )
( 25  19  328  )
( 144  109  -332  )
( -261  179  140  )
( -258  1  126  )
( -158  -235  151  )
( 220  -227  53  )
( 178  -137  -327  )
( -173  72  196  )
( 88  279  -327  )
( -67  101  -338  )
( -252  160  136  )
( -151  -201  320  )
( 55  -148  45  )
( 112  157  345  )
( -164  -277  139  )
( 78  129  212  )
( 274  196  73  )
( -146  -312  48  )
( -312  153  86  )
( -206  -116  335  )
( 78  -266  34  )
( -208  -22  -141  )
( 280  -228  231  )
( -289  194  47  )
( -4  -265  -130  )
( -88  210  94  )
( 221  54  -123  )
( -88  -229  -24  )
( -226  136  120  )
( 263  328  210  )
( 92  -15  -130  )
( 79  -148  102  )
( 301  -184  338  )
( -339  326  122  )
( -225  -302  -201  )
( 244  -201  -200  )
( -22  177  -16  )
( 107  -308  -201  )
( 312  -343  256  )
( -250  -57  214  )
( 127  16  282  )
( -292  1  259  )
( 330  -180  319  )
( -324  -48  149  )
( 97  146  -338  )
( 309  335  -258  )
( -40  -25  -230  )
( 299  -119  -213  )
( 3  -52  234  )
( 215  -37  -110  )
( 296  -251  285  )
( 21  -9  -197  )
( 128  291  -227  )
( -188  -128  -241  )
( -292  -75  15  )
( 229  -245  -197  )
( -293  230  306  )
( -340  -67  -126  )
( 248  -218  -72  )
( -153  305  -253  )
( -74  -293  -328  )
( -325  178  -85  )
( -70  117  -256  )
( -47  195  230  )
( 53  106  143  )
( 321  150  279  )
( 4  217  -272  )
( -224  -125  -196  )
( -155  -229  -156  )
( -19  -13  -330  )
( -89  -53  -126  )
( -13  334  -109  )
( 68  -159  -314  )
( -8  -79  218  )
( 140  291  0  )
( -155  -221  26  )
( -7  228  -299  )
( -204  -271  -128  )
( 156  -203  22  )
( -278  184  -303  )
( 16  127  -242  )
( 298  -196  143  )
( -207  294  -217  )
( -217  -82  -170  )
( 230  -220  -167  )
( 22  -344  265  )
( 49  -151  209  )
( -270  339  -152  )
( 345  -333  -113  )
( -91  -19  173  )
( 123  -5  217  )
( -153  -109  -5  )
( 323  83  72  )
( 162  -127  46  )
( -331  245  -145  )
( -285  -219  -278  )
( 225  275  -255  )
( 107  -40  -183  )
( 209  174  175  )
( -1  49  -163  )
( -264  -57  -285  )
( -183  50  -84  )
( 102  23  -349  )
( 347  176  -334  )
( 196  -305  194  )
( 29  -281  -309  )
( -156  -296  235  )
( -54  -249  209  )
( -233  303  -93  )
( 251  -75  -326  )
( 123  125  -292  )
( -100  -338  -220  )
( -78  -161  212  )
( 151  -169  -190  )
( 3  -233  -8  )
( 285  65  305  )
( 54  -342  -86  )
( 2  92  39  )
( 83  345  -103  )
( -132  336  17  )
( 128  -250  267  )
( 81  -23  175  )
( -225  -174  81  )
( -291  307  -187  )
( 242  -86  -204  )
( -172  -167  -35  )
( 169  85  113  )
( -241  341  -175  )
( 43  -108  314  )
( 136  7  261  )
( -17  -23  -44  )
( -261  -75  103  )
( -282  232  11  )
( -12  320  292  )
( 303  -292  102  )
( 58  257  -310  )
( -82  73  273  )
( -69  -21  257  )
( 83  -190  73  )
( -172  144  -210  )
( -200  201  263  )
( -120  -338  -97  )
( -146  -8  25  )
( 123  313  -101  )
( -132  113  -202  )
( 340  250  -144  )
( -101  -31  -320  )
( -248  136  -187  )
( -344  161  -314  )
( -261  87  347  )
( 289  91  244  )
( -110  304  48  )
( -292  9  -83  )
( 288  -156  308  )
( 186  264  -112  )
( 57  -8  203  )
( -127  276  -231  )
( 76  -230  -55  )
( 343  312  203  )
( -128  59  -72  )
( 327  -260  -113  )
( -192  264  14  )
( 16  -35  -237  )
( 335  -210  -104  )
( 282  180  52  )
( -81  344  -318  )
( 236  205  -153  )
( -272  -72  -120  )
( -267  -42  -94  )
( -174  -254  152  )
( -119  -277  124  )
( -264  -163  -230  )
( -253  -19  -104  )
( -64  -56  -87  )
( -291  -215  -296  )
( -155  -348  -227  )
( 217  84  219  )
( 249  281  -40  )
( 302  145  56  )
( -153  -184  116  )
( -18  240  -337  )
( -216  -322  -171  )
( 138  -240  344  )
( 164  -191  218  )
( -120  84  -151  )
( -239  -330  155  )
( -197  -311  -81  )
( 114  261  316  )
( 8  16  -147  )
( 126  -112  309  )
( 86  221  -152  )
( 132  -100  -344  )
( 116  346  96  )
( 270  -248  -118  )
( 313  93  325  )
( 136  232  45  )
( -235  238  -32  )
( -272  255  264  )
( -33  158  -192  )
( -21  -226  43  )
( 185  -105  -300  )
( -203  -91  -152  )
( 62  -150  -299  )
( 344  114  -336  )
( -162  -197  157  )
( -236  -239  342  )
( 164  -7  -20  )
( 164  -187  -318  )
( -17  33  -89  )
( -69  -113  297  )
( -330  334  108  )
( -207  220  -309  )
( -228  -97  281  )
( -102  276  309  )
( -343  -180  196  )
( 16  182  -290  )
( -177  -93  -184  )
( -263  -127  -152  )
( 240  125  220  )
( -92  289  -144  )
( 171  92  -254  )
( 24  328  -160  )
( -231  222  -100  )
( -311  -306  301  )
( 53  45  252  )
( 342  -333  290  )
( 226  327  26  )
( -18  -49  295  )
( 95  -301  -207  )
( -80  306  -8  )
( -44  -101  -16  )
( 272  162  91  )
( 220  -279  -347  )
( -49  -85  -248  )
( 282  176  -276  )
( -28  130  54  )
( 181  -88  -194  )
( 126  182  -130  )
( -110  113  -22  )
( 240  270  231  )
( 97  76  -239  )
( 204  -192  129  )
( -342  -86  235  )
( 56  54  103  )
( -172  349  -135  )
( -308  -82  300  )
( -95  251  -182  )
( -171  -166  183  )
( 269  -59  266  )
( -169  86  191  )
( -320  6  307  )
( -336  -312  344  )
( 36  285  -235  )
( -242  305  21  )
( 105  266  24  )
( -132  -111  247  )
( 140  114  294  )
( -119  -250  278  )
( -28  84  346  )
( 4  -217  342  )
( -115  -90  178  )
( 151  24  335  )
( -315  -171  -131  )
( 162  -255  270  )
( 89  -47  -108  )
( 39  -85  -44  )
( -111  -101  -287  )
( 201  249  -22  )
( 245  -315  173  )
( -134  -117  30  )
( -165  -236  -127  )
( 310  92  -157  )
( -348  145  107  )
( -83  -219  120  )
( 106  205  120  )
( -255  172  184  )
( -181  -0  105  )
( 112  -156  227  )
( -87  62  280  )
( -185  133  -139  )
( -245  235  272  )
( 54  122  340  )
( 148  124  272  )
( 59  104  -298  )
( 181  -83  -222  )
( 175  -224  249  )
( 151  -346  204  )
( -229  41  191  )
( 61  -336  -151  )
( 172  266  -341  )
( -5  97  66  )
( 35  -305  150  )
( -274  102  -174  )
( 129  -257  279  )
( -349  218  226  )
( 127  20  -38  )
( 278  168  -46  )
( 47  -8  342  )
( -89  266  -263  )
( -321  -201  71  )
( -220  -301  -217  )
( -71  -101  -28  )
( 271  332  -16  )
( 12  -198  -213  )
( -65  229  -44  )
( 175  -306  292  )
( -291  256  -211  )
( -232  272  34  )
( 287  -232  269  )
( 43  -113  246  )
( 315  -314  -243  )
( -51  -249  261  )
( -73  -128  0  )
( -132  272  -284  )
( 26  -247  -301  )
( -223  109  -59  )
( 318  340  -51  )
( 94  220  -121  )
( -62  226  162  )
( -183  -81  228  )
( 54  -325  182  )
( 246  194  -195  )
( -243  54  108  )
( -1  -247  279  )
( -41  22  207  )
( -340  -106  178  )
( -60  202  193  )
( 307  -9  -130  )
( 3  315  231  )
( 294  -56  -224  )
( -25  -199  -262  )
( 178  -194  -55  )
( -340  -3  -291  )
( 178  -39  261  )
( 267  100  -4  )
( -320  345  -342  )
( -303  185  134  )
( -161  18  299  )
( 18  -38  67  )
( 192  155  246  )
( 276  -0  323  )
( 194  -126  152  )
( 319  -117  -114  )
( -316  -234  186  )
( -111  343  -182  )
( -274  -260  47  )
( -220  139  185  )
( -199  50  224  )
( 14  -58  252  )
( -44  41  -300  )
( 241  -75  218  )
( -45  80  -167  )
( 168  313  -197  )
( -106  277  149  )
( -264  -8  -210  )
( -97  101  282  )
( 126  -241  185  )
( -270  168  -216  )
( 67  -40  88  )
( -157  -212  57  )
( 40  -101  -246  )
( 298  343  -329  )
( -176  -316  -282  )
( 329  244  212  )
( -229  -138  -200  )
( -270  200  -59  )
( 170  -192  -120  )
( 292  215  -133  )
( 297  -4  280  )
( -236  100  -187  )
( -81  107  -269  )
( 223  -87  236  )
( -259  -167  -20  )
( -224  -188  246  )
( 37  172  -53  )
( -254  234  -151  )
( 273  -108  -312  )
( 32  207  -218  )
( -184  125  -216  )
( 146  -121  -106  )
( -328  -116  349  )
( -278  110  -95  )
( -49  -208  330  )
( -223  -125  -33  )
( 51  -331  -190  )
( -343  -102  267  )
( 193  -269  -215  )
( 44  273  230  )
( 231  119  80  )
( 107  -268  163  )
( -228  -289  238  )
( 176  -313  19  )
( -228  326  -129  )
( -231  -88  189  )
( -27  -45  -116  )
( 91  183  209  )
( -173  -193  -190  )
( -12  103  -289  )
( 142  194  114  )
( 265  -86  311  )
( -23  230  235  )
( -337  326  348  )
( 276  -277  154  )
( -59  308  167  )
( -40  210  78  )
( 285  250  349  )
( -317  -299  86  )
( -193  56  -38  )
( -93  -302  1  )
( -48  -51  26  )
( -161  153  -74  )
( -38  123  -349  )
( -57  -321  47  )
( -302  261  -36  )
( 92  -80  -203  )
( -300  221  -291  )
( 45  206  205  )
( 213  145  155  )
( -162  -46  -265  )
( 180  -20  -67  )
( -239  303  203  )
( -301  72  278  )
( 328  83  275  )
( 35  54  271  )
( -43  296  75  )
( -310  -224  271  )
( 340  -235  180  )
( -176  -131  -312  )
( 254  -157  280  )
( -60  331  7  )
( 127  168  -45  )
( -329  199  328  )
( -172  -122  -324  )
( 61  218  -346  )
