( 347  -63  -245  )
( -111  -247  -347  )
( 299  37  3  )
( -266  215  -27  )
( -253  -301  80  )
( -77  -127  -254  )
( -191  3  346  )
( 170  323  -89  )
( 162  103  217  )
( -161  33  -135  )
( 24  -167  -177  )
( -330  32  -223  )
( 52  -139  -152  )
( -141  -76  -87  )
( -28  5  -90  )
( 153  218  -192  )
( 327  345  -196  )
( 150  7  328  )
( 272  93  -115  )
( 274  132  -348  )
( -259  -19  -67  )
( 162  -183  147  )
( 321  51  223  )
( 254  -307  99  )
( 150  326  192  )
( 22  -190  -251  )
( 214  -22  -51  )
( -244  245  287  )
( 327  123  180  )
( 246  -345  344  )
( -278  80  -185  )
( -64  44  -75  )
( 25  245  -287  )
( -43  259  70  )
( 9  -26  22  )
( -279  -336  114  )
( -336  -94  323  )
( 8  242  149  )
( 176  -58  142  )
( -218  -27  209  )
( 209  14  -112  )
( 198  -267  61  )
( 197  136  -134  )
( 177  191  45  )
( 129  54  -162  )
( 174  278  -155  )
( 320  -214  -249  )
( -192  336  184  )
( -227  -149  -85  )
( -322  217  207  )
( 234  40  -347  )
( 22  -25  209  )
( -73  -334  -55  )
( -117  -110  -196  )
( -270  58  -53  )
( -219  -178  -103  )
( -313  -173  -34  )
( 75  293  328  )
( -96  316  331  )
( -157  106  65  )
( 181  -21  233  )
( -7  -275  -108  )
( 314  -321  330  )
( 314  -250  121  )
( -280  265  225  )
( -315  -68  -117  )
( 169  -291  -28  )
( 281  328  -126  )
( 282  340  240  )
( 100  -269  -142  )
( -211  120  176  )
( 240  224  -123  )
( 279  334  -158  )
( -131  271  37  )
( 276  -106  -253  )
( -46  163  40  )
( -6  96  296  )
( -234  -295  6  )
( -96  -235  158  )
( 9  298  -52  )
( 129  182  -230  )
( 77  -250  58  )
( 191  243  -210  )
( 50  -162  -252  )
( -92  -213  -173  )
( 312  163  -171  )
( 252  -29  -276  )
( 301  -167  96  )
( -257  -234  -83  )
( 73  -171  -125  )
( 343  295  4  )
( 128  100  153  )
( 92  20  -32  )
( -150  57  -284  )
( -156  63  -34  )
( -121  172  -1  )
( 186  -205  -183  )
( 275  120  292  )
( -257  -86  124  )
( -308  -257  242  )
( -320  -134  -291  )
( -284  -159  -35  )
( 66  309  209  )
( -217  -277  -46  )
( -307  -259  -256  )
( -288  0  -151  )
( 125  -252  71  )
( -301  95  -299  )
( 288  -185  -168  )
( 35  -320  -146  )
( -50  -159  28  )
( 53  -263  80  )
( 185  -346  -322  )
( 203  -29  60  )
( -16  -104  312  )
( 243  -248  234  )
( -87  205  -195  )
( -24  223  -334  )
( -53  -96  -275  )
( 251  229  -329  )
( -40  301  -50  )
( 271  39  -107  )
( -133  135  102  )
( 179  -260  -336  )
( 213  59  286  )
( 305  261  -128  )
( 326  -73  -154  )
( -40  -300  -144  )
( -207  -61  -250  )
( -108  -110  -311  )
( -317  -138  346  )
( -191  -91  297  )
( 52  -269  16  )
( 190  131  53  )
( -146  200  -320  )
( 319  275  -4  )
( 9  -344  152  )
( -193  162  34  )
( -301  307  291  )
( 111  108  -316  )
( 146  105  -316  )
( -226  340  -258  )
( 336  219  315  )
( 91  30  150  )
( 101  232  -53  )
( 143  -198  102  )
( 3  -243  -253  )
( 82  52  106  )
( -51  152  162  )
( 278  -62  83  )
( 15  -123  -183  )
( -51  -140  116  )
( -28  -335  332  )
( 167  315  -62  )
( 157  4  304  )
( -288  -269  22  )
( 258  -120  191  )
( -45  74  -139  )
( 63  -40  -26  )
( -149  52  -304  )
( -318  244  -72  )
( 55  -215  12  )
( -118  136  334  )
( 288  -182  -63  )
( -95  -296  338  )
( -42  -196  -113  )
( 39  94  -249  )
( 32  -277  305  )
( 93  -310  81  )
( 339  205  347  )
( 32  -261  3  )
( -181  -230  265  )
( -250  -165  85  )
( -31  333  105  )
( -146  80  72  )
( -55  -211  -146  )
( -277  -137  -34  )
( -94  -90  -241  )
( 56  154  235  )
( -336  26  -257  )
( 207  67  -319  )
( -122  -281  244  )
( -96  -260  -206  )
( 116  -158  -292  )
( -271  -2  -251  )
( -269  245  -296  )
( -68  -181  -185  )
( 10  -196  -238  )
( -157  -233  285  )
( -26  234  288  )
( -339  -221  123  )
( -306  -222  168  )
( 216  -6  -215  )
( -309  10  -80  )
( -71  32  -248  )
( -126  -335  -85  )
( 58  6  -101  )
( -113  103  96  )
( 104  4  -289  )
( 5  201  -348  )
( -70  105  207  )
( -346  -259  -174  )
( 197  241  -149  )
( -59  -206  -173  )
( -165  23  -109  )
( 42  -82  -219  )
( -12  158  0  )
( 1  239  -151  )
( -19  -192  99  )
( 309  -121  -142  )
( -99  -288  46  )
( -332  46  -267  )
( -189  -130  262  )
( -305  313  79  )
( 319  -248  -133  )
( -247  -304  -159  )
( 114  -15  -33  )
( 276  73  -349  )
( -41  -192  -203  )
( 343  99  251  )
( -250  27  187  )
( 166  -43  -232  )
( 20  -140  202  )
( 293  -185  -303  )
( -89  -223  307  )
( -113  37  -35  )
( 281  -54  53  )
( -96  167  289  )
( 74  -242  -113  )
( 340  -194  -244  )
( 327  -249  -282  )
( -80  16  -308  )
( -342  213  -206  )
( 12  -29  6  )
( -71  -334  -129  )
( 34  -66  104  )
( -178  157  -293  )
( 73  -9  256  )
( 301  -200  -12  )
( 173  -259  293  )
( -136  343  210  )
( -225  -277  81  )
( -291  320  48  )
( -15  296  -78  )
( -35  -302  215  )
( -326  101  -117  )
( -266  -0  66  )
( -346  -111  27  )
( 188  -28  310  )
( -127  -6  76  )
( -6  62  -285  )
( -279  316  4  )
( -228  283  187  )
( -172  -165  -46  )
( 320  163  181  )
( 119  222  -259  )
( 309  314  -81  )
( -96  172  -330  )
( 118  295  239  )
( -72  201  -210  )
( 310  294  34  )
( 55  -308  -255  )
( 147  11  219  )
( 154  -212  -156  )
( -173  110  259  )
( -91  -22  137  )
( -81  221  150  )
( 268  -197  -12  )
( 175  -55  -118  )
( 265  -319  120  )
( -91  -27  -81  )
( 273  -121  -66  )
( 311  -58  -207  )
( 105  -97  58  )
( -109  36  3  )
( 121  77  33  )
( -303  -210  117  )
( 161  104  -115  )
( 225  310  251  )
( -163  208  -77  )
( -331  312  245  )
( 7  -201  79  )
( -162  -235  266  )
( -66  -12  -0  )
( -339  76  -32  )
( 253  169  -239  )
( -199  -47  -227  )
( 74  -116  311  )
( 29  -154  -299  )
( -34  30  275  )
( 140  -225  97  )
( -218  154  -24  )
( 274  -123  -273  )
( -252  60  -37  )
( -111  -235  -337  )
( -4  -223  14  )
( -107  -118  131  )
( 217  -141  349  )
( 180  -258  224  )
( 235  -76  130  )
( 47  310  83  )
( -302  40  -271  )
( -310  201  129  )
( -208  0  -301  )
( 292  347  -314  )
( -183  -203  -347  )
( -66  12  239  )
( -143  -125  -72  )
( 87  -10  326  )
( -173  255  -192  )
( -134  103  192  )
( -282  -259  -24  )
( 267  -168  244  )
( -147  -126  -270  )
( 138  -272  200  )
( 122  -252  -184  )
( -336  199  248  )
( 215  -345  -109  )
( -345  -285  228  )
( -326  74  -217  )
( -180  166  268  )
( -92  160  115  )
( 212  80  -178  )
( -193  325  -54  )
( -112  138  -314  )
( 46  273  299  )
( -96  -290  -227  )
( -33  163  -116  )
( 4  266  227  )
( -143  -30  -325  )
( 342  49  179  )
( 172  -152  218  )
( 9  -216  315  )
( 305  -197  -37  )
( -214  -247  -270  )
( 106  282  -120  )
( 21  215  -185  )
( -41  -307  -297  )
( 199  138  -81  )
( -327  278  -70  )
( -23  -343  -35  )
( 213  241  -308  )
( 255  296  262  )
( 47  171  105  )
( -251  -65  142  )
( -111  -52  152  )
( -224  66  -319  )
( 259  184  -96  )
( -158  263  184  )
( 307  -236  -18  )
( 202  -317  205  )
( 177  -52  -152  )
( -78  96  322  )
( -347  -298  276  )
( -136  -39  118  )
( -193  -151  -170  )
( -239  67  50  )
( -225  25  334  )
( -188  -142  -218  )
( 157  -49  -238  )
( 127  -79  321  )
( -189  -234  -216  )
( 347  -219  29  )
( 348  -95  128  )
( 112  -8  -195  )
( -295  243  160  )
( 100  247  -88  )
( 110  -180  -199  )
( 206  -157  -89  )
( 115  289  250  )
( -207  218  -217  )
( -162  -262  130  )
( 101  339  -275  )
( 10  80  -344  )
( 142  155  276  )
( 130  337  39  )
( -160  347  -216  )
( 37  -320  276  )
( -231  40  73  )
( 154  338  188  )
( 79  274  84  )
( -128  275  35  )
( -142  -188  157  )
( 68  77  -185  )
( 315  -44  -33  )
( 80  31  -65  )
( 128  -60  -203  )
( 334  298  160  )
( -78  -15  -85  )
( 113  -45  -205  )
( -161  -324  -310  )
( 220  240  -293  )
( -45  220  -244  )
( 248  159  -129  )
( -20  16  -118  )
( -98  346  -335  )
( 163  -300  -0  )
( -228  256  247  )
( -61  254  -118  )
( -165  -27  325  )
( 234  -124  281  )
( -30  185  52  )
( -75  2  69  )
( -205  -272  60  )
( 90  -28  -331  )
( 156  -254  -56  )
( 264  -336  -284  )
( 181  202  -135  )
( -64  71  -26  )
( 346  223  0  )
( -169  -231  -106  )
( -192  -286  276  )
( 4  -225  -94  )
( 184  239  20  )
( 131  295  182  )
( -345  -88  159  )
( -11  256  -248  )
( 331  249  61  )
( -319  204  -150  )
( 323  25  348  )
( -215  62  -99  )
( -85  -261  -334  )
( -319  308  336  )
( -49  85  84  )
( -192  260  168  )
( -274  -226  -189  )
( -21  315  285  )
( -131  148  299  )
( 24  192  -329  )
( 308  250  -78  )
( -150  -109  -105  )
( -206  -262  -39  )
( -21  -196  328  )
( 47  -38  -266  )
( -4  -323  293  )
( 311  -256  237  )
( 29  -146  186  )
( 108  -78  279  )
( -331  142  -17  )
( 170  148  129  )
( -107  -224  305  )
( 26  -115  -267  )
( 208  -229  345  )
( 293  -145  31  )
( -270  -149  -41  )
( -320  122  -130  )
( 294  337  -91  )
( -90  -233  111  )
( 140  348  -197  )
( -146  -227  10  )
( -223  26  -98  )
( -75  -193  -228  )
( -312  277  216  )
( -16  240  -309  )
( 257  340  -191  )
( 320  105  -191  )
( -288  -245  62  )
( -160  -54  92  )
( -110  33  82  )
( -110  -303  -127  )
( 319  -344  55  )
( 346  -224  -143  )
( 253  -188  54  )
( 188  -311  283  )
( 94  100  -193  )
( 339  41  253  )
( 301  145  -212  )
( -193  136  80  )
( -11  309  -48  )
( -126  319  -131  )
( -99  52  298  )
( -139  -12  -63  )
( 168  -130  -248  )
( 55  174  147  )
( 183  -19  -232  )
( -19  298  101  )
( 173  211  -168  )
( -166  -20  -302  )
( -17  -81  -120  )
( 290  -164  -79  )
( 146  74  228  )
( -143  -202  22  )
( -108  283  215  )
( -36  113  -224  )
( 228  -152  -332  )
( -51  -9  -279  )
( -31  -128  -70  )
( 112  -337  261  )
( -42  -121  275  )
( 188  79  -155  )
( -328  -285  8  )
( 11  -349  18  )
( -63  161  307  )
( -138  -339  34  )
( 81  -142  225  )
( -39  -11  198  )
( 341  269  -59  )
( -67  -113  262  )
( 44  -287  264  )
( -130  28  -266  )
( -218  290  -297  )
( 308  -68  -142  )
( 278  -126  -224  )
( -169  329  314  )
( -29  197  -24  )
( -278  220  -281  )
( -178  122  133  )
( -195  -210  -333  )
( 161  348  167  )
( 101  155  343  )
( -65  58  -269  )
( 270  -255  -161  )
( -259  258  333  )
( 133  -41  294  )
( 26  336  -342  )
( -122  22  -126  )
( 5  206  98  )
( 286  346  120  )
( 273  228  140  )
( 91  229  114  )
( -327  192  -5  )
( -169  274  173  )
( -289  163  -60  )
( 168  -337  32  )
( -22  -193  298  )
( -91  67  340  )
( -127  -306  -124  )
( 345  176  -109  )
( 104  31  -312  )
( 174  44  -107  )
( 14  139  -68  )
( 165  41  -128  )
( 305  -38  158  )
( -314  -149  -251  )
( -111  -64  -57  )
( -35  75  -5  )
( -135  146  332  )
( -107  -226  90  )
( 50  -219  -292  )
( 10  -342  201  )
( -90  -74  290  )
( -303  -124  278  )
( 306  -308  -278  )
( 227  18  -237  )
( -27  -177  87  )
( -134  -210  -186  )
( -37  -30  330  )
( -92  -124  232  )
( 302  148  215  )
( -102  -316  185  )
( -147  -15  -178  )
( 189  -95  42  )
( 42  1  337  )
( -148  -141  136  )
( -327  -6  40  )
( 236  158  -216  )
( 40  344  252  )
( -13  -161  20  )
( 198  -327  -232  )
( 338  -34  77  )
( 329  53  -162  )
( -228  -138  76  )
( -321  304  -159  )
( 253  202  212  )
( 73  -185  -254  )
( 2  305  -327  )
( -206  -292  -114  )
( 25  214  102  )
( 158  125  -27  )
( -210  -191  309  )
( -214  -340  289  )
( -207  -94  -228  )
( 69  -64  -189  )
( 327  -183  306  )
( 120  264  16  )
( 152  52  11  )
( 55  -5  -292  )
( -106  -245  -1  )
( 129  248  150  )
( 186  -1  274  )
( 315  68  -276  )
( 307  275  32  )
( -163  47  268  )
( 187  -198  -333  )
( -121  180  194  )
( -280  8  -108  )
( 173  278  279  )
( -88  -94  95  )
( -264  -211  121  )
( -294  -77  248  )
( 261  -343  -183  )
( 155  -321  -83  )
( -170  210  240  )
( 38  0  277  )
( -14  229  254  )
( 132  85  8  )
( -116  127  -277  )
( -76  273  93  )
( -310  -73  191  )
( 24  178  332  )
( -263  -216  -250  )
( -253  317  -24  )
( 67  -216  -106  )
( 164  223  166  )
( 117  -303  96  )
( -49  119  10  )
( -312  -280  69  )
( -232  9  286  )
( 2  293  -205  )
( 33  233  210  )
( -87  -205  76  )
( 106  221  -143  )
( -187  349  -78  )
( -34  -143  83  )
( -191  -228  31  )
( -82  269  107  )
( -336  -107  -55  )
( 238  244  -96  )
( 21  -279  187  )
( -204  -217  -307  )
( 76  -195  81  )
( -315  46  207  )
( -345  -190  -322  )
( -208  188  61  )
( -306  218  255  )
( -133  234  201  )
( 223  309  245  )
( -299  -116  -21  )
( -251  309  285  )
( 154  64  -103  )
( -270  -135  111  )
( -110  90  31  )
( 96  -324  182  )
( -104  -252  54  )
( -333  -191  215  )
( -122  234  32  )
( 254  -67  -321  )
( 104  140  -260  )
( -319  27  349  )
( 243  305  -232  )
( 114  170  156  )
( -101  141  264  )
( 253  -205  -72  )
( 138  -39  -8  )
( -47  -272  125  )
( 323  -94  3  )
( 211  -52  197  )
( 23  10  -298  )
( -338  212  -265  )
( -236  -150  -231  )
( -334  135  243  )
( 254  -196  128  )
( -253  -131  10  )
( -100  122  -47  )
( 226  347  -22  )
( 270  -94  314  )
( -96  -292  254  )
( 170  -27  307  )
( 238  110  139  )
( -233  107  2  )
( 29  -232  -57  )
( -79  206  103  )
( -171  144  22  )
( -212  -157  284  )
( 307  297  -191  )
( -273  -295  -96  )
( 57  184  -166  )
( 110  91  -186  )
( -0  146  -101  )
( -3  184  -140  )
( -79  -113  -192  )
( 157  -291  -110  )
( 245  -289  277  )
( -132  310  -165  )
( -200  -2  283  )
( -225  -154  -85  )
( 176  -117  138  )
( -337  -33  -252  )
( 65  64  262  )
( -135  -335  -115  )
( 342  -45  -190  )
( 257  -4  -311  )
( 72  183  -12  )
( -23  -170  -214  )
( 232  -137  349  )
( -220  180  313  )
( -124  -103  -3  )
( 264  55  111  )
( -113  -169  -311  )
( 284  -250  -36  )
( 0  -31  -207  )
( -310  93  -328  )
( -266  -237  -81  )
( 301  141  48  )
( -116  -282  301  )
( 83  -246  -154  )
( 237  -64  61  )
( 18  -138  -301  )
( -200  -236  -3  )
( -252  332  -313  )
( 288  254  -100  )
( -149  -137  143  )
( -103  -165  7  )
( 287  -177  288  )
( -0  -53  -39  )
( -347  309  39  )
( 123  75  160  )
( 293  -167  157  )
( -87  181  267  )
( -54  117  -267  )
( -123  -60  287  )
( -20  200  -108  )
( 266  -296  290  )
( -230  117  333  )
( 331  -68  -136  )
( 65  -59  -100  )
( -68  -272  102  )
( -177  141  239  )
( 212  49  -62  )
( -31  -21  -16  )
( 58  -268  231  )
( 334  112  -271  )
( 178  18  269  )
( -134  76  314  )
( 169  137  -234  )
( -9  27  313  )
( 8  173  267  )
( -194  -221  164  )
( -43  -309  -259  )
( -118  -26  194  )
( 64  -60  -1  )
( 305  -265  -282  )
( 248  338  347  )
( 133  -40  -228  )
( 137  -336  -2  )
( 247  348  -329  )
( 285  346  332  )
( 264  120  339  )
( -228  113  -257  )
( 149  300  -48  )
( -194  25  -307  )
( -346  -286  -47  )
( 316  -295  -221  )
( -99  20  -3  )
( -66  157  285  )
( -250  313  212  )
( 85  -317  -318  )
( -59  -177  -163  )
( -252  -20  -21  )
( -35  54  -43  )
( -199  -149  -59  )
( 169  -298  -223  )
( -74  8  -224  )
( 266  -13  48  )
( -229  -343  -236  )
( -49  -234  -203  )
( 342  127  216  )
( 76  -147  256  )
( 31  -67  -26  )
( -84  -278  31  )
( -81  -2  92  )
( -327  238  -61  )
( -251  -301  319  )
( 16  140  -75  )
( -204  -327  59  )
( -209  -147  105  )
( -309  -323  322  )
( 117  119  -70  )
( -209  50  19  )
( 8  -330  87  )
( -333  -261  -152  )
( -29  -179  136  )
( 233  349  166  )
( 165  -329  79  )
( -184  -345  -266  )
( 168  -213  330  )
( 25  -154  -135  )
( 48  278  213  )
( -145  -38  -193  )
( -151  16  -149  )
( 40  198  193  )
( 8  -295  -103  )
( 333  60  -299  )
( -298  259  -101  )
( -303  -260  -37  )
( -282  221  256  )
( 38  208  341  )
( -311  168  -224  )
( 260  288  65  )
( -213  -29  -187  )
( 330  45  26  )
( -10  195  205  )
( 164  324  -152  )
( 319  228  287  )
( -22  165  260  )
( -158  243  -290  )
( 42  -223  313  )
( -66  -55  -332  )
( 8  96  15  )
( -92  87  329  )
( 318  39  -159  )
( 60  -65  -30  )
( -271  -19  261  )
( -164  165  -291  )
( -184  -196  -304  )
( -126  318  66  )
( 184  19  -206  )
( 171  152  -49  )
( -180  -292  339  )
( 201  -105  -152  )
( -45  27  89  )
( -189  -76  19  )
( 298  -119  93  )
( 264  134  48  )
( 329  71  -265  )
( -98  105  141  )
( -126  -159  -7  )
( 3  -151  -302  )
( 110  347  89  )
( 39  73  10  )
( 319  -235  51  )
( 284  156  303  )
( 214  200  -94  )
( -302  -70  105  )
( -45  39  -198  )
( -178  -155  -25  )
( -225  285  -323  )
( -254  -163  -150  )
( 304  54  185  )
( 188  141  169  )
( -167  335  -43  )
( 311  -91  341  )
( -331  -178  -134  )
( 208  152  266  )
( 139  -0  250  )
( 20  112  -177  )
( 263  52  90  )
( 183  181  124  )
( 146  332  -284  )
( -286  348  -127  )
( -60  233  294  )
( -26  136  -118  )
( -45  -153  -73  )
( -126  -184  157  )
( 292  150  264  )
( 321  59  334  )
( -253  341  -195  )
( 300  157  127  )
( 272  -300  -326  )
( -70  281  61  )
( 230  -66  205  )
( 87  -295  -249  )
( 74  -196  325  )
( 175  -284  279  )
( 0  73  130  )
( 258  -299  201  )
( -247  286  319  )
( 284  92  81  )
( 285  79  292  )
( 73  -306  -155  )
( 240  -131  179  )
( -53  -106  80  )
( 211  -272  -304  )
( 196  333  -217  )
( -259  -20  12  )
( 211  152  260  )
( 332  -202  211  )
( 322  155  289  )
( 76  -57  286  )
( -288  214  -41  )
( 349  -348  -129  )
( -169  -97  -245  )
( -212  -0  -316  )
( 260  261  11  )
( -337  122  299  )
( -224  -303  22  )
( 118  147  -225  )
( 43  31  190  )
( 294  341  -162  )
( -183  -83  -117  )
( -170  -37  267  )
( -346  161  -102  )
( 345  289  -107  )
( 70  -69  8  )
( -312  -120  -62  )
( -198  -186  -228  )
( -98  -334  -316  )
( 232  -323  143  )
( 299  -289  211  )
( 128  317  67  )
( -69  226  17  )
( 64  -127  -266  )
( 102  106  -203  )
( 43  254  -261  )
( 341  -47  -272  )
( -159  53  -193  )
( 201  345  11  )
( -5  -247  339  )
( -44  -193  -225  )
( 168  296  -161  )
( 215  -53  -319  )
( 318  82  -339  )
( -95  -148  -58  )
( -37  87  213  )
( 118  63  -330  )
( -87  -324  33  )
( -210  -337  -334  )
( -191  97  205  )
( -8  -105  249  )
( -151  -96  61  )
( 209  204  -297  )
( -176  -11  -112  )
( 208  -62  -140  )
( 135  211  57  )
( -164  156  -308  )
( -83  -14  -204  )
( 197  129  283  )
( -175  96  -317  )
( 151  19  -203  )
( 271  74  -346  )
( 300  -72  149  )
( -0  -243  207  )
( 161  285  152  )
( 170  105  131  )
( -200  31  -198  )
( -346  74  -300  )
( 312  -193  -221  )
( -52  257  -148  )
( -204  66  253  )
( -12  -76  274  )
( 131  -326  -282  )
( 253  -101  77  )
( 17  -176  -191  )
( 68  -22  316  )
( 91  -19  -84  )
( 316  -18  -181  )
( 114  22  320  )
( -17  105  -256  )
( 272  -155  -150  )
( -48  -71  242  )
( -331  302  -246  )
( 344  -149  309  )
( -288  -123  191  )
( -154  7  -221  )
( 210  -73  -167  )
( -316  -120  45  )
( 346  -71  205  )
( 241  29  151  )
( -46  -198  -245  )
( 250  65  -25  )
( 300  86  81  )
( -187  -264  -179  )
( 80  -93  113  )
( 311  19  191  )
( -211  100  -235  )
( 290  189  307  )
( -334  -177  245  )
( 258  -222  253  )
( -250  -315  -295  )
( 118  322  276  )
( 328  309  -285  )
( 16  -27  63  )
( -139  87  -231  )
( 178  180  257  )
( 185  -257  -0  )
( 60  78  -34  )
( 30  200  -140  )
( 255  242  143  )
( 308  67  -24  )
( 60  118  310  )
( 317  275  -164  )
( -71  -130  -327  )
( 149  -175  -215  )
( -200  246  6  )
( 217  -236  -235  )
( -243  262  -9  )
( 342  318  -109  )
( 256  231  -116  )
( 231  -186  -165  )
( -29  -58  33  )
( 224  317  -247  )
( 253  248  -266  )
( -302  -119  -283  )
( 98  -273  325  )
( 126  -94  -60  )
( -215  289  169  )
( -24  -21  146  )
( 87  -149  222  )
( -214  -259  -331  )
( 30  147  45  )
( -77  -7  -121  )
( 14  -167  322  )
( 148  -268  330  )
( -200  -17  -253  )
( -77  -144  194  )
( -162  -208  39  )
( 283  -275  261  )
( 40  73  301  )
( 322  -125  -192  )
( -172  214  -340  )
( 148  308  106  )
( -227  -343  332  )
( -308  59  -129  )
( 212  53  31  )
( -287  -212  -281  )
( -217  -130  97  )
( 158  -227  2  )
( 332  300  -16  )
( 297  -217  308  )
( 99  264  -155  )
( -152  219  -322  )
( 67  203  -68  )
( 118  -162  154  )
( 222  60  -109  )
( 121  -303  -145  )
( -316  -322  311  )
( 272  3  -289  )
( -33  83  -244  )
( 297  174  12  )
( -346  239  -281  )
( 60  26  -112  )
( -129  -254  274  )
( -181  274  45  )
( 209  -160  -230  )
( 207  -143  -11  )
( 21  324  127  )
( -175  32  -272  )
( -11  81  265  )
( 52  282  214  )
( 61  -215  217  )
( 233  -109  -100  )
( 206  -19  107  )
( -24  -321  38  )
( -226  -123  -193  )
( 72  -221  192  )
( -220  -182  249  )
( 161  -169  -173  )
( -312  76  92  )
( -344  -348  75  )
( -343  -173  71  )
( 28  -199  -43  )
( -348  119  164  )
( 178  -119  228  )
( 91  -44  -199  )
( -200  -156  -20  )
( -31  249  257  )
( 327  -316  -126  )
( 180  206  -201  )
( -31  -197  -135  )
( 197  -8  152  )
( -64  -73  152  )
( -41  -317  -69  )
( 82  269  21  )
( 192  41  217  )
( -108  -308  195  )
( 292  234  -270  )
( -293  16  213  )
( 77  270  -274  )
( 315  -252  109  )
( -122  183  -296  )
( -311  1  -58  )
( 288  -131  -202  )
( -42  -71  -285  )
( -76  -315  258  )
( -34  88  -73  )
( 193  -270  -250  )
( -14  309  7  )
( -142  230  295  )
( -29  -281  211  )
( -266  -219  262  )
( -345  131  -2  )
( 237  -190  134  )
( -32  -211  -245  )
( 276  77  -19  )
( 27  -188  16  )
( 143  169  -204  )
( 72  -24  -153  )
( -87  172  -120  )
( 70  269  -234  )
( 285  286  -255  )
( -8  196  261  )
( 158  116  -105  )
( 182  304  9  )
( 168  301  185  )
( -254  -14  302  )
( -63  -84  -132  )
( 295  -115  196  )
( -133  -338  -113  )
( -213  -28  259  )
( 138  -321  -139  )
( -306  187  -264  )
( 149  -237  -18  )
( -22  -32  -82  )
( 36  -254  -202  )
( 270  243  22  )
( -270  126  275  )
( -199  -99  -127  )
( -337  7  114  )
( 152  -181  238  )
( 132  180  100  )
( -330  -302  -166  )
( -285  -219  206  )
( 341  -209  -255  )
( -101  -314  -95  )
( -235  -151  190  )
( -143  127  -27  )
( -14  -247  -109  )
( -80  -112  268  )
( 314  -255  261  )
( 115  -188  171  )
( 79  132  -246  )
( 349  -64  240  )
( 328  -112  165  )
( -55  -231  96  )
( -280  -143  -101  )
( -54  -14  230  )
( -132  -310  -168  )
( 286  -8  177  )
( -131  177  -226  )
( -77  -22  51  )
( 156  -101  144  )
( -296  -233  160  )
( 133  38  323  )
( 292  -258  22  )
( 224  315  -137  )
( -15  -344  140  )
( 179  -91  142  )
( -49  -298  64  )
( 285  60  192  )
( -202  254  -50  )
( -5  176  103  )
( -331  12  15  )
( 46  253  282  )
( -307  -333  -290  )
( -259  212  198  )
( 137  142  -4  )
( 42  -87  73  )
( 316  -282  230  )
( 75  241  333  )
( 158  -160  20  )
( 235  -17  -240  )
( 247  88  -200  )
( 114  97  133  )
( -62  5  329  )
( -60  -313  189  )
( 132  229  84  )
( -290  214  314  )
( -192  -96  164  )
( -249  219  126  )
( -82  272  63  )
( -155  -310  200  )
( -102  -181  -53  )
( -177  -326  169  )
( -198  88  -257  )
( -31  132  332  )
( 227  212  139  )
( 195  306  -339  )
( 145  162  110  )
( 186  -188  345  )
( -228  -16  -346  )
( 79  16  289  )
( -270  -238  287  )
( 36  -136  201  )
( -103  285  294  )
( -126  -164  150  )
( -25  -124  -168  )
( 100  -69  334  )
( -25  -241  -52  )
( 130  222  305  )
( 274  -288  138  )
( 31  238  -67  )
( -26  319  -265  )
( -326  -13  48  )
( -278  161  -194  )
( 92  -129  277  )
( 25  202  264  )
( -30  -78  315  )
( -314  -139  -219  )
( -125  -1  -304  )
( 182  103  -207  )
( 244  -337  -189  )
( 242  -335  -320  )
( 150  -338  249  )
( 72  309  -123  )
( -154  331  321  )
( 118  -86  275  )
( -112  -35  207  )
( -284  340  80  )
( 75  18  -58  )
( 10  -109  -123  )
( 55  -149  56  )
( -269  204  -338  )
( 193  -199  72  )
( -265  87  271  )
( 215  164  295  )
( -51  -247  279  )
( 167  185  -306  )
( -272  187  329  )
( -134  329  235  )
( 114  -233  309  )
( 151  -48  107  )
( 242  -340  -190  )
( 111  -130  -135  )
( -332  -225  8  )
( 269  -48  143  )
( -339  -214  -180  )
( -8  -110  -63  )
( 40  192  266  )
( 307  -265  -69  )
( -114  68  16  )
( -122  -228  -246  )
( 205  -40  260  )
( 37  -294  204  )
( 73  5  -97  )
( -149  -57  -158  )
( 195  290  -324  )
( 219  -321  330  )
( -253  349  -228  )
( 32  294  -60  )
( 264  112  -64  )
( -286  -104  279  )
( 24  -94  203  )
( -47  57  44  )
( 313  19  29  )
( 188  -336  141  )
( 279  -336  -61  )
( -229  -138  -210  )
( -34  -182  -229  )
( 109  -85  159  )
( 61  -179  267  )
( -256  267  -310  )
( -138  -202  -93  )
( 12  196  -247  )
( 311  -155  -220  )
( -222  -138  -13  )
( -342  -281  -134  )
( 222  35  290  )
( -119  -107  -82  )
( -119  68  120  )
( 316  266  346  )
( 346  -211  -130  )
( -63  -94  -180  )
( 16  348  239  )
( -229  -31  -60  )
( 182  247  -197  )
( -272  281  340  )
( 323  132  37  )
( 219  -231  240  )
( 337  237  -156  )
( -283  -305  -35  )
( -276  -53  -232  )
( 232  234  -285  )
( -203  1  -335  )
( -260  -242  212  )
( 140  -144  -71  )
( -267  227  209  )
( 16  295  344  )
( -199  -312  -321  )
( 335  -226  -137  )
( 253  -31  -283  )
( -147  255  151  )
( -161  -134  167  )
( 245  130  -262  )
( 52  -212  -118  )
( -300  155  -208  )
( -41  118  -53  )
( -79  295  198  )
( 56  308  123  )
( 104  126  -216  )
( -324  -158  294  )
( 184  -345  138  )
( -211  -284  -25  )
( -9  275  176  )
( -256  -36  -260  )
( 206  140  6  )
( -337  -221  -116  )
( 130  -77  -275  )
( -336  -349  50  )
( -19  -321  116  )
( -196  248  71  )
( -272  -78  -75  )
( 206  -242  -14  )
( 317  41  -180  )
( -322  6  -37  )
( 5  -229  322  )
( -92  186  -191  )
( 302  346  99  )
( -121  -313  59  )
( -58  84  173  )
( -202  -170  -63  )
( 11  78  292  )
( -295  -234  268  )
( 246  -223  -47  )
( -341  5  231  )
( 312  -179  313  )
( 149  -320  288  )
( -98  -283  -90  )
( -254  156  -67  )
( 21  338  88  )
( -60  231  301  )
( 98  -162  -152  )
( -64  49  -188  )
( -35  7  116  )
( 159  134  98  )
( -200  92  46  )
( -323  -128  -166  )
( -84  149  349  )
( 340  74  -259  )
( -177  42  272  )
( 285  308  -149  )
( -305  -10  -89  )
( -247  -3  -75  )
( -212  -203  -254  )
( 286  -115  -305  )
( 22  -238  30  )
( 185  -297  200  )
( -227  98  -272  )
( -236  -164  95  )
( 111  143  -169  )
( 92  196  183  )
( 0  218  229  )
( -327  -222  -139  )
( 274  19  -123  )
( -189  -115  224  )
( -234  -155  -105  )
( -185  -118  243  )
( -6  -7  -143  )
( 154  -120  -285  )
( -303  154  51  )
( -293  -18  -102  )
( -221  -276  314  )
( -179  348  1  )
( -69  -27  263  )
( -87  -176  255  )
( 197  202  -94  )
( -89  97  -48  )
( 317  130  -277  )
( -281  -237  198  )
( -134  -310  66  )
( -38  126  -66  )
( -208  -14  127  )
( 272  125  -100  )
( -231  235  -69  )
( 268  -12  118  )
( -23  -62  32  )
( -325  -321  111  )
( -7  216  -253  )
( -28  -341  -40  )
( -140  -304  -226  )
( -51  -275  344  )
( -145  46  -109  )
( 190  128  -156  )
( -28  342  189  )
( 131  -349  -57  )
( -345  -156  107  )
( 51  -243  -325  )
( -302  22  290  )
( -28  -177  119  )
( 25  33  65  )
( 168  303  21  )
( 25  146  -319  )
( -27  40  321  )
( -5  1  -330  )
( -214  -47  -161  )
( -194  -209  324  )
( -36  3  -206  )
( -297  -304  318  )
( -246  -190  -179  )
( 14  -131  262  )
( 264  -91  -233  )
( -238  -219  -35  )
( -276  226  34  )
( -83  119  303  )
( 325  -1  231  )
( -39  121  85  )
( 86  -124  -311  )
( -2  339  340  )
( -147  -29  105  )
( -274  241  278  )
( -21  -194  9  )
( 322  -144  125  )
( 20  248  -72  )
( 321  -84  -149  )
( 286  -293  37  )
( 293  -224  241  )
( 186  216  321  )
( 8  265  -74  )
( 192  -255  -42  )
( 111  228  121  )
( 349  -156  25  )
( -269  -60  -61  )
( 174  -162  124  )
( -137  -1  -221  )
( 83  322  177  )
( 27  243  -123  )
( -338  -87  -294  )
( 248  81  -286  )
( 144  -290  -24  )
( -226  244  38  )
( -46  -118  210  )
( 109  273  29  )
( 177  -280  37  )
( -174  333  0  )
( -85  -285  4  )
( -160  -216  -75  )
( -74  -55  261  )
( -178  24  141  )
( -342  218  257  )
( 133  -324  177  )
( 211  312  129  )
( -143  134  -327  )
( -190  -232  230  )
( -246  -195  205  )
( 251  306  57  )
( -132  -82  -123  )
( -163  308  -132  )
( 337  340  -174  )
( 27  187  -332  )
( 344  275  227  )
( 266  335  -34  )
( -265  -224  -121  )
( 3  -232  81  )
( 141  -340  188  )
( 39  -301  -167  )
( 339  63  -224  )
( 16  -131  54  )
( -291  241  31  )
( -58  198  243  )
( 201  240  -38  )
( -90  -123  -287  )
( -247  88  168  )
( -46  208  120  )
( -197  191  13  )
( -260  340  76  )
( -50  225  322  )
( 242  -288  262  )
( -186  305  -197  )
( 196  -246  -62  )
( -302  -331  184  )
( 40  121  -47  )
( -159  -214  -153  )
( 88  -159  -218  )
( 342  216  107  )
( -147  -99  9  )
( 328  196  -94  )
( 264  283  280  )
( 271  -63  -99  )
( 154  -263  36  )
( 225  81  -90  )
( -15  258  65  )
( 256  295  -0  )
( 249  105  -37  )
( 346  275  152  )
( 190  -70  251  )
( -297  -31  190  )
( -211  138  270  )
( -214  -32  272  )
( -310  -349  330  )
( 219  -108  -274  )
( -7  198  343  )
( -184  47  -262  )
( 24  -124  -345  )
( 195  68  -180  )
( 126  297  239  )
( 265  -246  -28  )
( 244  90  0  )
( -184  298  345  )
( -209  300  205  )
( -349  -229  -319  )
( 286  164  104  )
( -152  -260  -23  )
( 126  47  -33  )
( -339  -334  206  )
( -13  -197  -22  )
( -334  286  -8  )
( 228  191  120  )
( 6  82  336  )
( -176  62  -301  )
( -240  -183  23  )
( 344  -189  6  )
( 332  -197  115  )
( 15  -199  -145  )
( -4  28  -130  )
( 13  337  254  )
( -348  169  -314  )
( -221  -261  -347  )
( 334  8  -263  )
( -87  -326  158  )
( -41  -35  81  )
( 271  -46  336  )
( -164  75  100  )
( -224  -219  -47  )
( -215  229  118  )
( 33  -278  -195  )
