( 5  136  -190  )
( 211  -265  329  )
( -268  58  -266  )
( 284  165  -81  )
( 280  -288  175  )
( -224  -120  -22  )
( -182  -273  -112  )
( -82  344  -81  )
( 345  257  -13  )
( 187  338  -304  )
( 271  -255  29  )
( -47  66  119  )
( 225  -210  87  )
( -120  -166  -304  )
( -4  197  -272  )
( 193  115  325  )
( 2  339  81  )
( 16  -24  90  )
( -249  56  306  )
( -28  -64  -74  )
( 8  -16  205  )
( 116  180  322  )
( -47  79  -240  )
( -180  -174  -200  )
( -311  203  24  )
( -37  -348  335  )
( -267  -215  313  )
( 293  -125  282  )
( 219  -74  65  )
( -153  -29  139  )
( 68  -86  338  )
( 58  22  179  )
( 81  91  -294  )
( 94  -309  87  )
( -289  -163  140  )
( 12  -331  -30  )
( 81  11  -334  )
( 135  -286  -43  )
( -166  -197  243  )
( 336  -132  17  )
( 330  -215  -53  )
( 81  -167  136  )
( -226  -283  299  )
( 23  -340  20  )
( 117  -90  -161  )
( -183  48  -312  )
( -181  -330  -252  )
( -271  160  45  )
( 281  325  -298  )
( 33  293  3  )
( 115  -74  -104  )
( -208  60  -6  )
( 270  -269  -303  )
( -98  -110  144  )
( -126  -6  -54  )
( 307  344  226  )
( 85  301  -345  )
( -124  285  72  )
( -46  80  -171  )
( -269  -212  19  )
( -304  250  -32  )
( -180  207  37  )
( 123  21  -157  )
( 208  -27  -140  )
( 135  305  89  )
( -202  -200  139  )
( 291  -300  -81  )
( 194  -106  311  )
( 189  -60  47  )
( 5  -161  167  )
( 317  -23  -267  )
( -57  -195  -201  )
( 158  220  -320  )
( 202  116  200  )
( -323  -133  346  )
( -22  77  255  )
( -5  159  -250  )
( -202  286  98  )
( -54  -243  -153  )
( -25  -73  46  )
( 341  -4  110  )
( 75  1  249  )
( -291  229  61  )
( -316  -232  -303  )
( -188  335  -296  )
( 123  163  -84  )
( 158  252  97  )
( -194  -164  177  )
( -331  -187  -12  )
( -304  -107  97  )
( -47  -178  150  )
( 120  278  295  )
( -77  167  -323  )
( 63  -51  -252  )
( 43  293  -340  )
( -2  -29  -233  )
( -222  -54  63  )
( 83  -261  -42  )
( -344  -9  328  )
( -262  30  222  )
( 59  -104  -339  )
( -102  130  -197  )
( -145  -104  -227  )
( -95  303  -219  )
( 247  -198  213  )
( -127  264  -214  )
( -35  168  131  )
( 34  99  201  )
( 26  -216  98  )
( 198  -338  -256  )
( -28  -115  22  )
( 219  208  -223  )
( 97  233  232  )
( 282  222  -151  )
( -223  -10  270  )
( -178  -221  -114  )
( -270  -41  290  )
( 196  3  51  )
( 184  218  208  )
( -61  269  -49  )
( 311  -82  42  )
( 45  -205  40  )
( 324  28  339  )
( -167  -252  -105  )
( 143  -179  140  )
( -143  -111  99  )
( -166  299  159  )
( 142  229  -148  )
( -55  196  -135  )
( -252  333  306  )
( -296  -292  85  )
( 210  -273  255  )
( -210  188  -179  )
( 69  -101  -305  )
( -347  -270  -304  )
( 1  -260  266  )
( -287  -40  253  )
( 122  222  83  )
( 346  93  -279  )
( 9  -287  39  )
( 29  168  83  )
( 159  271  -237  )
( -205  283  -267  )
( 281  -72  -332  )
( -150  -148  -173  )
( 76  -7  -153  )
( -262  -216  -25  )
( -93  -264  263  )
( 280  305  259  )
( -349  222  -311  )
( 81  -174  -271  )
( 141  121  -150  )
( -228  -136  -95  )
( 306  -115  -203  )
( -7  165  292  )
( -34  312  43  )
( -231  210  -37  )
( 11  -13  -212  )
( 199  242  -116  )
( -180  331  105  )
( -79  -24  -71  )
( -130  294  307  )
( 293  -48  161  )
( -242  63  -264  )
( -17  336  209  )
( -95  268  223  )
( -295  146  -205  )
( 127  240  46  )
( 173  -292  -313  )
( -14  -80  240  )
( -51  -335  295  )
( 83  -241  154  )
( 130  -293  125  )
( -301  -346  229  )
( 277  204  189  )
( 168  -99  -98  )
( 95  197  112  )
( -168  -329  -111  )
( 286  236  160  )
( 227  -56  45  )
( -27  -145  328  )
( 336  298  175  )
( 194  93  -9  )
( 255  -314  161  )
( 307  -171  19  )
( -91  -144  -6  )
( -173  309  214  )
( -109  171  -327  )
( 251  -122  -78  )
( 190  187  281  )
( 141  -297  298  )
( -316  -168  -232  )
( -84  -57  -214  )
( 298  111  142  )
( 122  -307  204  )
( -147  86  231  )
( 255  -281  166  )
( 42  337  -178  )
( 285  -235  -262  )
( -240  262  -121  )
( -101  335  338  )
( -219  230  -292  )
( 53  158  -218  )
( 291  246  -1  )
( 269  -10  6  )
( -31  -314  -348  )
( -270  -305  -226  )
( -329  340  9  )
( 283  -278  137  )
( -214  -327  -58  )
( 247  -36  -157  )
( 349  -186  -250  )
( 333  -331  309  )
( 106  -72  -19  )
( 152  211  62  )
( -330  331  -113  )
( -8  296  122  )
( 297  75  -189  )
( 21  -19  117  )
( 57  221  -297  )
( -273  193  -26  )
( -164  324  -221  )
( -227  -250  -199  )
( 269  242  324  )
( -255  -253  222  )
( -74  -144  202  )
( -256  -155  94  )
( 94  -196  -75  )
( 129  -235  347  )
( -324  -177  331  )
( -349  -198  178  )
( 188  234  -268  )
( 344  -318  -191  )
( -91  -301  -171  )
( -198  216  161  )
( 47  146  -260  )
( -185  -335  301  )
( 86  138  -113  )
( -256  -88  325  )
( -18  97  -304  )
( 19  -35  -101  )
( 25  296  -3  )
( -2  229  87  )
( -300  263  -72  )
( -259  126  116  )
( 157  -148  158  )
( -133  -113  299  )
( 257  -160  -111  )
( 77  144  344  )
( -133  -195  -328  )
( -219  -229  -246  )
( -101  -143  -289  )
( -244  -193  -56  )
( 218  135  210  )
( -258  260  281  )
( -22  -349  183  )
( 342  191  56  )
( 128  -293  156  )
( 57  -110  -167  )
( -266  237  -346  )
( -324  8  103  )
( 161  238  299  )
( -273  -116  183  )
( -226  43  -185  )
( -147  -18  216  )
( 274  39  208  )
( 6  -120  -183  )
( -334  305  -81  )
( 112  -15  -244  )
( 260  252  16  )
( 170  -44  303  )
( -181  -342  344  )
( -136  305  81  )
( -164  -259  200  )
( -290  33  -313  )
( 34  -342  -101  )
( -109  9  -304  )
( -338  -194  -248  )
( 96  270  56  )
( -304  16  253  )
( -73  169  -253  )
( -301  -244  -251  )
( -346  -3  -33  )
( -256  70  309  )
( -228  -233  142  )
( -12  196  195  )
( 259  -35  -139  )
( 213  200  -63  )
( 65  88  -232  )
( -93  -231  106  )
( 345  17  253  )
( -159  54  346  )
( 294  203  -49  )
( 302  119  152  )
( 48  -65  183  )
( -284  280  -187  )
( 133  -107  275  )
( 103  -203  278  )
( 25  254  -313  )
( -108  179  -314  )
( -191  271  331  )
( -92  -211  -128  )
( 169  255  -11  )
( -245  57  -51  )
( 104  -180  230  )
( -224  155  -127  )
( -144  211  -291  )
( -215  136  -107  )
( 131  -62  -326  )
( -192  -234  -125  )
( 33  -81  302  )
( -134  252  6  )
( -32  -127  -192  )
( -192  -12  -15  )
( 61  -35  135  )
( -190  96  36  )
( -192  -223  134  )
( -261  -307  102  )
( -288  348  191  )
( 23  -43  149  )
( 323  -36  3  )
( 14  135  266  )
( -13  -24  -342  )
( -131  -245  305  )
( 298  -90  267  )
( 24  -268  -347  )
( -186  343  -221  )
( -196  221  -117  )
( -323  224  -270  )
( -208  -21  6  )
( 119  -66  -110  )
( -44  -255  79  )
( 45  320  124  )
( -101  -343  233  )
( -329  -240  239  )
( -118  -6  -319  )
( -217  267  -79  )
( 312  159  122  )
( -325  -311  152  )
( 306  178  -79  )
( -36  131  236  )
( 300  149  41  )
( -41  43  -28  )
( -275  36  187  )
( -250  232  -343  )
( -231  -281  38  )
( -214  -89  253  )
( 84  147  231  )
( 130  195  -19  )
( 44  129  90  )
( -115  311  133  )
( -64  -50  40  )
( 265  4  323  )
( -60  52  71  )
( 310  -41  9  )
( -160  107  -161  )
( -315  -46  -44  )
( -292  -151  137  )
( 76  -123  42  )
( -327  23  -97  )
( -122  346  162  )
( 71  139  176  )
( 44  -123  -317  )
( -23  -13  -93  )
( 349  134  323  )
( 129  -239  -106  )
( 332  -24  -168  )
( -228  -332  -315  )
( -201  -3  -112  )
( 280  -175  273  )
( -91  -60  -70  )
( -198  218  -6  )
( 61  -259  -99  )
( 202  -77  227  )
( -304  168  179  )
( 13  -315  37  )
( 32  -337  -127  )
( 288  29  -334  )
( 271  -75  270  )
( 120  -249  295  )
( 237  -218  -233  )
( -208  138  131  )
( -10  -123  -325  )
( -82  -160  28  )
( -81  227  -241  )
( -179  -154  -221  )
( 196  105  -19  )
( -209  -321  -349  )
( 124  -317  -318  )
( 60  -348  -73  )
( 305  -23  306  )
( -12  -313  -5  )
( 299  175  21  )
( 33  -148  131  )
( 235  -234  -167  )
( -205  171  173  )
( 227  61  -262  )
( 99  198  -84  )
( 313  -227  -239  )
( 92  -296  328  )
( 124  319  -158  )
( 35  -125  -254  )
( -53  332  -181  )
( 55  5  -140  )
( -177  -43  -182  )
( 290  -299  -72  )
( -235  -173  -245  )
( 32  -310  -68  )
( 342  -246  -309  )
( 94  -47  278  )
( -250  -253  -205  )
( 146  250  -83  )
( 230  167  -248  )
( 259  287  -320  )
( -32  79  -149  )
( -148  -328  283  )
( 103  259  167  )
( 171  -25  -90  )
( 282  195  93  )
( 241  334  -238  )
( -337  324  -125  )
( -162  -204  -212  )
( 169  -138  -84  )
( -112  -95  287  )
( 141  296  21  )
( 133  171  125  )
( -144  -197  340  )
( 344  289  -339  )
( -29  -336  -134  )
( 28  -333  -317  )
( -279  -72  -162  )
( 24  222  190  )
( -1  -136  76  )
( -117  146  -244  )
( -172  -288  -62  )
( -163  -102  -196  )
( 334  -209  -192  )
( 279  -241  38  )
( 346  -219  279  )
( -9  155  -166  )
( 279  311  16  )
( -315  273  -310  )
( 211  -312  180  )
( 38  -39  347  )
( 54  -32  99  )
( -67  -151  215  )
( -258  26  102  )
( 197  -294  5  )
( 22  -160  325  )
( 47  57  134  )
( 275  101  -199  )
( 348  -13  -245  )
( -256  172  -301  )
( -131  -99  82  )
( -205  261  134  )
( -80  -329  275  )
( 163  108  112  )
( -7  125  -52  )
( 184  194  282  )
( -312  -14  142  )
( 293  -88  175  )
( -249  145  180  )
( -137  -293  278  )
( 100  -249  292  )
( -344  -61  -132  )
( -48  -168  117  )
( 78  94  -172  )
( 4  306  -102  )
( 309  -74  -180  )
( 296  -231  287  )
( 90  -94  -220  )
( 150  36  -164  )
( -53  -30  -55  )
( -221  332  215  )
( 349  -34  -224  )
( -113  273  -228  )
( -342  329  -332  )
( -77  -146  -121  )
( 42  71  -221  )
( 106  -343  337  )
( -142  -120  -122  )
( -307  125  -335  )
( 280  -56  -277  )
( 199  -340  -160  )
( 128  192  -131  )
( -70  -154  315  )
( -226  -308  326  )
( 37  275  -98  )
( -283  -327  95  )
( -206  79  -23  )
( -185  -92  218  )
( -326  -193  226  )
( 301  -49  124  )
( -2  -266  228  )
( 279  -28  -287  )
( 333  127  338  )
( -89  283  82  )
( -119  -331  -277  )
( -267  28  299  )
( -15  -91  193  )
( 236  -345  116  )
( -228  191  266  )
( 326  279  341  )
( 155  -121  -125  )
( -54  332  25  )
( 128  -50  -125  )
( 190  -252  294  )
( 224  -209  210  )
( -340  -257  91  )
( 194  70  -327  )
( 88  216  67  )
( 32  206  -115  )
( -211  -262  -89  )
( -312  -332  -13  )
( -261  -118  -210  )
( 175  349  171  )
( -222  -88  -240  )
( -312  -345  -201  )
( -168  -115  -330  )
( 238  11  -99  )
( -8  290  113  )
( 222  -338  115  )
( -9  -258  295  )
( -277  -28  -98  )
( 60  14  53  )
( 326  125  210  )
( -295  302  -259  )
( -270  54  -28  )
( -126  101  -26  )
( -258  -274  192  )
( -337  -60  159  )
( 154  208  -267  )
( -294  -274  225  )
( -339  -156  -122  )
( 130  72  309  )
( 36  -7  -281  )
( -174  -332  -103  )
( -12  107  137  )
( -45  254  -186  )
( 208  57  -58  )
( -270  195  122  )
( 322  -22  7  )
( 85  -248  63  )
( 204  -241  196  )
( -25  -36  -154  )
( 329  -303  220  )
( 6  230  61  )
( 57  239  -9  )
( -77  319  195  )
( 12  22  127  )
( 211  194  10  )
( 150  232  74  )
( 313  141  331  )
( 195  -203  -311  )
( -29  220  266  )
( 60  -6  55  )
( -278  270  -289  )
( -338  238  204  )
( 303  -25  260  )
( 105  -11  -119  )
( -182  98  308  )
( -279  -122  266  )
( -246  243  -13  )
( -184  -187  270  )
( -145  129  -280  )
( -282  201  335  )
( -174  -17  -21  )
( -318  -15  -341  )
( -38  290  323  )
( -165  -274  211  )
( 160  -41  -101  )
( -146  -212  135  )
( 73  26  -210  )
( 103  -216  210  )
( 132  -205  255  )
( -185  27  321  )
( 255  186  63  )
( 341  -288  -189  )
( -20  125  282  )
( 229  -172  -13  )
( 227  -120  -53  )
( -201  -264  -126  )
( -35  340  -115  )
( -269  54  220  )
( 17  -273  52  )
( 319  -137  211  )
( 41  -253  333  )
( -141  -33  98  )
( 87  314  -349  )
( 1  -118  37  )
( 125  -287  252  )
( 323  -219  -298  )
( 2  158  210  )
( 39  176  -227  )
( 229  -317  -20  )
( -234  252  131  )
( 80  305  341  )
( -229  -199  323  )
( -294  -226  -206  )
( 31  -207  154  )
( 290  -23  162  )
( 165  239  75  )
( -63  244  9  )
( 102  -307  28  )
( 199  170  -262  )
( 184  -283  -88  )
( -212  214  -118  )
( -184  -257  -13  )
( -203  -75  -179  )
( -327  118  -104  )
( 295  35  -307  )
( 291  21  -131  )
( 196  -313  205  )
( 12  -264  331  )
( -196  -83  -307  )
( -246  -137  -97  )
( -37  -289  -239  )
( 210  2  70  )
( 108  196  -240  )
( -295  327  -73  )
( -207  -83  -334  )
( 146  198  188  )
( -333  189  320  )
( 346  -84  337  )
( 200  -72  36  )
( -156  344  249  )
( -44  335  -86  )
( 164  336  20  )
( 261  -268  -144  )
( 187  -336  130  )
( -46  -2  -175  )
( 201  46  160  )
( -33  134  92  )
( 281  -182  81  )
( 54  -271  -274  )
( 56  -222  53  )
( -254  217  -8  )
( 185  -116  219  )
( -323  -147  -194  )
( 55  -278  -248  )
( -41  -166  61  )
( -119  -165  204  )
( -232  281  -221  )
( -343  -310  -313  )
( 68  -135  -168  )
( -90  269  -107  )
( -316  173  -286  )
( -255  -296  -314  )
( 311  206  126  )
( 51  -321  -217  )
( -148  348  180  )
( -26  -152  200  )
( 45  144  340  )
( 91  -338  -291  )
( -57  -40  297  )
( 245  85  170  )
( -295  333  126  )
( -100  -112  181  )
( -109  -273  104  )
( -43  178  -2  )
( 42  200  130  )
( 145  -173  29  )
( -148  -301  -171  )
( 13  -0  287  )
( -131  -80  -94  )
( 124  219  301  )
( 24  317  -315  )
( 298  -159  137  )
( 211  -339  167  )
( -309  -237  -256  )
( 340  212  274  )
( -130  -253  -114  )
( 123  -169  -322  )
( -78  16  14  )
( 70  344  299  )
( 12  349  340  )
( -314  -57  65  )
( -287  -58  271  )
( -233  337  136  )
( -68  -150  44  )
( -65  -232  314  )
( 152  -309  151  )
( 142  105  -190  )
( 108  -237  23  )
( 61  -295  156  )
( 142  -343  252  )
( 158  -63  -328  )
( 136  -87  224  )
( -254  323  223  )
( -143  -280  -251  )
( 66  32  154  )
( -118  81  279  )
( -302  113  -250  )
( -21  2  -153  )
( -200  331  117  )
( 285  -268  -240  )
( -83  12  -35  )
( -93  -31  -298  )
( -232  194  189  )
( 239  202  -251  )
( 128  20  228  )
( 73  -21  312  )
( 272  106  67  )
( 319  323  -251  )
( 119  -93  -296  )
( 83  211  -57  )
( -76  5  -233  )
( 86  -191  71  )
( -214  201  146  )
( -89  169  263  )
( 53  -323  -155  )
( -93  37  -106  )
( -243  335  106  )
( -319  -99  -257  )
( -168  -88  -220  )
( -89  -159  -219  )
( -38  -312  156  )
( -346  128  -341  )
( -187  -198  -30  )
( 135  -166  -148  )
( -73  244  183  )
( -119  117  176  )
( -283  48  -12  )
( -239  174  182  )
( -78  -131  -285  )
( 219  -67  -37  )
( 181  287  -206  )
( 39  -198  158  )
( -316  68  -273  )
( -45  -40  -3  )
( -161  188  140  )
( 258  293  145  )
( -157  13  335  )
( -220  227  46  )
( 8  -24  -290  )
( 316  -287  -45  )
( -292  310  -265  )
( -234  -269  -326  )
( 161  -90  -258  )
( -313  -108  47  )
( -177  -202  274  )
( 218  163  -57  )
( -65  -115  -190  )
( -33  -109  47  )
( -32  267  -181  )
( 233  252  204  )
( -32  323  -116  )
( -4  233  134  )
( -311  -233  165  )
( -270  -11  34  )
( -237  57  107  )
( 39  -16  -73  )
( 310  -314  -224  )
( 256  121  312  )
( 293  -18  -62  )
( 61  -30  344  )
( 213  -209  -299  )
( -201  -340  -214  )
( 215  199  274  )
( -293  189  337  )
( 200  -196  22  )
( 223  -25  -280  )
( 307  -312  -35  )
( -276  -254  -33  )
( 176  171  -193  )
( 257  -230  -108  )
( 149  70  322  )
( -100  230  -226  )
( 347  334  79  )
( 253  144  339  )
( 282  345  -145  )
( -313  246  -195  )
( -140  -72  -53  )
( -188  252  -34  )
( -340  -17  -154  )
( -110  -117  163  )
( 97  28  160  )
( 18  -162  -219  )
( -334  -335  -56  )
( 106  -207  22  )
( -302  208  -243  )
( 230  13  -240  )
( -264  246  -2  )
( 125  103  -191  )
( -37  -44  -253  )
( -100  41  73  )
( -331  323  91  )
( 138  -191  -27  )
( 331  93  -51  )
( 303  78  -0  )
( -304  -180  -291  )
( -163  45  52  )
( -135  226  313  )
( -94  -99  177  )
( 241  -203  14  )
( 185  251  -47  )
( -342  329  -84  )
( 120  -100  317  )
( 301  138  -250  )
( 320  -40  12  )
( 158  162  319  )
( -194  69  -7  )
( -196  262  -230  )
( -245  -284  -305  )
( 307  187  -150  )
( -302  -124  -52  )
( -51  -332  -27  )
( 196  349  -26  )
( 115  -256  -92  )
( -220  253  -296  )
( -323  -116  32  )
( 200  285  282  )
( 260  -204  342  )
( 96  40  -41  )
( -153  145  35  )
( 281  27  113  )
( 292  300  -160  )
( 238  -144  208  )
( -194  -45  -27  )
( -164  306  -56  )
( 79  -74  -12  )
( -245  255  138  )
( 284  -103  -62  )
( 205  -112  -72  )
( -172  -236  -130  )
( -174  310  104  )
( -348  -329  -64  )
( -257  -221  312  )
( 311  -200  127  )
( 198  329  153  )
( -45  -164  -210  )
( -91  -266  58  )
( -61  -186  -201  )
( 48  -10  -321  )
( -153  -104  28  )
( -237  -296  -249  )
( -245  128  -294  )
( -275  -329  -181  )
( 220  -22  -233  )
( -167  -207  -17  )
( -216  60  -267  )
( 47  223  102  )
( 60  123  -234  )
( -313  311  -146  )
( 6  192  -246  )
( -135  -289  -318  )
( 263  309  186  )
( -212  -43  345  )
( -342  42  129  )
( -337  209  137  )
( 27  -185  -172  )
( 304  -69  -125  )
( -284  33  -61  )
( 75  -327  16  )
( 330  57  -161  )
( 259  -266  220  )
( -19  15  -228  )
( -230  2  -159  )
( 172  -156  -173  )
( -57  -39  -10  )
( -139  -301  317  )
( 242  -133  -228  )
( 125  325  -211  )
( 190  166  -6  )
( 330  135  28  )
( 137  -220  -26  )
( -340  -96  349  )
( 154  315  131  )
( -161  -313  321  )
( -220  2  -327  )
( 77  269  188  )
( 143  202  284  )
( 233  -177  -199  )
( -166  -70  -56  )
( -86  -334  -14  )
( -15  39  -347  )
( 266  204  18  )
( -71  -307  198  )
( -52  -306  -81  )
( -135  -178  -237  )
( -38  -279  45  )
( 347  -320  -59  )
( 309  345  331  )
( 329  335  302  )
( -245  -210  -342  )
( -67  44  154  )
( 160  -35  -14  )
( 26  -38  265  )
( -214  -179  0  )
( -306  -278  -51  )
( 313  346  158  )
( 4  8  245  )
( -234  90  -221  )
( 244  41  -331  )
( 96  -224  -69  )
( -71  148  -298  )
( -239  -191  -175  )
( -334  -62  -26  )
( -173  235  -278  )
( -161  -194  -83  )
( -195  -292  -31  )
( 347  137  -303  )
( -317  40  -261  )
( 311  343  119  )
( -300  269  -114  )
( 269  -16  332  )
( -113  182  -218  )
( -81  307  141  )
( -238  -203  24  )
( -254  -198  -44  )
( 187  -333  242  )
( -290  138  -225  )
( 66  -5  166  )
( 25  -190  64  )
( -85  -196  -120  )
( 273  223  -144  )
( -205  54  298  )
( -279  -130  240  )
( -278  9  -335  )
( 208  307  170  )
( 40  -204  172  )
( 255  -28  -332  )
( -334  168  184  )
( 76  334  -179  )
( 338  312  -71  )
( -15  -216  146  )
( 175  172  39  )
( 245  -263  -311  )
( -167  -300  296  )
( -15  -345  46  )
( -238  64  335  )
( 145  178  -147  )
( -125  72  99  )
( 186  -26  -271  )
( 328  -209  109  )
( 276  -43  6  )
( 79  -30  268  )
( -133  -213  92  )
( -192  242  258  )
( 174  298  -31  )
( 100  13  198  )
( -339  -247  -21  )
( 289  -155  187  )
( 88  307  290  )
( 143  233  107  )
( -25  145  -11  )
( 194  5  -222  )
( -242  -61  231  )
( -129  -316  128  )
( -174  182  -214  )
( -278  233  -335  )
( -8  294  -5  )
( 183  -202  274  )
( -225  223  -103  )
( 121  348  -262  )
( 247  -208  -117  )
( -91  164  117  )
( 93  258  234  )
( -235  71  306  )
( -191  55  330  )
( -329  189  153  )
( -281  24  -332  )
( 52  324  37  )
( -250  -176  -329  )
( 69  63  -331  )
( -140  -61  -71  )
( -285  315  107  )
( -310  116  117  )
( -136  79  -265  )
( 269  -332  309  )
( 103  -311  336  )
( -252  -274  1  )
( 55  -78  -236  )
( 337  -340  -30  )
( 247  -341  -98  )
( -165  -27  -185  )
( -11  -257  185  )
( -253  76  240  )
( 34  198  36  )
( -321  111  310  )
( 47  -340  319  )
( 252  335  -78  )
( 5  -183  -11  )
( 162  -123  80  )
( -148  144  218  )
( -279  -104  113  )
( 147  17  206  )
( -80  -158  281  )
( -129  5  52  )
( -169  87  -76  )
( 8  310  -103  )
( -300  57  22  )
( -81  -43  343  )
( 110  237  -64  )
( 294  -264  208  )
( -16  -324  2  )
( -65  -240  267  )
( 278  236  105  )
( 57  325  -124  )
( -217  40  235  )
( -241  24  217  )
( 201  46  123  )
( 276  258  264  )
( -178  139  -197  )
( 349  -158  55  )
( 318  -343  251  )
( -86  -240  176  )
( -320  -200  -258  )
( -193  28  282  )
( -269  -68  43  )
( 181  -202  74  )
( 258  -58  320  )
( 111  -93  48  )
( -315  -164  -105  )
( -68  -256  -111  )
( -317  26  -57  )
( -328  220  -339  )
( 29  -269  148  )
( 276  -302  16  )
( -217  -81  -286  )
( 210  215  -47  )
( 72  340  -193  )
( -25  79  -206  )
( -274  132  -153  )
( 53  341  -91  )
( -273  -98  234  )
( -142  -169  65  )
( 38  115  -336  )
( 224  44  150  )
( 215  45  -15  )
( 90  176  -205  )
( 265  300  318  )
( -186  -126  -221  )
( 16  156  190  )
( -225  35  -175  )
( 173  -313  109  )
( 225  343  -221  )
( -260  326  203  )
( -309  310  134  )
( -98  -161  -343  )
( 167  233  258  )
( 210  302  -248  )
( -214  218  -94  )
( 93  51  102  )
( 165  119  -182  )
( -60  138  89  )
( 292  -215  -3  )
( 205  59  -207  )
( 103  144  -157  )
( -342  33  185  )
( -198  235  214  )
( 8  345  -149  )
( -62  55  -27  )
( 77  90  64  )
( -155  -318  115  )
( 247  -152  -301  )
( -1  -71  262  )
( 160  -332  143  )
( -63  108  -38  )
( 81  -178  -132  )
( 129  -261  236  )
( -312  -309  -198  )
( 85  163  182  )
( -34  147  -109  )
( -202  -36  -49  )
( 139  240  332  )
( 141  -243  -64  )
( -198  286  334  )
( -89  258  -119  )
( 11  71  -34  )
( 264  330  140  )
( 46  24  283  )
( 287  249  -18  )
( 330  229  -57  )
( -207  258  42  )
( -206  245  -124  )
( -56  29  94  )
( 145  70  326  )
( -136  256  -237  )
( 51  46  -0  )
( 237  -46  59  )
( 210  33  -159  )
( 147  -243  -94  )
( -65  153  -27  )
( 171  271  -305  )
( -128  141  -260  )
( -216  -188  21  )
( 104  -20  -166  )
( -0  -30  -218  )
( 330  -99  -333  )
( -134  22  116  )
( -143  326  307  )
( 332  349  -14  )
( 335  73  -267  )
( -107  60  133  )
( -264  187  177  )
( 8  110  86  )
( -133  312  11  )
( -341  -212  -120  )
( -84  74  295  )
( -145  272  -195  )
( 323  -109  -261  )
( 249  286  118  )
( 218  184  -202  )
( -77  -203  -88  )
( 119  147  77  )
( -244  -214  111  )
( 193  -194  71  )
( -337  -123  149  )
( 62  -171  140  )
( -163  -193  -308  )
( 133  113  151  )
( -179  69  -9  )
( 219  131  -195  )
( -39  -267  -48  )
( 21  -129  -40  )
( 289  329  171  )
( 251  103  -163  )
( -72  -326  -188  )
( 329  -315  -208  )
( 195  23  -212  )
( 121  207  -95  )
( -15  230  -49  )
( 230  -127  147  )
( -128  -279  79  )
( 234  -88  -5  )
( -145  -137  206  )
( 316  323  -303  )
( -270  256  -166  )
( -133  121  30  )
( -215  52  -316  )
( 42  217  -313  )
( -172  -304  -43  )
( -261  196  -84  )
( -176  -82  308  )
( -336  290  277  )
( 242  301  -349  )
( 84  -44  256  )
( -152  -197  -267  )
( -164  36  63  )
( 0  215  -199  )
( 146  -197  184  )
( -27  132  290  )
( -168  -100  -192  )
( 263  235  -262  )
( -150  -106  -91  )
( 91  -40  -165  )
( 268  165  190  )
( 13  128  159  )
( -178  -102  -142  )
( 4  -35  -72  )
( -158  -299  -238  )
( -338  -87  -333  )
( -58  -179  -317  )
( 118  39  303  )
( 186  235  42  )
( 121  -159  -218  )
( 160  -117  219  )
( 132  212  -171  )
( 27  292  -5  )
( -299  -303  -293  )
( -281  337  165  )
( 197  313  144  )
( -154  201  -208  )
( -212  163  -335  )
( 156  268  23  )
( 159  58  -253  )
( -314  122  13  )
( -134  234  306  )
( 187  -292  203  )
( -27  70  252  )
( 293  -56  -116  )
( -323  -222  234  )
( 179  -59  278  )
( -203  -5  332  )
( -244  -275  -119  )
( -284  -150  -22  )
( -9  264  -343  )
( 105  -99  -107  )
( 178  153  221  )
( -248  0  -53  )
( 280  303  210  )
( -129  -289  -334  )
( 259  -112  238  )
( -138  -301  39  )
( 289  186  -181  )
( -200  80  -98  )
( 92  -334  -180  )
( 343  -42  -9  )
( -97  63  -42  )
( 191  -57  66  )
( -93  -259  341  )
( -329  -10  284  )
( 77  6  -227  )
( -59  336  -49  )
( 121  -300  176  )
( -283  262  -82  )
( 185  337  -331  )
( 61  306  182  )
( 290  -212  32  )
( 234  305  -92  )
( 89  -167  258  )
( -24  70  -274  )
( 258  -190  233  )
( -113  -109  284  )
( -109  -23  -19  )
( -218  -189  59  )
( -195  249  -187  )
( -271  -245  -42  )
( -141  24  -258  )
( 135  4  100  )
( 186  326  48  )
( 76  150  5  )
( 45  189  308  )
( -276  -47  118  )
( 343  167  -47  )
( 306  142  244  )
( -35  48  37  )
( 178  131  -305  )
( -141  -26  107  )
( -328  -100  -186  )
( 84  -89  305  )
( 180  -33  292  )
( -316  334  173  )
( -157  147  -267  )
( 196  -240  -96  )
( -110  -241  228  )
( 97  316  26  )
( 313  -267  -83  )
( -23  215  -312  )
( 298  -94  -218  )
( -111  233  248  )
( 133  -45  -73  )
( -323  -296  249  )
( -30  51  -255  )
( -159  153  -74  )
( 307  -256  -268  )
( -194  68  289  )
( 48  -324  270  )
( 347  95  79  )
( 59  115  -2  )
( 165  -27  -250  )
( 272  -279  231  )
( 105  130  144  )
( -261  -238  81  )
( -128  317  250  )
( 175  270  -228  )
( 172  175  122  )
( 309  303  -88  )
( -53  266  -342  )
( -246  347  55  )
( 18  242  153  )
( 57  -5  -20  )
( -340  303  -274  )
( -328  -34  164  )
( 347  231  -83  )
( -299  84  192  )
( 265  250  -136  )
( -287  119  -180  )
( -149  -283  13  )
( 251  -47  192  )
( 164  113  255  )
( -220  136  -267  )
( -310  -52  196  )
( 319  -177  209  )
( 190  158  -291  )
( -234  330  -231  )
( -288  -50  13  )
( 258  200  -76  )
( -151  33  -304  )
( -122  249  -154  )
( 328  -9  30  )
( 349  -98  -183  )
( 285  306  -244  )
( -3  8  -84  )
( 246  -347  -129  )
( -92  35  253  )
( 153  -126  -103  )
( 15  -47  5  )
( -315  -75  -245  )
( 198  -151  185  )
( 198  91  -165  )
( 346  257  -96  )
( -95  -88  -260  )
( -225  3  -287  )
( 337  73  -222  )
( 65  -290  107  )
( -163  158  -63  )
( 66  235  259  )
( 225  224  286  )
( 169  57  -104  )
( -95  -291  -45  )
( -226  -320  -313  )
( -267  15  -38  )
( 330  -15  172  )
( 3  -165  -42  )
( 64  282  112  )
( 101  -50  124  )
( -304  -212  25  )
( 55  345  -79  )
( -87  53  -59  )
( 119  73  138  )
( 86  -67  -217  )
( 245  -133  57  )
( 57  -202  295  )
( -24  -180  -198  )
( -210  -5  70  )
( 326  -274  -1  )
( -50  345  195  )
( 279  -266  317  )
( 263  20  -209  )
( -41  14  99  )
( 158  -27  301  )
( 90  152  -231  )
( -336  60  208  )
( 62  252  -295  )
( -32  -287  -50  )
( -101  305  107  )
( -301  -0  129  )
( -337  -179  -308  )
( -309  59  302  )
( -257  -54  -184  )
( -248  -84  86  )
( 134  318  -239  )
( -87  243  -156  )
( 45  -241  -146  )
( -223  297  -83  )
( -147  -96  -227  )
( 278  -213  -169  )
( -223  33  224  )
( -204  -277  57  )
( 305  -174  -149  )
( 245  199  242  )
( -88  -83  -24  )
( -19  -67  -310  )
( 281  136  -328  )
( 285  5  77  )
( -260  87  318  )
( -100  240  130  )
( 44  -275  -277  )
( -318  -60  -101  )
( -9  -220  347  )
( 320  314  -251  )
( 255  114  -322  )
( -182  123  349  )
( -164  105  -165  )
( 348  -57  -182  )
( 337  -194  -244  )
( 122  37  236  )
( -143  -178  -41  )
( 265  -10  -50  )
( -264  272  337  )
( -137  179  -127  )
( -87  -338  340  )
( -229  -86  74  )
( 311  -323  225  )
( -110  -278  59  )
( 338  -199  57  )
( -148  229  -236  )
( -44  -103  210  )
( -237  106  216  )
( -157  -322  -180  )
( 333  111  -23  )
( 295  319  196  )
( 146  109  -348  )
( 164  -52  264  )
( -266  -338  40  )
( -183  -78  61  )
( 226  -286  268  )
( -199  88  -238  )
( -15  -121  -210  )
( -271  198  241  )
( 236  -223  114  )
( -31  257  159  )
( 342  301  3  )
( 225  265  216  )
( -131  -175  -172  )
( 145  311  -175  )
( -292  -137  320  )
( -304  329  -247  )
( 9  48  -106  )
( -0  141  -219  )
( -129  107  187  )
( 184  -133  -216  )
( -86  92  -299  )
( 346  -64  267  )
( 89  -82  230  )
( 225  195  -340  )
( -160  -106  -253  )
( 175  -235  260  )
( -137  306  238  )
( 58  -22  -187  )
( -29  -43  -348  )
( 162  -89  -126  )
( 80  108  -114  )
( 277  -81  -173  )
( -141  342  50  )
( 126  -46  -14  )
( -235  174  77  )
( -59  224  92  )
( 56  135  -328  )
( 330  -339  -233  )
( 244  79  124  )
( 189  -310  49  )
( -141  202  128  )
( 150  52  -174  )
( 25  239  74  )
( -60  -233  246  )
( 167  53  -66  )
( -315  -246  175  )
( 110  84  271  )
( 190  -201  19  )
( 117  278  -219  )
( -112  118  -21  )
( -345  -316  212  )
( 86  324  -94  )
( 252  51  250  )
( -106  254  205  )
( 3  200  115  )
( 134  208  47  )
( -173  -35  -22  )
( -237  -122  -236  )
( -259  -145  253  )
( -15  -14  -21  )
( 232  156  75  )
( -211  290  -205  )
( 222  -56  -280  )
( 84  -203  -138  )
( -282  234  -134  )
( -59  245  216  )
( 112  -213  -145  )
( -189  -344  151  )
( 130  340  133  )
( 334  40  -16  )
( -48  204  192  )
( -119  -226  -288  )
( 178  -46  197  )
( -181  241  -221  )
( 164  -282  -85  )
( -332  279  -158  )
( -207  275  31  )
( -266  -49  18  )
( -188  -303  338  )
( 304  90  -267  )
( -44  -188  223  )
( 101  42  53  )
( -215  -177  42  )
( -323  -118  -145  )
( 311  -1  116  )
( 188  237  -75  )
( -104  261  -237  )
( -304  96  -243  )
( 171  209  -90  )
( 347  -181  273  )
( -251  -295  -124  )
( 324  270  -37  )
( 88  162  -110  )
( 89  105  191  )
( -80  -272  174  )
( -345  108  208  )
( -139  318  331  )
( -143  12  305  )
( -301  -164  319  )
( -158  -278  263  )
( -320  -156  211  )
( -90  259  -59  )
( 130  341  -28  )
( 188  321  -124  )
( 125  -146  279  )
( -24  -43  214  )
( 33  159  171  )
( -28  16  346  )
( 263  12  -288  )
( -226  -216  -254  )
( -133  -112  101  )
( -145  -110  -227  )
( -86  -215  31  )
( 95  152  -142  )
( 52  -17  -100  )
( -99  -290  -305  )
( -188  250  180  )
( 97  202  -17  )
( 184  175  -101  )
( -330  -186  -251  )
( 235  -224  100  )
( -151  339  268  )
( -157  -105  -42  )
( 97  151  292  )
( 158  -35  -74  )
( 182  -142  255  )
( -339  -132  267  )
( -274  -313  -143  )
( -296  164  -182  )
( -217  40  281  )
