( 179  211  158  )
( -313  -110  239  )
( -287  -23  329  )
( 157  -83  79  )
( 194  78  -37  )
( -211  -292  -180  )
( 329  66  -123  )
( 195  310  -254  )
( -153  298  -228  )
( -319  -227  149  )
( 133  -46  319  )
( 217  -262  1  )
( 54  -146  -246  )
( 105  43  -162  )
( -104  82  -151  )
( -305  -271  181  )
( 92  42  -49  )
( 136  109  257  )
( 309  132  92  )
( 287  295  297  )
( 78  92  -249  )
( 77  179  205  )
( 49  -46  212  )
( 58  -119  -74  )
( -335  286  164  )
( 217  -346  -203  )
( 28  -129  -18  )
( 251  -124  -47  )
( 221  -205  -279  )
( 155  -269  192  )
( -347  101  -330  )
( 304  174  20  )
( 340  -302  -39  )
( 29  279  -259  )
( 240  -134  190  )
( -68  175  -135  )
( -285  -27  -65  )
( 104  204  -133  )
( 100  -18  220  )
( -269  -47  -244  )
( 109  340  281  )
( 294  -275  204  )
( -39  -191  49  )
( 111  -120  6  )
( -163  261  319  )
( -264  317  238  )
( -267  -93  193  )
( 107  -125  33  )
( 11  110  222  )
( -266  5  -67  )
( -129  -110  -309  )
( -48  -144  262  )
( -191  -348  -113  )
( 107  211  16  )
( 80  -103  189  )
( -133  51  -208  )
( 251  -133  -107  )
( -188  211  -176  )
( -197  128  -132  )
( 161  322  -221  )
( 267  -307  337  )
( -24  199  -64  )
( 145  -56  343  )
( -132  8  -304  )
( 259  118  205  )
( 268  129  -21  )
( 17  270  -210  )
( 33  -284  -222  )
( 150  -156  144  )
( 144  232  51  )
( 300  -60  111  )
( 279  234  -154  )
( -105  -283  328  )
( 194  56  149  )
( 67  -171  -322  )
( 56  -322  11  )
( -330  -286  -140  )
( -267  -86  174  )
( 240  -200  18  )
( 213  -27  339  )
( 349  294  145  )
( -214  -179  -328  )
( 132  99  91  )
( -129  20  -338  )
( 22  320  -41  )
( -67  -62  23  )
( -128  -1  -287  )
( 249  -13  -243  )
( 182  172  -341  )
( -304  8  160  )
( -26  -45  -306  )
( 330  223  -136  )
( 160  190  -150  )
( 61  -262  -318  )
( -271  8  284  )
( -84  43  -327  )
( -111  258  69  )
( -271  294  -225  )
( 200  -4  -150  )
( -303  270  -207  )
( 131  -211  -284  )
( 121  98  67  )
( -75  179  162  )
( -128  -174  31  )
( -37  -308  48  )
( -191  -334  46  )
( -125  -345  271  )
( -159  -235  261  )
( -345  -205  85  )
( 339  -294  283  )
( 193  181  -93  )
( 310  -283  349  )
( 59  147  5  )
( 72  -101  -179  )
( -218  330  -89  )
( 185  -331  302  )
( 281  -38  -163  )
( -215  85  237  )
( -192  188  275  )
( 155  -328  16  )
( 214  -286  322  )
( -63  -296  41  )
( 275  201  245  )
( -325  -33  220  )
( 152  140  -114  )
( 344  259  41  )
( 68  81  41  )
( 318  -168  -118  )
( 230  170  116  )
( 318  256  230  )
( -260  -85  336  )
( 303  273  -118  )
( -212  1  -54  )
( 57  66  -33  )
( 312  209  -137  )
( 163  -248  -265  )
( -139  -132  -101  )
( -274  332  68  )
( -75  -86  259  )
( -190  -274  -259  )
( -321  -307  53  )
( 247  189  148  )
( 134  191  168  )
( -120  237  11  )
( 125  -310  76  )
( 28  341  67  )
( -217  65  211  )
( 53  164  30  )
( 88  -242  343  )
( -255  -104  -240  )
( -327  212  187  )
( -88  -278  -33  )
( -137  140  -261  )
( -54  -48  58  )
( -57  54  -101  )
( -340  31  -46  )
( 44  -258  66  )
( -2  -208  316  )
( 307  -38  76  )
( 186  -229  -134  )
( 346  -331  -329  )
( -92  -181  342  )
( 49  253  247  )
( 92  -167  -208  )
( -293  -207  -234  )
( -57  -178  141  )
( -211  212  184  )
( -188  -293  14  )
( 24  -62  68  )
( -81  -4  156  )
( 178  -111  -182  )
( -185  346  -212  )
( -5  117  -135  )
( -22  36  10  )
( 318  -4  281  )
( 286  264  317  )
( 219  -281  -337  )
( 335  -116  -218  )
( -132  109  16  )
( -182  -1  -242  )
( -285  49  299  )
( 94  285  -5  )
( -147  -277  220  )
( 28  -284  -121  )
( -215  -329  145  )
( -18  188  71  )
( -63  66  1  )
( -79  -92  288  )
( 116  197  -122  )
( -191  292  -157  )
( -192  40  -322  )
( -204  212  -130  )
( 36  -197  214  )
( 182  -328  -139  )
( -106  -212  6  )
( 119  -34  104  )
( -163  -99  274  )
( -134  -255  331  )
( -69  265  -12  )
( -316  -323  -76  )
( -317  -195  -286  )
( 60  56  -3  )
( 303  250  -29  )
( 70  -72  -115  )
( 294  2  -52  )
( 76  262  -132  )
( -85  117  307  )
( -347  209  348  )
( 148  -241  -230  )
( -62  39  201  )
( -39  -65  -40  )
( -104  -11  -202  )
( 344  -111  83  )
( -182  57  113  )
( 35  -62  -259  )
( -189  -69  -248  )
( 217  -121  345  )
( 304  340  16  )
( -306  -233  67  )
( -187  -251  233  )
( -41  -163  -231  )
( 112  -209  345  )
( -48  -52  -153  )
( 252  349  332  )
( 191  -71  -5  )
( -99  62  168  )
( 2  -297  121  )
( -8  -344  -32  )
( 131  11  39  )
( 72  -260  -281  )
( 78  -8  1  )
( 247  195  47  )
( -276  -43  -202  )
( -173  -43  256  )
( -337  -42  239  )
( -51  20  -338  )
( 159  -242  -233  )
( -288  -286  -233  )
( 233  261  -308  )
( -16  217  83  )
( 77  186  -39  )
( -203  83  285  )
( 63  170  107  )
( 236  -288  62  )
( 196  -308  48  )
( 313  281  -68  )
( -226  -332  -75  )
( 216  72  3  )
( -341  -73  137  )
( 341  198  -203  )
( 155  -171  -145  )
( 186  -5  -165  )
( -338  -293  85  )
( -145  27  -66  )
( 163  -184  -285  )
( -287  284  237  )
( -105  101  -51  )
( -157  -64  92  )
( -336  278  20  )
( 85  -132  -116  )
( -347  -192  -35  )
( -204  101  -110  )
( 112  -6  -341  )
( 2  -196  178  )
( 317  -93  -181  )
( -39  110  -56  )
( -204  -122  182  )
( 205  317  -224  )
( 84  -46  -50  )
( -316  -247  -303  )
( 215  175  -59  )
( 183  -109  -342  )
( -326  241  289  )
( 263  -18  -90  )
( -272  294  99  )
( -333  335  271  )
( 250  -315  196  )
( -283  -273  204  )
( 118  94  -213  )
( 229  270  -220  )
( 239  -308  256  )
( 151  -2  70  )
( 257  27  93  )
( 279  -96  -152  )
( -131  -292  -9  )
( 221  -100  -194  )
( -297  61  -93  )
( -298  96  -192  )
( -247  220  187  )
( 87  -135  127  )
( -222  -318  34  )
( -146  -244  312  )
( -221  148  116  )
( 222  296  -119  )
( -65  333  -266  )
( -116  -292  333  )
( 81  301  -8  )
( -338  301  114  )
( 61  -62  -277  )
( -328  264  -43  )
( 123  -94  112  )
( 308  -295  -151  )
( 89  11  -283  )
( 32  -219  309  )
( 146  214  294  )
( 150  -235  137  )
( 209  -13  -141  )
( 257  49  62  )
( -241  -163  301  )
( -168  331  -282  )
( -269  -303  -162  )
( -42  240  209  )
( 219  46  274  )
( -156  280  316  )
( 217  -224  -240  )
( 68  -76  -131  )
( -291  123  -244  )
( -209  287  -276  )
( -139  -334  -26  )
( -31  -233  -299  )
( 212  -204  305  )
( 340  106  -104  )
( 164  -115  290  )
( 155  -70  -269  )
( 103  -134  -291  )
( 27  320  -255  )
( -18  -233  -68  )
( -44  98  -311  )
( -43  240  145  )
( -231  170  92  )
( 15  -148  101  )
( 23  -274  189  )
( -260  110  135  )
( 43  -269  60  )
( 250  42  308  )
( -304  -335  -278  )
( -69  203  318  )
( 145  -169  273  )
( 349  -121  -193  )
( -196  226  -320  )
( 144  313  305  )
( -61  35  -200  )
( -22  -149  210  )
( -290  6  -55  )
( -156  149  203  )
( 113  -69  -5  )
( -141  70  -225  )
( 102  159  -236  )
( -279  233  -335  )
( -150  -257  119  )
( -42  63  216  )
( -283  119  47  )
( -321  16  317  )
( -292  -256  291  )
( -243  -210  18  )
( -140  -148  59  )
( -310  128  274  )
( -170  332  -226  )
( 91  181  -237  )
( -145  -147  80  )
( -145  -342  305  )
( 182  244  61  )
( -233  34  246  )
( 349  264  232  )
( -106  107  178  )
( 35  -332  285  )
( -300  -29  153  )
( 8  -339  106  )
( 168  271  237  )
( -210  -46  63  )
( 77  -250  -179  )
( 346  -85  -202  )
( -177  -237  -62  )
( 284  -144  341  )
( -9  -74  69  )
( 172  -225  325  )
( -122  -1  -58  )
( -280  100  -206  )
( -75  -26  138  )
( -184  -46  -133  )
( -216  -317  -142  )
( -164  -37  -116  )
( 0  140  329  )
( -157  -264  104  )
( 340  257  -76  )
( -19  284  90  )
( -339  -96  -280  )
( -104  82  8  )
( -143  192  331  )
( 185  -131  160  )
( -338  265  -345  )
( 113  -51  -10  )
( 53  -190  -226  )
( 137  -28  -75  )
( 316  259  -239  )
( 174  69  -262  )
( 205  -349  253  )
( 282  -185  -85  )
( -256  -262  -240  )
( -96  -294  -163  )
( -327  -21  59  )
( -238  -260  192  )
( 169  8  -198  )
( -240  142  -78  )
( -41  -339  117  )
( 313  345  -78  )
( -123  253  -189  )
( 183  105  -24  )
( -297  178  151  )
( -156  49  15  )
( -297  277  230  )
( 2  -158  -111  )
( -207  -215  -219  )
( 77  24  207  )
( -32  177  48  )
( 221  -329  72  )
( -135  207  -193  )
( -194  39  -48  )
( -126  102  288  )
( 149  -211  -156  )
( -25  163  -168  )
( -212  145  66  )
( 294  -337  -106  )
( 208  -180  -14  )
( 25  -200  91  )
( 76  -81  33  )
( -1  -170  135  )
( -140  -2  264  )
( -101  7  210  )
( 107  -50  129  )
( 224  284  283  )
( -239  -56  198  )
( 4  -260  327  )
( -62  -291  195  )
( -23  -270  193  )
( 192  -33  -61  )
( 263  -13  -348  )
( 195  238  -115  )
( -164  -63  39  )
( -339  -143  -37  )
( -109  166  -106  )
( -89  -63  -56  )
( -161  156  319  )
( 261  191  196  )
( -76  -44  14  )
( 76  146  155  )
( -349  -287  -319  )
( -194  -79  300  )
( -261  29  -168  )
( 192  222  202  )
( 83  251  285  )
( -269  -283  -252  )
( 136  286  -271  )
( -76  141  -188  )
( -296  -345  -161  )
( 336  148  -268  )
( -203  -50  286  )
( 253  -153  277  )
( 10  -256  126  )
( -148  -349  78  )
( -141  -212  -142  )
( 97  7  -329  )
( -126  76  -106  )
( 59  -347  -122  )
( -234  -252  -223  )
( -77  16  303  )
( -329  -48  -118  )
( 317  338  154  )
( -54  28  254  )
( -338  -270  165  )
( 172  332  -302  )
( -58  -148  -115  )
( -32  -254  22  )
( 287  -190  -348  )
( 128  24  19  )
( 62  -30  -182  )
( -174  -55  313  )
( 50  78  90  )
( -105  -13  335  )
( -306  174  -93  )
( -331  270  249  )
( 244  -297  200  )
( 240  232  181  )
( -324  -182  -9  )
( 304  -286  73  )
( -249  -338  -195  )
( 134  176  -24  )
( 210  42  -205  )
( -174  213  21  )
( 133  -131  275  )
( 72  -124  -195  )
( 291  23  262  )
( 280  317  115  )
( 248  314  -103  )
( 344  217  158  )
( -187  38  -109  )
( -237  15  -168  )
( 258  -10  58  )
( 85  -235  159  )
( 132  -29  194  )
( -169  -115  255  )
( 287  -337  97  )
( -218  123  156  )
( -245  -211  -36  )
( 213  -85  -225  )
( -79  -127  24  )
( -191  320  323  )
( 271  -240  185  )
( 296  348  265  )
( -163  -91  -17  )
( 243  8  237  )
( 120  213  121  )
( -111  23  -0  )
( 120  110  -83  )
( -295  313  319  )
( 177  275  -265  )
( 231  295  -138  )
( 56  -317  -310  )
( -103  -199  -104  )
( -270  292  -94  )
( 135  -345  246  )
( 128  57  -113  )
( 169  -126  -287  )
( -3  -48  -243  )
( -88  249  67  )
( -161  22  11  )
( 131  278  -310  )
( -198  326  -26  )
( 271  -117  334  )
( -168  -212  221  )
( 321  153  216  )
( 104  72  -113  )
( -256  234  99  )
( -86  -219  61  )
( -162  -331  -263  )
( -34  -224  -202  )
( 328  33  221  )
( 210  190  -58  )
( -205  18  189  )
( 102  238  -276  )
( 275  -170  -256  )
( 169  86  224  )
( -13  -259  -57  )
( 171  71  -279  )
( -152  179  159  )
( 212  -167  -336  )
( 54  158  78  )
( 112  -222  -210  )
( -46  -13  -266  )
( -289  264  -269  )
( 336  90  -128  )
( 88  -265  1  )
( 206  64  -196  )
( 306  -341  299  )
( 59  -260  49  )
( 1  346  -53  )
( 133  -348  265  )
( -87  -226  -145  )
( -101  -187  242  )
( 43  -222  117  )
( -184  71  -306  )
( -15  3  -170  )
( 79  15  87  )
( 141  -165  -238  )
( 148  -327  -313  )
( -334  321  -265  )
( -276  73  -3  )
( 270  304  317  )
( 130  264  216  )
( -216  -72  -211  )
( 184  -103  -225  )
( 201  -256  219  )
( -63  -228  -128  )
( 91  -47  144  )
( -258  75  233  )
( -63  -149  158  )
( 298  -334  -17  )
( -139  -197  -34  )
( 54  240  328  )
( 81  -50  240  )
( 65  -72  69  )
( -345  266  -149  )
( 349  203  -49  )
( -18  125  -131  )
( -31  180  -332  )
( 109  262  -281  )
( -218  304  171  )
( 65  228  -309  )
( -36  -278  -288  )
( 43  -112  -163  )
( 141  181  236  )
( 271  189  141  )
( 323  -171  69  )
( -156  -238  -218  )
( 286  285  -288  )
( 323  -216  -237  )
( -111  106  -320  )
( -243  34  127  )
( 24  244  -232  )
( -300  -312  -144  )
( -165  339  213  )
( -146  -224  -244  )
( 240  269  -60  )
( -166  61  104  )
( -14  -84  94  )
( -144  198  -276  )
( 241  -86  261  )
( 53  20  113  )
( 183  -285  -343  )
( 272  252  -142  )
( 348  66  -51  )
( -12  239  180  )
( -40  15  115  )
( 230  -244  -308  )
( -208  -294  236  )
( 210  -126  13  )
( 25  210  -306  )
( -63  -160  -282  )
( 205  207  -273  )
( -211  -216  274  )
( 200  -48  104  )
( 311  143  128  )
( 88  3  166  )
( -101  -251  -85  )
( 100  277  267  )
( 336  -211  -188  )
( -294  322  -160  )
( -45  -62  -157  )
( 92  149  56  )
( 206  102  -220  )
( -67  -12  -147  )
( 138  143  22  )
( -50  252  -276  )
( 143  248  -197  )
( -119  -93  -244  )
( -225  -238  158  )
( -149  335  107  )
( 115  -96  -166  )
( -192  19  295  )
( -21  122  -99  )
( 17  174  -261  )
( 222  -343  226  )
( -190  216  -320  )
( 134  342  344  )
( 11  202  206  )
( -217  -3  47  )
( 10  50  126  )
( -290  342  250  )
( -314  -225  -238  )
( -151  2  54  )
( 247  158  0  )
( 252  -184  -326  )
( -142  196  223  )
( 295  -36  -22  )
( -212  226  -161  )
( -222  -94  -20  )
( -129  -82  -57  )
( 171  -119  241  )
( -9  -173  33  )
( -102  241  147  )
( -182  211  58  )
( 147  119  162  )
( -44  251  -114  )
( 96  -254  -241  )
( 85  267  142  )
( -111  -289  119  )
( 292  150  343  )
( -312  -332  113  )
( -213  -256  12  )
( -260  249  96  )
( -98  -268  -175  )
( 232  -279  -79  )
( -226  293  -254  )
( -50  -242  125  )
( 12  324  -181  )
( 305  -7  -156  )
( 242  249  -323  )
( -157  315  -272  )
( 196  225  202  )
( -344  -259  -101  )
( -1  163  -78  )
( -227  275  -121  )
( -336  36  191  )
( -112  -143  164  )
( 256  -23  -227  )
( 330  -39  78  )
( 14  30  77  )
( 217  206  40  )
( -15  -125  -233  )
( -339  -152  309  )
( 206  -347  -256  )
( -251  -297  100  )
( -95  298  101  )
( 115  -345  -294  )
( 342  -284  -301  )
( 294  71  -35  )
( 159  -308  -262  )
( -140  -32  155  )
( -236  271  -191  )
( 290  -82  284  )
( 235  315  38  )
( -51  44  161  )
( -188  -51  -262  )
( 97  210  -76  )
( 327  -141  -103  )
( 0  -80  3  )
( 93  -131  -338  )
( 182  -18  169  )
( -309  9  290  )
( 97  338  -88  )
( -261  -179  -291  )
( -344  -75  64  )
( 305  -45  -73  )
( -318  197  -94  )
( 304  327  -298  )
( 293  -237  224  )
( -99  -275  245  )
( -206  283  122  )
( 12  219  286  )
( -204  267  -98  )
( -262  -199  -227  )
( -48  73  -250  )
( 167  27  -24  )
( -128  113  -96  )
( 17  288  -58  )
( -123  314  172  )
( 209  176  52  )
( -34  -104  243  )
( -129  -221  220  )
( 26  -19  202  )
( 24  10  68  )
( 313  317  321  )
( 297  -217  340  )
( 101  -142  -257  )
( 301  162  -7  )
( 201  98  -78  )
( -294  295  116  )
( -5  -184  148  )
( -52  -8  100  )
( -308  -109  -9  )
( 271  79  -89  )
( -57  -145  -81  )
( 197  -102  -263  )
( -207  -226  -11  )
( -108  224  -41  )
( 152  -279  151  )
( -302  -178  -310  )
( 78  68  -121  )
( -105  -92  73  )
( -90  11  -0  )
( 190  -250  186  )
( -72  265  -165  )
( -11  -345  -299  )
( 203  239  -153  )
( 83  -189  -329  )
( 42  273  140  )
( 249  -241  154  )
( -346  -120  7  )
( -153  286  -172  )
( -49  -240  324  )
( 140  259  -112  )
( -287  208  191  )
( -72  -176  302  )
( 91  -274  -300  )
( -19  188  -5  )
( -188  334  -92  )
( 154  -33  249  )
( 128  -136  187  )
( -336  315  175  )
( 221  -97  -104  )
( -233  -1  -61  )
( 184  15  58  )
( 123  10  226  )
( -237  -94  182  )
( 9  -232  -273  )
( 340  316  -104  )
( 37  -336  82  )
( -0  -17  59  )
( 279  283  239  )
( 323  179  4  )
( -8  258  -52  )
( -157  64  -90  )
( -263  -10  216  )
( -278  -82  -194  )
( -47  315  -204  )
( -324  -82  288  )
( -31  342  118  )
( -320  332  -151  )
( 215  286  -155  )
( -184  -269  -197  )
( 283  159  -98  )
( -309  -314  276  )
( 75  308  78  )
( -112  337  -9  )
( 123  107  202  )
( -68  -74  71  )
( -131  160  77  )
( -252  -81  250  )
( -214  -226  -58  )
( -223  134  -86  )
( -144  270  14  )
( -95  29  216  )
( -198  -210  301  )
( -36  -272  -341  )
( 306  -19  -64  )
( -56  -336  -212  )
( -330  -338  -9  )
( 337  -51  194  )
( -320  214  -33  )
( 266  230  -210  )
( 274  -294  243  )
( -0  150  268  )
( 115  -209  -240  )
( 306  24  87  )
( 163  -131  -287  )
( 280  301  -345  )
( -134  -254  242  )
( 23  312  -321  )
( -269  148  -195  )
( 66  -315  248  )
( 91  333  -116  )
( 219  276  263  )
( -195  -243  -304  )
( -309  -79  -346  )
( 289  -315  -109  )
( -125  -230  219  )
( 177  -15  9  )
( -302  279  -76  )
( 95  337  131  )
( 160  45  -11  )
( 272  -100  -106  )
( 166  278  -169  )
( -32  330  341  )
( 190  345  252  )
( -284  254  9  )
( 268  -278  -16  )
( -196  -342  -68  )
( 256  279  59  )
( 183  308  -347  )
( -223  -267  310  )
( -195  275  218  )
( -100  -36  -166  )
( -229  -40  289  )
( 66  -268  73  )
( -100  127  -301  )
( 68  -311  -137  )
( 173  -178  -255  )
( 272  224  144  )
( 179  243  -241  )
( -311  271  -168  )
( 113  347  156  )
( -200  -197  39  )
( -258  26  -191  )
( 40  2  -70  )
( 2  167  -113  )
( 189  129  61  )
( 169  -349  260  )
( 212  -160  -93  )
( 349  -334  249  )
( 182  305  -302  )
( 201  47  -158  )
( 47  -100  301  )
( 151  -192  -94  )
( -173  348  186  )
( 293  19  164  )
( 229  247  105  )
( 279  -219  -328  )
( -174  99  318  )
( -143  -154  -132  )
( 336  -166  -241  )
( 18  246  -320  )
( 171  249  -144  )
( 223  -163  208  )
( -229  -35  -75  )
( -315  -123  329  )
( -145  328  -166  )
( 239  -214  -63  )
( 219  192  -324  )
( -290  -198  -76  )
( -36  -182  8  )
( -212  175  285  )
( 116  -134  -18  )
( -156  -258  76  )
( -140  -97  -159  )
( -329  -236  -75  )
( 314  197  -196  )
( 173  -239  -318  )
( 104  6  -157  )
( 100  -37  -185  )
( -128  -337  -278  )
( -36  348  -228  )
( -318  -209  308  )
( 289  -56  9  )
( 141  281  -328  )
( -9  4  152  )
( 238  334  241  )
( 65  258  -83  )
( 46  -91  -76  )
( -338  280  278  )
( 169  130  310  )
( 230  56  244  )
( -39  -200  122  )
( -189  80  1  )
( -79  -198  330  )
( -248  -8  302  )
( -159  207  337  )
( -15  -295  21  )
( 134  -38  197  )
( -176  80  -15  )
( 254  -347  139  )
( 307  74  75  )
( 266  53  320  )
( 104  -323  48  )
( 71  -12  245  )
( 61  50  -262  )
( -56  -310  -133  )
( -341  -156  -119  )
( 18  112  49  )
( 290  300  -268  )
( -229  7  190  )
( -230  47  -78  )
( 185  -44  -101  )
( -242  -282  -185  )
( -154  -332  -177  )
( -36  295  10  )
( -230  -22  -34  )
( 318  310  315  )
( 70  -309  11  )
( 80  238  338  )
( -314  -344  128  )
( -329  315  -108  )
( 92  -211  -12  )
( -48  62  95  )
( 112  209  339  )
( -275  214  -180  )
( 210  299  114  )
( 192  204  298  )
( 22  6  -78  )
( 347  246  -5  )
( 95  162  296  )
( -136  -194  -251  )
( 240  -31  -138  )
( 52  -103  76  )
( -144  116  -263  )
( 223  -195  13  )
( -62  12  71  )
( 37  -167  -271  )
( -215  -159  -300  )
( 335  -163  242  )
( -344  331  -91  )
( 22  -104  16  )
( 327  -205  -50  )
( -115  -22  72  )
( 240  -32  77  )
( 124  313  -219  )
( -349  338  -305  )
( -214  49  -57  )
( 7  -184  192  )
( 260  194  104  )
( 125  -203  -343  )
( -119  -173  -10  )
( 314  340  -44  )
( -198  99  94  )
( -93  -296  311  )
( -186  70  74  )
( 123  -237  218  )
( 19  -185  206  )
( -126  114  95  )
( -250  158  -333  )
( -132  -202  109  )
( 20  241  19  )
( 210  -133  -238  )
( -342  88  -113  )
( -226  -157  32  )
( -265  223  -289  )
( 74  -49  147  )
( 131  -43  44  )
( -331  -203  38  )
( -5  68  333  )
( -323  199  -137  )
( -349  250  -262  )
( -30  257  164  )
( 339  -157  -101  )
( -235  -329  197  )
( 285  -339  -16  )
( 189  249  32  )
( 42  21  228  )
( -215  -101  143  )
( 1  205  24  )
( -278  -149  296  )
( -99  -158  -17  )
( -241  242  296  )
( -325  -85  261  )
( 339  -99  -80  )
( 262  -194  311  )
( -120  -4  82  )
( -125  73  -104  )
( 336  -117  49  )
( -340  275  62  )
( 46  213  258  )
( -306  292  -171  )
( 76  318  191  )
( -296  342  -118  )
( -103  341  -1  )
( -7  -48  -326  )
( -286  -167  344  )
( 45  199  287  )
( -268  -232  105  )
( -318  -51  -6  )
( -263  221  -76  )
( 300  59  139  )
( 181  -24  -0  )
( 296  42  20  )
( -223  -9  73  )
( 113  -36  -290  )
( 206  325  110  )
( 329  56  -96  )
( -310  336  284  )
( -207  163  -304  )
( 192  -91  -270  )
( -336  -224  -269  )
( -133  268  -148  )
( 53  113  -217  )
( 290  220  -142  )
( -76  344  108  )
( -165  306  139  )
( -102  -61  -80  )
( 303  -259  -139  )
( 334  145  -4  )
( 324  -146  -29  )
( 288  283  -220  )
( -150  18  242  )
( -143  -254  -224  )
( 109  56  -282  )
( -171  -106  228  )
( 263  -54  -122  )
( -193  254  304  )
( 262  320  305  )
( -320  -261  315  )
( 226  -340  211  )
( 222  125  -278  )
( -56  262  -55  )
( -249  -287  -24  )
( 159  327  39  )
( -346  259  -304  )
( 226  38  74  )
( 179  -331  200  )
( 313  -325  -117  )
( -89  -276  266  )
( 326  -167  56  )
( -266  200  137  )
( 181  121  -196  )
( -179  62  -223  )
( 309  163  198  )
( 141  297  -175  )
( -139  -284  276  )
( -177  -134  -334  )
( -243  215  -68  )
( 300  -227  -24  )
( -288  -315  297  )
( -58  -259  -83  )
( 216  284  -271  )
( -136  -222  126  )
( -304  186  -256  )
( 164  -180  -76  )
( -126  102  313  )
( 137  155  -323  )
( 212  -78  333  )
( 184  192  19  )
( -234  -344  217  )
( 184  196  169  )
( 289  -222  -220  )
( 162  329  18  )
( -37  309  187  )
( 42  -149  323  )
( 77  107  -147  )
( -21  -91  71  )
( 321  99  294  )
( 218  284  -152  )
( -7  -271  233  )
( -63  258  50  )
( -211  127  233  )
( -307  179  76  )
( -263  -90  258  )
( 105  -101  336  )
( 319  286  324  )
( 43  -94  292  )
( -11  -8  308  )
( -42  -270  10  )
( 308  -346  172  )
( 97  63  252  )
( -331  -103  -88  )
( 229  -277  -174  )
( -314  31  234  )
( -9  315  338  )
( 102  152  -270  )
( 18  209  208  )
( 290  184  87  )
( 343  139  32  )
( 105  154  -184  )
( 286  167  275  )
( 299  -341  52  )
( -27  95  -283  )
( -255  73  235  )
( -326  212  342  )
( -155  90  -277  )
( -172  -141  102  )
( 60  128  122  )
( 55  -272  219  )
( 250  -220  273  )
( -90  -326  140  )
( 125  320  91  )
( 224  -34  -335  )
( -49  -248  -305  )
( 266  -329  -332  )
( -150  -305  174  )
( -184  -12  -120  )
( 151  -163  55  )
( 323  214  -44  )
( -240  227  153  )
( 86  -178  155  )
( 53  -47  331  )
( 188  -158  136  )
( 2  -118  277  )
( -174  228  -242  )
( 304  251  209  )
( 70  177  265  )
( -283  -335  89  )
( -254  301  -106  )
( 125  -258  -60  )
( -27  22  -14  )
( -287  277  -149  )
( 86  186  -301  )
( 100  -82  85  )
( -264  -9  -40  )
( 305  -199  -85  )
( 29  341  -345  )
( 231  62  331  )
( 68  197  316  )
( 154  -237  -18  )
( -122  -346  -146  )
( 174  307  207  )
( -215  -198  -254  )
( -55  21  318  )
( -274  -224  196  )
( -119  100  -214  )
( 71  -251  -278  )
( -142  -4  -1  )
( 38  -290  311  )
( 221  305  173  )
( 187  69  155  )
( 31  -200  -188  )
( 224  219  -295  )
( 194  -349  197  )
( 239  320  184  )
( 322  8  128  )
( 21  213  -259  )
( -173  254  -336  )
( -112  10  -310  )
( -40  75  -254  )
( 99  28  138  )
( 201  -225  52  )
( 308  128  175  )
( 23  -203  150  )
( -260  -107  -189  )
( -143  -97  134  )
( -164  -307  260  )
( -347  -178  232  )
( -0  81  -8  )
( 105  324  186  )
( -141  47  -266  )
( -107  -276  -265  )
( 24  -320  -72  )
( 98  -333  -215  )
( -176  188  326  )
( 120  284  166  )
( -92  198  -347  )
( -82  -262  -18  )
( 82  -127  104  )
( -255  -344  -89  )
( 273  -63  86  )
( 305  77  -270  )
( 246  -168  -215  )
( -335  169  -186  )
( 122  234  -58  )
( 15  -265  219  )
( 156  190  -293  )
( -140  150  -135  )
( 178  -90  338  )
( 313  -250  -79  )
( -140  -335  127  )
( 181  -329  16  )
( 299  288  -328  )
( 168  -261  336  )
( -14  -325  -111  )
( 311  -254  136  )
( 249  -11  -247  )
( -93  -287  -322  )
( -257  81  -60  )
( -287  304  25  )
( 296  -327  -257  )
( 242  1  -42  )
( -237  -336  -339  )
( 171  -47  91  )
( -127  -239  -126  )
( -340  33  -193  )
( -145  -175  95  )
( 226  -215  -141  )
( -287  147  15  )
( -49  130  226  )
( -308  314  -26  )
( -11  -75  69  )
( 61  311  -297  )
( -68  -1  240  )
( 15  144  -108  )
( -231  82  -277  )
( -26  339  -342  )
( -180  332  -91  )
( 242  -336  80  )
( 231  167  -185  )
( -156  273  -343  )
( 280  -331  93  )
( -333  -294  -210  )
( -156  117  -283  )
( 79  -295  34  )
( 188  175  187  )
( -262  181  102  )
( -233  -335  44  )
( -286  -277  22  )
( -146  42  78  )
( 225  215  234  )
( -35  -89  -251  )
( 210  -125  12  )
( -109  0  -117  )
( -213  106  -29  )
( -46  152  -202  )
( -258  68  130  )
( 276  -195  287  )
( -6  48  69  )
( -29  21  -149  )
( 305  313  58  )
( -307  240  -270  )
( 331  -287  337  )
( 244  327  0  )
( -290  -108  -264  )
( -58  160  -156  )
( -178  -27  -346  )
( 312  206  24  )
( -143  251  207  )
( -328  -64  18  )
( 182  -150  284  )
( 152  329  -23  )
( -294  -66  174  )
( 51  58  219  )
( -335  303  111  )
( 140  226  -187  )
( 105  348  110  )
( 84  -31  -248  )
( 246  91  22  )
( 224  -181  25  )
( -129  -21  -68  )
( -138  84  298  )
( -294  -87  303  )
( -40  110  334  )
( 195  46  -12  )
( -349  -235  -2  )
( 328  176  -67  )
( -341  111  248  )
( -29  -135  100  )
( -307  71  134  )
( 231  152  -326  )
( -225  172  128  )
( -106  247  273  )
( 118  271  -47  )
( -284  149  -27  )
( 21  -338  247  )
( 179  265  318  )
( 261  -239  77  )
( 150  17  -78  )
( -109  -209  268  )
( 236  -48  -316  )
( 146  -222  65  )
( 197  -21  -145  )
( -104  -207  206  )
( 250  -310  14  )
( -202  -136  38  )
( 33  106  -76  )
( -299  -212  156  )
( -219  -80  -323  )
( 153  -98  92  )
( -126  -210  -12  )
( -184  -93  131  )
( -99  196  226  )
( 7  -302  -172  )
( -68  137  295  )
( -153  88  294  )
( -63  -170  -296  )
( -204  323  5  )
( 5  121  231  )
( 121  300  -27  )
( 121  -38  -301  )
( 120  -202  -0  )
( -12  292  -86  )
( 150  13  -328  )
( -194  -346  -166  )
( -96  113  131  )
( 252  41  276  )
( 303  28  -65  )
( -22  290  -77  )
( 260  -266  -147  )
( 87  -74  167  )
( -138  193  196  )
( 113  -136  -170  )
( 346  -237  172  )
( -216  187  167  )
( 192  -177  299  )
( 91  -128  155  )
( 297  -30  199  )
( -164  236  180  )
( 203  -114  217  )
( 6  -122  -157  )
( 310  -133  -216  )
( -101  284  -9  )
( -138  286  -308  )
( 289  100  328  )
( 298  -125  229  )
( -27  317  299  )
( 172  -170  234  )
( -23  190  207  )
( -153  -121  2  )
( -302  347  183  )
( -279  -267  -188  )
( 332  -282  86  )
( 226  -266  9  )
( -107  -299  92  )
( -289  311  -195  )
( -259  -246  -15  )
( -43  187  266  )
( -315  344  166  )
( -207  263  332  )
( -14  7  -110  )
( 321  62  178  )
( -186  -146  50  )
( -41  236  225  )
( 182  -318  -57  )
( -189  -110  -331  )
( -288  -303  7  )
( 14  302  294  )
( 80  107  -156  )
( -62  263  192  )
( -25  180  -263  )
( -331  6  -25  )
( -242  -272  -185  )
( 346  252  -73  )
( 24  -40  225  )
( 286  238  -200  )
( -301  221  -265  )
( -319  -298  105  )
( -319  -144  -10  )
( 78  214  165  )
( 21  174  -304  )
( 168  -346  -213  )
( -235  -72  -333  )
( -41  38  321  )
( 342  -6  340  )
( 6  -238  -33  )
( -141  299  72  )
( -158  214  -208  )
( -321  77  -345  )
( 157  336  337  )
( -91  213  250  )
( -86  -26  -83  )
( 105  -225  306  )
( -187  -120  -233  )
( -56  -281  -7  )
( 170  -325  -266  )
( 126  19  -245  )
( 248  173  -98  )
( -119  -219  272  )
( 183  -149  -41  )
( 61  -263  -81  )
( 189  -44  283  )
( 255  205  -193  )
( 233  25  344  )
( -125  -38  -283  )
( 161  -335  -218  )
( -319  329  -11  )
( 117  -247  26  )
( -283  43  -209  )
( -106  221  318  )
( 326  -39  -190  )
( -116  -15  126  )
( 116  256  51  )
( -22  97  -47  )
( -111  -36  -15  )
( -110  313  -67  )
( -203  282  -218  )
( -264  -4  -332  )
( 74  284  337  )
( -318  -194  -37  )
( 179  42  257  )
( 174  -85  -289  )
( 197  29  15  )
( 339  -285  146  )
( -156  71  -18  )
( -304  -228  -319  )
( 317  193  -70  )
( -308  -272  112  )
( -35  -328  -119  )
( 279  -306  -311  )
( -181  315  -235  )
( 38  -14  192  )
( -103  41  148  )
( 189  303  299  )
( 63  86  -328  )
( 78  -288  -195  )
( -189  -82  -237  )
( 126  -153  -336  )
( 86  68  40  )
( 332  -205  -234  )
( 138  -147  69  )
( -135  -0  -72  )
( -176  -218  300  )
( 132  39  -222  )
( -249  197  -71  )
( -40  251  -249  )
( 208  333  -237  )
( -239  -154  -12  )
( 275  -14  -135  )
( -78  227  -73  )
( 221  319  -29  )
( 221  217  -281  )
( 267  -347  -193  )
( 217  -59  -270  )
( 53  221  -121  )
( 152  189  -245  )
( -191  177  -183  )
( -75  -291  -231  )
( 103  170  79  )
( 13  -170  -58  )
( 254  309  -169  )
( 260  39  -222  )
( 212  247  81  )
( 75  -323  181  )
( -284  -322  32  )
( -32  -65  -66  )
( 169  -287  -328  )
( -155  -256  -14  )
( -300  218  325  )
( 80  -18  -169  )
( 342  -30  -229  )
( -265  -96  50  )
( 215  -166  175  )
( -182  88  -283  )
( -222  165  -191  )
( 251  129  -241  )
( 263  101  -297  )
( 83  -84  256  )
( -213  310  287  )
( -147  312  -88  )
( 33  -39  242  )
( 178  1  189  )
( -46  9  37  )
( -255  123  -242  )
( -292  59  -326  )
( -255  166  268  )
( -202  143  144  )
( -266  187  246  )
( -1  32  187  )
( 336  -145  -99  )
( 16  270  -94  )
( 254  -73  344  )
( 175  -304  -321  )
( -188  -120  21  )
( 166  196  228  )
( 191  -123  -223  )
( 262  -59  -298  )
( 339  -320  59  )
( 264  334  131  )
( 212  122  -64  )
( -219  131  155  )
( -132  23  -309  )
( -346  -131  -343  )
( 260  -10  317  )
( 87  -295  -341  )
( -60  -165  303  )
( -112  329  -25  )
( -287  246  348  )
( 232  202  287  )
( -12  -201  112  )
( -124  334  92  )
( 222  69  270  )
( -71  140  253  )
( -112  -130  -20  )
