( -88  -311  -228  )
( 28  118  -136  )
( 297  -335  -259  )
( -201  178  -87  )
( 197  -295  114  )
( 234  177  -285  )
( 19  -172  60  )
( 125  232  -189  )
( -278  333  194  )
( 196  -204  185  )
( -91  8  333  )
( 216  -159  211  )
( -179  -15  73  )
( -141  -142  -288  )
( -188  -39  300  )
( -66  -61  -226  )
( 109  -37  -258  )
( 226  69  86  )
( 169  209  -328  )
( 302  -103  -325  )
( -91  -124  38  )
( -275  28  307  )
( 321  100  -216  )
( -139  328  152  )
( 196  -315  -291  )
( -274  40  80  )
( 170  -249  270  )
( 281  -288  154  )
( 227  -215  -241  )
( 133  182  341  )
( 153  -342  300  )
( -307  -67  -5  )
( 42  -274  -55  )
( -272  -50  -211  )
( 53  30  -152  )
( -139  222  310  )
( 270  209  -138  )
( -127  -161  223  )
( -99  -155  226  )
( 107  232  204  )
( 65  -52  -76  )
( 213  284  -71  )
( 250  -7  199  )
( 216  -49  -44  )
( -96  33  87  )
( 205  6  -3  )
( 86  121  -35  )
( -48  292  332  )
( 303  224  -195  )
( 15  80  -25  )
( -113  -48  40  )
( -284  -174  84  )
( 151  159  -208  )
( -181  -315  200  )
( -177  32  -130  )
( -20  242  -21  )
( 46  -269  299  )
( 308  -223  -118  )
( 270  -293  215  )
( -7  -258  -97  )
( 281  15  -146  )
( 52  293  -6  )
( 244  -178  245  )
( -54  248  174  )
( 303  322  -349  )
( -112  -185  -231  )
( 228  66  -143  )
( -313  229  245  )
( -132  212  -265  )
( 141  292  295  )
( 239  44  -274  )
( -226  -70  210  )
( -349  2  -22  )
( -3  317  53  )
( -32  -45  52  )
( -297  -318  -84  )
( -49  92  128  )
( -227  242  62  )
( -140  306  -232  )
( -315  186  -72  )
( 65  259  -298  )
( -348  -140  -272  )
( -220  -68  -96  )
( -108  -184  -94  )
( -76  -56  -195  )
( 145  -96  225  )
( -321  58  -343  )
( -197  1  265  )
( 290  3  342  )
( 39  -69  -73  )
( 105  -20  -110  )
( -78  303  311  )
( 0  -269  17  )
( -159  -286  -72  )
( -158  -49  -217  )
( -249  79  -254  )
( 265  206  204  )
( -89  -60  316  )
( -165  341  -325  )
( -8  -2  105  )
( 245  173  56  )
( -59  -91  211  )
( 62  -228  92  )
( -125  272  -307  )
( -66  -259  232  )
( 98  -283  -88  )
( 291  -194  6  )
( -315  19  42  )
( 292  11  220  )
( -201  -239  219  )
( 118  -280  -66  )
( -115  -93  199  )
( -35  223  -256  )
( 187  297  208  )
( -38  291  58  )
( 235  169  290  )
( -315  -157  -207  )
( 208  -213  173  )
( -301  -70  -135  )
( -67  77  -1  )
( -216  -17  208  )
( 288  -233  219  )
( 321  -22  -70  )
( -80  -306  210  )
( 213  -162  -316  )
( 177  59  -214  )
( 14  -34  -49  )
( 124  -22  -237  )
( -63  -250  145  )
( -289  -9  301  )
( -33  -67  -151  )
( -108  273  -214  )
( -335  154  169  )
( 173  56  -13  )
( 146  -141  330  )
( 107  -76  193  )
( 276  -134  -58  )
( 76  252  262  )
( -145  -247  -29  )
( -116  -42  138  )
( 143  52  287  )
( -284  167  62  )
( 39  -193  -70  )
( 287  -209  198  )
( 121  17  -298  )
( -44  -93  -187  )
( -336  121  -178  )
( -56  -219  -138  )
( 142  347  50  )
( -224  -50  323  )
( 81  300  -115  )
( -56  347  116  )
( -6  -201  274  )
( -342  18  326  )
( -327  -332  -230  )
( -25  -42  -36  )
( 166  121  -24  )
( -156  -117  -133  )
( 29  15  47  )
( 157  145  -208  )
( -119  252  11  )
( 185  -331  308  )
( 163  181  348  )
( 218  46  10  )
( 55  -230  -36  )
( -251  -109  201  )
( 114  314  -51  )
( -2  -40  -244  )
( 287  67  -99  )
( -15  -124  -105  )
( -101  -87  -286  )
( 60  201  308  )
( -321  -51  -245  )
( 146  53  -162  )
( 8  229  198  )
( 332  -170  152  )
( -193  -73  185  )
( 172  225  102  )
( -298  -337  35  )
( 96  2  151  )
( -277  214  222  )
( -305  -235  47  )
( 117  -234  94  )
( 33  -249  -6  )
( -289  38  117  )
( 162  238  -149  )
( -23  185  -304  )
( 182  25  344  )
( -247  -193  -73  )
( 175  232  -256  )
( -226  -184  -346  )
( -259  193  180  )
( -272  293  -248  )
( -196  -288  -261  )
( 37  308  146  )
( 133  -21  50  )
( 260  82  -27  )
( -136  317  -184  )
( -319  -299  -7  )
( 330  322  -288  )
( -38  -166  21  )
( 261  -288  -38  )
( 167  305  -88  )
( -306  -285  -321  )
( -7  256  287  )
( 137  269  -94  )
( 181  255  -219  )
( 334  188  -243  )
( 99  43  92  )
( 5  111  28  )
( 282  -291  -107  )
( -37  -106  -139  )
( -249  93  -348  )
( 145  144  -181  )
( 266  -19  -307  )
( -186  144  -271  )
( 217  59  104  )
( 164  70  128  )
( 311  33  178  )
( 0  261  46  )
( 325  104  -285  )
( 273  242  275  )
( 144  -194  97  )
( 261  265  184  )
( 337  -174  -199  )
( -285  234  115  )
( -329  28  330  )
( 121  314  -209  )
( -36  222  -57  )
( 61  -337  -98  )
( 110  220  -230  )
( -76  -122  277  )
( -102  -93  -97  )
( 229  250  -216  )
( 90  281  190  )
( -42  272  -294  )
( 205  35  256  )
( 343  -105  -149  )
( -285  -147  -201  )
( 210  128  202  )
( -258  -190  57  )
( 52  -310  -157  )
( 80  -36  -55  )
( 211  -111  229  )
( 105  210  -324  )
( -293  70  -73  )
( 285  -330  178  )
( 327  49  -33  )
( -63  155  -15  )
( -220  162  -325  )
( -185  -271  90  )
( -171  168  182  )
( -237  -106  -324  )
( -154  174  271  )
( 113  288  -55  )
( -0  -275  72  )
( -315  -62  202  )
( -322  98  -63  )
( 147  -35  -139  )
( -132  -256  24  )
( -287  -32  -88  )
( 243  -263  -138  )
( -349  230  -120  )
( 104  234  -84  )
( 63  122  -23  )
( -261  35  -345  )
( -228  254  -222  )
( -154  215  -173  )
( 17  121  -264  )
( 187  327  -112  )
( 235  208  -304  )
( 261  -236  225  )
( -203  308  302  )
( -215  347  96  )
( -23  -93  -67  )
( -152  63  -120  )
( -148  244  -62  )
( -91  340  177  )
( -310  204  -71  )
( 92  -21  -311  )
( 61  -276  -176  )
( 1  127  -187  )
( -66  -91  -180  )
( 227  122  194  )
( 303  -114  292  )
( -2  -300  -101  )
( 254  -150  178  )
( 275  -204  -316  )
( 32  -186  -251  )
( -13  -55  -337  )
( -111  105  46  )
( 104  214  40  )
( -115  -183  298  )
( -105  -28  194  )
( 294  76  193  )
( 254  112  -297  )
( -140  160  -91  )
( -273  -182  234  )
( -306  -155  168  )
( -274  108  -189  )
( -147  -155  -157  )
( -203  -334  -245  )
( -226  -63  329  )
( 157  -122  7  )
( -169  -345  314  )
( 291  45  344  )
( -18  22  123  )
( -115  0  -183  )
( 204  -44  271  )
( -131  121  58  )
( -86  114  -73  )
( 219  -106  253  )
( 28  255  -19  )
( -82  327  -49  )
( 323  209  226  )
( -275  -58  153  )
( 30  321  4  )
( -64  -297  -320  )
( 239  281  15  )
( 340  336  304  )
( -199  272  263  )
( -214  251  -43  )
( 228  -120  184  )
( -103  -101  -266  )
( -236  -20  233  )
( -277  154  295  )
( 65  247  -119  )
( -225  348  -271  )
( -279  -190  134  )
( -193  319  -237  )
( -264  -122  11  )
( -120  117  -234  )
( 171  45  -199  )
( 177  115  228  )
( 108  207  130  )
( -5  221  -210  )
( 0  -54  -39  )
( -341  179  280  )
( -20  101  -169  )
( 268  240  -264  )
( 216  5  -57  )
( -213  295  299  )
( -328  123  45  )
( -17  -342  247  )
( 316  18  -1  )
( 304  10  161  )
( 195  142  115  )
( 181  237  69  )
( -81  -189  37  )
( 286  -39  -316  )
( -310  177  -202  )
( 314  -54  219  )
( 187  180  83  )
( 18  -58  179  )
( -59  310  222  )
( 152  58  -308  )
( -126  -257  95  )
( -260  -134  30  )
( 128  -116  -233  )
( 26  149  88  )
( 90  -144  -279  )
( 205  318  301  )
( 23  330  -146  )
( 63  -212  -112  )
( 11  -334  54  )
( -57  338  -150  )
( 66  32  206  )
( -29  46  -247  )
( 333  312  181  )
( -179  -67  326  )
( -279  -72  12  )
( -169  -163  153  )
( 183  339  268  )
( 23  -311  -260  )
( -319  -306  128  )
( -188  52  114  )
( -233  -259  120  )
( 112  210  345  )
( -326  347  -63  )
( 219  213  4  )
( 169  123  101  )
( 307  -119  -3  )
( -253  330  -156  )
( -43  -162  279  )
( 82  -237  -68  )
( -8  187  270  )
( 284  326  103  )
( -20  149  325  )
( -65  -138  -163  )
( -53  107  288  )
( 94  21  -300  )
( 166  256  -112  )
( 66  -255  293  )
( 142  252  1  )
( 205  27  -319  )
( -188  60  133  )
( 91  -93  258  )
( -214  7  343  )
( -55  2  73  )
( 63  -127  106  )
( -244  -104  87  )
( -243  -154  208  )
( -250  -167  59  )
( 135  -246  49  )
( -318  -221  -54  )
( -2  -235  -306  )
( -157  338  -251  )
( -253  -63  -161  )
( 124  227  -188  )
( 294  124  349  )
( 12  -70  -176  )
( -291  -307  196  )
( 133  -231  65  )
( -10  -171  196  )
( 93  186  279  )
( -79  23  255  )
( 349  -51  272  )
( 40  -302  -310  )
( -157  -286  -81  )
( 344  166  -233  )
( 271  313  -246  )
( 79  181  -74  )
( 177  95  -1  )
( 335  -81  -53  )
( -43  -296  218  )
( -166  275  155  )
( 118  -277  -79  )
( -286  -188  106  )
( 105  -97  -190  )
( 277  -202  -265  )
( 0  -63  318  )
( 269  -131  -121  )
( -132  -176  -114  )
( -245  -99  -103  )
( 179  255  157  )
( -193  -326  338  )
( -27  -206  -186  )
( 216  156  318  )
( -277  198  105  )
( 131  -160  339  )
( 83  -141  161  )
( -27  -274  323  )
( -250  -202  106  )
( 43  -87  -109  )
( 192  -348  141  )
( 172  -51  314  )
( -343  141  64  )
( -263  -151  -301  )
( -75  211  48  )
( -263  211  242  )
( -120  311  -74  )
( 50  248  -207  )
( -333  15  62  )
( 60  260  -23  )
( -143  270  -162  )
( 160  -41  223  )
( -66  -64  -292  )
( -100  148  -319  )
( -163  -271  -116  )
( 269  -301  181  )
( -123  109  -69  )
( 63  325  142  )
( -202  -216  41  )
( -286  -176  -98  )
( 327  89  231  )
( -223  -188  -197  )
( -270  -181  124  )
( 5  36  -288  )
( 294  306  314  )
( -189  -225  -331  )
( 180  -49  168  )
( -22  297  90  )
( 22  31  102  )
( 312  123  218  )
( 134  -51  -153  )
( 51  230  90  )
( -169  -144  -161  )
( -206  -226  -64  )
( 52  -35  -61  )
( 224  148  133  )
( -274  -189  -162  )
( 140  -160  265  )
( 337  44  181  )
( 95  -26  270  )
( 343  1  -126  )
( -170  -299  -137  )
( -31  56  -192  )
( -231  -160  161  )
( 20  -27  227  )
( 183  -209  7  )
( -29  -263  159  )
( -203  -305  -129  )
( -264  343  -253  )
( -295  -240  -25  )
( -108  0  -294  )
( 307  -312  -23  )
( -100  108  -276  )
( 16  -149  -232  )
( 187  323  -265  )
( 188  22  266  )
( -21  18  -126  )
( 343  -337  -98  )
( 212  -277  208  )
( -191  148  201  )
( -184  -171  -5  )
( 260  348  29  )
( 333  -245  215  )
( 130  139  346  )
( 100  -281  -153  )
( 51  -209  56  )
( -276  -27  -3  )
( -134  208  143  )
( 249  -141  334  )
( -290  -20  8  )
( 114  -177  335  )
( 205  288  312  )
( -178  -324  -259  )
( -292  -247  -252  )
( 110  -244  158  )
( -205  -310  -3  )
( 24  315  13  )
( 12  -306  -189  )
( 327  177  65  )
( 323  81  -95  )
( 44  -321  348  )
( 51  -43  -303  )
( 102  111  4  )
( 264  198  -1  )
( 100  -155  -271  )
( 303  302  -159  )
( -115  -15  -60  )
( -325  -124  -255  )
( 25  265  -160  )
( -181  -36  114  )
( 332  -120  -65  )
( -210  200  116  )
( 119  -199  -340  )
( -76  112  -302  )
( 115  -156  -140  )
( 57  309  -143  )
( 137  90  25  )
( 238  282  -155  )
( 245  -315  313  )
( 137  -116  197  )
( -235  -10  -325  )
( 118  30  122  )
( -63  -132  173  )
( 110  182  40  )
( -81  131  312  )
( 49  180  -329  )
( 11  71  23  )
( -267  -220  110  )
( 213  -160  -96  )
( 250  -197  195  )
( -258  328  124  )
( 307  -312  233  )
( -17  341  -91  )
( -35  -329  217  )
( 69  209  -54  )
( -214  100  -110  )
( -310  -314  246  )
( 145  82  190  )
( 102  -162  90  )
( 96  64  -258  )
( -253  176  -138  )
( 323  -82  -80  )
( 88  -58  -215  )
( 24  -252  183  )
( 172  199  248  )
( -107  -19  62  )
( -264  306  222  )
( 172  138  40  )
( -142  113  -161  )
( -51  194  10  )
( 209  156  -228  )
( 139  191  247  )
( -347  -81  -70  )
( -69  -204  109  )
( 328  -139  -37  )
( -85  226  -342  )
( 83  170  -222  )
( 189  194  -52  )
( 152  -268  -39  )
( -89  141  331  )
( 105  -180  -9  )
( -276  43  171  )
( -78  49  -7  )
( 74  -199  -68  )
( -57  -201  169  )
( -36  -288  -297  )
( 313  301  62  )
( -320  -345  142  )
( -284  -148  31  )
( -144  335  313  )
( 294  -260  237  )
( 2  183  -274  )
( -294  -340  174  )
( 21  -3  -25  )
( 72  -28  336  )
( 48  51  290  )
( -172  -118  243  )
( 218  -221  5  )
( -305  -338  -76  )
( -315  342  -141  )
( -162  -112  161  )
( -292  202  -163  )
( 221  86  -244  )
( -146  153  -315  )
( -111  -201  -148  )
( 312  333  168  )
( -55  176  -197  )
( 190  273  181  )
( 124  -218  -262  )
( -273  77  154  )
( 272  147  -0  )
( 218  99  -267  )
( -33  346  -215  )
( 37  326  -151  )
( 87  237  -78  )
( -61  -316  71  )
( 75  -323  -35  )
( 49  -104  -117  )
( 90  -224  -324  )
( 328  304  -134  )
( 194  -312  -98  )
( -71  122  198  )
( -326  204  82  )
( -27  -72  -84  )
( -282  104  -22  )
( -44  -63  -326  )
( 271  0  -12  )
( 268  -51  -98  )
( 64  -226  24  )
( 267  -318  22  )
( 333  -276  -246  )
( -26  -140  -162  )
( 202  -189  -9  )
( -11  212  173  )
( 21  -185  -243  )
( 43  -38  -275  )
( -332  -253  -278  )
( 222  -342  -263  )
( -151  -247  -152  )
( -171  328  -260  )
( -178  -143  -149  )
( 81  -297  -111  )
( -25  303  -36  )
( 346  -129  -37  )
( 227  132  316  )
( -11  -259  135  )
( -139  -174  285  )
( -161  311  -301  )
( 34  -281  329  )
( -315  -199  287  )
( 183  202  73  )
( -81  -208  -220  )
( 130  175  -264  )
( 110  309  170  )
( 311  339  -1  )
( 257  215  75  )
( 344  69  -328  )
( -56  -289  313  )
( -263  174  -297  )
( 170  216  -104  )
( 301  -283  275  )
( -65  203  227  )
( -51  -297  89  )
( -242  231  268  )
( -83  -242  9  )
( -290  105  63  )
( -70  -203  -204  )
( -84  -149  -94  )
( -349  165  238  )
( 340  -40  -93  )
( -154  -272  -123  )
( 266  -194  -185  )
( -167  17  -46  )
( -19  291  -240  )
( -331  -98  94  )
( -211  -135  -187  )
( 129  215  -304  )
( 248  -140  -209  )
( 213  53  78  )
( 29  -41  37  )
( -64  -261  282  )
( -97  199  -153  )
( -174  178  331  )
( -236  13  -213  )
( -152  -57  -225  )
( -256  70  269  )
( -248  13  -267  )
( 97  -64  -252  )
( 108  76  -255  )
( 118  -218  167  )
( 121  -9  -21  )
( -70  -310  -269  )
( 143  -245  -194  )
( -241  268  286  )
( -84  -47  -55  )
( -226  -101  205  )
( 55  -66  -239  )
( 154  210  288  )
( -40  -308  -177  )
( -111  -184  345  )
( 125  316  -168  )
( -83  319  95  )
( -261  66  -276  )
( 37  -95  24  )
( 152  -6  246  )
( 41  -90  -0  )
( 88  -341  241  )
( 259  -104  22  )
( 269  -215  92  )
( -127  216  -118  )
( 8  32  -294  )
( 256  -219  -249  )
( 179  -59  -166  )
( 106  -177  -223  )
( 238  83  -236  )
( 58  -23  137  )
( 285  301  -117  )
( -66  75  -72  )
( 188  -94  -124  )
( -16  238  131  )
( 191  254  238  )
( 122  171  197  )
( 205  -185  75  )
( 52  31  262  )
( 206  301  -311  )
( -144  -122  -70  )
( -3  -173  -98  )
( -108  -26  84  )
( 170  -293  -205  )
( -327  5  -250  )
( 4  93  298  )
( -13  -168  -162  )
( 75  -209  -21  )
( -320  66  -113  )
( -244  -0  -349  )
( 34  215  -44  )
( -257  -307  -109  )
( 304  -107  -180  )
( -39  185  -191  )
( -178  90  68  )
( 60  -237  -59  )
( -37  -153  -49  )
( 131  -28  -90  )
( 340  27  192  )
( 20  159  260  )
( -230  -219  123  )
( -286  125  -230  )
( 287  -42  286  )
( 276  233  -96  )
( 158  -270  -278  )
( 276  2  85  )
( 253  -87  150  )
( 178  -164  -205  )
( -277  171  340  )
( 330  226  -184  )
( 159  -153  -222  )
( 115  -292  -264  )
( 248  -192  36  )
( 19  271  -314  )
( 207  -319  153  )
( -197  233  280  )
( -202  126  -265  )
( -135  294  -266  )
( -39  -68  295  )
( -66  158  279  )
( 322  119  255  )
( -53  63  -106  )
( 115  263  -25  )
( -137  343  -214  )
( 283  263  33  )
( 126  -297  45  )
( 65  36  159  )
( 201  258  68  )
( -95  101  230  )
( -236  -195  -330  )
( 53  56  4  )
( -339  -216  -265  )
( -349  48  59  )
( -324  141  -108  )
( -331  -286  -91  )
( -181  341  325  )
( -41  -128  -26  )
( -214  336  -349  )
( -238  -164  105  )
( 184  133  271  )
( 161  222  -40  )
( -117  -312  241  )
( 238  -326  -23  )
( 86  323  -310  )
( -187  38  206  )
( -174  -214  94  )
( -99  -261  209  )
( -320  294  16  )
( 124  235  -211  )
( -45  107  -277  )
( -75  -237  230  )
( -336  -78  189  )
( -241  -24  320  )
( -79  -272  -231  )
( 221  309  -63  )
( 267  -151  -1  )
( 132  30  -285  )
( 321  74  27  )
( 322  150  65  )
( -226  30  34  )
( 86  319  290  )
( 295  60  305  )
( -256  323  324  )
( 94  -87  -336  )
( 79  251  -41  )
( -246  -8  166  )
( -202  -34  -157  )
( 211  17  -79  )
( -140  -101  -326  )
( -32  -124  214  )
( -339  316  6  )
( 324  -154  -10  )
( 218  -197  -142  )
( -17  -52  -296  )
( -324  -50  -284  )
( 130  172  248  )
( 62  224  -41  )
( -337  311  143  )
( -342  196  183  )
( -120  -166  -0  )
( 90  -341  -16  )
( -42  -236  -76  )
( 233  -323  80  )
( -165  20  246  )
( 162  196  74  )
( 163  207  203  )
( 267  141  -86  )
( -45  92  62  )
( 104  -239  -316  )
( -9  -160  268  )
( 319  246  282  )
( 100  335  2  )
( -303  91  -266  )
( 173  344  5  )
( -317  -61  -50  )
( 302  182  -13  )
( -345  34  104  )
( -184  -236  -133  )
( 230  112  262  )
( -287  232  228  )
( 79  -268  71  )
( 231  -100  159  )
( -259  185  -12  )
( -132  155  241  )
( 60  61  -340  )
( 51  50  121  )
( 243  77  248  )
( 106  -116  -142  )
( 227  -15  180  )
( -346  321  -187  )
( -328  48  100  )
( -289  -332  -192  )
( -182  46  27  )
( -326  160  265  )
( 237  -16  -40  )
( 291  13  -279  )
( -278  -242  -256  )
( -77  70  -138  )
( 227  239  -61  )
( -34  228  114  )
( -101  -192  -113  )
( -298  123  -270  )
( -34  -35  299  )
( -290  -133  295  )
( -66  -206  -179  )
( 103  194  90  )
( 177  173  201  )
( -4  61  66  )
( -77  317  199  )
( 72  115  279  )
( -71  44  285  )
( 22  -211  -19  )
( -91  325  -148  )
( 254  -169  -286  )
( -305  193  33  )
( 334  292  -349  )
( 106  -158  -166  )
( -87  96  213  )
( 139  -186  -49  )
( 222  -213  242  )
( 46  -98  -96  )
( 261  206  -75  )
( 21  211  163  )
( -27  -173  110  )
( -143  199  330  )
( 169  -68  310  )
( -158  -264  9  )
( 95  -133  -250  )
( 16  76  -142  )
( 55  318  -143  )
( -290  162  -324  )
( 170  -239  258  )
( -82  -64  -149  )
( 107  -288  -175  )
( 286  89  131  )
( 164  289  23  )
( 264  -96  81  )
( -236  -42  -253  )
( -260  159  8  )
( 97  -255  144  )
( -165  275  266  )
( -117  126  -13  )
( -44  117  2  )
( -269  -11  61  )
( 258  271  -28  )
( -183  -9  -246  )
( 154  -121  -298  )
( 335  -248  212  )
( 45  -168  106  )
( 83  232  276  )
( 230  -328  -169  )
( -188  -152  238  )
( -27  -226  80  )
( -177  -26  -259  )
( 112  18  -33  )
( -162  119  -230  )
( -95  -308  -40  )
( 279  153  -43  )
( -107  114  -77  )
( -57  202  -304  )
( -175  42  12  )
( -227  273  183  )
( -120  -205  77  )
( -254  -222  92  )
( -348  212  303  )
( -82  327  54  )
( -241  -229  249  )
( 135  314  -91  )
( 278  216  -190  )
( 297  349  -55  )
( 219  335  -144  )
( 57  -334  -193  )
( 29  -302  -224  )
( 334  -12  -131  )
( 14  -211  213  )
( -75  6  83  )
( 37  -192  41  )
( -182  -158  -8  )
( -45  -156  154  )
( -276  149  -338  )
( 64  305  330  )
( 243  -226  255  )
( 139  284  -193  )
( -50  -223  220  )
( 59  -178  -255  )
( -153  100  -40  )
( 323  99  281  )
( -49  -176  92  )
( -144  -340  -4  )
( -30  -13  155  )
( -306  -214  183  )
( 324  -33  -143  )
( 336  -327  168  )
( 68  -228  -345  )
( 228  16  -263  )
( 132  348  -302  )
( -118  -42  -99  )
( 116  -77  -111  )
( -47  285  329  )
( 335  -107  -187  )
( 349  305  -63  )
( 29  254  143  )
( -205  -52  -183  )
( 133  236  280  )
( 327  310  190  )
( 84  -18  66  )
( -168  329  290  )
( -205  -199  220  )
( 167  -115  40  )
( -254  -186  234  )
( -141  4  198  )
( -134  -272  -25  )
( -181  313  -244  )
( 265  -244  -109  )
( -317  -298  13  )
( 1  -132  -241  )
( 263  -75  -229  )
( 137  -209  -204  )
( -305  259  283  )
( -105  276  -138  )
( 6  -75  -107  )
( 78  43  -341  )
( 234  -193  -71  )
( -175  104  86  )
( -70  -309  339  )
( 118  -304  -128  )
( -331  -281  46  )
( -211  -14  84  )
( 135  -168  -208  )
( 198  -340  -349  )
( -110  -169  336  )
( -322  269  -185  )
( 281  -81  -207  )
( -124  -24  -95  )
( 206  -16  253  )
( 26  -320  170  )
( -286  12  -5  )
( 330  216  0  )
( 123  94  -233  )
( 322  -195  84  )
( 34  -89  -223  )
( -338  24  -107  )
( -170  232  264  )
( -295  -33  42  )
( -32  -102  -55  )
( 26  -58  49  )
( -187  -255  59  )
( 344  -146  -95  )
( 76  142  -229  )
( 158  127  -64  )
( 332  265  -166  )
( -272  -173  -169  )
( 38  22  67  )
( 258  -349  -78  )
( -26  291  35  )
( 144  -305  -134  )
( -238  -214  -34  )
( 14  97  222  )
( -286  -185  -74  )
( -318  -185  -259  )
( -304  -196  -273  )
( 97  35  -249  )
( -63  -18  -277  )
( 73  -346  -130  )
( -131  -228  -308  )
( -98  -313  -92  )
( 120  -288  76  )
( -103  -323  21  )
( -336  -116  303  )
( -29  -332  193  )
( 68  278  -164  )
( -150  -328  -221  )
( -247  167  -229  )
( -46  -104  -179  )
( 233  253  -98  )
( -99  -77  -230  )
( -131  186  327  )
( 68  -229  313  )
( -200  -65  -309  )
( 235  296  -242  )
( 15  -28  -332  )
( -100  -143  107  )
( -65  271  306  )
( 81  120  336  )
( 84  -283  47  )
( 244  -199  -12  )
( -2  287  -92  )
( -207  -204  -82  )
( 34  -209  190  )
( -299  340  -183  )
( 332  -69  77  )
( 41  -325  -267  )
( -161  -213  -283  )
( 315  89  316  )
( -184  83  12  )
( 122  136  325  )
( -68  -65  -69  )
( -299  -162  0  )
( 150  134  -190  )
( -210  178  38  )
( -136  -214  -250  )
( 126  -238  282  )
( 120  42  -187  )
( -14  -18  -306  )
( 258  138  -105  )
( -114  11  191  )
( -349  -148  -294  )
( -173  344  12  )
( 340  71  58  )
( -48  9  -214  )
( -104  -225  -338  )
( -142  313  94  )
( -184  185  -64  )
( -311  -343  -300  )
( -271  -26  -239  )
( -28  283  -270  )
( 329  116  -1  )
( -323  -243  -161  )
( -209  340  -221  )
( 97  -243  83  )
( 224  -314  -188  )
( -181  -237  -196  )
( 309  180  -200  )
( -173  75  93  )
( -203  302  136  )
( -79  -208  -251  )
( 62  94  214  )
( 73  -225  -348  )
( 44  -309  -250  )
( 139  -67  1  )
( 22  314  -1  )
( -229  -187  -246  )
( -68  -249  -324  )
( -267  -178  -49  )
( -281  347  -34  )
( 127  207  -117  )
( -108  155  -181  )
( 99  -98  215  )
( -179  -262  211  )
( -0  330  308  )
( 300  105  -93  )
( 167  -213  300  )
( -198  35  327  )
( 52  256  -88  )
( 124  134  -158  )
( -343  63  -64  )
( -132  188  -308  )
( -107  -33  133  )
( 16  170  -325  )
( -301  275  55  )
( 196  269  169  )
( 90  -201  94  )
( -321  268  266  )
( 53  345  121  )
( 293  -291  -330  )
( -257  316  317  )
( 47  175  -40  )
( 303  228  96  )
( 113  -333  154  )
( -60  319  42  )
( 291  345  -266  )
( 183  92  119  )
( 115  -232  100  )
( 85  -29  -205  )
( -96  184  -71  )
( 63  -323  329  )
( 248  -186  96  )
( -305  96  -72  )
( 35  100  226  )
( -218  208  -72  )
( -202  -270  -240  )
( 185  -222  -58  )
( 89  -180  186  )
( 274  180  -58  )
( -116  -160  210  )
( 209  266  -315  )
( -69  -159  -8  )
( 260  -135  -166  )
( -239  -179  166  )
( -294  135  62  )
( 42  -5  -18  )
( 224  -195  -274  )
( -4  -309  -318  )
( -168  285  326  )
( -339  -94  -198  )
( 212  53  306  )
( -285  82  118  )
( 65  274  124  )
( -43  247  102  )
( 196  -347  -95  )
( -267  -345  5  )
( -239  77  -0  )
( -63  -251  23  )
( -235  -169  -195  )
( -35  292  38  )
( -43  -149  341  )
( -128  184  -281  )
( -8  255  -278  )
( -47  -340  108  )
( 1  347  310  )
( -283  -238  195  )
( 248  93  52  )
( 59  135  227  )
( 235  -300  -206  )
( -171  -293  -192  )
( 200  232  -329  )
( -164  192  -267  )
( -6  -127  -213  )
( 189  -100  -212  )
( 348  -110  -267  )
( -70  270  291  )
( -118  -267  -97  )
( -346  -242  -186  )
( -40  108  196  )
( -22  6  -151  )
( -131  155  -307  )
( 29  -5  291  )
( -65  -307  -69  )
( -208  -36  344  )
( 319  260  -312  )
( -149  -13  -177  )
( 249  7  -299  )
( -184  0  162  )
( 218  194  56  )
( 186  -111  320  )
( 246  -336  -1  )
( -212  14  -219  )
( 294  -189  216  )
( -27  -116  -108  )
( 245  116  -71  )
( 152  -204  -77  )
( 4  -101  287  )
( -59  -97  106  )
( 237  209  270  )
( 327  210  -134  )
( -191  -211  -266  )
( 255  -241  10  )
( 190  -260  110  )
( 132  -5  347  )
( -72  -331  24  )
( -236  -164  -72  )
( 268  -318  -38  )
( 239  -95  -314  )
( -111  252  317  )
( 94  300  -104  )
( 57  -11  -108  )
( -211  229  167  )
( 211  79  -251  )
( -76  -185  203  )
( -110  69  -270  )
( -301  10  340  )
( 47  -337  162  )
( -72  -293  235  )
( -319  -180  310  )
( -116  180  -142  )
( -163  173  155  )
( 302  105  285  )
( 62  -304  265  )
( -131  -83  -168  )
( 263  305  -206  )
( 68  -319  161  )
( -93  49  14  )
( -2  164  -183  )
( 212  119  231  )
( 334  -229  -124  )
( -195  346  336  )
( -232  96  -230  )
( 307  34  247  )
( -42  -278  -255  )
( 152  -244  176  )
( -148  -63  309  )
( 82  284  29  )
( 120  18  90  )
( 321  158  -165  )
( 9  -117  -54  )
( 285  -133  185  )
( 250  22  -179  )
( 86  302  -200  )
( -53  -102  329  )
( 61  120  150  )
( -174  219  -260  )
( 146  185  326  )
( -170  89  -259  )
( -286  -280  191  )
( -95  276  -69  )
( 165  116  208  )
( 57  217  21  )
( -290  254  -261  )
( -328  174  10  )
( 203  124  253  )
( 14  75  56  )
( -117  -54  -245  )
( -227  -40  -35  )
( 299  263  -247  )
( 22  169  -100  )
( 313  -90  -333  )
( 82  -105  8  )
( 109  -285  -149  )
( -178  170  -12  )
( 224  31  143  )
( 121  -89  264  )
( -17  271  136  )
( 269  -174  -312  )
( 74  -159  -136  )
( -178  90  57  )
( 47  44  -79  )
( -322  260  -310  )
( -313  -174  181  )
( 243  134  -0  )
( 32  -62  5  )
( -192  -178  -64  )
( 54  -130  153  )
( -259  126  -109  )
( -258  219  88  )
( 326  -199  -70  )
( 102  -154  14  )
( 29  -295  -21  )
( -90  151  328  )
( -163  -65  -309  )
( 121  -82  -221  )
( -342  -170  31  )
( -284  237  33  )
( -113  343  -251  )
( 214  3  121  )
( -291  298  93  )
( 165  -60  -169  )
( -322  76  198  )
( -221  90  10  )
( 263  108  210  )
( 245  -63  38  )
( 54  -52  -185  )
( -214  110  75  )
( -340  -341  151  )
( 36  -254  55  )
( -156  281  -182  )
( 320  303  -112  )
( -157  318  -278  )
( -261  -112  -349  )
( -171  -150  19  )
( 146  165  107  )
( -170  236  260  )
( 102  260  219  )
( -1  -156  225  )
( -85  210  104  )
( -105  334  -79  )
( 153  -144  -242  )
( 286  98  -294  )
( -72  42  335  )
( 314  -273  304  )
( -18  264  -339  )
( 231  284  -289  )
( -80  274  -282  )
( 98  242  -315  )
( -70  -159  124  )
( 8  -38  -102  )
( -10  -187  209  )
( 319  -276  -273  )
( -23  202  259  )
( 132  -54  -36  )
( 345  177  -209  )
( 294  206  -119  )
( -86  257  -300  )
( 147  -21  225  )
( 238  -57  -19  )
( -46  257  130  )
( 87  -337  150  )
( -231  -225  -154  )
( 71  51  14  )
( -348  127  110  )
( 244  310  -334  )
( -232  -13  257  )
( -108  133  128  )
( -249  297  132  )
( 214  -129  144  )
( 119  10  137  )
( -63  -109  211  )
( -160  -20  325  )
( -24  -222  44  )
( 138  256  -161  )
( 62  115  -122  )
( -142  -270  -1  )
( -252  -165  157  )
( 142  63  174  )
( 190  121  -3  )
( 223  232  64  )
( -336  173  344  )
( 6  195  -10  )
( 142  -322  -23  )
( 142  -155  -222  )
( -289  -172  144  )
( 207  -270  237  )
( -134  -30  260  )
( -0  65  -226  )
( -208  -300  -183  )
( 23  -71  235  )
( 56  99  -27  )
( -24  285  -344  )
( 346  66  -177  )
( 106  -170  -338  )
( -13  163  -28  )
( 91  42  44  )
( 260  297  -172  )
( -255  -224  186  )
( 165  -87  220  )
( 122  -210  -203  )
( -171  72  -302  )
( 308  -349  -330  )
( -2  -130  -109  )
( -48  61  227  )
( 207  -145  -25  )
( -346  -11  -206  )
( -134  178  -3  )
( -213  92  232  )
( 41  -234  282  )
( 207  -91  176  )
( 84  -126  -45  )
( -329  -331  13  )
( -122  261  46  )
( 157  229  -336  )
( 162  33  193  )
( 63  296  155  )
( -177  -252  -175  )
( -204  156  286  )
( 66  -27  235  )
( 246  -229  197  )
( 265  -323  -276  )
( 142  217  256  )
( -51  -167  -290  )
( 32  76  245  )
( -332  -335  318  )
( 299  -127  50  )
( -232  -226  289  )
( 295  94  230  )
( -154  -19  -255  )
( -254  -49  266  )
( 150  -157  -28  )
( -118  -177  215  )
( 82  -300  167  )
( 211  -318  199  )
( 222  62  -42  )
( 316  102  84  )
( 61  -257  -241  )
( 1  101  136  )
( -152  286  294  )
( 151  77  -240  )
( 2  -172  -18  )
( 1  95  77  )
( 331  -2  149  )
( -190  -72  155  )
( -14  -197  333  )
( -31  -314  129  )
( 333  -281  106  )
( 111  -191  -184  )
( 201  321  11  )
( -86  -279  -225  )
( 184  -215  -245  )
( 64  338  349  )
( -124  -21  117  )
( -164  205  -222  )
( -247  3  -198  )
( 74  -128  -15  )
( -179  -70  -317  )
( -39  237  -134  )
( -6  -121  313  )
( 71  -72  337  )
( 281  71  196  )
( 235  -270  88  )
( -226  185  -13  )
( -332  -245  18  )
( 347  83  331  )
( -156  290  25  )
( 206  -290  -334  )
( -88  164  -114  )
( -8  -266  -287  )
( -332  293  -282  )
( 43  247  13  )
( -297  247  -135  )
( -101  104  -136  )
( -51  -263  226  )
( -143  112  -85  )
( 44  90  -3  )
( -306  85  316  )
( 0  -115  -63  )
( -86  7  155  )
( -13  223  -273  )
( 71  -6  69  )
( 21  -225  342  )
( -180  13  -305  )
( 167  81  59  )
( 264  113  169  )
( -84  -325  -314  )
( 283  125  -67  )
( -131  -69  -243  )
( 348  -0  11  )
( -312  238  255  )
( -30  -53  -204  )
( 106  245  18  )
( 177  -336  -294  )
( 158  -250  -94  )
( -172  241  -238  )
( -181  -119  110  )
( -20  -132  -333  )
( 106  -346  -64  )
( -278  -277  42  )
( 135  234  18  )
( 52  211  -97  )
( 14  -267  109  )
( 302  -141  -92  )
( -86  224  165  )
( 8  -18  28  )
( 11  109  -254  )
( 173  14  -264  )
( 59  38  252  )
( 276  215  -189  )
( -234  279  28  )
( -256  -172  143  )
( 270  -205  -51  )
( 136  -333  -208  )
( -25  -155  -279  )
( -275  -79  164  )
( 207  -305  -58  )
( -169  -174  101  )
( -166  323  -59  )
( 322  94  -103  )
( 229  25  -37  )
