( -271  -23  -127  )
( 257  -164  247  )
( -195  -44  -13  )
( 175  194  -100  )
( -117  -228  -317  )
( 222  -227  -215  )
( 336  -276  -2  )
( -338  -206  -339  )
( 302  -207  -198  )
( -80  -158  212  )
( 65  -69  138  )
( 335  -113  150  )
( -138  35  228  )
( 206  210  -274  )
( -244  -30  294  )
( -115  102  -177  )
( -257  306  186  )
( -65  0  -257  )
( -56  -117  274  )
( -97  36  -139  )
( 245  317  -217  )
( -102  52  -269  )
( 113  -220  202  )
( -195  -218  -147  )
( 216  -284  -149  )
( -300  167  54  )
( -262  282  73  )
( -36  -204  -61  )
( -288  265  -129  )
( 139  -23  -4  )
( 283  -281  -284  )
( -244  -218  -192  )
( -35  -192  -8  )
( 33  -164  -298  )
( 195  -75  325  )
( -83  293  346  )
( 74  209  -143  )
( 1  -218  42  )
( 43  320  327  )
( 86  -198  -270  )
( 35  207  263  )
( -19  276  284  )
( 326  -29  -80  )
( -28  -132  53  )
( 22  214  109  )
( -251  91  151  )
( 260  -46  290  )
( -54  42  -237  )
( 37  205  -71  )
( -281  179  244  )
( -291  -70  301  )
( 31  279  -13  )
( -55  265  -34  )
( 24  99  -333  )
( -221  326  -272  )
( -195  -127  -163  )
( 227  -295  60  )
( -60  -193  -28  )
( -54  219  132  )
( 91  -339  228  )
( 59  289  339  )
( 85  -268  12  )
( -146  349  278  )
( -298  308  -215  )
( -96  238  -174  )
( 257  138  188  )
( 149  -291  26  )
( 269  -253  339  )
( -48  260  236  )
( 225  -77  130  )
( -141  15  -285  )
( -205  79  -282  )
( 272  258  -265  )
( -317  -238  248  )
( 172  -313  -200  )
( 92  -198  -2  )
( -347  -239  -228  )
( 322  187  190  )
( 343  193  37  )
( 143  13  73  )
( 156  111  -199  )
( 30  -53  60  )
( 48  0  -3  )
( -202  -14  -11  )
( -158  -187  -289  )
( -20  317  -303  )
( -223  -135  194  )
( -75  245  69  )
( -25  -159  48  )
( 73  208  113  )
( 107  346  32  )
( -51  60  -140  )
( -12  -223  -156  )
( 236  183  250  )
( 246  179  -296  )
( 242  -170  -292  )
( -239  75  127  )
( 132  -292  -133  )
( 123  179  322  )
( -181  -177  -179  )
( 53  -269  109  )
( -79  205  -190  )
( -216  219  -15  )
( -158  -5  -235  )
( -160  -220  120  )
( -194  -203  -168  )
( 239  -19  285  )
( 264  -300  242  )
( 101  -12  161  )
( 130  -334  139  )
( 135  182  162  )
( 220  -17  293  )
( -209  76  140  )
( -292  18  -189  )
( 41  -216  181  )
( -302  -283  96  )
( -4  -53  257  )
( 297  200  -327  )
( 12  319  -181  )
( 193  98  -76  )
( -239  219  330  )
( -115  105  111  )
( -91  53  -183  )
( -15  162  345  )
( -255  -80  49  )
( 25  322  -37  )
( -109  9  1  )
( -195  35  -163  )
( -337  -322  292  )
( 174  -184  -260  )
( 0  -103  42  )
( -157  -284  -102  )
( -165  -346  22  )
( -173  16  -217  )
( 87  -335  24  )
( 6  -4  119  )
( -281  14  185  )
( 91  319  92  )
( -195  -257  -131  )
( 160  201  -161  )
( 196  -263  168  )
( -105  -313  48  )
( 241  192  -318  )
( -215  -221  -6  )
( 226  -217  -165  )
( -158  -36  345  )
( 316  306  -143  )
( -219  231  -208  )
( 177  228  147  )
( 47  43  231  )
( 24  227  -2  )
( -293  -42  90  )
( 298  143  161  )
( 21  156  85  )
( -145  -36  -183  )
( -259  -96  -323  )
( 24  -239  -105  )
( -212  -201  111  )
( -159  146  148  )
( 204  -239  -267  )
( -108  -337  -57  )
( -323  259  315  )
( -138  10  45  )
( 346  68  -236  )
( 136  -91  332  )
( -238  256  -79  )
( -89  208  -293  )
( -192  270  176  )
( -236  94  -313  )
( -213  -23  -97  )
( 109  204  193  )
( 66  -237  308  )
( -324  345  344  )
( -103  -315  110  )
( -290  -266  -70  )
( -256  98  -128  )
( 221  -320  197  )
( 104  -25  -294  )
( -346  -345  -157  )
( 298  22  270  )
( 200  -341  -174  )
( 322  -185  327  )
( -238  216  192  )
( -223  -178  -116  )
( -342  298  -182  )
( 82  110  129  )
( -268  203  -130  )
( 29  5  -248  )
( 152  210  11  )
( -135  121  -308  )
( 307  -181  77  )
( -309  202  -154  )
( -339  37  -150  )
( -122  -243  143  )
( -38  -140  -168  )
( 1  218  -17  )
( -263  305  167  )
( 291  -302  141  )
( -182  232  36  )
( -204  202  -58  )
( -311  -312  -24  )
( 341  -337  282  )
( -76  -215  111  )
( -4  329  268  )
( 328  161  -312  )
( 55  223  151  )
( -179  261  -222  )
( -224  -294  66  )
( 96  -89  44  )
( -6  326  -220  )
( -131  111  120  )
( 14  235  -326  )
( 193  -223  289  )
( 30  201  344  )
( -134  77  305  )
( -68  190  -90  )
( 123  327  -232  )
( -123  -97  26  )
( 82  334  145  )
( -343  -318  -4  )
( -293  25  311  )
( 54  48  209  )
( -271  -293  -121  )
( -160  -80  349  )
( 113  324  -282  )
( 23  193  109  )
( 213  150  189  )
( 171  -213  176  )
( -344  182  -248  )
( -265  -94  101  )
( 348  -335  -84  )
( 67  181  -31  )
( -38  -147  -39  )
( 182  19  133  )
( -128  -56  -167  )
( 158  218  -73  )
( -68  136  269  )
( 265  305  -311  )
( 46  -121  -70  )
( -92  165  -240  )
( 142  215  -67  )
( -252  -303  -175  )
( -39  166  84  )
( 96  187  -112  )
( 29  206  236  )
( 166  -145  -193  )
( -212  -66  -25  )
( 219  -126  -175  )
( 94  288  228  )
( 10  -29  -243  )
( 97  -60  30  )
( -248  -279  63  )
( 44  20  -82  )
( -180  -302  36  )
( 50  -306  2  )
( 299  93  -36  )
( 173  93  330  )
( 139  305  132  )
( -296  7  -291  )
( 14  200  38  )
( -9  -92  -118  )
( 190  -333  -304  )
( 12  47  134  )
( -275  137  -113  )
( 210  100  347  )
( 108  -197  -198  )
( 207  194  20  )
( -208  298  -71  )
( 76  -70  167  )
( -75  289  -191  )
( 199  -265  294  )
( 63  -149  8  )
( -293  112  -215  )
( -13  -229  -125  )
( 296  277  299  )
( -59  334  325  )
( -45  40  250  )
( 145  -349  304  )
( -63  92  113  )
( 287  235  118  )
( 106  207  -13  )
( 171  306  224  )
( -192  -156  -178  )
( 240  153  247  )
( -206  99  245  )
( 238  335  121  )
( -92  215  -121  )
( -170  276  -168  )
( -129  287  100  )
( -171  -324  226  )
( 112  -86  -287  )
( 109  -78  -299  )
( -342  173  -45  )
( 232  -330  233  )
( -7  129  304  )
( 324  -161  291  )
( 275  107  -260  )
( 260  -178  205  )
( -291  -187  -15  )
( -226  -129  25  )
( 125  219  -279  )
( 329  288  -45  )
( 152  -11  153  )
( -237  326  34  )
( -21  -313  -293  )
( -3  -129  -327  )
( 127  25  205  )
( 108  334  60  )
( -334  -87  231  )
( 339  238  76  )
( -214  299  -23  )
( -155  -127  -132  )
( -315  17  -120  )
( -87  -336  180  )
( 302  348  -349  )
( -264  -102  279  )
( -92  56  -72  )
( 25  55  1  )
( -185  62  -84  )
( 348  -308  132  )
( -197  215  -175  )
( 318  -143  -244  )
( -4  52  -163  )
( 17  107  152  )
( 47  333  -192  )
( 68  273  -244  )
( 207  213  -57  )
( 330  321  -241  )
( -277  243  -22  )
( -79  149  27  )
( -292  -252  -263  )
( -26  150  311  )
( 185  84  -198  )
( -113  38  -293  )
( -258  128  52  )
( 310  39  -99  )
( 37  88  -277  )
( 246  10  -149  )
( 276  322  81  )
( -120  -31  -104  )
( -92  -84  228  )
( -215  190  -271  )
( -0  -240  186  )
( -191  -0  89  )
( 155  -262  61  )
( 165  2  -127  )
( 143  103  -197  )
( 328  64  34  )
( 81  -77  -107  )
( -136  -47  -306  )
( -47  275  -218  )
( 58  -252  36  )
( 187  -306  239  )
( -31  210  -264  )
( 185  311  278  )
( 330  104  -193  )
( 118  313  210  )
( -163  -297  -268  )
( -274  235  -84  )
( -285  -234  -136  )
( 116  -100  62  )
( 306  -320  298  )
( -264  -42  257  )
( 28  -185  -21  )
( -192  222  118  )
( 222  -187  -335  )
( 193  -294  278  )
( -241  132  -250  )
( -201  223  -174  )
( 270  -326  -34  )
( -239  -280  -53  )
( -221  -215  72  )
( 16  185  21  )
( 129  -14  -222  )
( -221  -271  -3  )
( -156  -308  -141  )
( 187  267  198  )
( 91  150  -3  )
( -320  -177  20  )
( -183  -259  -198  )
( -20  263  -138  )
( -214  -179  150  )
( 166  246  44  )
( 22  -107  95  )
( 232  -346  -323  )
( 148  264  -3  )
( -243  248  -272  )
( 126  -276  -116  )
( 207  -182  -330  )
( -135  -210  127  )
( 297  245  41  )
( 257  -121  -306  )
( 313  100  206  )
( -65  171  15  )
( -154  -53  -101  )
( -237  -341  -327  )
( -113  282  178  )
( -196  18  154  )
( -164  251  314  )
( -182  272  88  )
( 181  -48  298  )
( 261  -236  224  )
( -343  187  -108  )
( -129  33  238  )
( 201  -100  203  )
( 214  188  -42  )
( -244  -199  109  )
( 197  -123  -184  )
( -248  185  -102  )
( -261  -318  100  )
( 160  -171  -56  )
( 165  168  -113  )
( 346  -333  -39  )
( 272  71  -2  )
( 268  -133  274  )
( 186  341  15  )
( -274  338  -237  )
( -62  112  105  )
( -235  276  -244  )
( 62  -181  -156  )
( 211  305  -26  )
( 236  35  311  )
( 9  280  -11  )
( 322  295  82  )
( -334  -214  146  )
( -331  -14  24  )
( 332  -312  172  )
( -135  -51  297  )
( -77  211  -137  )
( -81  123  -159  )
( 4  -90  -299  )
( -158  -122  251  )
( -138  -101  -153  )
( 299  -310  108  )
( -127  -221  -131  )
( -87  277  167  )
( -183  14  285  )
( 205  -45  -221  )
( 335  240  -160  )
( 308  268  85  )
( 337  -83  108  )
( -152  -51  220  )
( 9  -290  -204  )
( 168  -190  -35  )
( 158  200  256  )
( 277  67  -221  )
( -212  173  122  )
( 188  233  133  )
( 94  -217  159  )
( 26  144  -21  )
( -315  -210  -84  )
( -312  63  79  )
( 49  -245  332  )
( 226  -218  -325  )
( 311  -260  60  )
( -91  -274  216  )
( 101  -256  -258  )
( -161  193  54  )
( 260  231  95  )
( -21  -50  131  )
( -58  246  215  )
( 264  -235  -246  )
( 292  159  -48  )
( 190  201  94  )
( 50  -312  -242  )
( -102  -78  157  )
( 216  -58  161  )
( 19  -347  -320  )
( 167  -312  0  )
( -339  -318  -126  )
( -282  285  309  )
( -254  -303  323  )
( -279  66  294  )
( 207  -309  -103  )
( -159  41  -2  )
( -303  54  -175  )
( -131  100  9  )
( 323  27  243  )
( -26  118  297  )
( -90  266  230  )
( -128  -133  256  )
( 98  -310  22  )
( -11  242  -190  )
( 337  307  -104  )
( 250  181  53  )
( -322  57  212  )
( 275  -329  -191  )
( -145  -74  -79  )
( 13  289  108  )
( -182  95  275  )
( 12  -281  99  )
( 154  261  174  )
( 206  149  241  )
( -296  225  -179  )
( -224  54  160  )
( -141  155  231  )
( -322  -75  34  )
( 167  -222  317  )
( 138  -30  178  )
( -0  -53  205  )
( -285  76  115  )
( 22  -131  -135  )
( -336  -277  -220  )
( -312  281  283  )
( -15  -300  -157  )
( -333  -42  80  )
( -228  -104  212  )
( 280  2  307  )
( -171  259  334  )
( -332  -225  -259  )
( 324  323  209  )
( -183  -174  334  )
( 341  240  -125  )
( 87  318  19  )
( 89  -327  246  )
( 149  -39  -143  )
( -178  183  184  )
( 45  -326  304  )
( 336  103  -102  )
( 32  164  335  )
( -211  264  329  )
( 114  129  186  )
( -117  169  -220  )
( -21  -5  -17  )
( 36  -201  107  )
( -285  109  -70  )
( 78  83  341  )
( 245  -49  -244  )
( 123  -207  -250  )
( 144  320  303  )
( -114  -176  -129  )
( 16  245  -150  )
( 304  149  342  )
( 254  282  -240  )
( -339  -190  -333  )
( -223  135  -208  )
( 161  -141  300  )
( -90  -200  -189  )
( -158  346  -237  )
( -186  -35  257  )
( 142  159  -258  )
( -215  -180  292  )
( 225  -154  -76  )
( -208  35  -193  )
( 245  68  -31  )
( 307  254  127  )
( 86  51  20  )
( 316  -282  -325  )
( 23  -282  310  )
( 256  47  -85  )
( -268  -124  -255  )
( -239  -325  9  )
( 4  -25  282  )
( -252  174  138  )
( 112  139  15  )
( -262  242  -284  )
( -62  153  186  )
( -203  3  -268  )
( 287  120  132  )
( -164  -34  -244  )
( -264  -154  288  )
( 147  191  -92  )
( -302  -65  50  )
( 280  -176  7  )
( -87  -219  61  )
( -160  308  313  )
( 331  -14  -47  )
( 206  177  -53  )
( 226  261  280  )
( -118  -62  -133  )
( -183  -202  -43  )
( 200  283  67  )
( 339  -8  257  )
( 90  142  -102  )
( 284  149  59  )
( 287  1  -297  )
( 306  81  -110  )
( 82  -172  264  )
( -43  -110  -68  )
( -137  343  -61  )
( -317  -337  -342  )
( 287  -117  274  )
( 236  -181  -31  )
( -311  120  -98  )
( 78  -60  -344  )
( -53  -275  122  )
( -132  131  118  )
( 62  -134  40  )
( 163  -61  264  )
( 339  -284  66  )
( -122  21  317  )
( -164  -82  -198  )
( -197  -39  280  )
( 251  -303  138  )
( 69  262  -146  )
( -109  -229  23  )
( 150  -342  -49  )
( 16  114  86  )
( -340  85  -40  )
( -53  -108  190  )
( -342  37  25  )
( 191  -174  -85  )
( -46  91  86  )
( -325  -195  -281  )
( 264  -24  51  )
( -314  18  -242  )
( 333  248  272  )
( -169  -217  -203  )
( -107  315  -263  )
( 290  232  -223  )
( -12  -258  -104  )
( -53  -233  -57  )
( 140  -153  -162  )
( -341  -84  -317  )
( -10  163  -305  )
( -268  -174  216  )
( 155  56  -77  )
( 19  3  -145  )
( -306  207  -249  )
( -293  -224  -110  )
( -296  88  -56  )
( 122  317  84  )
( 221  -65  -183  )
( -321  -232  -1  )
( -189  250  171  )
( -232  -10  186  )
( -289  -128  26  )
( 305  -291  -152  )
( -280  325  -18  )
( -218  -279  211  )
( -71  -233  -281  )
( -249  -148  -314  )
( 6  223  333  )
( -35  -334  -85  )
( 255  -125  288  )
( 36  218  252  )
( -286  265  60  )
( -29  349  -173  )
( 38  -33  -333  )
( 147  314  -130  )
( 131  -232  -184  )
( 45  -46  5  )
( 293  227  -170  )
( -275  171  -150  )
( -287  235  -3  )
( -123  -77  -276  )
( -24  -274  -150  )
( -77  -64  -241  )
( 68  249  -238  )
( 200  -128  34  )
( -299  -177  -296  )
( 222  342  292  )
( 180  -269  -229  )
( -3  188  -100  )
( -280  136  104  )
( 25  61  237  )
( 142  -288  -16  )
( 253  -192  228  )
( 171  -28  -252  )
( 324  -197  -68  )
( -90  254  -212  )
( -326  156  285  )
( 39  -81  164  )
( 250  262  -130  )
( 115  329  -100  )
( -71  79  117  )
( 215  211  -41  )
( -215  -344  271  )
( 88  111  116  )
( 13  -324  8  )
( 223  155  -249  )
( 266  -237  -196  )
( 244  -259  191  )
( 108  326  1  )
( -139  -113  -190  )
( 141  149  -43  )
( 212  -336  -105  )
( 83  286  -188  )
( -55  98  -105  )
( -162  26  260  )
( 7  -163  -278  )
( 109  55  -237  )
( -306  -181  -143  )
( 14  41  13  )
( 327  316  185  )
( 226  72  293  )
( 349  15  161  )
( 189  66  282  )
( -277  -60  -93  )
( 26  -29  -204  )
( -84  286  -293  )
( -163  -322  250  )
( -103  -42  -51  )
( -45  300  109  )
( -296  -313  -260  )
( 60  -94  -133  )
( 151  -268  -98  )
( 28  -109  74  )
( -142  277  -114  )
( 31  240  51  )
( -331  344  -231  )
( 134  -316  176  )
( 258  68  76  )
( 295  -164  29  )
( -115  -35  216  )
( -206  -223  -52  )
( 305  181  35  )
( 154  296  -185  )
( -333  193  330  )
( 16  -245  187  )
( -144  206  -324  )
( -157  -110  135  )
( -261  -94  -186  )
( 277  -348  -189  )
( 7  207  -89  )
( 238  -124  311  )
( -80  168  -106  )
( 19  -345  151  )
( 320  23  335  )
( -258  199  -225  )
( -90  15  -124  )
( -25  -99  209  )
( -274  -66  -110  )
( -16  -100  -60  )
( -156  -32  294  )
( 313  -186  -277  )
( 240  226  98  )
( 346  246  -156  )
( 249  240  104  )
( -197  -166  125  )
( -275  141  -230  )
( -145  114  177  )
( -223  -92  320  )
( -99  34  317  )
( 153  274  -285  )
( -145  88  265  )
( -18  207  -89  )
( 337  135  -259  )
( -265  107  337  )
( -70  -231  223  )
( 47  65  102  )
( -209  16  84  )
( 201  69  49  )
( 36  119  85  )
( -344  66  256  )
( -2  167  77  )
( 205  -102  -306  )
( -16  -251  196  )
( -287  63  212  )
( -254  -101  100  )
( -169  -247  28  )
( 95  9  -35  )
( -258  -55  -30  )
( 100  -283  37  )
( -66  319  40  )
( 120  -206  121  )
( -280  -288  -271  )
( -64  -93  57  )
( -23  152  -92  )
( 182  78  -48  )
( 280  172  107  )
( -10  190  -162  )
( -134  -4  243  )
( -325  -295  302  )
( -228  177  274  )
( -180  -176  113  )
( -211  18  345  )
( 2  283  42  )
( -165  -77  289  )
( -52  45  -43  )
( -59  -74  -230  )
( -280  187  -257  )
( 49  -105  339  )
( 267  190  272  )
( 113  42  196  )
( -61  -50  114  )
( 53  253  -213  )
( -84  -279  50  )
( 91  271  -291  )
( 93  -102  117  )
( -227  42  -126  )
( 128  -191  -171  )
( -72  -78  -175  )
( 46  339  116  )
( 81  -125  -59  )
( -214  -338  -164  )
( -225  244  320  )
( 151  -317  10  )
( 60  1  -9  )
( 227  6  180  )
( -326  -110  -97  )
( -174  295  -57  )
( 329  28  -16  )
( 221  -302  33  )
( -218  -227  209  )
( -238  -206  307  )
( -158  -150  80  )
( -344  119  237  )
( 329  -325  248  )
( 268  -188  -18  )
( 264  13  -201  )
( -36  38  -93  )
( -30  303  256  )
( 320  201  190  )
( -110  158  -169  )
( -129  -209  -11  )
( -140  -132  183  )
( -278  96  106  )
( -86  255  -53  )
( -250  -171  -12  )
( 205  -162  -185  )
( 323  -55  -220  )
( 60  -42  65  )
( 313  66  154  )
( 289  121  253  )
( -184  -174  146  )
( -116  112  268  )
( -257  -330  -185  )
( -314  203  -237  )
( -174  -161  -151  )
( -230  -182  -152  )
( -280  188  -157  )
( -45  -185  285  )
( 262  292  -106  )
( -167  -22  189  )
( 121  248  -327  )
( 284  -88  -308  )
( -128  175  207  )
( 258  50  266  )
( -113  74  49  )
( -129  -88  -55  )
( -171  -206  76  )
( -110  -151  -57  )
( -178  317  261  )
( -93  -262  338  )
( 17  25  190  )
( 109  141  -293  )
( 299  -114  -231  )
( 51  77  238  )
( -25  333  69  )
( -203  179  77  )
( 157  23  236  )
( 222  261  268  )
( -216  -262  -293  )
( -192  -61  -171  )
( -254  -165  4  )
( 54  -40  178  )
( 214  94  -168  )
( -299  -88  -37  )
( -69  47  -214  )
( 82  -292  -341  )
( -37  140  49  )
( -87  295  23  )
( -220  -244  325  )
( -207  -348  6  )
( 47  -283  -232  )
( 328  -298  -217  )
( 282  -325  336  )
( -219  -3  36  )
( -101  230  86  )
( 113  -277  313  )
( 176  -178  18  )
( 324  315  200  )
( -75  173  -152  )
( 45  -62  42  )
( 237  -331  59  )
( 117  194  -113  )
( 80  261  53  )
( 66  -96  61  )
( -31  -2  -74  )
( -347  -111  -106  )
( 153  -270  -146  )
( -315  -83  -103  )
( 215  -58  349  )
( -324  -176  -322  )
( 37  -241  136  )
( -233  108  -300  )
( 97  -78  28  )
( 49  337  -69  )
( -67  -260  120  )
( 93  -346  -301  )
( -10  -311  154  )
( -183  -114  149  )
( 173  -59  138  )
( -176  -284  -38  )
( 209  -293  -228  )
( 277  -331  243  )
( -62  143  -221  )
( 97  -17  -305  )
( -298  -327  104  )
( -19  -268  69  )
( 207  -169  -7  )
( -232  -303  -226  )
( 17  -200  -80  )
( 59  -123  -341  )
( 216  -138  -320  )
( 49  156  -335  )
( 32  -235  -239  )
( 269  66  128  )
( 282  -81  82  )
( -90  65  -120  )
( 89  308  32  )
( 348  -342  -71  )
( 191  331  -227  )
( 125  -147  4  )
( 134  -129  -96  )
( -98  192  -207  )
( -342  70  -222  )
( 316  106  285  )
( -242  201  -193  )
( 93  279  231  )
( 290  156  -81  )
( 91  -68  -301  )
( -29  241  79  )
( -42  -197  -76  )
( -246  222  -119  )
( 191  -293  347  )
( -214  -20  324  )
( 201  -244  267  )
( 226  -188  -31  )
( 48  154  -304  )
( 141  23  273  )
( -91  -228  -30  )
( -340  -46  171  )
( 54  165  117  )
( 181  58  279  )
( 157  125  -158  )
( -251  -138  -210  )
( 272  -30  -74  )
( 87  -191  343  )
( 274  -110  155  )
( -183  49  177  )
( 117  192  91  )
( 34  234  253  )
( -280  -136  316  )
( 192  301  169  )
( -278  31  332  )
( -48  -125  277  )
( -234  290  -196  )
( -17  158  -245  )
( -31  167  -260  )
( 300  -56  -48  )
( -149  -43  59  )
( 318  -304  181  )
( -274  205  -240  )
( -72  82  -140  )
( -180  208  -316  )
( -58  -109  -224  )
( 264  -238  -47  )
( -239  -342  -144  )
( 123  -292  -121  )
( 37  -2  59  )
( 4  160  238  )
( 20  294  -89  )
( -334  274  171  )
( 98  -324  -243  )
( 141  290  97  )
( 190  344  -214  )
( -300  347  156  )
( 181  -301  64  )
( -109  103  327  )
( 308  216  24  )
( -111  138  -321  )
( 164  320  -115  )
( -13  -134  -274  )
( -173  -321  28  )
( 36  95  3  )
( 248  5  -308  )
( 109  -80  62  )
( 268  190  84  )
( -135  340  145  )
( -309  -294  151  )
( -51  128  279  )
( 217  191  94  )
( 46  -156  -206  )
( -183  83  -271  )
( -147  108  -205  )
( 67  -58  -259  )
( 108  -307  340  )
( 276  296  32  )
( 194  -329  34  )
( 47  315  -43  )
( 142  137  -19  )
( 139  306  349  )
( 286  -177  277  )
( -171  -299  9  )
( -263  193  108  )
( -160  -145  222  )
( -94  236  -53  )
( 135  -284  107  )
( 159  -269  290  )
( -329  0  283  )
( 191  -78  286  )
( 86  -21  -17  )
( -207  -51  -162  )
( 50  -98  296  )
( -121  150  41  )
( -348  218  -288  )
( 235  67  -82  )
( 89  337  -39  )
( 101  235  203  )
( -148  211  331  )
( -239  -280  78  )
( -199  293  -8  )
( -17  100  -222  )
( -245  -333  -285  )
( 204  -331  -193  )
( -94  152  48  )
( -116  -161  -29  )
( 158  -136  -260  )
( -299  -294  20  )
( -53  322  4  )
( 315  -302  -145  )
( 91  267  -30  )
( 6  138  162  )
( -99  177  268  )
( 1  -74  -24  )
( 342  -175  266  )
( 324  -42  128  )
( -218  -8  -265  )
( 129  266  51  )
( -249  -45  340  )
( -290  -293  -211  )
( 62  -154  -80  )
( 191  344  -309  )
( -305  120  19  )
( -332  127  235  )
( 101  -315  -177  )
( 311  -180  248  )
( -69  -214  -198  )
( 241  -330  -150  )
( 111  -8  266  )
( 46  -95  79  )
( -28  274  287  )
( -307  -178  163  )
( 287  -78  334  )
( -190  -17  12  )
( 316  -177  -42  )
( -310  54  80  )
( -103  125  265  )
( 40  -287  239  )
( -292  114  302  )
( 82  273  280  )
( -269  -52  -245  )
( 63  329  253  )
( -237  56  166  )
( 79  -288  69  )
( -107  228  -258  )
( 7  -315  -179  )
( 217  179  293  )
( -85  -255  -23  )
( 85  -207  -202  )
( 116  -338  -170  )
( -150  -30  -129  )
( 42  -91  -124  )
( -198  -254  -279  )
( 160  -138  154  )
( -94  111  336  )
( 201  179  -176  )
( 344  -80  112  )
( -238  -99  96  )
( -78  -300  313  )
( -168  4  -333  )
( 111  -260  -184  )
( 4  61  349  )
( 157  22  346  )
( 105  -236  328  )
( 311  -254  -115  )
( 158  -115  261  )
( 147  14  232  )
( -339  -81  -147  )
( -0  -242  310  )
( 150  -315  -180  )
( 344  -66  244  )
( -318  -25  -224  )
( -310  315  17  )
( 348  -42  -93  )
( -40  -109  -216  )
( 118  -197  290  )
( -318  32  335  )
( -209  -300  200  )
( -37  -164  -179  )
( 43  -222  254  )
( -256  119  -57  )
( 227  -337  -315  )
( -197  96  -251  )
( -312  -64  207  )
( 133  -118  93  )
( 160  -285  252  )
( -99  -147  210  )
( -340  -271  209  )
( 258  -105  -342  )
( -173  143  -223  )
( 338  174  108  )
( 6  37  -90  )
( -83  -8  -168  )
( -106  206  -316  )
( 31  -109  169  )
( -182  232  -163  )
( -39  121  291  )
( -108  -78  -296  )
( -7  48  348  )
( -134  296  -72  )
( 282  -3  -347  )
( -131  86  9  )
( 276  250  221  )
( -97  -308  -34  )
( -318  214  -233  )
( -245  129  -146  )
( -235  -307  112  )
( -1  -234  -184  )
( 298  -194  203  )
( 96  125  270  )
( 346  236  227  )
( -341  -183  -96  )
( -65  85  -276  )
( 16  117  -212  )
( 117  324  316  )
( -260  -127  -332  )
( -204  187  157  )
( -273  -210  276  )
( -64  -7  -248  )
( -323  -343  -34  )
( 140  137  -74  )
( 84  25  328  )
( -248  -36  127  )
( -283  -139  63  )
( 90  51  258  )
( 232  -20  -55  )
( -2  76  -110  )
( 32  -122  -112  )
( 313  254  76  )
( 8  140  -252  )
( 179  250  190  )
( -149  347  257  )
( 127  210  -302  )
( -154  -224  -39  )
( 307  255  348  )
( -328  -112  -335  )
( -262  314  5  )
( -196  9  274  )
( -184  -40  -58  )
( -42  -240  -135  )
( 256  -117  -76  )
( 164  66  58  )
( -325  -61  50  )
( -61  243  -298  )
( 337  334  32  )
( -142  -328  90  )
( 236  252  166  )
( 120  -230  226  )
( -55  289  -161  )
( -208  -202  -309  )
( 341  109  -225  )
( -280  170  116  )
( -182  -225  -28  )
( 45  324  186  )
( 67  103  191  )
( 56  0  -83  )
( 70  254  297  )
( -322  18  176  )
( 211  -235  196  )
( -207  258  -143  )
( -282  -14  -12  )
( 344  -324  82  )
( 133  -170  -234  )
( 105  -235  60  )
( -13  103  175  )
( -191  -77  167  )
( -155  270  -106  )
( 28  -237  -133  )
( -220  -162  -167  )
( -96  -189  290  )
( 336  343  7  )
( 71  49  73  )
( -48  247  38  )
( 165  127  176  )
( 279  -336  -97  )
( 273  -266  21  )
( 11  78  -135  )
( 17  -189  -4  )
( -317  299  7  )
( -11  -340  322  )
( 108  -179  330  )
( 161  -338  -337  )
( -317  120  256  )
( -44  104  10  )
( -162  44  32  )
( 45  -216  -137  )
( 88  177  226  )
( -291  -229  240  )
( -212  5  98  )
( -243  -35  -224  )
( 56  1  12  )
( -224  -49  340  )
( 105  0  -200  )
( -11  -40  -227  )
( -122  -292  -242  )
( 123  -285  298  )
( 98  345  161  )
( 142  -88  38  )
( 260  133  -188  )
( -1  -24  -287  )
( -159  -218  -73  )
( -51  -70  -238  )
( -207  20  336  )
( -218  121  111  )
( 202  24  -55  )
( -290  -335  -249  )
( -263  -211  -158  )
( -173  252  -282  )
( 283  322  222  )
( 152  -324  -123  )
( 274  145  -305  )
( 124  -80  273  )
( -116  -333  -320  )
( -203  -113  331  )
( -191  -119  300  )
( -47  -161  14  )
( -267  348  -183  )
( 73  159  -332  )
( 118  -7  227  )
( -125  308  138  )
( 341  65  295  )
( 185  -272  -43  )
( 312  306  21  )
( -14  -160  -205  )
( 271  292  -7  )
( 102  -157  274  )
( -196  169  -261  )
( 308  -278  -297  )
( 203  136  -264  )
( -293  11  24  )
( -205  246  186  )
( -139  212  -254  )
( -320  4  -63  )
( -126  25  94  )
( 211  339  -214  )
( 189  -265  -41  )
( 249  36  72  )
( -165  67  347  )
( -47  314  325  )
( 294  -255  233  )
( -234  -186  247  )
( -108  66  -112  )
( -146  -197  78  )
( 252  -50  -270  )
( -346  -335  104  )
( 199  -11  -98  )
( -311  253  124  )
( -198  -241  -149  )
( 88  296  205  )
( 10  -25  -97  )
( -229  -340  -314  )
( -349  -119  -316  )
( -168  -297  65  )
( -86  178  -181  )
( 275  -176  40  )
( -145  -163  -42  )
( 28  -40  268  )
( 20  -162  -287  )
( 287  64  276  )
( -257  -35  -174  )
( -148  121  -104  )
( 206  -38  196  )
( -143  -287  -37  )
( -146  -145  6  )
( 212  -262  40  )
( -297  -255  -116  )
( -76  199  -117  )
( -189  -178  -336  )
( -342  204  156  )
( 138  -216  341  )
( -22  250  -340  )
( 9  -245  -72  )
( 117  -279  203  )
( 247  283  -102  )
( 293  -114  -218  )
( -263  -269  -246  )
( 313  -87  221  )
( 220  261  248  )
( -240  257  340  )
( 2  168  162  )
( 98  121  276  )
( 11  -89  26  )
( -209  -124  -314  )
( -38  246  20  )
( 331  57  209  )
( 66  151  -7  )
( -243  -56  -325  )
( -90  -185  57  )
( 98  -189  -204  )
( 55  -74  -148  )
( 160  268  -197  )
( 68  120  72  )
( 275  66  -6  )
( -94  -243  -307  )
( -236  9  -26  )
( -116  -29  235  )
( -239  -332  337  )
( -144  -161  273  )
( -216  332  -53  )
( 153  63  -56  )
( -320  319  284  )
( 202  120  36  )
( -12  149  257  )
( -152  57  170  )
( 338  -142  190  )
( 102  8  -271  )
( -165  168  -285  )
( 42  -161  320  )
( 96  -334  6  )
( -84  190  -60  )
( -105  -213  -147  )
( -27  42  -187  )
( -236  336  110  )
( 313  -5  213  )
( 257  -164  -198  )
( 264  -263  283  )
( 154  -113  132  )
( -46  114  -20  )
( -45  201  -137  )
( -109  182  76  )
( -99  -203  -251  )
( 307  -343  -133  )
( 166  246  135  )
( -333  233  -253  )
( 279  22  -296  )
( -319  165  242  )
( -31  -65  110  )
( -45  -217  211  )
( -12  27  343  )
( 135  -287  -92  )
( -162  -267  40  )
( -30  39  -234  )
( 37  -108  77  )
( -141  -89  -297  )
( -2  -152  -177  )
( -152  321  183  )
( 97  44  141  )
( 30  242  -55  )
( 86  -57  -207  )
( -185  -306  15  )
( -99  101  -114  )
( -189  194  49  )
( -93  -226  -330  )
( 117  -215  -279  )
( 324  320  -298  )
( -92  10  193  )
( -77  -162  -26  )
( 324  50  -10  )
( -123  -198  -275  )
( 35  -170  18  )
( -116  296  68  )
( 104  -242  11  )
( -305  -236  -187  )
( 314  -170  134  )
( 2  -305  -92  )
( -132  227  120  )
( 165  -28  234  )
( -284  -110  247  )
( 62  -131  -98  )
( -8  61  24  )
( 6  93  340  )
( 81  162  205  )
( 63  16  57  )
( -260  276  178  )
( 291  -62  -36  )
( -94  -44  223  )
( 331  -133  1  )
( -115  -122  -271  )
( 162  49  266  )
( -44  -100  -240  )
( -270  -230  -272  )
( 58  223  164  )
( 14  29  -173  )
( -283  -5  -9  )
( -149  -6  254  )
( -314  -97  195  )
( -133  136  -110  )
( 297  177  301  )
( 14  275  -234  )
( -170  -295  -294  )
( 263  23  -240  )
( 97  63  42  )
( 186  177  -25  )
( -25  -109  87  )
( 182  137  -208  )
( -166  -46  -192  )
( 333  -20  344  )
( 128  111  -348  )
( 27  278  -172  )
( 197  276  176  )
( 295  -260  -270  )
( -135  -279  -171  )
( -78  -301  -311  )
( -13  -21  -163  )
( -40  -105  -274  )
( -255  -338  4  )
( 311  -114  -201  )
( 141  163  3  )
( 30  -148  -195  )
( 327  -95  -83  )
( -211  -159  50  )
( 246  -342  -3  )
( 69  302  -260  )
( 122  201  -198  )
( -311  80  -65  )
( -53  119  168  )
( -87  -20  -189  )
( 102  -9  -258  )
( 189  310  -312  )
( 27  1  179  )
( 83  -314  -28  )
( -212  342  118  )
( -167  -71  -8  )
( -24  116  69  )
( 79  -155  -8  )
( -98  349  -126  )
( -209  -294  90  )
( 88  273  270  )
( 298  282  -87  )
( 56  83  -245  )
( -273  -300  18  )
( 223  128  -156  )
( 15  -218  27  )
( 163  -95  -51  )
( -140  -75  254  )
( 281  -330  -8  )
( -71  -204  5  )
( 76  -130  274  )
( 68  -180  -246  )
( 11  -309  206  )
( -276  -67  69  )
( -84  317  -195  )
( -338  322  268  )
( 59  167  111  )
( -159  145  -188  )
( 34  -214  348  )
( 16  -182  60  )
( 264  79  -268  )
( 130  -181  -210  )
( -243  12  19  )
( -189  -135  179  )
( 193  110  146  )
( 345  257  327  )
( -218  124  -275  )
( 331  285  129  )
( 212  -80  310  )
( -188  270  291  )
( 178  -168  316  )
( -281  -60  105  )
( -39  -268  137  )
( 3  278  258  )
( -141  88  -51  )
( -139  165  -51  )
( -3  292  188  )
( 25  -69  -238  )
( -323  -10  -330  )
( -222  -39  -236  )
( -190  37  -16  )
( 151  -290  146  )
( 221  -129  -37  )
( -96  -312  187  )
( -21  81  174  )
( 279  -247  191  )
( -187  -5  316  )
( 226  -281  -337  )
( 196  -70  -169  )
( 319  323  81  )
( -126  148  -158  )
( 13  127  -346  )
( 86  -5  -230  )
( -158  121  186  )
( -299  -120  -220  )
( -101  -290  265  )
( 1  -349  178  )
( -145  84  257  )
( 217  -63  258  )
( -71  -152  -102  )
( -308  172  252  )
( -262  128  -28  )
( -234  184  -331  )
( 240  -43  162  )
( -4  211  179  )
( 297  -48  78  )
( 123  -78  102  )
( 195  115  219  )
( 322  248  227  )
( -324  -57  112  )
( -101  250  -12  )
( -236  -333  171  )
( -72  174  30  )
( 322  -163  216  )
