( -6  25  275  )
( -194  204  -236  )
( -190  -159  63  )
( 241  207  269  )
( -127  42  -220  )
( 311  216  159  )
( 256  -94  -30  )
( 136  74  -55  )
( 148  94  263  )
( -199  73  -184  )
( 17  295  -230  )
( -97  -63  -29  )
( 164  205  -271  )
( -144  319  -171  )
( 194  135  -232  )
( 94  -321  52  )
( 263  -298  -36  )
( -112  261  -30  )
( 251  216  -43  )
( 339  -106  -100  )
( 116  221  42  )
( -224  -183  -70  )
( -202  160  216  )
( -23  -177  109  )
( 284  13  76  )
( -185  113  -122  )
( 108  -87  184  )
( -155  -35  314  )
( -4  27  -63  )
( 110  261  -66  )
( 290  -3  287  )
( -322  -162  343  )
( -103  -290  340  )
( 12  -263  -194  )
( 236  -306  -93  )
( -100  166  256  )
( 82  -119  51  )
( -167  170  -312  )
( 174  290  -168  )
( 244  190  169  )
( -233  319  175  )
( 194  249  -185  )
( -149  54  218  )
( 15  46  -195  )
( -222  65  205  )
( 90  -50  334  )
( -340  67  -183  )
( 198  173  -238  )
( -64  -218  -332  )
( -320  -230  57  )
( 174  340  94  )
( -56  200  204  )
( -138  230  156  )
( -148  -22  -270  )
( -11  -46  228  )
( -242  -197  306  )
( -231  -289  324  )
( 202  11  38  )
( 102  -330  -168  )
( -335  -347  -113  )
( 201  308  40  )
( -156  257  -194  )
( -54  -66  -269  )
( 235  -189  334  )
( 214  330  348  )
( -20  117  -122  )
( -214  -167  161  )
( 326  -18  68  )
( -76  100  -264  )
( -233  283  162  )
( 106  -21  -142  )
( -198  -128  -56  )
( -158  -231  168  )
( -310  193  156  )
( -132  -44  -162  )
( 340  -202  157  )
( 152  255  -165  )
( 225  195  -30  )
( 156  201  40  )
( -73  315  -35  )
( 256  267  -337  )
( -33  -116  -275  )
( -207  150  -200  )
( -33  76  -340  )
( -4  -115  -15  )
( 164  190  -116  )
( 226  138  134  )
( 193  -144  -307  )
( -249  147  136  )
( 123  106  -286  )
( -43  -155  149  )
( -131  50  -269  )
( -233  -327  77  )
( -293  298  50  )
( 18  -263  309  )
( -330  69  18  )
( 328  341  -344  )
( -342  -94  346  )
( 66  -333  44  )
( 18  -87  -54  )
( 313  126  245  )
( 124  79  -8  )
( -137  165  -280  )
( 292  -156  81  )
( -156  -312  -197  )
( 309  34  -159  )
( 177  -46  -138  )
( 153  283  -313  )
( -288  -204  -199  )
( 217  36  -19  )
( 263  101  279  )
( -274  322  220  )
( 188  -210  206  )
( 263  311  130  )
( 118  -90  -102  )
( -166  -42  11  )
( -20  93  -144  )
( 251  -338  320  )
( 43  -193  108  )
( -175  -56  -1  )
( -209  333  -322  )
( -231  179  -103  )
( 291  94  26  )
( -258  26  238  )
( -72  -83  23  )
( 3  -114  -5  )
( -189  -112  165  )
( -116  -233  162  )
( -323  -321  -246  )
( -8  333  289  )
( -119  202  153  )
( 30  -164  99  )
( -249  -153  -76  )
( -19  -122  -126  )
( 94  166  -200  )
( 93  -26  231  )
( 291  -124  -289  )
( 52  -82  183  )
( -216  7  -337  )
( -209  -69  -237  )
( -8  -61  -116  )
( -55  -270  266  )
( -133  -74  -240  )
( -152  -163  307  )
( -71  -63  -35  )
( -230  -33  -66  )
( 200  28  245  )
( 294  -4  324  )
( -304  333  -272  )
( -328  -48  -316  )
( -184  -130  -307  )
( -250  249  132  )
( 21  -12  227  )
( 152  -329  -82  )
( 154  -274  5  )
( 86  -58  -187  )
( -289  -280  -308  )
( 134  -182  -199  )
( 276  -250  -349  )
( 228  314  248  )
( 97  -222  66  )
( -163  43  112  )
( -249  -140  -284  )
( -52  309  -219  )
( 48  258  307  )
( 88  281  -323  )
( 276  -188  81  )
( 52  17  -231  )
( -116  329  66  )
( 254  14  48  )
( 152  -121  153  )
( 175  215  -280  )
( 280  -168  102  )
( 308  185  218  )
( 240  -173  308  )
( 290  -213  5  )
( -118  316  338  )
( -0  -327  -82  )
( -16  213  227  )
( 212  326  -260  )
( 32  147  75  )
( -148  243  59  )
( -154  -8  187  )
( 263  316  47  )
( -60  75  -158  )
( 185  -126  94  )
( -71  -69  42  )
( 59  -162  331  )
( -308  -118  195  )
( -132  -136  281  )
( 73  -94  3  )
( 15  255  -68  )
( -299  -188  -321  )
( 26  -224  -20  )
( -43  -95  24  )
( 202  -97  -25  )
( -80  92  -54  )
( -322  -78  -189  )
( -308  111  176  )
( 174  96  -177  )
( 129  102  239  )
( -349  286  -88  )
( 74  227  201  )
( 28  267  -238  )
( 277  -309  203  )
( 240  187  270  )
( 104  -200  -300  )
( 218  84  264  )
( -346  191  -146  )
( 203  -235  -68  )
( -100  298  -126  )
( -302  -84  231  )
( 283  280  -225  )
( 86  -16  60  )
( 278  67  12  )
( 143  113  -123  )
( 151  -290  310  )
( -303  65  82  )
( -300  -144  -72  )
( -333  -349  115  )
( -15  -46  208  )
( -190  220  -50  )
( 243  -209  -241  )
( -140  -314  -269  )
( 213  337  225  )
( 202  -61  12  )
( 70  -93  233  )
( -233  -105  77  )
( 197  263  294  )
( 207  27  171  )
( 300  12  89  )
( 210  175  295  )
( -90  -326  -51  )
( 139  338  108  )
( -279  -313  -81  )
( -257  321  258  )
( -172  247  117  )
( -327  106  144  )
( 156  317  202  )
( 131  115  55  )
( -313  -202  247  )
( -137  219  -267  )
( -340  191  168  )
( -219  289  188  )
( 96  -283  -55  )
( -8  -153  -311  )
( -93  70  -298  )
( 193  -306  -98  )
( 301  192  162  )
( 206  -114  150  )
( 187  297  269  )
( -103  -158  283  )
( -54  35  -302  )
( 1  270  -295  )
( 303  -76  -259  )
( -231  -166  120  )
( 197  39  -76  )
( 225  -300  68  )
( -33  -96  240  )
( 211  169  268  )
( -67  -212  -263  )
( 116  121  -348  )
( -106  171  -66  )
( 288  -11  300  )
( -94  -116  131  )
( -142  241  152  )
( -324  88  61  )
( -15  -73  245  )
( 232  -122  20  )
( -347  153  67  )
( 173  254  261  )
( -292  -72  90  )
( 306  -297  -138  )
( -308  -274  -184  )
( 178  -104  -241  )
( -38  -29  -148  )
( -241  203  342  )
( 346  -50  -165  )
( -315  -68  338  )
( 266  149  -271  )
( 16  -341  -147  )
( -14  -272  62  )
( -124  -210  332  )
( -47  267  -312  )
( 113  -155  196  )
( 218  -209  -188  )
( 109  -12  -110  )
( 343  263  -253  )
( 154  193  118  )
( -21  -264  -345  )
( 95  -249  -147  )
( -199  154  -91  )
( -253  -261  -288  )
( -225  173  63  )
( 339  -298  -166  )
( -161  -21  138  )
( -329  241  314  )
( -78  -304  250  )
( 175  270  237  )
( 199  85  123  )
( -189  170  233  )
( -122  113  -163  )
( 260  -348  84  )
( -17  -297  -236  )
( -319  -236  262  )
( 296  179  81  )
( 20  226  -281  )
( 21  323  -129  )
( 66  51  -186  )
( -343  -235  -117  )
( -251  -120  -41  )
( 240  -138  -305  )
( 146  89  78  )
( 309  -189  -328  )
( 110  302  342  )
( 167  -217  304  )
( 282  42  69  )
( -260  -159  89  )
( 230  179  21  )
( 282  -111  -263  )
( -96  43  132  )
( 314  -196  141  )
( 219  26  275  )
( 269  -9  234  )
( -0  -330  18  )
( 195  -52  -154  )
( -345  -274  4  )
( 87  347  -234  )
( -341  -190  -349  )
( -328  -173  265  )
( 45  -181  280  )
( -343  -264  -48  )
( 298  -326  300  )
( -77  39  -303  )
( 320  247  346  )
( -107  -345  -52  )
( -139  -236  -85  )
( 192  33  -9  )
( -329  92  61  )
( -273  137  330  )
( -267  98  -144  )
( 138  24  -184  )
( -117  -113  -36  )
( 46  51  -184  )
( 330  -118  301  )
( -176  246  -165  )
( -126  219  347  )
( 296  321  309  )
( 347  -85  159  )
( -182  -12  260  )
( 243  144  235  )
( 204  258  102  )
( 32  -280  -142  )
( -348  -331  303  )
( -172  170  -222  )
( 157  284  309  )
( -198  183  210  )
( -44  -310  104  )
( -150  277  -44  )
( -154  198  249  )
( -302  108  257  )
( -333  206  234  )
( -101  279  14  )
( 314  -237  135  )
( 330  -306  -339  )
( 136  -273  -112  )
( -348  296  98  )
( 227  18  259  )
( -212  -297  -155  )
( 318  -79  138  )
( -59  -6  134  )
( -238  -210  293  )
( 57  -290  301  )
( 200  272  -324  )
( 193  263  308  )
( -268  -3  306  )
( 104  -340  58  )
( -285  188  -88  )
( 24  -189  14  )
( 344  -302  -220  )
( 205  318  48  )
( -221  338  -266  )
( 219  -80  -331  )
( 326  143  -40  )
( -119  323  343  )
( 20  311  340  )
( 189  -214  -258  )
( -130  262  -79  )
( 205  79  -53  )
( 344  -87  239  )
( 159  64  287  )
( -346  -327  -224  )
( 177  -33  -83  )
( 125  -126  337  )
( 318  -87  -252  )
( 231  174  169  )
( 63  346  -331  )
( 43  -7  128  )
( -226  276  -327  )
( -198  262  222  )
( 337  4  84  )
( 155  121  146  )
( 212  -186  -288  )
( 3  318  137  )
( 201  -233  52  )
( 297  -169  -220  )
( -42  21  74  )
( 181  -137  -134  )
( -203  -90  -37  )
( 12  137  -218  )
( 209  13  227  )
( -188  -312  49  )
( -342  -19  -324  )
( 317  282  -211  )
( 54  -26  -66  )
( -335  203  -181  )
( -65  -83  165  )
( -327  -240  -220  )
( -224  111  -230  )
( -221  324  -231  )
( 181  -123  273  )
( 88  -166  -55  )
( 73  -263  126  )
( 305  -189  37  )
( 160  129  260  )
( -152  47  -111  )
( -115  219  -317  )
( -211  305  56  )
( -159  320  -291  )
( 287  -193  -93  )
( 127  -158  228  )
( -136  235  57  )
( -271  185  -84  )
( -83  -36  155  )
( 200  53  -322  )
( 217  20  335  )
( -123  125  -41  )
( -184  210  315  )
( 245  318  -251  )
( 41  -62  -37  )
( -13  -317  54  )
( 41  245  32  )
( 83  114  224  )
( -146  -242  309  )
( 201  76  189  )
( -244  -258  274  )
( -152  346  286  )
( 15  101  45  )
( 286  171  -205  )
( -332  -34  247  )
( -118  -42  -239  )
( 337  -341  -247  )
( -63  -64  -151  )
( -243  266  -160  )
( 38  -290  -219  )
( -296  225  -19  )
( 64  76  -92  )
( 204  168  120  )
( 152  223  244  )
( -12  -130  332  )
( -307  -120  90  )
( 106  129  137  )
( 170  278  290  )
( -71  65  -52  )
( 299  112  115  )
( 264  -348  76  )
( 82  198  -162  )
( 17  -148  -220  )
( -227  249  34  )
( 104  -283  -71  )
( -221  160  187  )
( 263  -31  -51  )
( -87  -111  -174  )
( -214  -242  273  )
( 161  -148  -298  )
( -212  -114  292  )
( 27  266  -111  )
( -86  309  170  )
( 91  -292  -148  )
( -247  -31  204  )
( -259  278  -240  )
( 217  167  -323  )
( -290  -301  150  )
( 179  9  -73  )
( -262  77  -273  )
( -58  87  -47  )
( -176  23  -78  )
( 161  225  80  )
( 120  87  275  )
( -225  -93  221  )
( 80  30  184  )
( 172  39  -0  )
( -208  -261  65  )
( 67  26  -238  )
( -309  -256  317  )
( 30  -16  -220  )
( 57  -169  -23  )
( -110  184  -8  )
( -16  -14  -135  )
( 113  -97  -298  )
( 324  27  -154  )
( -158  -20  -306  )
( 39  -1  -53  )
( -21  -96  -56  )
( 281  219  306  )
( -58  268  74  )
( 341  -106  225  )
( -197  181  145  )
( -209  -184  266  )
( 9  -219  108  )
( 49  59  316  )
( -128  -152  -123  )
( -29  -259  246  )
( 193  -43  144  )
( 142  319  249  )
( -221  211  -280  )
( -285  273  -173  )
( 142  -339  270  )
( -287  21  -204  )
( 2  10  293  )
( 178  26  274  )
( -61  -87  205  )
( -7  31  141  )
( -110  56  112  )
( -336  -326  -36  )
( 98  -66  116  )
( -134  -207  -42  )
( -11  278  170  )
( -236  25  44  )
( 78  50  296  )
( 43  124  164  )
( -334  -1  89  )
( 124  -347  -144  )
( -267  85  173  )
( -66  208  193  )
( -229  279  23  )
( -209  315  -296  )
( 253  -280  -1  )
( 156  42  94  )
( 204  118  142  )
( 69  42  168  )
( -251  112  -331  )
( 281  140  155  )
( 232  46  287  )
( 74  -152  201  )
( -225  -30  -184  )
( -295  -154  232  )
( 148  259  292  )
( 319  264  -105  )
( 145  -99  -51  )
( -102  -33  57  )
( 190  -265  68  )
( -313  273  264  )
( 296  239  113  )
( -220  201  -324  )
( 287  255  77  )
( 302  -108  165  )
( -346  -89  -193  )
( 132  41  -22  )
( 289  -117  192  )
( 27  126  159  )
( 18  -229  -311  )
( -81  93  -202  )
( -23  -320  315  )
( 64  141  -291  )
( 183  109  -289  )
( -347  311  226  )
( -23  -126  265  )
( -317  301  -269  )
( 183  211  177  )
( 190  82  -100  )
( -153  4  110  )
( -304  328  207  )
( -57  -188  -158  )
( 248  310  294  )
( 247  299  -155  )
( 76  -50  53  )
( 69  79  -117  )
( 326  -184  165  )
( -279  -93  38  )
( -173  -228  109  )
( -292  116  -324  )
( -86  104  179  )
( 182  261  206  )
( -345  205  311  )
( -329  220  -256  )
( -116  -214  173  )
( 293  130  334  )
( 65  283  -343  )
( 44  -21  13  )
( -58  231  -266  )
( 245  -65  -313  )
( -18  169  -343  )
( -25  -342  51  )
( -128  -172  345  )
( 273  228  -337  )
( -137  201  -225  )
( -243  -195  -345  )
( -249  -122  -203  )
( 252  -9  -349  )
( 156  -213  13  )
( -147  219  -10  )
( 228  70  193  )
( 320  82  -221  )
( 76  -22  -339  )
( 209  -164  169  )
( 226  -199  245  )
( -291  181  53  )
( 189  -206  90  )
( -296  174  -327  )
( 192  220  -312  )
( 282  -297  -44  )
( -163  4  274  )
( -25  -6  -69  )
( 61  120  94  )
( -31  304  -21  )
( -38  -123  314  )
( 183  -72  322  )
( -36  -216  2  )
( 268  13  -329  )
( -30  266  4  )
( -63  -24  80  )
( -260  22  93  )
( 26  14  250  )
( -100  297  -182  )
( 99  128  96  )
( -109  177  -92  )
( -241  109  -159  )
( 216  150  -236  )
( -267  -9  -289  )
( -275  -299  -157  )
( -220  -124  273  )
( 264  -258  99  )
( -194  192  -169  )
( 324  -246  160  )
( -237  75  -104  )
( 91  -345  175  )
( 0  272  80  )
( 5  275  -326  )
( -268  -105  -310  )
( -97  114  -337  )
( -7  270  213  )
( -126  -229  -123  )
( 224  -25  168  )
( -3  268  25  )
( 327  -219  45  )
( -200  -251  238  )
( -74  -77  -302  )
( 216  -273  -307  )
( 231  -235  94  )
( -226  -161  -98  )
( -169  69  -35  )
( -76  -32  -274  )
( -212  -267  57  )
( -105  192  160  )
( -232  -27  99  )
( -129  37  -332  )
( 80  -197  -106  )
( -110  107  -132  )
( 42  137  22  )
( -79  26  -218  )
( 85  207  -201  )
( -115  -235  126  )
( -339  207  251  )
( -79  49  295  )
( 171  251  -265  )
( 82  237  36  )
( -313  -37  36  )
( 87  344  -285  )
( 344  78  178  )
( -272  -250  194  )
( -149  -204  -244  )
( -146  -166  -188  )
( -236  -2  -143  )
( 296  134  77  )
( -294  -79  -243  )
( -338  -60  319  )
( -265  201  287  )
( -225  -297  -144  )
( -298  -63  259  )
( 335  24  -42  )
( 180  153  -170  )
( -337  73  -210  )
( 2  11  -264  )
( -94  148  -187  )
( -266  70  264  )
( 318  -250  -240  )
( -23  -153  -300  )
( 135  201  -264  )
( 123  160  -130  )
( -315  -21  -258  )
( 224  -53  315  )
( -42  -190  188  )
( 346  139  265  )
( -151  -131  24  )
( 253  -208  248  )
( -308  -9  130  )
( -273  -222  -194  )
( -257  327  -148  )
( -84  214  278  )
( -176  -222  -235  )
( -197  -36  132  )
( -263  108  238  )
( 346  -34  81  )
( -291  -346  281  )
( 142  -172  262  )
( 214  -199  300  )
( 50  345  -39  )
( 326  134  71  )
( 7  293  -186  )
( 273  -128  -315  )
( -139  204  -296  )
( 220  175  101  )
( 145  136  85  )
( 210  -281  -290  )
( -58  307  -301  )
( 267  265  8  )
( -75  -204  -327  )
( -344  0  310  )
( -136  54  318  )
( 105  62  159  )
( -18  169  335  )
( -165  78  17  )
( 33  341  -314  )
( -179  -251  -76  )
( -112  299  -342  )
( 295  -340  -100  )
( 182  -348  27  )
( 18  -82  41  )
( -181  72  -223  )
( 316  -298  121  )
( 234  75  141  )
( 43  305  -339  )
( 209  148  216  )
( -72  -125  -344  )
( 294  -105  -87  )
( 197  -215  -320  )
( -164  78  188  )
( -40  -47  158  )
( 207  -185  265  )
( -176  104  -15  )
( -211  203  -137  )
( -193  13  48  )
( -267  126  -223  )
( 55  102  -103  )
( 117  304  137  )
( -200  -243  -176  )
( -194  -143  271  )
( -270  -301  -85  )
( -261  -100  -334  )
( -316  -49  81  )
( -130  112  -145  )
( 176  151  328  )
( -200  57  -4  )
( -192  128  -29  )
( -88  0  312  )
( -282  -349  -344  )
( 339  238  -212  )
( 5  -74  -80  )
( -205  -143  131  )
( -247  -255  -118  )
( -114  -266  -7  )
( 244  -94  -332  )
( 330  -287  309  )
( 90  226  4  )
( -183  -326  -163  )
( 220  -94  -119  )
( 327  -211  26  )
( 200  -245  -305  )
( 198  31  -22  )
( -32  -85  -167  )
( -343  -256  -242  )
( 5  232  197  )
( -277  -324  -252  )
( 242  148  -14  )
( 190  232  194  )
( 279  182  159  )
( -338  -77  -188  )
( -156  45  -179  )
( 192  -33  75  )
( 132  -271  25  )
( 292  -241  29  )
( 327  -220  -200  )
( -204  141  -220  )
( 275  -56  273  )
( 72  -160  -258  )
( -116  242  319  )
( 79  -189  -109  )
( -18  -165  -272  )
( -83  -35  169  )
( -325  -69  123  )
( -159  208  206  )
( -276  -115  -46  )
( 132  273  -224  )
( 165  -36  32  )
( 243  -292  58  )
( -13  143  69  )
( -296  195  -279  )
( -217  67  -17  )
( -170  335  172  )
( -271  -118  -267  )
( -169  249  -340  )
( -326  -47  -259  )
( 224  -95  -174  )
( 112  83  -43  )
( -49  -106  185  )
( 168  221  -85  )
( 264  153  -54  )
( -100  -220  -290  )
( -262  -159  8  )
( 230  -163  -28  )
( 173  154  308  )
( 87  -270  62  )
( -159  -303  -150  )
( 188  63  321  )
( -9  -85  188  )
( -230  339  305  )
( 106  -298  -254  )
( -196  278  197  )
( 95  -343  -153  )
( -97  41  59  )
( 107  -240  109  )
( -177  -330  -164  )
( -148  157  64  )
( -308  -34  68  )
( 121  -344  -222  )
( 228  87  -139  )
( 100  -49  227  )
( -71  285  -346  )
( 55  272  -69  )
( 122  223  -239  )
( -190  -201  62  )
( -316  333  28  )
( -103  142  -74  )
( -347  -172  260  )
( 38  -28  229  )
( -107  -267  8  )
( -17  131  -102  )
( -145  36  -110  )
( -337  -180  137  )
( -94  -156  202  )
( 320  -177  -304  )
( 251  -103  127  )
( 113  -234  -152  )
( -300  296  71  )
( 164  -24  -53  )
( 209  -175  -145  )
( -263  -140  347  )
( 346  -100  -173  )
( 109  225  -110  )
( 35  15  305  )
( 79  -257  -328  )
( -299  -326  83  )
( 35  143  -305  )
( 314  -256  206  )
( 243  9  -165  )
( -185  -251  260  )
( -315  8  -14  )
( 70  345  132  )
( -253  -236  -300  )
( -88  6  -284  )
( -68  -84  -154  )
( -36  -267  269  )
( 5  -318  239  )
( -75  42  -215  )
( -29  168  116  )
( 238  117  -41  )
( 251  -4  -19  )
( 114  -320  237  )
( 168  218  79  )
( -266  167  -3  )
( -74  -135  -237  )
( 127  -323  73  )
( -67  150  304  )
( -267  -73  141  )
( 204  -169  -61  )
( -138  -114  287  )
( 236  232  -324  )
( -156  318  -0  )
( -52  -334  -214  )
( 100  318  137  )
( 338  -71  84  )
( -36  -86  -65  )
( -178  -130  125  )
( -328  -105  -225  )
( 53  -39  -78  )
( 97  76  223  )
( -61  -263  130  )
( 33  -320  -91  )
( -248  -175  -254  )
( -25  -108  -101  )
( -75  9  257  )
( 228  136  107  )
( 26  -210  -247  )
( -155  -124  69  )
( -140  -292  -132  )
( 248  -95  -183  )
( -234  -264  -153  )
( 291  266  -114  )
( -71  -160  43  )
( 154  -66  58  )
( -35  -184  257  )
( -280  214  -307  )
( -288  346  218  )
( 7  175  347  )
( -8  -33  -29  )
( 340  330  -202  )
( -238  43  -200  )
( -136  -246  77  )
( 239  -63  176  )
( 51  198  288  )
( -87  24  -17  )
( -274  32  346  )
( -148  -270  -303  )
( 261  -331  -97  )
( 138  -154  -302  )
( 291  253  200  )
( -296  -199  -226  )
( 339  -25  -166  )
( -50  94  186  )
( 59  106  -43  )
( 221  222  -33  )
( -51  337  288  )
( -266  -91  252  )
( 139  206  -111  )
( -103  -240  246  )
( 54  188  46  )
( 306  -77  78  )
( 156  233  170  )
( 229  -17  208  )
( -241  -191  -250  )
( 8  321  -244  )
( 201  180  127  )
( -106  110  -310  )
( -187  337  45  )
( -253  294  -213  )
( 146  -103  252  )
( 344  -8  -40  )
( -197  270  231  )
( 74  319  -234  )
( -23  -214  91  )
( 63  70  -295  )
( 314  -281  -200  )
( -44  -260  332  )
( -136  -258  -28  )
( 164  -66  -280  )
( 194  313  108  )
( 243  -227  -179  )
( -222  -101  118  )
( 231  -78  -3  )
( -69  -160  -1  )
( 189  135  -327  )
( 4  314  -273  )
( -40  39  -168  )
( -184  -162  325  )
( -308  112  10  )
( -201  -85  -102  )
( 89  -109  -174  )
( -17  341  -133  )
( 261  29  -283  )
( -337  -35  188  )
( -61  -336  -34  )
( 196  134  277  )
( 29  342  -130  )
( 8  -37  133  )
( -11  -157  204  )
( -284  194  3  )
( -150  277  19  )
( -141  -292  -188  )
( -12  -255  -145  )
( 97  136  310  )
( -278  317  184  )
( -129  -234  123  )
( -200  259  15  )
( 199  -49  -206  )
( -21  321  -213  )
( -102  -233  -337  )
( -224  222  337  )
( 280  -335  166  )
( -104  -177  301  )
( -101  -1  -31  )
( 40  -192  -49  )
( 271  -109  185  )
( -67  -275  -74  )
( 143  340  271  )
( -256  340  219  )
( -55  44  -58  )
( -258  40  -51  )
( -260  -219  273  )
( -43  103  97  )
( -313  271  260  )
( -27  -106  84  )
( 118  -153  -252  )
( -0  -269  -254  )
( -327  -84  153  )
( 316  -121  -143  )
( -106  -130  -305  )
( 201  328  36  )
( -18  -269  -43  )
( -328  -299  347  )
( 0  239  283  )
( -331  -29  32  )
( -252  71  -308  )
( 38  277  -145  )
( 204  16  -147  )
( 281  -146  -232  )
( -141  -14  286  )
( 254  -228  163  )
( -208  -201  113  )
( 251  -257  224  )
( -28  -217  6  )
( 163  -254  25  )
( 88  137  -215  )
( 141  183  -251  )
( -279  -75  -96  )
( -208  265  125  )
( -46  187  55  )
( -31  -202  -229  )
( 133  107  -238  )
( 201  -69  137  )
( -159  -227  -128  )
( 328  10  -294  )
( -292  53  114  )
( 92  -54  -19  )
( -221  288  191  )
( -130  45  -1  )
( -74  186  133  )
( -38  134  28  )
( -213  185  203  )
( -246  84  -198  )
( 348  -242  -219  )
( 73  275  214  )
( 72  37  -183  )
( 207  26  168  )
( -220  -97  -214  )
( -331  -291  294  )
( 220  -128  202  )
( -327  -168  30  )
( -71  279  -178  )
( 71  37  -313  )
( -43  111  245  )
( -7  79  -160  )
( 145  165  195  )
( 167  258  41  )
( 145  319  172  )
( -265  -82  55  )
( -117  269  -8  )
( -98  284  -54  )
( 164  -52  -202  )
( -43  -86  -197  )
( 269  321  -110  )
( 345  -73  -315  )
( 53  220  -283  )
( -94  207  206  )
( 0  47  -222  )
( -163  -84  126  )
( -211  277  294  )
( 149  -308  177  )
( 140  329  71  )
( -211  175  -285  )
( -21  -347  58  )
( 71  -265  102  )
( 199  -51  -131  )
( 256  123  134  )
( -7  125  -38  )
( 227  -59  114  )
( -116  176  -131  )
( 15  -211  -74  )
( -26  -53  -128  )
( -67  -291  145  )
( 248  -292  -121  )
( -250  -287  -178  )
( 182  -227  -2  )
( -322  269  330  )
( 66  221  15  )
( 337  280  98  )
( 19  -174  57  )
( 3  -187  -177  )
( 48  261  1  )
( 289  260  266  )
( 245  174  -62  )
( -303  320  -318  )
( 80  -207  -205  )
( -147  321  -16  )
( -256  333  135  )
( 136  74  147  )
( 131  -181  -10  )
( 25  32  -178  )
( 342  168  -25  )
( -258  -264  -246  )
( 276  42  -237  )
( 323  19  4  )
( -245  -293  136  )
( 308  -179  -274  )
( -276  -309  235  )
( 256  231  258  )
( -277  77  344  )
( -227  310  -131  )
( -217  18  339  )
( 73  -265  186  )
( -230  -250  -289  )
( 100  310  82  )
( 29  -243  -84  )
( 236  137  -27  )
( -231  174  6  )
( -200  45  -160  )
( -268  -195  -238  )
( -67  199  89  )
( -294  134  261  )
( 335  -233  -266  )
( 222  311  -8  )
( 316  -134  58  )
( 134  218  -207  )
( 80  -234  -198  )
( 68  -205  -113  )
( 256  246  -294  )
( -240  22  316  )
( 348  -334  331  )
( 206  -208  -102  )
( 89  316  258  )
( -68  -7  -236  )
( -316  -322  126  )
( 170  -89  -149  )
( -237  229  -38  )
( 65  -117  91  )
( -42  -329  -60  )
( -302  -184  100  )
( 278  -340  -258  )
( -216  348  -127  )
( 115  -1  -9  )
( -121  -327  -2  )
( -32  -198  14  )
( -7  306  135  )
( 238  143  -11  )
( 294  16  -31  )
( -39  -270  -148  )
( 192  -295  -8  )
( -209  342  -193  )
( 260  299  74  )
( 168  -328  -329  )
( 2  -302  227  )
( 24  242  146  )
( 111  -332  -129  )
( -46  71  182  )
( 21  -208  196  )
( -241  -58  -195  )
( 10  55  275  )
( 245  115  88  )
( -316  324  289  )
( -5  54  293  )
( -85  -60  79  )
( 43  318  72  )
( -207  -246  132  )
( 94  207  115  )
( -341  -150  -255  )
( -150  65  271  )
( -190  334  228  )
( -35  -72  -129  )
( -326  -134  60  )
( 199  335  -295  )
( -260  -42  -49  )
( 324  -221  146  )
( 142  302  -6  )
( -339  -37  169  )
( 260  -1  -223  )
( -46  -68  163  )
( 70  -91  -23  )
( -18  -345  138  )
( 39  -103  -224  )
( 227  -348  -158  )
( 42  -314  -230  )
( -34  242  -320  )
( -261  -23  -307  )
( -216  -269  86  )
( 148  152  72  )
( 57  0  15  )
( 67  24  339  )
( -289  102  -161  )
( 126  242  -144  )
( 85  -22  -75  )
( -343  244  -135  )
( 256  226  141  )
( -117  -180  -257  )
( -37  -305  174  )
( -181  3  -109  )
( -72  -253  -134  )
( 263  169  -115  )
( -219  243  298  )
( 111  -101  -82  )
( 173  214  323  )
( -272  -110  214  )
( 19  80  279  )
( 182  -221  166  )
( 163  -340  -48  )
( -159  -170  92  )
( -14  303  174  )
( -52  127  -150  )
( 72  -132  180  )
( 199  2  274  )
( -317  32  -182  )
( -329  7  -211  )
( -86  -256  -243  )
( 129  -138  335  )
( -278  182  -4  )
( 194  -61  -181  )
( -241  99  284  )
( -145  210  -330  )
( -145  -184  205  )
( 182  176  -248  )
( 187  109  -39  )
( -301  -41  -139  )
( 248  224  20  )
( -24  278  287  )
( -132  332  10  )
( 122  -96  315  )
( 70  -321  -13  )
( 49  341  -133  )
( -327  347  -11  )
( -155  339  -107  )
( 71  -288  226  )
( 165  -303  -150  )
( 153  163  36  )
( 227  238  -300  )
( -81  -7  -247  )
( 36  312  256  )
( 59  -242  176  )
( -110  -247  234  )
( 312  172  33  )
( -257  331  119  )
( 202  125  83  )
( 255  14  178  )
( -27  212  -327  )
( -346  243  338  )
( 137  -64  -134  )
( 127  -124  101  )
( 298  104  153  )
( 129  343  317  )
( -301  117  -3  )
( -178  -59  -150  )
( 161  86  -204  )
( 145  -103  32  )
( -156  -164  241  )
( -133  -22  235  )
( -289  203  239  )
( 292  -345  -30  )
( 263  281  253  )
( 243  -89  -71  )
( 63  -341  -82  )
( 205  -39  -320  )
( 144  -230  291  )
( 340  -217  -28  )
( -278  -296  -330  )
( 29  67  94  )
( -156  -207  -149  )
( 24  -52  269  )
( 98  187  -250  )
( 199  28  -335  )
( -123  -26  337  )
( -220  -33  190  )
( 333  226  -163  )
( -186  109  27  )
( -85  280  136  )
( 17  -7  155  )
( 8  67  -134  )
( -24  344  141  )
( 275  -139  -193  )
( 29  308  -76  )
( -179  -20  -226  )
( -42  -320  -87  )
( -15  34  224  )
( -286  67  216  )
( 38  150  19  )
( -29  201  287  )
( -322  66  307  )
( 201  10  -237  )
( 102  -213  -51  )
( -174  98  37  )
( 145  -113  104  )
( 311  -54  57  )
( -319  -100  270  )
( -196  281  254  )
( -144  -203  -112  )
( -341  46  -42  )
( 49  130  220  )
( 15  -185  -340  )
( 63  -158  -301  )
( 223  -341  -79  )
( 255  127  267  )
( -259  -270  -174  )
( -174  -119  341  )
( 54  -294  35  )
( 65  230  177  )
( 135  249  119  )
( 67  -343  -77  )
( -328  -163  -169  )
( -328  25  -252  )
( -244  -187  -185  )
( 11  321  183  )
( -126  103  298  )
( 325  208  -100  )
( 218  332  -45  )
( -147  -262  61  )
( -303  -116  205  )
( 25  281  19  )
( -95  349  77  )
( -3  22  44  )
( 48  10  75  )
( 195  189  -93  )
( -43  -77  275  )
( 98  1  256  )
( -66  -140  -196  )
( 120  17  -113  )
( 70  -67  340  )
( 126  306  134  )
( 242  -206  -95  )
( -287  -234  -11  )
( -127  191  209  )
( -128  250  -211  )
( 306  -293  -216  )
( 150  63  -279  )
( -56  -151  4  )
( -160  102  -71  )
( 285  179  -300  )
( -265  230  123  )
( 270  -117  -347  )
( 198  23  -97  )
( -87  -235  66  )
( -246  -247  51  )
( 7  193  86  )
( -224  256  -32  )
( -252  -322  -39  )
( 108  230  340  )
( 48  52  -62  )
( 6  213  -119  )
( 268  -310  337  )
( -52  -65  42  )
( 141  -330  211  )
( 18  334  -104  )
( -290  -95  -119  )
( 144  115  113  )
( -109  307  -189  )
( 281  125  -64  )
( 232  279  -312  )
( 203  -209  110  )
( -56  166  285  )
( -209  339  -104  )
( 282  -301  275  )
( 48  -150  -142  )
( 235  200  -42  )
( -137  -209  279  )
( 64  -209  49  )
( 228  -139  -323  )
( 7  259  45  )
( -223  -16  115  )
( -94  -99  230  )
( -275  303  -0  )
( 276  -289  18  )
( -139  -45  -215  )
( 112  -21  -134  )
( -284  142  -82  )
( -238  199  -124  )
( 71  -159  -338  )
( -196  -212  -52  )
( -171  20  -254  )
( 169  -118  -304  )
( -170  -290  240  )
( 203  227  20  )
( -94  125  -9  )
( 221  164  36  )
( -284  67  -216  )
( 208  -89  117  )
( -319  179  133  )
( 193  226  -93  )
( 43  -223  -339  )
( -153  -217  306  )
( -262  -23  21  )
( -279  -346  -2  )
( -336  321  256  )
( -116  -183  184  )
( -336  102  -256  )
( -119  -51  337  )
( -127  240  295  )
( -198  151  192  )
( 234  -86  -121  )
( -26  347  -275  )
( -46  -339  -198  )
( 63  19  -250  )
( 140  -273  -296  )
( 113  18  66  )
( -321  -110  87  )
( 166  292  -285  )
( -174  -54  -123  )
( -69  -173  8  )
( 144  296  135  )
( -119  -71  -88  )
( -82  -214  181  )
( 53  136  334  )
( -122  88  156  )
( 202  -265  -273  )
( -343  88  258  )
( -317  -225  164  )
( -166  256  -311  )
( 167  -108  261  )
( 43  298  -102  )
( -53  -178  -10  )
( -82  175  259  )
( 199  -314  321  )
( -185  101  -54  )
( -141  332  -36  )
( 152  -27  119  )
( -207  -92  -324  )
( -170  233  -299  )
( -36  316  321  )
( 12  137  -326  )
( 12  230  -304  )
( 243  150  -316  )
( -170  98  -44  )
( 301  -214  -29  )
( -266  -78  -38  )
( 333  52  293  )
( -302  258  -89  )
( 72  -5  -198  )
( 99  -161  31  )
( 237  -246  -215  )
( 210  -216  -215  )
( -130  -75  62  )
( -242  186  -259  )
( 238  -5  313  )
( 81  142  217  )
( 308  166  -221  )
( -164  194  -21  )
( 330  -101  172  )
( 155  234  -253  )
( -109  -238  -6  )
( -328  154  162  )
( -330  -257  226  )
( 25  -215  -349  )
( -130  172  240  )
( 249  114  253  )
( 26  255  -27  )
( 2  262  277  )
( 50  318  164  )
( -171  -315  52  )
( 203  316  -25  )
( 127  -249  187  )
( 348  -257  -29  )
( -124  297  340  )
( 102  -281  -142  )
( -15  -336  250  )
( -107  -121  90  )
( 256  -133  -218  )
( 115  346  158  )
( 122  266  268  )
( 115  -234  -205  )
( 291  188  9  )
( -226  298  -207  )
( 176  196  246  )
( -297  -38  277  )
( -13  -106  61  )
( -34  220  -140  )
( -89  -83  -346  )
( -37  -196  -185  )
( -32  -304  201  )
( 37  -141  120  )
( -212  47  -60  )
( -281  70  -120  )
( 348  277  96  )
( -12  312  174  )
( 229  241  -90  )
( 183  -146  -306  )
( 119  20  -165  )
( 229  -4  -57  )
( 0  -171  261  )
( -145  -238  309  )
( -249  204  282  )
( 9  -326  255  )
( 61  194  -89  )
( -97  315  -346  )
( -113  349  41  )
( 54  24  9  )
( -161  -341  -170  )
( 197  314  200  )
( -345  -250  -311  )
( 160  -183  257  )
( 80  326  183  )
( -5  -215  -43  )
( 256  -118  52  )
( 115  -192  346  )
( -230  -310  51  )
( -263  167  -201  )
( -268  255  -349  )
( 287  106  -337  )
( 126  316  -218  )
( 295  -204  -184  )
