( -282  103  231  )
( -19  -137  10  )
( 162  -122  72  )
( 184  239  252  )
( -106  -317  -236  )
( -129  109  94  )
( 59  -112  -241  )
( -148  297  201  )
( -286  -270  -236  )
( -134  -256  35  )
( 224  334  246  )
( 342  243  -188  )
( -81  -46  -88  )
( -317  160  119  )
( -9  -223  -1  )
( 330  256  -310  )
( -68  -246  -228  )
( 290  286  -103  )
( 36  280  -209  )
( -301  -57  -35  )
( -136  224  190  )
( -342  -234  -79  )
( -324  -235  23  )
( 30  -74  81  )
( 135  -159  -112  )
( -182  -172  138  )
( 43  256  -48  )
( 201  -306  -212  )
( 131  -107  337  )
( -312  -99  172  )
( -210  -64  -301  )
( 202  -193  -79  )
( 106  -182  267  )
( 339  296  -203  )
( -305  141  -324  )
( -262  184  -236  )
( -162  -306  220  )
( -308  174  7  )
( 97  130  232  )
( -191  -213  -151  )
( -137  -67  -231  )
( -250  165  -263  )
( -273  -89  68  )
( -328  98  128  )
( -103  -58  -223  )
( 101  9  103  )
( 290  65  142  )
( 165  -138  -68  )
( -6  198  -131  )
( 57  -128  -251  )
( 250  -226  -168  )
( -168  110  -203  )
( -166  -309  -289  )
( -308  41  -194  )
( -324  212  -192  )
( 252  -161  -234  )
( -128  3  -113  )
( 69  287  8  )
( -256  -338  -330  )
( -119  303  -209  )
( 225  210  -87  )
( -340  -46  151  )
( -72  73  -78  )
( -2  -92  298  )
( -121  -147  255  )
( -123  -119  206  )
( -256  46  27  )
( -280  40  100  )
( -153  -156  -276  )
( -26  75  -193  )
( 103  20  -282  )
( 102  50  179  )
( -322  -339  340  )
( 312  -135  202  )
( 312  -187  112  )
( 0  -45  -296  )
( 34  -233  103  )
( -274  63  106  )
( -307  103  -346  )
( -252  1  -328  )
( 316  -262  100  )
( 77  -313  331  )
( -104  245  287  )
( -337  -285  264  )
( 56  191  -336  )
( -296  -202  327  )
( 85  67  -120  )
( 206  -93  -158  )
( -317  -201  -4  )
( 125  241  15  )
( 50  283  344  )
( -66  -348  257  )
( -135  -243  334  )
( 347  -337  -141  )
( 278  -273  -171  )
( -78  -49  -194  )
( -242  -262  153  )
( 63  210  -241  )
( 20  -287  -63  )
( -250  137  74  )
( 39  -50  -13  )
( 75  -28  192  )
( 299  167  -42  )
( -297  -345  -154  )
( -251  308  249  )
( -87  128  -131  )
( -343  -110  -162  )
( -152  161  -8  )
( 297  72  13  )
( -58  212  -202  )
( 101  219  -153  )
( -169  328  57  )
( -45  309  -38  )
( -313  344  93  )
( -92  -273  -283  )
( -65  -70  296  )
( 71  -250  -133  )
( 24  -12  232  )
( -175  -184  77  )
( 205  -330  263  )
( 294  246  -280  )
( 264  199  -170  )
( 289  -290  228  )
( -71  -195  92  )
( -67  -328  230  )
( -174  48  16  )
( -113  -18  -43  )
( 50  -124  -201  )
( -229  310  -201  )
( 41  202  -129  )
( -4  41  -52  )
( 22  100  -140  )
( 185  -345  216  )
( -40  -3  345  )
( 241  -11  -27  )
( 14  -52  137  )
( 319  311  341  )
( -263  -306  -20  )
( 155  -163  182  )
( -45  -174  -219  )
( 95  -147  104  )
( 159  -178  -59  )
( 220  -231  -324  )
( 171  -182  -56  )
( 173  100  75  )
( -272  -68  326  )
( -95  31  -40  )
( 166  -79  338  )
( 295  181  -239  )
( -80  10  160  )
( -122  -347  -278  )
( -149  344  -306  )
( 240  319  -213  )
( 19  -229  321  )
( 166  250  -315  )
( 193  -198  -309  )
( -342  -332  51  )
( -150  -320  142  )
( 116  -177  100  )
( -93  -344  -62  )
( 91  28  -165  )
( -27  12  229  )
( -138  35  198  )
( -239  -310  -224  )
( 135  -89  113  )
( 73  -166  -281  )
( -182  70  217  )
( 66  -316  308  )
( -46  -295  176  )
( -321  128  133  )
( 288  -164  322  )
( -260  -211  -226  )
( -168  -171  -293  )
( 273  -166  177  )
( 110  -242  -333  )
( -137  84  232  )
( 260  -343  233  )
( 100  -279  -222  )
( 347  -187  73  )
( 158  -54  -71  )
( -301  -219  -255  )
( -216  -320  -134  )
( -206  -15  221  )
( -228  -25  -269  )
( 295  -163  184  )
( -293  -292  -125  )
( 40  -133  -238  )
( 180  -100  -304  )
( -103  -129  -307  )
( -232  -136  143  )
( 221  -145  -347  )
( 23  173  122  )
( 36  -318  -247  )
( -235  -16  318  )
( -171  -343  310  )
( 10  -212  129  )
( -119  -295  176  )
( 71  -110  172  )
( 21  -342  158  )
( -334  -45  -237  )
( -78  -29  -152  )
( 183  90  41  )
( 83  14  -319  )
( 251  -14  -313  )
( 182  29  161  )
( 108  -334  82  )
( 94  -83  183  )
( 111  -202  -134  )
( -94  -324  19  )
( -248  -322  209  )
( -162  -136  102  )
( -322  -143  -64  )
( 198  -160  312  )
( -17  -340  -225  )
( -85  72  306  )
( -155  -149  344  )
( 20  189  70  )
( 84  342  53  )
( 105  -276  19  )
( 167  36  216  )
( 109  -161  11  )
( 290  145  307  )
( -172  175  -123  )
( 188  43  -306  )
( -61  -79  250  )
( 211  -191  194  )
( 173  18  228  )
( -293  275  245  )
( 186  -235  121  )
( 313  64  96  )
( 174  58  162  )
( -149  14  60  )
( 246  223  -69  )
( 159  289  196  )
( 312  37  139  )
( 37  55  -84  )
( -119  -140  -145  )
( -242  146  -277  )
( -162  -297  -274  )
( 88  283  -209  )
( 149  -54  -80  )
( 315  -6  95  )
( 103  -120  -307  )
( -216  51  52  )
( -73  -213  74  )
( -348  114  307  )
( -138  -240  281  )
( 333  -307  -313  )
( -277  324  348  )
( -187  -182  254  )
( -262  186  -108  )
( -198  80  191  )
( -175  -268  312  )
( -139  -207  288  )
( -194  -311  188  )
( 162  -164  -279  )
( 79  -313  299  )
( 194  -170  6  )
( -214  155  -59  )
( 153  320  179  )
( -18  176  98  )
( -239  -286  -193  )
( 58  -283  -141  )
( 166  120  275  )
( 94  137  333  )
( -242  -159  -175  )
( 63  -30  -131  )
( 319  -206  -190  )
( -190  -205  106  )
( 105  233  135  )
( -61  -78  316  )
( -285  325  -13  )
( 147  -316  270  )
( -151  -147  305  )
( 57  95  316  )
( 126  229  241  )
( 99  -76  -281  )
( -341  98  -109  )
( 310  191  -240  )
( -264  204  321  )
( -166  -299  -24  )
( 60  -331  -179  )
( 115  -25  -318  )
( -1  154  238  )
( 296  250  102  )
( -1  99  101  )
( -84  -61  92  )
( 43  154  -238  )
( 3  -38  -235  )
( 300  -254  -10  )
( -9  190  -337  )
( 57  -11  225  )
( -112  138  -3  )
( 138  9  155  )
( -268  -136  165  )
( -205  213  -220  )
( -320  -301  -299  )
( 244  -180  -211  )
( -128  -268  12  )
( 106  273  213  )
( -210  -147  42  )
( 272  -251  -1  )
( -160  -98  -6  )
( 213  13  77  )
( -90  256  -225  )
( -43  246  -83  )
( 153  -131  239  )
( -224  -307  -0  )
( -171  52  -95  )
( 320  302  48  )
( 65  211  -178  )
( -220  305  -84  )
( -11  -310  -200  )
( -135  -16  -26  )
( -38  -316  304  )
( 228  -114  227  )
( -37  168  -17  )
( -59  252  -133  )
( 27  251  -281  )
( 155  -160  -286  )
( 151  -205  -109  )
( 149  -133  191  )
( 150  143  -312  )
( -254  -280  199  )
( -71  -166  -147  )
( -221  305  -198  )
( -291  -225  -244  )
( 96  188  215  )
( -41  206  105  )
( -250  -190  -202  )
( 231  149  -288  )
( -75  190  -187  )
( -175  125  -215  )
( -203  -105  209  )
( 324  319  -173  )
( -275  -348  150  )
( 122  -125  74  )
( -30  143  -49  )
( -328  264  -295  )
( 170  122  225  )
( 63  115  11  )
( 208  -164  175  )
( 153  -38  -16  )
( 184  -124  230  )
( -54  -97  -104  )
( 274  -210  -291  )
( 137  -99  -4  )
( -338  337  -331  )
( -296  260  21  )
( -278  -80  231  )
( -17  -161  181  )
( 224  -14  204  )
( -287  266  163  )
( -31  -79  -285  )
( 327  307  -180  )
( 129  217  235  )
( -60  344  9  )
( 153  -0  -205  )
( 140  -321  -44  )
( 62  197  71  )
( 348  -311  -243  )
( 150  7  -300  )
( 26  -226  103  )
( -264  172  -174  )
( 325  -133  -203  )
( 187  314  -247  )
( 9  -290  -88  )
( -308  -111  -114  )
( 168  36  10  )
( 234  -82  -227  )
( -255  -161  -240  )
( 229  269  -198  )
( 288  -151  -275  )
( 36  -317  -76  )
( 313  -250  188  )
( -45  -146  3  )
( -128  173  81  )
( 95  -3  125  )
( 198  -100  49  )
( -324  -68  251  )
( -96  -242  -90  )
( -38  268  -104  )
( -88  184  134  )
( 284  49  246  )
( -335  7  -15  )
( -38  -149  -221  )
( -285  -159  -195  )
( 162  -125  -254  )
( 313  -41  118  )
( 49  -61  -105  )
( -276  185  199  )
( 111  -276  -128  )
( 287  -88  114  )
( -53  203  -123  )
( 192  278  -77  )
( 325  17  -188  )
( -143  174  -118  )
( -210  -51  25  )
( 264  -319  180  )
( -100  46  102  )
( -96  331  -161  )
( 36  -269  -84  )
( 280  -324  -176  )
( -224  -51  203  )
( 232  349  308  )
( 259  291  -83  )
( 284  164  181  )
( 16  254  21  )
( -245  310  250  )
( 31  -206  34  )
( 41  -36  -42  )
( 172  -121  230  )
( 172  189  -262  )
( 162  237  -238  )
( -98  -238  224  )
( 96  -301  237  )
( -271  332  -302  )
( -144  300  -336  )
( -53  -98  307  )
( -239  -87  209  )
( -26  -121  -86  )
( -238  32  109  )
( -302  -225  52  )
( -236  -241  109  )
( 254  335  347  )
( 214  -25  -169  )
( 178  -326  38  )
( 173  264  174  )
( 212  -60  -43  )
( 68  338  -17  )
( 105  228  273  )
( -225  -344  177  )
( 99  148  -141  )
( 338  134  212  )
( -307  82  133  )
( 94  185  88  )
( 72  -261  45  )
( 264  4  336  )
( 255  -64  -35  )
( 181  114  -275  )
( -15  -40  186  )
( -252  -8  -196  )
( -229  -289  -66  )
( 17  221  110  )
( -321  -88  71  )
( -161  -140  75  )
( -3  -221  82  )
( 303  171  -97  )
( -63  -0  30  )
( 109  -33  20  )
( 315  304  159  )
( 215  -25  -307  )
( -168  277  -171  )
( -228  -121  -292  )
( -310  230  -154  )
( -260  -341  -41  )
( -331  2  -17  )
( -207  116  -100  )
( 285  88  -308  )
( -94  330  347  )
( -104  161  179  )
( -52  -128  4  )
( -133  256  204  )
( -233  139  250  )
( 46  332  124  )
( -336  45  104  )
( -55  109  269  )
( 342  -135  187  )
( -39  -337  -11  )
( 133  -92  -17  )
( -142  -234  96  )
( -45  -56  177  )
( -279  -66  -199  )
( 6  -86  16  )
( -287  -70  19  )
( -53  -184  -304  )
( -30  -194  35  )
( -27  -132  -104  )
( -78  -189  -260  )
( -225  10  83  )
( 13  163  -37  )
( -25  -119  -191  )
( -93  144  -308  )
( 171  29  128  )
( -288  -39  279  )
( -153  274  -50  )
( 284  21  222  )
( -297  -23  233  )
( 20  -62  -115  )
( 241  -19  136  )
( 320  254  82  )
( -239  245  -194  )
( -0  -47  -74  )
( -238  58  264  )
( -284  -154  -172  )
( 339  -136  94  )
( -275  -189  -164  )
( -43  -15  -173  )
( -97  -183  -5  )
( 134  217  303  )
( 139  -234  84  )
( 309  -124  -293  )
( -124  327  74  )
( 109  -86  -270  )
( 102  331  -318  )
( 277  -295  218  )
( 196  -168  92  )
( 46  -307  99  )
( -64  214  -81  )
( -198  225  -140  )
( -333  -102  -117  )
( 95  29  336  )
( -181  210  -58  )
( 243  -211  -157  )
( 90  -228  -156  )
( -177  -132  -295  )
( 181  327  -290  )
( -321  101  273  )
( -235  -138  -342  )
( 251  104  -307  )
( 32  62  114  )
( 203  150  200  )
( 326  293  337  )
( -16  -54  3  )
( -106  -289  194  )
( 171  -282  -277  )
( -57  -6  -45  )
( 79  74  -157  )
( 300  135  94  )
( -210  344  59  )
( -249  278  96  )
( 223  -244  -36  )
( 154  4  1  )
( -237  -302  158  )
( -175  323  -193  )
( 59  -208  163  )
( -211  -227  77  )
( 275  -124  46  )
( 250  -184  -75  )
( 28  -333  -11  )
( -22  61  318  )
( 11  -47  135  )
( 74  -231  229  )
( -125  -287  -107  )
( -317  292  137  )
( 330  103  117  )
( -320  151  232  )
( -3  274  181  )
( -309  -63  198  )
( -180  202  324  )
( -189  -291  296  )
( 314  156  130  )
( 238  -34  -337  )
( -249  -328  -202  )
( 344  174  83  )
( 84  136  306  )
( -270  339  -16  )
( -256  -338  191  )
( 317  275  0  )
( 208  344  69  )
( -63  189  -318  )
( -151  133  -145  )
( -219  25  -197  )
( -198  344  266  )
( -101  -46  -188  )
( 63  88  66  )
( 206  256  106  )
( 88  56  -167  )
( -288  -17  -15  )
( -205  21  116  )
( -139  -212  90  )
( -295  -267  233  )
( -250  71  -306  )
( 339  60  -254  )
( 89  263  284  )
( -236  -240  272  )
( 311  284  -32  )
( 4  -123  -70  )
( -108  -189  -204  )
( 249  2  -315  )
( -348  339  -81  )
( 266  185  38  )
( 18  -146  -282  )
( -317  216  -42  )
( 269  -336  -34  )
( 111  147  -182  )
( -52  243  -78  )
( -5  78  304  )
( -206  102  -303  )
( -320  -208  176  )
( -164  254  -13  )
( 219  -347  -261  )
( 76  124  -23  )
( 235  150  -328  )
( -60  -335  170  )
( -100  158  -189  )
( 332  330  240  )
( 5  -24  180  )
( -136  -67  -335  )
( -159  -282  -39  )
( -168  -339  265  )
( 231  225  -326  )
( 112  -283  349  )
( -120  -103  -264  )
( -5  88  -165  )
( 223  80  -136  )
( -262  -345  138  )
( -14  -262  -244  )
( -124  -340  300  )
( 308  -120  229  )
( 26  143  272  )
( 93  -284  -31  )
( 175  268  -324  )
( -74  -55  -296  )
( 330  -160  -307  )
( 304  26  -81  )
( -179  -97  181  )
( -106  -19  235  )
( 16  -140  -264  )
( 300  -299  -253  )
( 78  211  -47  )
( 176  -172  139  )
( -289  -346  153  )
( 231  -19  -151  )
( 215  -106  -47  )
( -89  -302  155  )
( 281  -227  250  )
( 305  68  154  )
( 169  -40  139  )
( -26  -314  -284  )
( 162  332  -223  )
( 85  -132  260  )
( 85  -243  42  )
( 273  137  18  )
( 209  -339  -316  )
( 162  75  224  )
( 162  26  -89  )
( -121  -8  138  )
( -53  -252  240  )
( -143  -145  -212  )
( 64  -168  -27  )
( 44  -142  101  )
( -334  -252  237  )
( -344  191  -8  )
( -287  12  167  )
( -31  -66  -71  )
( 151  290  -126  )
( 162  165  -41  )
( -28  218  182  )
( -143  -97  289  )
( 328  -340  80  )
( -226  204  -59  )
( -155  -346  14  )
( -18  -198  211  )
( -146  -66  323  )
( -198  59  -258  )
( -84  -166  126  )
( 27  136  -46  )
( 188  -218  62  )
( 333  155  234  )
( 76  144  -197  )
( -99  -167  -301  )
( -267  59  54  )
( 99  319  -216  )
( -275  -320  -98  )
( -32  295  279  )
( -225  -0  -181  )
( -252  186  274  )
( -44  4  2  )
( -214  -296  -252  )
( -162  -288  -345  )
( 307  -52  223  )
( -342  -111  -214  )
( -13  -244  -190  )
( 120  177  45  )
( -137  11  170  )
( 183  -302  -75  )
( -142  -221  -48  )
( -31  219  241  )
( -263  -83  185  )
( 146  -207  -105  )
( 155  -93  -49  )
( 282  66  -219  )
( -298  335  217  )
( -161  235  182  )
( 342  -66  -53  )
( -103  -85  -165  )
( -230  318  175  )
( 299  -288  -235  )
( -305  200  -340  )
( -254  73  -280  )
( -268  153  -229  )
( -196  -297  135  )
( -213  87  -241  )
( 139  -240  237  )
( 328  17  -162  )
( 62  292  -80  )
( -267  160  178  )
( -329  147  66  )
( -146  103  -316  )
( 258  -229  18  )
( -109  24  -295  )
( 322  -16  -148  )
( -169  -28  -260  )
( 342  187  247  )
( -77  110  130  )
( 240  120  -11  )
( 246  -165  -302  )
( 138  -176  40  )
( -41  224  -286  )
( 271  -52  -116  )
( 147  -342  -197  )
( -237  -125  -56  )
( -259  336  69  )
( -284  -345  -167  )
( 56  -336  274  )
( -268  -82  -178  )
( 195  58  -323  )
( 140  101  209  )
( 121  -341  56  )
( -295  122  -144  )
( -140  -300  180  )
( 8  -173  236  )
( -297  202  -47  )
( 165  -29  207  )
( 156  -23  -344  )
( -229  334  307  )
( -278  -239  -293  )
( 307  -84  257  )
( 157  326  22  )
( 293  348  -217  )
( -289  -157  234  )
( 7  -294  -16  )
( -269  346  238  )
( -114  -340  169  )
( -3  -102  292  )
( 81  199  126  )
( -6  148  0  )
( -92  -128  164  )
( -97  -144  283  )
( -61  280  -303  )
( 129  127  106  )
( 51  -255  -76  )
( 138  50  -271  )
( 264  205  309  )
( -268  -25  123  )
( -241  -205  -310  )
( -23  -182  -129  )
( -14  -224  -58  )
( 202  -200  -267  )
( 116  150  174  )
( 16  -294  -155  )
( -206  209  -29  )
( -254  -278  124  )
( -126  -320  287  )
( 271  19  -7  )
( 33  285  -1  )
( 198  16  256  )
( 327  312  132  )
( -261  50  2  )
( -134  92  311  )
( 270  132  314  )
( -237  301  143  )
( 60  271  77  )
( -322  169  -122  )
( -199  137  21  )
( -321  -49  240  )
( -226  284  -197  )
( -106  -230  184  )
( 116  -300  -236  )
( 329  -335  -160  )
( 53  348  -31  )
( 230  229  -177  )
( -234  -85  -227  )
( 154  229  -308  )
( 184  -278  327  )
( 218  322  -92  )
( 288  -45  342  )
( 206  -95  321  )
( -1  202  -104  )
( -77  67  106  )
( -49  199  263  )
( -163  244  241  )
( -60  291  -41  )
( 340  -188  34  )
( -309  -165  282  )
( 157  -256  -330  )
( 8  101  -146  )
( 334  -118  -12  )
( 192  -253  209  )
( -318  122  -27  )
( 245  -202  -82  )
( 30  -111  347  )
( 239  117  -80  )
( -104  -204  181  )
( 277  -60  -207  )
( 261  251  -269  )
( -349  -93  118  )
( 149  -179  -172  )
( -273  -220  167  )
( -335  272  -7  )
( 100  310  -12  )
( 26  112  -275  )
( -15  -316  -129  )
( 296  301  -287  )
( 169  -26  -342  )
( 345  -104  128  )
( 130  202  253  )
( -15  -60  316  )
( -48  94  -264  )
( -280  148  263  )
( 335  -149  -61  )
( -200  -180  -243  )
( 6  261  155  )
( 325  343  -282  )
( 230  112  279  )
( -23  -130  20  )
( 254  -327  -248  )
( 80  63  -113  )
( -102  302  -68  )
( -32  126  -172  )
( -343  44  -258  )
( -120  -21  -62  )
( -266  335  167  )
( -309  201  333  )
( -303  89  47  )
( 35  -97  -240  )
( -189  89  -168  )
( -311  239  -93  )
( 333  -241  -85  )
( -114  -297  -330  )
( -14  -286  -123  )
( 326  262  10  )
( -1  -266  232  )
( 109  217  93  )
( -274  -126  159  )
( 277  265  -144  )
( 348  273  151  )
( 159  313  -213  )
( 87  328  88  )
( 279  -192  -289  )
( 157  -298  84  )
( 216  -94  117  )
( -63  306  189  )
( 60  149  17  )
( -73  251  309  )
( -156  57  -0  )
( -177  15  86  )
( -138  -180  -166  )
( 221  309  -231  )
( 149  -181  -323  )
( 192  154  -334  )
( 91  315  -58  )
( -175  -170  259  )
( -20  -283  202  )
( -246  -333  -298  )
( 221  303  190  )
( -284  191  -113  )
( 230  -203  -276  )
( -50  -11  -102  )
( 225  -328  -189  )
( -38  212  253  )
( -123  -183  240  )
( 218  190  59  )
( -313  275  -334  )
( -319  237  -122  )
( -3  61  -306  )
( 189  244  285  )
( -288  -166  112  )
( -93  128  77  )
( -304  -301  -121  )
( 226  -308  1  )
( 283  -243  216  )
( -152  -114  200  )
( 202  -224  -230  )
( -172  341  -242  )
( -219  -239  -270  )
( -173  259  -91  )
( 250  241  103  )
( 105  -63  -169  )
( -200  35  -306  )
( 281  99  -90  )
( 301  -275  237  )
( -1  129  -63  )
( -72  237  74  )
( 347  341  -0  )
( 202  -176  85  )
( 222  -238  -249  )
( -194  118  -218  )
( -126  36  -83  )
( 339  -34  -112  )
( 62  -9  -180  )
( -314  -248  -40  )
( 50  249  85  )
( -48  164  66  )
( 296  -149  -133  )
( -4  -286  105  )
( -311  38  233  )
( -305  213  11  )
( 324  213  252  )
( -100  -199  241  )
( 344  -50  169  )
( -219  316  -98  )
( -9  -14  -228  )
( -221  -307  271  )
( 190  283  257  )
( -16  329  -52  )
( -97  -199  268  )
( -11  -122  36  )
( -212  300  324  )
( -192  -78  -245  )
( -140  -193  86  )
( 104  240  -319  )
( 338  310  -74  )
( 157  40  -257  )
( 13  71  -82  )
( 58  -2  -184  )
( -171  133  167  )
( 39  181  101  )
( 95  -117  -68  )
( 13  -40  -17  )
( 319  130  208  )
( -286  27  -307  )
( -297  -202  36  )
( 287  -70  239  )
( -73  152  287  )
( -205  220  -345  )
( 148  -52  81  )
( -105  -145  -327  )
( -306  -16  242  )
( -69  293  123  )
( -91  313  -103  )
( 1  121  -105  )
( 151  68  52  )
( 106  15  -348  )
( -66  -163  174  )
( -12  -154  80  )
( 283  -11  19  )
( -317  213  298  )
( -88  275  43  )
( 255  232  8  )
( -63  -138  23  )
( -104  191  119  )
( 120  -327  -306  )
( -53  -1  -89  )
( 269  -0  -108  )
( -260  -135  -41  )
( -316  -78  93  )
( -273  119  -24  )
( -105  2  73  )
( -102  -190  -305  )
( -0  137  -288  )
( -164  145  211  )
( 319  80  238  )
( -287  -100  -124  )
( -65  -42  -105  )
( -230  269  -50  )
( 40  -98  -343  )
( 42  -299  -32  )
( -148  117  -249  )
( 234  -91  -245  )
( 321  -206  -162  )
( -8  177  294  )
( 77  -101  -178  )
( 238  322  -58  )
( 263  -185  -92  )
( 240  152  263  )
( -53  337  -188  )
( 163  -283  -293  )
( -92  -30  270  )
( 173  179  54  )
( -109  -343  347  )
( 151  105  -21  )
( 249  342  241  )
( -229  116  280  )
( -41  -105  -70  )
( -238  196  101  )
( 206  -331  -203  )
( 82  -119  323  )
( -242  -157  -205  )
( 162  86  223  )
( 184  307  239  )
( 248  -281  190  )
( 160  94  -202  )
( -134  -50  -207  )
( -326  150  166  )
( -70  110  222  )
( -156  251  -287  )
( 312  -102  -202  )
( -94  222  -12  )
( -334  301  -88  )
( 86  -34  -160  )
( 35  -93  332  )
( 304  -260  -324  )
( 26  -117  -33  )
( -299  171  147  )
( -152  -149  286  )
( 215  106  -117  )
( -38  -242  -246  )
( -331  -284  313  )
( 302  -330  -181  )
( 54  -318  -108  )
( 308  87  68  )
( 65  -339  173  )
( 303  219  333  )
( -312  23  -111  )
( -260  -240  182  )
( -57  -112  -35  )
( -20  -139  88  )
( -73  167  26  )
( -148  -96  -58  )
( -241  94  -148  )
( 340  228  -306  )
( 229  250  152  )
( -3  -225  95  )
( 136  -87  -207  )
( 225  -321  -218  )
( 72  244  108  )
( 206  2  -254  )
( -309  -243  197  )
( 295  186  -230  )
( -262  -124  -196  )
( -62  334  254  )
( -64  -56  -189  )
( -261  264  52  )
( -180  -288  142  )
( 265  278  -74  )
( -136  -262  71  )
( 301  -282  -29  )
( -346  -40  340  )
( 222  -42  117  )
( -331  38  -205  )
( 275  152  69  )
( 337  210  -111  )
( -68  -167  -30  )
( -269  -212  150  )
( 167  29  -180  )
( 343  -311  -256  )
( 18  -337  193  )
( -23  -159  -2  )
( -190  56  -265  )
( -78  -301  275  )
( -46  -79  182  )
( 152  5  -31  )
( 68  -172  -332  )
( 249  163  145  )
( -291  -328  1  )
( -139  -74  97  )
( 66  -40  207  )
( 224  113  -191  )
( 203  270  -1  )
( 319  102  -22  )
( 276  -189  -311  )
( -232  -243  337  )
( 279  -92  200  )
( 110  8  248  )
( 206  328  -259  )
( 36  53  69  )
( -173  -329  -14  )
( 330  316  24  )
( -1  171  304  )
( 36  31  -329  )
( 282  222  -144  )
( 340  -255  -142  )
( -349  -247  -232  )
( 30  205  -44  )
( -250  -86  -144  )
( -158  338  -340  )
( -236  320  -276  )
( -259  242  92  )
( 87  314  343  )
( -192  -188  -143  )
( -66  235  106  )
( 285  -152  -143  )
( 273  -97  -119  )
( 142  224  -53  )
( 304  -110  269  )
( 14  5  -194  )
( -101  -292  342  )
( -263  -315  -288  )
( -240  253  -202  )
( 136  -72  326  )
( 321  129  78  )
( -200  3  155  )
( 19  -22  55  )
( 159  -43  238  )
( 22  -185  -177  )
( -331  -287  13  )
( 325  -292  -242  )
( -27  -269  -1  )
( 103  -316  -179  )
( -45  -77  198  )
( -93  101  -248  )
( -344  -141  -100  )
( -109  -201  -13  )
( -12  -250  179  )
( 343  336  149  )
( -316  43  137  )
( -323  -336  328  )
( -108  -171  -169  )
( -192  34  194  )
( 168  158  -1  )
( -6  -324  -299  )
( 113  265  291  )
( -167  -230  -313  )
( -336  318  -14  )
( -152  277  -232  )
( -250  -159  -140  )
( 339  283  305  )
( 273  240  -157  )
( 331  -155  -303  )
( -190  -288  91  )
( 198  269  267  )
( -3  -242  341  )
( -76  -308  208  )
( -182  58  301  )
( 174  122  0  )
( 345  -269  35  )
( 157  61  -194  )
( 325  134  109  )
( -230  228  175  )
( -294  -43  210  )
( 179  296  330  )
( 88  161  158  )
( 132  137  317  )
( -136  261  -187  )
( -202  -216  -48  )
( -39  -334  328  )
( -199  -76  -47  )
( -229  313  140  )
( -309  133  -117  )
( 134  -70  208  )
( -12  -25  -325  )
( -100  167  -152  )
( 119  317  -193  )
( -155  63  -71  )
( -37  -346  111  )
( -337  -132  313  )
( -205  -51  1  )
( 33  -240  -71  )
( 319  -301  -90  )
( -122  -132  -312  )
( 9  307  190  )
( 53  -32  -175  )
( -247  -288  -117  )
( 77  -218  -51  )
( 254  200  157  )
( 282  -72  174  )
( 344  103  -190  )
( 289  156  -244  )
( 349  317  -129  )
( 221  267  86  )
( -244  -84  -52  )
( 160  -80  261  )
( 229  205  209  )
( -43  65  -288  )
( 12  -51  129  )
( -11  317  25  )
( -256  -281  167  )
( -239  -348  -128  )
( 295  -307  57  )
( -258  309  65  )
( 334  -55  38  )
( -333  294  -180  )
( 114  157  304  )
( 293  154  27  )
( -168  -336  291  )
( 182  257  -218  )
( -336  -110  -98  )
( -32  49  113  )
( 184  -68  323  )
( -143  -245  238  )
( -262  -115  32  )
( -149  166  133  )
( 316  287  -112  )
( -125  111  121  )
( -338  78  -254  )
( 285  -47  -169  )
( -87  266  78  )
( 125  13  -119  )
( -211  -330  -54  )
( 5  76  301  )
( -200  82  18  )
( -209  -27  181  )
( 3  -7  71  )
( -123  -53  209  )
( 160  199  185  )
( 141  300  -174  )
( 281  -4  -123  )
( -49  -251  -123  )
( 134  -207  -343  )
( 285  -112  -72  )
( 57  209  -114  )
( 200  -91  53  )
( -39  -110  31  )
( 161  295  240  )
( 41  -276  -277  )
( 155  -153  311  )
( -96  45  -311  )
( -130  333  -297  )
( 197  -6  -193  )
( 119  -53  347  )
( -221  312  -155  )
( -151  -79  102  )
( 131  -163  -211  )
( -313  -101  -245  )
( 238  53  170  )
( 337  -80  -339  )
( -123  -253  -20  )
( 196  45  124  )
( -341  -227  121  )
( -72  -230  -32  )
( 295  229  -266  )
( 194  52  228  )
( 331  -332  -296  )
( 205  -274  67  )
( 285  -85  180  )
( -253  279  177  )
( -77  -144  174  )
( -129  -346  -197  )
( 179  -201  133  )
( 28  -170  -277  )
( -12  -36  119  )
( -155  -217  257  )
( 79  -293  -132  )
( -204  225  -64  )
( 346  -302  268  )
( -46  133  279  )
( 336  325  -153  )
( -53  149  -68  )
( -254  -14  114  )
( 66  312  60  )
( -63  -281  -334  )
( -109  -22  94  )
( -21  118  208  )
( -37  -111  -223  )
( 25  240  6  )
( 41  184  -236  )
( 229  -251  218  )
( -97  57  271  )
( -151  117  -207  )
( 47  247  221  )
( 64  -345  -18  )
( 144  -248  -10  )
( -265  -0  191  )
( 28  -348  113  )
( -172  -7  274  )
( 86  -328  40  )
( 49  -240  86  )
( 197  168  52  )
( 46  -312  -23  )
( 41  131  -293  )
( -203  277  282  )
( 229  302  -107  )
( 135  -146  58  )
( -211  62  -59  )
( 326  165  -42  )
( -37  144  25  )
( -230  -122  -157  )
( -291  -143  287  )
( -118  -78  -254  )
( -306  -170  255  )
( 297  -161  -172  )
( 0  96  4  )
( -107  -81  -73  )
( -74  51  -328  )
( 23  151  -39  )
( -171  65  -253  )
( -1  326  53  )
( 256  -106  -98  )
( 35  174  254  )
( 250  30  286  )
( 75  223  169  )
( 14  -8  -213  )
( 122  -297  -154  )
( -74  -65  -248  )
( -35  -253  281  )
( -70  -59  -277  )
( 326  -230  168  )
( -296  169  -131  )
( 5  81  -0  )
( -271  7  64  )
( 54  -6  -123  )
( -149  312  -306  )
( -5  -132  -224  )
( 211  235  -119  )
( -246  -24  -201  )
( -256  -240  -268  )
( -281  212  125  )
( 196  -241  83  )
( 270  1  -186  )
( -99  -300  -288  )
( 252  -195  -318  )
( -299  152  -81  )
( -158  118  113  )
( 204  -51  292  )
( -261  150  -131  )
( -188  -271  -163  )
( -287  200  -109  )
( 300  192  104  )
( -315  275  -96  )
( 193  -320  -312  )
( 221  -55  -44  )
( -260  -28  -202  )
( 168  -19  259  )
( 29  336  -212  )
( -166  219  -6  )
( -189  -335  184  )
( -42  -46  294  )
( -9  108  -173  )
( 342  -239  238  )
( 79  -63  -269  )
( -33  -140  336  )
( 178  -324  -212  )
( 123  -4  343  )
( -264  -205  278  )
( -47  24  91  )
( 69  -321  204  )
( 107  189  206  )
( 219  242  168  )
( -338  -38  -13  )
( 242  137  198  )
( 53  -49  75  )
( -303  319  -41  )
( 348  -264  51  )
( -279  -68  -24  )
( 114  -263  -241  )
( 236  -212  -20  )
( 103  -87  296  )
( -83  125  193  )
( -70  -299  -241  )
( -170  -150  -80  )
( -235  289  -262  )
( -32  41  -195  )
( -243  -160  -336  )
( -300  -137  -102  )
( 283  -133  -197  )
( -294  67  -253  )
( -279  -281  -201  )
( -343  -202  -18  )
( -118  144  81  )
( 111  -42  156  )
( -204  -262  34  )
( -264  -348  -103  )
( 205  286  237  )
( -213  196  291  )
( -251  -301  -148  )
( 1  162  -348  )
( 157  55  117  )
( 228  -343  70  )
( 262  -296  -155  )
( -102  7  -16  )
( 196  -56  136  )
( 120  87  -157  )
( -178  4  28  )
( 305  197  242  )
( -16  -301  105  )
( 106  256  -175  )
( 42  3  215  )
( 209  -303  -52  )
( -45  -227  -35  )
( 199  -247  -74  )
( 299  346  201  )
( -61  -41  121  )
( 285  -206  -298  )
( 197  -128  -168  )
( 297  -42  246  )
( -163  209  -70  )
( -199  38  265  )
( 242  230  86  )
( -182  170  54  )
( -301  -179  294  )
( -277  116  264  )
( -251  -157  66  )
( 104  -303  88  )
( -78  335  54  )
( 287  -181  -183  )
( -205  -201  -179  )
( -196  -264  -154  )
( -268  199  -72  )
( -278  -336  -80  )
( -56  -286  339  )
( 330  -92  168  )
( -177  289  -311  )
( 82  -202  -308  )
( 98  -331  94  )
( 1  -133  285  )
( -344  10  -86  )
( 138  277  -214  )
( -16  249  -292  )
( 67  -220  166  )
( -166  -127  -285  )
( -258  -330  73  )
( 305  -258  187  )
( 200  -209  -59  )
( 2  -165  211  )
( 316  -66  -275  )
( 338  -8  323  )
( -99  -147  123  )
( 272  234  -28  )
( 287  40  86  )
( -256  181  237  )
( -177  -136  -13  )
( 155  32  -297  )
( 182  149  76  )
( -128  278  340  )
( -51  -245  207  )
( -41  347  257  )
( -105  -3  -82  )
( 65  63  -222  )
( -111  79  326  )
( -148  -201  -215  )
( -314  53  -171  )
( -29  55  310  )
( -135  -105  -348  )
( 138  -166  270  )
( 281  -261  114  )
( -164  -305  230  )
( -196  203  -167  )
( -173  280  341  )
( -210  99  213  )
( 159  -84  249  )
( 66  -283  142  )
( -169  175  -108  )
( -273  19  173  )
( -249  -10  321  )
( 20  -112  76  )
( -314  -223  183  )
( 170  -103  27  )
( -280  -273  -320  )
( 312  -150  -52  )
( 51  -123  -317  )
( -264  -267  -222  )
( 200  158  -51  )
( 22  81  -264  )
( -132  -185  -146  )
( -267  -8  216  )
( -320  -141  -17  )
( -1  -24  121  )
( 343  56  -306  )
( -79  180  -160  )
( -177  68  246  )
( 328  -170  -306  )
( -19  195  -313  )
( -307  176  -81  )
( -183  97  139  )
( -285  277  -221  )
( 146  265  -210  )
( -158  198  -208  )
( 190  -287  -332  )
( 10  -327  235  )
( 7  193  -10  )
( -338  248  -47  )
( 82  250  237  )
( 163  -16  171  )
( -215  -58  2  )
( -265  -66  285  )
( -229  34  -132  )
( 211  -152  -313  )
( -148  -225  168  )
( 57  310  -286  )
( 193  -248  69  )
( -220  95  335  )
( -255  -121  99  )
( 225  214  -131  )
( 251  -293  -214  )
( -149  -326  206  )
( -231  256  -55  )
( -50  319  189  )
( -81  -287  -179  )
( -203  91  -248  )
( -247  -256  -240  )
( -197  -324  -100  )
( -111  -10  -149  )
( 42  105  82  )
( 255  281  246  )
( -176  173  -153  )
( 90  315  -82  )
( 219  -84  -144  )
( 325  97  -44  )
( -16  212  60  )
( -187  266  -86  )
( 223  -154  137  )
( -168  -260  -318  )
( -348  262  16  )
( 279  98  -198  )
( -15  -197  -293  )
( -128  229  -205  )
( -258  147  75  )
( -61  -76  158  )
( 35  -16  -303  )
( 73  -260  -37  )
( -160  -312  -305  )
( -282  -225  -99  )
