( -55  -39  -271  )
( 175  -39  127  )
( -295  -194  347  )
( -97  -96  110  )
( 203  202  -97  )
( 342  -145  -288  )
( 73  -199  -251  )
( -264  -281  139  )
( -279  -96  -313  )
( 314  -102  -112  )
( 188  -44  260  )
( -246  18  -322  )
( 141  47  320  )
( 253  -101  249  )
( -224  -154  172  )
( 11  209  348  )
( 176  -290  300  )
( -26  -257  -250  )
( 207  -159  37  )
( 148  -139  -197  )
( 12  -196  249  )
( -272  -273  -65  )
( -177  63  -315  )
( -84  348  345  )
( 120  274  146  )
( 69  -52  -254  )
( 288  -299  322  )
( -272  56  86  )
( -278  -191  -119  )
( 268  216  63  )
( -200  -308  67  )
( -170  7  -113  )
( -107  136  -18  )
( 42  -190  -16  )
( 171  -227  -103  )
( -57  336  72  )
( 233  -58  124  )
( 272  6  -253  )
( 281  -345  182  )
( -171  85  -311  )
( -326  -176  336  )
( -348  -160  235  )
( 238  -97  -4  )
( -263  228  209  )
( 291  46  83  )
( -202  -237  -168  )
( 178  11  -314  )
( 204  60  268  )
( 150  -174  0  )
( -218  251  -245  )
( 280  245  97  )
( -304  -315  -191  )
( 65  335  -42  )
( -156  -321  -288  )
( -162  -3  165  )
( 94  279  121  )
( -204  -44  -208  )
( 164  264  218  )
( -11  17  -231  )
( -200  170  -338  )
( 168  319  112  )
( 293  -304  -149  )
( 267  285  -225  )
( 71  -221  -94  )
( -72  -104  245  )
( 232  -70  278  )
( 95  149  205  )
( -280  203  -268  )
( 241  -101  171  )
( 164  157  -258  )
( -314  22  -139  )
( -95  296  -168  )
( -116  298  92  )
( -35  -75  -270  )
( 151  44  143  )
( 307  -311  212  )
( 205  228  -215  )
( 199  91  244  )
( -241  109  84  )
( 245  31  -124  )
( -216  229  27  )
( -205  -29  -261  )
( -295  -32  -300  )
( 348  -144  -45  )
( -77  44  214  )
( -344  117  289  )
( -157  -38  -164  )
( 283  -257  -280  )
( -232  113  5  )
( 116  -60  -160  )
( 21  348  19  )
( 334  -312  185  )
( -75  168  -49  )
( 200  77  -258  )
( -64  -86  325  )
( -292  103  9  )
( -33  282  240  )
( 150  56  15  )
( -111  79  255  )
( -62  23  -97  )
( 110  73  270  )
( -193  -221  151  )
( 192  62  -178  )
( 162  -266  -178  )
( -124  -104  66  )
( -220  281  -248  )
( -241  -174  -61  )
( 332  308  78  )
( 31  16  -279  )
( 301  299  347  )
( 274  49  -339  )
( 315  224  -104  )
( 221  -140  305  )
( -322  4  81  )
( 219  112  -168  )
( -188  91  273  )
( -336  29  -148  )
( 97  -104  310  )
( -28  96  152  )
( 150  64  96  )
( -340  -168  321  )
( -264  251  -202  )
( -230  89  42  )
( -325  224  48  )
( -142  -321  -233  )
( 74  -62  -79  )
( -179  341  178  )
( -237  75  284  )
( 266  -130  240  )
( -323  203  188  )
( -165  122  -152  )
( 112  70  258  )
( -98  261  205  )
( 10  -223  -229  )
( -302  -150  186  )
( -135  -204  -26  )
( 223  -230  262  )
( -75  -76  -178  )
( -153  47  272  )
( -91  -121  336  )
( -266  263  -99  )
( 331  -21  50  )
( -94  -108  57  )
( -153  -78  -200  )
( -118  95  233  )
( 273  183  -271  )
( -79  207  -185  )
( 80  333  -16  )
( 211  285  242  )
( -349  312  226  )
( -218  -310  112  )
( 121  178  156  )
( -193  156  2  )
( 148  183  -39  )
( 84  224  33  )
( 44  109  188  )
( -267  -109  16  )
( 184  -278  282  )
( -91  -291  -95  )
( -47  233  215  )
( 155  -160  37  )
( -111  -327  -255  )
( 332  -100  190  )
( -276  -141  93  )
( -33  66  -262  )
( -28  -214  150  )
( -152  35  -307  )
( 11  -19  189  )
( -256  152  -201  )
( -285  161  165  )
( -221  200  -206  )
( -95  185  -309  )
( -83  302  308  )
( -97  85  -342  )
( 334  -38  -33  )
( -290  -183  -56  )
( -182  40  209  )
( 325  -42  191  )
( -205  -340  -316  )
( 268  197  221  )
( -107  -339  21  )
( -22  -64  -21  )
( 180  276  22  )
( -180  -258  35  )
( -214  -144  114  )
( 135  149  3  )
( -210  90  -261  )
( -14  -281  154  )
( 50  -340  330  )
( 241  -32  -66  )
( 200  128  -237  )
( -65  344  -80  )
( 159  23  -142  )
( 216  -161  68  )
( 163  -325  149  )
( 133  -204  -12  )
( 72  208  230  )
( 199  300  184  )
( 320  77  -263  )
( -158  339  -165  )
( -319  135  181  )
( 307  181  -43  )
( -269  -166  -68  )
( 145  -14  190  )
( 303  310  -297  )
( -336  -70  160  )
( 225  181  126  )
( 205  307  306  )
( 114  313  -335  )
( 141  329  -20  )
( -219  -60  231  )
( -60  203  235  )
( 68  175  107  )
( 23  -315  218  )
( 149  -98  -100  )
( 73  -241  270  )
( -323  18  292  )
( -38  144  -105  )
( -59  89  -127  )
( -173  140  -164  )
( 282  -234  230  )
( 159  193  130  )
( -17  133  94  )
( -128  -346  -157  )
( 167  74  312  )
( 214  -195  -315  )
( -328  -260  349  )
( 128  -137  279  )
( 59  202  175  )
( 312  -180  -44  )
( 180  -167  178  )
( -82  267  -210  )
( 3  -308  20  )
( 64  -249  279  )
( 64  -163  -55  )
( 43  6  331  )
( -119  -157  -51  )
( -154  105  185  )
( -254  338  -306  )
( -347  305  -246  )
( -138  -198  -48  )
( 348  70  -156  )
( 46  319  259  )
( 156  229  337  )
( 234  296  48  )
( 287  267  -255  )
( 302  -43  59  )
( 128  -309  61  )
( 100  -343  -193  )
( 204  273  -16  )
( 72  274  -167  )
( -73  -41  90  )
( 0  319  210  )
( -293  -58  247  )
( -298  232  140  )
( -39  -73  29  )
( -296  -331  265  )
( -65  166  -225  )
( -116  225  -261  )
( -95  -139  27  )
( 10  -21  -72  )
( -308  -275  36  )
( 22  -200  13  )
( 210  -98  174  )
( 231  246  -197  )
( -15  -119  275  )
( 35  73  -123  )
( -270  -39  -262  )
( 217  338  49  )
( -73  255  -98  )
( -118  149  -74  )
( -45  254  -130  )
( 302  -234  -84  )
( -325  -96  323  )
( -230  -10  335  )
( -207  179  188  )
( 4  -17  -129  )
( 315  -263  40  )
( 278  -175  231  )
( 77  243  -64  )
( -339  -180  247  )
( 133  -42  -43  )
( -15  221  335  )
( 309  118  294  )
( -60  -285  -61  )
( 186  -205  -194  )
( 147  -204  122  )
( 209  -316  304  )
( 228  216  -55  )
( -121  -269  -101  )
( -190  -271  293  )
( -145  -258  250  )
( -157  12  -274  )
( -343  171  -290  )
( 176  -335  336  )
( -229  15  271  )
( 112  5  -345  )
( -286  94  157  )
( 208  6  -303  )
( 240  266  -49  )
( -150  19  -273  )
( -77  -201  -235  )
( -97  251  297  )
( -162  -241  -203  )
( -298  -115  121  )
( -191  157  -240  )
( 227  -149  53  )
( 250  -203  -105  )
( 213  -334  215  )
( -70  -35  -193  )
( 142  140  -114  )
( -2  -176  -292  )
( 311  -13  -240  )
( 11  -249  -194  )
( -215  -204  14  )
( 270  0  -81  )
( 93  -134  58  )
( -13  -30  257  )
( 145  -213  -124  )
( -278  -318  243  )
( 176  338  188  )
( 227  -56  188  )
( 232  -234  35  )
( -279  285  93  )
( -197  288  -124  )
( 197  271  32  )
( 37  -9  151  )
( 345  -255  11  )
( 299  -154  -196  )
( 138  167  344  )
( -311  -334  99  )
( -325  -129  242  )
( -275  175  40  )
( -204  -344  199  )
( 269  -205  92  )
( -32  12  -273  )
( -317  -151  148  )
( -225  176  -202  )
( -222  -114  -213  )
( -1  -296  -210  )
( -131  175  320  )
( 114  -288  -75  )
( -19  -13  33  )
( 194  192  -91  )
( -20  -231  -86  )
( -260  15  44  )
( 212  341  71  )
( -214  66  -304  )
( -275  -51  -54  )
( -197  62  -238  )
( -337  -186  174  )
( 325  -246  251  )
( -93  34  162  )
( 285  110  151  )
( 273  263  335  )
( 94  -131  -328  )
( 349  112  132  )
( 78  -342  -201  )
( 141  -209  164  )
( -277  -168  272  )
( -115  -257  121  )
( -275  -64  -14  )
( -348  297  188  )
( 227  -114  -188  )
( -328  -274  153  )
( -64  296  -307  )
( -170  319  260  )
( -207  -104  -214  )
( -143  -205  150  )
( 158  74  -69  )
( 152  -182  92  )
( -156  -312  131  )
( -108  -30  -301  )
( -4  172  2  )
( 155  56  -38  )
( -26  113  99  )
( 272  -232  107  )
( -323  293  196  )
( -103  82  -150  )
( 42  192  -155  )
( -40  347  318  )
( -155  -259  -63  )
( 289  -326  114  )
( 220  -217  59  )
( -306  -255  -212  )
( 205  7  -238  )
( -253  331  -251  )
( -6  64  -130  )
( 119  -43  -273  )
( -208  -251  -229  )
( -245  227  16  )
( -181  2  -24  )
( -118  327  126  )
( -90  -242  -101  )
( -77  85  -17  )
( -323  303  268  )
( -66  -138  241  )
( 271  315  -156  )
( 309  -203  -258  )
( 33  294  35  )
( -147  -19  -207  )
( -125  -319  308  )
( 174  102  -54  )
( 71  -56  118  )
( -116  -343  9  )
( 113  17  277  )
( 330  -266  -285  )
( 12  220  -208  )
( -78  145  -291  )
( -217  -49  -136  )
( 171  -315  310  )
( -325  -2  -212  )
( 163  288  -271  )
( 9  -333  -17  )
( -69  176  -135  )
( 232  36  -312  )
( -322  -152  57  )
( 339  -144  226  )
( 185  191  -149  )
( 12  192  75  )
( -209  -226  -222  )
( 200  -144  310  )
( 201  -330  105  )
( -55  228  63  )
( 58  65  -318  )
( -320  -305  211  )
( -85  61  -54  )
( -170  -349  230  )
( 75  -127  -140  )
( 242  245  100  )
( 267  189  139  )
( 104  -239  126  )
( -238  -232  -192  )
( 320  -14  108  )
( 79  336  330  )
( 173  229  -130  )
( 155  208  38  )
( 162  127  139  )
( 51  -13  -299  )
( -180  92  -329  )
( -45  30  262  )
( -259  121  260  )
( -341  -3  279  )
( 207  257  -282  )
( -99  -322  82  )
( -300  157  -200  )
( 190  184  -152  )
( -10  242  273  )
( 60  -145  -120  )
( 219  -273  205  )
( -48  177  -254  )
( -123  14  98  )
( 75  303  -135  )
( 95  195  -241  )
( -119  -121  -26  )
( -192  335  -149  )
( -284  -242  -163  )
( -267  -178  146  )
( 80  88  43  )
( -28  -132  55  )
( -236  -82  105  )
( 74  256  -57  )
( 124  40  -19  )
( 93  -37  -115  )
( -300  -273  326  )
( -191  183  -95  )
( 44  -224  67  )
( -161  -129  -7  )
( -301  108  46  )
( -31  -178  -145  )
( -241  30  -23  )
( -77  -154  224  )
( -29  -151  -146  )
( -311  -273  132  )
( 19  300  -264  )
( 340  -85  -310  )
( 346  -158  217  )
( 107  259  118  )
( 316  -8  -167  )
( -266  -8  51  )
( -241  151  -210  )
( 179  68  173  )
( 206  -313  -30  )
( 61  -92  53  )
( -127  90  107  )
( -332  -199  311  )
( -11  -215  349  )
( -32  -311  222  )
( -23  -203  328  )
( -209  240  -319  )
( -95  -86  249  )
( 195  -311  302  )
( -202  29  319  )
( -214  -91  -325  )
( -326  -185  218  )
( -91  349  313  )
( 165  -186  121  )
( 32  307  341  )
( 176  17  271  )
( 13  -341  -258  )
( 71  308  -296  )
( 142  -178  -126  )
( 229  50  181  )
( -164  167  81  )
( 262  -278  -166  )
( -298  345  -141  )
( 218  271  202  )
( -152  29  156  )
( -64  -345  -175  )
( -19  283  257  )
( 55  -301  209  )
( 237  -171  274  )
( 218  291  227  )
( -205  140  -114  )
( 204  12  259  )
( -71  300  -54  )
( -157  -170  -226  )
( 192  -298  234  )
( 175  226  -295  )
( -38  54  -93  )
( 35  317  234  )
( 129  -210  72  )
( -272  -241  -250  )
( 201  216  -337  )
( -342  -119  307  )
( 87  -70  -279  )
( -68  -83  209  )
( -314  -208  109  )
( -127  249  328  )
( 284  302  -42  )
( 283  -35  -243  )
( -241  256  -204  )
( -295  273  271  )
( 210  -99  78  )
( 116  111  -59  )
( 120  -271  -162  )
( -165  94  258  )
( 89  148  -154  )
( 129  267  -221  )
( 269  220  75  )
( 99  -15  -57  )
( 141  65  -188  )
( 12  -65  334  )
( -302  73  11  )
( 275  153  -332  )
( 299  340  231  )
( 100  345  291  )
( -202  -103  264  )
( 287  -281  -50  )
( -78  -109  -17  )
( -55  56  -338  )
( 80  88  -220  )
( 60  -78  -120  )
( 12  -47  -56  )
( 233  -315  193  )
( -130  -205  -87  )
( 59  236  311  )
( -225  289  -182  )
( 16  -19  -223  )
( 288  77  -261  )
( -81  175  -239  )
( -111  311  -202  )
( -49  72  126  )
( -43  107  -61  )
( 260  200  314  )
( 44  -52  -157  )
( -197  185  242  )
( -74  -115  269  )
( -182  271  -197  )
( -219  -76  337  )
( -285  235  200  )
( -324  33  -310  )
( -84  220  -324  )
( 187  155  300  )
( 332  341  309  )
( 104  12  -247  )
( -349  64  -157  )
( 149  -36  -257  )
( 34  100  -106  )
( 349  -93  -251  )
( -340  110  66  )
( 43  151  -274  )
( -24  130  10  )
( -30  197  332  )
( -163  -210  135  )
( -289  209  -223  )
( -337  -86  66  )
( -96  -240  -172  )
( -76  -26  184  )
( 124  -9  303  )
( -36  -161  -204  )
( 37  132  -266  )
( 120  -229  -74  )
( -7  -120  -319  )
( -308  -344  -100  )
( 210  -130  -251  )
( -35  58  -345  )
( 338  -96  -207  )
( 74  189  302  )
( 186  179  78  )
( -12  223  13  )
( -44  2  205  )
( 343  -211  186  )
( 310  -257  -77  )
( 176  185  -312  )
( 138  199  -214  )
( 120  285  -293  )
( 323  66  -203  )
( -242  -26  91  )
( 243  342  -98  )
( -104  118  -42  )
( 228  76  -203  )
( 233  -16  -48  )
( 251  174  -15  )
( -264  -207  -23  )
( -316  35  79  )
( -250  17  280  )
( 67  15  49  )
( -250  246  -31  )
( 212  -3  -132  )
( 238  -103  212  )
( 112  -341  37  )
( 258  -205  129  )
( 304  -79  148  )
( 79  -153  -199  )
( -155  -57  -40  )
( -216  -198  161  )
( 300  -144  297  )
( 97  103  -81  )
( -211  -204  -65  )
( -340  26  293  )
( 125  -121  218  )
( -25  196  -349  )
( -145  -95  144  )
( -235  -267  -241  )
( 61  -165  105  )
( -15  -92  -299  )
( -71  238  25  )
( 147  -186  281  )
( -48  243  -52  )
( 333  116  -118  )
( -251  322  298  )
( -347  88  -305  )
( -229  313  -321  )
( 273  -77  -269  )
( -275  -69  66  )
( -295  -172  53  )
( 217  -94  -103  )
( 35  102  -112  )
( -220  203  72  )
( -53  -134  -58  )
( -41  -324  -272  )
( -97  -253  -216  )
( -328  -141  302  )
( -13  60  -1  )
( -251  18  5  )
( -136  225  -94  )
( 264  49  326  )
( -218  251  215  )
( 341  -345  -317  )
( 238  -120  -255  )
( 87  68  209  )
( -254  33  -4  )
( 245  61  262  )
( -18  -161  332  )
( -78  -212  104  )
( -245  110  262  )
( 111  11  -213  )
( 251  -217  202  )
( 65  -215  210  )
( 92  -72  -1  )
( -43  178  301  )
( 300  -172  -304  )
( 172  -156  -124  )
( -339  -98  163  )
( 316  87  -74  )
( -270  -228  -305  )
( -40  -8  275  )
( 9  181  -50  )
( -176  295  263  )
( -159  274  173  )
( -42  344  -106  )
( -32  -302  202  )
( 142  291  -170  )
( 31  -4  -32  )
( -243  191  90  )
( 341  -157  2  )
( -179  -310  -158  )
( 256  -193  310  )
( 171  -28  -336  )
( -59  92  -166  )
( 36  -205  12  )
( -134  345  205  )
( -338  -313  157  )
( 341  -157  145  )
( -156  119  115  )
( 275  233  87  )
( -131  283  127  )
( -317  -161  243  )
( 249  114  -43  )
( -11  -16  342  )
( -255  -193  262  )
( 206  61  197  )
( 173  -107  -33  )
( -88  -137  87  )
( 97  37  -98  )
( 202  -103  -229  )
( -292  130  -302  )
( -233  18  -174  )
( 323  -127  137  )
( -214  -150  -33  )
( 174  333  -244  )
( -218  104  -173  )
( -305  -45  -38  )
( 135  199  195  )
( -222  -24  -317  )
( 337  -279  301  )
( -255  322  81  )
( -257  -220  42  )
( -259  204  266  )
( 55  311  296  )
( -179  209  131  )
( 17  -116  -173  )
( -168  178  186  )
( 258  -85  3  )
( -84  19  -296  )
( -18  332  -244  )
( 64  -156  -255  )
( 349  -334  -165  )
( 319  -40  -152  )
( -187  -298  312  )
( 160  341  104  )
( -299  -264  -207  )
( -331  142  305  )
( 141  -173  -310  )
( 9  -112  276  )
( 290  -83  53  )
( 310  -126  293  )
( 287  -65  6  )
( 72  59  30  )
( -343  -308  -292  )
( 0  -107  -250  )
( 320  -142  -300  )
( -104  -336  249  )
( -170  5  178  )
( 79  -324  131  )
( -258  305  349  )
( 284  -220  -330  )
( -203  276  -31  )
( 348  60  -130  )
( 337  -109  -201  )
( -95  29  145  )
( 340  -204  -331  )
( 306  -238  -342  )
( 49  -112  148  )
( 215  59  -333  )
( -137  202  -197  )
( -207  192  -322  )
( -87  246  -141  )
( -163  -303  100  )
( -71  -155  -242  )
( -316  273  -14  )
( -315  63  -64  )
( 25  -96  -285  )
( -191  314  -219  )
( 98  -3  156  )
( 57  -81  173  )
( -170  81  173  )
( 283  113  -241  )
( -325  12  -25  )
( -269  -72  38  )
( 338  -94  -271  )
( -3  116  -244  )
( -240  279  228  )
( 277  -285  164  )
( -291  -67  240  )
( 330  262  -247  )
( -237  282  -58  )
( 178  -85  -5  )
( -217  108  54  )
( -32  -348  -221  )
( -298  -243  -99  )
( 173  312  297  )
( -266  -185  -329  )
( -135  -37  245  )
( -142  -161  60  )
( 232  -251  -255  )
( -159  147  -329  )
( -339  284  80  )
( -215  241  -322  )
( 140  -40  -212  )
( 295  -31  -26  )
( -109  131  -171  )
( -306  -304  230  )
( 220  243  57  )
( -168  -96  112  )
( 177  256  -169  )
( -55  -170  59  )
( -272  323  175  )
( -330  -126  -248  )
( -243  -320  -33  )
( -312  69  -124  )
( 343  -149  174  )
( 319  -15  193  )
( -102  -335  -213  )
( 195  186  -72  )
( 319  -256  -87  )
( -86  -200  256  )
( 305  24  155  )
( 233  -261  61  )
( -315  134  168  )
( -255  -124  -191  )
( -56  86  -139  )
( 66  -29  295  )
( -96  -105  81  )
( -29  -5  15  )
( -288  -231  74  )
( 257  -77  190  )
( 49  252  -293  )
( 171  149  -164  )
( 283  100  2  )
( 6  110  335  )
( -342  218  -150  )
( -55  209  -89  )
( 321  28  307  )
( -225  12  303  )
( -234  277  -226  )
( 242  -299  150  )
( 339  135  102  )
( 214  -29  -292  )
( -227  291  205  )
( -110  -161  271  )
( -9  125  -159  )
( 199  -171  175  )
( 198  221  -176  )
( 165  -189  336  )
( 279  -164  333  )
( -66  49  -276  )
( -276  -145  -14  )
( -49  344  -189  )
( 181  -175  -317  )
( 188  8  -305  )
( -205  -281  135  )
( 17  -21  254  )
( 106  -3  -169  )
( 16  310  104  )
( -30  341  -23  )
( -220  115  172  )
( 5  -204  317  )
( 317  204  -186  )
( -249  178  299  )
( 103  -338  -180  )
( 201  305  132  )
( 136  322  348  )
( -260  336  -40  )
( 83  209  317  )
( 332  -40  -12  )
( -201  -196  8  )
( -306  -80  322  )
( 28  307  -326  )
( 18  -328  -88  )
( -47  250  -139  )
( -278  -123  -7  )
( -327  146  -108  )
( 210  154  116  )
( 260  -155  -135  )
( -137  -233  -66  )
( 56  -16  -202  )
( 186  -194  136  )
( 12  -92  -176  )
( -126  -93  -192  )
( -155  -308  -32  )
( 24  124  131  )
( -190  -52  169  )
( 73  -253  143  )
( -250  -81  -335  )
( -188  237  273  )
( -181  -208  -26  )
( -291  57  -88  )
( -256  -67  -9  )
( 120  -336  -326  )
( -250  -307  267  )
( 306  349  -128  )
( 198  -319  253  )
( 164  193  167  )
( -327  303  244  )
( 34  -285  299  )
( -243  15  172  )
( 288  91  -86  )
( -128  240  -136  )
( 116  70  -273  )
( 326  72  -289  )
( -254  -271  197  )
( 262  -89  114  )
( -306  298  -104  )
( 196  151  91  )
( -118  58  184  )
( -340  -130  227  )
( -88  -129  37  )
( 301  -47  127  )
( -234  -25  -339  )
( -213  65  -108  )
( -67  -71  194  )
( 247  -142  115  )
( 114  -167  266  )
( 303  -209  3  )
( 210  -73  -50  )
( -21  229  -216  )
( 105  -72  -113  )
( -321  332  346  )
( 225  99  319  )
( 78  216  -206  )
( 60  -104  -286  )
( -92  332  -88  )
( 89  233  -102  )
( 99  82  -230  )
( -219  -343  -320  )
( 117  38  60  )
( 89  54  245  )
( -236  247  130  )
( -109  171  -172  )
( 200  -5  301  )
( -28  -316  -321  )
( 124  -140  266  )
( 49  -268  -217  )
( 207  -242  71  )
( 283  -137  -120  )
( -18  -85  72  )
( 217  -93  72  )
( -273  301  -28  )
( -180  213  309  )
( 53  -224  60  )
( 288  19  345  )
( 328  130  -32  )
( -37  -324  62  )
( 7  -12  178  )
( -290  323  185  )
( -198  -87  80  )
( -298  -98  -23  )
( 294  257  162  )
( -33  -294  -128  )
( 203  -239  -329  )
( 82  -303  164  )
( -132  -305  150  )
( 199  280  62  )
( 218  299  171  )
( -342  310  219  )
( -73  167  -94  )
( 321  295  -55  )
( -231  -257  -104  )
( 76  236  2  )
( 100  204  109  )
( 14  272  1  )
( 30  304  -154  )
( -322  31  263  )
( 127  -315  91  )
( 241  182  113  )
( -311  -293  92  )
( 290  -219  59  )
( 194  237  -1  )
( -91  237  28  )
( 141  -45  345  )
( 56  38  40  )
( -293  -226  -137  )
( 307  -186  -313  )
( 247  123  262  )
( 13  221  -176  )
( -157  340  126  )
( -38  -142  329  )
( 307  -88  8  )
( 136  -103  5  )
( 136  -82  279  )
( 242  -17  140  )
( -167  325  -188  )
( 198  -44  -307  )
( -207  -209  -333  )
( 19  -349  132  )
( 134  -334  64  )
( 19  -311  -214  )
( -149  178  33  )
( -73  -48  28  )
( 60  -227  137  )
( 291  -61  21  )
( -255  239  -5  )
( 271  303  -26  )
( -166  141  -230  )
( -102  248  167  )
( -346  251  -128  )
( 165  -292  95  )
( -81  -262  200  )
( -125  275  136  )
( -181  -276  145  )
( -334  228  18  )
( 203  93  -71  )
( 227  59  -198  )
( 258  333  80  )
( -272  112  240  )
( 163  225  159  )
( 170  192  -47  )
( 25  -190  223  )
( 271  -172  -116  )
( -216  118  246  )
( 347  -230  -340  )
( -331  -19  229  )
( -311  86  340  )
( -201  -257  185  )
( -117  82  -19  )
( 314  152  -266  )
( 133  -45  5  )
( 168  195  -320  )
( 46  -78  -337  )
( 131  -113  179  )
( -341  226  -201  )
( -298  214  -279  )
( 341  266  342  )
( 258  214  -111  )
( -205  173  224  )
( 205  212  -38  )
( -312  289  41  )
( 324  -70  129  )
( 245  -180  -113  )
( -267  269  -235  )
( 147  -310  190  )
( 164  172  160  )
( -301  344  114  )
( -346  327  -69  )
( 287  -309  -104  )
( 71  153  -346  )
( 67  96  64  )
( 258  -239  -30  )
( 177  45  107  )
( 199  229  62  )
( 330  -105  -181  )
( -115  -266  30  )
( -34  341  276  )
( -3  148  161  )
( 105  297  -166  )
( -322  -99  125  )
( 274  117  -314  )
( 276  -81  -251  )
( 240  53  134  )
( -128  188  -165  )
( 246  199  -53  )
( 338  264  -134  )
( 176  230  315  )
( -128  336  177  )
( -159  -279  -90  )
( -152  29  48  )
( -52  162  -187  )
( -110  284  -59  )
( -17  -168  -189  )
( -195  -295  -308  )
( -141  -175  182  )
( -27  -64  -177  )
( 41  119  225  )
( 339  -264  202  )
( 249  -271  24  )
( -185  -138  95  )
( 101  241  -25  )
( 236  6  241  )
( 245  -151  -156  )
( 11  204  271  )
( -255  81  19  )
( -113  140  92  )
( 58  214  -146  )
( 141  203  -24  )
( 300  127  -195  )
( -76  -117  -272  )
( -226  182  344  )
( 216  78  203  )
( -215  106  -257  )
( 227  262  325  )
( -323  30  -321  )
( -150  -261  132  )
( -26  292  -193  )
( 9  32  238  )
( 29  148  188  )
( -349  204  -342  )
( -135  -204  195  )
( -48  341  -342  )
( -85  -117  290  )
( -212  268  -13  )
( -241  203  178  )
( 229  -151  10  )
( 265  56  299  )
( 31  -311  -36  )
( 135  152  -317  )
( -285  304  186  )
( 61  87  -154  )
( 247  -100  53  )
( -127  -95  -8  )
( -191  -286  -211  )
( -254  -337  -3  )
( 162  -43  215  )
( -328  -270  -342  )
( 195  307  99  )
( -329  -316  33  )
( 77  218  83  )
( 26  -312  -210  )
( 95  -101  -231  )
( 216  210  174  )
( -172  206  -35  )
( 5  -160  201  )
( -281  -300  201  )
( -135  110  171  )
( 245  -230  -339  )
( -89  -225  -75  )
( -146  -231  245  )
( -316  233  105  )
( 124  -318  -167  )
( -92  -131  140  )
( 148  235  -190  )
( 298  317  -147  )
( -107  3  285  )
( 184  -81  -227  )
( 96  -302  -2  )
( -269  173  91  )
( -204  -132  56  )
( 5  278  -199  )
( 142  -20  183  )
( -79  68  263  )
( 265  -37  216  )
( -348  248  279  )
( -165  -247  166  )
( 254  -222  185  )
( -282  -319  48  )
( 247  152  -204  )
( 163  281  182  )
( -223  -264  114  )
( -279  -256  -320  )
( -196  -24  275  )
( -40  -98  331  )
( -206  -47  -101  )
( 182  -174  320  )
( -247  -271  -244  )
( 103  290  253  )
( -91  -224  304  )
( 17  -334  -291  )
( 24  181  -304  )
( 166  -63  -270  )
( -310  172  169  )
( 43  -99  -0  )
( 127  296  -168  )
( -29  -166  -139  )
( 149  299  98  )
( 126  179  323  )
( -24  258  23  )
( 106  -192  44  )
( 125  -240  178  )
( -266  -343  -168  )
( 131  174  148  )
( 41  110  -52  )
( -298  -178  -208  )
( 293  -5  105  )
( -292  81  66  )
( -38  228  -129  )
( 56  -170  349  )
( -95  316  -283  )
( 200  -22  240  )
( 66  105  -48  )
( 125  -292  233  )
( -122  -61  50  )
( 152  182  258  )
( 205  172  242  )
( 176  -96  249  )
( 76  277  -118  )
( -14  198  74  )
( 67  44  -78  )
( -54  203  65  )
( 116  -123  -113  )
( -59  -51  -53  )
( -2  27  -334  )
( -247  283  -323  )
( -306  -267  -289  )
( 86  -69  192  )
( 20  214  64  )
( -248  16  -78  )
( -200  -160  186  )
( -204  156  220  )
( 244  56  280  )
( -131  -318  18  )
( 73  -10  93  )
( 244  -189  -199  )
( -197  283  -66  )
( -64  65  -294  )
( 329  145  0  )
( 60  138  82  )
( 242  257  -34  )
( -236  -264  -184  )
( 345  -165  103  )
( -189  140  248  )
( 131  336  -185  )
( -291  238  -247  )
( 46  -322  240  )
( -344  -56  113  )
( -258  284  79  )
( -97  111  232  )
( -112  -169  -99  )
( 240  176  -244  )
( -7  59  172  )
( 239  -221  -304  )
( 20  -65  92  )
( -227  344  152  )
( -21  -12  29  )
( 59  200  79  )
( -191  -315  219  )
( 29  -337  -35  )
( 258  -94  212  )
( 243  -253  -18  )
( 312  -96  -71  )
( -341  -79  -57  )
( -265  -190  -0  )
( 20  151  163  )
( -307  -321  134  )
( -77  -159  220  )
( -229  80  -134  )
( 9  193  -125  )
( 78  -309  -149  )
( -312  52  269  )
( 61  -37  332  )
( 159  156  108  )
( -155  267  -253  )
( 254  344  116  )
( -128  -40  2  )
( -315  -19  238  )
( -78  -171  -83  )
( -6  95  -200  )
( 148  40  222  )
( -232  149  160  )
( 219  60  -50  )
( -34  237  284  )
( 243  -79  -18  )
( 40  -179  4  )
( 214  154  149  )
( 40  38  22  )
( -140  -108  179  )
( 59  248  -195  )
( 279  -93  82  )
( 206  105  -263  )
( -279  341  -268  )
( -42  -61  14  )
( -205  -234  27  )
( 211  46  317  )
( -178  131  -7  )
( 195  -245  -23  )
( -339  274  -328  )
( 62  179  292  )
( 210  -241  5  )
( -18  302  67  )
( -328  44  -339  )
( 252  -336  41  )
( -312  133  252  )
( 171  -102  257  )
( -48  -164  -302  )
( 306  -99  -282  )
( -223  89  -335  )
( -288  170  -307  )
( -342  -253  29  )
( 20  218  165  )
( 270  -90  -330  )
( 74  255  178  )
( -148  217  252  )
( 271  -333  212  )
( -36  29  -175  )
( -137  169  340  )
( -327  -99  -8  )
( 287  -33  -115  )
( 219  124  -349  )
( 303  252  -194  )
( -131  -244  -270  )
( 99  278  -182  )
( 174  282  347  )
( 114  175  320  )
( 56  -21  217  )
( 239  99  47  )
( -264  -98  -3  )
( 165  -248  -241  )
( -270  -126  -208  )
( -220  95  -114  )
( -119  -113  -167  )
( -291  207  334  )
( 123  -332  -117  )
( 258  -317  -319  )
( -171  -178  16  )
( 101  130  -25  )
( 108  73  165  )
( -153  278  -136  )
( 34  59  121  )
( -288  -203  -38  )
( 336  -344  49  )
( -230  152  -22  )
( -143  113  -109  )
( -135  -312  -41  )
( 338  -138  313  )
( 339  -137  270  )
( 146  -72  84  )
( -167  -143  -218  )
( -261  -53  151  )
( 249  -313  96  )
( 53  -154  34  )
( 183  3  6  )
( -102  281  -64  )
( 188  -189  -66  )
( -121  91  -328  )
( -241  310  -37  )
( -14  126  74  )
( -43  -225  -180  )
( -129  209  -98  )
( -222  -140  -177  )
( -277  -180  -16  )
( 202  252  -209  )
( 170  -299  -270  )
( -181  142  -119  )
( -103  324  -162  )
( 238  -145  -59  )
( -29  4  227  )
( 318  122  -324  )
( -133  121  277  )
( 94  -113  -60  )
( -148  270  -100  )
( 21  -38  17  )
( -240  151  311  )
( -2  -25  -306  )
( -149  -74  182  )
( -141  297  70  )
( 120  -278  -281  )
( 171  213  21  )
( -208  318  -153  )
( -131  -34  253  )
( -339  316  -343  )
( 94  74  207  )
( 83  -160  287  )
( -23  -11  -180  )
( -139  224  -47  )
( 27  -36  -34  )
( -320  318  -297  )
( -114  -49  37  )
( -143  94  51  )
( 95  224  -200  )
( -168  -51  139  )
( 207  193  317  )
( -179  -90  161  )
( -21  -53  304  )
( 301  221  21  )
( 131  -6  19  )
( 333  232  -175  )
( -121  -217  -210  )
( 297  34  -305  )
( 175  -330  181  )
( 175  -9  238  )
( 171  -194  218  )
( 291  -131  276  )
( -304  98  312  )
( -6  140  -57  )
( -334  -14  -141  )
( -6  -189  126  )
( -29  56  245  )
( -219  175  240  )
( 307  302  -298  )
( 296  204  -267  )
( -78  57  -74  )
( -131  24  221  )
( 149  -24  126  )
( -314  -12  -246  )
( 275  303  259  )
( -322  -284  -18  )
( 226  4  -215  )
( 93  82  184  )
( -114  -177  -101  )
( 262  299  21  )
( -255  329  -260  )
( 61  32  216  )
( -168  -205  35  )
( -57  296  -347  )
( 217  8  132  )
( -341  65  -288  )
( 67  -270  -63  )
( -114  305  105  )
( -275  2  -70  )
( -125  115  -44  )
( -315  24  264  )
( -0  -307  18  )
( 322  -311  -215  )
( -304  88  11  )
( 197  215  -90  )
( 133  333  -147  )
( 168  141  261  )
( -332  128  -189  )
( -308  -24  213  )
( -293  72  345  )
( -93  199  -67  )
( 37  160  -73  )
( 45  -169  -336  )
( 62  295  306  )
( 202  75  -6  )
( -103  -332  122  )
( 217  43  -99  )
( -297  203  -216  )
( 26  -95  -215  )
( -253  117  -106  )
( 65  -313  -122  )
( -246  -201  14  )
( 110  -124  -11  )
( -253  -181  61  )
( 47  289  53  )
( -98  -33  -148  )
( 100  264  -169  )
( 249  151  286  )
( -330  -294  22  )
( 134  -21  196  )
( -188  127  -79  )
( 232  -283  -88  )
( -343  0  64  )
( 174  99  12  )
( -242  -344  334  )
( -146  185  -342  )
( 65  -282  -97  )
( -228  -128  -243  )
( -161  111  -107  )
( 183  -97  -31  )
( -254  78  -175  )
( -193  -210  259  )
( -277  228  -18  )
( -123  190  -270  )
( 75  -318  -30  )
( 47  125  70  )
( -210  61  157  )
( -23  14  -173  )
( -68  -8  -25  )
( 309  77  185  )
( -226  -337  121  )
( 234  103  7  )
( -271  -303  240  )
( 337  -302  298  )
( -270  -133  -277  )
( -327  42  160  )
( -342  -316  -208  )
( -44  302  222  )
( -231  341  -117  )
( 318  -237  344  )
( 262  -23  -167  )
( 341  339  -187  )
( -179  -167  20  )
( 259  282  289  )
( 155  120  260  )
( -279  295  118  )
( -247  -4  111  )
( -177  -200  336  )
( 173  -307  -51  )
( -150  58  -277  )
( 304  -166  -337  )
( -291  319  -264  )
( 250  65  -142  )
( 339  -201  188  )
( -204  297  -319  )
( 116  281  -157  )
( -230  157  120  )
( 285  173  -177  )
( 314  137  -293  )
( -21  -341  -149  )
( 120  -135  -201  )
( 311  -72  -44  )
( -270  112  -195  )
( -30  168  -165  )
( -212  -187  -304  )
( 228  186  -202  )
( -270  -139  -35  )
( 70  267  133  )
( -303  -2  272  )
( -330  78  -200  )
( 177  197  26  )
( -31  -257  149  )
( 35  -86  -205  )
( 317  316  -48  )
( -95  243  118  )
( 210  -244  -307  )
( -92  -205  -180  )
( -40  -215  -244  )
( 73  329  87  )
( -303  -112  -39  )
( -304  -163  199  )
( -84  -80  -56  )
( 248  106  249  )
( -30  159  -275  )
( -275  169  -166  )
( 345  95  -106  )
( -46  242  301  )
( 342  77  -174  )
( 229  -155  75  )
( 19  42  -149  )
( -318  -80  -121  )
( 220  35  -162  )
( -335  172  -92  )
( 168  321  29  )
