( 136  -198  -12  )
( 69  111  294  )
( -37  235  -261  )
( -170  -264  150  )
( -29  121  -47  )
( 14  111  321  )
( -330  -226  -179  )
( 144  -250  189  )
( 145  -73  229  )
( 225  2  -349  )
( 215  -236  228  )
( 60  -269  -16  )
( -24  313  305  )
( -145  180  -305  )
( -189  -13  -296  )
( -203  -182  -122  )
( -270  178  131  )
( -178  23  -145  )
( 44  -150  91  )
( 343  -329  -303  )
( 246  173  281  )
( 11  -283  334  )
( 181  -100  322  )
( -155  295  258  )
( -173  -292  108  )
( 223  260  -144  )
( 105  288  45  )
( -151  -313  -257  )
( -343  128  -14  )
( -144  119  -163  )
( 284  316  330  )
( 78  -252  -150  )
( 197  139  28  )
( -332  51  245  )
( 326  55  -307  )
( -80  257  -160  )
( -338  -91  319  )
( 329  -321  -115  )
( -85  236  -243  )
( -128  83  221  )
( 119  -155  -336  )
( 276  -12  52  )
( 282  141  324  )
( -278  106  176  )
( 264  193  188  )
( 116  -301  -246  )
( 14  -325  -278  )
( 53  -311  -270  )
( 24  98  -222  )
( 286  147  182  )
( 308  -217  208  )
( -9  -218  -210  )
( 131  -232  -298  )
( -73  272  32  )
( -223  185  -295  )
( 153  -203  48  )
( -342  -201  193  )
( 241  273  270  )
( -196  -329  -341  )
( -53  -57  -47  )
( 57  -256  237  )
( 251  -178  -179  )
( 336  192  53  )
( -168  -316  338  )
( 318  -60  137  )
( -301  124  126  )
( -90  -32  -21  )
( 267  225  232  )
( -297  311  -306  )
( 270  -149  190  )
( 134  -161  102  )
( -328  245  143  )
( -55  255  -32  )
( 249  -79  -325  )
( -117  -347  3  )
( -72  303  -243  )
( -70  20  -240  )
( 163  -34  -57  )
( 131  279  272  )
( 344  -323  202  )
( 159  208  -116  )
( 241  25  -151  )
( -27  45  -125  )
( 53  -283  -307  )
( 191  18  -86  )
( 27  -280  132  )
( -141  69  289  )
( -296  196  -20  )
( 199  74  -302  )
( 322  55  78  )
( -336  189  259  )
( -36  293  345  )
( 301  30  116  )
( -211  78  277  )
( -230  201  255  )
( -326  -147  -111  )
( -91  -66  124  )
( -283  -61  -134  )
( -136  106  83  )
( 162  39  -282  )
( -22  -57  105  )
( -65  -329  279  )
( -206  209  -176  )
( -251  -79  -54  )
( -92  -32  -111  )
( 312  203  -255  )
( 339  -245  48  )
( -339  -226  -294  )
( 302  -6  196  )
( 126  16  -63  )
( -230  -76  -59  )
( 11  -22  -279  )
( -333  -285  57  )
( -128  -339  -206  )
( 135  -219  76  )
( -243  61  187  )
( 306  -170  -225  )
( 332  -306  2  )
( 176  264  258  )
( -18  291  82  )
( -344  211  -334  )
( -319  240  11  )
( -82  73  267  )
( 321  117  -2  )
( -15  -252  -237  )
( 66  58  -243  )
( 129  -22  59  )
( 273  -213  207  )
( 304  -311  287  )
( -96  182  142  )
( 264  -110  -266  )
( -54  317  -27  )
( -296  -234  -42  )
( 25  340  -339  )
( 81  316  142  )
( 82  222  319  )
( 299  205  96  )
( -258  192  103  )
( 8  345  277  )
( -17  59  -170  )
( -337  157  59  )
( 277  -192  -160  )
( 205  -286  335  )
( 125  139  -39  )
( 86  -51  -36  )
( -258  -239  170  )
( -36  -340  -312  )
( 303  301  -159  )
( -115  -329  211  )
( -301  -318  -299  )
( -124  193  -159  )
( 211  170  -202  )
( -93  -173  -136  )
( 280  -177  279  )
( -172  215  225  )
( 242  252  104  )
( -198  -176  -117  )
( -76  -141  -1  )
( 182  10  237  )
( -289  97  168  )
( 241  218  280  )
( 239  266  -294  )
( -315  95  182  )
( -314  -338  -175  )
( 99  -199  -115  )
( -41  109  -29  )
( 210  -69  179  )
( 228  -175  263  )
( -1  -203  -90  )
( 113  35  348  )
( -47  -158  -6  )
( -29  230  -214  )
( -88  132  322  )
( 264  -200  332  )
( -19  108  -284  )
( -252  242  319  )
( 99  -241  -176  )
( 333  -113  -22  )
( 226  34  -42  )
( -18  109  -177  )
( -158  -103  -260  )
( -245  237  -238  )
( 284  180  99  )
( 274  -271  -175  )
( -222  -322  266  )
( -151  233  -200  )
( 336  -226  -279  )
( -64  269  -99  )
( 77  -129  108  )
( 60  63  71  )
( 115  -21  -195  )
( 138  270  -82  )
( 41  287  -225  )
( -144  240  242  )
( -93  -145  304  )
( -218  134  -93  )
( 339  59  233  )
( -255  108  -109  )
( -270  -169  -215  )
( 188  -349  -313  )
( -188  -276  -248  )
( -160  -128  178  )
( -324  -171  -84  )
( 296  -62  -133  )
( 144  20  -28  )
( -203  254  115  )
( -106  -73  24  )
( -282  286  -324  )
( -245  -267  -35  )
( -30  -189  -41  )
( -8  341  -93  )
( -71  -288  307  )
( -146  325  348  )
( -235  91  335  )
( 64  318  137  )
( 65  266  150  )
( 236  203  -266  )
( 43  276  197  )
( 38  88  20  )
( -163  123  -139  )
( 6  -40  -147  )
( -219  8  -0  )
( -279  -10  -231  )
( -116  -307  -199  )
( -79  -142  232  )
( -83  218  -344  )
( 327  130  -152  )
( -189  -40  105  )
( 327  111  -196  )
( -30  308  -172  )
( 303  163  331  )
( 313  -342  115  )
( -79  8  -34  )
( -309  -321  219  )
( 211  272  277  )
( -286  -164  -338  )
( 118  -2  121  )
( 218  307  -306  )
( -233  -156  254  )
( 1  266  -305  )
( 168  -70  -279  )
( -114  -14  -219  )
( -46  186  51  )
( -175  65  160  )
( 262  -302  -127  )
( 208  239  48  )
( 58  -81  -348  )
( -264  -163  242  )
( 233  121  -44  )
( -159  -3  321  )
( -248  182  -325  )
( -34  134  16  )
( 148  235  -283  )
( -196  224  319  )
( -139  121  -207  )
( -215  318  -77  )
( -160  165  -72  )
( 334  -31  -188  )
( 213  -65  -80  )
( -329  183  -231  )
( -182  288  63  )
( 145  118  -262  )
( 58  -91  161  )
( 342  45  274  )
( 315  -251  96  )
( 101  321  237  )
( 211  62  25  )
( 242  130  92  )
( 201  296  -134  )
( 267  -319  -143  )
( -221  220  212  )
( 305  -0  -300  )
( -295  -206  -166  )
( 64  17  -206  )
( 164  81  343  )
( 253  -84  -154  )
( -160  21  38  )
( -276  298  34  )
( -92  -34  23  )
( 175  161  -262  )
( 78  230  224  )
( 249  32  -301  )
( 215  253  -184  )
( -82  217  -211  )
( 297  292  -173  )
( -179  26  -332  )
( -110  52  250  )
( 333  -47  246  )
( -306  257  29  )
( -106  -43  144  )
( 168  -327  179  )
( -178  146  349  )
( -113  -25  150  )
( -4  -335  138  )
( 217  -192  -260  )
( 135  -312  173  )
( 199  127  -264  )
( 3  194  -338  )
( 263  323  -131  )
( -326  -267  -197  )
( 224  -50  -175  )
( -156  120  257  )
( 174  -221  -105  )
( 155  -54  -83  )
( -136  118  84  )
( 77  189  185  )
( -105  123  -292  )
( -164  123  235  )
( 348  341  327  )
( 193  -16  -40  )
( -113  332  -62  )
( 3  266  -239  )
( 283  -305  105  )
( -59  -22  188  )
( 17  -153  -290  )
( 38  147  -322  )
( 33  -12  7  )
( -91  -186  271  )
( 107  16  278  )
( 149  -258  -245  )
( 280  56  181  )
( -50  -34  110  )
( -222  -304  -24  )
( 202  23  -169  )
( -167  -307  -189  )
( -316  -63  1  )
( -297  -335  -217  )
( 258  77  103  )
( 327  179  288  )
( 52  -76  -304  )
( -229  -330  128  )
( -192  -35  84  )
( -28  -159  11  )
( 177  36  327  )
( 83  273  213  )
( -121  -297  -174  )
( -327  -292  176  )
( -188  -18  314  )
( -290  166  271  )
( 177  -258  52  )
( -19  17  -200  )
( 313  207  -92  )
( -167  -284  324  )
( -305  -136  -341  )
( -93  187  -268  )
( 333  118  -304  )
( 84  -196  336  )
( -238  338  98  )
( -232  -183  148  )
( 248  -60  -88  )
( -230  -261  -304  )
( -6  -47  128  )
( 160  32  301  )
( -222  -220  199  )
( -291  201  -41  )
( -22  -329  -35  )
( 51  22  125  )
( 15  127  -77  )
( 56  -276  -70  )
( 342  -81  -207  )
( -153  -196  273  )
( -74  -286  -283  )
( 152  181  243  )
( 299  281  -107  )
( -310  206  81  )
( -40  -108  25  )
( 181  -300  -72  )
( 104  -344  5  )
( -3  305  195  )
( 338  -151  -341  )
( -145  -124  57  )
( -216  -278  -220  )
( 320  21  165  )
( -113  272  -194  )
( -32  -177  28  )
( -13  200  -39  )
( -142  -81  -70  )
( 302  -196  45  )
( 7  181  222  )
( 287  -250  123  )
( 245  -114  -187  )
( 321  -205  -282  )
( -44  -132  324  )
( 320  -109  -235  )
( 154  -116  -300  )
( 305  -88  120  )
( 105  -42  -6  )
( -104  -134  286  )
( -316  83  323  )
( 179  -149  -101  )
( -52  -193  343  )
( -291  -137  12  )
( -26  257  -48  )
( 117  302  146  )
( 10  272  -31  )
( 144  -290  -107  )
( 142  -14  46  )
( 46  90  185  )
( -168  348  -215  )
( 182  81  -197  )
( -275  -168  207  )
( 77  -207  249  )
( -233  315  170  )
( 79  309  232  )
( -195  -176  22  )
( 248  -187  -243  )
( 110  -177  -121  )
( 133  -285  226  )
( -129  79  210  )
( 271  -54  -289  )
( -277  -129  -149  )
( 99  -131  -213  )
( -42  -214  225  )
( 170  -147  298  )
( 14  299  60  )
( -187  103  254  )
( -138  -172  -268  )
( -101  69  -153  )
( -281  88  253  )
( 204  -155  21  )
( 303  277  -82  )
( 116  35  2  )
( -53  -204  87  )
( -229  244  -284  )
( 125  -107  41  )
( 213  293  249  )
( -34  -328  77  )
( 285  261  -310  )
( -330  -288  236  )
( 250  28  56  )
( 217  -94  -333  )
( 199  177  99  )
( -271  -46  136  )
( -36  -266  -334  )
( 317  -214  -189  )
( -333  -208  187  )
( 249  -321  -173  )
( 63  -278  -58  )
( -67  59  -101  )
( 138  289  109  )
( -58  -84  111  )
( -122  -303  -70  )
( 26  150  -235  )
( 234  -8  321  )
( -337  -101  347  )
( -1  -309  293  )
( -342  -46  101  )
( 15  227  -140  )
( 255  -64  -126  )
( -108  -268  116  )
( -151  -14  -170  )
( -118  -178  -45  )
( -129  -293  -104  )
( 168  -179  221  )
( 95  -223  -209  )
( -244  280  -177  )
( 108  -203  110  )
( -9  311  -295  )
( -239  37  115  )
( 34  191  -78  )
( -206  -128  109  )
( -159  -183  68  )
( 348  -176  349  )
( -163  -98  169  )
( -283  -82  189  )
( -162  66  -58  )
( 108  147  -261  )
( 73  -316  -146  )
( 259  301  10  )
( 296  -209  -163  )
( 184  225  305  )
( 11  158  257  )
( 15  48  -87  )
( -66  -9  259  )
( 231  -323  180  )
( -200  -295  186  )
( 345  161  -99  )
( -262  -19  -93  )
( 71  -45  150  )
( 274  344  -90  )
( -61  4  -54  )
( -215  -265  167  )
( 106  277  132  )
( -191  234  -16  )
( 163  4  -337  )
( 201  -92  -275  )
( -171  -134  -73  )
( 4  135  106  )
( 169  -225  345  )
( -211  -201  -181  )
( -279  -280  -155  )
( -283  -177  208  )
( 47  135  117  )
( 201  139  90  )
( 290  317  103  )
( 26  -78  132  )
( -150  -232  -23  )
( 13  75  -62  )
( -171  333  -227  )
( 59  56  -131  )
( -307  158  -187  )
( 319  -172  111  )
( 117  69  105  )
( 175  268  -252  )
( -95  167  126  )
( 116  310  244  )
( 188  -311  117  )
( -253  33  -281  )
( 55  177  -133  )
( -26  -105  167  )
( -273  -72  129  )
( -21  -168  60  )
( 174  301  342  )
( -257  -184  -198  )
( 253  12  -306  )
( -264  -148  -168  )
( -122  311  -187  )
( -27  -199  252  )
( -308  266  -13  )
( 280  -10  -35  )
( -334  -26  255  )
( -157  -95  293  )
( -114  -167  325  )
( 340  -296  -66  )
( -166  -335  -30  )
( 104  156  -7  )
( 197  -298  -177  )
( -163  118  171  )
( -346  -212  300  )
( -230  -300  231  )
( -218  -47  -349  )
( 147  -293  -111  )
( -333  -141  -246  )
( -246  -302  213  )
( -259  -94  -255  )
( 84  -208  -340  )
( 338  302  214  )
( -100  32  -187  )
( 318  -245  15  )
( -104  -47  -136  )
( -146  284  -26  )
( -250  -340  325  )
( -307  -281  -77  )
( -126  -300  103  )
( -267  -306  -326  )
( -299  -32  347  )
( -287  -144  79  )
( -131  -168  303  )
( -328  236  -141  )
( 211  101  82  )
( 150  235  -217  )
( 161  93  -271  )
( 257  337  199  )
( -238  -208  -194  )
( 312  74  -271  )
( 32  339  -128  )
( -337  292  -225  )
( 167  -272  246  )
( 304  -171  121  )
( -293  120  124  )
( -163  -186  -55  )
( 127  -267  -96  )
( 281  -309  303  )
( 208  -299  -20  )
( 336  297  119  )
( 61  -232  -149  )
( 311  110  -187  )
( -72  -236  326  )
( -312  -66  244  )
( 62  167  266  )
( 211  119  76  )
( 181  -131  -273  )
( -290  242  -254  )
( -172  -346  -7  )
( 20  113  322  )
( 32  289  225  )
( -317  324  -98  )
( -108  0  -101  )
( -319  24  -268  )
( -314  -1  205  )
( 31  177  54  )
( -118  -200  111  )
( -339  307  201  )
( 35  -323  -113  )
( 307  250  319  )
( 263  -207  -156  )
( -268  294  326  )
( 38  240  72  )
( -199  -85  110  )
( -83  -227  -48  )
( -264  40  287  )
( -37  -257  -277  )
( -44  -336  195  )
( -182  -244  4  )
( -84  -58  -276  )
( -166  -153  299  )
( -334  -308  -139  )
( 240  -31  146  )
( 185  -160  -243  )
( -125  -328  -6  )
( 157  240  294  )
( -209  -304  -207  )
( -330  -253  10  )
( 208  73  -128  )
( 151  -270  -159  )
( -95  295  -327  )
( 169  61  -198  )
( -253  -302  24  )
( -62  -25  -6  )
( 186  -194  -15  )
( 303  45  17  )
( -199  -203  -224  )
( 63  -5  214  )
( 39  314  92  )
( 68  -53  101  )
( 36  12  -133  )
( 158  316  254  )
( -346  -1  -284  )
( -271  -223  265  )
( 50  -132  -99  )
( 344  119  -194  )
( -209  -266  -314  )
( -309  -334  -57  )
( -280  -98  249  )
( 173  -172  119  )
( 120  -215  -216  )
( -116  -281  -124  )
( -200  237  -90  )
( -172  248  344  )
( -273  13  -123  )
( 116  8  27  )
( 139  -320  127  )
( -39  34  244  )
( -89  -98  91  )
( 80  160  -28  )
( 314  -332  6  )
( 299  107  139  )
( -147  108  86  )
( -149  -99  14  )
( -127  -68  -22  )
( 218  -76  -73  )
( 236  324  265  )
( -109  -332  -214  )
( -9  191  156  )
( 343  65  -296  )
( 187  335  -2  )
( -132  119  278  )
( 129  218  76  )
( 342  287  201  )
( 163  168  -331  )
( 243  228  -26  )
( 74  291  235  )
( -209  -6  -74  )
( -125  159  -32  )
( -88  222  -242  )
( -48  241  -342  )
( -40  248  -177  )
( 205  -240  -279  )
( 332  285  55  )
( -332  -155  -38  )
( 10  -224  334  )
( -191  -125  52  )
( 125  305  -9  )
( 171  333  -183  )
( -254  184  -116  )
( -73  253  221  )
( -211  14  -245  )
( 342  -334  -254  )
( -303  -63  -77  )
( -194  -12  114  )
( -299  -47  -112  )
( -254  -307  -271  )
( -130  -312  278  )
( 67  -339  158  )
( 215  6  -175  )
( 116  53  -113  )
( -263  140  139  )
( -267  -0  -300  )
( 236  -207  186  )
( -243  -217  -6  )
( 316  -167  242  )
( -149  -21  -330  )
( -126  54  174  )
( -132  145  260  )
( 19  -171  252  )
( -133  -315  107  )
( 69  -83  -77  )
( -240  -1  218  )
( 65  184  -191  )
( -335  9  293  )
( -315  -99  47  )
( -61  200  67  )
( 140  81  -260  )
( -112  152  -150  )
( -52  280  -44  )
( 128  254  -95  )
( -304  117  -286  )
( 126  231  -71  )
( -185  -325  64  )
( 34  308  -55  )
( 245  202  292  )
( -282  132  -117  )
( 165  64  -150  )
( -221  -334  313  )
( -272  324  49  )
( -105  269  -197  )
( -131  -267  64  )
( 228  -105  -64  )
( 213  -53  4  )
( -248  342  295  )
( -114  147  -174  )
( -60  -149  -216  )
( 293  295  -186  )
( -204  16  14  )
( -298  -81  239  )
( 174  -143  280  )
( -14  295  305  )
( -117  181  -205  )
( -228  -308  330  )
( -2  -104  -106  )
( -9  -294  -190  )
( 15  51  -214  )
( -67  133  -136  )
( 59  -250  -152  )
( -302  120  196  )
( 107  226  309  )
( -117  120  -29  )
( -227  -138  -185  )
( -138  242  69  )
( 65  -263  -266  )
( -188  161  193  )
( 182  -141  -296  )
( 315  -286  138  )
( -135  -32  279  )
( -6  -334  -132  )
( 270  -1  -62  )
( -343  -207  80  )
( -258  72  340  )
( -4  180  -105  )
( 83  -140  -3  )
( 55  313  -214  )
( -50  -194  -51  )
( 258  -103  -125  )
( 87  63  109  )
( -121  23  -212  )
( -166  219  33  )
( -248  -325  238  )
( -214  -126  140  )
( -37  140  -310  )
( -231  -332  244  )
( -135  333  -251  )
( 253  -255  268  )
( -80  -124  141  )
( 328  145  37  )
( -343  -18  25  )
( 178  -281  -204  )
( -298  -46  -291  )
( 191  -331  -124  )
( 284  177  -183  )
( -45  -80  -235  )
( -309  -62  241  )
( -235  143  -300  )
( -49  -329  297  )
( 243  -196  4  )
( -110  -107  117  )
( -38  343  309  )
( 285  257  94  )
( -188  -78  245  )
( -34  -269  -183  )
( -203  -344  184  )
( 160  96  -198  )
( -203  -18  -319  )
( -231  274  53  )
( -328  -244  -119  )
( 130  228  -247  )
( 46  -78  95  )
( 165  122  -97  )
( 166  -75  -103  )
( -327  124  94  )
( 26  -21  -84  )
( 128  116  -100  )
( -199  -216  227  )
( -293  42  190  )
( 216  -40  27  )
( 63  244  -7  )
( -81  -16  -317  )
( -286  -333  -277  )
( -214  -237  -6  )
( -64  -121  238  )
( -332  -277  -143  )
( 152  -306  -198  )
( 268  -121  176  )
( -333  183  302  )
( -209  151  -11  )
( 112  34  205  )
( -246  149  -20  )
( -246  -281  -136  )
( 247  76  -90  )
( -145  -25  266  )
( 256  281  -33  )
( -227  111  -319  )
( 35  173  113  )
( -336  206  89  )
( -249  174  -200  )
( -1  5  156  )
( 234  -79  -283  )
( 25  -12  -206  )
( -303  -82  76  )
( -275  -228  -138  )
( 307  17  30  )
( 226  -171  -253  )
( -127  228  203  )
( -69  -153  -216  )
( -112  33  -212  )
( -269  -161  113  )
( 237  -275  82  )
( -77  200  -93  )
( 294  -308  88  )
( 155  225  178  )
( -223  47  56  )
( 322  230  -87  )
( -184  -278  -188  )
( 344  -286  224  )
( -67  279  78  )
( 195  -57  19  )
( 156  -15  131  )
( 66  -49  159  )
( -193  -280  -245  )
( 229  267  -7  )
( -316  -25  -319  )
( 65  23  -20  )
( 252  -28  263  )
( -330  -219  341  )
( 30  153  -186  )
( -151  -295  -203  )
( -148  -25  8  )
( -217  255  210  )
( -240  -22  -185  )
( 98  48  -177  )
( 21  284  -240  )
( -303  -41  42  )
( 47  -297  -57  )
( 340  241  -133  )
( 87  -238  144  )
( 83  -201  15  )
( -247  37  254  )
( -122  200  318  )
( 257  -248  115  )
( 182  -246  -301  )
( -45  30  312  )
( 315  47  -227  )
( 209  318  283  )
( 338  295  120  )
( -126  215  -308  )
( 39  -43  112  )
( -230  -185  111  )
( 220  -42  -209  )
( -237  216  -249  )
( -277  111  1  )
( 332  151  -27  )
( 320  135  106  )
( 265  246  -271  )
( 335  280  207  )
( -217  134  -342  )
( -65  -281  -64  )
( 189  139  13  )
( 134  35  75  )
( -85  61  281  )
( 240  -237  -97  )
( -155  -26  -153  )
( 178  344  -159  )
( 120  266  12  )
( 87  346  -181  )
( -246  -135  -145  )
( -274  236  71  )
( -137  -210  -184  )
( -76  -166  5  )
( -338  -304  -275  )
( -163  284  -106  )
( 67  -133  -27  )
( -144  335  -169  )
( 204  -25  314  )
( -73  -203  -199  )
( -155  -279  -153  )
( -208  347  -12  )
( -222  -198  -264  )
( -265  326  -307  )
( 0  27  -144  )
( 151  278  -115  )
( -307  174  316  )
( 205  -274  125  )
( 281  -116  239  )
( -73  127  122  )
( 199  -76  276  )
( 66  265  143  )
( 176  113  -250  )
( 302  -241  -318  )
( -214  -209  311  )
( -260  -216  -121  )
( 89  218  275  )
( 129  333  -51  )
( -77  44  182  )
( 187  340  348  )
( 194  60  -271  )
( 310  -174  -153  )
( 243  279  247  )
( -43  -2  -102  )
( 29  -39  12  )
( -305  -320  -100  )
( 285  286  333  )
( 109  -181  -289  )
( 32  -70  85  )
( 76  253  -294  )
( 134  193  150  )
( 161  -48  -257  )
( 293  0  344  )
( 244  345  113  )
( 228  165  -329  )
( 54  235  -101  )
( 332  313  -19  )
( 61  108  57  )
( -55  127  209  )
( -196  282  -339  )
( -204  4  304  )
( -228  213  -26  )
( 90  -334  -171  )
( -129  201  -72  )
( -261  -185  -322  )
( -325  -269  -309  )
( 340  24  -254  )
( -84  200  -176  )
( -71  -312  279  )
( 78  282  -272  )
( -86  239  -287  )
( -53  -193  -69  )
( -66  -45  20  )
( -65  279  28  )
( 159  -162  248  )
( -134  160  1  )
( 155  -166  230  )
( -193  -22  -8  )
( -146  -27  43  )
( -140  181  18  )
( -214  60  -62  )
( -210  -137  -106  )
( 151  -198  257  )
( 249  135  -170  )
( 60  249  -40  )
( 194  -321  -102  )
( 224  -311  148  )
( 294  157  341  )
( -93  8  326  )
( 226  248  -157  )
( 253  -154  226  )
( 79  277  213  )
( 130  -127  157  )
( -338  72  71  )
( -53  -189  170  )
( -134  -285  -117  )
( 17  263  -255  )
( 342  280  -194  )
( -305  -134  -7  )
( -319  29  -171  )
( 150  93  -115  )
( -227  -141  -323  )
( -239  -16  -12  )
( 287  -240  163  )
( -301  242  79  )
( -309  -8  -208  )
( 269  -329  345  )
( -153  -328  8  )
( 179  -45  247  )
( -252  -224  208  )
( -242  197  -96  )
( -237  63  -158  )
( -72  -109  -148  )
( 119  -235  -231  )
( -20  -91  13  )
( -339  -63  -284  )
( -314  130  -110  )
( 240  -169  -92  )
( -213  -149  -264  )
( -178  -198  64  )
( -62  274  141  )
( -179  0  -266  )
( -105  83  38  )
( 281  -82  213  )
( -212  -329  314  )
( 137  287  -163  )
( 57  -330  245  )
( 189  -191  38  )
( -62  225  -338  )
( 178  16  24  )
( -241  209  164  )
( -271  -343  93  )
( -19  -134  -252  )
( -184  -93  283  )
( 15  -224  -268  )
( 244  338  -317  )
( -331  -290  -280  )
( -93  80  -168  )
( -56  277  340  )
( -325  257  58  )
( 264  4  -282  )
( 194  252  265  )
( -15  124  215  )
( 255  68  -296  )
( -264  24  -299  )
( -282  195  -200  )
( -271  327  -101  )
( -328  -37  269  )
( -76  106  -248  )
( 145  143  302  )
( 243  -140  180  )
( 159  238  254  )
( 128  54  -74  )
( 244  222  47  )
( -69  81  -106  )
( -267  -240  -9  )
( -38  -130  222  )
( -132  -348  -70  )
( -149  88  136  )
( 55  249  286  )
( -115  -87  37  )
( 204  328  -102  )
( -43  -31  15  )
( 230  -59  316  )
( 38  75  -139  )
( -87  -158  -214  )
( 180  195  317  )
( -161  -224  -220  )
( 169  217  -307  )
( -264  -250  -27  )
( -177  -93  -23  )
( -229  -44  -328  )
( -168  264  -67  )
( 169  -56  154  )
( 249  215  223  )
( 218  176  -91  )
( -139  164  -62  )
( 290  289  288  )
( -74  239  -62  )
( 300  349  -309  )
( 63  -26  213  )
( -148  -201  -208  )
( 318  244  -172  )
( 220  -151  -64  )
( 49  -200  -261  )
( -138  -70  317  )
( 243  -22  -78  )
( 196  -210  -345  )
( 60  86  -73  )
( -328  -319  271  )
( -253  -232  333  )
( 175  -320  349  )
( 233  328  94  )
( -155  -132  162  )
( -54  116  -261  )
( -230  -309  -88  )
( 49  -196  -197  )
( 268  -119  228  )
( -145  2  309  )
( 274  -192  228  )
( -265  20  194  )
( -314  281  -178  )
( -246  -305  208  )
( -129  192  257  )
( -3  -4  -187  )
( 169  -263  -123  )
( -0  -46  289  )
( 39  215  -97  )
( 340  -181  -243  )
( 311  212  165  )
( -81  195  -264  )
( -59  28  -309  )
( 168  -243  -347  )
( 277  326  110  )
( 321  271  63  )
( -238  -121  39  )
( 94  -80  -42  )
( -54  107  115  )
( 50  122  257  )
( -85  -186  6  )
( 190  -296  -130  )
( -318  57  -133  )
( 213  -109  60  )
( -264  325  137  )
( 224  203  256  )
( -23  -11  -77  )
( 262  -44  74  )
( -258  48  266  )
( -188  -260  -349  )
( -87  247  -277  )
( 322  153  -87  )
( -19  304  -208  )
( -43  322  -284  )
( 25  -6  287  )
( -261  -73  -315  )
( -252  211  326  )
( 196  221  349  )
( -269  119  74  )
( -265  193  -146  )
( -293  104  78  )
( 121  192  169  )
( -307  -79  90  )
( -208  -76  -151  )
( -302  275  330  )
( -206  -155  58  )
( 239  341  56  )
( 23  5  167  )
( 333  120  90  )
( 275  -283  246  )
( -236  71  296  )
( -70  41  163  )
( 168  245  29  )
( 223  38  -294  )
( 230  -45  132  )
( -22  332  138  )
( 235  -54  309  )
( 284  -258  -117  )
( -1  125  -18  )
( -200  -318  -35  )
( -184  -0  -46  )
( 326  -154  -52  )
( 245  281  255  )
( -137  -316  191  )
( -186  326  -141  )
( 66  -77  178  )
( -211  -159  222  )
( 225  52  169  )
( 44  38  -59  )
( -106  -190  112  )
( -84  135  213  )
( 213  -305  191  )
( -149  337  -19  )
( -127  337  160  )
( 332  107  347  )
( 16  64  220  )
( 120  -290  -246  )
( 299  -265  313  )
( -11  -46  -279  )
( -87  -269  38  )
( -307  209  41  )
( 109  -85  344  )
( 315  -192  305  )
( 337  293  -24  )
( -86  -6  -42  )
( 282  256  326  )
( 344  109  -244  )
( 193  -53  -335  )
( 282  -149  -199  )
( 325  -171  -300  )
( 326  -285  -281  )
( 190  29  -233  )
( 139  -16  236  )
( 164  326  -73  )
( -30  25  -341  )
( -137  131  93  )
( -16  103  210  )
( 113  -150  329  )
( 295  -312  -80  )
( -248  -140  316  )
( -123  -319  -27  )
( 275  -166  204  )
( -273  153  -113  )
( -234  273  97  )
( 128  198  267  )
( 302  -318  242  )
( -10  -259  -55  )
( -7  114  66  )
( -258  177  -21  )
( -111  324  311  )
( 3  246  -210  )
( -196  18  -252  )
( -107  265  -59  )
( 48  187  -43  )
( -174  116  73  )
( 37  -129  -75  )
( -107  -297  -78  )
( -62  284  38  )
( 318  -78  -340  )
( -248  317  331  )
( 153  -93  166  )
( 349  103  -153  )
( 259  323  14  )
( -256  -155  -81  )
( 128  65  -188  )
( -51  170  -189  )
( -190  49  -226  )
( 73  -223  201  )
( 259  -178  88  )
( -204  -338  30  )
( 202  141  165  )
( -84  150  111  )
( -70  -131  -312  )
( -24  -102  156  )
( 289  148  -194  )
( 326  -89  -33  )
( -271  282  -246  )
( 348  -289  -260  )
( 107  -162  -347  )
( 31  -225  288  )
( 58  -200  184  )
( 282  -54  -234  )
( 173  342  -319  )
( 292  -189  -6  )
( 7  162  -274  )
( 204  -64  -269  )
( -40  221  -219  )
( 273  -2  135  )
( -63  26  15  )
( 283  234  -103  )
( -348  221  -27  )
( -341  293  48  )
( 216  -190  205  )
( 47  62  -196  )
( -33  126  239  )
( 262  -139  212  )
( 306  148  -274  )
( -74  -228  -95  )
( 113  15  181  )
( 202  -236  339  )
( 233  -35  -148  )
( 133  205  -237  )
( 219  -4  -325  )
( 5  106  134  )
( 167  4  -63  )
( 38  171  -41  )
( -163  275  306  )
( 263  215  -42  )
( 258  262  178  )
( -41  -110  218  )
( 221  -181  237  )
( 215  11  185  )
( 306  273  -183  )
( 306  -109  140  )
( -254  -159  -156  )
( -162  22  283  )
( 139  -140  -204  )
( -18  238  240  )
( -133  188  264  )
( 129  100  -12  )
( -193  259  209  )
( 96  35  87  )
( 330  228  230  )
( -265  88  -132  )
( -120  267  -223  )
( -248  -217  211  )
( 316  -177  67  )
( -149  35  216  )
( -324  221  55  )
( -35  -32  165  )
( 78  -59  150  )
( -90  -239  -228  )
( -264  64  -9  )
( 208  191  -267  )
( 310  -215  337  )
( -48  302  122  )
( -156  -124  -200  )
( 292  -155  146  )
( -72  -105  242  )
( 66  291  301  )
( -195  -24  234  )
( 187  49  -171  )
( -90  274  -246  )
( 147  -62  -134  )
( -265  -180  332  )
( -62  132  -145  )
( 313  173  -16  )
( 28  164  288  )
( 159  169  -221  )
( 205  303  177  )
( 313  146  176  )
( 140  199  225  )
( -66  -157  -268  )
( 197  188  -1  )
( -332  -269  -169  )
( 267  101  -30  )
( 144  -174  90  )
( 157  307  -348  )
( -302  321  -288  )
( 246  -51  182  )
( -235  -298  -164  )
( 273  209  -158  )
( 286  -260  251  )
( -114  -64  -257  )
( -92  -157  -182  )
( 57  -134  -333  )
( 262  157  126  )
( -329  -144  315  )
( -128  29  99  )
( -174  216  -32  )
( 292  156  17  )
( -11  -219  -339  )
( 26  -339  -230  )
( 307  243  -40  )
( 23  85  203  )
( 144  -152  162  )
( 21  254  54  )
( -25  8  -123  )
( -212  -205  171  )
( -241  -230  270  )
( -115  323  142  )
( 277  52  194  )
( 269  -330  329  )
( -109  -245  -298  )
( -48  -349  -247  )
( 225  -183  -140  )
( 77  59  -341  )
( -203  53  300  )
( 286  166  -38  )
( 338  2  251  )
( 40  -48  -23  )
( 284  -107  275  )
( -42  45  -283  )
( -124  -298  239  )
( -27  42  -155  )
( 316  -258  -295  )
( -267  -119  -309  )
( 230  324  161  )
( -81  -349  -248  )
( -295  -190  271  )
( 247  -328  106  )
( -172  -130  -288  )
( -140  185  -112  )
( -240  -338  32  )
( -189  -176  -166  )
( 224  280  -42  )
( -73  -111  -269  )
( 325  -264  142  )
( -293  161  -20  )
( 68  62  -7  )
( 146  -78  -94  )
( 194  232  248  )
( 215  -200  17  )
( -298  20  -320  )
( 170  -232  -191  )
( -199  -138  235  )
( -174  14  256  )
( 10  54  -135  )
( -165  -8  292  )
( 300  151  42  )
( -67  -306  49  )
( -193  165  164  )
( 291  -259  -119  )
( 127  -204  -159  )
( -284  -123  298  )
( 28  254  196  )
( 65  149  -47  )
( 131  71  -253  )
( 186  54  310  )
( 256  -222  -141  )
( 8  -5  -165  )
( -280  -148  -269  )
( -85  233  -94  )
( -101  -133  114  )
( -240  147  -337  )
( -161  113  164  )
( -37  -64  197  )
( -52  -49  -231  )
( -191  -81  -220  )
( -300  -339  -278  )
( -145  155  245  )
( 44  -24  -93  )
( -211  283  250  )
( -116  74  130  )
( 210  291  343  )
( 113  -292  -203  )
( -270  53  253  )
( 284  -297  329  )
( -173  319  27  )
( -81  -2  -252  )
( 133  75  -284  )
( -56  -133  306  )
( -107  209  -100  )
( -156  -286  45  )
( 223  -302  -122  )
( -331  -302  -341  )
( 41  310  -74  )
( 82  257  -71  )
( -166  -185  -80  )
( -81  -204  -6  )
( -183  208  251  )
( 109  108  -349  )
( -303  219  311  )
( -231  338  -5  )
( 337  -308  -282  )
( -31  94  -262  )
( -116  -187  148  )
( -206  -311  244  )
( -186  280  80  )
( -69  -235  -27  )
( 76  157  226  )
( 76  -54  209  )
( -195  -342  148  )
( -137  173  98  )
( -244  -56  10  )
( 254  -309  242  )
( 19  -82  -10  )
( -49  168  -71  )
( -112  -251  -117  )
( 269  -18  10  )
( 67  -69  44  )
( 109  255  -173  )
( 26  -287  -174  )
( -300  -188  248  )
( -110  -259  33  )
( 228  37  303  )
( -14  87  340  )
( -61  197  -128  )
( 43  -35  -150  )
( -110  -346  -179  )
( 168  -63  102  )
( -31  -286  298  )
( 115  -82  -316  )
( 149  -248  150  )
( 334  -33  -211  )
( -157  -242  -79  )
( 117  313  -167  )
( -67  14  75  )
( -159  329  -274  )
( -190  -157  -239  )
( 112  -334  118  )
( -330  -288  -249  )
( 89  -222  -304  )
( -257  86  -202  )
( -343  119  294  )
( -102  -348  246  )
( -238  -137  121  )
( 174  186  -65  )
( 14  -159  39  )
( 264  -246  160  )
( 13  -114  169  )
( -246  308  96  )
( 331  -97  -23  )
( 55  213  -298  )
( 277  145  105  )
( -6  24  -115  )
( 335  225  157  )
( 213  -232  327  )
( -132  62  224  )
( 136  6  -70  )
( 321  -196  -282  )
( 226  210  258  )
( 245  -260  219  )
( -80  314  76  )
( -244  -48  -149  )
( 27  -126  -102  )
( 23  280  173  )
( 165  36  -313  )
( 335  250  -342  )
( 193  322  -23  )
( 96  -303  -36  )
( -107  98  -261  )
( -261  -309  -243  )
( 29  195  180  )
( 73  133  -172  )
( -316  -37  293  )
( 200  70  -49  )
( -167  -341  41  )
( 34  -66  -330  )
( 292  -237  339  )
( 88  282  -83  )
( 140  -166  58  )
( 323  208  195  )
( 8  293  -88  )
( -74  70  -136  )
( -323  -183  -103  )
( -270  249  307  )
( 163  342  -296  )
( 169  9  318  )
( -130  -226  292  )
( -143  136  -51  )
( -260  208  -25  )
( -82  -42  -219  )
( -284  3  226  )
( -225  -3  -316  )
( 81  -212  -93  )
( -296  187  -244  )
( 156  -98  203  )
( 179  17  27  )
( -247  -42  -24  )
( -241  161  85  )
( -256  -143  -250  )
( 218  105  60  )
( -99  -349  -267  )
( -154  -319  -236  )
( 156  310  46  )
( 176  -165  -301  )
( 62  -322  259  )
( -188  307  312  )
( 167  -247  -283  )
( 99  333  286  )
( -331  292  -3  )
