( 320  -85  292  )
( 274  132  211  )
( -67  -25  189  )
( -305  208  -222  )
( 264  137  -277  )
( -196  -61  -212  )
( 135  -70  247  )
( 237  -68  298  )
( -120  -203  31  )
( -242  115  167  )
( 181  123  131  )
( -171  -241  -70  )
( -343  309  337  )
( -174  239  -209  )
( 105  120  -84  )
( 333  -247  308  )
( -327  -64  -66  )
( 68  288  204  )
( -94  219  -61  )
( 270  -182  282  )
( -329  -311  -173  )
( 86  -202  283  )
( -74  334  46  )
( 98  -32  117  )
( -247  34  30  )
( 174  -21  177  )
( -94  202  -330  )
( -322  -344  -234  )
( -114  68  324  )
( -192  -173  205  )
( -222  -193  -75  )
( -186  -260  -1  )
( 27  -342  -97  )
( -333  87  328  )
( -136  63  -261  )
( -1  -167  -128  )
( 146  -172  -108  )
( 322  314  -161  )
( 114  327  -119  )
( 282  300  -200  )
( -16  328  70  )
( 170  275  -269  )
( 135  242  -331  )
( -5  -71  44  )
( 349  -216  314  )
( 127  195  -308  )
( -138  -91  -155  )
( 93  179  -15  )
( -226  10  333  )
( -32  -90  -112  )
( 191  168  -210  )
( 304  -121  -33  )
( -240  -41  -302  )
( 30  -133  157  )
( -217  6  221  )
( -335  200  -322  )
( 57  53  -55  )
( -166  -52  -197  )
( 334  -132  117  )
( -127  103  -268  )
( -125  -291  -78  )
( -21  115  345  )
( -65  39  -272  )
( 6  251  -253  )
( 284  179  22  )
( -247  -112  -109  )
( -237  -206  -98  )
( -210  203  -192  )
( -0  101  187  )
( 219  339  -266  )
( -0  -153  -217  )
( 49  -9  -271  )
( -236  145  310  )
( 174  294  338  )
( -227  -197  -159  )
( 279  41  -205  )
( -312  -256  -314  )
( 208  245  114  )
( -307  215  -179  )
( 225  76  -134  )
( 95  318  -210  )
( -9  316  -298  )
( 124  -212  -105  )
( -61  -328  201  )
( 37  74  -170  )
( -17  125  16  )
( -221  -22  -278  )
( -26  269  -124  )
( 293  -0  -115  )
( -176  -17  323  )
( 275  197  -60  )
( 321  275  67  )
( -58  -123  -336  )
( -157  237  124  )
( 139  -58  -232  )
( 284  176  -229  )
( 102  80  170  )
( -148  147  240  )
( -344  -280  -174  )
( 313  -235  -10  )
( 56  -97  -309  )
( 328  191  295  )
( 239  305  347  )
( -197  -270  -234  )
( -187  255  -151  )
( -88  -48  128  )
( 259  -31  -306  )
( 91  243  94  )
( -155  55  291  )
( 340  225  172  )
( -9  183  32  )
( -4  -275  -137  )
( 158  71  -284  )
( -253  300  -95  )
( 66  -189  216  )
( 108  -118  -84  )
( -326  16  -337  )
( -97  -135  -204  )
( -27  -196  135  )
( 185  -196  -116  )
( -32  118  -285  )
( -200  19  173  )
( 150  217  -181  )
( 70  147  164  )
( -83  -135  -239  )
( 315  171  161  )
( 181  -134  -0  )
( -24  334  2  )
( -322  39  35  )
( -65  -152  -312  )
( 92  223  -29  )
( -152  242  -53  )
( -83  -10  -330  )
( -234  -321  -217  )
( 338  195  278  )
( -190  -131  -232  )
( -302  325  -274  )
( -319  124  -23  )
( -294  152  311  )
( -305  348  -87  )
( -145  273  -261  )
( -1  -118  13  )
( 186  -193  -29  )
( -244  -304  -140  )
( 246  304  259  )
( -72  42  312  )
( 128  -8  -174  )
( 137  -40  -332  )
( -204  -4  171  )
( -65  94  -150  )
( 258  259  4  )
( -180  -326  209  )
( 214  256  127  )
( 246  -288  -176  )
( 86  -328  -110  )
( 26  273  287  )
( -87  330  -349  )
( -53  146  270  )
( -103  94  -315  )
( 144  206  -212  )
( 262  286  206  )
( -119  134  -255  )
( -262  -264  -273  )
( 313  273  275  )
( 277  293  101  )
( -200  70  141  )
( 344  290  231  )
( -51  -249  49  )
( 286  87  243  )
( 347  -144  -173  )
( -296  -112  10  )
( 195  -349  -60  )
( 182  -2  68  )
( 212  331  -166  )
( 191  -242  127  )
( 174  -101  -247  )
( -104  139  -309  )
( 37  -132  31  )
( -168  -103  53  )
( -210  -20  -288  )
( -72  160  -176  )
( 335  214  29  )
( -25  349  -207  )
( -260  -298  -82  )
( -346  -285  -37  )
( 124  313  -89  )
( 66  190  198  )
( 74  -118  -151  )
( -334  -67  44  )
( -131  59  322  )
( 128  175  -348  )
( -314  190  -277  )
( 138  -283  -178  )
( 294  11  348  )
( -210  -82  324  )
( -4  -259  -31  )
( 76  -2  -331  )
( -271  295  -58  )
( -260  38  180  )
( 328  -305  95  )
( -338  -343  96  )
( 275  -330  182  )
( 80  212  261  )
( -268  333  263  )
( 282  131  127  )
( 165  -174  242  )
( -105  -70  0  )
( 215  164  191  )
( 307  -86  -44  )
( -112  32  -239  )
( 192  15  321  )
( -171  191  89  )
( 317  -164  -319  )
( -79  -23  83  )
( 131  -129  304  )
( 231  117  -272  )
( -83  -333  8  )
( -247  48  -254  )
( 188  -113  24  )
( -325  -170  -45  )
( -98  282  -247  )
( 299  10  -119  )
( -238  155  226  )
( -91  37  -299  )
( -88  41  -288  )
( -311  46  -125  )
( -267  -47  105  )
( 301  -227  -232  )
( 94  151  222  )
( -50  68  0  )
( -199  43  -311  )
( -99  2  21  )
( -42  236  35  )
( -154  164  -226  )
( 201  -233  -242  )
( 337  212  -83  )
( -14  63  275  )
( -72  330  -83  )
( 218  -216  -144  )
( -280  165  102  )
( 288  -59  137  )
( 321  283  -5  )
( -214  -255  338  )
( 52  264  -156  )
( -330  9  231  )
( -271  -184  243  )
( -192  -9  -19  )
( -204  -148  -211  )
( -3  15  -180  )
( -59  228  164  )
( -204  59  314  )
( -39  109  295  )
( -95  220  -236  )
( 235  27  -125  )
( -337  -151  32  )
( -234  -278  17  )
( -316  -325  -213  )
( 199  256  202  )
( -225  -178  17  )
( 261  217  225  )
( 240  -156  265  )
( -198  191  17  )
( -249  -76  344  )
( -23  -116  253  )
( 20  -58  0  )
( 46  14  -156  )
( -241  321  18  )
( 267  -258  -41  )
( 252  5  -40  )
( 74  -285  337  )
( 122  -300  -120  )
( 32  -278  -30  )
( 21  343  205  )
( 332  -231  -135  )
( -237  -26  277  )
( -105  270  75  )
( -205  289  -275  )
( 321  -54  142  )
( 290  293  -267  )
( -118  -87  45  )
( 8  -89  -304  )
( -107  -159  -295  )
( 88  -207  -326  )
( 124  75  9  )
( -232  325  -266  )
( 198  329  -323  )
( 125  110  -43  )
( 166  -347  281  )
( 231  249  264  )
( 308  -319  -123  )
( -189  174  -233  )
( 273  -64  52  )
( -66  222  297  )
( 65  200  -91  )
( 233  -312  3  )
( -242  21  255  )
( -349  277  -327  )
( -193  13  -239  )
( 238  267  -219  )
( 152  -99  204  )
( -138  -60  -132  )
( 59  -193  39  )
( -144  285  196  )
( 296  174  -189  )
( 314  -113  81  )
( -324  -289  -165  )
( -17  329  288  )
( -158  -319  -98  )
( 24  162  -182  )
( -248  -169  10  )
( -160  -218  -96  )
( -222  322  -199  )
( 278  222  115  )
( 220  -147  -95  )
( 225  80  169  )
( -45  -243  270  )
( 16  -191  -202  )
( -119  -144  -223  )
( -5  201  -304  )
( -101  313  -143  )
( -309  -114  -162  )
( 78  -52  -5  )
( 100  274  294  )
( 17  97  18  )
( 195  25  155  )
( 118  -316  73  )
( -52  278  -113  )
( 260  -28  92  )
( -90  27  118  )
( -45  68  120  )
( -96  -260  -10  )
( 226  217  -218  )
( -263  -328  212  )
( 16  -141  -297  )
( -47  -207  -215  )
( 338  144  302  )
( -12  -22  -193  )
( 310  62  83  )
( -47  108  -59  )
( -87  -10  270  )
( 94  -182  349  )
( -183  -328  179  )
( -169  234  -43  )
( 164  175  -331  )
( 332  134  -256  )
( -113  245  238  )
( 298  -296  -249  )
( -147  -313  -57  )
( -319  -168  -160  )
( 31  -105  -276  )
( -118  67  28  )
( 232  -175  -92  )
( -175  84  59  )
( 105  -59  -292  )
( 116  264  221  )
( 292  -171  83  )
( -332  -153  -214  )
( -189  -262  225  )
( 260  -257  136  )
( -327  18  156  )
( -184  -269  343  )
( -19  250  143  )
( 112  29  321  )
( 197  -186  200  )
( 237  176  -110  )
( 207  -13  129  )
( -9  -108  -93  )
( -275  -312  174  )
( -102  -305  330  )
( -232  316  184  )
( 207  308  -315  )
( 126  311  -35  )
( -153  148  -69  )
( 132  -27  11  )
( -349  249  194  )
( 312  -35  -189  )
( 194  89  -105  )
( 336  -174  341  )
( 238  -320  113  )
( -198  99  -225  )
( -149  131  113  )
( 346  -191  71  )
( 324  -31  -244  )
( 330  40  -199  )
( 125  -140  -346  )
( -342  -248  -18  )
( 156  335  88  )
( 317  -228  152  )
( 281  343  -296  )
( -332  313  -198  )
( 9  292  -321  )
( -72  160  -19  )
( -102  145  -170  )
( -39  -255  189  )
( -10  -248  -233  )
( -117  -326  45  )
( 164  58  117  )
( -236  164  114  )
( 147  81  78  )
( -231  -292  83  )
( 113  306  -108  )
( 327  329  -242  )
( -227  -341  254  )
( 19  -8  -52  )
( -256  -122  10  )
( -320  270  -187  )
( 238  -105  260  )
( 226  -275  -19  )
( 173  83  -156  )
( -335  149  98  )
( -218  74  -52  )
( 139  97  144  )
( 281  39  -25  )
( -285  -132  19  )
( 237  -135  76  )
( -81  -35  83  )
( 101  -304  206  )
( 291  300  285  )
( -52  221  -232  )
( -197  -264  -304  )
( -81  270  -337  )
( -290  6  -211  )
( -287  -34  -246  )
( -48  -168  304  )
( 37  -108  258  )
( -263  -314  233  )
( 349  228  152  )
( -283  -208  -198  )
( -154  192  -200  )
( -175  -304  331  )
( 252  -100  -238  )
( 11  -200  28  )
( -113  -19  287  )
( 261  36  -318  )
( -31  -36  83  )
( -262  14  40  )
( -56  80  141  )
( 41  -194  43  )
( 348  311  15  )
( 166  -195  -71  )
( 259  -35  302  )
( 98  -285  143  )
( 54  -5  68  )
( 105  -272  -221  )
( 249  -22  327  )
( -148  -155  252  )
( 283  60  258  )
( 133  154  120  )
( 204  290  -275  )
( -236  138  140  )
( -116  299  -289  )
( 311  -332  244  )
( 5  -37  -329  )
( 339  -212  186  )
( 340  -294  -252  )
( 175  62  -177  )
( 212  313  -275  )
( 287  -324  -133  )
( -126  -68  195  )
( 320  349  -35  )
( 111  -258  66  )
( 251  261  53  )
( -72  151  -148  )
( -51  307  24  )
( -131  217  27  )
( 118  344  -184  )
( 112  188  -277  )
( -248  -142  -339  )
( -155  51  -167  )
( -278  322  -48  )
( 328  106  216  )
( -119  -285  114  )
( 211  -58  -173  )
( -28  62  -254  )
( -191  164  165  )
( 335  -43  125  )
( 269  296  212  )
( -17  39  -2  )
( -322  -154  114  )
( -114  -261  199  )
( 125  212  56  )
( -120  281  103  )
( -119  -230  89  )
( -283  -287  62  )
( -215  -200  -8  )
( 91  273  -306  )
( 344  176  -214  )
( -303  -1  111  )
( 71  151  -309  )
( -11  63  158  )
( -192  158  16  )
( 221  -81  314  )
( -98  -149  -326  )
( -231  -274  -168  )
( 56  171  104  )
( 21  283  218  )
( -323  16  -10  )
( 289  -44  -86  )
( 7  -35  201  )
( 53  -116  -305  )
( 250  51  128  )
( 235  -80  335  )
( 322  -259  -273  )
( 309  -293  -269  )
( 118  -203  224  )
( -341  -305  226  )
( -16  -26  136  )
( 10  -160  108  )
( -303  -285  -100  )
( -153  21  -263  )
( -191  -138  88  )
( -240  287  -100  )
( -14  -120  55  )
( 285  -91  -182  )
( 295  -162  155  )
( -3  -48  -277  )
( 300  87  -295  )
( 62  -317  -210  )
( 156  308  206  )
( -130  311  222  )
( -323  -47  227  )
( -109  117  -343  )
( 90  93  -120  )
( -325  125  -197  )
( -85  -145  -104  )
( 178  217  79  )
( -283  -218  64  )
( -323  -322  237  )
( 238  105  -41  )
( 162  -120  -108  )
( -135  157  -132  )
( -306  14  257  )
( 102  -263  -275  )
( -103  -264  -198  )
( 134  -98  -31  )
( -79  141  98  )
( -202  252  -206  )
( 155  204  -59  )
( -169  -98  16  )
( -94  163  144  )
( 62  35  -171  )
( 224  300  241  )
( 182  -149  253  )
( 301  -92  177  )
( -228  75  -187  )
( -108  -287  -315  )
( 269  225  -29  )
( 166  38  340  )
( -214  218  151  )
( 114  -276  217  )
( 293  -332  82  )
( 35  75  -31  )
( -125  295  96  )
( -305  49  -101  )
( -163  -240  -187  )
( 110  301  166  )
( 26  -156  -254  )
( -22  280  16  )
( -123  31  190  )
( 148  -197  226  )
( 293  -61  -341  )
( -114  -343  113  )
( -274  -6  73  )
( 191  97  -162  )
( 312  -118  135  )
( -8  91  57  )
( 113  -302  225  )
( -39  132  -125  )
( 167  -138  -194  )
( 240  255  -348  )
( 258  329  142  )
( 91  -246  -107  )
( -218  333  180  )
( 324  230  274  )
( -79  -106  -42  )
( 19  -94  -241  )
( 340  90  297  )
( -149  242  97  )
( 202  -337  237  )
( 55  -231  -282  )
( -233  -134  -138  )
( 94  28  165  )
( 0  35  138  )
( 137  -151  -197  )
( 70  -292  -99  )
( -188  283  0  )
( 205  -65  45  )
( 198  -247  -222  )
( 252  -97  -182  )
( -238  -225  -198  )
( -23  -156  -41  )
( 225  -60  -270  )
( 134  -255  19  )
( -143  -280  161  )
( 47  -60  178  )
( 253  -320  -29  )
( 300  20  282  )
( -271  113  -341  )
( 30  330  -4  )
( -183  312  240  )
( -138  -176  -62  )
( 60  -243  73  )
( 266  -229  -271  )
( 271  228  235  )
( -222  211  -232  )
( 91  -84  -52  )
( -117  -52  -223  )
( 216  97  -162  )
( -255  180  82  )
( 61  -65  86  )
( -51  213  -33  )
( 221  343  104  )
( -164  174  106  )
( -179  -345  -250  )
( -78  -259  124  )
( -190  214  202  )
( -121  -72  -195  )
( -235  -245  -160  )
( 106  -118  -161  )
( -249  194  274  )
( -326  -314  227  )
( 79  164  -167  )
( 292  98  23  )
( -164  -120  -139  )
( -335  -251  62  )
( 223  15  0  )
( -128  -82  -342  )
( 225  187  -172  )
( -342  131  206  )
( 343  304  -70  )
( 103  171  -206  )
( -134  -113  -259  )
( 158  197  -259  )
( 15  -331  290  )
( -331  70  -25  )
( -112  -245  -285  )
( 280  165  -253  )
( -174  104  -55  )
( -124  290  304  )
( -40  -7  66  )
( -285  321  -133  )
( 202  -62  152  )
( -285  176  -144  )
( 249  -50  172  )
( -292  -56  -60  )
( 220  -176  -323  )
( 274  -33  104  )
( 308  294  -302  )
( -143  3  -298  )
( -344  -239  -275  )
( -268  108  95  )
( 338  -275  -115  )
( -75  197  -209  )
( -240  169  -197  )
( -175  -140  -343  )
( 205  -164  18  )
( 68  4  -280  )
( 149  -247  231  )
( 11  87  -317  )
( 154  13  -313  )
( -244  118  288  )
( -178  2  -267  )
( 282  -161  -152  )
( -311  108  206  )
( -250  230  161  )
( -280  -290  149  )
( 220  346  -68  )
( -276  198  182  )
( -280  -287  118  )
( -337  -192  -263  )
( -294  72  249  )
( -214  45  236  )
( 135  -284  159  )
( -81  117  281  )
( 168  96  138  )
( -134  -1  -318  )
( 202  -319  232  )
( 330  162  1  )
( -165  174  322  )
( 173  -249  -298  )
( 100  158  134  )
( -226  -77  -16  )
( -75  118  176  )
( -240  295  143  )
( 2  -51  -108  )
( -31  -249  83  )
( -318  119  -67  )
( 216  256  161  )
( 337  -48  -23  )
( -321  170  -54  )
( -75  193  223  )
( -278  -115  -70  )
( 300  286  -255  )
( 194  -179  -71  )
( 207  -112  232  )
( -327  123  271  )
( 260  -36  147  )
( 235  -175  193  )
( 139  -340  -10  )
( -185  -266  -168  )
( -255  205  228  )
( 223  -298  323  )
( 207  -179  -144  )
( -106  -287  -112  )
( -135  124  -72  )
( 143  347  -48  )
( 118  329  -189  )
( -306  50  206  )
( 96  208  94  )
( -224  302  -317  )
( 68  192  60  )
( 149  -182  136  )
( 66  63  83  )
( -147  -336  38  )
( 251  -159  -300  )
( -174  28  -130  )
( -77  -76  -231  )
( 341  95  131  )
( 53  -202  324  )
( 210  -5  152  )
( 275  -98  -73  )
( -125  296  -155  )
( 265  -320  173  )
( 335  -43  304  )
( -285  -101  -172  )
( 181  -298  -119  )
( 180  225  -119  )
( -267  -10  74  )
( -29  103  -39  )
( 37  -337  152  )
( 180  -270  -223  )
( -218  93  253  )
( -311  -313  0  )
( 301  -199  -12  )
( -81  -198  -192  )
( -250  -106  117  )
( -307  -169  166  )
( -86  -336  -73  )
( 306  -90  134  )
( -44  180  -139  )
( 172  61  -336  )
( -141  56  -46  )
( -325  113  -290  )
( -197  -49  329  )
( 186  170  -88  )
( 239  138  270  )
( 21  222  -49  )
( -332  -111  -347  )
( 302  -116  79  )
( -314  99  246  )
( 188  4  299  )
( -288  -278  131  )
( -237  175  -348  )
( -11  210  235  )
( -50  230  -287  )
( 75  293  -192  )
( -276  -322  182  )
( 293  111  191  )
( -110  -325  -156  )
( 212  332  328  )
( 315  323  29  )
( -143  185  -176  )
( 318  25  -65  )
( -193  323  21  )
( -18  227  16  )
( 270  -268  287  )
( 293  329  -133  )
( -236  329  -124  )
( -300  -167  92  )
( -174  277  44  )
( 316  29  -131  )
( 133  -99  -113  )
( -163  346  222  )
( 327  49  2  )
( -299  11  332  )
( -147  -61  -85  )
( 41  269  -189  )
( 92  -53  157  )
( 13  -196  -66  )
( -303  42  79  )
( 155  -19  -83  )
( 347  -7  -183  )
( 152  -97  -214  )
( 207  -239  244  )
( -277  -153  0  )
( 133  15  202  )
( 189  -326  107  )
( -278  -40  -126  )
( -33  -31  -138  )
( -247  326  -85  )
( -187  82  249  )
( -251  -105  -231  )
( -9  -199  -219  )
( 70  267  -110  )
( -271  -189  49  )
( 78  -121  222  )
( -138  -254  48  )
( -17  -197  117  )
( 74  336  -332  )
( -97  -224  26  )
( -21  -15  -109  )
( 222  59  -156  )
( 172  97  148  )
( -257  -282  -325  )
( -137  317  -292  )
( 107  -329  277  )
( -218  46  -154  )
( -188  179  -269  )
( 273  198  276  )
( 111  94  153  )
( -215  -320  -268  )
( -191  31  173  )
( -66  213  186  )
( -77  12  -10  )
( 328  315  100  )
( -120  8  107  )
( -23  -121  -32  )
( -113  295  115  )
( -346  -213  -194  )
( 225  99  -9  )
( 273  -269  49  )
( 26  111  -56  )
( -226  -345  -337  )
( 317  -44  109  )
( 79  -331  300  )
( -334  -153  90  )
( 181  -154  -60  )
( 157  152  -334  )
( 271  -156  -230  )
( 316  -336  -244  )
( 156  -30  -318  )
( 189  197  -35  )
( -261  224  223  )
( 13  202  132  )
( 207  -308  -346  )
( -89  -284  149  )
( 260  80  142  )
( -26  -228  -69  )
( 230  172  238  )
( -219  188  -264  )
( 199  97  54  )
( 300  -53  -225  )
( 209  -263  -302  )
( 204  -213  80  )
( 171  -321  -151  )
( -27  22  -124  )
( 97  145  -86  )
( -287  -157  154  )
( 257  -73  148  )
( -324  151  101  )
( 322  -45  109  )
( 343  314  251  )
( -205  184  -194  )
( -18  -206  -348  )
( -197  134  -40  )
( -73  -25  262  )
( 244  85  -296  )
( -275  -21  -285  )
( -251  216  322  )
( 47  -280  349  )
( 115  -23  -170  )
( -275  68  297  )
( -38  182  250  )
( -312  216  -210  )
( 33  172  211  )
( 228  210  230  )
( -110  -106  -219  )
( -179  152  31  )
( 118  -233  -114  )
( 189  65  -267  )
( 15  -185  247  )
( -160  -70  -265  )
( 91  -168  -334  )
( -254  245  104  )
( 95  75  232  )
( 132  130  179  )
( -38  -219  252  )
( 143  -290  -347  )
( -341  203  61  )
( 144  100  76  )
( 125  138  -203  )
( -327  -204  42  )
( -218  82  326  )
( -280  86  202  )
( 267  218  290  )
( -87  150  -338  )
( -239  -148  -30  )
( -160  -193  -219  )
( -34  236  38  )
( -346  -229  -127  )
( 284  -66  -241  )
( -234  -87  195  )
( -299  202  260  )
( 142  -90  -325  )
( 216  -274  -19  )
( -282  67  17  )
( -210  348  231  )
( -271  -92  284  )
( 326  286  135  )
( -331  -323  -63  )
( -250  -23  -26  )
( -331  124  222  )
( -330  -38  234  )
( 16  295  184  )
( -131  210  125  )
( 80  -209  -222  )
( 335  19  -218  )
( 64  61  233  )
( 205  316  -58  )
( -240  203  187  )
( 87  314  -111  )
( -122  172  -291  )
( 249  -170  30  )
( 15  -151  297  )
( 228  254  -187  )
( -96  -78  -157  )
( 158  -322  -0  )
( 116  -283  266  )
( -187  39  -131  )
( -272  141  -52  )
( 25  -306  15  )
( 175  343  -71  )
( -53  61  -194  )
( -281  285  -65  )
( 295  -143  61  )
( -1  -288  -166  )
( -79  -110  222  )
( -279  201  -124  )
( -226  -298  -281  )
( -281  335  226  )
( 43  163  -128  )
( -219  -262  -334  )
( -63  -31  47  )
( -154  -59  130  )
( -98  212  230  )
( -130  -317  -147  )
( 7  -46  -271  )
( 96  -18  104  )
( 138  -221  151  )
( -270  196  -304  )
( 174  -298  -103  )
( -233  -26  -5  )
( -273  -206  145  )
( -236  -36  -2  )
( -315  -112  -14  )
( 145  28  -336  )
( -136  160  0  )
( -261  -19  -133  )
( -37  -263  348  )
( -248  314  299  )
( 323  122  172  )
( 138  90  -141  )
( 20  252  -181  )
( -273  -76  163  )
( -140  -314  156  )
( 66  41  -249  )
( -305  106  -125  )
( 218  254  63  )
( 296  47  -125  )
( -31  -180  189  )
( 22  -30  -265  )
( -272  292  -330  )
( -270  -280  250  )
( 35  284  145  )
( 152  26  -139  )
( -198  -307  -202  )
( 190  283  181  )
( 99  -163  66  )
( -49  94  175  )
( -64  -222  -66  )
( 346  37  -193  )
( 198  172  -8  )
( -332  -215  -203  )
( -236  148  228  )
( -180  -15  -274  )
( -233  146  256  )
( 66  113  285  )
( -271  113  202  )
( -311  194  -329  )
( -151  192  -94  )
( 282  -301  -223  )
( 279  -324  150  )
( 164  -225  79  )
( -206  -35  85  )
( 285  -59  -261  )
( 253  84  54  )
( 194  -293  206  )
( 322  73  178  )
( 238  208  -337  )
( 346  -342  -188  )
( -174  118  -180  )
( -114  -224  -225  )
( 74  293  -143  )
( -132  52  -159  )
( -10  -334  -65  )
( -331  322  -2  )
( 140  -93  108  )
( 100  -340  -55  )
( -302  347  76  )
( -171  -153  201  )
( 37  -68  -96  )
( -303  80  -231  )
( 208  131  138  )
( -83  268  -315  )
( -51  -68  15  )
( -157  -216  -97  )
( 349  192  -346  )
( 28  -91  89  )
( 281  -8  179  )
( -161  -333  -315  )
( 95  -312  55  )
( -168  30  74  )
( 114  -294  -28  )
( 289  -125  -216  )
( -75  -259  -76  )
( 27  105  -244  )
( -319  42  -349  )
( -235  127  138  )
( -17  206  -215  )
( 82  89  -171  )
( -312  -202  212  )
( -12  -228  117  )
( 278  -247  219  )
( 229  301  -243  )
( -104  199  -28  )
( 199  38  213  )
( -241  278  -179  )
( -71  250  258  )
( 99  -273  139  )
( -159  191  -92  )
( 224  67  227  )
( 245  -225  42  )
( -137  -272  -162  )
( -214  171  -28  )
( -340  244  43  )
( -131  -349  -325  )
( -339  46  140  )
( 7  -301  174  )
( 133  205  -292  )
( -67  -164  189  )
( -105  -132  222  )
( 223  306  -294  )
( -70  7  30  )
( 172  -294  -20  )
( 233  296  265  )
( -130  58  -8  )
( -84  25  -55  )
( -232  252  281  )
( 316  -107  77  )
( 110  -265  296  )
( 7  16  134  )
( 230  -248  51  )
( -48  192  296  )
( -92  223  -347  )
( 325  190  31  )
( -70  -198  317  )
( -34  0  342  )
( -56  88  -16  )
( 344  145  -163  )
( -162  214  75  )
( -106  -319  101  )
( 349  -234  -0  )
( 180  113  -146  )
( 240  -283  -214  )
( -193  5  212  )
( 274  251  -96  )
( -15  117  -86  )
( 163  25  -281  )
( 265  -235  248  )
( 341  -197  44  )
( 37  247  203  )
( -26  -214  -190  )
( 288  320  -166  )
( -227  349  -310  )
( -47  170  -294  )
( -337  224  219  )
( -242  20  -131  )
( -305  -232  -290  )
( 229  -279  -294  )
( 25  -241  -7  )
( 278  -260  -322  )
( 195  -190  -137  )
( 265  268  290  )
( -347  72  324  )
( 252  296  -75  )
( 262  218  25  )
( 5  177  -260  )
( -322  216  41  )
( 228  -300  -21  )
( -333  42  -61  )
( 53  -316  -190  )
( 118  -164  73  )
( 41  -128  -21  )
( 236  318  25  )
( -92  -157  -103  )
( -311  -49  -38  )
( 231  20  311  )
( 310  -282  78  )
( 112  -155  -226  )
( 14  -266  -82  )
( 37  213  114  )
( 305  -184  23  )
( -154  133  -314  )
( 228  207  39  )
( 295  -171  164  )
( 345  82  -84  )
( -201  105  -123  )
( -23  194  17  )
( -87  211  -310  )
( 63  -45  268  )
( -243  -269  85  )
( -258  -98  198  )
( 70  102  -123  )
( 131  240  142  )
( -296  119  163  )
( -338  -166  -203  )
( -336  153  105  )
( 136  3  -274  )
( -58  -274  -215  )
( 250  -80  -242  )
( -94  27  -215  )
( 18  -71  331  )
( 6  325  -174  )
( -252  161  -203  )
( 303  330  83  )
( 105  256  104  )
( 105  -345  -166  )
( -304  -88  -224  )
( -164  -224  257  )
( 17  113  32  )
( -211  -67  -85  )
( 297  86  -215  )
( -240  119  -174  )
( 231  139  -241  )
( 284  100  -132  )
( -5  215  -175  )
( -320  -216  65  )
( -264  -112  -186  )
( -24  234  -148  )
( 4  271  123  )
( -183  -277  257  )
( 237  -46  -221  )
( 285  224  331  )
( -119  130  275  )
( -278  237  -196  )
( 309  -105  121  )
( 319  -213  298  )
( 233  51  48  )
( -138  276  78  )
( 6  -221  342  )
( 268  102  -200  )
( 291  347  -156  )
( -19  -80  65  )
( -226  -204  -248  )
( -307  -82  315  )
( 195  -4  -74  )
( -238  -196  -14  )
( 125  -3  338  )
( 308  16  -206  )
( 37  191  247  )
( -176  221  -40  )
( 250  22  -55  )
( 2  18  117  )
( 344  -259  339  )
( -123  190  111  )
( 157  -277  -65  )
( -193  216  229  )
( 37  89  -174  )
( -254  79  265  )
( -21  -42  -145  )
( 186  -40  -120  )
( 16  45  -74  )
( -296  -271  -172  )
( -276  131  286  )
( 196  139  170  )
( -21  -312  202  )
( 125  -105  -43  )
( -289  228  57  )
( 39  -311  217  )
( -241  -0  -160  )
( 346  47  313  )
( -29  -106  -171  )
( -118  -130  213  )
( -347  163  12  )
( 84  150  109  )
( -227  -342  114  )
( -227  -171  313  )
( 217  158  181  )
( -153  -290  333  )
( 221  -342  210  )
( -342  107  -125  )
( 281  -261  -298  )
( 305  303  -75  )
( 54  -40  -158  )
( -201  -241  104  )
( 274  -309  260  )
( 214  222  -303  )
( -92  -52  -176  )
( 276  -70  105  )
( -79  168  223  )
( -99  -231  -318  )
( 112  246  -319  )
( -172  -199  -89  )
( 208  165  -177  )
( -124  117  -142  )
( -290  -289  174  )
( -75  315  -277  )
( 36  -281  -109  )
( 98  -180  -190  )
( -253  -12  -158  )
( -210  -89  204  )
( -92  41  -29  )
( -177  -130  193  )
( 317  -208  -161  )
( -298  132  -131  )
( 257  143  -320  )
( 102  243  -1  )
( -56  35  -217  )
( 54  -35  287  )
( 279  200  295  )
( -209  101  82  )
( 21  198  -307  )
( 195  229  -244  )
( 282  219  -123  )
( -176  159  -267  )
( -302  -347  -157  )
( -218  145  286  )
( -208  -193  -144  )
( 190  -154  -114  )
( 116  -238  -251  )
( -90  49  -289  )
( -178  -152  -63  )
( -252  -58  300  )
( 66  -39  -290  )
( -236  -225  219  )
( -247  -120  -241  )
( -7  126  328  )
( -5  -317  -339  )
( -236  -39  -226  )
( 155  201  -223  )
( 156  181  158  )
( -162  -192  75  )
( -237  -238  169  )
( 156  -44  -144  )
( -258  -33  -264  )
( -275  -348  -272  )
( 299  173  -84  )
( 229  -328  -147  )
( 271  262  -244  )
( 220  -133  23  )
( -82  295  340  )
( -244  123  168  )
( -28  155  137  )
( 120  39  179  )
( -321  -0  87  )
( 28  94  129  )
( -163  -280  -100  )
( 85  -183  -96  )
( -92  103  -186  )
( 211  -5  101  )
( -246  -271  300  )
( -5  -175  -205  )
( -231  -192  134  )
( 105  -77  68  )
( 92  -113  -73  )
( -245  149  156  )
( -9  317  -297  )
( -98  -151  -103  )
( -199  258  -202  )
( 134  -92  93  )
( 237  -295  -143  )
( -67  214  -120  )
( 154  17  -213  )
( -277  -26  63  )
( 156  -252  166  )
( -175  275  -103  )
( -214  -338  -237  )
( 125  86  270  )
( 38  -316  -107  )
( -210  339  -253  )
( -145  -11  -234  )
( 183  192  -73  )
( 335  -254  -193  )
( -68  106  161  )
( 269  -220  -192  )
( 258  62  -48  )
( 299  -54  189  )
( 342  179  -245  )
( -152  -127  -37  )
( 133  254  -176  )
( -225  16  -92  )
( -221  68  -129  )
( 324  9  -285  )
( 35  -325  43  )
( -102  19  100  )
( 185  153  84  )
( 262  310  14  )
( -211  -137  -47  )
( -201  263  -147  )
( 116  152  -90  )
( 63  174  161  )
( 78  255  180  )
( -341  -212  159  )
( -303  73  209  )
( 284  -201  -80  )
( 190  -136  -198  )
( 124  -303  -133  )
( 166  -204  -150  )
( 179  -253  30  )
( -11  -67  27  )
( -326  -268  115  )
( -232  343  7  )
( 160  -65  -43  )
( 306  -319  -261  )
( -17  -329  -236  )
( 111  349  241  )
( 267  -48  182  )
( -148  -296  -190  )
( -248  -348  -13  )
( 304  -199  -163  )
( 233  -202  219  )
( 173  56  228  )
( -42  -157  150  )
( 251  289  -196  )
( -302  -132  -338  )
( -213  7  88  )
( -106  257  -109  )
( -320  -340  -46  )
( -10  240  336  )
( 208  103  42  )
( 72  123  -330  )
( 1  -27  -278  )
( 265  -348  275  )
( -333  290  345  )
( -324  131  -18  )
( -25  -178  -17  )
( 235  11  -231  )
( -336  -295  -78  )
( -27  -134  -147  )
( 24  -23  -115  )
( 270  -88  17  )
( 201  327  257  )
( -43  263  149  )
( -315  313  302  )
( -299  322  -192  )
( 295  -322  116  )
( 294  257  157  )
( -173  273  323  )
( -333  -342  13  )
( 167  88  103  )
( 249  -57  224  )
( -207  -274  319  )
( -18  -77  159  )
( 22  -1  0  )
( -27  -278  320  )
( -194  275  63  )
( -93  -198  -178  )
( 3  -136  69  )
( -196  -187  327  )
( -295  339  150  )
( 169  -237  177  )
( -52  -86  270  )
( -319  -166  95  )
( -129  219  -164  )
( 107  -66  269  )
( -79  -93  -69  )
( -51  103  -96  )
( 12  156  301  )
( -56  257  -66  )
( -323  291  25  )
( -84  -117  -22  )
( -7  281  106  )
( -288  -69  213  )
( 211  -313  -155  )
( -194  15  340  )
( -289  35  -256  )
( 303  -152  65  )
( -201  -169  -73  )
( -153  141  245  )
( -13  87  256  )
( 143  -269  300  )
( -240  -261  55  )
( 38  97  157  )
( 174  -271  93  )
( -33  16  152  )
( -178  63  -108  )
( 239  -61  -140  )
( 336  -311  -39  )
( -166  204  -52  )
( -253  -84  220  )
( 245  292  175  )
( 248  246  -319  )
( -68  -125  -195  )
( -345  -231  317  )
( -234  93  -251  )
( 42  250  342  )
( -234  -330  -259  )
( 238  -291  152  )
( -125  -11  320  )
( -168  180  137  )
( -236  337  -302  )
( 293  -69  -312  )
( -308  -248  197  )
( -242  165  -207  )
( 162  90  -297  )
( 108  -54  -64  )
( -308  -275  -201  )
( -243  201  261  )
( -279  -336  222  )
( -119  196  -7  )
( -298  176  -31  )
( 192  200  209  )
( -66  -170  89  )
( 101  -182  180  )
( -265  191  -175  )
( 46  -279  -286  )
( 125  -285  278  )
( -90  -302  321  )
( -285  308  253  )
( 262  -163  -294  )
( -83  -298  327  )
( 329  235  76  )
( -344  75  -113  )
( 102  -271  32  )
( 95  -307  -294  )
( -184  -213  181  )
( 208  124  97  )
( 113  81  -270  )
( -10  68  268  )
( -18  192  297  )
( 316  295  -25  )
( 177  -336  -112  )
( -164  176  257  )
( -201  -10  -70  )
( -327  32  99  )
( -4  125  28  )
( -321  291  -168  )
( -265  -104  37  )
( 177  -76  -115  )
( -75  61  -216  )
( 322  253  304  )
( -163  -221  334  )
( -271  272  -86  )
( 4  116  336  )
( -217  149  -199  )
( 164  -26  119  )
( -326  183  105  )
( 235  145  -302  )
( 211  -6  12  )
( -171  -78  -75  )
( -195  -56  -43  )
( -338  -218  -152  )
( -309  311  7  )
( 36  -257  10  )
( 339  75  40  )
( 155  339  258  )
( -207  293  1  )
( -197  261  313  )
( 69  -301  -328  )
( 302  -87  -206  )
( 22  -180  -172  )
( -41  -208  -311  )
( -54  -27  -273  )
( 182  -321  -38  )
( -166  296  -121  )
( -92  115  142  )
( -11  -179  193  )
( 12  253  -282  )
( 273  -44  148  )
( 35  -6  -285  )
( 121  255  176  )
( -90  291  -213  )
( 262  209  -20  )
( -241  -68  227  )
( 226  -309  27  )
( -293  -128  172  )
( -134  -307  18  )
( -234  -112  -104  )
( 19  138  -246  )
( 29  225  335  )
( 15  245  -35  )
( 269  236  164  )
( -88  -36  -262  )
( -348  13  217  )
( 81  251  271  )
( -202  340  236  )
( 102  -42  63  )
( 293  178  101  )
( -30  55  316  )
( 239  -250  310  )
( 21  -84  58  )
( 207  7  334  )
( -173  204  -34  )
( -160  96  -244  )
