( -100  178  -323  )
( 299  146  -159  )
( 93  190  139  )
( 301  244  193  )
( -337  -223  -169  )
( 342  258  -75  )
( -310  128  -248  )
( -242  -120  273  )
( -131  -85  245  )
( -334  204  -8  )
( -226  -231  256  )
( 144  -128  348  )
( 54  322  -295  )
( -186  67  -29  )
( -307  -160  -114  )
( 295  268  312  )
( -114  303  -298  )
( 102  -294  17  )
( -150  -94  -87  )
( 239  257  -146  )
( 5  119  210  )
( 20  -221  -165  )
( -330  -84  349  )
( 50  -25  54  )
( -17  -65  -25  )
( 346  195  -94  )
( 118  -221  -295  )
( -93  27  -253  )
( -250  253  -202  )
( -330  39  -59  )
( -79  86  15  )
( 265  334  102  )
( -344  -123  12  )
( -144  349  -39  )
( -249  -126  8  )
( 243  122  -107  )
( -299  79  113  )
( 348  152  85  )
( -5  -316  286  )
( 282  -268  294  )
( -77  -177  314  )
( -96  -15  303  )
( 220  -43  -122  )
( -23  -54  81  )
( 77  -114  274  )
( -246  169  -46  )
( -72  120  259  )
( 89  -149  -11  )
( -325  -48  -183  )
( -27  -186  201  )
( 148  161  345  )
( -295  -281  -212  )
( 257  -81  -340  )
( -329  -183  -26  )
( -231  257  205  )
( 319  -124  -14  )
( -195  -217  282  )
( 61  34  279  )
( -71  241  4  )
( -317  -34  226  )
( -272  -113  228  )
( 314  -80  -273  )
( -292  -152  78  )
( 150  -68  -19  )
( -217  249  241  )
( -269  183  288  )
( -240  -198  -5  )
( -136  -148  -184  )
( 133  -273  67  )
( -108  21  -207  )
( 263  -102  300  )
( 21  -95  -63  )
( 164  100  -150  )
( -64  -198  51  )
( 9  286  -330  )
( -146  -120  162  )
( 10  -11  309  )
( 135  19  37  )
( -317  -251  39  )
( -133  103  -32  )
( 219  127  -205  )
( 20  325  -137  )
( -343  -40  184  )
( 195  142  -120  )
( -16  259  185  )
( -54  59  272  )
( -151  -96  102  )
( -319  67  -227  )
( 19  -213  261  )
( -75  92  -95  )
( 243  -212  -150  )
( -140  61  141  )
( 148  -150  162  )
( -120  166  35  )
( 139  29  86  )
( -229  -292  192  )
( -87  -234  90  )
( 331  -109  99  )
( 98  333  -173  )
( -206  86  141  )
( 137  214  -181  )
( -215  56  25  )
( -330  154  48  )
( 188  -123  -92  )
( -233  284  321  )
( -100  -93  -268  )
( -136  287  -8  )
( -303  130  -21  )
( -207  -264  336  )
( -334  -36  165  )
( 122  -66  51  )
( -165  -47  210  )
( -57  -135  317  )
( -21  219  260  )
( -16  -151  94  )
( 108  -272  -256  )
( 152  157  -79  )
( -195  -114  -138  )
( 118  42  238  )
( 145  258  -4  )
( -21  197  132  )
( -276  50  175  )
( 98  82  -12  )
( -309  270  -99  )
( -276  318  174  )
( -186  239  202  )
( -135  266  -229  )
( 334  265  -248  )
( -178  -320  -89  )
( 140  196  -32  )
( 313  266  179  )
( 104  -92  -243  )
( 78  89  -178  )
( 143  11  152  )
( -347  -217  312  )
( 123  164  -89  )
( 205  -132  133  )
( 113  -19  325  )
( 249  -295  -262  )
( -323  106  305  )
( 139  17  344  )
( -5  306  -41  )
( -341  -173  -29  )
( 332  177  -107  )
( -93  300  -245  )
( 159  -3  102  )
( 60  221  167  )
( 131  -229  -338  )
( -29  -83  -255  )
( -264  167  0  )
( 124  -117  342  )
( -44  -183  -234  )
( 111  -344  12  )
( -296  85  -321  )
( 246  -169  -74  )
( 301  330  156  )
( -231  318  -299  )
( -314  43  -18  )
( 243  -251  -241  )
( -134  -254  1  )
( -208  -51  -188  )
( -174  -236  124  )
( -145  203  334  )
( -243  21  -50  )
( -132  100  211  )
( -270  102  -113  )
( 260  258  -243  )
( 15  170  273  )
( -206  -119  -170  )
( -299  55  -107  )
( -20  214  -160  )
( 40  318  72  )
( 47  17  -246  )
( 132  -165  69  )
( 0  61  12  )
( 180  331  -243  )
( 34  -280  -127  )
( -86  98  -31  )
( -121  200  -189  )
( 139  118  227  )
( 158  -234  121  )
( -32  -78  -162  )
( 22  -150  53  )
( -262  -271  -117  )
( 200  -209  14  )
( 151  -263  -146  )
( -45  53  136  )
( -219  -148  -254  )
( 324  197  -187  )
( 263  205  -143  )
( 29  -176  89  )
( -110  -265  -242  )
( -29  -33  -247  )
( -31  -56  -37  )
( -212  -45  135  )
( 284  -249  110  )
( 271  -311  -14  )
( -118  39  -105  )
( -151  -84  -330  )
( 221  -244  -170  )
( -19  -78  235  )
( -60  51  -17  )
( 119  -110  161  )
( 213  -66  186  )
( -195  5  -221  )
( -263  -247  339  )
( 108  215  -198  )
( 316  62  -125  )
( -326  -65  -211  )
( -248  -43  14  )
( -277  321  -19  )
( 337  2  -315  )
( 191  -108  234  )
( 63  -346  318  )
( -28  168  -239  )
( -110  318  -330  )
( -239  -18  -50  )
( -51  176  -229  )
( -280  -206  -69  )
( 269  -348  104  )
( 70  -295  206  )
( 116  -136  290  )
( 16  -84  -207  )
( 324  -106  -329  )
( -130  118  270  )
( -339  -131  8  )
( 128  177  -249  )
( 254  61  113  )
( -340  -322  113  )
( -280  309  331  )
( 301  -68  236  )
( -43  -222  -36  )
( 39  153  142  )
( -273  -150  250  )
( -66  92  -238  )
( 148  -136  -303  )
( 211  -74  -107  )
( 257  238  339  )
( -215  278  -199  )
( -210  -127  338  )
( -154  153  194  )
( 24  -158  129  )
( -320  179  -42  )
( -167  -80  -190  )
( -197  -73  -81  )
( 272  -313  -266  )
( 186  319  -23  )
( 330  98  -154  )
( 125  -221  -171  )
( 184  227  -301  )
( 54  12  -40  )
( -108  273  229  )
( -268  81  106  )
( -191  -51  -169  )
( -62  157  12  )
( -245  255  -193  )
( 82  -334  -151  )
( -103  -216  -141  )
( -349  18  16  )
( 260  158  -41  )
( -272  57  -184  )
( 209  -234  90  )
( 227  -114  -126  )
( 4  98  18  )
( 345  266  132  )
( -282  -235  48  )
( 105  73  -0  )
( -7  271  -218  )
( 98  -274  319  )
( 20  143  -340  )
( 56  -300  285  )
( -87  -126  -104  )
( -50  32  151  )
( -186  205  -21  )
( -292  -51  -90  )
( 48  213  95  )
( -122  -9  -293  )
( 29  -271  -234  )
( -108  212  66  )
( 78  181  -210  )
( -138  -307  194  )
( 73  -270  -161  )
( 226  92  65  )
( -264  239  259  )
( -194  -111  121  )
( -121  245  93  )
( -334  223  -231  )
( 189  -108  -223  )
( -268  -70  89  )
( 94  -51  111  )
( -180  -124  -194  )
( -308  50  29  )
( -186  67  38  )
( -11  -311  319  )
( 259  -155  -69  )
( -194  -214  308  )
( 182  125  -88  )
( 62  -323  -251  )
( 323  -139  73  )
( 289  191  116  )
( -269  292  -152  )
( -156  128  -25  )
( 56  -105  162  )
( -155  250  -195  )
( 148  82  -46  )
( -174  158  -48  )
( 226  77  124  )
( -54  298  217  )
( 130  55  -107  )
( -314  264  -81  )
( 144  87  -141  )
( -246  115  -288  )
( -219  33  201  )
( -209  -94  69  )
( 129  -141  -261  )
( 289  161  59  )
( 179  227  -161  )
( -66  -159  -162  )
( 65  -95  83  )
( 226  81  -246  )
( -129  -330  282  )
( -51  238  -327  )
( -349  -227  -65  )
( -227  -133  -347  )
( -1  243  76  )
( -269  -294  -62  )
( -185  24  -44  )
( 25  -255  -51  )
( -170  -215  319  )
( -247  -97  -64  )
( -34  90  24  )
( -149  269  -47  )
( 100  -80  -175  )
( 276  -213  40  )
( -16  276  -20  )
( -137  289  135  )
( 345  192  -252  )
( 195  114  -28  )
( -294  230  109  )
( 33  -293  -186  )
( -64  -210  -216  )
( -91  -58  149  )
( 206  293  -40  )
( 172  97  -158  )
( -327  91  -162  )
( -125  78  -343  )
( 301  197  -315  )
( -237  189  -161  )
( -340  202  303  )
( 247  156  -182  )
( 332  -196  30  )
( 51  261  -146  )
( 326  -199  161  )
( 20  -222  -101  )
( -62  -97  -128  )
( 73  -26  -93  )
( -103  61  -242  )
( -220  276  -342  )
( 184  -71  241  )
( -139  -52  209  )
( 221  62  -55  )
( -333  -167  2  )
( -80  -321  286  )
( -33  -229  -51  )
( 172  107  -285  )
( -52  95  227  )
( 124  -162  270  )
( 160  12  -326  )
( 237  -210  301  )
( 207  107  -87  )
( 162  -63  62  )
( 77  -92  -211  )
( -197  -289  -338  )
( -231  -52  -120  )
( -26  72  114  )
( 329  -192  63  )
( 329  -7  165  )
( -73  123  -224  )
( 306  208  203  )
( 273  -305  130  )
( -345  184  -246  )
( 327  109  -183  )
( -316  198  -227  )
( 266  -327  188  )
( -346  301  -327  )
( 303  -178  -163  )
( 15  152  -64  )
( -112  -328  272  )
( -218  294  -129  )
( 295  87  173  )
( 277  -243  246  )
( -157  -291  255  )
( -110  -70  -240  )
( 309  215  -79  )
( 55  -291  -11  )
( 54  254  -108  )
( -145  295  -305  )
( -16  167  -319  )
( -312  -342  195  )
( 288  49  -300  )
( -228  119  236  )
( -339  26  69  )
( 180  -53  164  )
( 337  -184  148  )
( -283  35  -321  )
( 154  -268  36  )
( 298  -111  61  )
( 331  -34  -91  )
( 251  -293  69  )
( 105  -256  -46  )
( -145  257  93  )
( 159  -0  276  )
( -285  -209  19  )
( -341  347  -234  )
( -247  -166  94  )
( -140  75  -156  )
( -192  196  -331  )
( 131  -91  178  )
( -309  -282  265  )
( 186  167  125  )
( 291  -8  29  )
( 315  323  -198  )
( -75  -131  82  )
( -148  142  231  )
( -66  322  -282  )
( -149  -167  -337  )
( -144  112  -19  )
( 230  -148  67  )
( 97  75  -267  )
( 338  49  328  )
( -169  -114  19  )
( 333  -15  7  )
( -266  212  318  )
( 34  -95  -42  )
( 264  -302  -145  )
( -304  295  289  )
( -250  61  -23  )
( -50  -65  255  )
( 8  -172  259  )
( -205  16  -51  )
( 93  302  -142  )
( -209  316  265  )
( -218  -70  14  )
( -7  -327  -24  )
( -318  245  -126  )
( -236  -122  198  )
( -40  -16  349  )
( 60  -93  -12  )
( -43  -151  100  )
( 20  -33  -130  )
( -128  35  -333  )
( 339  -123  -305  )
( 13  -343  182  )
( 79  348  259  )
( 71  -250  56  )
( -316  -175  -156  )
( 137  -143  267  )
( 109  -103  50  )
( -17  349  -120  )
( 119  -104  4  )
( -143  28  132  )
( 343  306  -101  )
( 139  49  -234  )
( 47  -348  -257  )
( -214  -341  72  )
( 131  193  -100  )
( 264  -333  -152  )
( 341  -325  113  )
( -135  -145  18  )
( -318  227  169  )
( -271  -88  -34  )
( -166  167  78  )
( 29  -113  12  )
( 39  -149  -300  )
( 127  -303  16  )
( -43  280  -137  )
( -232  -76  -265  )
( -178  166  -26  )
( 178  -30  150  )
( 298  202  -171  )
( -33  -52  157  )
( -110  295  -24  )
( 262  200  58  )
( -118  -66  -297  )
( 102  -142  61  )
( -13  303  289  )
( 90  233  81  )
( -194  -271  -306  )
( 82  -154  -294  )
( -22  290  186  )
( 196  -223  -239  )
( -162  336  -122  )
( -243  304  -287  )
( -268  -40  -74  )
( 4  -66  -271  )
( 222  -24  109  )
( -2  208  -75  )
( 47  -162  199  )
( 267  -113  -40  )
( -261  -279  165  )
( 265  216  97  )
( -106  213  11  )
( 183  265  -7  )
( -254  112  -116  )
( 88  187  143  )
( -120  108  80  )
( -286  279  192  )
( 304  -128  162  )
( 78  274  -212  )
( 228  49  237  )
( -225  -146  -262  )
( 25  348  -227  )
( 261  -238  -170  )
( -334  117  -61  )
( 80  -313  273  )
( -137  -250  -18  )
( -124  -13  14  )
( -335  121  343  )
( -19  -238  279  )
( -97  -4  72  )
( -338  301  158  )
( -337  248  -342  )
( -194  -198  -66  )
( 149  -27  -93  )
( 121  182  -0  )
( 91  -162  171  )
( -114  327  283  )
( -221  211  112  )
( 300  -319  95  )
( -243  -134  348  )
( -269  183  290  )
( 129  -267  71  )
( 40  -277  -183  )
( 263  -248  -3  )
( 207  -149  -87  )
( -191  188  139  )
( -331  332  -29  )
( 164  -120  -139  )
( -51  -226  238  )
( -101  124  76  )
( -290  -253  -183  )
( -287  -129  206  )
( -108  -325  -331  )
( -172  196  153  )
( 168  314  243  )
( 91  203  -251  )
( -90  32  47  )
( -160  -228  66  )
( 95  -127  -179  )
( -320  -6  -109  )
( -8  -68  -101  )
( 111  213  -119  )
( -244  -3  27  )
( 35  69  286  )
( 162  158  50  )
( -190  -200  199  )
( 71  -13  255  )
( -209  -145  -217  )
( -101  296  162  )
( 158  74  -9  )
( -141  97  336  )
( 75  162  232  )
( 326  303  -68  )
( 339  194  -137  )
( -208  -33  -112  )
( -7  -201  -60  )
( 190  -243  269  )
( -279  296  -110  )
( -196  4  250  )
( 335  203  91  )
( 101  -152  -321  )
( -158  258  233  )
( 7  -34  224  )
( 78  81  -45  )
( -270  -289  110  )
( -139  -43  -252  )
( 290  327  -321  )
( -298  -265  -220  )
( 92  104  -195  )
( -52  -170  221  )
( 31  -29  -242  )
( -247  -216  313  )
( -13  -3  203  )
( -288  -16  -171  )
( 194  -305  -316  )
( 195  -79  -269  )
( 335  208  31  )
( -35  314  -309  )
( 95  -167  -79  )
( 205  273  150  )
( -3  -234  -69  )
( 70  305  172  )
( 243  -259  -277  )
( -91  -307  -311  )
( -2  -220  167  )
( 26  46  239  )
( 71  -183  -346  )
( -75  251  24  )
( -213  -267  7  )
( -272  -143  -109  )
( 238  124  284  )
( 242  259  63  )
( -45  348  219  )
( -96  -289  8  )
( -160  40  108  )
( 114  -201  37  )
( 91  -102  256  )
( 150  263  -101  )
( -4  -326  98  )
( 75  -204  -132  )
( -297  -38  271  )
( 220  -151  -52  )
( 106  -281  -46  )
( 288  -30  -289  )
( -186  254  51  )
( -263  25  125  )
( 156  -31  222  )
( -345  198  49  )
( -123  202  -235  )
( 288  286  -120  )
( 227  102  169  )
( 307  15  121  )
( -144  -329  179  )
( -96  95  287  )
( 173  -66  -324  )
( -252  -230  -0  )
( -211  -8  -91  )
( 272  -165  -239  )
( -166  -258  -87  )
( -35  285  -105  )
( -121  118  -304  )
( -302  102  191  )
( 114  -183  -180  )
( -73  1  -128  )
( -138  142  -261  )
( 316  37  -320  )
( -74  -66  292  )
( -224  333  -125  )
( 227  -213  158  )
( 254  -6  -85  )
( -104  261  56  )
( 289  41  175  )
( 318  -96  50  )
( -84  -324  -302  )
( 90  -223  -267  )
( -149  340  267  )
( 308  -296  170  )
( -239  -123  105  )
( -237  -118  -200  )
( -14  -342  -29  )
( -324  -134  -141  )
( 79  -154  18  )
( -224  62  -24  )
( 306  -322  338  )
( 19  -309  178  )
( -104  -122  327  )
( -260  -17  299  )
( 266  -83  49  )
( -191  91  -176  )
( 54  -287  -48  )
( 108  93  46  )
( 233  275  -106  )
( 5  77  -146  )
( 76  180  -319  )
( -196  -217  238  )
( 261  -90  186  )
( 229  -47  86  )
( 290  -41  -198  )
( -86  -21  297  )
( 19  312  284  )
( -221  56  167  )
( 146  281  -316  )
( -300  0  -48  )
( -180  -129  -279  )
( 31  236  163  )
( 156  -204  187  )
( -127  132  240  )
( -136  -240  16  )
( -237  -175  190  )
( 23  171  273  )
( -300  -243  144  )
( -112  -236  209  )
( -164  -209  51  )
( -231  -107  48  )
( -330  267  -155  )
( -195  -323  35  )
( 343  310  108  )
( -306  113  -186  )
( -280  181  18  )
( -248  -330  -292  )
( 296  303  281  )
( -4  -314  143  )
( 65  -309  -235  )
( 84  13  59  )
( 288  216  -236  )
( -282  -303  -234  )
( 285  74  -130  )
( 36  121  293  )
( 123  -50  303  )
( -343  125  95  )
( 62  -305  85  )
( -308  -212  -73  )
( -194  207  291  )
( -326  235  -231  )
( 115  -84  182  )
( 215  -308  154  )
( -23  -223  -274  )
( -283  216  -178  )
( 128  234  22  )
( -278  -175  -32  )
( 276  313  102  )
( -119  137  -81  )
( -256  222  88  )
( -140  -10  -17  )
( 75  -265  -144  )
( 168  -172  165  )
( -223  -140  135  )
( 162  150  -262  )
( 1  -56  136  )
( -12  -199  49  )
( -245  8  22  )
( -45  235  -267  )
( 137  174  238  )
( -208  -128  195  )
( -222  -2  317  )
( 13  -156  8  )
( 16  154  -34  )
( -198  -251  -328  )
( 12  -232  206  )
( -71  51  272  )
( 322  224  129  )
( 27  -205  119  )
( -185  46  -69  )
( 2  -125  26  )
( -24  35  42  )
( -178  103  -192  )
( 124  325  49  )
( 77  118  -20  )
( -16  -305  328  )
( -296  20  -71  )
( -333  -113  -152  )
( -45  254  320  )
( 343  7  -236  )
( -310  213  287  )
( -194  48  -219  )
( -291  -52  -330  )
( -13  322  190  )
( -321  -223  -174  )
( -301  70  -224  )
( -284  94  20  )
( -217  -138  -131  )
( 114  -87  -226  )
( -29  -151  108  )
( -318  142  -134  )
( -76  72  140  )
( 222  -112  -196  )
( -204  -73  -27  )
( -318  -321  -233  )
( 63  98  65  )
( 176  -212  348  )
( -88  -152  -204  )
( -234  152  125  )
( -226  81  -0  )
( -243  348  34  )
( -306  80  -293  )
( -122  -258  -20  )
( 327  78  -38  )
( 80  -297  -270  )
( 37  113  60  )
( -140  -266  39  )
( -344  36  -79  )
( 170  -325  274  )
( 203  -323  -113  )
( 101  -86  148  )
( -296  140  -279  )
( -107  -206  -258  )
( 158  256  70  )
( -348  -174  -220  )
( -116  -270  73  )
( -40  190  -328  )
( -346  -232  311  )
( 329  -30  331  )
( -143  -24  332  )
( 7  -160  105  )
( 263  -192  -113  )
( -85  327  -332  )
( 61  -159  30  )
( 163  -39  -16  )
( -331  -122  -213  )
( -5  -323  -100  )
( 188  342  -22  )
( 171  -155  -329  )
( 205  -172  181  )
( -26  -260  131  )
( -166  143  10  )
( 267  262  -63  )
( -78  -158  -283  )
( 194  -202  154  )
( 104  96  -126  )
( -268  -249  110  )
( 297  25  264  )
( 140  110  -344  )
( -14  -33  -174  )
( 63  142  -289  )
( -43  -77  -335  )
( -164  115  -121  )
( -294  -23  197  )
( 104  214  -108  )
( 340  -130  349  )
( -214  -215  -76  )
( -40  134  -101  )
( -344  40  -119  )
( 144  -169  -129  )
( -203  -102  331  )
( -246  190  -325  )
( -150  -27  -18  )
( -205  -56  238  )
( 10  142  81  )
( -10  -229  -210  )
( 100  247  99  )
( 16  -226  188  )
( 329  -304  85  )
( 222  -188  89  )
( -305  186  -347  )
( 36  -224  -83  )
( -62  14  -228  )
( 103  150  165  )
( -126  -349  -310  )
( 167  97  -147  )
( 187  -260  199  )
( -144  -53  -47  )
( -327  -10  78  )
( 223  39  204  )
( -222  321  327  )
( 276  108  -247  )
( -181  -229  -41  )
( 291  -257  -118  )
( -48  -182  211  )
( 273  325  208  )
( -222  84  174  )
( -187  -32  -18  )
( 24  -348  334  )
( -238  182  44  )
( 236  187  -183  )
( -286  -123  -225  )
( 207  -223  -107  )
( -99  -299  -200  )
( 286  263  -100  )
( -212  -327  312  )
( 65  25  198  )
( -257  333  169  )
( -51  -221  315  )
( -301  -181  -123  )
( 99  -60  145  )
( -332  -101  345  )
( -195  284  -38  )
( 5  82  -262  )
( 0  349  -261  )
( 277  -232  -344  )
( -255  -35  -307  )
( 48  -187  -254  )
( 34  -308  30  )
( -188  38  -134  )
( 282  172  142  )
( -70  -56  251  )
( -287  -211  128  )
( 226  -144  140  )
( -170  319  152  )
( -198  304  311  )
( 169  233  2  )
( 184  345  -18  )
( 310  -293  315  )
( 67  -127  -263  )
( -17  143  -289  )
( -279  -19  -306  )
( -308  258  14  )
( 275  38  -314  )
( 141  -149  200  )
( -142  55  87  )
( 109  -97  -220  )
( 315  -292  -263  )
( -195  -153  -286  )
( -49  -222  -177  )
( -79  286  -54  )
( -192  335  -1  )
( -21  -237  275  )
( -117  22  -74  )
( -302  63  -12  )
( 215  -64  190  )
( -97  -307  -339  )
( -38  -312  143  )
( -194  -314  26  )
( 90  -261  -124  )
( -41  108  -253  )
( 116  -165  218  )
( -127  161  -317  )
( -164  -91  59  )
( -157  70  214  )
( -24  35  -330  )
( 152  -211  116  )
( -94  -176  49  )
( -195  113  -283  )
( -221  199  198  )
( 206  -175  10  )
( 19  -3  -94  )
( 270  243  -218  )
( 262  53  342  )
( 131  -36  191  )
( 342  96  -53  )
( 248  -162  -218  )
( 310  -216  -19  )
( -283  80  266  )
( 147  236  161  )
( 274  -183  178  )
( -305  -243  -132  )
( -273  -9  -45  )
( -285  -261  -234  )
( 42  -195  -48  )
( -230  2  -280  )
( -59  82  233  )
( -269  -68  -6  )
( 343  312  28  )
( -282  71  -215  )
( 77  -126  -243  )
( 287  325  116  )
( 247  -188  269  )
( -163  269  -172  )
( -244  -259  -21  )
( -298  179  339  )
( 278  -16  -294  )
( -36  -57  109  )
( -209  46  79  )
( 347  -305  -218  )
( 59  -182  202  )
( -147  91  -197  )
( -90  -159  249  )
( 225  -55  250  )
( -79  -226  -55  )
( 61  -218  69  )
( 200  -323  303  )
( -336  176  -247  )
( 90  52  -39  )
( -286  149  -261  )
( -231  93  82  )
( 39  -301  -283  )
( -145  97  170  )
( 202  -149  335  )
( 90  71  -252  )
( -246  -210  -156  )
( 131  -294  24  )
( -70  189  -312  )
( 61  89  -195  )
( 108  -30  -112  )
( -67  56  -90  )
( 34  306  345  )
( -113  -214  4  )
( -303  10  -45  )
( -329  43  -52  )
( 213  -336  140  )
( -336  167  -269  )
( -289  216  225  )
( -341  184  293  )
( 126  -311  -275  )
( 349  20  301  )
( -191  -99  229  )
( -24  -333  -336  )
( 275  31  -44  )
( 112  297  342  )
( -182  27  146  )
( 307  237  312  )
( 117  279  -342  )
( -257  142  -111  )
( 242  59  115  )
( 214  17  9  )
( 265  -86  -149  )
( -268  -38  218  )
( -252  -158  -262  )
( 60  82  -84  )
( -303  56  13  )
( 50  310  -151  )
( -91  -148  136  )
( 221  5  268  )
( -128  129  -236  )
( 169  218  8  )
( 304  268  -21  )
( 48  38  -19  )
( 119  168  -83  )
( 139  123  -247  )
( -294  -328  -23  )
( -191  86  157  )
( 148  53  -105  )
( -197  -99  78  )
( 23  346  121  )
( 106  -183  -104  )
( -76  167  251  )
( 127  219  -193  )
( 44  57  -153  )
( 11  35  -44  )
( -174  244  146  )
( 288  335  156  )
( 200  105  -44  )
( 289  104  182  )
( 102  -334  -40  )
( -86  -41  172  )
( -270  10  -326  )
( -238  -233  -213  )
( -9  -154  254  )
( -273  21  198  )
( 49  -103  -211  )
( -322  318  -324  )
( -106  -346  -32  )
( -29  148  -193  )
( -328  4  44  )
( 76  339  -345  )
( -319  251  323  )
( -120  -122  224  )
( -158  -100  140  )
( 128  -66  -268  )
( -98  -45  -264  )
( 229  -114  340  )
( -24  13  27  )
( 81  185  142  )
( -13  314  108  )
( -158  -32  60  )
( 104  61  -272  )
( -90  60  -49  )
( -325  -153  285  )
( -14  20  170  )
( 207  -128  -249  )
( 315  -170  -72  )
( -137  -333  -296  )
( -243  -269  -6  )
( -223  290  -269  )
( -260  -240  31  )
( 235  -288  94  )
( -232  -310  317  )
( 149  118  -349  )
( -329  292  186  )
( -29  259  -32  )
( -88  305  331  )
( 275  345  -220  )
( 0  -136  -69  )
( 266  214  -253  )
( 96  291  286  )
( -206  -67  9  )
( 213  -304  -110  )
( -277  106  129  )
( -342  262  -251  )
( -98  -122  16  )
( -322  41  92  )
( 118  -226  -130  )
( 185  -33  57  )
( -281  -234  325  )
( -80  172  -188  )
( 81  148  56  )
( 210  102  -105  )
( -347  195  -144  )
( 219  -165  89  )
( 147  173  193  )
( 339  -146  298  )
( -123  -212  -161  )
( 152  206  62  )
( -71  259  -281  )
( 107  -25  -126  )
( 266  233  -16  )
( -203  153  -105  )
( -333  185  184  )
( -122  281  221  )
( 148  -95  24  )
( 125  -216  243  )
( 0  36  226  )
( -209  321  229  )
( 32  -263  -123  )
( -26  137  293  )
( -170  334  -202  )
( -309  54  -170  )
( -301  -332  -167  )
( 297  -282  348  )
( -299  -207  -320  )
( -202  147  58  )
( 85  -15  -338  )
( 2  68  -187  )
( -232  -15  -89  )
( -103  -150  116  )
( 11  289  241  )
( 65  -233  29  )
( 244  154  -309  )
( -245  -96  219  )
( 194  85  188  )
( 46  36  204  )
( 274  169  327  )
( 294  83  62  )
( 263  -253  -36  )
( 285  295  314  )
( 347  -305  -71  )
( 341  290  197  )
( 228  264  -52  )
( -164  -327  199  )
( -17  -63  -177  )
( 101  -339  97  )
( -168  -295  239  )
( 281  156  64  )
( 275  -40  -122  )
( 76  -187  300  )
( -82  10  160  )
( -241  -253  119  )
( -330  -73  345  )
( -341  48  -233  )
( 265  -280  104  )
( -213  33  -173  )
( -56  -14  254  )
( -266  24  4  )
( -271  -322  -41  )
( -235  -131  313  )
( -221  -337  -268  )
( -270  159  83  )
( -79  205  51  )
( 24  299  -162  )
( -76  87  -154  )
( -122  21  302  )
( -114  -319  312  )
( -97  263  27  )
( 4  321  -34  )
( -181  326  -283  )
( -135  -316  104  )
( 210  241  -338  )
( 190  276  -187  )
( -40  -28  -241  )
( 114  346  -261  )
( -19  -75  -200  )
( 178  -2  -19  )
( -9  328  90  )
( 203  -338  -232  )
( -334  -342  -32  )
( 256  -198  -246  )
( -31  -291  -296  )
( -332  -200  120  )
( -98  -20  -30  )
( -131  -101  -102  )
( 210  -196  16  )
( 78  -345  -91  )
( 44  -100  -232  )
( 123  224  103  )
( 297  167  -330  )
( 128  290  34  )
( 2  42  218  )
( 87  -184  164  )
( -123  197  342  )
( -184  -27  146  )
( 35  -284  69  )
( -257  -303  184  )
( 308  -117  -100  )
( -303  160  59  )
( -60  339  -170  )
( -24  -237  -325  )
( -149  194  234  )
( 64  92  -47  )
( -18  348  98  )
( 137  -159  256  )
( 174  42  95  )
( 303  215  -295  )
( 83  -193  229  )
( -133  -23  -178  )
( 139  -12  256  )
( 49  -189  241  )
( 176  64  -74  )
( 304  -119  -30  )
( -348  31  -171  )
( -91  272  162  )
( 21  -72  319  )
( -263  16  -267  )
( 93  330  -269  )
( -79  309  146  )
( -147  305  38  )
( -4  292  25  )
( -40  59  21  )
( 42  -259  24  )
( -108  8  93  )
( 120  -13  -205  )
( -285  319  341  )
( 235  -31  262  )
( -345  278  -159  )
( -284  -283  115  )
( -238  -216  259  )
( -293  88  2  )
( 283  -296  -333  )
( 349  177  37  )
( 139  -91  -59  )
( -244  293  -63  )
( 266  287  -310  )
( -24  -288  161  )
( -150  -87  -151  )
( -255  215  99  )
( 340  277  319  )
( 292  13  -205  )
( -115  -96  -261  )
( -187  -33  203  )
( 297  -173  -315  )
( -114  -229  -190  )
( 143  -206  301  )
( 157  276  280  )
( -270  280  295  )
( -229  -0  -294  )
( 265  -123  78  )
( -152  -33  254  )
( -168  22  33  )
( 109  -15  -48  )
( 38  182  -92  )
( -322  28  -138  )
( -200  134  177  )
( -100  -225  83  )
( -253  220  106  )
( -332  -226  173  )
( 29  294  -321  )
( -279  189  224  )
( -185  262  -143  )
( -170  -237  -106  )
( 164  224  -324  )
( 88  -317  -158  )
( 330  -64  247  )
( 264  -145  118  )
( -249  177  -129  )
( -244  -44  -294  )
( -253  -227  -312  )
( 41  282  -70  )
( -257  81  151  )
( -349  -266  -3  )
( -336  -22  -215  )
( -109  -287  232  )
( 259  38  67  )
( 328  214  -201  )
( -184  -135  -91  )
( -157  -91  -106  )
( 323  227  272  )
( -1  257  -110  )
( -169  -329  32  )
( 280  265  327  )
( 280  32  -106  )
( 259  -227  166  )
( 8  -76  69  )
( 214  218  -83  )
( -183  -152  174  )
( 29  162  244  )
( 131  326  -236  )
( 221  236  27  )
( -318  -13  312  )
( -183  320  -24  )
( 203  76  -115  )
( 56  -209  -317  )
( -78  198  63  )
( -265  138  -5  )
( -110  25  -295  )
( 204  161  63  )
( 216  -321  319  )
( -289  -266  -140  )
( -184  -49  -190  )
( -284  289  272  )
( 167  -88  -227  )
( -272  -86  96  )
( -212  -315  43  )
( 0  180  309  )
( -306  -73  321  )
( 59  142  -180  )
( 150  285  267  )
( 305  188  147  )
( 212  -152  -161  )
( -39  107  236  )
( 300  111  -27  )
( -55  -77  249  )
( -295  139  252  )
( -223  219  -343  )
( -152  324  -339  )
( 149  217  338  )
( 188  277  207  )
( 228  -69  -321  )
( 72  -330  269  )
( 335  228  178  )
( -32  -227  54  )
( -340  -74  188  )
( 10  -324  -236  )
( 252  -0  49  )
( -200  318  -223  )
( -199  317  -298  )
( 342  -23  -142  )
( 330  245  -13  )
( -326  -25  119  )
( -100  85  -11  )
( 271  214  -21  )
( 156  -133  -21  )
( 175  -81  178  )
( -54  -240  -140  )
( -77  187  -184  )
( 98  -268  273  )
( -21  -177  261  )
( 124  240  -322  )
( 287  157  -129  )
( -306  111  -45  )
( 301  -290  -259  )
( 162  324  -309  )
( 212  348  -169  )
( 90  -193  -211  )
( 319  -295  189  )
( 90  -91  -92  )
( -169  347  36  )
( 315  304  -52  )
( 0  -102  259  )
( 135  328  80  )
( -272  221  260  )
( 211  139  -107  )
( -308  -77  223  )
( 86  323  101  )
( -33  3  -50  )
( 237  -228  -57  )
( 165  -120  -237  )
( -231  207  -326  )
( -279  -21  108  )
( 112  265  -106  )
( -139  92  217  )
( 120  339  -280  )
( -65  -51  290  )
( -147  123  177  )
( -255  5  279  )
( 328  196  -89  )
( 63  -288  323  )
( -267  290  -182  )
( -204  -44  299  )
( 141  184  214  )
( 90  38  -211  )
( -162  144  -59  )
( 173  -30  154  )
( -112  -36  -18  )
( 239  -160  251  )
( 323  -301  -293  )
( -215  118  -88  )
( -5  142  -103  )
( -264  300  34  )
( -194  -298  167  )
( -175  89  -187  )
( 44  146  182  )
( -25  333  125  )
( 32  203  134  )
( 26  -170  -246  )
( -95  113  -160  )
( 226  254  233  )
( -197  -337  109  )
( -299  187  13  )
( 252  319  183  )
( -310  198  113  )
( -45  -230  -40  )
( -314  7  330  )
( 308  233  -20  )
( 84  -240  43  )
( -259  216  -182  )
( 117  -250  -241  )
( -282  -304  -258  )
( 26  -136  -64  )
( 134  -29  -279  )
( -211  -17  -341  )
( -122  -81  -265  )
( 206  -197  -167  )
( -312  -327  65  )
( 116  114  316  )
( -107  -164  -295  )
( 104  -213  276  )
( 169  205  -134  )
( -181  -59  222  )
( 24  192  147  )
( 349  -215  -28  )
( -333  -260  253  )
( -11  121  325  )
( 92  -191  50  )
( -285  199  186  )
( 252  -263  -78  )
( 103  279  3  )
( 45  -29  -233  )
( -206  16  -348  )
( 83  -12  -45  )
( -179  -330  -247  )
( -24  -5  -148  )
( -89  -198  -248  )
( -292  177  51  )
( 28  -166  -340  )
( 304  253  29  )
( 106  330  -139  )
( -20  -189  -263  )
( 340  314  334  )
( 57  -105  -22  )
( -37  176  -215  )
( -23  -75  244  )
( 295  244  217  )
( 275  110  -292  )
( 42  15  -141  )
( -1  -120  -326  )
( 58  -71  85  )
( -280  67  324  )
( -66  -275  -9  )
( -230  -8  -45  )
( -74  72  -340  )
( -206  320  -208  )
( -28  39  93  )
( 241  -29  -55  )
( -116  255  55  )
( -266  54  -225  )
( 329  -61  -264  )
( 272  -296  -227  )
( 75  307  143  )
( 334  -308  87  )
( 180  64  32  )
( -158  -110  255  )
( 199  1  -336  )
( -115  254  -50  )
( -235  -164  -190  )
( 41  149  -117  )
( -306  -36  102  )
( 214  70  237  )
( 138  234  -316  )
( 148  24  303  )
( -252  -172  -161  )
( 141  -181  -127  )
( 347  -64  294  )
( 334  -229  327  )
( 66  -70  -30  )
( 204  -17  265  )
( 126  -7  276  )
( -303  74  294  )
( 294  326  -321  )
( 140  -327  129  )
( -177  -60  -332  )
( -95  -152  143  )
( -230  -292  -52  )
( -150  89  157  )
( 2  -326  -228  )
( 161  -16  278  )
( 92  -262  255  )
( -12  218  205  )
( 187  58  75  )
( -300  89  67  )
( 236  -39  -26  )
( 176  -297  66  )
( 44  30  209  )
( 65  -309  -54  )
( 191  -214  118  )
( 101  95  -204  )
( -204  -98  -95  )
( 89  -133  43  )
( 268  -41  151  )
( -77  156  141  )
( 106  157  205  )
( -115  -307  -12  )
( -58  -283  300  )
( -284  226  -31  )
( 172  -323  119  )
( 154  -230  -281  )
( -332  -296  -215  )
( -290  -231  144  )
( 61  89  315  )
( 97  220  -232  )
( 297  -69  -218  )
( 67  -327  -348  )
( -226  -57  166  )
( -116  245  -342  )
( 94  -221  -165  )
( -44  339  333  )
( -38  122  -100  )
( 280  -162  311  )
( -54  72  -182  )
( -173  -224  -71  )
( -143  -201  -316  )
( -89  -42  -117  )
( 60  -118  144  )
( 254  116  185  )
( 46  312  -304  )
( 34  -196  -190  )
( 160  -75  -88  )
( 152  262  -63  )
( 293  150  -341  )
( 12  149  -164  )
( -339  -219  -196  )
( 277  -270  292  )
( 103  333  11  )
( 271  -277  344  )
( 10  6  -190  )
( 246  212  -59  )
( 3  225  0  )
( 95  313  -16  )
( -260  -237  -135  )
( 131  -232  -41  )
( -181  188  141  )
( 330  342  148  )
( -257  203  70  )
( -43  -214  -144  )
( 246  -106  321  )
( -54  -257  0  )
( -235  330  332  )
