( -91  -42  48  )
( -56  1  -0  )
( 145  77  12  )
( 89  -100  -142  )
( -102  76  -41  )
( 118  -34  -61  )
( 149  -53  99  )
( -60  -79  -6  )
( -103  -127  -60  )
( -71  49  132  )
( 26  -51  74  )
( -105  -57  -2  )
( -29  -44  -61  )
( -13  36  -44  )
( 81  -28  -142  )
( 129  104  -82  )
( 47  -91  104  )
( 62  41  -116  )
( 63  138  91  )
( 117  88  128  )
( 20  -54  68  )
( 92  -31  -130  )
( -38  -16  54  )
( 106  1  -133  )
( -117  62  -7  )
( 44  -51  128  )
( 1  -33  137  )
( -100  10  104  )
( -30  -115  22  )
( 11  83  -31  )
( 125  143  -89  )
( -39  3  -137  )
( 104  -149  -110  )
( 149  95  -139  )
( -0  116  24  )
( 12  -143  144  )
( 39  79  57  )
( 137  -55  -122  )
( 104  126  -60  )
( -64  -131  -12  )
( 126  67  1  )
( -95  52  88  )
( 9  -117  14  )
( 109  -15  74  )
( -17  74  -143  )
( -130  28  -131  )
( 64  -5  116  )
( -6  115  -130  )
( 93  -34  -124  )
( -112  -14  138  )
( 111  95  -57  )
( 25  -87  39  )
( 54  148  7  )
( 16  144  -126  )
( -9  149  4  )
( 87  -42  60  )
( -72  38  91  )
( 94  -41  96  )
( 11  140  -82  )
( -135  -47  96  )
( -66  114  86  )
( -36  149  68  )
( 5  24  146  )
( -24  -78  53  )
( 27  86  41  )
( 68  134  1  )
( -6  -13  -58  )
( 11  -6  -149  )
( 87  105  -72  )
( 1  43  -22  )
( -101  77  34  )
( 128  126  127  )
( -38  148  32  )
( 79  -44  -1  )
( -28  -112  -18  )
( 100  110  143  )
( 25  -112  -78  )
( -21  -106  -125  )
( 42  -31  64  )
( -146  1  30  )
( -131  69  -78  )
( 98  -73  -22  )
( -62  93  40  )
( -132  -56  -131  )
( 48  -45  137  )
( -29  -120  84  )
( 119  -145  -74  )
( -84  136  72  )
( -61  -116  130  )
( 116  14  -141  )
( -138  78  -30  )
( -72  -90  -106  )
( 107  -47  26  )
( 117  -46  -48  )
( -147  -105  -36  )
( -14  -36  -122  )
( 38  -11  53  )
( 122  88  -39  )
( 9  -123  -134  )
( 38  -42  44  )
( 59  60  43  )
( 21  -120  65  )
( -63  55  9  )
( 149  29  87  )
( -1  125  65  )
( 61  -26  10  )
( 86  10  -48  )
( -52  -87  34  )
( 121  6  95  )
( 131  -7  33  )
( 134  15  27  )
( -60  -41  113  )
( -81  106  -123  )
( 71  6  -59  )
( 52  -26  100  )
( -65  145  58  )
( 15  75  8  )
( -39  -126  103  )
( -127  -52  134  )
( 129  -54  -0  )
( -74  -111  -81  )
( -10  43  -76  )
( -38  -20  138  )
( -78  -12  121  )
( 61  63  -51  )
( -146  -61  -105  )
( -10  43  123  )
( -72  140  47  )
( 35  131  146  )
( 62  -34  -138  )
( 53  100  -56  )
( -110  -132  121  )
( 103  -49  23  )
( -84  57  132  )
( 132  -72  81  )
( -140  -9  4  )
( 91  -54  -26  )
( 101  -106  7  )
( -136  -38  -12  )
( 101  -76  -45  )
( -131  53  91  )
( 80  65  -60  )
( -116  4  -128  )
( -32  -47  36  )
( -124  148  118  )
( 5  -119  98  )
( -9  13  103  )
( 19  -37  -51  )
( 50  96  -122  )
( -82  -108  124  )
( -49  4  107  )
( 91  -125  -114  )
( 11  146  -63  )
( 9  -82  92  )
( -111  129  -62  )
( 26  -25  -118  )
( 55  -9  147  )
( 114  98  -59  )
( -76  27  74  )
( 93  139  -133  )
( 118  -83  72  )
( -96  19  107  )
( -89  -53  101  )
( -28  113  20  )
( -120  -68  147  )
( -117  56  60  )
( 21  -136  -53  )
( 97  -37  86  )
( 80  -82  109  )
( -130  -83  -66  )
( -53  -131  -49  )
( -27  -39  83  )
( -100  129  -3  )
( -91  15  -140  )
( -119  149  -128  )
( 35  -101  107  )
( 67  100  90  )
( 8  29  -77  )
( -112  -67  135  )
( 69  92  103  )
( -99  64  39  )
( -61  -17  -8  )
( 74  -148  -0  )
( -5  -50  -140  )
( -148  -12  10  )
( 144  -70  -103  )
( -14  -136  -19  )
( -88  -16  84  )
( 122  -135  -139  )
( 100  123  56  )
( -66  117  -52  )
( 13  52  89  )
( 32  -34  -40  )
( 66  -109  -139  )
( -75  86  92  )
( -34  -69  50  )
( 12  -87  73  )
( -90  -65  -132  )
( -9  -43  48  )
( -84  0  29  )
( -74  7  10  )
( 82  -26  51  )
( 14  -18  115  )
( 108  -58  -56  )
( -81  133  -51  )
( -17  9  -59  )
( -44  -51  -140  )
( -44  -103  127  )
( 71  -111  -63  )
( -104  89  83  )
( -124  -40  49  )
( 17  85  40  )
( -96  85  88  )
( -106  54  -36  )
( -63  -78  45  )
( -93  52  -11  )
( -148  -95  -54  )
( -44  146  -136  )
( -45  108  118  )
( -98  20  -69  )
( 126  29  61  )
( 57  103  144  )
( -58  -117  64  )
( -64  67  41  )
( -125  -79  132  )
( 37  115  1  )
( -87  128  -110  )
( -66  81  -138  )
( 37  105  115  )
( 29  18  96  )
( -121  -101  36  )
( 115  134  96  )
( 72  34  138  )
( -124  -131  -25  )
( 26  7  -147  )
( 69  55  6  )
( -128  27  -95  )
( 75  -70  -22  )
( 119  -38  53  )
( 47  -58  -92  )
( 137  3  -98  )
( 114  14  -62  )
( 79  -117  73  )
( -105  -66  -96  )
( 69  53  -96  )
( 10  132  74  )
( -48  78  94  )
( 33  18  137  )
( 53  -95  129  )
( 137  -21  40  )
( -38  -99  32  )
( -26  47  33  )
( -22  -118  144  )
( 22  -39  -26  )
( -130  -71  126  )
( -2  -69  -101  )
( 14  92  -34  )
( -58  -119  -103  )
( 9  90  141  )
( 70  131  22  )
( -64  112  88  )
( -115  51  83  )
( 11  143  -77  )
( -46  102  13  )
( 71  -139  119  )
( 79  98  83  )
( -73  34  47  )
( 115  -66  111  )
( 127  -111  143  )
( -16  -73  -59  )
( -135  105  -37  )
( -149  104  -103  )
( 75  -98  -11  )
( 18  -107  124  )
( -49  134  -117  )
( -127  122  2  )
( -69  67  91  )
( 18  69  128  )
( -114  -67  -13  )
( 68  124  -17  )
( -117  -60  17  )
( 148  94  0  )
( -71  97  57  )
( -66  23  87  )
( -66  -21  1  )
( -133  -53  -115  )
( -127  -100  1  )
( 90  -76  -24  )
( 149  -127  27  )
( 133  -134  -125  )
( 19  -75  -53  )
( 29  3  92  )
( 44  -61  -38  )
( 77  4  -27  )
( 12  -75  -90  )
( 91  -55  -96  )
( -70  62  -44  )
( -112  -46  -83  )
( 99  133  111  )
( 2  91  22  )
( 18  -16  -4  )
( -113  -40  -23  )
( -61  148  -81  )
( 109  -23  114  )
( -27  -114  67  )
( -140  118  -9  )
( -54  37  33  )
( -107  -147  16  )
( 89  -57  53  )
( -125  126  11  )
( -83  -67  128  )
( -77  -121  -0  )
( -141  -25  16  )
( 39  -48  148  )
( 23  42  -140  )
( -0  56  -50  )
( 81  -21  -31  )
( 23  -61  110  )
( -91  47  146  )
( -93  85  109  )
( 142  39  65  )
( -50  -147  -45  )
( -116  125  74  )
( -20  109  99  )
( -86  71  76  )
( 13  -73  -147  )
( -90  -142  -49  )
( 142  -23  108  )
( -130  -104  103  )
( -118  97  145  )
( 66  81  123  )
( -35  -110  16  )
( 0  -126  100  )
( -68  118  -28  )
( -43  -64  -94  )
( -83  -18  137  )
( 56  -1  -141  )
( 0  23  -72  )
( -44  69  -114  )
( -143  116  98  )
( -100  72  -34  )
( -118  -139  -93  )
( 25  -49  -2  )
( -7  125  32  )
( -95  105  -134  )
( 46  -101  -53  )
( 55  25  77  )
( -61  18  -36  )
( 17  -80  31  )
( -68  82  96  )
( -73  96  91  )
( -35  -99  45  )
( 113  -138  73  )
( -78  -92  42  )
( 144  -121  -148  )
( -18  -105  -91  )
( 137  82  26  )
( -15  118  139  )
( 23  -14  -102  )
( -67  140  -18  )
( -25  -95  32  )
( 19  129  103  )
( 0  -68  -34  )
( -96  -103  -46  )
( -46  52  -7  )
( -124  36  119  )
( -55  -116  -60  )
( -92  145  81  )
( 79  -121  140  )
( 19  -54  102  )
( 56  13  40  )
( -52  -135  147  )
( -83  -78  96  )
( -125  30  140  )
( 107  14  -1  )
( -105  -18  117  )
( 128  -51  -94  )
( -26  61  27  )
( 95  90  -28  )
( 59  -51  75  )
( -124  87  75  )
( 18  -36  -44  )
( -135  -136  -108  )
( -75  -116  102  )
( -49  -76  -115  )
( 149  -31  -14  )
( 26  -42  54  )
( -0  125  6  )
( 66  -115  -99  )
( 8  46  113  )
( -21  45  60  )
( -49  79  -86  )
( 19  -45  -32  )
( 5  -92  107  )
( -71  -37  145  )
( -107  -138  41  )
( 126  -23  -8  )
( -54  -100  40  )
( 95  -83  -45  )
( 91  123  131  )
( -15  115  113  )
( -31  -77  125  )
( 64  90  -15  )
( 106  -76  2  )
( -107  -54  -67  )
( -14  33  149  )
( 109  111  -62  )
( -25  20  -125  )
( -96  82  135  )
( 138  -67  -8  )
( 117  96  -86  )
( 120  -25  -79  )
( 24  -138  41  )
( -83  -126  -30  )
( -123  107  142  )
( -40  -44  72  )
( 79  -131  -50  )
( -69  66  -42  )
( -84  -38  95  )
( 43  -148  -93  )
( 87  136  9  )
( 133  -126  21  )
( -148  -48  70  )
( 128  -107  -146  )
( -142  -67  -85  )
( -133  -143  82  )
( -69  -50  -22  )
( 84  50  44  )
( -70  -72  148  )
( 84  -103  -54  )
( 14  100  -105  )
( -107  49  148  )
( 113  95  135  )
( 112  -75  -52  )
( 79  -140  145  )
( 44  -78  -121  )
( 66  -29  144  )
( -27  5  -23  )
( -84  -118  -133  )
( -58  -98  54  )
( -50  -64  -5  )
( 43  36  -119  )
( 139  103  -9  )
( 144  98  -123  )
( 87  -80  36  )
( 84  79  122  )
( 97  128  -42  )
( 73  -71  24  )
( 84  56  72  )
( 78  83  59  )
( -104  107  -53  )
( 34  144  -57  )
( -87  -143  7  )
( -22  -21  93  )
( 87  95  66  )
( -117  -60  64  )
( 99  -20  79  )
( -142  -17  -55  )
( 126  -10  -22  )
( -129  124  18  )
( 97  6  0  )
( 102  54  -87  )
( -52  91  -53  )
( -16  -13  -69  )
( 69  146  10  )
( 110  93  -27  )
( 32  -79  -118  )
( 5  -35  -23  )
( 119  58  -73  )
( 126  -19  -3  )
( 44  -37  68  )
( 68  -138  78  )
( -114  115  22  )
( -83  67  95  )
( -26  20  -1  )
( -103  52  -7  )
( 136  34  129  )
( 50  46  111  )
( -103  35  -18  )
( -47  98  140  )
( 132  107  -12  )
( -56  -106  41  )
( -83  -120  -126  )
( 112  -26  117  )
( 119  -85  -114  )
( 79  81  51  )
( -73  44  -19  )
( 38  29  6  )
( -0  -89  -48  )
( 65  -144  -4  )
( -135  62  -44  )
( 8  19  -138  )
( -13  -2  -64  )
( -50  53  -111  )
( 56  129  50  )
( -136  13  -104  )
( 49  7  -9  )
( -119  135  10  )
( -63  -140  -105  )
( 125  12  144  )
( -85  72  -47  )
( -7  34  -13  )
( -106  -120  -123  )
( -124  79  -77  )
( -140  64  -6  )
( -100  110  44  )
( -118  -137  108  )
( 66  8  -28  )
( -119  -117  123  )
( -51  -87  99  )
( 7  39  119  )
( 13  26  -121  )
( 148  -149  132  )
( -134  -99  18  )
( -86  56  49  )
( 117  -37  -57  )
( -72  -127  149  )
( -11  31  25  )
( -24  101  -31  )
( -39  -73  88  )
( 143  51  -133  )
( -126  -62  -69  )
( -107  -86  -27  )
( -77  -127  4  )
( -18  26  -43  )
( 122  53  -38  )
( 68  -128  -42  )
( 71  18  -115  )
( -107  -34  58  )
( 122  41  -43  )
( -61  -133  134  )
( 117  -54  124  )
( -71  -70  42  )
( -129  -74  46  )
( 94  23  12  )
( 119  -78  122  )
( 145  -12  44  )
( -146  95  30  )
( 70  11  -112  )
( 90  124  -18  )
( 73  -96  26  )
( -57  -28  11  )
( -62  90  64  )
( -33  6  -25  )
( 89  6  -92  )
( -96  -44  -120  )
( -100  144  -22  )
( 136  14  99  )
( -21  -49  -54  )
( 106  -39  -103  )
( 0  132  -16  )
( -145  50  99  )
( -98  -65  -78  )
( 41  -132  122  )
( -2  24  57  )
( 92  -90  -121  )
( 53  108  109  )
( 37  4  -134  )
( 7  -137  -35  )
( 80  -87  70  )
( 57  58  12  )
( 113  -53  -57  )
( -20  -46  -55  )
( -4  -48  -22  )
( 145  38  -3  )
( -12  64  3  )
( 53  105  22  )
( -4  -132  -85  )
( 94  -63  3  )
( 148  147  -122  )
( 68  -2  -132  )
( -47  143  59  )
( -144  99  15  )
( 18  -137  -60  )
( -130  78  -30  )
( 29  124  -94  )
( -56  -102  -7  )
( -111  122  -94  )
( -139  83  -64  )
( 91  131  2  )
( 60  140  58  )
( 112  133  -31  )
( 143  55  133  )
( 135  -124  94  )
( -57  -122  73  )
( -90  49  11  )
( 84  -115  114  )
( 102  -98  -140  )
( -101  -87  10  )
( -122  27  -148  )
( -79  34  -108  )
( 126  64  83  )
( -42  130  -95  )
( -113  63  -92  )
( -141  128  127  )
( -80  -46  -101  )
( 1  32  112  )
( -132  119  -25  )
( 60  54  -44  )
( 102  15  117  )
( 19  145  -149  )
( -106  -102  33  )
( -26  -79  -32  )
( 113  -126  -48  )
( 98  126  63  )
( 12  14  21  )
( 100  -62  -11  )
( 126  144  -100  )
( -76  114  -49  )
( -96  111  55  )
( -123  -73  74  )
( 67  63  -93  )
( -114  -61  -13  )
( 147  -135  -122  )
( 124  94  37  )
( 137  -90  118  )
( 53  -11  -148  )
( -118  -145  -99  )
( -11  -33  -93  )
( 16  -92  103  )
( -147  112  88  )
( 35  -128  -93  )
( 128  18  -105  )
( 66  -9  23  )
( 7  -129  -18  )
( 115  32  -28  )
( 46  -139  -41  )
( -16  -83  -145  )
( 107  -33  -138  )
( -139  -15  28  )
( 137  -20  -110  )
( 75  -98  13  )
( 53  -5  -91  )
( 26  48  30  )
( -43  63  25  )
( 65  82  125  )
( 79  1  83  )
( 57  45  -88  )
( -86  -82  0  )
( 32  -97  117  )
