( 120  138  -24  )
( 80  -78  146  )
( 9  -119  -30  )
( -5  90  73  )
( -31  -59  74  )
( 108  -48  -148  )
( 74  116  118  )
( 143  -60  112  )
( 23  104  -27  )
( 104  -8  -101  )
( -46  -34  116  )
( -145  93  128  )
( -77  58  63  )
( 147  -76  35  )
( 113  -27  -23  )
( 75  -14  27  )
( -118  137  -45  )
( -7  -138  -39  )
( -14  82  -93  )
( 135  19  -34  )
( -15  138  -20  )
( -75  124  -7  )
( -134  56  -38  )
( 119  24  -106  )
( -110  -76  -98  )
( -68  8  81  )
( 1  37  -84  )
( 71  8  15  )
( -35  -7  39  )
( -95  -105  15  )
( 65  -3  -116  )
( -136  114  140  )
( 36  -50  29  )
( -24  65  -134  )
( 130  113  -31  )
( 39  56  126  )
( 76  108  30  )
( -99  -98  35  )
( -19  137  -7  )
( 128  -13  25  )
( -104  15  83  )
( 132  -102  -97  )
( 122  26  -47  )
( 22  -14  146  )
( -52  142  48  )
( 118  -101  -29  )
( 76  -48  -50  )
( -138  101  143  )
( -45  -43  42  )
( 84  -65  50  )
( -135  5  71  )
( -106  -96  -63  )
( -98  21  72  )
( 68  47  138  )
( 14  111  -19  )
( 23  114  39  )
( -134  -110  -106  )
( -16  -88  -37  )
( -25  13  20  )
( -50  52  24  )
( -84  -146  30  )
( -70  -57  -100  )
( 9  136  -131  )
( 100  21  79  )
( 13  94  39  )
( -122  119  -64  )
( 124  -99  -139  )
( -50  -99  -20  )
( 33  -14  -110  )
( 127  -85  82  )
( 108  86  -82  )
( -135  -8  93  )
( -71  -126  -119  )
( -18  -114  -138  )
( 26  142  62  )
( 38  -127  80  )
( 143  -122  132  )
( 85  -41  87  )
( -28  16  -43  )
( -43  -117  44  )
( 45  -1  86  )
( 143  76  -81  )
( 123  -125  -148  )
( 115  -24  13  )
( -53  -142  67  )
( 114  30  37  )
( -78  121  -55  )
( 103  -121  59  )
( 136  -4  96  )
( 118  138  75  )
( 63  -101  -124  )
( -85  15  -104  )
( 60  34  -75  )
( 135  -13  10  )
( -135  -24  95  )
( 89  21  58  )
( -122  90  -119  )
( 82  49  -3  )
( -76  -29  -51  )
( -58  79  -76  )
( 121  -92  99  )
( -136  -122  10  )
( -46  20  25  )
( -142  -124  -146  )
( 148  137  -113  )
( -3  -91  -60  )
( -119  13  -140  )
( 59  -52  -15  )
( 65  4  80  )
( -57  121  120  )
( 67  -23  -22  )
( -30  113  115  )
( -27  20  112  )
( -8  -149  -43  )
( -33  -146  -36  )
( 2  -30  37  )
( -147  -78  64  )
( -17  82  -119  )
( 86  7  -83  )
( 25  123  140  )
( -134  -129  94  )
( 70  114  47  )
( 48  26  142  )
( -140  -27  -117  )
( -97  -88  72  )
( 4  126  -70  )
( -41  122  4  )
( 34  83  95  )
( -103  66  -89  )
( 5  122  94  )
( 10  0  45  )
( 127  34  -68  )
( 1  89  -58  )
( 20  -127  -32  )
( -5  130  -66  )
( 141  86  -117  )
( 20  -27  16  )
( -113  -115  -127  )
( -4  -74  -59  )
( 50  110  -44  )
( -114  -37  25  )
( 2  -104  -44  )
( -108  117  76  )
( -101  89  65  )
( 0  -115  -102  )
( -62  -71  110  )
( -26  1  148  )
( -73  -143  116  )
( 141  49  146  )
( -114  -39  103  )
( -95  77  133  )
( 41  46  70  )
( 83  -22  -66  )
( -41  16  48  )
( 71  92  72  )
( 80  -65  -120  )
( -133  -111  -60  )
( -103  -50  9  )
( 85  -128  -39  )
( 6  8  92  )
( 137  -125  73  )
( -124  118  142  )
( 41  114  -115  )
( -11  61  -135  )
( -84  124  -132  )
( -76  146  -42  )
( 42  -91  -100  )
( -134  42  6  )
( -79  12  -127  )
( 73  1  -87  )
( -23  92  26  )
( -131  -79  85  )
( -53  -5  -44  )
( -145  65  -123  )
( 120  -83  -63  )
( 1  -70  -137  )
( 117  23  79  )
( -52  -132  102  )
( 31  -54  -23  )
( -112  130  144  )
( -0  96  92  )
( 66  59  -129  )
( 115  -26  -20  )
( -149  -65  -49  )
( -109  55  -83  )
( 95  51  62  )
( 86  132  -34  )
( -67  -144  -77  )
( -26  -140  -44  )
( 27  -54  49  )
( 131  94  -83  )
( 103  -67  117  )
( 3  -139  106  )
( -140  -138  -26  )
( -66  -17  -71  )
( 40  -4  86  )
( -143  -140  2  )
( 0  -53  108  )
( -36  132  -124  )
( -90  3  23  )
( 52  -104  -119  )
( 110  80  10  )
( 43  -101  -47  )
( -124  -7  64  )
( -144  -102  95  )
( -73  -146  -4  )
( -100  -113  37  )
( -139  138  -28  )
( -85  -49  -97  )
( 98  -40  -139  )
( 31  -120  25  )
( -24  -39  -149  )
( 79  58  117  )
( -112  77  99  )
( 79  -109  33  )
( 56  -20  4  )
( -104  44  49  )
( 145  -66  110  )
( 23  -11  103  )
( -37  -38  98  )
( 128  110  65  )
( 54  111  87  )
( -27  -4  -5  )
( 68  -111  -21  )
( -99  35  -141  )
( -98  -56  -55  )
( -105  -89  18  )
( -5  -34  -42  )
( -12  -39  -45  )
( 103  113  -44  )
( -130  -60  126  )
( -96  52  -134  )
( 91  -147  41  )
( -54  -143  -149  )
( 131  -126  -116  )
( -115  -65  -132  )
( -148  6  -28  )
( 53  -2  -41  )
( -85  142  -29  )
( -127  4  -149  )
( 6  144  124  )
( -102  111  110  )
( 7  -30  -54  )
( -120  76  48  )
( 146  -130  46  )
( 109  -73  -24  )
( -103  22  -100  )
( 131  -23  -46  )
( 102  -14  -8  )
( 84  -44  -139  )
( 139  87  -53  )
( -22  -36  -17  )
( -120  -30  -64  )
( -3  24  94  )
( 67  105  -53  )
( -47  11  -110  )
( -35  34  100  )
( 140  0  79  )
( 58  -91  80  )
( -70  47  22  )
( -91  2  9  )
( 76  -4  -121  )
( 143  139  49  )
( 32  -31  47  )
( 81  28  -34  )
( 28  -93  38  )
( -73  53  -1  )
( 22  -20  -138  )
( -86  137  17  )
( 148  -116  76  )
( 20  143  44  )
( 73  145  79  )
( 54  -114  -147  )
( 6  86  -145  )
( 35  103  30  )
( -92  -73  44  )
( 83  3  94  )
( 76  61  82  )
( -146  126  110  )
( -57  -52  47  )
( 46  48  -96  )
( -94  97  16  )
( -101  92  -74  )
( -41  9  -56  )
( -53  33  -120  )
( 81  108  -107  )
( -116  60  62  )
( -149  -36  58  )
( -27  105  89  )
( 118  57  -34  )
( 72  0  145  )
( -68  -24  -137  )
( -25  69  106  )
( 87  -146  89  )
( 60  80  129  )
( -25  -84  -128  )
( -146  97  -34  )
( -8  78  94  )
( 9  92  91  )
( -20  -26  33  )
( -143  -136  -109  )
( 97  -39  12  )
( -113  -115  -129  )
( 64  74  -140  )
( -43  106  125  )
( 19  145  -46  )
( -92  30  35  )
( 15  8  -132  )
( 60  -85  103  )
( 105  -52  -114  )
( -51  -147  32  )
( -86  -76  -64  )
( 23  -75  -119  )
( 30  23  99  )
( -92  -104  20  )
( -92  -79  -83  )
( -94  134  40  )
( 71  148  63  )
( 98  -123  -36  )
( -108  -114  102  )
( 102  28  -131  )
( -126  -85  -45  )
( -140  53  67  )
( 125  12  64  )
( 94  101  34  )
( 39  134  -49  )
( 110  -40  -106  )
( -100  -19  -145  )
( -46  -3  18  )
( -42  130  3  )
( -106  129  73  )
( -80  -7  -127  )
( 54  -36  -136  )
( -18  -108  72  )
( 65  132  133  )
( -123  -51  -46  )
( -77  57  -104  )
( -21  -31  66  )
( -50  45  -20  )
( 141  110  -134  )
( 123  -120  -45  )
( -92  -35  149  )
( -142  -11  116  )
( -10  87  125  )
( 65  -135  -113  )
( -138  137  102  )
( 27  -49  126  )
( -111  -79  -78  )
( 76  -120  140  )
( 78  -79  8  )
( 82  46  58  )
( 4  -67  -105  )
( 54  -49  -81  )
( 119  -51  -23  )
( 11  109  137  )
( 82  62  -24  )
( -137  -111  51  )
( 34  -37  -105  )
( 33  -71  -117  )
( -71  49  54  )
( 94  72  -61  )
( -89  38  -68  )
( -36  -18  -92  )
( 118  89  -74  )
( 117  45  -95  )
( 22  100  67  )
( 120  -102  119  )
( -17  121  -1  )
( -46  148  -34  )
( -9  7  -33  )
( -59  31  44  )
( 48  115  -29  )
( 20  -65  132  )
( 64  -56  60  )
( 124  42  94  )
( -68  110  118  )
( 12  -10  -0  )
( 51  -99  123  )
( 95  81  -140  )
( 104  -119  40  )
( 59  -30  136  )
( -54  101  -72  )
( -45  -37  -57  )
( 32  71  43  )
( -38  144  58  )
( -24  39  -77  )
( 147  12  -113  )
( 15  84  29  )
( -149  106  6  )
( 30  0  138  )
( -131  118  66  )
( -132  -130  -30  )
( 56  -126  40  )
( 15  149  -91  )
( 67  -142  141  )
( 1  -11  25  )
( -95  -92  113  )
( 49  149  -126  )
( 137  93  -124  )
( 113  104  -95  )
( -6  -119  149  )
( -69  -119  116  )
( -88  124  -100  )
( -121  55  85  )
( 61  -56  -65  )
( -22  18  -24  )
( -121  87  -143  )
( 63  -81  -138  )
( -24  94  -2  )
( 12  25  40  )
( 2  -34  145  )
( 57  -0  33  )
( -43  -58  -52  )
( -134  -39  118  )
( -17  -10  59  )
( 128  20  15  )
( -146  142  22  )
( -67  -68  99  )
( 0  -57  54  )
( -83  -49  -38  )
( -93  -70  -103  )
( -0  127  136  )
( 67  46  127  )
( 91  89  -101  )
( 49  106  -1  )
( -71  -20  82  )
( 61  -32  45  )
( 24  -9  97  )
( -53  -61  131  )
( -119  -137  104  )
( -50  10  121  )
( -28  51  25  )
( 37  34  111  )
( 18  -109  -112  )
( -82  137  74  )
( 57  38  52  )
( -26  -95  113  )
( 30  -16  79  )
( 47  -106  -145  )
( 27  4  112  )
( -114  -127  -23  )
( 57  -130  -66  )
( 26  -128  29  )
( 95  45  64  )
( -9  -140  -21  )
( -96  41  73  )
( 104  136  -30  )
( 130  -92  111  )
( 6  -105  -66  )
( -62  135  -72  )
( -45  -138  35  )
( -121  113  12  )
( -117  -64  50  )
( 47  -12  -121  )
( -95  139  51  )
( -9  34  149  )
( 123  -71  131  )
( -140  32  69  )
( 124  40  13  )
( 83  -35  -53  )
( 15  -4  -71  )
( -65  -27  45  )
( -141  9  94  )
( -8  -114  -138  )
( -77  89  -19  )
( -81  -57  -117  )
( 47  -7  52  )
( 57  -137  -89  )
( 94  -86  -30  )
( -97  16  -133  )
( 62  136  78  )
( 139  -67  -56  )
( -69  73  -48  )
( 68  35  -146  )
( 21  -68  -117  )
( 101  32  19  )
( 123  149  107  )
( 25  109  -128  )
( 48  -60  109  )
( 142  -49  -99  )
( 19  -103  147  )
( -142  -56  -11  )
( -132  -31  -103  )
( 13  -36  88  )
( -117  -115  -26  )
( 53  76  -86  )
( -42  104  -119  )
( -44  -77  25  )
( 38  148  143  )
( 93  24  -121  )
( -23  145  7  )
( 67  -87  25  )
( -73  -74  -135  )
( -77  -95  61  )
( -79  38  -146  )
( 129  -29  -1  )
( 120  -82  -45  )
( -65  69  91  )
( -43  -28  14  )
( 55  -114  61  )
( -107  -11  105  )
( -117  -20  -49  )
( 95  31  35  )
( -99  -57  -59  )
( -142  -87  119  )
( 78  9  40  )
( 46  126  139  )
( 122  -52  82  )
( -111  127  -6  )
( 0  108  -26  )
( -106  95  79  )
( 58  106  -46  )
( 75  -23  145  )
( -73  86  59  )
( -49  99  60  )
( 73  85  41  )
( -119  -95  26  )
( 23  -142  -1  )
( 18  -38  -33  )
( -1  -124  20  )
( 98  93  -117  )
( 113  -47  110  )
( -100  -31  -17  )
( 132  -136  124  )
( -8  107  -95  )
( 137  13  -22  )
( -130  -141  132  )
( 101  -76  -82  )
( -61  129  -132  )
( -34  -27  142  )
( -141  -102  95  )
( 3  -122  45  )
( -20  16  51  )
( -0  107  -100  )
( 132  -35  -109  )
( 122  37  -86  )
( 128  101  79  )
( -97  -61  -29  )
( -128  -57  -114  )
( -142  -88  34  )
( 125  104  -50  )
( -81  33  -96  )
( -95  4  10  )
( -40  -96  135  )
( 125  54  103  )
( -62  15  65  )
( -39  70  -113  )
( 55  123  -26  )
( -111  23  73  )
( -24  -80  -124  )
( -145  117  72  )
( 59  -3  -85  )
( 113  118  29  )
( -64  -111  24  )
( -83  126  -108  )
( 103  108  -34  )
( -61  -74  59  )
( 11  52  127  )
( -95  8  -80  )
( 148  113  -134  )
( 39  124  -89  )
( -72  34  32  )
( -122  64  -114  )
( -68  8  3  )
( -15  62  -18  )
( -96  114  -121  )
( -75  -113  148  )
( 76  -72  -83  )
( -62  112  140  )
( -42  55  -33  )
( 92  61  131  )
( 4  -98  -91  )
( -106  137  148  )
( -17  148  122  )
( 93  -120  75  )
( -56  80  -79  )
( -42  -57  -129  )
( -76  36  -85  )
( 46  -134  -56  )
( -116  -72  -21  )
( 119  -19  -58  )
( 91  77  5  )
( -33  114  3  )
( 41  -60  -71  )
( 83  -0  -105  )
( -65  10  31  )
( 15  43  -116  )
( -146  -9  -18  )
( -144  93  -59  )
( 90  -64  -15  )
( 60  121  96  )
( 134  83  -22  )
( 102  -90  -42  )
( -114  109  64  )
( 109  106  114  )
( 93  8  110  )
( -129  -4  101  )
( -132  144  76  )
( 13  81  142  )
( 67  -140  -108  )
( 0  -61  -38  )
( -125  148  118  )
( 142  -31  36  )
( 14  -68  67  )
( 18  -30  83  )
( -85  -131  34  )
( -145  -53  -101  )
( 30  73  -128  )
( 89  -134  75  )
( 94  -135  124  )
( 41  -104  -33  )
( 90  -100  39  )
( -99  -50  -120  )
( 47  107  70  )
( -89  140  -9  )
( 112  128  77  )
( -133  56  -36  )
( -87  -91  -85  )
( 60  -100  -71  )
( 103  -90  50  )
( -78  77  -67  )
( -28  -62  -109  )
( -101  142  103  )
( 35  124  11  )
( -139  -72  133  )
( 118  -49  -7  )
( 34  -97  -149  )
( 95  -144  -24  )
( -73  117  -125  )
( 92  86  -123  )
( 40  -41  -28  )
( -119  -2  7  )
( -107  -61  -10  )
( -0  129  139  )
( 73  -32  -96  )
( -23  -12  117  )
( 13  -44  -36  )
( -31  -77  37  )
( 77  75  -114  )
( 86  -0  145  )
