( -29  -36  -30  )
( -101  98  -118  )
( 22  -117  17  )
( 41  46  118  )
( 43  51  -28  )
( 80  -90  50  )
( -3  101  88  )
( -148  26  -34  )
( -127  76  131  )
( -5  36  -147  )
( 76  -96  -143  )
( -7  6  -79  )
( -95  -105  -86  )
( 16  -37  -19  )
( -29  35  -142  )
( -139  131  -103  )
( 47  -118  102  )
( -16  -113  -116  )
( 53  -34  -129  )
( 63  -74  68  )
( -138  -121  -63  )
( 87  -69  41  )
( -126  -84  40  )
( -72  83  21  )
( -148  -69  27  )
( -114  -137  126  )
( 148  142  -56  )
( 123  -82  7  )
( 143  -22  4  )
( -48  -22  99  )
( -63  -94  -105  )
( -120  95  -125  )
( 97  96  124  )
( -112  -143  -26  )
( -92  -14  72  )
( 135  -94  -134  )
( -35  -12  -81  )
( 22  -36  122  )
( -64  -46  -149  )
( 99  54  -65  )
( -19  55  141  )
( 147  75  49  )
( 67  105  -27  )
( -135  -104  -30  )
( 59  -74  -141  )
( 42  73  -109  )
( 50  129  -78  )
( -119  74  -26  )
( 58  125  6  )
( -71  -82  -109  )
( 50  33  -66  )
( -16  -31  -130  )
( -49  39  -57  )
( -3  33  -20  )
( 140  -59  -10  )
( -116  6  -68  )
( -49  69  -62  )
( 79  85  -95  )
( -63  -106  140  )
( -62  134  -34  )
( 7  -63  -126  )
( -137  132  -37  )
( -66  102  116  )
( 101  -8  -81  )
( -78  -96  117  )
( -117  -135  40  )
( 45  -9  102  )
( 107  -84  -111  )
( 9  72  -133  )
( 66  -146  -99  )
( 135  -57  -123  )
( 59  -84  -88  )
( 12  -53  -141  )
( 111  17  -144  )
( 93  -55  13  )
( -107  2  96  )
( -142  120  149  )
( -66  74  -127  )
( 123  111  73  )
( 4  -86  87  )
( 100  -33  105  )
( 107  12  55  )
( -6  128  -132  )
( 145  -93  -30  )
( -26  -97  96  )
( 56  20  25  )
( 59  -55  -87  )
( 94  -99  138  )
( 17  78  76  )
( -85  -11  60  )
( 60  -80  85  )
( -133  -16  -69  )
( -119  122  3  )
( 140  72  -128  )
( -144  113  47  )
( 47  -39  63  )
( 22  60  85  )
( 93  142  9  )
( 78  41  -70  )
( 77  23  -79  )
( -50  -9  -61  )
( -15  -51  -95  )
( -107  -135  91  )
( -25  -85  -89  )
( 99  -55  -141  )
( -128  -18  86  )
( 115  -59  91  )
( -94  59  133  )
( -100  143  -20  )
( -131  52  -65  )
( -125  105  67  )
( 106  -43  101  )
( -134  -0  135  )
( 89  8  -1  )
( -146  -104  -93  )
( -41  -103  -85  )
( 45  117  88  )
( -7  145  24  )
( 88  85  32  )
( 13  93  -92  )
( 136  -143  43  )
( -133  74  125  )
( 62  -134  1  )
( 28  -76  -64  )
( -51  66  -89  )
( -27  67  95  )
( 90  50  129  )
( -16  125  80  )
( -44  10  -73  )
( -21  23  -32  )
( 33  -24  -32  )
( 96  47  1  )
( 61  19  -68  )
( 60  85  110  )
( -110  92  131  )
( 51  127  -138  )
( -117  121  -128  )
( -40  -147  -140  )
( 16  137  -128  )
( -107  -70  -78  )
( 105  -147  18  )
( -62  126  -143  )
( 146  -8  -37  )
( 34  19  -64  )
( -138  41  -31  )
( -1  -64  21  )
( 102  31  -33  )
( -43  -10  88  )
( -67  84  20  )
( -149  93  -48  )
( 123  -32  -55  )
( -0  113  74  )
( 105  134  18  )
( 5  -36  -108  )
( 72  -67  15  )
( 10  -105  55  )
( 61  -28  53  )
( 34  36  104  )
( 21  35  24  )
( -112  63  130  )
( -6  45  107  )
( 57  -104  114  )
( -43  99  120  )
( -143  -132  -123  )
( -99  -89  139  )
( -26  133  -75  )
( 125  -98  -76  )
( 27  11  98  )
( 143  118  -7  )
( 83  46  84  )
( 116  -76  46  )
( -7  -55  -92  )
( 36  146  -8  )
( 49  53  26  )
( 73  -70  -57  )
( 97  -39  -74  )
( -29  32  -110  )
( 129  -61  132  )
( -118  -16  107  )
( 15  84  -98  )
( 16  108  -80  )
( -146  104  -81  )
( 147  111  -56  )
( 139  17  96  )
( -3  44  -0  )
( 31  123  57  )
( 29  -96  79  )
( 149  -43  69  )
( -47  -68  110  )
( 146  -5  128  )
( 45  55  -79  )
( 97  100  140  )
( 114  106  10  )
( 16  -98  -78  )
( -100  143  -0  )
( 51  -86  14  )
( -41  126  -125  )
( -115  65  149  )
( 88  -65  -140  )
( -52  42  98  )
( -59  92  148  )
( -36  -91  -15  )
( 2  -19  100  )
( 78  137  73  )
( -140  -70  118  )
( -60  120  -124  )
( 30  -146  -23  )
( 141  -93  105  )
( -42  -63  -67  )
( 13  -89  102  )
( -9  -31  103  )
( 24  -70  75  )
( 92  21  81  )
( 63  -136  55  )
( -51  -80  15  )
( -82  -95  -12  )
( -129  -32  -105  )
( 108  128  -104  )
( -113  128  3  )
( 118  130  -41  )
( -104  -98  34  )
( -149  104  -23  )
( -65  13  -53  )
( -84  -29  128  )
( 8  -51  101  )
( -49  65  -82  )
( 11  -12  -101  )
( 34  -137  121  )
( 77  -69  12  )
( -44  3  129  )
( -57  -82  -103  )
( -108  132  147  )
( -19  -0  -70  )
( -124  45  -73  )
( -31  119  -9  )
( 36  2  -135  )
( -82  -123  -58  )
( 46  -87  -32  )
( -76  -121  -87  )
( 2  -45  108  )
( 123  -57  126  )
( -35  33  71  )
( -17  87  -128  )
( 102  54  -18  )
( 75  119  -136  )
( 71  126  30  )
( 44  41  -54  )
( 109  -0  97  )
( -64  -9  98  )
( -88  -38  148  )
( -18  58  -33  )
( 28  -87  -20  )
( -24  138  140  )
( 24  10  40  )
( 118  136  -63  )
( -41  47  28  )
( -35  -127  -72  )
( -45  3  85  )
( -110  -75  104  )
( 107  -7  -54  )
( -28  -37  61  )
( -73  -18  43  )
( -135  -10  37  )
( 72  -9  104  )
( -31  76  -147  )
( 144  58  44  )
( 59  149  63  )
( -43  142  -126  )
( 77  30  -104  )
( -98  81  -145  )
( -69  0  -16  )
( 61  -65  -135  )
( 44  -43  94  )
( -104  -9  -125  )
( 114  47  -22  )
( -140  -76  -32  )
( -20  50  -92  )
( -104  -74  49  )
( 122  -54  1  )
( 139  103  -123  )
( 59  -106  -34  )
( -114  -31  53  )
( -110  -47  79  )
( -48  139  -23  )
( 138  -139  -3  )
( -12  -58  -19  )
( -32  -96  -128  )
( -70  -48  -147  )
( 103  146  -26  )
( -61  -85  -115  )
( -39  -127  -148  )
( -16  -89  -76  )
( 14  -76  -21  )
( -132  -118  -123  )
( 113  125  -85  )
( -49  0  -146  )
( -100  -61  129  )
( -31  -80  -73  )
( 45  136  -35  )
( -46  113  -96  )
( -106  131  -42  )
( -110  -21  -5  )
( -58  -140  139  )
( -55  15  109  )
( 72  133  -3  )
( 91  136  -106  )
( -7  -18  -106  )
( 137  -148  -6  )
( -113  80  -132  )
( -86  24  -39  )
( -11  144  -82  )
( 4  100  124  )
( 129  -23  -14  )
( -88  65  -109  )
( -97  -28  -84  )
( -38  9  -143  )
( 51  -17  19  )
( 81  -70  -14  )
( -33  -51  69  )
( -10  47  73  )
( -78  13  -3  )
( -68  -29  -58  )
( 138  -33  -113  )
( 126  -9  97  )
( 60  96  36  )
( 56  -113  -29  )
( -55  106  40  )
( 31  131  -24  )
( -138  105  -140  )
( 55  -115  109  )
( 110  83  56  )
( -110  130  75  )
( 30  -116  56  )
( -38  -99  47  )
( -71  -123  32  )
( -117  -63  64  )
( 83  -85  -39  )
( -82  65  -56  )
( 100  -80  -33  )
( -78  36  -72  )
( 76  139  78  )
( 139  66  -88  )
( 27  73  -33  )
( -93  -114  -8  )
( -90  41  37  )
( 136  141  43  )
( 82  80  -139  )
( 89  69  38  )
( -106  -103  79  )
( 57  25  121  )
( 136  135  -122  )
( -42  136  32  )
( -43  77  49  )
( 45  13  -115  )
( 40  128  10  )
( -119  -134  -16  )
( 74  76  18  )
( -124  -34  26  )
( -86  45  91  )
( -134  82  101  )
( 65  -70  -75  )
( -27  63  30  )
( 27  70  -0  )
( 133  68  -17  )
( 17  125  -10  )
( 43  86  -115  )
( 64  -0  3  )
( 114  47  135  )
( -54  109  86  )
( 149  -5  75  )
( -86  -94  2  )
( 68  31  -3  )
( 145  97  -115  )
( -108  -83  91  )
( -71  -21  -35  )
( 116  19  87  )
( -23  111  82  )
( 58  77  -125  )
( -128  -82  147  )
( -59  -39  61  )
( 146  54  128  )
( 94  -99  121  )
( -110  -56  59  )
( 30  38  116  )
( 22  145  107  )
( -57  -143  -85  )
( 17  -122  -138  )
( -20  93  65  )
( -4  -89  110  )
( -23  -93  4  )
( 123  -118  -86  )
( -82  -62  67  )
( 148  87  -94  )
( 78  6  126  )
( -86  -149  -107  )
( 105  -98  72  )
( 104  -128  92  )
( 42  -75  100  )
( 127  93  82  )
( 113  -143  -6  )
( -102  -113  -94  )
( 0  93  -28  )
( 38  14  -61  )
( 137  29  69  )
( 98  -148  137  )
( 115  -9  117  )
( 3  78  -82  )
( -127  128  -35  )
( 139  112  -144  )
( -102  -100  -126  )
( -143  -96  -26  )
( 104  -71  -92  )
( 75  -28  -146  )
( 120  -104  149  )
( 56  28  -59  )
( -96  7  -40  )
( -65  -23  -50  )
( -17  10  -79  )
( 134  120  47  )
( -35  148  -58  )
( 54  146  72  )
( 119  117  4  )
( -136  -133  -52  )
( -49  18  84  )
( -119  19  -59  )
( -66  -68  -93  )
( -37  -65  26  )
( 101  -132  4  )
( 110  -143  -112  )
( 15  -25  -3  )
( 63  -96  -71  )
( 12  -147  47  )
( -42  -102  -56  )
( 123  149  45  )
( 45  22  -78  )
( 2  24  139  )
( -3  142  -121  )
( -95  55  107  )
( -80  -62  88  )
( 52  136  137  )
( 89  -117  -63  )
( 1  104  58  )
( -103  -109  -84  )
( -112  -79  -61  )
( 141  -27  -14  )
( -129  -9  31  )
( -58  -9  43  )
( -9  -77  112  )
( -117  125  68  )
( -93  7  -92  )
( 36  -7  -116  )
( -120  -130  59  )
( 142  -135  17  )
( 15  85  -131  )
( -8  -125  -47  )
( 101  42  9  )
( -92  51  123  )
( 143  31  100  )
( -87  31  -77  )
( 55  -89  -90  )
( -44  -65  6  )
( 11  -110  27  )
( -72  -149  28  )
( -83  112  -75  )
( -76  -23  35  )
( 117  -86  65  )
( -30  -18  89  )
( -89  -118  -93  )
( -28  -95  92  )
( 145  -141  -12  )
( -7  83  56  )
( 16  -67  96  )
( -55  59  105  )
( -39  53  -114  )
( 4  138  -29  )
( 88  -36  70  )
( 56  133  123  )
( 123  -49  -52  )
( 93  50  -133  )
( -98  -75  11  )
( -135  -119  141  )
( 57  26  30  )
( 74  99  38  )
( 14  -47  -44  )
( -62  15  147  )
( -91  145  8  )
( -65  -124  16  )
( -26  -50  130  )
( 149  -1  141  )
( 29  10  26  )
( -91  -148  -53  )
( -45  70  64  )
( 29  -82  -108  )
( 96  112  42  )
( 23  -80  -101  )
( 49  122  140  )
( -27  135  -89  )
( 130  38  -113  )
( 91  0  -99  )
( 10  -65  -101  )
( -124  -104  -137  )
( -55  108  -30  )
( -41  50  135  )
( 120  51  19  )
( 119  49  10  )
( 140  -7  138  )
( -143  30  140  )
( -145  -17  -149  )
( -62  -133  -39  )
( -140  19  -55  )
( 128  -145  -82  )
( -21  -65  -39  )
( 98  49  -129  )
( 71  135  49  )
( 127  103  69  )
( 44  -2  27  )
( 110  -77  -87  )
( 127  139  -85  )
( 126  18  -128  )
( 98  20  -1  )
( -67  80  38  )
( -19  33  -42  )
( 10  -138  -117  )
( -14  -83  16  )
( -27  -97  89  )
( 147  97  141  )
( 63  -105  134  )
( -102  77  28  )
( 4  -61  2  )
( -84  -36  -35  )
( -41  97  -112  )
( 52  91  -22  )
( -121  -53  -91  )
( 30  -35  43  )
( 77  -106  83  )
( 29  -117  -70  )
( 69  128  -94  )
( -71  66  50  )
( 128  137  -42  )
( 47  -53  50  )
( -89  -111  -64  )
( -140  41  126  )
( -41  -120  -141  )
( -41  103  -78  )
( -94  -119  137  )
( -51  -29  -40  )
( -114  -129  71  )
( 0  -129  106  )
( -117  67  32  )
( -123  77  -63  )
( -74  -99  97  )
( -107  85  -62  )
( 74  -117  81  )
( -125  -33  96  )
( -76  -149  -105  )
( 43  -87  -135  )
( -63  43  -17  )
( -63  107  84  )
( 47  -92  -117  )
( 23  -12  -81  )
( 92  33  145  )
( 123  -35  -67  )
( -130  -139  -144  )
( -91  -110  -67  )
( 53  -122  -31  )
( -0  57  -27  )
( -132  17  -72  )
( -146  -119  20  )
( 91  139  114  )
( -106  123  114  )
( -45  92  136  )
( -43  -98  77  )
( -116  119  -137  )
( -83  -76  -11  )
( 138  -6  -148  )
( 94  31  -96  )
( 73  -40  6  )
( 100  96  65  )
( -109  -62  -61  )
( -50  -138  -104  )
( 43  -14  -81  )
( 115  90  -68  )
( -133  128  -125  )
( 9  -78  -133  )
( -1  -39  30  )
( 109  -120  57  )
( 61  -69  -102  )
( 132  61  110  )
( -94  19  104  )
( 99  130  -75  )
( -114  14  -28  )
( -38  35  84  )
( -130  -52  -29  )
( 142  30  25  )
( 132  -49  122  )
( -39  -41  -27  )
( 139  -120  89  )
( -16  -41  79  )
( -122  -115  109  )
( 78  106  -1  )
( 98  3  -135  )
( -47  -129  -133  )
( -16  -30  -97  )
( 132  18  -51  )
( -28  142  -123  )
( 40  37  119  )
( -57  20  81  )
( -4  -140  129  )
( 106  94  -60  )
( -27  -65  33  )
( 10  -145  32  )
( 86  -39  50  )
( -44  79  15  )
( 108  -99  -74  )
( 6  -149  -91  )
( 67  28  57  )
( 35  8  -69  )
( 47  -104  -52  )
( 2  -100  3  )
( 63  47  48  )
( 64  -144  100  )
( -50  55  134  )
( 135  -13  54  )
( 123  -55  85  )
( 103  -113  -146  )
( 133  85  -37  )
( -143  84  -68  )
( -91  38  125  )
( 32  -43  129  )
( 120  -13  24  )
( -84  -69  -67  )
( 12  -91  89  )
( 63  87  -74  )
( 20  86  45  )
( 33  55  125  )
( -7  -120  -87  )
( -141  42  50  )
( 57  -132  149  )
( 29  114  -15  )
( 69  -78  -52  )
