( -24  41  16  )
( 1  145  76  )
( 75  -126  -78  )
( -95  123  -20  )
( 138  -129  115  )
( -9  -84  -70  )
( 6  -144  -30  )
( 1  116  71  )
( 130  70  -6  )
( 137  97  6  )
( -48  68  -112  )
( 106  -65  -8  )
( -35  -33  40  )
( -108  135  82  )
( -62  -28  -110  )
( 11  -23  65  )
( 118  -40  -42  )
( -146  11  23  )
( -71  -77  -147  )
( 128  -96  8  )
( 94  -13  -97  )
( 66  86  88  )
( -54  -65  -50  )
( -126  -109  -115  )
( 71  -96  -110  )
( 67  -47  -113  )
( 78  145  2  )
( -14  -52  -99  )
( 38  -3  0  )
( -112  21  -83  )
( -137  -91  28  )
( 6  144  39  )
( -137  -40  36  )
( 145  68  -90  )
( 143  -49  -21  )
( 142  18  -0  )
( 119  59  -40  )
( 136  113  105  )
( -130  114  -46  )
( 34  -146  -105  )
( 98  -90  -57  )
( 0  -112  -18  )
( 132  -70  -100  )
( -47  14  127  )
( 101  -56  -143  )
( 99  -103  111  )
( 33  73  -31  )
( 46  100  73  )
( -80  -126  -120  )
( -38  54  135  )
( -111  -76  136  )
( -129  -132  61  )
( -101  40  38  )
( -89  125  64  )
( -51  111  127  )
( -38  91  74  )
( -85  -25  13  )
( -110  103  -129  )
( 81  132  72  )
( 6  53  -139  )
( 97  58  126  )
( -3  -125  0  )
( -1  139  -87  )
( -140  69  65  )
( 142  -122  64  )
( 62  83  -57  )
( -113  -112  27  )
( 87  -45  38  )
( 66  -98  -114  )
( -56  16  112  )
( -19  127  50  )
( -20  -132  120  )
( 24  49  -45  )
( -104  -7  -3  )
( 8  -9  -74  )
( 118  -129  -47  )
( -92  134  -15  )
( -136  -93  125  )
( 80  81  -60  )
( -103  120  17  )
( -113  77  -141  )
( 108  71  99  )
( -54  -67  140  )
( 104  120  52  )
( 26  -97  -81  )
( -128  -82  -53  )
( 80  68  91  )
( -123  105  92  )
( -63  -67  4  )
( -131  6  -143  )
( -116  104  108  )
( -139  -122  -53  )
( -51  -48  44  )
( -120  30  -37  )
( -137  84  32  )
( 117  26  62  )
( 47  -42  -107  )
( -51  81  -50  )
( 106  14  61  )
( -88  -18  -40  )
( -95  120  60  )
( -37  79  53  )
( 120  96  -62  )
( 119  -109  -87  )
( 30  -100  -15  )
( 103  132  -98  )
( -19  -71  -100  )
( -78  5  22  )
( 92  -102  -53  )
( 121  -95  -115  )
( 86  32  -118  )
( -82  56  -49  )
( -117  128  -64  )
( 116  88  -6  )
( -84  -121  20  )
( 10  92  -139  )
( 25  -63  -23  )
( -118  -42  -25  )
( -141  84  107  )
( -132  36  7  )
( -68  61  95  )
( 37  142  111  )
( -108  -145  65  )
( 28  121  -120  )
( -45  -125  -1  )
( 22  141  30  )
( 16  -18  -50  )
( -137  128  147  )
( 47  -53  50  )
( 6  -109  -52  )
( 8  -2  103  )
( 143  7  98  )
( 34  107  -136  )
( 84  81  80  )
( 81  24  121  )
( -2  80  33  )
( 47  -57  -134  )
( 146  6  115  )
( -10  -126  144  )
( -29  75  6  )
( 74  94  7  )
( 132  -105  -119  )
( 46  19  -59  )
( -93  145  0  )
( -134  25  135  )
( -56  -47  68  )
( 24  19  -14  )
( 143  -70  107  )
( -95  -15  82  )
( 10  78  -95  )
( 149  -69  70  )
( 83  -88  119  )
( 18  54  43  )
( -147  -123  36  )
( -59  -34  -36  )
( 34  -9  -15  )
( 34  120  -39  )
( -18  -149  48  )
( 7  128  -131  )
( 10  34  5  )
( -13  -122  84  )
( -66  -134  133  )
( 122  50  -2  )
( -101  -78  121  )
( -141  -33  -121  )
( 71  25  -46  )
( -38  -84  -26  )
( 67  -12  149  )
( -138  109  17  )
( 140  -62  -91  )
( -68  -103  8  )
( 87  -59  -69  )
( 70  -148  28  )
( 95  -2  23  )
( 48  26  139  )
( -72  85  130  )
( 16  -106  20  )
( -68  95  33  )
( -53  -83  -92  )
( 55  92  15  )
( 9  -76  -5  )
( -44  40  137  )
( -87  -68  11  )
( 36  93  -110  )
( -108  131  106  )
( -30  -47  99  )
( 132  81  29  )
( -43  86  136  )
( 117  31  -33  )
( 136  -34  -126  )
( 10  -72  9  )
( -14  46  12  )
( -99  83  -25  )
( -36  37  -55  )
( 73  -21  68  )
( -88  -98  60  )
( 108  17  67  )
( 70  90  -135  )
( 142  141  100  )
( -114  -56  -128  )
( 30  -36  -18  )
( -136  -44  45  )
( -7  -95  127  )
( -18  51  -13  )
( 128  -6  -61  )
( 62  -128  46  )
( -72  -137  -126  )
( 53  13  -127  )
( -21  -120  107  )
( -13  116  139  )
( -1  -56  -117  )
( 149  57  120  )
( 44  102  -123  )
( -87  44  -16  )
( 131  3  92  )
( 7  -104  105  )
( -142  43  78  )
( -9  58  130  )
( 103  -102  61  )
( -125  8  88  )
( -25  -127  -140  )
( 135  -116  112  )
( 17  68  140  )
( -5  91  13  )
( -78  23  123  )
( -82  -65  -144  )
( -5  123  86  )
( 22  -52  -53  )
( 126  -41  -119  )
( 81  21  51  )
( -43  148  -47  )
( 66  -145  -51  )
( -131  -17  -102  )
( -7  51  -114  )
( -97  -4  76  )
( -83  18  -75  )
( 32  82  147  )
( -110  137  76  )
( -137  119  36  )
( -49  113  122  )
( -79  -52  101  )
( 122  -11  -4  )
( 40  128  53  )
( -62  138  106  )
( 3  -76  -40  )
( -116  78  -79  )
( -28  -50  -99  )
( 68  -120  -87  )
( 143  131  -129  )
( -130  73  136  )
( -97  -94  59  )
( 90  121  33  )
( 71  61  107  )
( -145  93  52  )
( -109  140  -51  )
( 92  13  -35  )
( 5  19  -45  )
( 32  -86  114  )
( 33  -18  -111  )
( -14  -35  -107  )
( -40  113  -60  )
( -8  12  22  )
( -132  -77  145  )
( 121  141  -10  )
( 127  42  13  )
( -58  -112  107  )
( 135  -8  132  )
( -84  147  139  )
( 28  3  -125  )
( 103  -66  6  )
( -123  -98  -78  )
( -135  107  -118  )
( -32  -116  73  )
( -118  -83  -95  )
( -115  98  -119  )
( -13  -39  101  )
( 70  -20  74  )
( -120  87  -74  )
( -124  -77  -71  )
( 58  -12  -11  )
( 68  -61  -143  )
( 44  111  35  )
( -76  -62  -92  )
( 114  -4  -25  )
( -12  -132  5  )
( 94  -98  -103  )
( 65  67  -131  )
( 135  72  127  )
( -14  15  28  )
( 25  -93  -120  )
( -72  11  39  )
( 83  -22  -149  )
( -143  108  9  )
( 147  23  33  )
( 77  127  -68  )
( -19  71  80  )
( -20  -8  -9  )
( 54  10  -1  )
( -96  -71  102  )
( -55  77  -79  )
( -55  129  -42  )
( -95  120  64  )
( 16  131  75  )
( -43  -101  84  )
( 138  10  -53  )
( -121  30  76  )
( 96  68  28  )
( -36  -41  -1  )
( -110  -108  45  )
( -18  -75  139  )
( -95  65  5  )
( -106  -31  -105  )
( 44  -39  54  )
( -116  49  22  )
( 7  -118  54  )
( -71  -79  -98  )
( -77  71  70  )
( 145  115  89  )
( -31  64  7  )
( 130  20  24  )
( -107  114  -121  )
( 96  7  105  )
( -50  111  -30  )
( -119  -3  50  )
( -82  -73  13  )
( -16  -99  111  )
( -29  17  -117  )
( 17  73  -125  )
( 116  22  136  )
( 33  28  127  )
( 120  52  -143  )
( -49  65  55  )
( -0  28  -109  )
( -82  46  26  )
( 63  -87  -75  )
( 126  -63  54  )
( 75  18  -71  )
( 28  64  134  )
( -133  79  113  )
( 43  -117  -147  )
( -43  53  -91  )
( 81  131  -92  )
( 35  48  3  )
( 97  104  -121  )
( 42  96  115  )
( -38  71  44  )
( -130  -5  -85  )
( -7  30  44  )
( 99  -59  -22  )
( -17  24  -141  )
( 88  -38  149  )
( -53  -61  89  )
( -84  61  -126  )
( 7  95  -4  )
( 60  -68  72  )
( 60  -46  133  )
( -75  81  64  )
( 145  -103  97  )
( 89  -61  34  )
( 109  -52  -88  )
( 53  -32  140  )
( 29  -75  116  )
( 69  111  50  )
( 1  -121  101  )
( 56  27  17  )
( 81  74  -45  )
( 19  -132  75  )
( -112  120  117  )
( -81  -104  26  )
( 18  78  6  )
( -26  -124  61  )
( 108  -94  -30  )
( 70  75  58  )
( 94  132  -23  )
( 27  -117  -75  )
( 108  124  57  )
( 139  -131  -122  )
( -57  -112  75  )
( -18  56  -62  )
( 26  75  118  )
( -146  -19  3  )
( -65  -134  140  )
( -80  43  -88  )
( -70  -142  35  )
( -72  -119  73  )
( 63  65  120  )
( -41  76  144  )
( -117  -102  -66  )
( -87  -97  39  )
( -46  118  -86  )
( 86  98  -149  )
( 36  51  -132  )
( 5  -133  129  )
( 62  112  125  )
( 12  16  116  )
( 18  -119  46  )
( 27  -62  58  )
( -72  11  -8  )
( -55  -107  -146  )
( 84  127  -118  )
( -67  17  -16  )
( 134  77  108  )
( 109  124  52  )
( -1  130  -113  )
( -106  -96  -37  )
( -116  67  49  )
( -17  -119  109  )
( -19  -131  -89  )
( 129  -25  -78  )
( -35  137  -78  )
( -47  -130  -5  )
( -132  -45  -12  )
( -60  -43  72  )
( 130  -114  80  )
( -66  107  36  )
( -4  145  -63  )
( -29  -24  128  )
( 65  -93  89  )
( 125  9  25  )
( 141  148  55  )
( 53  -0  77  )
( -142  114  63  )
( -21  -106  57  )
( 23  104  38  )
( 121  -130  72  )
( -40  122  -68  )
( -125  -94  46  )
( 16  95  -120  )
( 80  -25  135  )
( -48  104  -61  )
( -86  -95  -1  )
( 53  -15  91  )
( 100  -119  7  )
( 59  4  -146  )
( -104  -69  94  )
( 67  -145  140  )
( -97  -98  6  )
( -79  108  115  )
( 17  50  112  )
( 50  -52  127  )
( -19  -116  -148  )
( 33  65  128  )
( -14  -115  -3  )
( -35  16  -5  )
( -45  66  42  )
( -94  126  -117  )
( -81  -44  127  )
( 63  -62  100  )
( -108  116  -126  )
( 76  -122  39  )
( 5  77  102  )
( -92  36  138  )
( 86  12  -54  )
( 80  -76  143  )
( -31  -2  35  )
( 108  20  -128  )
( -109  -87  -138  )
( 23  -78  149  )
( -64  138  94  )
( -121  33  -19  )
( -26  119  -96  )
( 67  107  117  )
( 124  -140  31  )
( 145  -67  -114  )
( 36  122  37  )
( 141  -103  71  )
( -110  44  109  )
( -19  37  80  )
( 144  8  39  )
( -39  -135  107  )
( 143  -110  85  )
( 86  101  142  )
( -47  -11  -97  )
( 58  -89  71  )
( 145  -65  31  )
( 59  -64  17  )
( 22  -85  36  )
( -119  92  -28  )
( 24  23  118  )
( -121  45  134  )
( -30  76  116  )
( 147  99  145  )
( 12  -16  81  )
( 59  36  104  )
( -148  70  14  )
( -34  11  -81  )
( 39  -7  144  )
( 146  -114  -55  )
( 90  -30  138  )
( -141  -34  -78  )
( -69  -103  149  )
( -129  -109  42  )
( -17  -116  -38  )
( -91  20  -41  )
( 57  9  -95  )
( 103  136  39  )
( 73  93  61  )
( -69  -8  -84  )
( -26  141  86  )
( -131  82  -96  )
( 149  134  -86  )
( 143  -25  -129  )
( -62  -122  -6  )
( -1  -58  112  )
( -37  51  25  )
( -85  -38  62  )
( -16  -19  135  )
( -16  138  -40  )
( 95  -30  116  )
( 49  83  99  )
( 68  -134  -140  )
( -13  -1  32  )
( 0  119  -67  )
( 6  -66  -13  )
( 115  -16  -24  )
( -66  -65  -61  )
( 137  148  -119  )
( 55  24  117  )
( 134  73  63  )
( -7  -72  -87  )
( -107  86  42  )
( 115  -27  -84  )
( 72  -117  -80  )
( 53  -75  74  )
( -89  88  64  )
( 141  22  57  )
( 121  35  -77  )
( 127  30  -52  )
( -74  -21  54  )
( 107  -47  57  )
( -50  -149  -107  )
( 85  -96  75  )
( 21  -127  33  )
( -141  43  -97  )
( 75  85  93  )
( 34  -27  -16  )
( 120  126  122  )
( -138  -9  7  )
( 3  -31  106  )
( 16  -54  108  )
( 38  -144  -147  )
( -69  -29  -20  )
( -93  -120  62  )
( 64  -59  -63  )
( 48  66  126  )
( -70  -72  -107  )
( 77  22  119  )
( -129  -131  -20  )
( -64  -81  -122  )
( 143  5  64  )
( -12  71  119  )
( -1  83  -0  )
( 94  129  -149  )
( 13  138  50  )
( 97  110  54  )
( 77  -35  -85  )
( 15  -134  117  )
( 116  98  95  )
( 52  -62  -134  )
( 17  88  16  )
( -137  11  6  )
( -125  -37  -145  )
( 109  6  35  )
( 62  59  50  )
( 138  116  27  )
( 107  53  -145  )
( 32  -78  -110  )
( 138  -21  50  )
( -33  -16  -104  )
( -14  24  -79  )
( -54  100  -128  )
( 60  -54  33  )
( -27  -90  5  )
( -59  -22  132  )
( -69  -34  -35  )
( -91  67  -68  )
( -92  -127  -147  )
( 56  43  -53  )
( -42  99  -111  )
( 119  -51  70  )
( -119  -10  96  )
( 111  -80  38  )
( -29  142  -111  )
( -141  -124  -48  )
( -25  -84  -1  )
( 86  -41  45  )
( 135  -91  73  )
( -117  -39  -142  )
( -24  26  101  )
( -45  46  -121  )
( -101  -74  -50  )
( -2  23  141  )
( 5  42  -18  )
( 116  -16  96  )
( 49  -114  132  )
( -108  89  79  )
( -12  -143  34  )
( 143  -22  -94  )
( -140  -45  -75  )
( -25  69  7  )
( 39  -123  -82  )
( -93  -3  -103  )
( -103  -38  -44  )
( 78  69  -3  )
( 34  -81  -138  )
( 89  149  -85  )
( -84  -86  -99  )
( -70  -99  54  )
( 47  130  -81  )
( 59  98  73  )
( -126  19  116  )
( -37  -144  -88  )
( 8  117  134  )
( 110  -48  -145  )
( -92  33  148  )
( -141  -137  144  )
( 98  1  8  )
( 15  -85  -106  )
( -141  -111  82  )
( 31  -49  -43  )
( 123  -91  -98  )
( -78  36  135  )
( -16  98  63  )
( -85  69  -128  )
( 141  137  33  )
( -104  64  -48  )
( -129  -100  116  )
( -6  46  89  )
( -11  -116  89  )
( -86  -28  111  )
( 46  21  90  )
( -129  8  31  )
( 13  -46  -79  )
( -125  40  -15  )
( 29  141  -138  )
( 138  -97  113  )
( 21  93  40  )
( 33  117  142  )
( 4  10  -55  )
( -123  144  24  )
