( 58  -72  -2  )
( 119  -115  78  )
( -128  -87  -68  )
( 22  128  -107  )
( -6  -35  -40  )
( 141  112  -43  )
( -33  114  -115  )
( 96  -132  136  )
( 26  69  15  )
( -47  -123  143  )
( 9  -43  14  )
( -134  -7  77  )
( 107  -91  -70  )
( 45  -31  27  )
( -36  -13  122  )
( 28  89  -59  )
( 112  62  124  )
( -123  -64  94  )
( 48  69  -118  )
( 5  -149  136  )
( 140  35  10  )
( -124  -72  95  )
( -85  -50  101  )
( 2  81  -146  )
( -83  -92  131  )
( 146  -116  -75  )
( -143  5  -45  )
( 123  -146  73  )
( -125  -51  -115  )
( -124  -47  58  )
( 48  -130  49  )
( 42  -87  7  )
( 43  14  -138  )
( -3  -114  -62  )
( 38  31  -135  )
( -133  -36  1  )
( 1  29  96  )
( 67  79  109  )
( 60  56  63  )
( -67  94  -37  )
( 16  -126  80  )
( 60  -71  1  )
( 24  54  34  )
( -88  -139  -17  )
( 88  -98  -149  )
( 142  48  104  )
( 45  125  81  )
( 144  -122  -134  )
( -31  117  -81  )
( -120  108  -141  )
( -147  -22  46  )
( -50  -88  -30  )
( -112  -102  -53  )
( -110  92  13  )
( -52  -77  -48  )
( -20  46  -81  )
( -98  -127  16  )
( -105  -134  10  )
( -119  -71  0  )
( -112  100  -114  )
( -95  -52  -65  )
( 65  11  50  )
( -111  22  1  )
( 60  81  104  )
( 128  85  -67  )
( -128  -124  -21  )
( -81  36  33  )
( -39  109  114  )
( -62  -43  -46  )
( 27  -112  -41  )
( -59  5  22  )
( -34  136  23  )
( -95  63  148  )
( -29  92  99  )
( -65  -68  31  )
( 109  -65  102  )
( -130  -61  10  )
( -55  -45  -127  )
( -75  -99  -4  )
( -110  -35  136  )
( 46  -134  -45  )
( 79  27  -149  )
( 36  81  -55  )
( 49  -47  128  )
( 116  -130  -0  )
( 95  4  -117  )
( 146  -117  133  )
( 66  -69  -78  )
( -107  -82  129  )
( 36  95  81  )
( 109  6  -42  )
( 121  -72  -148  )
( -56  -117  -62  )
( -123  29  117  )
( -42  -8  4  )
( -34  44  2  )
( -50  147  -57  )
( -140  53  -35  )
( 141  -85  -57  )
( -139  -111  67  )
( -22  -92  63  )
( 11  104  25  )
( -3  145  146  )
( -76  2  -25  )
( -34  -65  7  )
( 76  -143  105  )
( -146  -130  112  )
( -138  75  -86  )
( 106  -95  -27  )
( -52  38  -9  )
( -87  107  -76  )
( -128  89  -92  )
( -21  -15  -95  )
( -23  -69  -35  )
( -48  131  -41  )
( 142  -91  13  )
( 35  94  12  )
( -126  16  94  )
( 108  -112  10  )
( -19  126  118  )
( 67  -68  -65  )
( -63  -135  8  )
( 30  10  -17  )
( -34  92  -102  )
( -128  108  144  )
( -70  -63  -78  )
( 22  53  110  )
( -55  21  -136  )
( -125  102  -2  )
( -137  69  -134  )
( -143  5  -129  )
( -90  -28  76  )
( -13  63  18  )
( 128  76  88  )
( -54  120  -50  )
( 129  29  -133  )
( 147  -22  31  )
( -61  0  139  )
( -59  82  -119  )
( -9  -138  50  )
( -38  95  136  )
( 84  106  -123  )
( -110  -48  63  )
( 32  47  123  )
( -101  -1  87  )
( -105  -93  133  )
( -84  147  -48  )
( -88  -144  92  )
( 0  10  -29  )
( 4  -21  10  )
( 7  140  100  )
( 113  102  -148  )
( 7  142  108  )
( 85  125  -118  )
( 14  50  -137  )
( -76  82  31  )
( 136  -124  21  )
( -2  18  -93  )
( -19  49  113  )
( 42  -83  -69  )
( -136  27  -133  )
( 138  -51  53  )
( -93  -51  127  )
( 138  81  8  )
( 105  134  107  )
( -122  -144  -16  )
( 46  -15  117  )
( -92  42  -126  )
( 32  -74  14  )
( -69  111  -35  )
( -0  -144  72  )
( 60  85  -130  )
( 5  35  47  )
( -134  85  -102  )
( -57  16  76  )
( -81  70  -24  )
( -54  -103  -49  )
( 108  82  -68  )
( -78  43  -122  )
( 149  51  -37  )
( -145  105  -83  )
( -72  116  -89  )
( 34  -86  91  )
( 130  85  -99  )
( -56  63  -93  )
( 101  66  62  )
( 16  52  -63  )
( -89  -73  25  )
( -40  69  147  )
( 60  -31  35  )
( 115  33  -117  )
( 51  -97  -141  )
( 81  77  -129  )
( -120  85  -145  )
( 47  -8  -86  )
( 107  20  122  )
( 147  -89  43  )
( 47  0  95  )
( -51  102  -94  )
( 102  -31  116  )
( 86  -149  81  )
( -81  -99  -135  )
( -113  -11  -88  )
( -23  143  -104  )
( -139  -18  -122  )
( -98  12  -39  )
( -42  146  -107  )
( -105  132  109  )
( -21  -121  -117  )
( 114  -48  -84  )
( -130  -26  -142  )
( -7  86  -114  )
( -136  -97  92  )
( -9  -88  3  )
( -119  44  -51  )
( -11  86  53  )
( -1  -118  -75  )
( -43  -7  -9  )
( 10  118  56  )
( -123  140  -2  )
( -28  -112  124  )
( -60  -56  101  )
( -123  -73  -66  )
( -141  -59  -31  )
( -35  135  -72  )
( 49  -42  -3  )
( 85  -39  17  )
( -63  14  126  )
( 22  -105  8  )
( 57  37  -26  )
( 2  -14  -51  )
( 57  144  -148  )
( 134  86  -81  )
( -39  -42  99  )
( -8  -106  148  )
( -78  -111  85  )
( -105  133  26  )
( 133  -25  -89  )
( -133  95  111  )
( -13  -97  15  )
( 117  77  -79  )
( 131  57  -67  )
( 88  124  -83  )
( 67  133  -121  )
( 16  5  35  )
( 12  -20  -32  )
( 103  6  29  )
( -17  72  115  )
( -92  -95  -118  )
( -138  13  -7  )
( 46  142  137  )
( -149  -80  86  )
( -59  11  7  )
( -28  -26  -149  )
( 5  25  134  )
( 28  33  -77  )
( 44  -124  101  )
( -10  108  -53  )
( 142  12  3  )
( 146  3  99  )
( 76  75  -102  )
( 116  75  99  )
( 35  -19  9  )
( -89  138  -99  )
( 28  31  116  )
( 75  -17  86  )
( -53  -97  71  )
( 66  56  102  )
( 5  -90  145  )
( 39  -10  89  )
( -120  26  -80  )
( 48  14  145  )
( 43  26  -132  )
( 97  -6  -23  )
( 139  -31  107  )
( -63  -25  -125  )
( 91  -87  105  )
( -15  106  -99  )
( -44  -58  109  )
( 133  105  -16  )
( -144  -64  80  )
( 93  142  48  )
( -118  -132  -61  )
( 39  50  -19  )
( 21  123  82  )
( -75  122  -7  )
( 105  141  -52  )
( 60  45  -75  )
( 62  149  120  )
( -28  108  -136  )
( 79  -4  -34  )
( -28  23  142  )
( -137  75  96  )
( -121  140  95  )
( -7  -66  -120  )
( 9  101  51  )
( -24  14  117  )
( 23  -2  105  )
( 44  37  -123  )
( -14  106  16  )
( 66  6  -36  )
( 20  -59  -85  )
( 117  -106  138  )
( 23  70  50  )
( -140  -149  130  )
( 75  -134  127  )
( -120  27  -68  )
( -101  -23  140  )
( 48  -115  61  )
( -53  28  17  )
( -108  141  119  )
( 127  35  74  )
( 137  23  98  )
( -104  113  -96  )
( -68  -23  -11  )
( -142  140  -37  )
( 126  130  25  )
( 86  -71  130  )
( -130  45  87  )
( 122  98  126  )
( -79  -95  78  )
( 118  -120  48  )
( -37  132  21  )
( 53  -18  -117  )
( 20  136  30  )
( 106  -131  78  )
( 106  136  -89  )
( -36  -92  -14  )
( 72  48  116  )
( -16  74  -76  )
( -88  94  67  )
( 36  24  -5  )
( -124  -118  17  )
( 104  102  35  )
( 76  -130  125  )
( 89  -56  106  )
( -117  -73  -131  )
( 31  74  -23  )
( 148  -123  6  )
( 76  25  -93  )
( -47  -113  -87  )
( -131  -97  69  )
( 51  56  -69  )
( -83  -7  78  )
( -24  84  6  )
( 46  66  -37  )
( 126  -59  -28  )
( -127  -11  15  )
( -88  123  118  )
( -131  28  108  )
( 30  -135  131  )
( -8  81  35  )
( 80  -143  -65  )
( 51  121  86  )
( 76  89  104  )
( -132  -27  78  )
( -26  108  148  )
( 29  63  -131  )
( 15  46  52  )
( 16  -51  -111  )
( 57  -112  -141  )
( -46  76  -140  )
( 106  135  -128  )
( -148  6  -35  )
( 92  60  -67  )
( -72  14  70  )
( 59  -82  97  )
( -113  -126  -97  )
( 144  -57  -83  )
( 149  134  126  )
( 14  144  66  )
( 103  139  -104  )
( -45  135  -112  )
( 55  -59  -51  )
( 75  -78  -21  )
( -103  30  -70  )
( -136  66  -98  )
( 148  101  -71  )
( 50  -108  -148  )
( 60  20  -98  )
( -50  -39  135  )
( -15  130  -8  )
( 7  -52  -102  )
( -11  83  -108  )
( 52  60  64  )
( -55  73  20  )
( 93  105  85  )
( 64  -84  -134  )
( 129  -73  98  )
( 54  29  -148  )
( -143  -56  28  )
( -74  130  -30  )
( 106  148  -97  )
( -123  -40  -108  )
( 102  71  10  )
( 143  104  -112  )
( 6  73  -107  )
( -138  -114  100  )
( -14  97  15  )
( 82  2  39  )
( -125  -66  62  )
( -56  66  -13  )
( 96  141  -27  )
( -17  -0  36  )
( -79  -22  38  )
( -76  -48  -136  )
( -4  40  49  )
( 63  -99  130  )
( 137  45  -47  )
( 67  135  46  )
( 35  -73  -103  )
( 119  55  24  )
( -112  95  25  )
( -114  -25  69  )
( -27  -61  -141  )
( 1  -128  106  )
( -80  -96  -52  )
( 118  -43  146  )
( 70  146  -37  )
( -145  111  -122  )
( 126  -57  -147  )
( 110  -75  77  )
( 128  97  -5  )
( 0  129  -93  )
( -66  76  106  )
( -100  13  -61  )
( -106  -21  67  )
( 116  61  114  )
( -86  141  -12  )
( -41  50  -124  )
( -58  -14  -31  )
( 59  10  103  )
( 3  111  62  )
( 59  98  -57  )
( 57  -101  -80  )
( 23  -102  -68  )
( 60  126  94  )
( 98  138  -50  )
( 52  -147  -141  )
( 75  67  -42  )
( 46  146  136  )
( 56  80  -106  )
( -79  16  -66  )
( 96  45  -104  )
( 38  91  10  )
( -110  137  84  )
( 36  23  -30  )
( -119  -122  -58  )
( -96  39  12  )
( 61  -68  78  )
( -149  -126  33  )
( -107  -27  -0  )
( -9  -72  -40  )
( 65  -135  -9  )
( -111  -116  -35  )
( -109  -64  115  )
( 41  -87  129  )
( -69  25  -6  )
( 26  -145  34  )
( -145  43  -70  )
( -28  -49  17  )
( 21  8  41  )
( -47  -11  62  )
( 67  -30  -140  )
( 48  -138  -84  )
( 132  9  -135  )
( 90  -12  -83  )
( -90  -104  -72  )
( 120  -23  38  )
( 3  84  -71  )
( -3  141  122  )
( -50  -46  -31  )
( -71  99  39  )
( -115  47  -138  )
( 51  -42  81  )
( 41  -27  76  )
( 63  -141  -111  )
( 84  85  -47  )
( -105  64  73  )
( -7  -127  73  )
( 133  -117  -69  )
( -43  -97  91  )
( -96  141  31  )
( -141  63  -144  )
( -81  -65  -84  )
( -73  -108  -25  )
( -53  95  75  )
( -26  86  -121  )
( -132  -98  86  )
( 58  134  -17  )
( 124  -68  -90  )
( 124  128  -64  )
( 15  88  105  )
( -26  -15  63  )
( -105  -68  -88  )
( -57  -32  -64  )
( -146  -86  87  )
( -119  27  -128  )
( 8  -43  96  )
( -3  -120  87  )
( 25  91  -61  )
( 120  145  115  )
( 85  -23  99  )
( 43  -42  -148  )
( -112  -28  -1  )
( 27  -87  -136  )
( 86  125  -82  )
( -5  -9  -6  )
( -107  2  -77  )
( -49  134  -143  )
( -6  -5  -60  )
( -133  -44  -125  )
( -116  -18  -58  )
( -8  51  112  )
( -52  1  -121  )
( -117  -124  -6  )
( -36  -149  -73  )
( -70  98  -16  )
( -126  99  133  )
( -70  -55  -6  )
( -137  79  114  )
( 72  -145  -115  )
( 99  -114  -39  )
( 24  -51  101  )
( -0  103  -107  )
( -128  -19  -133  )
( -111  70  -52  )
( -109  118  146  )
( -116  -70  -18  )
( -84  -3  143  )
( -7  122  27  )
( 16  -25  108  )
( 6  65  -40  )
( -97  14  -109  )
( -137  -60  65  )
( 135  -69  -133  )
( 60  -144  109  )
( 116  -11  140  )
( -12  -68  -36  )
( -38  -26  14  )
( 83  105  117  )
( -21  39  133  )
( -46  70  56  )
( -136  39  142  )
( 49  -38  114  )
( 40  7  -98  )
( 133  124  18  )
( 2  -42  -136  )
( -22  -137  -144  )
( 32  -145  130  )
( -93  -105  19  )
( -69  141  105  )
( -32  66  119  )
( 83  1  -2  )
( -106  -57  -143  )
( -93  -131  66  )
( 110  93  -9  )
( -25  -7  95  )
( -48  -9  -37  )
( 6  128  106  )
( 124  42  -116  )
( -56  -60  92  )
( -9  79  87  )
( -74  104  -33  )
( 121  125  66  )
( 142  146  -11  )
( 125  -75  -96  )
( -90  -139  38  )
( 98  147  -113  )
( -121  22  -4  )
( 98  137  70  )
( 33  77  27  )
( 107  86  95  )
( 144  92  -77  )
( 1  22  -7  )
( 122  -112  -123  )
( 107  -19  28  )
( -134  71  -90  )
( 79  -84  123  )
( -28  -127  -58  )
( 127  116  114  )
( -70  -99  -91  )
( 76  131  84  )
( -17  48  11  )
( -117  -10  -87  )
( 130  33  -59  )
( 137  95  131  )
( -140  -148  5  )
( 142  -25  -72  )
( -75  -82  122  )
( -86  -28  38  )
( -109  -130  35  )
( -39  -148  33  )
( 149  -63  -68  )
( -98  -83  -69  )
( -27  -56  -97  )
( 86  130  -13  )
( 131  78  -66  )
( 29  -144  -126  )
( 81  -107  -35  )
( 138  -103  -136  )
( -94  -43  76  )
( 143  91  -125  )
( -18  -120  121  )
( -54  -89  -102  )
( 148  -93  65  )
( 145  -60  101  )
( -32  -62  57  )
( 140  83  73  )
( -53  40  -8  )
( -71  13  144  )
( 25  -126  40  )
( -17  -53  -44  )
( -95  38  -147  )
( -31  100  -23  )
( 105  108  -0  )
( 88  -107  -80  )
( -28  -31  14  )
( -109  -118  -15  )
( 97  -11  -119  )
( -18  139  0  )
( 137  33  -69  )
( 130  104  134  )
( -116  23  -4  )
( -74  6  -135  )
( -120  28  -46  )
( -36  -60  -149  )
( -131  -100  -132  )
( -112  -135  141  )
( 88  -131  136  )
( 31  -75  -108  )
( 60  -147  8  )
( -96  54  -24  )
( 50  -130  -27  )
( 103  72  25  )
( 121  -98  70  )
( -20  -100  78  )
( -128  -133  44  )
( 10  -28  -24  )
( -10  -130  135  )
