( -91  143  -15  )
( 79  -9  -59  )
( -83  -97  11  )
( 144  52  121  )
( -26  -136  79  )
( -16  -108  148  )
( 53  54  -76  )
( 61  -126  -48  )
( 89  -101  49  )
( -78  -97  12  )
( 89  98  123  )
( -80  128  141  )
( -149  124  -53  )
( -23  149  141  )
( 133  104  65  )
( 26  88  75  )
( -108  -10  -72  )
( -105  140  -85  )
( -131  149  -83  )
( -141  -5  24  )
( 36  119  103  )
( -123  120  95  )
( -79  127  -27  )
( -31  -94  147  )
( -41  -11  90  )
( -121  -73  -119  )
( -79  137  -48  )
( -140  54  136  )
( 94  34  -98  )
( 42  45  146  )
( 122  0  -26  )
( -107  69  -6  )
( 105  -67  3  )
( -138  108  21  )
( 13  17  29  )
( 116  -128  -127  )
( 86  -84  16  )
( -103  48  -144  )
( -145  99  -89  )
( -143  74  5  )
( -64  -109  141  )
( -76  -20  112  )
( 131  45  84  )
( -18  120  98  )
( 110  -28  148  )
( 40  -81  59  )
( 71  119  -136  )
( -68  -101  -75  )
( -85  -23  -86  )
( 99  60  -82  )
( -90  123  -12  )
( 1  -32  102  )
( 83  -146  -105  )
( 14  -143  -35  )
( 56  -28  134  )
( -19  99  -3  )
( 21  -2  -27  )
( 87  -83  -11  )
( 149  148  123  )
( -117  15  47  )
( -56  100  139  )
( 73  -118  -91  )
( -106  -65  -16  )
( -20  60  29  )
( -43  -99  8  )
( 20  -47  -96  )
( 101  91  -127  )
( 50  -30  143  )
( -80  -96  130  )
( 40  -108  126  )
( -59  146  147  )
( 74  -48  -143  )
( 149  -39  -133  )
( -117  139  -19  )
( -103  -102  -101  )
( 79  30  -25  )
( 50  -35  137  )
( 75  -107  83  )
( -16  40  -149  )
( 93  -74  -45  )
( 148  -24  5  )
( 113  101  89  )
( -85  -43  79  )
( -98  21  -18  )
( -123  97  22  )
( -113  123  136  )
( -49  123  24  )
( 13  27  -125  )
( 16  147  29  )
( -130  -101  8  )
( -104  -64  108  )
( -16  -44  -62  )
( 81  128  -118  )
( -64  127  -123  )
( 116  2  119  )
( 22  148  102  )
( 29  -22  63  )
( 93  -7  -37  )
( 149  -93  -139  )
( 120  128  -129  )
( -65  20  78  )
( 87  41  74  )
( -30  -21  16  )
( 51  103  139  )
( 49  -41  -147  )
( -143  -81  -126  )
( 82  56  -119  )
( -124  33  32  )
( -147  71  -72  )
( -68  -58  129  )
( -108  23  -83  )
( 39  -1  -41  )
( -82  -71  -76  )
( -68  75  -143  )
( -41  -40  129  )
( -80  69  -5  )
( -43  92  -103  )
( -119  -105  24  )
( 101  -76  85  )
( -55  -54  -110  )
( -71  15  -40  )
( 81  -67  -34  )
( -47  144  -108  )
( 34  112  109  )
( -132  61  -100  )
( 3  93  -36  )
( 34  -89  -147  )
( -129  -34  -120  )
( -41  100  69  )
( -125  -86  96  )
( 34  125  63  )
( -55  -45  -15  )
( -54  106  -86  )
( 95  70  -145  )
( 5  68  46  )
( 65  21  86  )
( -28  -7  -81  )
( -75  -2  9  )
( -120  -47  -40  )
( 58  -59  -50  )
( 115  -100  145  )
( 21  120  144  )
( -43  124  -86  )
( 8  107  -41  )
( 98  -70  -112  )
( -95  53  8  )
( -141  11  -99  )
( 54  86  -95  )
( -118  -28  -44  )
( -63  57  55  )
( -41  -18  129  )
( 132  -65  134  )
( 25  108  61  )
( -77  65  70  )
( -29  118  -71  )
( 67  117  13  )
( 140  149  89  )
( 1  -100  66  )
( -94  -3  126  )
( 128  140  -67  )
( -85  -98  -115  )
( -74  -44  96  )
( -104  65  68  )
( -11  18  -65  )
( 15  86  84  )
( -2  54  -51  )
( 123  -8  48  )
( -51  98  93  )
( 17  -28  -58  )
( 81  -4  144  )
( -144  -90  -20  )
( 61  -119  -146  )
( 76  -58  2  )
( -25  -144  99  )
( -129  -13  44  )
( -120  -84  55  )
( -4  -109  83  )
( -103  -69  51  )
( -65  0  148  )
( 42  123  84  )
( 60  108  65  )
( -88  113  99  )
( 99  -113  83  )
( -108  -144  42  )
( -34  -6  90  )
( -37  20  -138  )
( -122  -12  146  )
( 97  89  18  )
( 19  119  -135  )
( 25  -138  108  )
( 89  -35  143  )
( -111  63  44  )
( 140  -82  -71  )
( -100  98  102  )
( 96  135  109  )
( 33  136  -38  )
( 4  -60  44  )
( -54  -90  37  )
( -141  -60  94  )
( 54  133  72  )
( 140  107  -61  )
( -131  -79  -124  )
( 66  34  81  )
( -39  134  3  )
( 109  -21  70  )
( 51  -130  -37  )
( -102  -88  44  )
( -98  -110  42  )
( -25  -14  61  )
( -49  -23  -11  )
( -90  50  -117  )
( -88  115  -146  )
( -105  125  -16  )
( 76  -52  42  )
( 15  -127  -74  )
( -18  -92  72  )
( -106  -60  -34  )
( -129  -86  39  )
( 8  122  -5  )
( 84  -145  50  )
( 23  -33  88  )
( -130  -94  -13  )
( -2  125  -46  )
( -117  -122  -0  )
( 59  -93  127  )
( -143  -54  -21  )
( -78  -28  -57  )
( 89  -83  6  )
( 122  33  138  )
( -85  61  95  )
( 132  -102  -63  )
( -6  -90  130  )
( -52  -145  137  )
( 71  -100  37  )
( -1  59  -98  )
( -116  93  9  )
( -79  -38  77  )
( -63  55  132  )
( -61  126  18  )
( 17  -20  117  )
( -71  4  -50  )
( -28  72  22  )
( 132  14  101  )
( 101  -119  76  )
( 97  -51  9  )
( 47  129  124  )
( -1  -109  130  )
( 12  -22  84  )
( 48  -54  124  )
( 41  -51  46  )
( 58  -81  115  )
( -96  91  -76  )
( -28  -143  -86  )
( -113  20  -149  )
( 40  -45  30  )
( -38  111  -56  )
( -47  78  51  )
( -87  -65  84  )
( 63  89  -102  )
( -90  -64  13  )
( -47  -18  -69  )
( 100  60  -88  )
( -59  -112  107  )
( 16  90  -100  )
( -91  126  130  )
( 86  -137  -46  )
( -93  86  -104  )
( -80  28  -25  )
( -34  -52  -61  )
( 54  -10  -48  )
( 112  81  130  )
( 12  59  145  )
( 65  56  132  )
( 28  80  -43  )
( 95  -142  50  )
( -142  -81  67  )
( 5  76  4  )
( 115  17  -19  )
( -95  78  71  )
( 39  71  -75  )
( 98  -42  17  )
( -85  -141  96  )
( -11  -77  61  )
( 44  -112  47  )
( 33  -41  108  )
( 140  45  68  )
( -68  85  49  )
( -8  40  135  )
( -115  -94  -110  )
( 87  130  41  )
( 26  -73  -106  )
( 8  -105  -126  )
( -76  83  79  )
( 142  5  -93  )
( -44  26  -119  )
( -121  22  11  )
( 106  -149  67  )
( -84  54  -137  )
( -74  5  -83  )
( 37  -86  112  )
( 32  -19  -69  )
( -9  -66  141  )
( -117  -149  -145  )
( 135  -7  -2  )
( -63  -46  78  )
( -115  12  43  )
( 31  8  -99  )
( -9  6  8  )
( 79  95  144  )
( -47  142  125  )
( 9  -89  18  )
( -116  -67  123  )
( 39  -63  114  )
( 48  -19  49  )
( -109  -85  -91  )
( -111  -147  -68  )
( -92  47  78  )
( -139  -96  -18  )
( -57  27  -0  )
( -18  -96  69  )
( -81  -71  18  )
( -36  79  69  )
( -10  -47  66  )
( -8  -31  88  )
( -124  73  84  )
( 24  -134  -114  )
( 15  12  61  )
( 33  -143  -64  )
( 75  -72  73  )
( -116  -70  -114  )
( 99  -7  -88  )
( -148  -33  -144  )
( -21  -26  -116  )
( -138  4  66  )
( -90  147  -127  )
( 4  129  -94  )
( 72  -86  -133  )
( 142  48  -84  )
( -94  -75  -15  )
( 76  117  115  )
( -49  138  -57  )
( -142  -109  136  )
( 16  78  -87  )
( 46  29  -72  )
( 65  -19  110  )
( 79  -93  -46  )
( 10  -128  70  )
( -1  -93  -26  )
( -30  -141  70  )
( -113  1  -134  )
( -124  -90  -31  )
( 2  -43  9  )
( -127  92  90  )
( -49  -67  84  )
( -57  -34  -50  )
( -0  2  64  )
( -134  34  -54  )
( -138  104  30  )
( 30  97  -36  )
( -54  -0  -4  )
( -77  35  -142  )
( 124  -111  -81  )
( 83  114  -86  )
( 36  -14  -15  )
( -57  64  83  )
( -14  4  -109  )
( 16  90  -104  )
( -101  9  106  )
( 13  -138  -2  )
( 94  -83  -31  )
( 127  149  29  )
( -5  50  -46  )
( 10  -138  -131  )
( 40  -106  -139  )
( 75  -14  -126  )
( 133  127  -94  )
( -99  16  -37  )
( -72  99  -31  )
( -37  86  64  )
( 32  -80  -6  )
( -67  53  138  )
( -148  11  -35  )
( -149  61  -49  )
( 68  106  -83  )
( -68  47  4  )
( -138  -98  12  )
( -9  82  -49  )
( 67  17  73  )
( -21  27  76  )
( -36  32  -52  )
( -131  -57  84  )
( -143  -124  13  )
( -147  -41  -16  )
( -147  122  -97  )
( -1  116  62  )
( -119  20  -42  )
( 132  -89  -123  )
( -64  -103  -102  )
( 15  147  40  )
( -60  39  -92  )
( 51  107  -102  )
( -38  120  53  )
( -96  -33  38  )
( 114  -51  -142  )
( 7  99  -79  )
( -49  -115  84  )
( 127  -96  85  )
( -64  -74  -15  )
( -85  -118  -25  )
( -130  115  28  )
( 46  -1  110  )
( -123  -90  88  )
( 147  -1  -71  )
( -47  114  -40  )
( 77  -18  91  )
( -62  48  -29  )
( -81  22  129  )
( -90  28  -60  )
( -90  -81  95  )
( -129  117  -82  )
( -84  -23  136  )
( 67  34  -113  )
( 50  -109  -134  )
( 116  141  -59  )
( -119  -53  141  )
( 72  -149  -43  )
( -80  -100  68  )
( 87  58  -45  )
( -45  131  148  )
( -59  110  1  )
( -74  108  130  )
( -18  82  54  )
( 16  -52  101  )
( 1  -0  -130  )
( -16  132  -93  )
( -66  86  -128  )
( 61  129  -20  )
( 133  -69  -148  )
( 138  82  44  )
( 40  -75  -140  )
( -35  -128  125  )
( -5  76  -69  )
( -135  103  24  )
( -26  138  -128  )
( 64  14  54  )
( 10  -45  -47  )
( 73  -84  -124  )
( 38  -127  134  )
( 83  27  94  )
( -149  59  128  )
( -107  -9  140  )
( -17  -120  40  )
( -11  -136  72  )
( 37  10  -14  )
( 36  62  96  )
( 96  -98  146  )
( -106  -7  69  )
( 116  -142  13  )
( 58  -42  70  )
( 89  -76  148  )
( 100  72  -43  )
( -37  135  109  )
( -93  132  -146  )
( -82  -147  -88  )
( -144  58  3  )
( -91  110  140  )
( -138  -83  -72  )
( 118  -23  5  )
( -96  103  -12  )
( -36  105  52  )
( -66  0  23  )
( -139  -23  78  )
( -70  -88  -141  )
( -120  -40  134  )
( 124  -5  96  )
( 24  58  63  )
( -123  52  53  )
( -149  80  144  )
( -72  -86  104  )
( 42  -101  -81  )
( -118  -6  17  )
( 90  -145  -132  )
( 56  72  -38  )
( 33  -118  -8  )
( -122  -71  -96  )
( -34  -102  30  )
( -2  55  103  )
( -41  5  90  )
( 75  147  -93  )
( 74  -9  111  )
( -38  63  -77  )
( 27  79  71  )
( 3  -62  -36  )
( 136  -129  4  )
( 8  124  -88  )
( -8  32  92  )
( -113  -36  -50  )
( -140  19  -59  )
( 26  -64  105  )
( -22  133  -17  )
( 70  43  -39  )
( -88  -129  -45  )
( -28  87  -57  )
( 147  91  -88  )
( -141  -146  -110  )
( -60  -98  -91  )
( -46  107  -66  )
( 59  -77  -32  )
( -144  -100  -125  )
( 122  58  16  )
( -66  -17  149  )
( -88  -50  85  )
( -91  121  30  )
( -34  -148  134  )
( 138  21  -88  )
( -100  -116  20  )
( 128  -54  102  )
( 39  134  65  )
( -71  -85  145  )
( 28  27  -52  )
( -24  -78  -102  )
( 56  -7  -48  )
( -149  -132  123  )
( -65  -10  136  )
( -95  98  -32  )
( 95  73  -103  )
( 88  24  118  )
( 124  127  -94  )
( 43  -106  -46  )
( 52  81  75  )
( 1  140  -78  )
( 100  -141  53  )
( 55  50  -53  )
( 146  118  53  )
( -113  148  -20  )
( -7  48  58  )
( 39  63  -80  )
( -112  -50  118  )
( 99  73  30  )
( 47  -21  -63  )
( -36  -108  37  )
( -29  93  -48  )
( 11  -110  -35  )
( -119  -40  -116  )
( -133  74  -18  )
( -113  71  -73  )
( -82  59  102  )
( -106  52  143  )
( -114  4  -77  )
( 18  -147  110  )
( -30  -4  -89  )
( 76  -52  -24  )
( 80  131  -50  )
( 100  30  -95  )
( -7  -62  -53  )
( 131  106  -7  )
( -38  141  67  )
( -66  -119  38  )
( -16  135  -148  )
( -1  18  35  )
( -100  81  -18  )
( -64  32  29  )
( 10  -2  57  )
( -66  -80  75  )
( -61  1  97  )
( 86  24  125  )
( 121  98  70  )
( 124  36  -128  )
( 106  135  -23  )
( -114  88  -24  )
( -50  -108  -139  )
( 37  -59  -139  )
( -40  -77  61  )
( -6  117  119  )
( -24  76  -112  )
( 113  97  -79  )
( -37  -48  72  )
( -80  4  -0  )
( 141  122  -62  )
( 4  82  88  )
( -117  -83  -81  )
( -94  52  61  )
( -1  -128  -107  )
( 87  139  -114  )
( -14  66  48  )
( -134  24  -71  )
( -65  75  12  )
( 123  -31  -36  )
( 71  -12  32  )
( 1  -144  111  )
( 9  -101  -74  )
( -38  -3  -22  )
( 49  -138  -86  )
( -72  5  44  )
( 108  119  -63  )
( 54  -41  149  )
( -9  87  93  )
( -42  19  -117  )
( 68  102  33  )
( -148  76  61  )
( 106  99  81  )
( -102  -131  113  )
( -89  -109  69  )
( 84  -144  147  )
( 117  -47  140  )
( 92  -63  84  )
( 34  110  -3  )
( -21  -139  -100  )
( -56  -142  100  )
( 40  53  87  )
( 30  -71  -89  )
( -106  50  -6  )
( -43  -144  -59  )
( 71  -125  -53  )
( 128  -67  -59  )
( -142  -109  -93  )
( 118  84  115  )
( 0  -146  63  )
( -46  36  -65  )
( -0  144  -123  )
( 64  60  65  )
( -102  51  139  )
( 45  22  -68  )
( -100  109  24  )
( -88  -9  -133  )
( 75  -62  -136  )
( 121  -0  14  )
( -95  24  -101  )
( -30  -88  27  )
( 100  -86  -84  )
( -2  88  -129  )
( -131  -80  -67  )
( -16  -3  -87  )
( 114  -43  -148  )
( -35  111  -144  )
( -130  20  -104  )
( -49  47  106  )
( -88  56  -130  )
( 58  -93  -117  )
( -13  37  132  )
