( 93  87  40  )
( -41  -87  -61  )
( -137  41  -133  )
( 30  128  136  )
( -141  112  25  )
( 93  -37  -62  )
( -113  149  -135  )
( 75  88  111  )
( -120  -0  24  )
( 120  -134  126  )
( 90  147  -37  )
( -29  -72  124  )
( 87  91  -61  )
( -4  31  -97  )
( 99  107  -103  )
( 69  -55  -128  )
( 134  -139  -45  )
( 145  124  -123  )
( -76  -87  -119  )
( 21  -78  36  )
( -27  93  106  )
( -22  -31  -134  )
( -119  -2  -137  )
( 134  84  -136  )
( 106  -3  128  )
( 72  60  84  )
( -34  -74  115  )
( 75  -16  119  )
( -109  -117  -0  )
( -30  110  76  )
( -30  -27  -81  )
( -3  -100  20  )
( -36  62  -149  )
( -105  -131  5  )
( -136  -57  -58  )
( -136  149  40  )
( 100  74  55  )
( -25  -113  -94  )
( 147  -59  -30  )
( 122  115  49  )
( -9  56  -134  )
( -79  -65  111  )
( 53  -96  -43  )
( -8  90  16  )
( -70  124  -1  )
( -148  85  40  )
( 59  -104  20  )
( 56  -124  40  )
( 43  19  -16  )
( -66  61  -111  )
( -118  106  -80  )
( -26  -133  35  )
( -84  137  48  )
( 76  -107  135  )
( -145  89  -37  )
( 144  17  -122  )
( -144  -39  -87  )
( 18  103  -130  )
( -9  88  120  )
( -7  122  59  )
( -40  -132  -72  )
( 80  78  71  )
( 145  -95  30  )
( -81  72  -103  )
( -138  76  104  )
( 3  -127  -10  )
( 90  75  -60  )
( -14  -137  -107  )
( -149  115  76  )
( -142  -130  94  )
( -25  84  50  )
( 31  -91  6  )
( -37  -140  -103  )
( -135  90  44  )
( -114  -72  109  )
( -60  -8  129  )
( 96  103  -35  )
( -3  -8  127  )
( 148  55  -1  )
( -13  47  -4  )
( 21  128  114  )
( 51  -54  87  )
( -79  16  -92  )
( -76  -87  -89  )
( 80  -107  141  )
( -5  144  -137  )
( 73  28  46  )
( 145  140  104  )
( -106  -18  125  )
( 13  144  -111  )
( -142  -79  -143  )
( 47  10  51  )
( 60  119  12  )
( 121  137  27  )
( -138  28  -107  )
( 68  42  71  )
( 101  -66  133  )
( 98  -127  139  )
( 8  132  -71  )
( -69  -44  -73  )
( -23  99  133  )
( 72  141  16  )
( -60  127  -13  )
( -147  64  -18  )
( -71  -64  1  )
( 21  58  112  )
( 111  -35  14  )
( 139  22  140  )
( 100  -11  -26  )
( -63  48  -15  )
( -74  -88  16  )
( -50  95  -96  )
( -100  38  -138  )
( -93  139  -55  )
( 149  36  73  )
( 10  -59  6  )
( -114  25  -80  )
( -13  149  110  )
( -49  130  46  )
( -138  53  -118  )
( -127  -56  82  )
( 120  -141  117  )
( 90  111  112  )
( -57  86  -24  )
( -87  103  -143  )
( 45  -138  -94  )
( -9  63  67  )
( -8  34  -49  )
( -71  69  -26  )
( -86  118  -50  )
( 114  -131  -135  )
( 90  -109  -148  )
( 88  53  31  )
( -108  -53  95  )
( -95  77  -23  )
( -137  12  125  )
( 103  -45  91  )
( 96  -55  -11  )
( -63  -8  68  )
( 79  68  -105  )
( 70  121  62  )
( -40  73  50  )
( 19  23  99  )
( 135  147  5  )
( 85  19  82  )
( 102  -60  -0  )
( 76  -14  85  )
( 133  22  144  )
( -70  -87  84  )
( -99  -126  82  )
( -85  -92  -126  )
( -41  -147  -132  )
( -111  52  -117  )
( 125  -104  3  )
( 4  -7  125  )
( -77  124  -65  )
( 80  -79  106  )
( 10  -89  83  )
( 25  -117  -133  )
( 139  -120  -85  )
( 137  100  140  )
( 64  -4  -137  )
( -24  65  114  )
( 64  -120  135  )
( 124  32  -7  )
( 53  28  4  )
( -100  118  53  )
( 50  112  103  )
( 90  68  121  )
( -61  16  -133  )
( 49  -149  -122  )
( -3  -47  -147  )
( -112  63  -93  )
( 142  -1  130  )
( 42  -30  127  )
( 57  147  59  )
( -28  -56  -133  )
( -60  8  106  )
( 89  61  116  )
( 8  -49  56  )
( -90  71  -130  )
( 7  -50  121  )
( -94  -111  8  )
( 88  -128  78  )
( 85  -34  -124  )
( -56  72  149  )
( -21  146  -47  )
( -79  -97  93  )
( -132  14  -121  )
( -89  79  -105  )
( 74  -34  95  )
( 4  -15  -99  )
( -101  -49  44  )
( 107  -12  -45  )
( 81  89  91  )
( -71  4  10  )
( -25  -5  109  )
( 127  -146  35  )
( -40  -39  106  )
( -131  -63  -145  )
( 87  108  115  )
( 102  -107  147  )
( 57  143  -135  )
( -46  116  -128  )
( -58  -112  128  )
( 61  146  -79  )
( -12  136  -32  )
( 89  122  43  )
( 44  -142  -24  )
( -43  26  83  )
( -122  -28  97  )
( -145  86  91  )
( -107  -20  21  )
( 124  31  58  )
( -127  138  45  )
( -125  137  -36  )
( 22  -20  62  )
( 37  -60  117  )
( 85  149  10  )
( -114  -32  -61  )
( 117  -3  -106  )
( -138  -70  -29  )
( -145  -109  128  )
( 100  54  -7  )
( -66  55  -88  )
( 40  19  -39  )
( 96  85  39  )
( -134  -112  -141  )
( 26  126  -19  )
( 11  -92  -66  )
( 93  149  -146  )
( -4  -136  11  )
( 41  -62  -34  )
( -16  116  -92  )
( -30  47  -13  )
( -144  138  -91  )
( -37  -116  -130  )
( -30  75  12  )
( 105  93  -114  )
( 77  -148  -19  )
( -145  -57  -100  )
( 32  70  22  )
( 6  42  59  )
( 7  -60  -90  )
( 65  109  61  )
( -108  148  76  )
( -57  -148  -6  )
( -6  -128  -58  )
( -18  -108  -37  )
( 129  127  44  )
( 51  -68  -146  )
( -62  -9  87  )
( -97  -133  -108  )
( 21  -69  -47  )
( -116  13  -93  )
( -12  24  97  )
( -61  147  -62  )
( -66  20  -93  )
( -51  -52  76  )
( -20  36  -13  )
( -26  -11  -134  )
( -147  37  -68  )
( -119  -112  -9  )
( -118  52  -139  )
( -135  33  118  )
( -111  -104  -102  )
( 70  1  -125  )
( 3  -47  -109  )
( 47  82  -24  )
( 32  29  -54  )
( 17  85  -102  )
( 34  -146  43  )
( 115  -88  71  )
( 143  22  -124  )
( 39  -20  14  )
( 122  -7  125  )
( 142  -37  109  )
( -96  34  -93  )
( 101  122  10  )
( -119  -38  -31  )
( -100  -64  -11  )
( 133  -95  62  )
( -127  -69  -5  )
( 16  84  -96  )
( 136  -107  7  )
( 95  94  -120  )
( 134  -14  132  )
( -27  -8  33  )
( -31  -116  -64  )
( 142  -67  58  )
( -25  -16  40  )
( -142  -106  -18  )
( 90  91  40  )
( 50  -13  37  )
( -50  51  9  )
( -55  125  75  )
( 7  -59  -22  )
( 59  66  22  )
( -63  -82  39  )
( -77  92  -102  )
( 83  -148  -49  )
( 76  71  58  )
( -85  -41  16  )
( 125  -31  129  )
( 140  -4  133  )
( -122  98  73  )
( 14  -95  -24  )
( 147  31  -84  )
( 129  132  -5  )
( -38  -16  -54  )
( -61  -19  105  )
( 109  -142  -111  )
( 43  -69  -92  )
( -35  71  -18  )
( 56  -47  -64  )
( -17  109  73  )
( 22  -63  -89  )
( -84  -96  -5  )
( 93  -142  109  )
( 76  -14  -135  )
( 126  -3  61  )
( 59  -42  20  )
( -92  -140  -28  )
( 135  -43  142  )
( 24  -54  -60  )
( -112  -147  -102  )
( -97  -66  -75  )
( -26  18  88  )
( 75  -47  117  )
( 121  42  10  )
( -138  65  27  )
( 15  105  148  )
( -26  -108  -74  )
( 105  -48  87  )
( 12  74  -97  )
( 27  79  -94  )
( 105  -43  -4  )
( -143  -141  -33  )
( 17  117  -26  )
( 100  38  -81  )
( -94  -27  76  )
( -86  114  128  )
( 33  -123  -20  )
( 109  54  30  )
( -13  124  104  )
( -73  -108  77  )
( 136  25  -29  )
( -126  -118  37  )
( -59  95  109  )
( 22  76  -122  )
( 138  76  6  )
( -31  -22  92  )
( -112  -50  46  )
( -115  -116  -52  )
( -23  142  116  )
( 70  34  72  )
( 43  138  62  )
( -6  38  76  )
( 133  -84  -78  )
( 79  141  35  )
( 76  -147  14  )
( -138  45  -73  )
( 91  -74  -7  )
( 36  -132  3  )
( 86  -37  -49  )
( -72  -36  -29  )
( -36  -29  -124  )
( 72  -126  133  )
( -18  57  -80  )
( -132  51  -36  )
( -4  -15  -56  )
( -1  -149  -28  )
( 103  -135  -10  )
( 110  -27  75  )
( 52  146  83  )
( -144  105  47  )
( -32  -36  3  )
( -78  15  26  )
( -82  -16  47  )
( -30  104  8  )
( 35  46  -57  )
( -136  -14  -108  )
( -34  42  -50  )
( -79  -146  48  )
( 49  -86  -28  )
( -73  -57  18  )
( -32  149  -100  )
( 126  4  86  )
( 147  -6  -44  )
( 44  35  34  )
( 103  -35  93  )
( 34  95  -108  )
( 87  23  -52  )
( 120  -147  137  )
( -3  128  -111  )
( 60  -53  137  )
( -93  19  74  )
( -113  5  -92  )
( -66  93  -131  )
( -100  107  -137  )
( 108  37  126  )
( -9  149  130  )
( -7  -38  125  )
( 124  -27  -100  )
( -27  146  -138  )
( -146  15  54  )
( 1  72  18  )
( 41  119  57  )
( -111  -41  -1  )
( -25  110  142  )
( -101  -84  -23  )
( 121  -60  -25  )
( -105  109  -19  )
( -41  3  -124  )
( -62  -45  -104  )
( 36  -87  57  )
( 14  48  -34  )
( 74  90  -100  )
( 130  -109  -22  )
( 37  70  91  )
( 68  8  -145  )
( 116  94  38  )
( 28  108  -42  )
( -97  60  87  )
( 130  5  -70  )
( 17  94  -47  )
( -91  -86  22  )
( 5  112  -124  )
( 43  138  -41  )
( 2  -57  -26  )
( -149  75  -5  )
( -17  -96  120  )
( 38  -131  -18  )
( 99  -14  -127  )
( 46  33  -107  )
( -64  -65  71  )
( -28  64  15  )
( -47  -45  7  )
( 149  11  -64  )
( 71  147  -75  )
( 125  -35  90  )
( -19  -122  29  )
( 137  -40  30  )
( -43  140  -64  )
( -118  -2  -132  )
( -10  -100  35  )
( -19  -120  66  )
( -67  -78  87  )
( 62  -36  -65  )
( 58  61  -142  )
( 115  -25  -134  )
( 83  70  -50  )
( 148  37  17  )
( -18  -23  -29  )
( 3  23  106  )
( 25  68  -126  )
( -86  69  -143  )
( -36  -13  -129  )
( -58  17  -83  )
( -91  -15  85  )
( -38  -73  103  )
( -35  49  -44  )
( 109  126  -14  )
( 33  -129  49  )
( 3  -148  -98  )
( 18  114  103  )
( -60  -71  -49  )
( -83  93  84  )
( 82  -91  -24  )
( 141  -6  59  )
( -95  44  -90  )
( -62  65  -84  )
( -66  -26  111  )
( 70  -26  -128  )
( -88  39  124  )
( 31  113  120  )
( 1  30  103  )
( -109  141  127  )
( -71  99  -110  )
( 66  -44  93  )
( 127  38  128  )
( -137  -72  -40  )
( -10  45  -96  )
( 90  -93  -138  )
( -6  -135  89  )
( 75  -57  -14  )
( -121  95  61  )
( -28  142  -132  )
( 73  -141  146  )
( -64  55  -92  )
( 130  -36  -122  )
( -118  -138  -108  )
( -57  82  137  )
( 54  -4  32  )
( 148  -144  -67  )
( -128  143  56  )
( -105  13  22  )
( 52  134  -82  )
( -133  32  -21  )
( -9  -19  12  )
( 16  -28  138  )
( 9  113  134  )
( 2  -61  8  )
( -128  50  7  )
( -9  36  -77  )
( 5  -12  143  )
( -40  -110  23  )
( -103  3  106  )
( 69  5  -54  )
( 12  -85  -28  )
( 134  -81  -35  )
( -13  -108  -90  )
( -103  -24  149  )
( -15  -12  20  )
( 34  -84  -57  )
( 25  -110  -80  )
( 26  123  82  )
( 64  -135  -106  )
( -135  95  15  )
( 36  -138  68  )
( 16  141  -101  )
( -113  -14  40  )
( -65  -80  -26  )
( 143  9  106  )
( 73  -63  125  )
( -82  -143  -120  )
( 122  9  142  )
( -48  102  -145  )
( 6  47  -28  )
( 123  145  -116  )
( -108  -97  -13  )
( 127  -96  -90  )
( 16  -106  0  )
( -12  -30  35  )
( -6  52  27  )
( 96  106  -48  )
( 89  -126  -3  )
( -65  -16  -53  )
( 62  -34  56  )
( -10  -70  -118  )
( -48  -132  -77  )
( -45  57  124  )
( 64  -25  -76  )
( 51  6  14  )
( -139  -132  -47  )
( -80  59  -138  )
( 67  -146  -95  )
( -89  66  -74  )
( 6  -28  101  )
( 69  -134  45  )
( 14  109  -94  )
( -63  -65  70  )
( 69  -42  140  )
( 114  -49  2  )
( 40  -111  -118  )
( 9  -128  99  )
( -59  -143  57  )
( -118  38  -46  )
( -17  -90  40  )
( -112  102  -145  )
( -55  106  -31  )
( 6  7  144  )
( 47  31  -3  )
( 80  92  -83  )
( 76  -43  108  )
( -120  -62  -66  )
( 107  34  -125  )
( -91  57  142  )
( 61  -144  31  )
( 8  109  97  )
( 56  14  -20  )
( 32  -45  51  )
( 121  -144  -73  )
( 74  128  -135  )
( 30  69  -76  )
( 124  -40  -43  )
( 131  2  -58  )
( 42  30  76  )
( -107  -51  57  )
( -149  -129  89  )
( 109  141  113  )
( 76  16  -28  )
( 147  91  -53  )
( -30  -120  125  )
( -123  -60  -89  )
( -132  -55  18  )
( -11  -44  46  )
( -30  -66  96  )
( 34  38  -134  )
( 140  -47  -109  )
( -105  102  -46  )
( -130  -92  109  )
( -22  -91  90  )
( 91  112  -128  )
( 21  -22  -37  )
( 45  111  -14  )
( -15  122  117  )
( -81  50  2  )
( -18  -52  57  )
( 10  84  -39  )
( 143  144  137  )
( -31  -119  8  )
( 117  48  60  )
( -144  116  -125  )
( 78  -119  -141  )
( 113  -68  -117  )
( 40  -124  102  )
( -136  105  -78  )
( 52  -22  -141  )
( -60  -44  -109  )
( 34  -115  -57  )
( -11  98  -44  )
( 120  3  -13  )
( -73  -123  69  )
( 122  -116  -66  )
( 136  -120  47  )
( 111  65  67  )
( -93  -26  23  )
( -122  -81  -129  )
( 84  2  59  )
( -112  79  -127  )
( 97  -88  131  )
( -126  -135  23  )
( 111  83  134  )
( 125  143  -33  )
( -138  83  90  )
( 121  -141  -17  )
( -49  -94  -124  )
( 24  94  109  )
( -128  -46  -92  )
( 123  53  13  )
( -129  136  13  )
( -38  110  -0  )
( -67  -19  63  )
( 140  57  58  )
( 71  19  -128  )
( 77  -69  93  )
( -71  137  -142  )
( -131  -37  75  )
( -115  -130  -41  )
