( -119  -101  -58  )
( -84  -119  131  )
( -91  54  120  )
( -34  53  6  )
( -44  -140  -112  )
( -102  131  -14  )
( -47  79  -10  )
( -4  -34  149  )
( 11  -95  90  )
( -29  110  64  )
( -61  72  132  )
( -45  95  -53  )
( -19  40  10  )
( 62  26  -97  )
( -140  130  142  )
( 145  0  83  )
( 91  2  -52  )
( 27  66  34  )
( 141  -92  137  )
( 56  79  -114  )
( -84  114  138  )
( -40  79  -36  )
( 43  4  77  )
( -15  -140  57  )
( 31  101  26  )
( -53  85  -14  )
( 116  132  -24  )
( 109  -102  -126  )
( -143  79  108  )
( 93  64  -69  )
( -75  141  74  )
( 18  145  -32  )
( -4  80  43  )
( -94  89  145  )
( -81  -134  128  )
( -90  -123  103  )
( 99  -25  -141  )
( -44  -10  -130  )
( 3  -101  -99  )
( 112  -136  -77  )
( 124  -14  145  )
( -99  86  -39  )
( 59  84  -124  )
( 21  -27  -44  )
( 24  63  124  )
( -29  53  149  )
( -31  -74  114  )
( -129  89  137  )
( 24  99  -66  )
( 134  62  -27  )
( -111  7  125  )
( 124  -118  -41  )
( 146  116  133  )
( -73  97  36  )
( -102  -75  -107  )
( -148  60  -29  )
( -100  -69  -65  )
( -123  -40  -122  )
( 27  17  -37  )
( 131  126  -123  )
( -66  -121  48  )
( -81  4  -75  )
( 138  132  119  )
( -51  -145  -115  )
( -60  -82  103  )
( 115  -144  -41  )
( -106  -10  -67  )
( -37  -100  52  )
( 77  118  -15  )
( -76  38  32  )
( 69  41  -7  )
( 141  19  -22  )
( 149  47  -67  )
( -107  126  70  )
( 54  -113  -73  )
( 104  -13  -88  )
( -102  -47  -28  )
( 18  78  -127  )
( 14  107  92  )
( -94  -107  -38  )
( 66  -132  144  )
( 141  42  -105  )
( 102  39  -149  )
( -129  -14  -37  )
( -8  -55  130  )
( 43  96  -23  )
( 120  28  -65  )
( 81  -67  -121  )
( -97  -60  114  )
( 39  85  -75  )
( -119  98  9  )
( -73  135  125  )
( 116  148  59  )
( 4  -117  -34  )
( -16  -5  -23  )
( 101  12  -74  )
( 98  -85  0  )
( 30  117  -120  )
( 37  -104  -45  )
( 96  -56  -78  )
( 77  129  35  )
( -116  -101  -87  )
( -134  -76  21  )
( 145  108  -86  )
( 149  118  -90  )
( -134  54  8  )
( 45  131  -27  )
( 9  15  2  )
( -31  67  105  )
( 138  -139  54  )
( 134  104  -7  )
( -17  -8  1  )
( -0  1  46  )
( -109  -95  -111  )
( 0  55  -136  )
( -19  83  -57  )
( 24  -10  -83  )
( 122  113  116  )
( 12  -108  -31  )
( 107  69  -0  )
( -31  -100  -125  )
( -91  58  -55  )
( -134  -53  -79  )
( -14  -61  133  )
( 56  50  39  )
( -92  63  -36  )
( -120  144  142  )
( 40  -87  -1  )
( -71  -78  13  )
( 28  105  -108  )
( -110  57  3  )
( 121  84  -95  )
( -147  -60  -99  )
( -111  -69  8  )
( -104  110  -7  )
( 0  -14  46  )
( 96  -109  -134  )
( -75  -98  97  )
( -134  16  -23  )
( -116  22  21  )
( 111  149  98  )
( -38  92  18  )
( -104  -132  23  )
( -29  -121  -42  )
( -32  63  -55  )
( 35  58  -2  )
( 129  -53  24  )
( -14  -137  135  )
( -59  -98  -80  )
( -24  79  -142  )
( 95  -122  -11  )
( -103  106  96  )
( -5  73  -49  )
( -133  -11  -97  )
( -142  15  -119  )
( -53  -23  47  )
( 96  -101  135  )
( -4  50  134  )
( 66  -4  71  )
( 47  56  -139  )
( 25  33  -110  )
( -5  -33  40  )
( 125  -114  70  )
( 65  143  -25  )
( 140  -59  28  )
( -143  33  67  )
( 36  68  -57  )
( 118  93  116  )
( 56  -41  146  )
( -123  -33  -77  )
( -15  -86  -45  )
( -65  63  -69  )
( 129  -57  27  )
( 104  -110  -92  )
( 89  55  31  )
( 120  75  142  )
( -127  -139  113  )
( 126  -112  42  )
( 146  17  29  )
( 145  -118  -53  )
( -63  59  -144  )
( 120  116  81  )
( -76  149  85  )
( -38  -52  105  )
( -5  8  65  )
( -48  -60  86  )
( 81  93  62  )
( 144  20  42  )
( 106  -129  -66  )
( -32  48  -91  )
( -26  -36  -130  )
( -49  32  120  )
( -136  -77  -59  )
( 145  73  -137  )
( -51  89  -92  )
( -18  28  -132  )
( 118  -135  131  )
( -40  -58  -4  )
( 135  32  101  )
( -110  -3  -34  )
( -94  -86  125  )
( -18  96  -105  )
( -33  -78  43  )
( -133  -49  -85  )
( -8  39  83  )
( -134  -128  46  )
( 77  -23  -135  )
( -65  143  -60  )
( -75  -53  -85  )
( 82  -14  -138  )
( 108  42  -103  )
( -35  93  56  )
( 63  -118  -73  )
( 36  96  -102  )
( -1  17  -83  )
( -130  94  110  )
( 98  -55  126  )
( -111  52  0  )
( 79  -5  -93  )
( 120  133  126  )
( 87  -104  -101  )
( -2  138  -75  )
( -69  6  64  )
( 89  104  74  )
( 10  -32  89  )
( -45  -126  137  )
( 70  -82  44  )
( -41  -36  45  )
( -144  -6  68  )
( -83  15  -77  )
( -148  67  -141  )
( 144  -61  65  )
( -69  125  104  )
( -130  -92  40  )
( 52  -0  -27  )
( -71  93  111  )
( -65  32  -138  )
( 82  -52  44  )
( 86  -19  -89  )
( -89  -143  -70  )
( -43  -121  -25  )
( -112  -144  37  )
( -68  -75  -134  )
( -59  -122  116  )
( -88  105  -0  )
( -6  26  27  )
( -32  54  -118  )
( 78  -65  -35  )
( 8  -95  -96  )
( -74  -129  -3  )
( 52  106  -145  )
( -111  -74  -112  )
( 53  22  -16  )
( 84  -2  -68  )
( -43  -38  -100  )
( -122  148  21  )
( 55  -73  58  )
( 91  -2  73  )
( -58  -7  -143  )
( -95  52  -104  )
( 80  136  97  )
( -73  -6  -123  )
( 47  15  -149  )
( -18  -121  55  )
( -11  -145  21  )
( -78  1  46  )
( -120  -6  -32  )
( 10  90  146  )
( -133  -84  75  )
( -31  -73  76  )
( -49  -77  -135  )
( 8  -7  -56  )
( -117  -138  23  )
( 4  -98  -123  )
( 106  -148  73  )
( -31  -123  15  )
( -41  113  103  )
( -27  -124  -115  )
( -96  -81  -129  )
( 127  126  -54  )
( 61  -76  77  )
( -46  -14  123  )
( 146  70  -66  )
( 43  -17  4  )
( 122  128  -135  )
( 87  71  14  )
( 132  138  -39  )
( -27  -51  -77  )
( -126  50  -18  )
( -71  100  -19  )
( -131  -0  24  )
( 73  -15  -135  )
( -121  113  -38  )
( 39  7  115  )
( 104  65  78  )
( -138  -77  33  )
( 72  90  15  )
( -6  143  -117  )
( 108  -111  -121  )
( 103  -28  -94  )
( -33  -25  89  )
( -21  79  -78  )
( -10  132  -62  )
( 6  -93  -136  )
( 26  21  -60  )
( 65  -56  57  )
( -35  73  27  )
( 26  -119  -136  )
( 55  43  -68  )
( 122  1  143  )
( 31  79  -34  )
( -64  -41  -65  )
( 135  -123  62  )
( -88  -85  79  )
( 35  104  -32  )
( -62  90  35  )
( -29  132  -74  )
( 52  111  146  )
( -120  -72  57  )
( -129  65  106  )
( -40  -63  -77  )
( -70  -142  -134  )
( -23  -90  -12  )
( -137  49  20  )
( 115  10  -47  )
( 81  -39  51  )
( 21  -140  25  )
( -138  -1  -115  )
( -14  -149  -18  )
( 135  -78  -149  )
( -144  -114  126  )
( -74  141  21  )
( -18  134  111  )
( 91  126  -103  )
( 85  112  43  )
( 79  -50  -108  )
( 83  51  -46  )
( 95  -142  -120  )
( 4  -120  -138  )
( -145  6  90  )
( -11  -79  70  )
( -23  -1  79  )
( -73  -39  -18  )
( 81  -35  -68  )
( -49  -139  -109  )
( 109  16  24  )
( -37  -101  77  )
( 63  -48  -69  )
( 43  87  21  )
( 86  -67  -117  )
( -100  3  102  )
( 48  -135  -76  )
( 115  14  56  )
( -118  -75  107  )
( 29  106  72  )
( -101  143  76  )
( 25  -10  -82  )
( 61  85  -105  )
( -55  33  -148  )
( -117  102  -66  )
( -68  86  47  )
( -57  -38  137  )
( 67  83  -103  )
( 139  -138  -9  )
( 118  -53  14  )
( -62  129  83  )
( 130  -1  -132  )
( 82  -105  -8  )
( -61  18  28  )
( -145  80  -61  )
( 49  51  -53  )
( -148  99  33  )
( -148  43  -65  )
( -16  76  -98  )
( -137  -17  -32  )
( -7  4  9  )
( -103  -102  79  )
( -116  112  -145  )
( -2  90  122  )
( -134  -41  -9  )
( 132  64  123  )
( -127  -124  -9  )
( -107  -12  -144  )
( 4  -91  -31  )
( 93  6  -107  )
( 44  -34  31  )
( -126  63  -53  )
( -14  141  133  )
( 43  -61  -52  )
( 4  133  135  )
( 6  11  125  )
( 89  84  -34  )
( 83  61  29  )
( 18  -26  144  )
( 120  -1  94  )
( -140  -65  -32  )
( 147  -108  90  )
( -35  121  0  )
( 96  -89  49  )
( -34  13  -14  )
( 92  -43  -7  )
( 147  143  -1  )
( -74  93  -58  )
( -44  -7  -69  )
( 109  3  -51  )
( -19  -148  130  )
( 79  -57  7  )
( -144  -113  -33  )
( -31  132  58  )
( 42  127  -134  )
( 76  -52  -86  )
( -64  -82  29  )
( -112  -64  -58  )
( -67  -23  -52  )
( 61  143  136  )
( 44  -114  -23  )
( 120  89  59  )
( -14  -21  62  )
( -124  -133  41  )
( -5  -90  20  )
( 37  85  23  )
( -97  126  -55  )
( -95  -103  -13  )
( 118  8  114  )
( 45  88  0  )
( 18  -2  -32  )
( 73  -110  -117  )
( -79  115  -31  )
( -3  -7  9  )
( 39  2  -108  )
( -69  -67  -11  )
( -86  18  8  )
( 126  21  31  )
( 23  -86  -122  )
( -37  27  -101  )
( 141  -119  123  )
( -114  95  -122  )
( -84  -73  -0  )
( 77  85  -30  )
( -144  138  27  )
( -9  -57  -27  )
( -15  -140  26  )
( -120  -23  26  )
( -43  -114  4  )
( 24  -87  33  )
( 14  -75  -60  )
( -149  -38  -100  )
( -6  -116  130  )
( 133  143  -119  )
( -146  67  -134  )
( 125  44  69  )
( 123  -108  -118  )
( 84  -129  73  )
( 103  -55  -123  )
( 64  -101  112  )
( 54  25  87  )
( 76  -85  1  )
( -41  -37  -32  )
( 36  63  -32  )
( -124  122  -142  )
( -146  121  30  )
( -56  -76  117  )
( -60  13  -105  )
( -103  -34  96  )
( 41  127  111  )
( 77  118  61  )
( -19  138  -0  )
( 79  18  134  )
( 93  145  -0  )
( 32  -135  -41  )
( -76  38  -104  )
( 122  -16  8  )
( -59  66  31  )
( -13  -127  144  )
( -40  -119  106  )
( 57  -69  74  )
( 71  9  63  )
( 136  21  120  )
( 112  -143  -48  )
( -9  69  51  )
( 56  -124  146  )
( -110  -14  50  )
( 46  -22  -16  )
( 111  -92  103  )
( -21  102  -26  )
( 41  78  21  )
( -76  2  -28  )
( 11  -27  86  )
( -78  107  7  )
( -144  51  -71  )
( 49  86  45  )
( -46  71  -3  )
( 51  78  110  )
( -2  53  116  )
( -107  140  -50  )
( -21  96  -51  )
( -80  -111  141  )
( -9  -93  4  )
( -13  -1  52  )
( 70  -128  -126  )
( 79  -145  74  )
( -68  -146  110  )
( -32  -47  73  )
( 139  -137  -60  )
( -68  9  -74  )
( 38  4  62  )
( 109  145  -1  )
( 46  -48  -19  )
( 28  -65  -140  )
( 6  -1  118  )
( 92  81  126  )
( 98  -134  -11  )
( 110  -15  37  )
( -55  -33  91  )
( -89  113  -145  )
( 38  -15  -44  )
( 126  30  128  )
( -39  24  -120  )
( 136  130  66  )
( -74  -102  -18  )
( 21  94  44  )
( 8  -89  85  )
( -38  28  81  )
( -59  77  -100  )
( 63  -72  88  )
( 66  -47  -31  )
( -19  -32  115  )
( -147  127  -84  )
( 122  -144  116  )
( 90  101  -18  )
( 47  149  -144  )
( 103  125  -85  )
( -56  24  54  )
( 80  -85  121  )
( -114  -108  -61  )
( -5  52  -131  )
( 103  -94  37  )
( 30  127  -69  )
( -59  -60  -6  )
( -21  89  81  )
( -80  -78  -16  )
( 142  -90  101  )
( 35  -95  -17  )
( 43  -65  9  )
( 148  -70  -83  )
( 130  20  -73  )
( 94  -47  -122  )
( 128  -95  -48  )
( -116  -58  45  )
( 70  88  -19  )
( -79  -93  -133  )
( 15  -113  -149  )
( 60  -38  102  )
( -144  29  138  )
( -13  90  -143  )
( -67  47  39  )
( -100  -23  105  )
( 22  100  -14  )
( 135  -4  -54  )
( 11  -146  -141  )
( 45  4  -111  )
( -88  -69  -119  )
( -40  -22  -136  )
( 113  -63  103  )
( -87  55  -149  )
( -15  -21  -51  )
( 81  -8  48  )
( 41  -127  96  )
( 130  -107  -54  )
( -32  64  -19  )
( -99  -30  128  )
( -36  77  -101  )
( 110  -133  144  )
( -12  83  -95  )
( 101  131  -14  )
( -66  100  -140  )
( -115  -146  103  )
( -61  -34  -30  )
( 71  102  101  )
( -74  -101  -99  )
( 137  -113  17  )
( 139  -135  146  )
( 87  51  78  )
( 136  44  -149  )
( -104  -4  -27  )
( 123  -45  138  )
( -147  51  -79  )
( 67  27  5  )
( -30  -64  53  )
( 127  -69  29  )
( 2  54  -144  )
( -91  131  19  )
( -26  -31  12  )
( -64  122  -125  )
( 5  -57  -117  )
( 123  86  -6  )
( 102  111  122  )
( 128  12  -54  )
( -114  34  21  )
( 48  -10  -21  )
( 70  -116  59  )
( 27  70  17  )
( 125  42  138  )
( -131  -127  -95  )
( -123  98  -144  )
( 9  115  53  )
( -136  -123  18  )
( -109  -29  27  )
( -116  56  -91  )
( -107  48  73  )
( -42  130  40  )
( -2  94  -116  )
( 58  81  119  )
( 100  -15  142  )
( -73  -117  50  )
( -52  -1  3  )
( 125  -113  117  )
( 141  7  49  )
( -105  132  -106  )
( -80  -25  138  )
( 79  95  63  )
( -97  -31  -72  )
( -125  -105  -52  )
( 41  -129  -57  )
( 83  -113  137  )
( -29  -111  -115  )
( 75  71  -11  )
( 126  -109  -11  )
( 103  -120  -146  )
( -8  -122  126  )
( -34  43  -49  )
( -58  -117  -131  )
( 55  -47  37  )
( 134  33  -6  )
( -52  49  99  )
( -72  67  35  )
( -9  124  -81  )
( -25  -92  107  )
( 101  -148  -29  )
( 39  33  78  )
