( 149  -11  107  )
( -149  -148  -10  )
( 82  124  -34  )
( 21  138  -134  )
( 20  25  -134  )
( 95  13  -50  )
( 58  -78  -113  )
( 24  58  86  )
( 78  -143  -40  )
( -139  -36  32  )
( -38  -36  -121  )
( -144  -78  -7  )
( 143  5  -144  )
( 146  95  58  )
( -66  71  15  )
( 98  114  109  )
( 122  -123  135  )
( -13  -22  -0  )
( 141  -0  119  )
( -140  -111  141  )
( -52  41  89  )
( 23  58  40  )
( -9  -68  -26  )
( 139  88  -62  )
( 133  32  0  )
( 88  47  136  )
( 77  18  -42  )
( -17  27  122  )
( -71  140  143  )
( 115  -12  81  )
( -69  -9  -120  )
( 31  6  96  )
( -88  -62  -97  )
( 125  85  -56  )
( -100  -146  -105  )
( 148  17  32  )
( 135  98  47  )
( -43  -123  -59  )
( 72  16  139  )
( -127  136  -133  )
( -148  37  50  )
( -93  83  -135  )
( 0  -130  57  )
( 110  -5  142  )
( -49  115  -141  )
( -10  -69  -29  )
( -2  -118  -23  )
( -5  64  104  )
( -32  96  -118  )
( 148  22  94  )
( 89  19  -71  )
( -22  -130  16  )
( -26  -13  104  )
( 49  66  119  )
( -106  10  60  )
( -141  -29  14  )
( -47  79  65  )
( 11  -111  -129  )
( 7  -89  118  )
( 84  114  -37  )
( 74  -147  0  )
( 57  -24  48  )
( 143  -53  112  )
( -141  77  -1  )
( -15  -28  91  )
( -30  -61  -54  )
( 5  -149  148  )
( 104  -125  -88  )
( 93  -67  -139  )
( -51  67  -129  )
( 11  49  -67  )
( -131  -106  87  )
( -147  26  50  )
( -80  33  -14  )
( -109  5  -32  )
( -54  33  32  )
( 87  18  -7  )
( 38  -82  32  )
( -11  21  138  )
( 140  74  -92  )
( -107  -78  -109  )
( -102  -78  112  )
( 29  74  125  )
( 36  -105  -20  )
( -55  126  122  )
( -22  98  -99  )
( 106  -98  58  )
( 108  -50  -74  )
( 114  -147  44  )
( -79  -86  -96  )
( -17  91  -12  )
( 134  39  109  )
( 89  91  -140  )
( 77  147  -0  )
( 141  -109  -113  )
( 101  -140  98  )
( -0  -39  -61  )
( 29  -4  149  )
( -97  -27  61  )
( -138  -16  115  )
( -134  -119  5  )
( 4  138  -79  )
( 123  27  -114  )
( 108  -69  -9  )
( 35  -65  -51  )
( 104  112  67  )
( 40  -111  53  )
( -44  50  7  )
( 114  26  -138  )
( 24  10  20  )
( -75  -141  -51  )
( -90  -135  83  )
( -107  74  -34  )
( 61  135  15  )
( 95  17  -144  )
( 52  110  51  )
( -103  -149  -40  )
( 66  -120  -39  )
( 52  124  149  )
( -104  -62  118  )
( -21  88  -63  )
( -63  -133  -108  )
( 126  -43  68  )
( 37  -88  49  )
( 135  -51  101  )
( 92  -125  -137  )
( 83  18  -34  )
( -131  -137  -122  )
( -121  -133  126  )
( -52  47  43  )
( -116  -26  -115  )
( -72  -71  119  )
( 86  118  37  )
( -96  33  -83  )
( -29  -14  134  )
( -83  80  24  )
( -14  0  -9  )
( -116  3  27  )
( -47  -59  39  )
( -134  -124  12  )
( -36  48  132  )
( 52  -82  -17  )
( -20  -53  80  )
( 64  -42  -55  )
( -89  -103  -83  )
( -13  35  43  )
( -97  -38  80  )
( -17  53  65  )
( 119  89  65  )
( -111  36  -34  )
( 142  -119  -126  )
( -48  72  93  )
( -132  91  38  )
( -142  -15  93  )
( -99  135  77  )
( 16  -42  35  )
( -91  -41  -137  )
( -90  -14  128  )
( 142  59  123  )
( -36  -145  -50  )
( -49  16  118  )
( -88  60  -93  )
( -149  -98  -16  )
( 59  -51  1  )
( 128  -118  27  )
( -133  -70  -69  )
( 61  72  -28  )
( 84  -49  -131  )
( 47  24  -82  )
( 78  -102  -17  )
( -139  32  45  )
( -36  -54  -75  )
( 78  93  -73  )
( -100  -38  -37  )
( -145  111  54  )
( 144  51  -35  )
( 19  112  18  )
( -93  -114  34  )
( 24  129  -37  )
( -52  30  -143  )
( -94  123  99  )
( 63  -20  -110  )
( -14  -68  64  )
( -96  141  -6  )
( -96  -137  -106  )
( 7  -128  -147  )
( 72  -68  18  )
( 0  94  -60  )
( -56  -101  89  )
( -17  -108  40  )
( -149  1  -4  )
( -5  -6  83  )
( -128  48  8  )
( -26  -1  -44  )
( 115  87  88  )
( -54  -135  34  )
( -68  136  -129  )
( 59  -142  55  )
( -98  142  -47  )
( -145  -86  80  )
( -140  -1  43  )
( -6  -1  84  )
( 70  -111  -133  )
( -11  89  -3  )
( 59  -91  -129  )
( -2  30  -133  )
( -73  -16  42  )
( -99  -119  81  )
( -40  26  78  )
( -109  121  -34  )
( -130  138  -53  )
( -60  72  -6  )
( -34  45  -90  )
( 95  16  89  )
( 68  -87  -12  )
( -13  8  135  )
( 3  -142  -31  )
( 94  -35  38  )
( -53  25  -96  )
( -113  -141  51  )
( 8  20  26  )
( -122  56  -106  )
( 99  -137  59  )
( 132  86  102  )
( 138  -8  27  )
( 79  -38  40  )
( -85  -49  126  )
( 124  -93  -139  )
( -127  79  -66  )
( -23  147  10  )
( -34  -104  26  )
( 3  -2  -85  )
( -1  61  33  )
( -56  121  -5  )
( -37  49  -92  )
( -139  -142  -138  )
( -132  57  146  )
( 49  -137  14  )
( -10  85  120  )
( -71  -27  13  )
( 7  -94  26  )
( -56  -122  -117  )
( 66  -1  16  )
( 104  43  -19  )
( 31  94  -90  )
( 25  -107  92  )
( -75  -67  52  )
( -146  -80  -110  )
( 62  -74  -23  )
( 75  -51  -20  )
( 128  -134  -29  )
( -129  -56  77  )
( -91  130  17  )
( 86  131  -100  )
( -12  -43  -21  )
( -144  -4  118  )
( -90  -35  -97  )
( -69  0  -144  )
( 90  77  -96  )
( 85  129  58  )
( -78  1  93  )
( -23  -8  53  )
( -22  16  147  )
( -47  121  68  )
( -135  63  -94  )
( 0  -17  -92  )
( 46  -33  -107  )
( -19  146  -17  )
( -51  13  19  )
( 135  70  -69  )
( 67  -27  80  )
( -11  -115  41  )
( 110  -13  -11  )
( -113  97  32  )
( -64  97  45  )
( 119  64  -5  )
( 85  25  141  )
( 37  45  -93  )
( 103  -110  -63  )
( -68  80  -15  )
( -59  -49  55  )
( 118  -19  -143  )
( 124  58  126  )
( 107  54  70  )
( -43  -101  110  )
( -40  -148  -64  )
( 62  -92  -141  )
( 23  -125  110  )
( 91  -63  17  )
( 144  65  105  )
( -118  -17  -43  )
( 28  63  -78  )
( 10  109  117  )
( 107  138  -113  )
( 11  -129  -102  )
( 0  108  24  )
( -41  127  121  )
( 32  104  -13  )
( 78  -141  95  )
( -41  -87  65  )
( 80  -7  127  )
( 148  -120  -130  )
( -105  148  -87  )
( -35  -22  -90  )
( -116  -21  106  )
( 71  -133  128  )
( -45  49  -128  )
( 91  83  11  )
( -109  115  83  )
( 0  27  -76  )
( 138  49  135  )
( -13  -142  -11  )
( -72  -126  -145  )
( -11  -62  138  )
( 87  138  -59  )
( -41  89  65  )
( -130  -23  -147  )
( -123  -4  -116  )
( -116  75  95  )
( -67  -85  37  )
( 104  9  1  )
( 58  -54  -77  )
( 31  57  -52  )
( -58  -118  71  )
( 52  -43  4  )
( -74  131  -13  )
( -37  -14  79  )
( -136  -54  -139  )
( -49  -24  68  )
( 36  122  -95  )
( -60  -1  39  )
( -141  -85  4  )
( -21  -60  -123  )
( -126  9  -142  )
( 44  -72  112  )
( -126  112  101  )
( -110  -149  -91  )
( -29  -4  134  )
( -133  84  104  )
( -133  -4  -90  )
( 94  -96  -6  )
( 52  -43  4  )
( 30  -90  -10  )
( -90  146  -77  )
( -32  -104  68  )
( 115  45  -77  )
( -38  -48  -61  )
( -49  21  77  )
( -74  115  132  )
( -71  -58  97  )
( 101  -31  87  )
( 112  -58  118  )
( -113  -23  73  )
( 108  137  -85  )
( -147  30  -21  )
( 117  -95  -84  )
( 0  97  101  )
( -10  16  -84  )
( -0  -102  -60  )
( -14  50  8  )
( 33  142  -108  )
( -84  17  -130  )
( -113  30  32  )
( -37  83  -128  )
( -52  -97  53  )
( 7  75  -70  )
( 40  53  147  )
( -20  59  -140  )
( -36  34  -41  )
( 135  127  -81  )
( 33  18  -92  )
( 124  -77  -56  )
( -19  -53  -30  )
( -87  99  146  )
( -14  -19  -117  )
( -140  -82  3  )
( 121  120  -34  )
( 51  85  -109  )
( 59  14  -121  )
( 98  -37  -59  )
( -94  111  -5  )
( -98  12  -92  )
( 111  -118  -147  )
( 77  24  -107  )
( 98  -141  17  )
( 90  -88  -117  )
( 6  -109  9  )
( 11  70  13  )
( 76  81  -54  )
( -32  -117  -136  )
( -145  68  -120  )
( 77  3  -99  )
( -10  51  -2  )
( -126  135  40  )
( 74  -28  5  )
( 134  -73  64  )
( 123  -6  -64  )
( 148  101  130  )
( 106  67  -39  )
( -9  -108  127  )
( 144  141  68  )
( -77  16  -119  )
( 77  35  64  )
( 123  122  -20  )
( -22  -132  1  )
( -132  4  -15  )
( 5  16  53  )
( 1  74  116  )
( 129  -66  -0  )
( 28  41  -106  )
( 2  75  -127  )
( 109  -9  67  )
( -56  71  49  )
( -118  -21  75  )
( -24  -124  45  )
( 34  119  -78  )
( 53  13  24  )
( 109  63  -48  )
( -40  58  69  )
( 63  11  -98  )
( -66  133  -109  )
( 53  45  37  )
( 89  -35  -44  )
( -37  -32  63  )
( -3  79  25  )
( -112  -128  -125  )
( 65  -113  30  )
( 68  92  129  )
( -90  -43  23  )
( -69  -127  24  )
( 37  39  102  )
( -60  83  5  )
( 42  -7  -93  )
( 23  2  -146  )
( 119  -38  101  )
( 123  -86  10  )
( -16  114  -132  )
( 51  88  3  )
( -59  -96  30  )
( 147  -111  6  )
( 44  147  39  )
( 138  43  -9  )
( -77  61  112  )
( -69  60  -8  )
( 126  104  -55  )
( 146  77  92  )
( -64  -72  -69  )
( 123  -61  91  )
( -11  -74  147  )
( 103  31  4  )
( 37  115  108  )
( -38  -21  16  )
( -83  17  -15  )
( 83  -80  26  )
( 112  -65  -44  )
( 21  26  103  )
( 23  -136  30  )
( 115  97  -127  )
( 78  -20  -19  )
( 72  -111  -30  )
( 66  107  -87  )
( 73  -51  67  )
( 127  -121  125  )
( -107  -55  -86  )
( -3  -94  49  )
( 141  74  120  )
( 30  -24  4  )
( -116  95  142  )
( -79  -18  126  )
( 63  -54  -74  )
( 66  -4  23  )
( 53  44  65  )
( 126  -33  -43  )
( -78  123  58  )
( 6  139  123  )
( -115  -73  96  )
( 11  -43  19  )
( -35  -13  45  )
( -32  137  -62  )
( 85  -59  117  )
( 3  92  118  )
( -93  33  -104  )
( 17  12  52  )
( -38  -32  -122  )
( 136  -13  55  )
( 24  135  136  )
( 134  -98  -128  )
( -101  -132  21  )
( 122  -108  117  )
( 72  -136  -1  )
( 14  131  15  )
( 102  -140  57  )
( 55  27  132  )
( -38  -60  -132  )
( -11  -88  94  )
( 11  -1  -62  )
( 62  12  -42  )
( -28  133  -24  )
( 145  95  -33  )
( 86  -87  -36  )
( 40  57  37  )
( 81  42  9  )
( 0  105  53  )
( 25  118  143  )
( -129  -118  137  )
( -121  -37  -137  )
( -15  -113  142  )
( 99  118  -33  )
( 31  -44  11  )
( 22  -30  43  )
( -49  105  116  )
( -116  145  126  )
( -48  -56  94  )
( 148  8  125  )
( -94  106  -72  )
( -89  -3  -33  )
( 135  -148  42  )
( 25  -68  -27  )
( -49  -97  -14  )
( 48  81  31  )
( -142  78  -104  )
( -86  81  121  )
( 16  -35  -120  )
( -57  -65  -92  )
( -30  -137  -67  )
( -79  62  64  )
( 64  -136  -75  )
( -73  -20  -91  )
( -58  -81  142  )
( -93  29  -39  )
( -90  -148  108  )
( 109  67  17  )
( 131  -137  -75  )
( 56  -92  -54  )
( 49  -132  -72  )
( -76  22  -81  )
( 74  21  -31  )
( -128  -81  -2  )
( -109  -36  40  )
( 25  70  31  )
( -141  -91  -89  )
( -145  -61  32  )
( 19  107  137  )
( -47  92  -87  )
( -74  -107  -25  )
( 96  0  -75  )
( -17  80  -51  )
( -28  -46  145  )
( -64  28  73  )
( 69  113  -141  )
( -16  109  44  )
( 64  20  -4  )
( 20  -106  -113  )
( -128  -41  146  )
( -49  -13  63  )
( 23  131  43  )
( -69  -22  126  )
( -94  131  126  )
( -138  -85  102  )
( 104  -147  31  )
( 27  38  -72  )
( 147  20  -136  )
( 125  119  53  )
( 10  32  125  )
( -114  -32  45  )
( 68  -90  -48  )
( 53  -73  -52  )
( -139  96  132  )
( 12  75  8  )
( 7  131  98  )
( 96  32  -117  )
( 60  -120  59  )
( -115  67  97  )
( 112  -96  -76  )
( -142  135  -8  )
( -69  35  28  )
( 11  -47  53  )
( -70  107  -82  )
( 75  -130  -107  )
( 44  142  20  )
( 16  -125  70  )
( -72  -14  98  )
( 103  -18  -95  )
( 125  24  -52  )
( 121  -54  -1  )
( 2  127  47  )
( 96  123  -18  )
( -79  -4  -138  )
( -69  -118  99  )
( 93  3  120  )
( 35  -131  40  )
( 129  -137  -114  )
( -89  36  9  )
( -133  -18  64  )
( -149  -33  65  )
( 65  95  131  )
( 113  94  78  )
( -59  -17  49  )
( -17  14  51  )
( 83  81  120  )
( -18  14  42  )
( -64  115  113  )
( 93  119  63  )
( 91  129  -49  )
( 144  -82  13  )
( 43  -84  -89  )
( 82  -147  -90  )
( -52  -34  -83  )
( 80  11  111  )
( 149  -55  119  )
( 83  90  -28  )
( -7  -119  -64  )
( 114  73  120  )
( 3  -121  7  )
( -4  -103  94  )
( 39  -65  -26  )
( 108  -138  -84  )
( -84  58  123  )
( 128  -123  -127  )
( -141  24  -113  )
( -44  71  15  )
( 12  131  -26  )
( 69  32  8  )
( 11  22  -102  )
( 64  127  -51  )
( -76  -99  54  )
( 78  -34  16  )
( 86  60  -62  )
( -54  78  75  )
( -91  69  -78  )
( 44  97  124  )
( 84  18  81  )
( 119  -50  34  )
( 16  -27  60  )
( 33  -137  -45  )
( -95  -101  75  )
( 102  142  -36  )
( -7  78  -111  )
( 127  8  -142  )
( 99  -108  -55  )
