( -32  83  76  )
( 127  -43  79  )
( 133  -18  -54  )
( 147  73  -42  )
( 128  106  -39  )
( 74  14  127  )
( -109  0  -120  )
( 52  136  -147  )
( -40  -125  30  )
( -60  144  51  )
( -104  15  16  )
( 123  77  17  )
( -44  14  117  )
( -68  -40  142  )
( -19  61  -98  )
( -70  -33  -4  )
( 90  39  -26  )
( 140  -0  51  )
( -21  -92  -23  )
( -71  34  86  )
( 34  -33  -45  )
( 86  -2  -111  )
( 63  -104  -64  )
( -4  -83  -42  )
( -98  118  48  )
( 98  71  128  )
( 138  22  -135  )
( -135  -91  2  )
( -112  46  -31  )
( 27  90  44  )
( -61  5  93  )
( -105  -22  -2  )
( -104  84  81  )
( -19  29  88  )
( 26  -29  -27  )
( -81  129  -11  )
( 55  113  -148  )
( 32  -120  38  )
( 55  -107  -122  )
( -141  -92  -103  )
( 96  -143  -33  )
( 115  -83  -91  )
( -93  -64  48  )
( 9  -61  -3  )
( -71  -28  -121  )
( 127  -103  -60  )
( 86  6  -108  )
( 92  -147  -13  )
( -44  -0  -111  )
( -40  -48  52  )
( -11  53  92  )
( 125  -96  -89  )
( 4  -62  -63  )
( 45  -27  39  )
( 55  5  71  )
( 76  29  -74  )
( -93  14  23  )
( -103  27  -112  )
( 100  46  41  )
( -104  11  -58  )
( 100  -66  149  )
( -68  -10  53  )
( 104  -13  97  )
( 135  -67  -37  )
( 129  119  87  )
( 69  -125  -130  )
( -66  -60  149  )
( 92  -83  139  )
( 69  111  -110  )
( -137  -88  -69  )
( 120  -130  -17  )
( 133  -116  -140  )
( -113  30  129  )
( 76  4  121  )
( -47  -94  127  )
( 120  112  86  )
( 43  100  -44  )
( 46  57  -102  )
( -124  54  61  )
( 91  -55  -5  )
( -53  8  108  )
( -69  60  53  )
( -49  30  -127  )
( 59  129  -7  )
( 127  -77  -38  )
( -73  -147  21  )
( 148  102  118  )
( -144  -93  44  )
( -66  8  -78  )
( -74  -103  -93  )
( -17  20  53  )
( 24  5  -99  )
( -137  -93  -46  )
( -114  140  125  )
( -116  67  148  )
( -58  85  -118  )
( -100  -68  -43  )
( -0  -120  -51  )
( 21  -104  -116  )
( -91  -145  -63  )
( -90  147  -64  )
( -48  4  43  )
( 125  28  -10  )
( -107  -105  140  )
( 115  125  130  )
( -145  -89  121  )
( -75  45  14  )
( -3  31  -98  )
( 76  -141  129  )
( -19  93  92  )
( 54  -138  89  )
( 128  24  22  )
( -93  69  -94  )
( -131  -10  46  )
( -92  -116  144  )
( -110  103  -64  )
( -134  -7  24  )
( 123  -136  -114  )
( 67  81  28  )
( 51  -24  -36  )
( -91  7  -146  )
( -64  62  -89  )
( -84  -30  -145  )
( -6  -31  33  )
( 145  -137  110  )
( 19  -102  33  )
( 119  55  109  )
( 75  37  62  )
( -90  18  117  )
( -86  105  80  )
( 107  -102  -93  )
( -31  34  16  )
( 121  20  -96  )
( -2  -104  7  )
( 94  -35  49  )
( -23  -31  123  )
( -97  17  13  )
( 45  121  -25  )
( -122  69  79  )
( 37  -116  61  )
( 79  -36  37  )
( 46  77  51  )
( -111  6  109  )
( 50  -72  57  )
( -70  -78  34  )
( -98  -138  113  )
( 69  -34  50  )
( 138  52  -114  )
( -19  9  94  )
( -140  -20  -3  )
( -110  51  -81  )
( 79  -13  98  )
( -30  -66  7  )
( -74  116  -43  )
( 35  -65  -11  )
( -147  -53  -69  )
( -115  18  21  )
( 13  126  133  )
( 45  -40  -35  )
( -108  107  79  )
( -119  -53  -34  )
( 118  -113  -20  )
( -70  88  -54  )
( 31  -144  -64  )
( -148  31  111  )
( 18  -9  31  )
( -84  75  -10  )
( 107  57  -24  )
( -127  -119  -135  )
( -17  -12  71  )
( -41  -36  58  )
( -91  117  66  )
( 16  79  -10  )
( -105  34  115  )
( 123  -7  78  )
( 50  31  -138  )
( 77  -113  4  )
( 87  24  -107  )
( -88  -11  -142  )
( 90  15  -1  )
( 72  134  14  )
( -16  103  87  )
( -82  -125  47  )
( 125  -32  85  )
( 141  -64  140  )
( -17  110  -50  )
( 71  23  17  )
( -25  49  125  )
( -21  57  -48  )
( -148  -131  -59  )
( -59  37  -142  )
( 86  -92  -75  )
( 115  43  -35  )
( 129  109  -75  )
( -14  -62  103  )
( -101  142  -84  )
( -146  17  43  )
( 45  72  124  )
( -97  66  39  )
( 117  -118  109  )
( 130  -20  -24  )
( 143  -25  -32  )
( -26  117  -1  )
( 81  -66  47  )
( 89  111  7  )
( 35  -146  -26  )
( -116  -100  -62  )
( 26  -102  41  )
( -91  9  -94  )
( 69  -28  -97  )
( -90  51  61  )
( 6  149  -91  )
( 45  -135  143  )
( -120  -42  -84  )
( 115  16  46  )
( 27  -45  12  )
( 116  -52  49  )
( -9  17  -32  )
( -37  22  -148  )
( 135  -52  -26  )
( -110  -73  55  )
( 82  -144  -99  )
( 140  -81  41  )
( 70  -108  -101  )
( 52  -5  24  )
( -16  -85  116  )
( 120  111  -46  )
( 125  -3  16  )
( -19  -26  -22  )
( -22  -88  -133  )
( -104  -59  89  )
( -21  133  10  )
( 140  52  -70  )
( 30  85  49  )
( 102  -18  60  )
( -101  -80  -117  )
( 123  27  -18  )
( 59  -13  74  )
( 125  -22  30  )
( -97  -58  55  )
( 82  -58  -30  )
( 34  -73  -53  )
( -98  -146  -12  )
( 148  -29  23  )
( -54  -81  136  )
( -100  78  37  )
( 15  119  95  )
( 143  77  -10  )
( 76  -141  48  )
( -84  -14  -98  )
( -33  40  117  )
( -91  49  134  )
( 25  107  -137  )
( 141  142  114  )
( -93  -56  79  )
( 104  -22  47  )
( -16  58  -54  )
( 106  -49  74  )
( 108  53  -72  )
( -126  -99  141  )
( 146  100  122  )
( 139  25  -104  )
( 21  143  51  )
( -96  -123  -32  )
( 149  -68  -71  )
( -135  87  21  )
( -146  113  -137  )
( -42  -19  23  )
( 138  68  -145  )
( -13  19  -49  )
( 37  -2  130  )
( 12  96  -94  )
( 75  40  2  )
( 20  -36  -107  )
( 98  -47  -127  )
( -3  -43  38  )
( -98  -121  75  )
( 102  -88  8  )
( 147  -105  -145  )
( -128  -146  23  )
( -50  -55  78  )
( 80  37  42  )
( -141  -9  133  )
( -81  110  120  )
( -133  127  135  )
( -126  -127  16  )
( -54  9  14  )
( 86  39  87  )
( 37  63  108  )
( 27  57  52  )
( -17  141  -4  )
( -61  -20  64  )
( 12  69  19  )
( 109  -106  -119  )
( 133  -16  -119  )
( 104  77  107  )
( -149  90  111  )
( 128  99  -66  )
( 115  13  57  )
( 102  -128  -117  )
( -127  61  -68  )
( 131  -82  124  )
( -116  -60  -138  )
( 119  76  20  )
( 121  54  53  )
( 16  -117  10  )
( -10  -83  -5  )
( 147  125  -86  )
( 141  -25  17  )
( -145  -73  123  )
( -25  -10  124  )
( 81  -69  -117  )
( 146  44  59  )
( -5  -0  -50  )
( 84  105  31  )
( -141  66  -63  )
( -74  7  -81  )
( -121  -9  -1  )
( 74  -84  91  )
( -5  87  -78  )
( 97  -95  80  )
( 110  143  22  )
( -63  53  18  )
( 68  -30  49  )
( -62  114  31  )
( -61  5  -124  )
( 66  58  72  )
( 122  -126  -106  )
( -70  14  96  )
( 76  69  -121  )
( -83  95  25  )
( -137  -101  67  )
( -29  129  52  )
( 103  -65  82  )
( 13  49  18  )
( -48  -81  -21  )
( 75  146  12  )
( -122  -24  73  )
( -5  -39  -105  )
( 27  119  141  )
( -120  90  -7  )
( 50  142  -79  )
( 19  107  -27  )
( 85  38  23  )
( 125  85  59  )
( -143  -59  141  )
( -20  -47  -138  )
( -6  74  62  )
( 73  -7  5  )
( 135  -136  -68  )
( 135  51  -62  )
( -80  -55  63  )
( 93  -118  127  )
( 140  -119  -62  )
( -141  -53  12  )
( 97  -27  37  )
( 107  -141  -99  )
( -110  22  -55  )
( 111  -85  142  )
( -146  61  -51  )
( -38  -45  11  )
( -4  -141  22  )
( 117  114  -42  )
( -4  100  8  )
( -47  112  -146  )
( -95  141  -13  )
( 16  54  -75  )
( 91  -29  -83  )
( 60  93  -103  )
( -4  67  133  )
( -6  19  -118  )
( 132  135  122  )
( -104  -14  89  )
( 5  -104  131  )
( -142  108  -141  )
( -24  -51  77  )
( -118  69  141  )
( -143  -80  53  )
( -72  48  70  )
( -109  9  -114  )
( -69  -6  -93  )
( -24  -101  90  )
( 71  5  -62  )
( 135  17  56  )
( -51  -7  -14  )
( 103  -77  -89  )
( -45  117  66  )
( -65  144  55  )
( -55  -118  70  )
( -149  -7  -99  )
( 119  -136  -114  )
( -106  51  80  )
( -134  37  52  )
( 36  31  -75  )
( -64  -31  66  )
( -79  75  38  )
( -43  98  -133  )
( -107  -28  140  )
( 96  130  -131  )
( -40  -102  135  )
( 134  -114  41  )
( -29  -135  106  )
( 59  -36  43  )
( -33  -74  126  )
( -30  39  11  )
( -112  64  110  )
( 48  80  4  )
( 91  40  -55  )
( -133  85  -142  )
( -7  99  -144  )
( 130  -65  -16  )
( -23  125  133  )
( -149  -47  -15  )
( -70  -13  -38  )
( -95  75  -27  )
( 47  -99  109  )
( 106  -25  114  )
( 128  -138  -109  )
( 91  -72  -109  )
( 48  -57  126  )
( -62  134  141  )
( 91  -43  57  )
( -113  -147  -117  )
( -97  76  131  )
( 90  -48  123  )
( 67  130  91  )
( 120  -144  54  )
( 127  -138  53  )
( -128  15  -131  )
( 33  -48  31  )
( 139  52  -38  )
( -121  -58  51  )
( 76  16  142  )
( -5  102  103  )
( 66  9  -61  )
( 24  -91  -83  )
( -111  35  -14  )
( 79  36  -109  )
( -24  137  140  )
( 13  -131  106  )
( 91  79  -137  )
( 149  125  -136  )
( 72  -64  46  )
( -121  44  95  )
( 37  50  -35  )
( -58  79  17  )
( -141  52  139  )
( -131  123  64  )
( -100  3  4  )
( -51  -52  -8  )
( -41  -124  79  )
( -0  11  61  )
( 141  -95  -87  )
( -112  -124  -46  )
( 147  -3  73  )
( 59  13  112  )
( -44  -123  -33  )
( 123  16  98  )
( 9  63  109  )
( 52  -4  -23  )
( -118  18  133  )
( -123  64  136  )
( -115  30  -78  )
( -54  -108  -125  )
( 20  -145  -124  )
( 20  -29  -104  )
( -13  90  34  )
( 62  -91  77  )
( 96  104  108  )
( 131  -122  -58  )
( -89  83  88  )
( -97  112  144  )
( 27  -83  -42  )
( -46  149  -124  )
( -97  104  -92  )
( -40  64  -108  )
( -114  -94  -112  )
( -109  -41  -141  )
( 57  -87  73  )
( -54  -55  -120  )
( 19  121  17  )
( -69  -16  34  )
( -5  -117  86  )
( 99  -107  -54  )
( 23  -63  -72  )
( 43  120  -6  )
( 39  -102  -119  )
( -110  96  -14  )
( 132  -84  -148  )
( -114  21  67  )
( -93  117  -140  )
( 105  -140  87  )
( -5  41  33  )
( -147  50  -106  )
( -21  -97  -75  )
( -51  74  86  )
( -133  147  13  )
( 142  37  147  )
( 122  -110  -36  )
( -88  60  120  )
( -74  64  -120  )
( 90  -103  -44  )
( -50  91  24  )
( -14  -118  -47  )
( -138  75  69  )
( -28  -14  89  )
( -140  -102  42  )
( 84  -119  29  )
( -18  -5  24  )
( 12  113  142  )
( 36  60  19  )
( -69  119  9  )
( 73  -49  100  )
( -142  100  -61  )
( 80  -119  76  )
( -61  -125  39  )
( -63  23  -146  )
( 94  112  90  )
( 102  -99  70  )
( -123  -69  37  )
( -35  -95  11  )
( 19  20  120  )
( -60  43  17  )
( -23  -48  -148  )
( 16  -45  -28  )
( -143  87  -31  )
( 6  103  137  )
( -19  72  -48  )
( -58  48  51  )
( 19  -85  141  )
( -145  -76  -103  )
( 96  -24  -18  )
( 99  145  96  )
( 3  -10  -34  )
( -110  76  46  )
( -133  -114  142  )
( -31  -16  -128  )
( -129  59  -21  )
( 80  -93  83  )
( 117  38  -142  )
( -9  128  -90  )
( -88  -70  -114  )
( -126  -26  -141  )
( 17  -14  124  )
( 76  34  93  )
( 95  -36  -104  )
( -125  101  97  )
( 107  36  -57  )
( 11  8  -99  )
( 110  63  -113  )
( 108  -95  -86  )
( 55  30  0  )
( 131  -74  -43  )
( 30  -111  88  )
( 119  -121  58  )
( -68  -127  -128  )
( 138  -87  59  )
( 104  -42  19  )
( 34  75  -124  )
( -77  125  0  )
( -70  -137  135  )
( 116  -20  -78  )
( -92  54  89  )
( 64  8  -67  )
( 93  -47  -78  )
( -72  124  10  )
( -116  123  -126  )
( -74  -75  -18  )
( 24  85  -102  )
( 40  -87  -0  )
( 138  16  146  )
( 68  31  -5  )
( -124  31  -33  )
( 104  127  -9  )
( 85  20  -38  )
( 125  121  -83  )
( 112  -69  -86  )
( -7  84  -16  )
( -26  137  83  )
( 6  16  121  )
( 10  -37  -113  )
( 62  -39  -56  )
( -44  -52  -9  )
( -40  -9  -23  )
( -2  -38  16  )
( 137  38  45  )
( 41  26  -11  )
( 46  -95  -110  )
( 88  147  -22  )
( -45  -56  -134  )
( -97  -11  -140  )
( 47  -131  66  )
( 100  49  -46  )
( -61  25  -136  )
( -142  117  -64  )
( -114  136  -112  )
( -135  106  -60  )
( -47  140  -131  )
( 25  -83  -129  )
( -48  -72  -126  )
( 149  -69  -26  )
( -46  -118  102  )
( -11  78  121  )
( 56  93  -99  )
( 111  55  -69  )
( 107  -8  -60  )
( 101  -51  -32  )
( 1  -18  11  )
( -86  -134  -115  )
( 56  -129  39  )
( -116  -98  35  )
( 65  -96  132  )
( 78  109  104  )
( -0  -81  -108  )
( -42  -111  136  )
( -133  130  -15  )
( -41  91  -146  )
( 82  27  -0  )
( 5  -76  64  )
( -42  34  -144  )
( 123  -142  18  )
( 106  -68  -88  )
( 140  -63  -72  )
( 134  121  23  )
( 92  65  -116  )
( -3  115  69  )
( -89  22  107  )
( 13  131  -4  )
( 49  -14  30  )
( -119  24  45  )
( -126  6  14  )
( 146  -84  -19  )
( 37  53  -114  )
( -21  57  -94  )
( 27  47  -16  )
( -59  -130  -86  )
( 55  144  70  )
( -40  -105  13  )
( 117  -129  137  )
( -97  -135  -50  )
