( -65  -94  -111  )
( -34  84  -110  )
( 112  -101  39  )
( 139  -31  -128  )
( 59  103  5  )
( -145  37  -20  )
( 32  -95  31  )
( -14  60  20  )
( 121  -135  -119  )
( -41  -108  73  )
( 103  -76  141  )
( 43  -4  97  )
( -146  90  27  )
( -136  5  -90  )
( 10  52  -72  )
( -62  -138  145  )
( -21  -6  113  )
( 48  -56  -22  )
( 99  67  -39  )
( 97  85  121  )
( 133  80  57  )
( -80  -94  134  )
( 83  -128  -76  )
( -77  -59  57  )
( -128  35  93  )
( 81  -98  -46  )
( -20  -109  -66  )
( -23  -78  143  )
( -82  -70  -60  )
( -91  36  126  )
( 95  -40  -131  )
( 80  123  -144  )
( -41  13  82  )
( -39  -3  -94  )
( 58  -133  69  )
( 135  104  98  )
( -19  -134  -74  )
( -149  -107  61  )
( -103  -93  -50  )
( -8  48  42  )
( 119  14  18  )
( -76  -126  78  )
( 47  -144  17  )
( 93  89  -21  )
( 19  -49  -98  )
( -10  -3  -105  )
( -2  -12  -123  )
( -115  52  -134  )
( -20  132  11  )
( -32  -48  -8  )
( 59  -129  126  )
( 56  8  134  )
( -112  99  52  )
( -119  14  51  )
( 18  -104  141  )
( 101  -123  -136  )
( -36  -9  -93  )
( -144  79  21  )
( 51  -45  96  )
( 87  124  51  )
( 94  106  99  )
( -139  -135  141  )
( 37  -121  34  )
( 95  -129  -99  )
( 16  29  -147  )
( 24  -137  -87  )
( -62  -82  13  )
( -22  -42  -86  )
( 68  19  91  )
( 15  -38  124  )
( 39  -101  129  )
( -23  40  70  )
( 9  3  101  )
( 97  -20  122  )
( -115  -112  76  )
( 39  10  51  )
( 20  -69  -136  )
( 39  -45  89  )
( 99  143  -28  )
( 37  94  69  )
( 98  -66  62  )
( 71  63  -76  )
( 8  11  -127  )
( 33  50  51  )
( 24  114  11  )
( 144  -95  14  )
( 112  23  -34  )
( -26  57  80  )
( 112  -80  -12  )
( -79  90  49  )
( 9  92  -70  )
( -149  -34  -148  )
( 118  -138  -139  )
( -135  -67  25  )
( 71  21  44  )
( 131  147  -29  )
( 91  -48  -142  )
( -134  -97  53  )
( -9  15  -42  )
( -98  -19  37  )
( 122  124  93  )
( -128  -83  -121  )
( 103  -56  149  )
( 115  -146  -116  )
( 120  2  40  )
( -69  -45  -21  )
( 28  47  -79  )
( 136  -42  -126  )
( -88  3  -1  )
( -115  -123  -37  )
( 43  70  12  )
( -15  97  -27  )
( -73  102  140  )
( -123  -10  -99  )
( -75  -66  139  )
( 0  63  12  )
( 143  15  80  )
( -1  102  120  )
( 147  144  -121  )
( -120  37  -74  )
( 44  103  -10  )
( -130  -102  -116  )
( -104  -3  35  )
( -122  -76  29  )
( -67  91  -15  )
( -118  -117  14  )
( -140  -116  -2  )
( -101  138  91  )
( 53  -24  11  )
( 119  -28  106  )
( 89  11  61  )
( 9  142  36  )
( 148  42  80  )
( -37  -40  119  )
( 32  149  114  )
( 12  -55  110  )
( -0  14  -41  )
( 6  26  -146  )
( 149  -131  103  )
( 51  -62  -127  )
( -90  105  114  )
( -71  -10  47  )
( 134  58  22  )
( 23  -91  -70  )
( 107  -16  68  )
( 133  36  -94  )
( -52  -135  78  )
( 72  -42  74  )
( -145  -51  -106  )
( 145  -128  105  )
( 36  16  -26  )
( -78  -7  -33  )
( 128  39  -126  )
( 89  -43  71  )
( -127  -140  -147  )
( -98  -14  -99  )
( 82  22  -55  )
( 78  -114  -0  )
( -70  -50  -25  )
( 15  -29  -130  )
( -111  -8  -73  )
( -38  -133  144  )
( -67  -95  117  )
( -11  -88  -32  )
( 33  -142  129  )
( 117  60  -9  )
( 131  -123  -102  )
( 122  -8  90  )
( -0  -73  -39  )
( 12  -63  140  )
( 12  -39  97  )
( 17  -8  29  )
( -40  -103  -22  )
( -146  136  64  )
( 39  55  -112  )
( 128  -94  -52  )
( 120  45  -58  )
( -15  -63  145  )
( 124  54  57  )
( -57  145  56  )
( -27  19  65  )
( 24  -86  10  )
( 105  -147  -98  )
( 145  30  -33  )
( 118  -41  -24  )
( 93  76  -86  )
( 114  90  -2  )
( -142  -78  -33  )
( 100  -88  -45  )
( 60  1  -44  )
( 142  27  119  )
( 84  111  -37  )
( 63  92  -37  )
( -50  29  47  )
( -73  -11  34  )
( -122  62  50  )
( 57  -65  -117  )
( -122  139  113  )
( -138  148  115  )
( -18  -9  -29  )
( 48  82  -123  )
( -146  -132  -35  )
( -54  -86  76  )
( 35  -123  -71  )
( -30  -36  -55  )
( -145  54  24  )
( -31  102  121  )
( 64  97  19  )
( -108  10  22  )
( 18  -34  -22  )
( 146  -102  111  )
( -77  64  141  )
( -79  97  -82  )
( -114  -15  62  )
( 140  -52  -104  )
( -119  -61  43  )
( -86  131  -140  )
( 59  24  69  )
( 98  25  -148  )
( -90  -56  38  )
( 101  -71  13  )
( 122  49  9  )
( 114  -32  -4  )
( -110  15  94  )
( -7  143  -79  )
( 62  -93  68  )
( 137  -141  118  )
( -0  115  10  )
( -123  129  -53  )
( 18  -56  -46  )
( 53  62  10  )
( 75  -136  -148  )
( -98  9  50  )
( 9  74  -121  )
( -67  46  -123  )
( 89  87  13  )
( 57  6  97  )
( 127  108  -41  )
( 125  120  -110  )
( 142  49  61  )
( -46  -54  -25  )
( -13  137  115  )
( 30  115  -28  )
( -0  60  -93  )
( 54  -139  102  )
( -97  23  -109  )
( 55  74  -53  )
( 90  120  -52  )
( 144  -122  65  )
( 146  78  -24  )
( 63  -26  -104  )
( 135  -32  -100  )
( 21  -42  98  )
( -53  -126  10  )
( -98  -21  -8  )
( 40  -20  1  )
( 122  130  -103  )
( 95  -33  -44  )
( 90  -114  -42  )
( 85  -79  -77  )
( -18  133  -36  )
( 136  24  -64  )
( -19  -113  114  )
( 138  96  -38  )
( -69  119  -94  )
( 38  115  -22  )
( -4  -96  -14  )
( 25  -3  -113  )
( 9  115  -128  )
( 145  69  -126  )
( -119  104  64  )
( -127  147  -67  )
( 115  -7  65  )
( -82  -51  -14  )
( -41  6  43  )
( -115  94  59  )
( -124  -85  94  )
( 109  -26  48  )
( 129  13  -9  )
( 144  88  99  )
( -148  94  90  )
( -41  -124  -0  )
( -103  -45  104  )
( 145  -111  28  )
( 138  -108  -22  )
( -97  61  -4  )
( 109  28  69  )
( -49  64  -130  )
( -9  15  64  )
( 116  82  -11  )
( 142  -63  32  )
( -125  21  118  )
( 148  100  101  )
( -33  76  -43  )
( 43  -143  -127  )
( 103  -91  129  )
( -10  -84  -101  )
( 149  68  -70  )
( -47  -136  -80  )
( 125  -143  42  )
( -113  7  -59  )
( 57  112  16  )
( -100  68  -136  )
( -4  92  66  )
( 17  89  -141  )
( -11  137  49  )
( -66  -67  139  )
( 118  72  102  )
( 59  -112  22  )
( 69  123  -16  )
( 6  -143  85  )
( 118  78  -89  )
( 69  -148  76  )
( -90  -113  131  )
( -98  -12  -54  )
( -52  74  -36  )
( -74  33  11  )
( -124  118  113  )
( 82  -130  -5  )
( -126  89  75  )
( -60  58  -51  )
( -34  19  -79  )
( 113  -41  123  )
( -65  -51  68  )
( 105  87  -37  )
( -60  -124  -73  )
( -53  85  -125  )
( -34  47  -25  )
( -117  -9  69  )
( 29  21  -73  )
( 87  -22  127  )
( -111  70  -66  )
( 102  -127  -121  )
( 94  147  53  )
( 5  -113  -114  )
( 23  -92  126  )
( 146  -25  -14  )
( -117  101  -105  )
( 47  14  -8  )
( 126  23  -146  )
( 143  130  -33  )
( -129  -139  84  )
( -47  -88  -52  )
( -105  114  -7  )
( 80  -97  8  )
( 128  3  -10  )
( -67  132  35  )
( 134  103  4  )
( 84  -145  128  )
( -35  127  -110  )
( 134  -73  -48  )
( -99  -96  3  )
( 86  70  112  )
( -114  -108  -136  )
( 22  -76  -46  )
( -99  104  -122  )
( -29  -88  133  )
( -38  -52  11  )
( -108  -36  -14  )
( -83  47  -124  )
( 105  21  -67  )
( -39  -149  -113  )
( 41  -38  31  )
( -121  -84  137  )
( 74  120  -29  )
( 140  18  -22  )
( -33  140  -144  )
( 133  82  -97  )
( -102  -149  141  )
( 72  16  -6  )
( -101  107  -4  )
( 65  -64  -74  )
( 132  85  77  )
( 125  50  -17  )
( 139  -74  -47  )
( 25  36  32  )
( 106  -8  126  )
( -92  -39  -52  )
( -75  -12  -98  )
( 3  -128  -147  )
( 72  125  74  )
( 87  116  -130  )
( -108  -136  126  )
( 14  -69  100  )
( -123  -137  -25  )
( 124  69  -84  )
( 9  -6  -54  )
( 31  117  -134  )
( -136  -126  70  )
( 132  -9  -10  )
( -117  -33  -135  )
( 25  -103  74  )
( 0  42  -25  )
( 68  -23  -122  )
( -86  109  -16  )
( -45  67  59  )
( 6  -70  124  )
( -81  -100  -129  )
( -132  -109  -106  )
( -2  -47  10  )
( -50  -108  62  )
( 3  32  -44  )
( 39  48  69  )
( 67  13  -69  )
( 62  63  -61  )
( -93  106  -145  )
( -67  72  -32  )
( -146  -52  138  )
( -11  -51  -59  )
( -97  -103  -120  )
( 37  70  102  )
( -29  73  -38  )
( 125  -27  41  )
( -8  -80  -135  )
( -12  40  -92  )
( 140  -95  30  )
( -114  -2  -83  )
( 29  -27  16  )
( -15  24  -117  )
( -69  139  -114  )
( -85  -9  -70  )
( 76  125  105  )
( -2  138  119  )
( -130  -57  133  )
( 58  7  96  )
( 93  118  50  )
( -113  106  -134  )
( 119  17  -102  )
( -72  -87  143  )
( -91  137  -97  )
( -83  -27  122  )
( 27  -32  -40  )
( 23  -131  -36  )
( 81  -44  -102  )
( -89  -13  -136  )
( -145  -106  -94  )
( -44  83  -82  )
( 139  -134  -112  )
( -104  -125  -33  )
( -52  -138  62  )
( -138  117  -132  )
( -53  -32  3  )
( 146  78  -87  )
( 11  -53  -20  )
( 108  -26  39  )
( -6  -115  0  )
( -27  57  21  )
( 53  110  -147  )
( 19  116  107  )
( -99  49  -147  )
( -131  -80  -105  )
( 69  2  -16  )
( -111  130  139  )
( -58  -11  31  )
( 120  -3  -56  )
( 19  -88  76  )
( -104  147  -128  )
( 34  -135  102  )
( 24  -43  21  )
( 89  32  -114  )
( 41  50  129  )
( -37  -135  -128  )
( 90  -19  73  )
( 37  -84  -6  )
( 95  31  -4  )
( 4  116  -93  )
( 147  3  -116  )
( -87  65  -139  )
( -84  5  59  )
( 22  100  107  )
( -105  -23  45  )
( 143  106  41  )
( 142  74  8  )
( -104  -24  15  )
( -74  119  -67  )
( -84  -113  -115  )
( 111  35  -43  )
( 71  135  -82  )
( 127  136  13  )
( 58  64  18  )
( -21  -144  110  )
( -117  54  26  )
( 140  106  -113  )
( 124  92  6  )
( -23  -8  -105  )
( -37  11  -51  )
( -127  -103  -124  )
( 59  -30  -110  )
( 23  -57  -119  )
( 30  -93  -34  )
( 61  -133  81  )
( 108  -107  -55  )
( -106  85  4  )
( 3  132  -53  )
( -146  138  26  )
( -114  -12  -148  )
( -94  121  93  )
( -106  -133  -71  )
( -96  -84  101  )
( 130  56  36  )
( -115  -29  104  )
( 0  4  110  )
( -143  96  23  )
( 33  75  -93  )
( -134  -101  -82  )
( 14  -50  -27  )
( -106  135  50  )
( -145  47  -44  )
( 118  -110  48  )
( -134  109  104  )
( 40  -29  -42  )
( 9  97  -121  )
( -112  118  -107  )
( -125  89  51  )
( 130  -135  -29  )
( 58  78  -56  )
( 114  -42  107  )
( 124  132  133  )
( 4  -128  145  )
( -147  -24  19  )
( 121  81  45  )
( 28  -73  93  )
( -114  -112  51  )
( 9  -23  88  )
( 76  -15  -120  )
( 63  -148  -10  )
( -69  38  12  )
( -141  15  -126  )
( -7  -88  148  )
( -95  -115  -112  )
( 148  135  101  )
( 24  119  -11  )
( 59  130  51  )
( -109  13  -87  )
( -50  -15  -138  )
( 28  68  -118  )
( -84  -113  67  )
( -96  68  -44  )
( -15  -64  -74  )
( 84  -14  119  )
( -107  6  -111  )
( 0  33  79  )
( -84  6  -13  )
( 73  9  -13  )
( -12  139  -114  )
( -42  -31  91  )
( -105  -30  -89  )
( 91  -43  51  )
( -84  -80  -90  )
( 8  -110  82  )
( -132  87  136  )
( -97  121  -80  )
( 12  41  -37  )
( 125  -9  43  )
( 9  120  63  )
( 149  -112  54  )
( -78  45  22  )
( 29  -25  -23  )
( 26  -8  -55  )
( 133  120  -88  )
( -67  33  59  )
( -49  46  -143  )
( 0  -129  119  )
( -1  126  -32  )
( -53  -93  104  )
( 50  -69  -98  )
( 60  75  138  )
( 134  -140  128  )
( 60  42  -83  )
( 115  -118  -55  )
( -107  70  -144  )
( -10  57  -16  )
( -130  124  40  )
( -114  -138  92  )
( 0  -59  69  )
( -2  -52  109  )
( 83  132  143  )
( -56  124  51  )
( -45  -108  33  )
( 47  -63  -42  )
( -26  -18  -136  )
( 54  77  -24  )
( 134  -97  -68  )
( 137  144  -23  )
( 116  -30  -69  )
( 57  -148  102  )
( -136  -89  -64  )
( -93  117  35  )
( -40  97  -31  )
( -17  94  -83  )
( 81  -80  77  )
( -16  -45  67  )
( 6  40  102  )
( 25  -56  14  )
( 38  -65  -133  )
( 124  7  82  )
( 143  -123  59  )
( -70  84  -137  )
( -108  93  -48  )
( -139  103  38  )
( -122  75  -27  )
( 25  -81  30  )
( -6  102  -74  )
( -65  72  -135  )
( 32  80  -112  )
( -103  3  65  )
( -26  -107  35  )
( 129  86  -82  )
( -146  -20  56  )
( 28  -56  -17  )
( -88  -73  114  )
( 14  38  -32  )
( 67  105  -29  )
( -85  2  115  )
( 147  35  -10  )
( -29  -17  -128  )
( -111  -54  -0  )
( -103  -126  -43  )
( -127  -137  129  )
( 50  17  38  )
( -133  -107  101  )
( 115  80  -126  )
( -131  -101  -67  )
( -117  -130  -100  )
( 123  43  -96  )
( 115  -6  106  )
( -67  -31  32  )
( -107  122  24  )
( 112  80  -79  )
( -64  -96  -49  )
( 133  15  -77  )
( -32  -81  -111  )
( 32  -137  128  )
( 134  -131  78  )
( 69  -78  106  )
( -95  144  -71  )
( 53  40  -66  )
( 135  27  118  )
( -88  37  118  )
( 119  109  50  )
