( 132  29  -120  )
( 111  104  -123  )
( 127  111  -57  )
( 75  -137  -87  )
( 103  -66  107  )
( -65  67  40  )
( 40  -148  127  )
( 127  14  -104  )
( 62  -120  -11  )
( -139  -104  147  )
( -86  69  135  )
( 133  124  25  )
( -146  75  -72  )
( -0  -69  -35  )
( -118  16  34  )
( 18  63  -45  )
( 143  -0  93  )
( 32  -2  -93  )
( 82  1  -37  )
( 103  53  17  )
( -92  -106  1  )
( 137  145  45  )
( -65  89  -9  )
( 45  52  -16  )
( 9  -135  -141  )
( 54  -35  36  )
( -130  106  28  )
( 19  17  128  )
( 136  -51  -1  )
( 17  98  -41  )
( -43  -28  -96  )
( 87  68  30  )
( 66  61  -23  )
( -2  133  74  )
( -142  -17  -52  )
( 60  38  67  )
( 95  50  89  )
( -127  37  88  )
( -34  -140  125  )
( 136  -78  44  )
( -140  -138  -30  )
( 14  -129  148  )
( -66  39  22  )
( -17  -41  -51  )
( 110  -6  -89  )
( -34  44  89  )
( 13  11  -14  )
( 109  95  131  )
( -111  -144  -60  )
( 70  -42  25  )
( 121  98  137  )
( 123  -72  -110  )
( 127  -10  21  )
( 25  143  -60  )
( -117  -15  -50  )
( 122  -99  -130  )
( -141  -7  127  )
( 66  30  -44  )
( -67  -136  -41  )
( 54  130  -66  )
( -115  -94  -90  )
( 147  -97  117  )
( -147  -146  137  )
( -43  -86  -139  )
( -130  -56  118  )
( 54  -132  13  )
( -123  84  17  )
( 115  -71  -120  )
( -44  -65  114  )
( -94  123  50  )
( 54  -2  106  )
( -115  60  16  )
( -65  6  139  )
( 136  -93  17  )
( 69  36  6  )
( -100  -48  -13  )
( -12  81  5  )
( 82  46  -138  )
( 78  67  44  )
( -25  -46  107  )
( -146  104  45  )
( -143  -112  -103  )
( 142  92  80  )
( 25  56  -6  )
( -112  -3  142  )
( -83  -139  23  )
( 75  -6  112  )
( 60  141  -66  )
( 133  97  47  )
( -19  17  30  )
( 139  20  31  )
( -119  -75  -17  )
( 126  89  35  )
( -42  -6  34  )
( -148  -140  48  )
( 117  91  140  )
( 72  -78  -82  )
( 73  87  5  )
( -57  -100  107  )
( -132  -143  119  )
( -48  142  -70  )
( 14  -77  -31  )
( 13  -71  120  )
( 83  37  88  )
( -84  -139  103  )
( -19  134  -79  )
( -76  -51  104  )
( 41  22  11  )
( 109  62  117  )
( 81  59  -140  )
( 62  -59  -113  )
( 85  -7  -64  )
( 61  -0  11  )
( -74  -142  78  )
( -109  -8  32  )
( -43  27  24  )
( 4  -62  -25  )
( -102  -57  -36  )
( -52  129  -122  )
( 65  -33  -85  )
( 1  -89  65  )
( -82  -12  -32  )
( -140  -79  -99  )
( -4  53  -93  )
( -90  93  76  )
( -144  -122  22  )
( 138  14  -68  )
( 21  -25  137  )
( 18  49  88  )
( -45  -95  -0  )
( 86  47  98  )
( -140  60  91  )
( 52  18  -56  )
( 127  29  -47  )
( 114  25  -141  )
( -7  81  11  )
( 6  -9  19  )
( 128  118  -122  )
( 61  83  23  )
( -15  122  20  )
( -121  -79  142  )
( -148  23  -102  )
( -126  -120  -33  )
( -67  -141  -126  )
( 74  36  -125  )
( 90  -113  100  )
( 73  43  131  )
( -13  -141  128  )
( 7  23  92  )
( 48  -82  139  )
( 42  93  -0  )
( -58  -57  62  )
( 38  -49  -21  )
( 70  -111  -103  )
( -64  58  -148  )
( -35  -120  -43  )
( 143  104  71  )
( 31  -105  -139  )
( -105  138  -144  )
( 27  -83  -66  )
( 45  -65  35  )
( 50  -113  -98  )
( 108  110  102  )
( -114  -124  -2  )
( -106  -93  -112  )
( -33  -119  48  )
( 58  -6  -122  )
( 52  87  -48  )
( -0  134  120  )
( -52  -22  2  )
( 59  31  68  )
( -100  83  85  )
( -9  98  -123  )
( 105  -126  34  )
( 19  -142  88  )
( -29  6  9  )
( 0  50  -3  )
( -26  -23  -43  )
( 90  140  -72  )
( 87  -103  134  )
( -52  -24  -94  )
( 32  115  -124  )
( -130  -48  52  )
( 79  97  -119  )
( -48  -61  -101  )
( 27  3  -124  )
( -114  14  134  )
( -88  -85  -5  )
( -41  -1  -127  )
( 134  1  -132  )
( 82  41  -126  )
( -94  112  -58  )
( 27  124  -92  )
( 66  -89  76  )
( 0  39  -114  )
( -80  53  35  )
( -136  120  -99  )
( -104  -3  -147  )
( 132  43  -149  )
( 126  -113  -74  )
( 46  130  93  )
( -86  -139  78  )
( -89  27  44  )
( 43  -55  4  )
( -112  130  147  )
( 77  -126  101  )
( 39  -0  -52  )
( 83  118  39  )
( -6  31  98  )
( -146  -3  -21  )
( -42  -67  119  )
( -127  21  8  )
( 123  82  -130  )
( 80  -128  -96  )
( -133  -111  140  )
( -50  -101  116  )
( 92  61  -60  )
( 138  1  90  )
( 10  93  11  )
( -64  -111  68  )
( 90  68  35  )
( 140  94  139  )
( -35  55  57  )
( 6  4  -122  )
( 79  -54  -119  )
( 55  -31  18  )
( -0  -62  -76  )
( 81  -89  84  )
( 2  -26  136  )
( 74  76  146  )
( 37  -119  -107  )
( 58  47  14  )
( -50  1  96  )
( -129  99  125  )
( -107  -73  43  )
( 119  142  14  )
( 19  11  47  )
( -14  -99  77  )
( 77  -4  -101  )
( -91  59  96  )
( -1  -125  25  )
( -100  42  19  )
( 81  -72  -122  )
( -44  -41  70  )
( -117  -25  13  )
( -101  149  -120  )
( -136  55  143  )
( 45  137  -24  )
( 0  17  135  )
( 149  -93  100  )
( 82  -136  -126  )
( 132  -107  97  )
( 55  149  39  )
( 74  80  90  )
( 95  134  -72  )
( 118  -101  72  )
( 67  -18  78  )
( -140  -0  -64  )
( -137  -136  44  )
( 113  -38  -86  )
( -50  -44  -138  )
( 13  -118  -50  )
( -60  21  -7  )
( -131  52  66  )
( -29  39  -23  )
( -6  -78  117  )
( -30  -58  -91  )
( -128  -31  28  )
( -126  -68  71  )
( 129  24  132  )
( -146  -148  33  )
( 38  -26  57  )
( -15  -17  53  )
( -3  -60  71  )
( 86  -78  -48  )
( 83  -135  81  )
( -7  34  41  )
( 2  -53  76  )
( 114  86  -95  )
( -138  53  -7  )
( 104  -68  -36  )
( 132  -50  -77  )
( -122  57  40  )
( 127  3  143  )
( -144  62  60  )
( 123  -107  -9  )
( -122  89  -60  )
( 138  29  -80  )
( 135  -17  47  )
( 123  37  -72  )
( 126  -93  71  )
( 71  121  -59  )
( 26  -67  104  )
( -54  40  -146  )
( -80  31  -133  )
( 90  -110  -130  )
( 20  -50  -45  )
( -51  -106  -5  )
( -82  -131  -80  )
( -91  -64  -88  )
( -0  -89  -48  )
( -67  59  35  )
( -90  -101  -87  )
( -133  2  110  )
( -133  2  130  )
( -79  106  -129  )
( -107  22  29  )
( -115  -78  61  )
( 116  -37  -144  )
( 131  134  8  )
( -45  -141  -88  )
( -91  10  -13  )
( -53  -68  -84  )
( 66  82  88  )
( 95  -56  20  )
( 125  -134  -29  )
( 72  8  97  )
( -141  139  -110  )
( 144  -92  147  )
( 140  -97  -32  )
( -64  -35  0  )
( -25  -100  -121  )
( -24  -133  25  )
( -62  -34  94  )
( 21  -38  -51  )
( -32  145  -88  )
( 15  -123  -47  )
( 109  -103  -101  )
( 22  -124  -15  )
( 80  22  -115  )
( 33  135  87  )
( -47  24  96  )
( -52  53  -48  )
( -35  47  -25  )
( 43  -20  -24  )
( -139  -103  22  )
( 9  -47  92  )
( -129  115  84  )
( 125  144  1  )
( 123  144  8  )
( -75  64  -85  )
( 106  -90  74  )
( 57  96  -47  )
( -107  4  -48  )
( 2  60  144  )
( 43  76  59  )
( 18  -66  56  )
( 46  137  -22  )
( -13  127  -58  )
( 9  -36  -28  )
( 79  116  128  )
( 4  99  -112  )
( 78  2  104  )
( 116  11  -113  )
( 126  124  -131  )
( 135  -22  -136  )
( -99  90  118  )
( -80  86  90  )
( 44  60  144  )
( 75  36  -95  )
( 144  52  122  )
( 105  -120  14  )
( -61  57  -7  )
( 126  -32  -52  )
( -10  93  53  )
( -80  19  -146  )
( 25  -81  -129  )
( -88  34  -64  )
( -147  -58  -69  )
( 32  -55  -39  )
( 86  130  -7  )
( -96  81  -148  )
( -94  123  33  )
( 60  108  -54  )
( 11  -143  -121  )
( 114  113  84  )
( 124  -113  -103  )
( -52  104  -134  )
( -142  -46  -71  )
( 112  111  -31  )
( -138  -0  3  )
( -87  -66  23  )
( -66  -68  32  )
( 41  29  -25  )
( 130  20  -119  )
( 3  -51  113  )
( 134  -5  -33  )
( -48  67  82  )
( 146  88  140  )
( -146  117  -23  )
( 32  118  -115  )
( 13  147  -107  )
( -88  -136  -6  )
( -135  -75  84  )
( -105  34  -144  )
( 8  -46  -83  )
( -131  9  100  )
( -140  75  -80  )
( 149  2  46  )
( -66  -48  28  )
( 118  -20  -32  )
( -62  48  4  )
( -145  -4  133  )
( 87  132  -81  )
( 56  121  93  )
( -52  45  -49  )
( 92  -127  35  )
( 78  -50  18  )
( -38  14  -57  )
( -80  -120  63  )
( 102  -94  81  )
( -56  -103  44  )
( 63  -54  90  )
( -39  97  -107  )
( -102  -97  95  )
( -66  120  59  )
( -106  -130  129  )
( 39  29  -133  )
( 65  -70  -87  )
( -54  -7  13  )
( -95  38  32  )
( -39  83  91  )
( -30  -102  107  )
( -29  -102  52  )
( 29  -141  104  )
( -13  23  127  )
( -91  -124  117  )
( -92  99  -63  )
( -33  145  39  )
( 30  -53  16  )
( 133  73  113  )
( 52  -46  -90  )
( 5  -31  53  )
( -56  -44  -33  )
( 17  -4  -9  )
( 148  -34  91  )
( 72  -135  146  )
( 89  88  -84  )
( -125  41  -101  )
( 88  -51  60  )
( -148  68  -91  )
( -139  -66  108  )
( 56  13  91  )
( 9  -47  6  )
( -77  4  -49  )
( 116  -35  148  )
( 87  60  149  )
( 78  35  17  )
( -100  12  -19  )
( -4  3  30  )
( 74  64  28  )
( -67  -126  -92  )
( 144  70  -63  )
( -144  -10  59  )
( -117  2  -18  )
( 37  45  -21  )
( -130  -20  57  )
( 49  -20  114  )
( -3  -142  133  )
( 67  4  94  )
( 68  9  78  )
( 8  -45  -72  )
( -65  37  148  )
( -59  -75  77  )
( 115  -79  28  )
( -137  15  -121  )
( 32  -72  -27  )
( -142  46  -21  )
( 137  128  -98  )
( 142  -143  -39  )
( -130  107  -2  )
( -56  -131  72  )
( -67  112  -113  )
( 87  -48  -9  )
( 41  77  47  )
( 24  -57  -64  )
( -92  61  -66  )
( 88  129  78  )
( -11  46  25  )
( 15  -82  12  )
( 97  -69  -24  )
( -47  -42  -29  )
( 96  -61  -13  )
( -40  20  -104  )
( -13  65  98  )
( -41  -21  147  )
( -11  84  78  )
( -50  70  0  )
( 27  -44  60  )
( -116  149  -30  )
( 3  -62  -85  )
( 70  -134  -82  )
( -98  -72  86  )
( 26  -63  -147  )
( 47  -1  69  )
( 32  61  -16  )
( 113  112  -135  )
( 62  -140  133  )
( 104  73  -36  )
( 67  -15  -63  )
( 57  126  55  )
( 30  -14  -31  )
( -142  -15  140  )
( -7  -13  -9  )
( 24  -121  -42  )
( -25  -2  -8  )
( -77  -103  118  )
( 83  35  -131  )
( -122  -92  -78  )
( -88  -20  5  )
( 113  44  68  )
( -117  -123  111  )
( 132  -131  -149  )
( -111  -43  -29  )
( 121  8  -145  )
( -85  -62  -50  )
( 120  136  28  )
( -149  130  -48  )
( -80  38  -142  )
( 106  -6  -112  )
( 44  -29  -10  )
( 19  -26  17  )
( -87  16  -89  )
( 110  -69  61  )
( 52  -23  -58  )
( 116  -94  -120  )
( 107  -49  111  )
( -2  119  -76  )
( -67  141  -49  )
( 43  133  10  )
( 98  -65  -117  )
( -90  -65  1  )
( -127  -139  -18  )
( -85  -69  -80  )
( 21  -60  -93  )
( 135  91  -73  )
( -120  -100  -72  )
( -142  47  -70  )
( -119  -80  -112  )
( 0  -5  -100  )
( -54  100  -103  )
( -42  59  -4  )
( 146  -28  92  )
( 1  -115  49  )
( 70  -93  148  )
( -54  -50  131  )
( 135  11  6  )
( -62  72  25  )
( -96  23  -101  )
( -34  14  -47  )
( 139  103  -30  )
( -148  -20  -94  )
( -103  -11  -48  )
( -90  37  67  )
( -125  -81  83  )
( -90  77  -0  )
( -75  -20  -73  )
( -6  -39  -22  )
( -118  -23  31  )
( -90  106  33  )
( 139  93  109  )
( -144  -67  66  )
( -16  57  -63  )
( 41  54  18  )
( 9  8  68  )
( -63  -12  121  )
( 54  -92  86  )
( 39  2  -43  )
( 110  -44  18  )
( 93  -43  -25  )
( -102  -37  77  )
( -50  -92  103  )
( 120  108  -12  )
( -79  70  -86  )
( 115  -140  54  )
( -90  127  91  )
( 39  60  -145  )
( 10  97  -44  )
( 24  30  -19  )
( 22  14  -11  )
( 50  -120  -84  )
( 12  -116  -119  )
( -3  -18  117  )
( -43  89  29  )
( 80  46  18  )
( -142  127  -74  )
( -123  113  85  )
( -142  -99  97  )
( -110  -125  -74  )
( -127  90  145  )
( -54  -112  -129  )
( 100  50  -103  )
( 147  118  0  )
( 106  74  146  )
( 63  -131  107  )
( -60  -0  24  )
( -70  74  -30  )
( -13  -120  -145  )
( 16  108  -12  )
( -137  -95  -120  )
( 19  -100  -135  )
( -108  51  39  )
( -63  18  136  )
( -35  -9  98  )
( -28  147  82  )
( -142  81  -138  )
( 95  -43  -68  )
( -62  -124  137  )
( -119  -61  -57  )
( 30  83  52  )
( 139  2  -22  )
( -126  81  124  )
( 147  9  -30  )
( 78  148  -130  )
( 105  119  -66  )
( -30  -83  -36  )
( -85  125  38  )
( 131  -60  1  )
( -7  112  -49  )
( -114  92  -15  )
( -103  48  -141  )
( -50  -24  37  )
( 98  78  -41  )
( 90  -67  -86  )
( -86  76  145  )
( -148  102  98  )
( -67  -19  -16  )
( -14  -34  97  )
( 60  -7  13  )
( -51  148  -30  )
( -80  16  128  )
( -41  20  -102  )
( 81  -0  133  )
( 10  -82  -79  )
( -0  -16  143  )
( 24  131  8  )
( -44  -34  -100  )
( -139  -44  -13  )
( -104  83  144  )
( 28  -101  -133  )
