( 36  -91  11  )
( -25  126  -131  )
( 82  -96  22  )
( -90  91  -123  )
( 145  125  -36  )
( 109  -81  -99  )
( -7  -69  -101  )
( 148  53  -7  )
( -65  61  29  )
( 54  -78  -109  )
( 4  -103  -1  )
( 148  9  91  )
( 148  52  110  )
( -54  132  -136  )
( 42  12  121  )
( 49  90  -149  )
( 46  -28  -51  )
( -66  2  -27  )
( 146  111  14  )
( 149  -9  -46  )
( 17  -5  -114  )
( -18  44  -107  )
( 124  -42  -108  )
( 49  -112  -125  )
( 65  76  -25  )
( -16  46  -126  )
( -63  -116  -10  )
( -23  59  -41  )
( -7  -49  -2  )
( 13  106  -33  )
( 55  -14  83  )
( 119  130  80  )
( -69  -105  -7  )
( 49  -66  47  )
( -21  -53  139  )
( -17  -43  27  )
( -94  -41  -69  )
( 42  41  -34  )
( -34  -149  -119  )
( 10  -101  78  )
( -63  20  -16  )
( 49  -128  44  )
( 66  -146  -26  )
( 148  84  -92  )
( 104  -141  -82  )
( -110  1  114  )
( -109  -76  139  )
( 58  140  69  )
( 46  70  -122  )
( 47  -144  85  )
( -109  -137  42  )
( -27  -9  -61  )
( 112  -9  -76  )
( -47  -52  30  )
( -121  -99  79  )
( -28  -37  -80  )
( -62  118  77  )
( -111  -58  50  )
( -81  130  -5  )
( -31  -141  -67  )
( 41  106  -2  )
( -3  119  31  )
( -36  46  131  )
( -99  82  -148  )
( -142  26  -48  )
( 78  32  85  )
( 108  -137  -101  )
( -126  -89  110  )
( 41  74  -147  )
( -144  113  -136  )
( -54  59  -38  )
( 120  103  84  )
( -91  50  -18  )
( 108  -142  -49  )
( 87  -58  10  )
( -116  93  13  )
( -120  -109  19  )
( 88  7  123  )
( 69  80  14  )
( -77  141  129  )
( -12  26  45  )
( 71  -8  100  )
( -64  56  117  )
( -22  83  -149  )
( -78  -17  29  )
( -32  -23  52  )
( -145  101  118  )
( -78  -42  89  )
( 78  145  -34  )
( -71  -79  65  )
( 33  40  20  )
( -76  -89  25  )
( 24  -49  -25  )
( -42  -27  2  )
( -105  -146  28  )
( -23  -95  53  )
( -142  -80  39  )
( -100  -119  -70  )
( 62  -21  -89  )
( 19  -86  139  )
( 31  -84  97  )
( 60  2  34  )
( 62  93  -116  )
( 8  -39  -7  )
( -64  -97  -50  )
( -88  -130  -12  )
( -94  -63  116  )
( -77  -121  123  )
( 105  19  117  )
( -109  91  119  )
( -55  -97  136  )
( 76  115  25  )
( -117  108  -18  )
( 38  26  -123  )
( -62  -63  -78  )
( 54  -137  135  )
( -34  -47  -132  )
( 104  149  -83  )
( -95  63  -134  )
( -69  49  -111  )
( -115  -72  -91  )
( 50  31  41  )
( 88  0  120  )
( -96  51  129  )
( 79  -118  108  )
( 125  -75  23  )
( -56  -70  -99  )
( -138  21  -70  )
( 87  -25  71  )
( -32  -127  15  )
( -54  96  -75  )
( -144  105  3  )
( 138  32  81  )
( -100  -52  -35  )
( 101  37  90  )
( 20  83  -49  )
( -133  -53  104  )
( 73  84  127  )
( 135  107  71  )
( 54  4  -18  )
( 116  5  88  )
( 124  128  67  )
( -132  -48  -142  )
( 7  61  -85  )
( 74  104  82  )
( -7  129  -76  )
( -20  134  -104  )
( -90  -134  -125  )
( -54  31  113  )
( -31  16  -47  )
( -54  -119  -107  )
( 124  42  122  )
( 43  89  -94  )
( -46  130  -121  )
( 137  -95  22  )
( -71  135  -137  )
( 138  144  37  )
( 97  134  84  )
( 145  -67  -59  )
( 16  -34  146  )
( -128  79  -78  )
( 33  124  -22  )
( 50  -57  15  )
( 107  53  68  )
( -43  141  69  )
( 12  -100  -146  )
( 16  33  95  )
( 49  6  116  )
( -53  63  73  )
( 25  -65  -110  )
( -41  -2  -131  )
( 97  -30  76  )
( -106  134  35  )
( -24  96  9  )
( 52  -17  77  )
( 111  -44  -126  )
( 43  -136  -44  )
( 143  56  4  )
( -69  -4  109  )
( -83  -88  -108  )
( 98  5  11  )
( -6  124  47  )
( -112  -48  -128  )
( 52  -56  119  )
( 6  -49  3  )
( -10  -69  103  )
( -99  77  -132  )
( 62  56  -14  )
( -0  -114  -68  )
( -90  103  -117  )
( 130  -116  11  )
( 129  -90  -139  )
( 93  -66  -62  )
( 51  -67  98  )
( 40  -30  128  )
( -145  137  121  )
( -89  -140  134  )
( 21  17  80  )
( 52  59  50  )
( 106  -140  28  )
( 29  134  11  )
( -59  -135  82  )
( 148  -70  -10  )
( 78  131  35  )
( -117  40  -127  )
( -51  -42  111  )
( 49  -33  -57  )
( 146  3  -81  )
( 43  -49  -129  )
( 105  24  -6  )
( 103  1  -123  )
( 105  -45  58  )
( 28  110  37  )
( 85  -20  19  )
( 77  -51  -121  )
( -85  -9  33  )
( -66  8  138  )
( -113  9  -41  )
( 100  108  -144  )
( 22  122  -115  )
( 44  29  -87  )
( 57  73  -135  )
( 71  -21  15  )
( 131  76  72  )
( 68  77  -104  )
( -16  75  -65  )
( 44  -131  10  )
( 6  95  127  )
( -149  11  109  )
( 91  4  -1  )
( 48  -67  -126  )
( 68  120  -5  )
( -36  69  -99  )
( 102  44  60  )
( 4  48  -5  )
( 91  58  40  )
( 129  -90  -10  )
( -26  -54  -138  )
( 115  -76  -31  )
( 96  16  128  )
( 83  133  138  )
( 115  140  45  )
( 134  97  -92  )
( -71  -39  -122  )
( -25  -110  -128  )
( 0  42  75  )
( -22  45  -71  )
( -62  13  -119  )
( 4  81  -33  )
( -146  10  -98  )
( 136  -127  96  )
( 43  -80  -123  )
( 121  -79  51  )
( 60  56  35  )
( -19  -11  92  )
( 139  0  -106  )
( 86  53  -16  )
( -128  64  20  )
( -10  44  -31  )
( -31  -132  34  )
( -114  -15  125  )
( 129  74  42  )
( -106  77  -19  )
( 53  -65  84  )
( -10  149  20  )
( -10  -87  -4  )
( -1  45  -81  )
( -72  -116  26  )
( 15  44  -114  )
( 70  -59  -87  )
( -143  39  -1  )
( 103  97  98  )
( -17  -27  119  )
( 3  132  -86  )
( -143  -103  -72  )
( 81  1  113  )
( 66  -149  3  )
( -95  -126  38  )
( 140  -23  -93  )
( 105  12  -134  )
( -110  21  29  )
( -18  21  143  )
( 40  -142  71  )
( 122  -105  -10  )
( -34  -94  131  )
( 143  -7  -71  )
( -76  -99  21  )
( -59  67  23  )
( -131  90  -123  )
( 13  47  0  )
( 33  49  75  )
( -146  65  26  )
( 58  -21  -64  )
( 35  148  58  )
( 60  68  -125  )
( 119  60  -107  )
( -132  -135  -136  )
( 47  -11  -0  )
( -13  -21  -108  )
( -6  143  39  )
( 62  90  52  )
( -123  60  45  )
( 35  86  37  )
( -2  61  31  )
( -66  78  -7  )
( -99  -132  57  )
( -113  47  -63  )
( 147  -59  -40  )
( 119  147  -132  )
( -139  111  97  )
( -38  83  126  )
( 102  141  -88  )
( -136  -109  12  )
( 82  115  97  )
( 54  -33  18  )
( -54  28  -113  )
( 15  -121  -56  )
( 18  -13  40  )
( -126  20  -103  )
( 7  -111  60  )
( 149  -74  27  )
( 46  -66  102  )
( 73  96  4  )
( 143  1  -126  )
( -130  -102  132  )
( 102  12  -124  )
( 51  -131  30  )
( -17  -58  -0  )
( 63  -116  -109  )
( 77  65  -148  )
( -127  62  -36  )
( 55  12  127  )
( 71  -47  -75  )
( 139  -96  -29  )
( 81  -63  -130  )
( -115  -124  107  )
( -86  -101  -140  )
( 118  -128  96  )
( -77  7  -31  )
( 72  138  0  )
( 31  -149  -11  )
( -67  134  -112  )
( 5  -61  105  )
( -134  -122  88  )
( -119  -77  75  )
( 47  76  131  )
( -3  112  56  )
( 73  -97  124  )
( -14  -70  -82  )
( -89  84  -73  )
( -24  -20  -64  )
( -104  -74  -15  )
( 67  -72  115  )
( 127  -48  5  )
( 21  121  -106  )
( -5  -117  87  )
( 79  -15  28  )
( 0  42  -149  )
( 69  125  -72  )
( 112  -80  39  )
( 69  86  -10  )
( -96  78  88  )
( -138  -146  54  )
( -38  2  -33  )
( 132  -58  -50  )
( -21  -55  32  )
( -33  129  -98  )
( 62  97  92  )
( 56  -85  -58  )
( 9  -102  -57  )
( -88  20  -47  )
( -24  146  43  )
( -117  -112  -33  )
( -128  148  -6  )
( 62  -138  -47  )
( 122  59  -73  )
( 47  -48  -103  )
( 97  115  68  )
( -69  117  -15  )
( -21  5  83  )
( -49  -60  -86  )
( 28  -57  -107  )
( -0  124  70  )
( -5  10  4  )
( 90  112  -91  )
( 142  137  -6  )
( 128  -110  -43  )
( 2  35  111  )
( -91  -26  -29  )
( -116  60  35  )
( 62  -70  113  )
( -37  136  38  )
( -125  58  -97  )
( -78  -71  -1  )
( 140  39  22  )
( -65  -98  31  )
( 105  16  -30  )
( -0  74  20  )
( 66  29  -0  )
( 35  -58  -108  )
( -40  69  -102  )
( -78  -97  31  )
( -100  -7  -37  )
( 3  -123  -48  )
( 100  -2  137  )
( -86  -28  18  )
( 126  78  -15  )
( 113  -136  -127  )
( 142  -102  -111  )
( 126  -140  -29  )
( -117  82  122  )
( -84  72  -44  )
( 18  -57  -25  )
( -10  21  18  )
( 97  -1  -0  )
( 118  -25  133  )
( -36  9  -137  )
( 102  -52  11  )
( 49  45  105  )
( 111  -113  -44  )
( 35  -25  -91  )
( -42  24  -94  )
( -118  17  -39  )
( -31  88  129  )
( -101  147  -59  )
( -74  50  -76  )
( -65  -127  120  )
( -102  -119  0  )
( -111  146  -140  )
( 80  67  27  )
( 5  -74  112  )
( -134  81  -31  )
( -84  -28  103  )
( 118  83  -148  )
( -4  -27  -91  )
( 80  24  -46  )
( -87  110  29  )
( -24  79  -137  )
( -34  -114  -84  )
( 138  75  -149  )
( -21  94  99  )
( 45  -140  61  )
( 121  -85  48  )
( 29  106  -41  )
( -34  60  63  )
( 145  130  -33  )
( -138  0  148  )
( 111  -106  59  )
( -131  134  53  )
( -92  93  64  )
( -27  -111  79  )
( -113  127  -109  )
( 48  -134  118  )
( -148  71  -66  )
( -24  -38  66  )
( -82  69  -26  )
( 100  31  -140  )
( -3  -15  -0  )
( 27  145  5  )
( 103  -85  -90  )
( 77  -11  -111  )
( -54  -65  -120  )
( 98  -143  125  )
( 87  104  -53  )
( -41  12  25  )
( 112  17  37  )
( 25  128  -110  )
( 89  -21  10  )
( -36  39  117  )
( 88  82  110  )
( 103  -69  113  )
( 15  53  101  )
( 83  14  40  )
( 64  28  -75  )
( 48  -149  141  )
( -78  84  59  )
( -7  -83  -88  )
( -149  -117  29  )
( -148  -84  -102  )
( -30  -128  46  )
( -65  88  -97  )
( 87  -61  149  )
( 108  84  -31  )
( 122  -103  -35  )
( 140  -40  51  )
( -19  -112  -53  )
( 97  18  93  )
( 33  17  -92  )
( 37  -29  -41  )
( 140  48  -0  )
( 5  46  -22  )
( 44  -141  144  )
( 38  -89  -90  )
( 56  68  -141  )
( -71  51  -13  )
( 55  146  -60  )
( -33  -122  107  )
( 60  117  145  )
( -93  80  -16  )
( 111  70  84  )
( 7  -109  -92  )
( 91  -121  22  )
( -4  -14  124  )
( 72  -19  -57  )
( -118  28  24  )
( -85  112  -88  )
( 23  -73  -46  )
( -144  75  -104  )
( 25  87  103  )
( -90  -96  -27  )
( -97  -93  -121  )
( 90  -41  65  )
( 28  113  -56  )
( 85  121  -92  )
( -14  -75  82  )
( 147  -100  73  )
( -50  -32  137  )
( 97  -148  -149  )
( -12  -61  -10  )
( -127  46  -11  )
( -40  -18  45  )
( -139  107  -26  )
( -140  -127  -56  )
( -56  -47  -122  )
( -25  -126  84  )
( -123  -4  -12  )
( -92  131  -12  )
( 5  -67  16  )
( 1  -131  -126  )
( 127  144  -124  )
( 35  123  -141  )
( 40  -124  147  )
( -135  -27  115  )
( -134  24  -119  )
( -38  7  41  )
( 104  -52  -79  )
( -108  -71  -7  )
( -123  30  -24  )
( 73  -2  -106  )
( 121  -63  -126  )
( -90  50  -6  )
( -130  34  -12  )
( 97  -146  -45  )
( -98  95  89  )
( -119  -9  -103  )
( 46  133  112  )
( -61  -65  10  )
( 61  121  58  )
( -101  -113  -79  )
( 46  -70  143  )
( -144  -50  -80  )
( 101  115  89  )
( -108  -67  -149  )
( 10  57  3  )
( -18  -90  127  )
( 145  -121  -127  )
( 145  111  -49  )
( 64  136  33  )
( 111  -118  19  )
( 141  -25  58  )
( -67  -119  -6  )
( 114  122  -57  )
( -2  45  -105  )
( 34  108  12  )
( -77  51  142  )
( 94  42  -97  )
( -129  140  96  )
( -91  -81  1  )
( 50  -131  -18  )
( -51  80  -43  )
( -0  101  -83  )
( -38  72  74  )
( 70  -138  83  )
( 21  94  -130  )
( -117  109  50  )
( -89  -118  79  )
( -116  136  146  )
( -12  124  76  )
( 17  -16  101  )
( -20  -114  132  )
( 33  35  10  )
( -121  114  -110  )
( 141  52  -13  )
( -23  139  -88  )
( -64  -20  92  )
( -60  10  47  )
( 67  84  -44  )
( 49  -79  -16  )
( 68  106  101  )
( 70  1  21  )
( -10  125  -123  )
( -91  -135  110  )
( 127  89  -119  )
( -118  -0  111  )
( -119  -41  137  )
( 128  -136  44  )
( -134  -52  74  )
( 60  56  -32  )
( 146  -26  -90  )
( 31  -118  -57  )
( -51  -109  -122  )
( -122  27  28  )
( -24  -33  -122  )
( -41  25  141  )
( 104  -118  141  )
( 96  104  49  )
( 23  -107  -84  )
( 120  -142  72  )
( 120  84  -5  )
( 49  15  -117  )
( 27  16  7  )
( -60  -110  127  )
( 65  -44  97  )
( -42  -76  -45  )
( -122  126  -41  )
( 122  -76  -111  )
( -29  -48  -64  )
( -34  136  78  )
( -129  17  94  )
( 89  81  142  )
( 27  -28  11  )
( -40  -84  -100  )
( -39  140  131  )
( 60  122  -137  )
( 49  27  141  )
( 13  -126  89  )
( 28  13  -58  )
( -73  -69  16  )
( -78  121  -64  )
( -53  107  71  )
( -73  -112  -56  )
( 128  81  -76  )
( 55  33  -8  )
( 79  133  137  )
( 126  -78  18  )
( -99  -48  -28  )
( 12  -88  11  )
( -100  -34  -139  )
( 83  46  137  )
( 76  61  72  )
