( 131  -7  -118  )
( 135  -4  -12  )
( -93  -62  114  )
( 61  -94  125  )
( -141  12  -91  )
( -41  -124  -125  )
( -142  -32  117  )
( -33  7  -69  )
( -146  -94  -51  )
( -53  137  31  )
( 67  -144  7  )
( 8  51  -139  )
( 49  36  137  )
( -70  -61  -5  )
( 27  102  35  )
( 149  16  -141  )
( -89  51  42  )
( -149  120  -42  )
( 149  -110  -56  )
( -137  144  145  )
( 11  -135  117  )
( -24  93  60  )
( 87  -71  117  )
( 106  -93  11  )
( 38  -149  35  )
( 111  79  117  )
( -145  75  64  )
( 107  -77  40  )
( 78  -100  -132  )
( 105  21  -81  )
( -60  123  -58  )
( -44  40  -53  )
( -61  75  -27  )
( 45  -119  42  )
( 18  -149  -102  )
( -142  -131  -90  )
( -79  -33  -143  )
( 47  -84  -133  )
( 62  37  20  )
( -69  -131  111  )
( 56  -28  -17  )
( 8  80  -65  )
( 86  80  93  )
( -54  -105  116  )
( 81  61  -80  )
( 55  86  93  )
( 145  132  68  )
( -44  -23  -14  )
( 2  98  -8  )
( -50  -13  130  )
( -117  102  5  )
( 131  41  129  )
( 110  148  -37  )
( -35  -56  3  )
( -77  -12  70  )
( 81  21  61  )
( -41  17  -42  )
( -4  79  8  )
( 80  -91  -81  )
( -47  72  77  )
( 30  -1  -135  )
( -38  -10  53  )
( 72  -86  -128  )
( 43  -129  -7  )
( 34  -24  -64  )
( -36  -106  -69  )
( -22  -106  2  )
( -101  110  108  )
( 94  12  136  )
( 140  -49  94  )
( -132  -94  -105  )
( 93  -118  14  )
( -9  143  32  )
( 114  0  93  )
( -118  -13  108  )
( 115  -74  -145  )
( -45  107  -24  )
( -32  22  102  )
( -110  -11  40  )
( -88  100  -122  )
( -37  -66  -145  )
( -58  -83  -24  )
( -139  -117  -68  )
( -125  143  51  )
( -113  125  -0  )
( -148  91  80  )
( -12  91  -24  )
( 18  43  109  )
( -131  -45  64  )
( 28  77  -25  )
( 115  94  52  )
( -126  130  3  )
( 135  58  -99  )
( -20  -116  -84  )
( -63  57  -114  )
( -105  -97  -100  )
( 32  -96  99  )
( 102  -130  30  )
( -23  -80  65  )
( -3  41  -101  )
( 77  137  -6  )
( -121  -2  99  )
( -75  -74  -133  )
( 108  50  -17  )
( 67  -69  94  )
( 123  47  -94  )
( -129  -143  0  )
( -68  -112  -29  )
( 81  -72  93  )
( 22  82  -103  )
( -10  -137  102  )
( 109  85  87  )
( 23  -118  94  )
( 50  88  106  )
( -115  -105  -88  )
( 143  -88  67  )
( 94  70  -39  )
( -38  9  123  )
( -44  23  146  )
( 30  7  118  )
( -107  -140  -127  )
( 2  -117  71  )
( 23  17  -137  )
( -85  133  58  )
( -89  -142  -75  )
( -143  126  123  )
( 15  -41  -108  )
( 26  82  -0  )
( -42  112  142  )
( 14  144  -113  )
( -140  69  44  )
( -128  102  -145  )
( 93  130  -118  )
( -70  -37  -112  )
( 29  -96  -61  )
( -60  -136  88  )
( 68  -22  -75  )
( 96  14  79  )
( -32  -133  135  )
( 20  -128  92  )
( -22  -17  141  )
( 122  -30  -123  )
( -63  8  86  )
( 74  128  58  )
( -144  23  -88  )
( -21  -66  -119  )
( -30  -66  -0  )
( 126  74  -45  )
( -97  117  -103  )
( 131  47  -0  )
( 71  132  -24  )
( 28  56  149  )
( 5  -21  -87  )
( 93  63  26  )
( 126  56  -97  )
( 8  -143  -69  )
( -70  -140  -49  )
( 87  -80  -142  )
( -64  37  57  )
( 71  60  -122  )
( -112  26  74  )
( -66  -54  -107  )
( -12  132  -143  )
( 32  -108  -136  )
( -19  -115  -17  )
( 136  99  9  )
( 28  -50  -70  )
( -72  109  37  )
( 58  105  -112  )
( 145  115  56  )
( 34  70  80  )
( -93  42  -70  )
( -84  -45  -5  )
( -98  -121  105  )
( -107  -114  95  )
( -51  88  69  )
( 30  -18  -92  )
( 54  -85  -42  )
( -3  83  91  )
( 10  109  -117  )
( -28  -77  -0  )
( 49  -30  -4  )
( -111  42  107  )
( 146  46  100  )
( -108  -23  -50  )
( -60  110  48  )
( 116  -102  -132  )
( -2  25  -58  )
( -108  17  114  )
( 37  39  -51  )
( -78  148  -52  )
( -38  112  113  )
( 44  -35  -122  )
( 149  -13  66  )
( 84  54  -28  )
( 95  133  43  )
( -114  -26  -39  )
( 13  -109  -73  )
( 72  54  77  )
( -137  86  -121  )
( 2  -70  57  )
( 62  15  -56  )
( 1  17  147  )
( -97  116  -120  )
( -68  -37  80  )
( 136  -17  75  )
( -51  68  -13  )
( 61  83  -31  )
( -50  38  -110  )
( -133  -88  139  )
( 57  27  -35  )
( 65  28  -45  )
( -74  1  -144  )
( 118  -11  99  )
( 0  20  75  )
( 56  76  11  )
( 149  125  -139  )
( -113  7  -8  )
( -133  32  -1  )
( -48  76  40  )
( -10  -13  -34  )
( 3  128  -83  )
( 76  -116  66  )
( 39  -94  125  )
( 144  69  -72  )
( 135  -146  132  )
( 31  112  58  )
( -70  -93  31  )
( 26  68  100  )
( 141  -64  97  )
( 85  104  -39  )
( 44  107  -149  )
( -62  130  1  )
( 33  143  91  )
( 149  -142  94  )
( -10  -100  132  )
( -59  122  134  )
( -20  -44  -61  )
( 29  142  -52  )
( -21  2  -114  )
( -108  7  -20  )
( 121  51  -52  )
( 91  56  -80  )
( 122  -18  -103  )
( -135  -21  66  )
( 14  -105  -113  )
( -92  -80  85  )
( -114  60  34  )
( -52  -15  -128  )
( -87  20  -15  )
( -13  36  -47  )
( -119  -120  -81  )
( 109  -29  -147  )
( 137  74  3  )
( 65  -130  69  )
( 115  -121  87  )
( -149  -69  134  )
( 68  139  -67  )
( 3  -52  -100  )
( 17  61  90  )
( 44  -68  -90  )
( -45  -81  25  )
( 74  -41  -141  )
( 61  -117  -31  )
( 60  -89  -121  )
( -7  88  -60  )
( -113  14  -84  )
( 79  -101  49  )
( -59  77  -20  )
( 94  107  73  )
( 65  -84  -46  )
( -140  146  39  )
( -96  -70  69  )
( -133  -143  -12  )
( 48  68  86  )
( 96  41  71  )
( 53  -95  -30  )
( 86  127  -52  )
( -110  -112  94  )
( -134  -85  39  )
( -8  59  -7  )
( -146  18  50  )
( 5  137  -12  )
( 86  100  136  )
( -56  -29  25  )
( -43  -70  110  )
( 129  -11  144  )
( -59  37  -140  )
( -141  122  97  )
( 123  17  108  )
( -37  45  -74  )
( 139  -30  17  )
( 48  -12  -126  )
( -96  90  11  )
( 76  31  103  )
( -66  -6  58  )
( 14  -2  -123  )
( -140  72  -145  )
( -70  -116  85  )
( 74  138  -5  )
( -62  19  50  )
( -16  -28  53  )
( 18  27  46  )
( 85  90  -11  )
( -103  130  59  )
( 94  11  -14  )
( -8  31  67  )
( 44  -7  -102  )
( -90  131  -120  )
( -67  -5  81  )
( 71  -93  -100  )
( -64  86  -104  )
( -92  74  91  )
( 29  11  -94  )
( -57  122  75  )
( -92  -144  55  )
( 139  126  -88  )
( -111  -8  15  )
( 136  -2  -114  )
( -117  -30  101  )
( -128  -32  -124  )
( 115  -116  -126  )
( -147  7  59  )
( -72  -38  39  )
( 64  -99  91  )
( 45  -76  101  )
( 79  103  118  )
( 41  37  66  )
( -66  100  -65  )
( -116  -107  -81  )
( 101  130  -17  )
( 36  -128  98  )
( 8  23  90  )
( 42  -52  -120  )
( -74  128  -17  )
( -72  -96  -68  )
( -1  -140  -142  )
( -143  -54  113  )
( -97  -61  -14  )
( 76  108  -55  )
( 114  0  -144  )
( 69  -50  31  )
( 116  -91  -35  )
( -51  -84  -116  )
( -52  78  -3  )
( -81  23  -143  )
( -102  65  58  )
( -54  77  13  )
( -27  -122  14  )
( -46  -5  -19  )
( 70  47  -140  )
( -97  -77  136  )
( -64  -100  -50  )
( 93  -103  -143  )
( 55  -32  94  )
( 17  -130  133  )
( 76  -113  -99  )
( -127  71  -75  )
( -49  -92  117  )
( -43  -31  126  )
( -29  -49  48  )
( -50  -97  84  )
( 149  -39  10  )
( 132  83  108  )
( 82  135  45  )
( -149  147  24  )
( 105  -118  -133  )
( 73  112  -82  )
( -35  -44  -47  )
( -138  -64  38  )
( 145  -63  -11  )
( -37  79  138  )
( 119  -104  -79  )
( -26  60  -92  )
( -125  22  -73  )
( -82  84  -8  )
( 124  107  116  )
( -6  -30  22  )
( 31  62  30  )
( 137  109  -49  )
( 87  -95  28  )
( 113  142  -91  )
( 119  108  -106  )
( 64  -14  -61  )
( -98  -77  136  )
( -32  -58  129  )
( 131  48  22  )
( 34  102  -120  )
( 62  3  -23  )
( 63  -100  -6  )
( 12  -78  -43  )
( -1  -23  105  )
( 146  110  -124  )
( 109  73  -32  )
( -146  -47  -114  )
( -73  -105  78  )
( -43  141  -0  )
( 115  -137  61  )
( 42  24  117  )
( -32  -24  -42  )
( 91  -13  133  )
( 7  129  13  )
( -101  -95  133  )
( -27  -0  -88  )
( -23  33  89  )
( 37  -38  106  )
( 136  127  134  )
( 134  103  44  )
( -91  12  -0  )
( -98  -17  122  )
( -29  69  99  )
( 90  119  46  )
( 124  -119  35  )
( -90  -18  -111  )
( -129  -130  93  )
( -11  -77  12  )
( 32  89  -135  )
( -27  -87  -47  )
( -63  64  49  )
( -140  51  70  )
( -11  136  -2  )
( -130  -104  6  )
( 119  -108  86  )
( -86  -18  -98  )
( 81  -79  113  )
( -144  -18  99  )
( -15  4  35  )
( -91  -85  4  )
( 55  -100  -94  )
( -2  56  -3  )
( -117  -86  56  )
( -63  67  -134  )
( 46  62  20  )
( -128  -143  -142  )
( 5  6  -123  )
( -103  -75  104  )
( 148  30  92  )
( -111  68  129  )
( 54  127  3  )
( 14  115  -132  )
( 19  -99  -54  )
( 63  -134  -94  )
( 58  -133  69  )
( -10  40  15  )
( 94  47  12  )
( 145  -56  130  )
( 145  63  -90  )
( -79  -117  -40  )
( 52  72  -66  )
( 128  -33  -144  )
( 40  134  -143  )
( 31  144  96  )
( -147  -107  50  )
( -64  134  62  )
( -87  114  -17  )
( -131  119  137  )
( -2  -136  -0  )
( 113  -59  75  )
( -96  126  21  )
( -143  -134  -54  )
( 66  56  -6  )
( -57  135  79  )
( 122  34  86  )
( 129  66  73  )
( 83  -25  90  )
( 68  -72  -4  )
( -5  89  140  )
( -128  -66  -21  )
( 140  -89  -93  )
( 119  -17  -42  )
( -131  -93  -45  )
( 114  13  35  )
( -127  -77  -72  )
( 94  43  -104  )
( 39  95  147  )
( 81  42  -70  )
( -38  77  57  )
( 94  -72  3  )
( -18  -97  -47  )
( 90  142  16  )
( -78  145  111  )
( -72  -91  146  )
( 72  84  47  )
( 97  -93  27  )
( 49  30  58  )
( -29  85  -24  )
( -145  98  -126  )
( -108  -14  91  )
( 73  -25  -63  )
( -132  -111  120  )
( 10  -138  2  )
( 148  33  0  )
( 111  -48  -13  )
( -97  76  83  )
( 129  60  40  )
( -35  12  10  )
( -100  90  31  )
( 88  -105  114  )
( -138  -145  137  )
( -16  106  -54  )
( 11  82  -119  )
( 26  -14  -27  )
( -147  98  63  )
( -11  -112  136  )
( 44  91  61  )
( -82  -43  51  )
( 113  115  -136  )
( -92  16  -42  )
( -99  20  132  )
( -73  -66  3  )
( -44  74  -73  )
( -123  51  20  )
( 92  -51  78  )
( -71  -8  15  )
( 73  -108  -66  )
( -74  -89  105  )
( 84  -11  55  )
( 48  22  67  )
( -21  19  125  )
( -95  -141  -22  )
( 113  -87  -66  )
( 51  -15  -103  )
( 98  130  -49  )
( -105  143  103  )
( -73  138  8  )
( 124  -104  71  )
( 119  -46  93  )
( 121  33  99  )
( 14  -65  -123  )
( 22  -91  -26  )
( -146  11  38  )
( -26  22  -97  )
( 123  -131  -37  )
( 149  -58  -132  )
( -52  22  -102  )
( -131  140  94  )
( 11  71  36  )
( 61  -56  -86  )
( -69  8  -108  )
( -142  76  -38  )
( 129  40  86  )
( -65  -9  -116  )
( -119  -23  84  )
( 60  -147  -65  )
( 70  -41  77  )
( 62  61  0  )
( -71  -33  -57  )
( 147  -51  62  )
( 134  -130  -85  )
( -97  -79  -21  )
( -103  -27  9  )
( -135  65  144  )
( 30  69  71  )
( -119  -15  -44  )
( -84  -62  -134  )
( 128  63  147  )
( -54  123  30  )
( 69  -97  -31  )
( 82  -102  -63  )
( 108  -111  -128  )
( 100  12  -106  )
( -42  90  115  )
( -33  137  20  )
( 142  -27  25  )
( 100  -124  -36  )
( -123  29  -138  )
( 82  85  -0  )
( -142  16  82  )
( 93  -6  14  )
( -67  -69  -97  )
( -127  -116  90  )
( -14  96  -108  )
( -104  -2  76  )
( 37  41  69  )
( -148  -128  -8  )
( 107  -13  -57  )
( -144  73  67  )
( 46  140  50  )
( 5  -40  37  )
( -133  -70  -98  )
( -124  73  -40  )
( -117  -109  -1  )
( 97  -113  -59  )
( 2  -121  -72  )
( -17  10  -34  )
( 75  88  7  )
( 26  -110  48  )
( -72  -143  66  )
( -69  -14  18  )
( 121  -94  48  )
( 140  72  -2  )
( -138  68  59  )
( -10  92  -38  )
( -13  -134  141  )
( 25  -128  136  )
( 148  17  131  )
( -123  56  -14  )
( -90  8  134  )
( -74  67  64  )
( 31  -113  52  )
( -71  127  -19  )
( -117  10  -98  )
( 118  20  -78  )
( -119  104  -72  )
( 92  -70  38  )
( 19  105  118  )
( -55  -53  84  )
( 140  85  132  )
( 31  -87  18  )
( 71  -15  29  )
( -8  -30  -6  )
( -144  -127  -124  )
( -58  -83  -71  )
( 33  104  105  )
( 121  66  -8  )
( -88  42  38  )
( -52  123  88  )
( -129  -57  -58  )
( 72  118  -13  )
( 41  19  -14  )
( -59  -51  131  )
( -87  149  -8  )
( 9  -4  44  )
( -46  68  -77  )
( -59  -82  0  )
( -46  -37  -146  )
( 115  -0  99  )
( -120  22  54  )
( -16  -128  -107  )
( 109  19  61  )
( 121  125  -87  )
( -24  124  -148  )
( -37  25  24  )
( 26  134  -46  )
( 6  127  -66  )
( 52  -72  -23  )
( -127  102  -72  )
( 36  102  -29  )
( -11  5  0  )
( -30  28  60  )
