( -125  -100  134  )
( 21  -3  -79  )
( 119  130  94  )
( -36  -104  76  )
( 78  -102  -23  )
( 96  98  41  )
( -139  -27  82  )
( -4  -88  -114  )
( -36  39  51  )
( -28  74  92  )
( 92  139  -3  )
( 94  120  107  )
( -14  38  -63  )
( -120  20  83  )
( 122  66  80  )
( 105  -25  -77  )
( -107  67  -94  )
( -70  56  -119  )
( 39  -16  98  )
( 68  -128  -108  )
( -129  -51  82  )
( 90  -116  131  )
( 138  -28  36  )
( 120  62  32  )
( 85  -46  61  )
( -7  55  -26  )
( -59  117  32  )
( 90  -99  -86  )
( -122  -139  -84  )
( -94  -24  -59  )
( 109  -123  35  )
( 126  44  17  )
( -39  -96  88  )
( 18  16  57  )
( 135  -78  124  )
( 46  -79  -48  )
( 88  46  111  )
( -138  55  -144  )
( 81  -117  82  )
( 141  -92  75  )
( 68  136  -43  )
( 118  -100  90  )
( 14  137  -112  )
( -51  -24  128  )
( 82  -67  145  )
( 122  -76  130  )
( 40  -114  -111  )
( 52  92  135  )
( 126  33  -23  )
( 143  14  -84  )
( 56  104  122  )
( -112  -54  45  )
( 126  -49  106  )
( -14  118  31  )
( -106  -11  -59  )
( -30  43  -138  )
( -13  81  12  )
( -30  68  140  )
( -87  67  -126  )
( 87  145  -43  )
( -50  -86  71  )
( 0  -71  52  )
( -14  27  114  )
( -46  70  -76  )
( 44  5  46  )
( 19  148  147  )
( 121  -124  149  )
( -82  29  62  )
( 113  84  69  )
( -100  126  139  )
( 30  104  -70  )
( 103  -15  -145  )
( 7  38  75  )
( -95  -51  -67  )
( -52  -35  -130  )
( -134  55  -143  )
( -55  6  -99  )
( -138  -91  -121  )
( -37  -106  -11  )
( 31  42  34  )
( 30  45  -50  )
( -57  -99  12  )
( -73  -90  105  )
( -57  99  17  )
( 141  32  31  )
( -97  98  -45  )
( -17  57  -64  )
( -19  57  -42  )
( 117  143  -140  )
( 1  54  114  )
( 84  -116  -122  )
( -149  -147  -63  )
( 9  -43  -125  )
( 80  -8  133  )
( 136  43  113  )
( -88  -95  -22  )
( 10  -114  121  )
( -29  114  149  )
( 122  -11  101  )
( -45  -130  5  )
( -67  -28  91  )
( -58  127  20  )
( -128  -106  -72  )
( 44  -45  32  )
( -125  -6  -127  )
( 78  -75  -84  )
( -62  0  -115  )
( 22  11  8  )
( 70  100  83  )
( -47  4  35  )
( -124  14  -59  )
( 111  44  70  )
( 66  -132  -72  )
( 128  34  123  )
( 11  100  93  )
( -127  -113  42  )
( 106  -149  48  )
( -130  72  46  )
( -86  131  6  )
( -42  -75  70  )
( -109  -148  66  )
( -22  102  80  )
( 18  -15  -101  )
( -107  36  -1  )
( 141  144  109  )
( 59  1  17  )
( -77  -97  -66  )
( 86  -1  -144  )
( 48  110  -86  )
( 78  87  -97  )
( -86  113  -32  )
( 5  -62  119  )
( -69  -145  38  )
( 82  -133  -84  )
( 0  -145  81  )
( -142  -23  83  )
( 25  -38  -55  )
( 75  103  60  )
( -99  -51  -38  )
( 143  137  15  )
( -4  40  -85  )
( 80  79  -138  )
( -53  40  -119  )
( -123  -40  81  )
( 35  -73  32  )
( 40  18  -54  )
( -70  -27  107  )
( -42  133  80  )
( 137  71  88  )
( -116  -108  38  )
( 143  71  -111  )
( 119  -109  71  )
( 48  132  80  )
( 77  -135  80  )
( 103  -78  -133  )
( -21  -105  -46  )
( 13  -31  -85  )
( 128  -13  28  )
( 35  -43  128  )
( -36  -128  -76  )
( 29  -130  -133  )
( -126  108  120  )
( 118  -42  -90  )
( -95  107  -54  )
( -80  -124  -91  )
( 18  56  68  )
( 2  52  87  )
( -108  142  23  )
( 90  122  3  )
( -95  -93  1  )
( -41  75  -66  )
( 109  -121  110  )
( 123  -65  -148  )
( 29  -82  -91  )
( -119  -53  -66  )
( -123  131  19  )
( 8  -149  89  )
( -125  -22  5  )
( 102  105  -50  )
( 105  -143  121  )
( 63  -110  146  )
( 23  7  73  )
( -107  -12  -140  )
( 92  39  54  )
( -96  -5  -20  )
( -56  85  -109  )
( 109  43  -30  )
( -74  78  -109  )
( -149  5  -7  )
( 39  141  -136  )
( 18  94  -86  )
( -49  -16  33  )
( -56  92  131  )
( 72  45  56  )
( -135  106  50  )
( 51  98  -119  )
( -6  -81  -46  )
( 53  78  -55  )
( 74  0  -83  )
( -146  -49  -100  )
( -97  -55  17  )
( -33  96  -135  )
( -89  -37  70  )
( -112  86  -51  )
( 2  -106  -54  )
( -75  43  -144  )
( -24  72  114  )
( 146  -72  67  )
( 94  59  -62  )
( 34  -73  87  )
( -116  110  105  )
( -48  10  47  )
( -21  58  -126  )
( 66  9  79  )
( -105  -33  129  )
( 82  126  76  )
( -99  -75  131  )
( 122  -107  91  )
( 133  -60  85  )
( 101  -65  49  )
( 37  -130  142  )
( -98  -3  67  )
( 137  4  149  )
( 8  136  -82  )
( -137  18  -85  )
( -22  6  72  )
( -40  51  1  )
( -11  75  33  )
( -51  128  37  )
( 72  116  -12  )
( 112  63  84  )
( -106  -137  -98  )
( 27  118  96  )
( -16  -133  103  )
( 131  6  -86  )
( 33  -136  50  )
( 117  86  -21  )
( -62  22  94  )
( 32  134  137  )
( 19  -137  -1  )
( -113  69  -136  )
( 88  125  -89  )
( -118  39  -85  )
( -91  147  99  )
( -62  -20  46  )
( -50  -74  -6  )
( 126  -36  118  )
( -125  -98  -138  )
( -65  -27  42  )
( -104  2  64  )
( -57  8  98  )
( 128  107  135  )
( 123  72  -148  )
( -135  -32  89  )
( 119  35  -87  )
( 5  124  14  )
( 122  -37  14  )
( 15  -56  37  )
( -112  48  141  )
( 35  -98  106  )
( -63  36  43  )
( -77  -76  117  )
( 146  124  48  )
( -91  -130  134  )
( -12  -126  13  )
( -112  74  -29  )
( -72  116  -7  )
( -140  15  -26  )
( 124  -96  22  )
( -20  104  92  )
( -63  -51  -114  )
( -99  -112  -58  )
( -22  -98  -95  )
( 48  -37  -60  )
( -101  -58  1  )
( -20  111  -138  )
( 135  -130  96  )
( 80  61  -0  )
( 119  -64  -132  )
( 75  -11  -22  )
( -98  -134  -71  )
( -110  40  149  )
( -60  135  136  )
( -3  116  -141  )
( -19  -25  43  )
( 145  109  1  )
( -143  134  34  )
( 70  12  64  )
( 5  133  87  )
( 9  -48  34  )
( -139  123  73  )
( -93  -127  83  )
( -115  81  53  )
( 139  -118  -89  )
( 146  -141  35  )
( 139  101  -23  )
( 145  69  12  )
( -47  73  110  )
( 9  -58  96  )
( 10  -30  -109  )
( -21  -10  129  )
( -63  23  -104  )
( 14  -74  57  )
( 117  136  67  )
( 56  93  42  )
( -32  62  -111  )
( -52  120  -81  )
( -42  138  -11  )
( -141  -79  138  )
( -143  31  51  )
( -68  -54  -137  )
( 133  135  -110  )
( -77  -38  -92  )
( -98  13  -128  )
( 149  -39  -102  )
( -19  35  -13  )
( -143  111  -17  )
( -40  -95  7  )
( 147  100  -127  )
( 117  57  -3  )
( 83  125  145  )
( -76  -32  -58  )
( -81  -11  -109  )
( 20  110  -135  )
( -2  43  55  )
( -90  -149  -147  )
( 123  102  -1  )
( -71  90  44  )
( 130  -75  134  )
( 62  11  138  )
( 0  -112  -7  )
( 146  52  67  )
( -60  -72  148  )
( 56  79  -90  )
( -53  44  15  )
( 79  -149  25  )
( 33  -104  147  )
( -74  40  -0  )
( -107  137  101  )
( -51  -29  -90  )
( 109  -64  140  )
( -90  -66  11  )
( 100  -55  7  )
( 139  41  132  )
( -106  -26  93  )
( 115  -65  136  )
( 117  -88  62  )
( 114  14  107  )
( 92  -98  137  )
( -129  -77  75  )
( 117  -145  -58  )
( 140  -33  60  )
( 147  27  -63  )
( -62  -35  -79  )
( 15  27  -148  )
( -8  -48  -143  )
( 145  -7  29  )
( -93  82  -56  )
( 61  114  -107  )
( -124  100  65  )
( -19  -94  73  )
( 101  -127  117  )
( 28  -54  90  )
( -145  92  25  )
( 37  82  17  )
( 98  -119  -47  )
( -97  -75  -8  )
( 148  -98  -81  )
( 30  -44  9  )
( 68  -28  97  )
( -140  34  -17  )
( -93  46  -140  )
( -132  48  -71  )
( 71  2  109  )
( -138  -103  -7  )
( -27  -122  65  )
( -56  136  110  )
( 118  36  -129  )
( -114  132  -86  )
( -8  -116  -22  )
( 16  100  68  )
( -11  -110  -114  )
( 75  -57  66  )
( -55  -112  82  )
( 102  -82  -143  )
( 128  47  43  )
( -136  140  -121  )
( -66  -70  -40  )
( 41  -117  -89  )
( 61  112  -93  )
( 132  3  -26  )
( 46  -97  133  )
( 56  85  84  )
( 75  -16  -3  )
( 85  27  46  )
( -27  68  33  )
( -94  -115  11  )
( 117  -145  147  )
( -95  -30  -112  )
( 17  76  21  )
( 35  86  20  )
( 68  -91  31  )
( 98  19  -94  )
( 81  2  90  )
( -122  31  -96  )
( -38  -18  24  )
( 123  144  -104  )
( 21  109  87  )
( -83  49  37  )
( 114  -8  13  )
( -67  -62  21  )
( 78  139  -127  )
( -146  40  -97  )
( 91  -94  -26  )
( -28  124  -91  )
( 48  122  132  )
( 5  75  -62  )
( -6  82  94  )
( -17  -41  0  )
( 125  -1  95  )
( 141  68  -39  )
( 7  30  -133  )
( -128  -93  104  )
( 39  -104  120  )
( -142  130  -35  )
( -21  32  16  )
( -20  -92  -27  )
( 142  -85  -56  )
( 43  -64  29  )
( -38  29  -131  )
( -98  54  -140  )
( -72  -86  100  )
( 132  -27  139  )
( -3  111  -9  )
( -52  68  107  )
( 123  -147  -15  )
( 103  -98  -57  )
( -139  120  37  )
( 108  26  35  )
( 147  6  74  )
( -60  -93  119  )
( -104  99  -16  )
( 67  -26  -6  )
( 12  96  7  )
( 68  -77  -0  )
( 22  -24  109  )
( 68  6  25  )
( 88  23  111  )
( 112  -103  93  )
( 75  113  17  )
( 16  55  19  )
( 46  -30  -23  )
( -59  94  -103  )
( 17  72  78  )
( 112  97  -123  )
( -0  21  128  )
( 1  137  126  )
( -32  -120  -70  )
( 143  -93  -25  )
( -78  54  -123  )
( -101  -93  -72  )
( 59  75  -98  )
( -12  -45  37  )
( 13  142  -74  )
( 135  -35  -50  )
( -91  101  94  )
( -126  -6  75  )
( 51  64  13  )
( -94  -61  93  )
( -118  62  9  )
( -148  -132  -39  )
( -72  32  -136  )
( -139  -6  122  )
( 104  -79  45  )
( -11  39  -35  )
( 63  -105  -53  )
( 58  -86  -13  )
( -87  142  77  )
( 130  -117  134  )
( 108  -134  147  )
( 132  101  -99  )
( 55  52  48  )
( 37  91  82  )
( 24  56  37  )
( 70  5  83  )
( -29  27  -0  )
( -20  -122  33  )
( -125  -134  15  )
( 106  62  -87  )
( -74  -86  -109  )
( -132  56  -113  )
( 126  -0  38  )
( -52  -64  66  )
( 36  113  -108  )
( 79  44  -19  )
( 52  -96  12  )
( -79  37  -128  )
( -99  -88  126  )
( 145  149  -135  )
( -54  -101  -87  )
( 91  -12  -89  )
( 88  39  28  )
( 5  97  142  )
( 112  60  129  )
( -93  138  26  )
( -0  149  147  )
( 77  -24  -47  )
( 19  106  -78  )
( -97  38  -111  )
( 148  -19  46  )
( 103  111  -130  )
( 80  40  -74  )
( 22  -50  -72  )
( -132  55  98  )
( -85  116  65  )
( -24  72  40  )
( 53  -4  -134  )
( 85  -76  36  )
( 80  51  65  )
( -46  148  -23  )
( -11  -94  -2  )
( -33  61  112  )
( -97  40  47  )
( 31  120  -26  )
( 140  -147  43  )
( -73  -45  -67  )
( -39  -65  31  )
( 111  -115  -12  )
( -140  3  126  )
( 25  -142  -23  )
( 79  123  -41  )
( 138  -31  -13  )
( -23  128  -21  )
( 113  -129  97  )
( -37  -36  115  )
( -92  15  -144  )
( 63  -135  -66  )
( 107  -42  -57  )
( 1  -89  -102  )
( -121  -28  65  )
( -82  -94  -55  )
( 64  -91  -43  )
( -124  111  97  )
( -78  -44  -84  )
( -6  82  -61  )
( 70  -8  126  )
( -109  -116  -11  )
( -128  59  -82  )
( 127  44  -100  )
( -137  -118  72  )
( -75  -35  -97  )
( -52  -23  -146  )
( 57  -113  112  )
( 23  -111  128  )
( -66  61  28  )
( -128  -6  -22  )
( 75  -66  -46  )
( -36  -149  32  )
( 127  -111  -68  )
( 95  -39  -93  )
( -19  -145  -97  )
( 57  -11  -59  )
( 41  11  22  )
( -113  -7  -0  )
( 112  122  83  )
( -71  130  26  )
( 62  -55  -35  )
( -30  -17  -82  )
( -54  89  -140  )
( 24  -73  84  )
( -104  -49  15  )
( 132  -89  -88  )
( 53  -78  122  )
( 149  -92  126  )
( -74  -38  144  )
( 23  130  -122  )
( 44  -71  -26  )
( 129  -105  -134  )
( 25  145  88  )
( 107  122  29  )
( -100  -121  -91  )
( -138  46  -1  )
( -138  -79  -14  )
( -1  -54  -143  )
( -33  144  -0  )
( -9  6  114  )
( -3  -104  -24  )
( -51  -75  -97  )
( -91  66  88  )
( -15  -65  -53  )
( 64  1  126  )
( 44  -72  106  )
( -31  -142  76  )
( -88  69  81  )
( 109  -21  99  )
( 80  55  -104  )
( 19  -15  -108  )
( -144  -140  136  )
( 106  149  -28  )
( 34  -63  134  )
( 134  33  -18  )
( -102  -120  -91  )
( -111  145  -31  )
( 91  126  141  )
( 138  -80  36  )
( -65  84  -123  )
( -79  -148  71  )
( -84  73  -23  )
( -0  52  114  )
( -47  -34  -126  )
( 125  55  -77  )
( -98  -18  55  )
( -64  -106  -70  )
( 73  -22  49  )
( -18  -59  106  )
( 135  134  -34  )
( -133  15  -132  )
( 102  51  38  )
( -79  -36  118  )
( -132  33  -122  )
( -1  34  21  )
( 0  85  -55  )
( 14  -149  -113  )
( -132  -134  -16  )
( -121  48  -111  )
( 97  145  20  )
( 4  -27  -25  )
( 61  -47  121  )
( -17  -98  80  )
( -26  138  75  )
( -32  54  -128  )
( -109  -51  -55  )
( 102  52  -112  )
( 122  67  89  )
( -52  -54  -57  )
( 46  17  14  )
( 133  -107  -27  )
( 48  -129  -39  )
( -19  66  -101  )
( 34  49  5  )
