( -52  53  78  )
( 73  -145  121  )
( 99  -17  7  )
( 28  -44  -76  )
( -132  135  -16  )
( -108  39  21  )
( 134  25  126  )
( -105  82  72  )
( 65  -4  -30  )
( -11  -69  114  )
( -56  -149  -121  )
( -19  -130  90  )
( -30  -49  93  )
( 30  31  -123  )
( -32  -130  128  )
( 100  -66  -116  )
( -50  139  -118  )
( -137  -71  130  )
( 102  51  -140  )
( 99  -115  -43  )
( -76  -148  0  )
( -68  -51  -86  )
( 78  3  141  )
( -124  -108  13  )
( 34  -1  -45  )
( -84  0  -104  )
( -144  43  18  )
( -36  14  84  )
( 63  132  -129  )
( 64  63  132  )
( 101  44  -72  )
( 108  -148  -126  )
( -93  73  82  )
( -50  29  106  )
( 4  -143  42  )
( -109  130  -80  )
( 144  142  138  )
( 96  87  -34  )
( -144  138  -140  )
( 20  -94  128  )
( 1  -52  -29  )
( 77  -51  -28  )
( 51  124  23  )
( -90  33  31  )
( -123  96  117  )
( -15  -95  142  )
( -27  18  -38  )
( 26  9  50  )
( -121  12  148  )
( -74  147  37  )
( 106  -13  -54  )
( -73  148  66  )
( 83  -88  -20  )
( -59  112  -128  )
( -30  73  134  )
( 127  108  54  )
( 124  -106  75  )
( 64  30  108  )
( -145  -126  3  )
( 100  5  -56  )
( 64  -2  4  )
( 101  -80  -59  )
( -91  19  -52  )
( 128  61  148  )
( -21  -87  -98  )
( 68  69  126  )
( 24  78  -32  )
( 49  42  -90  )
( -43  -41  -56  )
( -58  -60  2  )
( -61  -134  -63  )
( -87  -20  -49  )
( -35  23  -85  )
( 146  -69  87  )
( 45  -95  -133  )
( -112  96  -74  )
( 58  -44  57  )
( -142  13  -33  )
( -32  -11  -84  )
( -117  -39  107  )
( 91  81  119  )
( 105  76  -5  )
( 25  100  -32  )
( -88  -125  26  )
( -116  -62  -6  )
( 82  41  75  )
( -81  -48  -105  )
( -22  16  119  )
( 127  -86  -72  )
( 83  120  -76  )
( -57  4  -116  )
( -121  19  13  )
( -33  -136  132  )
( 36  52  -108  )
( 122  -144  13  )
( -97  -24  -26  )
( 28  141  -98  )
( -95  33  -90  )
( -50  85  140  )
( 7  -133  -35  )
( -106  18  70  )
( 45  -41  -120  )
( -59  -49  -74  )
( -144  125  42  )
( -52  -73  -113  )
( 22  -42  4  )
( -34  16  -149  )
( 149  52  114  )
( 113  18  -91  )
( -83  6  20  )
( 77  39  -84  )
( 50  51  44  )
( 25  -85  -78  )
( 145  -112  -129  )
( -111  127  78  )
( 146  57  17  )
( 42  25  98  )
( 114  -124  141  )
( 142  -104  33  )
( -107  -113  31  )
( -57  -125  149  )
( -26  54  -22  )
( 55  84  -114  )
( -143  107  -70  )
( 118  41  -108  )
( 106  -123  -74  )
( 72  80  -95  )
( -131  -62  67  )
( 99  110  -113  )
( 103  147  -93  )
( 119  94  87  )
( 94  67  61  )
( -78  -17  -6  )
( -14  -94  86  )
( 3  -22  147  )
( 115  -93  121  )
( -72  89  -65  )
( -77  130  137  )
( 120  -41  127  )
( 48  -101  -115  )
( -114  -111  -146  )
( 89  149  -49  )
( -79  148  -57  )
( 54  34  68  )
( 148  -101  23  )
( 108  116  8  )
( -48  96  144  )
( 69  20  -48  )
( 75  108  137  )
( -35  -98  -145  )
( 79  -133  -0  )
( 77  -113  -37  )
( -115  134  122  )
( 111  7  94  )
( 9  47  77  )
( 26  51  25  )
( -48  -111  -121  )
( 39  1  25  )
( -2  87  -22  )
( 76  -66  -74  )
( 44  -36  -61  )
( -114  83  -85  )
( -12  -111  -99  )
( 93  123  -129  )
( -133  111  13  )
( 38  -73  101  )
( 27  7  24  )
( 105  -4  106  )
( -58  -17  -32  )
( -35  76  -146  )
( 96  4  -129  )
( -22  -73  -99  )
( 40  113  -75  )
( -133  101  87  )
( -77  -115  -8  )
( 6  -59  -16  )
( -1  97  6  )
( 130  -79  63  )
( 56  36  43  )
( 58  40  111  )
( 73  19  -67  )
( -114  42  119  )
( 28  65  -96  )
( -57  26  -139  )
( 44  -76  -132  )
( -121  -64  103  )
( -88  -25  90  )
( -51  73  0  )
( 104  123  37  )
( -103  67  53  )
( 103  -143  33  )
( 56  28  -133  )
( -24  -96  -125  )
( -45  85  72  )
( 133  113  -31  )
( 93  -148  -25  )
( -96  130  -69  )
( -52  101  27  )
( -21  -36  111  )
( 51  13  142  )
( 34  36  -65  )
( -41  -137  -39  )
( 116  -122  -111  )
( -2  88  143  )
( -59  27  -148  )
( -126  21  104  )
( 70  -3  -45  )
( -63  -61  75  )
( 144  -50  -111  )
( -140  -125  -148  )
( -99  89  15  )
( -64  25  93  )
( -15  -75  106  )
( -31  147  85  )
( 20  0  -138  )
( 109  -93  113  )
( -35  -12  83  )
( 139  115  8  )
( 53  4  -107  )
( 107  27  -118  )
( 122  127  16  )
( -111  -65  81  )
( -50  -15  112  )
( 29  76  84  )
( 44  59  -90  )
( -81  -66  115  )
( -7  -68  44  )
( -0  43  -73  )
( -137  -102  86  )
( 3  -138  -132  )
( 70  -129  53  )
( 111  -129  62  )
( 132  56  -129  )
( 23  74  -124  )
( -131  69  -147  )
( 22  -141  118  )
( 12  18  93  )
( -77  79  -48  )
( -1  -10  -34  )
( -99  -131  -55  )
( -11  -1  23  )
( 62  -50  139  )
( -3  126  52  )
( -61  -97  123  )
( 121  83  148  )
( -131  49  -137  )
( 46  7  -112  )
( -60  -15  73  )
( 115  42  -57  )
( 136  -42  -16  )
( 23  -138  -40  )
( -56  112  -122  )
( -60  -115  -67  )
( -97  78  9  )
( 28  84  93  )
( 13  96  63  )
( 123  52  -69  )
( 103  79  72  )
( -45  34  59  )
( 6  59  20  )
( 129  -61  73  )
( 24  -28  142  )
( -51  108  -43  )
( -146  138  18  )
( 11  143  59  )
( 31  131  87  )
( 65  -27  -69  )
( -39  -62  -136  )
( -72  -146  -66  )
( -7  -120  -144  )
( 132  149  96  )
( 135  130  -136  )
( 60  76  27  )
( -25  129  -103  )
( 11  86  -147  )
( -104  -39  -139  )
( -77  107  -130  )
( 11  -19  75  )
( -62  -89  1  )
( 144  17  -112  )
( 12  -71  127  )
( -127  -19  -5  )
( 31  105  121  )
( 93  -78  -139  )
( -93  -113  3  )
( -49  -92  101  )
( -24  -117  -9  )
( -124  127  -129  )
( 86  -144  -67  )
( -64  -75  -27  )
( -49  104  -6  )
( -74  -129  -86  )
( 1  111  69  )
( 96  128  -3  )
( -20  18  -13  )
( -121  -144  7  )
( -133  31  -126  )
( -112  -110  -106  )
( -36  49  11  )
( -84  137  -68  )
( -28  -127  -76  )
( -114  -126  -135  )
( -133  128  -23  )
( -92  138  10  )
( -25  -19  52  )
( 71  -106  -82  )
( -90  50  -14  )
( 143  140  -118  )
( -99  149  -122  )
( -86  121  111  )
( -63  33  36  )
( 148  -96  -78  )
( 2  70  -28  )
( -88  0  83  )
( 65  -109  -31  )
( -136  92  -104  )
( 72  108  -142  )
( 124  149  -38  )
( 35  -149  123  )
( -75  69  -5  )
( -113  -31  -137  )
( -122  73  121  )
( -138  -141  -146  )
( -143  65  34  )
( 64  -13  -120  )
( -118  19  -148  )
( -101  125  61  )
( -77  -131  139  )
( -69  116  -37  )
( 28  42  119  )
( -61  -92  -140  )
( -3  146  -51  )
( 145  68  61  )
( 133  14  11  )
( -141  128  144  )
( -12  -84  134  )
( -128  31  22  )
( -116  -13  -148  )
( -90  -104  47  )
( -95  -27  41  )
( -127  112  -28  )
( 24  -129  -74  )
( -59  -130  100  )
( -21  -126  115  )
( 114  86  -129  )
( -76  32  74  )
( -85  20  97  )
( -62  128  136  )
( -147  11  54  )
( -91  121  94  )
( 14  -36  -21  )
( -109  -110  -64  )
( 129  -58  -101  )
( 125  -95  -8  )
( -85  116  28  )
( 95  -137  -130  )
( -131  -3  32  )
( 17  -64  5  )
( -25  146  131  )
( 44  92  -66  )
( 76  67  -25  )
( 101  -143  -121  )
( 16  49  -82  )
( -11  -137  -103  )
( -121  49  16  )
( 126  -137  94  )
( 141  0  -93  )
( -131  -73  -56  )
( -111  -22  122  )
( 142  128  42  )
( -86  -59  137  )
( 108  -102  -73  )
( 0  86  -92  )
( -34  36  95  )
( 59  112  -143  )
( -89  67  31  )
( 31  -61  95  )
( 42  -18  -3  )
( -72  -54  96  )
( 141  -145  -8  )
( 98  91  16  )
( 148  35  143  )
( -141  18  37  )
( 73  127  38  )
( 124  -72  -89  )
( -18  80  -122  )
( -86  -139  -32  )
( 90  -29  1  )
( 51  121  -63  )
( 148  -57  59  )
( -49  31  -20  )
( 137  133  115  )
( 50  -35  100  )
( -73  -24  56  )
( -68  -103  -130  )
( -69  -14  38  )
( 56  -45  -3  )
( -142  -91  137  )
( -7  47  91  )
( 70  -92  -143  )
( 81  65  -121  )
( -73  -91  72  )
( -87  -17  73  )
( 103  76  6  )
( -88  76  84  )
( -104  -94  -145  )
( 75  47  -137  )
( -86  -37  69  )
( 33  147  -29  )
( 119  -54  -20  )
( 55  126  30  )
( 37  139  -100  )
( -129  101  100  )
( -108  119  -125  )
( -85  -122  -92  )
( -14  -18  107  )
( 49  85  -41  )
( 126  -80  20  )
( -63  -100  73  )
( -14  -2  34  )
( 71  103  100  )
( -78  19  81  )
( -107  -10  119  )
( 37  -138  -97  )
( 61  38  66  )
( -116  10  103  )
( -74  -25  2  )
( -9  37  -142  )
( 90  -28  -42  )
( -94  -51  -122  )
( 27  113  49  )
( 47  87  -20  )
( 20  25  -29  )
( 137  -28  133  )
( -47  -148  35  )
( 1  84  142  )
( -44  -104  -68  )
( -10  -95  113  )
( -82  110  59  )
( -18  -21  70  )
( -30  -59  -69  )
( 32  111  -6  )
( 30  -61  134  )
( -12  -91  64  )
( -53  20  94  )
( -41  44  -94  )
( 148  17  -21  )
( -74  34  -57  )
( 21  73  134  )
( -2  -109  -40  )
( -93  -66  -87  )
( 8  0  64  )
( 125  43  -46  )
( 142  44  -22  )
( -77  104  139  )
( 118  -66  98  )
( -37  68  -86  )
( -93  -15  -43  )
( -135  -91  -58  )
( 107  80  90  )
( -99  40  -26  )
( -85  -0  -77  )
( -108  25  113  )
( 134  -91  93  )
( -67  -11  -54  )
( 0  58  -145  )
( 94  -87  62  )
( 39  -49  44  )
( 22  -133  -101  )
( -113  -22  -102  )
( 119  -78  132  )
( 9  -81  114  )
( -98  -123  -44  )
( 15  102  -7  )
( 67  -35  125  )
( 65  8  110  )
( 18  -147  -2  )
( -48  86  130  )
( -120  21  -4  )
( 2  141  -56  )
( 56  -119  -52  )
( 132  127  111  )
( 33  68  13  )
( -64  49  91  )
( -39  136  90  )
( 80  -136  -106  )
( 25  99  84  )
( -37  -121  48  )
( 94  -102  63  )
( -60  -18  106  )
( -58  -37  27  )
( 51  140  -101  )
( -147  86  51  )
( 15  -51  -6  )
( 29  84  -98  )
( -98  124  117  )
( -35  -110  -116  )
( 52  -115  53  )
( -44  70  -28  )
( 106  -87  -147  )
( -14  -43  -32  )
( -65  -91  -120  )
( 108  17  124  )
( -144  -49  98  )
( -119  145  117  )
( 19  -93  -121  )
( -25  135  56  )
( -89  68  -48  )
( 102  -39  -38  )
( 92  -12  -106  )
( -21  -91  -110  )
( 100  -109  -45  )
( -4  132  143  )
( 92  120  52  )
( -139  -90  82  )
( -15  -35  93  )
( -6  90  -86  )
( -65  137  -45  )
( 41  -85  -97  )
( 79  45  35  )
( 96  -16  69  )
( -83  -106  -132  )
( -8  30  96  )
( 116  -96  -148  )
( 109  65  100  )
( -109  69  88  )
( 105  27  -87  )
( -121  -53  137  )
( 53  -83  133  )
( 46  -48  68  )
( -116  69  -17  )
( -48  101  7  )
( -119  -81  -147  )
( -50  -147  132  )
( 146  2  140  )
( 145  59  -13  )
( 10  3  -88  )
( -104  -7  -46  )
( -22  37  -7  )
( 49  -31  -24  )
( 32  29  -25  )
( -10  -86  -50  )
( -147  -12  -1  )
( -69  37  100  )
( 45  -100  87  )
( 56  46  -61  )
( 90  -149  -95  )
( -143  -59  -41  )
( -38  -35  86  )
( -47  -22  24  )
( 11  -6  -48  )
( 109  92  -12  )
( -91  -19  -118  )
( -144  14  -39  )
( 122  -36  -55  )
( -144  112  -46  )
( -22  28  -7  )
( 11  -10  90  )
( 101  -98  -3  )
( 100  -145  -45  )
( 129  24  -75  )
( 15  33  3  )
( 33  95  -140  )
( 97  79  -129  )
( 34  -127  21  )
( 42  -96  -104  )
( 89  -140  121  )
( -129  -110  116  )
( 117  -78  26  )
( 72  -19  -54  )
( 90  -137  46  )
( -85  -132  -18  )
( 20  -77  107  )
( 33  87  -45  )
( 21  -128  97  )
( -10  66  -32  )
( 110  -130  -148  )
( 141  -137  149  )
( -130  136  -49  )
( 43  134  -144  )
( 140  45  -25  )
( 9  76  -116  )
( 0  -22  -77  )
( 66  -104  -119  )
( -20  -80  83  )
( 1  118  32  )
( -7  -105  -84  )
( -52  101  117  )
( -72  -47  52  )
( 116  -97  -45  )
( -87  -111  -78  )
( -82  -25  -27  )
( -135  60  -13  )
( -10  -84  -88  )
( -143  53  -129  )
( -63  115  -80  )
( -113  -18  -48  )
( -35  94  -71  )
( -77  -18  -34  )
( -64  -136  -114  )
( 124  -16  7  )
( -16  24  0  )
( 40  140  24  )
( 19  -37  -91  )
( 127  111  -120  )
( -94  123  4  )
( 28  146  101  )
( 46  113  -56  )
( 116  130  -89  )
( -68  -93  -3  )
( -75  -24  -58  )
( 123  -32  47  )
( 127  -128  115  )
( 44  -65  -12  )
( 52  48  -132  )
( 123  -99  126  )
( 9  -137  -33  )
( 97  -14  9  )
( 128  -60  141  )
( -33  117  102  )
( -64  80  148  )
( -132  -19  103  )
( 6  -52  133  )
( -4  124  74  )
( 43  -50  -138  )
( -107  143  -134  )
( -98  -57  143  )
( -0  -141  -96  )
( 12  -21  -33  )
( -0  -57  66  )
( 28  102  1  )
( -23  -44  28  )
( 94  97  -124  )
( 64  -82  -124  )
( -84  19  92  )
( 1  -129  38  )
( 54  125  13  )
( -45  -37  -41  )
( 28  -97  -84  )
( 31  32  -22  )
