( 24  -84  53  )
( -91  -66  -134  )
( 102  78  -101  )
( 49  19  80  )
( 76  68  148  )
( 86  -3  -124  )
( 2  25  100  )
( 34  46  92  )
( -87  -4  2  )
( 28  34  -10  )
( -122  -56  116  )
( 117  43  -48  )
( 23  -0  8  )
( 23  17  -106  )
( 70  -16  -80  )
( 109  -38  46  )
( -34  -84  132  )
( 75  -106  -11  )
( 20  44  29  )
( -86  -33  -45  )
( 120  26  -13  )
( 91  73  -130  )
( -39  26  -107  )
( 69  -74  95  )
( -91  -63  -136  )
( 101  -126  10  )
( 94  129  -30  )
( -5  -45  -7  )
( -57  55  -140  )
( -85  -96  -29  )
( 90  10  75  )
( 66  134  60  )
( 2  -87  93  )
( 5  97  145  )
( -16  -35  51  )
( -140  54  -104  )
( 50  -60  -72  )
( -54  -108  46  )
( 47  67  -10  )
( -146  -104  14  )
( -25  149  148  )
( 25  -113  15  )
( -5  11  52  )
( 1  -104  -99  )
( -76  143  -55  )
( -116  -38  -40  )
( 2  3  -119  )
( -36  94  -147  )
( 64  127  -91  )
( -17  -41  -136  )
( -18  -81  -139  )
( 140  135  8  )
( 50  139  110  )
( 59  9  25  )
( -52  -111  -94  )
( -65  121  88  )
( 78  10  37  )
( -2  -13  141  )
( -41  102  95  )
( 21  -41  -8  )
( -85  34  29  )
( 65  115  -15  )
( -16  -143  -66  )
( -35  -114  12  )
( -3  31  -128  )
( -10  111  136  )
( -48  -14  52  )
( -112  -65  73  )
( -40  125  138  )
( -7  -88  99  )
( 35  22  -34  )
( 8  -98  -143  )
( 136  98  -85  )
( 105  -116  84  )
( -123  -60  11  )
( -30  91  -122  )
( -26  19  -101  )
( 53  80  -63  )
( -139  63  1  )
( 101  38  -95  )
( 62  -46  -137  )
( 26  106  -124  )
( -27  51  -117  )
( -104  -50  63  )
( 36  -60  13  )
( 134  126  85  )
( -114  -147  -136  )
( 116  94  -101  )
( 123  -38  -34  )
( -132  134  55  )
( -137  87  125  )
( 140  -127  -53  )
( 42  57  -95  )
( -127  -129  63  )
( 103  -90  -148  )
( -34  -87  140  )
( -7  128  -97  )
( 38  -35  146  )
( -68  -106  -78  )
( -100  -46  70  )
( 99  15  38  )
( 91  -118  104  )
( 73  31  -104  )
( -53  -7  -28  )
( 97  140  -15  )
( -147  -84  127  )
( 128  13  36  )
( 7  141  -134  )
( 10  64  -126  )
( 138  -115  -124  )
( 56  131  21  )
( -50  139  81  )
( 12  34  96  )
( 38  -145  -78  )
( -77  -79  25  )
( 137  47  116  )
( -55  49  -104  )
( -52  -33  50  )
( 116  -42  -128  )
( 110  -48  -107  )
( -89  73  -105  )
( 143  -86  99  )
( -123  116  77  )
( 58  35  56  )
( 143  -3  123  )
( 50  112  94  )
( 40  34  136  )
( -73  40  140  )
( 137  103  -58  )
( -82  39  137  )
( 15  80  141  )
( -50  46  123  )
( 129  -90  -61  )
( 31  26  -89  )
( -110  36  -65  )
( 36  65  53  )
( 90  -72  51  )
( -32  -62  72  )
( 110  88  -35  )
( -61  30  -17  )
( -59  24  42  )
( -45  -36  -112  )
( -29  -47  97  )
( -122  -109  -18  )
( -92  -130  -137  )
( -42  58  -88  )
( -85  115  34  )
( 148  9  57  )
( -27  -149  12  )
( 82  147  -95  )
( 4  87  103  )
( 102  -112  -116  )
( 123  -22  10  )
( 106  5  -77  )
( -36  30  -67  )
( -80  79  -114  )
( -127  139  69  )
( -104  95  -49  )
( 48  100  -27  )
( -128  -103  -109  )
( 63  -91  -32  )
( 100  -47  20  )
( -58  55  -120  )
( -104  60  101  )
( 47  -108  121  )
( 5  -39  16  )
( 54  125  -136  )
( 117  -67  -10  )
( 36  -56  -92  )
( 118  -16  -33  )
( -100  147  -71  )
( -130  -4  -124  )
( 26  -81  109  )
( 85  23  -56  )
( 23  -106  -118  )
( 36  24  68  )
( 61  -117  42  )
( -32  -42  -48  )
( 46  -16  43  )
( 61  -78  63  )
( -62  -84  74  )
( 72  -141  58  )
( 53  41  -0  )
( 69  134  -136  )
( -64  88  -130  )
( -42  41  -70  )
( 146  -90  -69  )
( -42  -53  107  )
( -55  65  101  )
( -43  -104  -44  )
( 71  18  -100  )
( -35  -118  77  )
( 85  -134  107  )
( 38  -94  78  )
( 45  139  -22  )
( -52  -23  -50  )
( 120  47  64  )
( 93  50  -123  )
( 123  -119  -98  )
( 107  100  -92  )
( -46  -145  60  )
( 19  113  -81  )
( 3  32  -120  )
( 40  -71  -6  )
( -23  -74  -141  )
( 42  -119  -41  )
( 47  140  114  )
( -5  148  -25  )
( 117  -149  -78  )
( -26  22  -132  )
( 63  -70  140  )
( 84  130  -3  )
( 20  -32  74  )
( 137  65  -68  )
( -39  10  55  )
( 122  116  -86  )
( -53  3  23  )
( 103  91  -59  )
( 113  -66  -135  )
( -104  -98  88  )
( -105  100  86  )
( -146  21  -1  )
( -67  -120  126  )
( -8  102  -44  )
( -34  71  125  )
( -93  112  -55  )
( 71  32  74  )
( -29  -51  -122  )
( -109  -50  -136  )
( -141  -93  134  )
( 8  121  -126  )
( 91  -41  33  )
( 125  145  19  )
( -61  -16  77  )
( 58  102  13  )
( 137  -133  -41  )
( 132  -48  -97  )
( 121  18  -92  )
( 42  97  -130  )
( 80  -84  92  )
( 82  50  90  )
( -121  -145  -132  )
( 133  -109  19  )
( 22  -122  -95  )
( -68  104  -90  )
( -95  -28  85  )
( 17  -23  -139  )
( 19  107  -49  )
( 20  -24  115  )
( 31  -6  -118  )
( 25  140  2  )
( 38  51  34  )
( -7  47  71  )
( -2  -140  103  )
( 68  -25  -40  )
( -101  108  147  )
( -56  98  -35  )
( 97  69  46  )
( 141  13  -146  )
( 103  -104  101  )
( -47  -67  -115  )
( 64  -132  25  )
( -125  -133  -143  )
( -96  44  -51  )
( -52  -99  -60  )
( -56  -11  -14  )
( 74  91  -71  )
( 126  -99  -62  )
( 145  -85  -39  )
( 0  -48  88  )
( -4  14  -114  )
( -97  -141  33  )
( -74  -70  62  )
( 121  134  -107  )
( -57  108  77  )
( 49  -27  -68  )
( 45  18  -52  )
( 124  92  -50  )
( -71  -89  120  )
( -65  19  -129  )
( -111  -10  -142  )
( -105  45  -99  )
( -71  -80  90  )
( -116  3  80  )
( -25  138  85  )
( 23  113  136  )
( 107  -3  46  )
( -149  -23  -110  )
( 107  90  -6  )
( 12  -84  31  )
( 125  55  -146  )
( -80  109  43  )
( -41  -107  -108  )
( -2  -131  -117  )
( 82  123  58  )
( -136  34  -134  )
( 9  -6  -141  )
( 9  37  -133  )
( -112  -142  -96  )
( -10  37  -121  )
( -56  -95  20  )
( 38  28  -135  )
( 38  127  73  )
( -63  56  113  )
( 140  -137  59  )
( 145  -146  149  )
( -82  69  10  )
( 41  -43  -10  )
( -137  131  -40  )
( 144  -131  -96  )
( -71  -67  -53  )
( 65  -33  -53  )
( 84  -3  14  )
( -89  142  78  )
( -13  -15  -25  )
( -118  137  -146  )
( 101  130  15  )
( 102  -56  69  )
( 82  98  129  )
( -95  77  15  )
( 30  -68  34  )
( 129  -59  18  )
( 80  -78  1  )
( -37  21  -85  )
( 2  136  -17  )
( 108  -28  115  )
( -140  71  38  )
( 126  96  -118  )
( -61  43  -29  )
( 79  -16  127  )
( -12  123  -124  )
( -9  135  35  )
( 76  18  -74  )
( 116  68  -6  )
( 23  -6  -143  )
( -120  -0  135  )
( 73  -82  53  )
( -61  -44  1  )
( -28  -92  117  )
( -123  -86  -143  )
( 43  144  -66  )
( -128  114  -103  )
( 87  -143  104  )
( 133  -83  98  )
( -13  50  9  )
( 76  -27  -33  )
( -35  -53  -73  )
( 60  -37  87  )
( -129  -130  -137  )
( -70  87  66  )
( 66  95  100  )
( -61  -34  -87  )
( -31  48  -97  )
( 11  101  145  )
( -85  64  40  )
( 139  -106  75  )
( 126  129  -50  )
( 20  -99  -118  )
( 149  94  -44  )
( 99  37  52  )
( -19  52  66  )
( 123  -79  -62  )
( 101  -78  -77  )
( 98  -102  -128  )
( -57  141  109  )
( -99  -105  104  )
( 63  -0  30  )
( -45  109  -48  )
( 12  11  -33  )
( 5  -44  -45  )
( 9  -117  27  )
( 89  38  67  )
( 147  -24  72  )
( 140  -119  -144  )
( -130  -56  -33  )
( 134  -65  -67  )
( -148  -78  77  )
( 35  -15  125  )
( 133  -13  -18  )
( 134  -132  -80  )
( 55  142  -19  )
( 130  -9  -144  )
( -130  2  -88  )
( 123  -47  9  )
( 1  -88  136  )
( -74  -31  126  )
( -100  -144  47  )
( 135  48  93  )
( -147  75  -1  )
( 148  -3  -136  )
( -98  27  17  )
( -42  132  -71  )
( 88  138  69  )
( -2  -102  -63  )
( 93  142  -116  )
( -1  -59  106  )
( 82  -12  133  )
( -5  138  51  )
( -124  -83  66  )
( -92  121  65  )
( -8  -104  146  )
( -45  -37  -10  )
( -130  -117  98  )
( 21  92  -116  )
( 10  -3  -9  )
( -2  4  -113  )
( -86  -105  58  )
( -84  12  24  )
( 33  -79  -146  )
( 46  43  141  )
( 122  130  -140  )
( -38  -60  89  )
( 4  -67  42  )
( 45  128  105  )
( 77  -83  -97  )
( 81  -79  -87  )
( 62  38  -13  )
( -100  129  -80  )
( 45  11  -128  )
( -13  -53  -82  )
( -145  -38  -3  )
( 61  -57  -28  )
( -135  -117  -16  )
( 104  2  100  )
( -141  78  98  )
( 15  -32  -62  )
( 78  -142  -58  )
( -90  75  -49  )
( -70  58  -113  )
( -133  77  0  )
( -108  -67  9  )
( -62  81  40  )
( -82  -67  -145  )
( 31  41  -46  )
( 32  -9  15  )
( 139  9  116  )
( -107  -8  75  )
( -139  -2  -122  )
( 96  51  -58  )
( -145  -82  108  )
( 116  -142  32  )
( 147  76  -61  )
( 87  17  77  )
( 133  44  -61  )
( -107  17  132  )
( -112  -21  123  )
( 63  137  118  )
( -0  -131  -9  )
( -110  -69  -84  )
( 95  -134  140  )
( -125  16  -57  )
( 77  -18  122  )
( 130  -87  149  )
( -90  76  -37  )
( -66  81  26  )
( -0  -101  -65  )
( 95  43  -137  )
( -17  102  59  )
( 82  69  -106  )
( -46  -50  116  )
( 32  -15  141  )
( 70  51  119  )
( 5  -21  -62  )
( 113  -7  24  )
( 51  53  101  )
( 103  -54  102  )
( -139  -87  63  )
( -4  -66  71  )
( -40  -27  -30  )
( -118  -69  46  )
( -91  94  72  )
( 64  -58  18  )
( 63  -48  -129  )
( -71  26  -40  )
( 4  24  -120  )
( 24  115  -116  )
( -12  -85  -51  )
( 17  -130  74  )
( 60  115  99  )
( -133  91  122  )
( 60  -38  96  )
( -147  79  -111  )
( 130  -110  41  )
( 105  -133  -104  )
( 24  52  -109  )
( -93  -41  -123  )
( 27  145  29  )
( -82  -127  44  )
( 33  -92  99  )
( 92  -94  -149  )
( -114  115  -50  )
( -76  -136  -102  )
( -102  98  34  )
( -132  17  63  )
( 19  -81  -61  )
( -126  128  1  )
( -36  93  -15  )
( 50  -58  -68  )
( -40  -76  -120  )
( 30  132  88  )
( 63  124  91  )
( -103  -57  104  )
( 31  -107  38  )
( -128  119  -39  )
( 6  -125  -123  )
( -115  -58  -41  )
( 21  -26  1  )
( -57  -85  -44  )
( -99  -38  96  )
( -4  73  -10  )
( -60  -111  91  )
( 30  4  -68  )
( -61  -133  -95  )
( 15  109  -38  )
( -112  110  -104  )
( 20  -119  -79  )
( 141  -52  33  )
( 101  -66  -40  )
( -33  -15  21  )
( -89  -113  45  )
( -5  -72  113  )
( 108  100  -131  )
( -119  -1  98  )
( -46  81  -74  )
( -8  -104  11  )
( 77  17  -33  )
( 96  126  -118  )
( 39  17  -112  )
( -132  -58  134  )
( -61  71  -110  )
( -111  -108  -0  )
( -4  -130  -79  )
( -42  -123  -53  )
( 7  -149  -148  )
( -89  -107  141  )
( -5  -139  96  )
( -13  -73  -125  )
( -61  74  -38  )
( -92  122  -125  )
( 67  -111  -93  )
( -128  -127  -105  )
( 43  75  103  )
( 26  -68  109  )
( -98  131  -4  )
( -104  106  107  )
( 80  16  139  )
( 83  -79  -73  )
( -101  10  -72  )
( -30  40  -90  )
( -9  50  -88  )
( -117  23  103  )
( 147  -86  87  )
( -65  -35  126  )
( 70  -25  131  )
( -146  77  132  )
( 53  -95  -81  )
( 14  10  99  )
( 126  117  139  )
( 96  89  -54  )
( 115  41  11  )
( 84  -141  -99  )
( 103  -95  -126  )
( -3  80  -105  )
( -97  -51  -47  )
( 131  -100  18  )
( 61  -0  17  )
( -69  -90  -16  )
( -36  -29  54  )
( -64  136  68  )
( 145  -77  100  )
( 22  -115  -16  )
( 37  117  -99  )
( -11  46  68  )
( -72  -78  -2  )
( -49  -54  119  )
( 49  125  115  )
( -130  -86  39  )
( 30  -91  56  )
( 99  -89  -21  )
( 38  -28  -34  )
( -35  107  -131  )
( -69  108  -54  )
( -26  -15  -105  )
( 65  -11  143  )
( 68  -46  -123  )
( -21  1  80  )
( 54  -50  -24  )
( -50  -92  140  )
( 85  -104  109  )
( -24  98  -144  )
( -17  146  103  )
( -128  102  -5  )
( 77  68  -123  )
( 63  42  18  )
( -88  -33  -92  )
( 48  -59  148  )
( 95  -67  -52  )
( -40  -24  96  )
( 114  -48  147  )
( -49  62  54  )
( 53  112  -79  )
( 92  -47  89  )
( 1  62  -69  )
( 85  -40  -21  )
( -110  114  97  )
( -1  -81  -11  )
( -114  -118  134  )
( -64  -126  -108  )
( -36  -109  -5  )
( -141  143  -97  )
( 64  112  135  )
( 3  75  -115  )
( 78  40  -118  )
( -138  59  66  )
( 56  140  80  )
( -57  125  28  )
( 90  -23  104  )
( 82  38  24  )
( -57  29  -139  )
( 86  108  -94  )
( 107  84  -14  )
( -133  -49  54  )
( 140  70  98  )
( 19  -14  114  )
( 134  32  141  )
( -48  42  -24  )
( 85  69  -30  )
( -10  -129  85  )
( 31  30  -51  )
( -50  -58  102  )
( 137  53  -26  )
( 22  72  7  )
( 79  83  -89  )
( -19  -75  -70  )
( 42  63  -57  )
( 94  -80  -21  )
( 68  -124  -74  )
( 110  46  -77  )
( 106  -22  133  )
( 140  -117  7  )
