( -119  101  26  )
( -124  -24  -74  )
( 27  -53  61  )
( -71  70  79  )
( 101  73  83  )
( -48  -67  -140  )
( 141  53  27  )
( -132  -55  -38  )
( -41  50  96  )
( 54  -83  48  )
( -122  -53  -62  )
( -106  69  86  )
( 11  115  130  )
( -111  -24  -149  )
( -95  98  92  )
( 36  -4  -68  )
( 12  -31  -88  )
( -124  80  -28  )
( 123  40  122  )
( 84  -109  121  )
( -71  -12  -48  )
( 59  -89  -9  )
( 14  113  132  )
( 112  -116  -107  )
( 43  -114  -116  )
( 138  -53  -94  )
( 61  103  93  )
( 53  -70  117  )
( -40  -20  0  )
( 40  -99  -13  )
( 59  -9  -60  )
( 57  51  95  )
( -12  -127  -112  )
( -78  104  9  )
( -58  70  -94  )
( 87  83  -94  )
( -52  -55  18  )
( -0  -50  -2  )
( 52  -38  -19  )
( 84  -85  -40  )
( -8  1  59  )
( 86  64  90  )
( 84  119  74  )
( -35  123  52  )
( -35  93  -31  )
( -61  -126  -135  )
( 91  -131  -59  )
( -109  -101  102  )
( 66  95  -130  )
( -91  -44  17  )
( -18  -33  -110  )
( 126  41  109  )
( 126  -134  71  )
( -105  23  -140  )
( 110  89  -134  )
( -76  83  -19  )
( -39  70  74  )
( 0  -17  -45  )
( 32  143  2  )
( -126  81  116  )
( -135  22  -24  )
( -36  136  -147  )
( 46  6  23  )
( -15  52  43  )
( -36  -48  17  )
( 137  -110  24  )
( -5  54  -70  )
( 104  124  74  )
( 71  25  -135  )
( 67  -80  79  )
( -44  -52  -16  )
( -45  34  -0  )
( 11  98  5  )
( -33  -137  -109  )
( -12  43  104  )
( -40  10  -123  )
( -83  119  -70  )
( 116  -93  141  )
( 76  -87  -81  )
( -51  120  61  )
( 99  -135  69  )
( 138  -90  -116  )
( -98  -149  112  )
( 4  -73  32  )
( -17  -57  136  )
( -6  114  147  )
( -20  -65  87  )
( 24  135  -71  )
( -53  76  147  )
( 34  -62  79  )
( -128  100  32  )
( 11  68  105  )
( -45  21  103  )
( -147  -45  -70  )
( 34  102  40  )
( 100  -143  -70  )
( -76  106  35  )
( -70  136  -22  )
( 91  -26  82  )
( 116  89  -126  )
( -53  -142  73  )
( -50  -70  20  )
( -48  108  -22  )
( 115  6  -65  )
( -50  31  69  )
( -139  76  70  )
( -18  77  -13  )
( -23  -46  -26  )
( -54  -81  19  )
( 113  -97  54  )
( -17  -96  -94  )
( -107  42  146  )
( 63  -107  67  )
( -102  -91  -44  )
( -6  -47  59  )
( -125  -54  -130  )
( -52  23  95  )
( 59  102  82  )
( 61  -125  -32  )
( 79  -130  68  )
( -7  86  -87  )
( -58  11  -43  )
( -87  124  -18  )
( -106  -104  -17  )
( -138  79  -80  )
( 28  91  87  )
( -36  -63  -92  )
( -143  -23  68  )
( -88  -47  41  )
( 123  -21  52  )
( 77  123  148  )
( 103  35  99  )
( -68  -28  72  )
( -90  27  -31  )
( 123  30  -47  )
( -85  113  46  )
( -71  70  -48  )
( 71  132  -104  )
( 54  110  128  )
( -118  29  1  )
( -7  -109  -117  )
( 28  -61  139  )
( -58  -67  -110  )
( 18  -75  -39  )
( -133  -13  97  )
( -149  105  -33  )
( 92  -110  -83  )
( 58  -94  -37  )
( -7  10  -146  )
( -69  62  -134  )
( -30  76  73  )
( 42  115  -12  )
( -44  -96  31  )
( 81  103  147  )
( -51  -144  121  )
( 79  37  148  )
( -81  74  80  )
( 47  -18  116  )
( -99  57  -148  )
( 126  -122  137  )
( -21  42  7  )
( -6  -131  118  )
( 58  -1  -116  )
( -54  -10  -100  )
( -9  55  -146  )
( -110  109  50  )
( 101  -97  -8  )
( -58  127  113  )
( -78  -52  -137  )
( 118  64  67  )
( -41  101  59  )
( -53  97  42  )
( -127  116  -58  )
( 61  42  -124  )
( -33  147  -36  )
( -9  -10  -91  )
( -102  79  -136  )
( -68  27  -103  )
( 117  -82  -5  )
( -61  119  49  )
( 22  -24  -72  )
( -91  -65  -75  )
( -143  -60  -79  )
( -143  93  26  )
( -104  0  16  )
( -4  -26  -144  )
( -84  120  85  )
( 74  -140  -127  )
( -145  63  53  )
( 141  -94  79  )
( 129  -8  36  )
( -80  119  3  )
( -62  119  -64  )
( -25  14  -136  )
( -61  10  -130  )
( 25  -19  -93  )
( 7  -121  -93  )
( -97  47  94  )
( -28  -25  -70  )
( -57  -126  0  )
( -52  107  25  )
( -107  -75  -79  )
( 140  57  10  )
( -119  46  -48  )
( -121  -131  -135  )
( 65  77  60  )
( 147  -80  141  )
( 119  -83  78  )
( 42  27  107  )
( -129  -46  60  )
( -2  133  35  )
( -96  123  -0  )
( 19  56  -149  )
( -53  -77  -104  )
( 27  -130  61  )
( -21  24  -19  )
( 108  -72  122  )
( 124  -87  -26  )
( 114  -20  28  )
( 82  88  89  )
( 49  52  -4  )
( -75  -65  145  )
( -87  7  -147  )
( -95  -111  130  )
( 84  -89  9  )
( 14  -27  -79  )
( 137  -39  44  )
( -102  -116  35  )
( -97  -68  74  )
( -9  109  96  )
( -3  -36  146  )
( 11  40  -63  )
( -106  135  -83  )
( 53  -148  134  )
( -92  -103  55  )
( -96  -42  -59  )
( -100  -104  31  )
( 34  -143  -78  )
( -59  -23  -101  )
( -76  -19  -80  )
( -52  -7  130  )
( 79  85  87  )
( 102  128  -89  )
( -75  16  17  )
( -89  -137  -106  )
( -90  66  -3  )
( 46  85  33  )
( 123  -77  -13  )
( 49  21  146  )
( -43  -112  -133  )
( -55  -36  -1  )
( 18  -27  100  )
( -132  114  -127  )
( -10  -56  115  )
( -6  -124  47  )
( 23  -130  -34  )
( 72  -80  -114  )
( 63  65  -17  )
( -106  -124  102  )
( 2  -124  143  )
( -126  -95  -137  )
( -77  106  -24  )
( 65  -125  87  )
( -146  116  98  )
( 92  -23  -134  )
( -35  81  105  )
( 69  -41  -121  )
( -59  -33  -68  )
( -22  -107  -125  )
( 41  115  -119  )
( -133  35  -29  )
( 33  100  114  )
( 128  -62  6  )
( 8  -18  -37  )
( -72  -69  43  )
( -76  -52  -115  )
( -146  -14  -63  )
( 40  -114  132  )
( -141  -25  -103  )
( -69  120  -30  )
( -114  -69  -124  )
( 116  24  -113  )
( -68  50  64  )
( -10  -20  82  )
( 34  40  73  )
( -19  -116  124  )
( 11  -103  132  )
( -126  19  -2  )
( 108  -89  12  )
( 4  -68  -51  )
( 53  -1  -79  )
( -113  -125  76  )
( 28  137  114  )
( 92  -7  -55  )
( -105  -3  4  )
( 74  70  -99  )
( -13  -82  -64  )
( -35  -43  -109  )
( 88  -55  113  )
( -147  48  95  )
( 99  11  45  )
( 120  -119  116  )
( 146  -17  -78  )
( 94  48  -29  )
( 77  -37  75  )
( 74  -57  -37  )
( -53  6  40  )
( 89  -48  -9  )
( -33  -9  -52  )
( -99  -62  47  )
( 130  -73  -52  )
( -9  -74  96  )
( 43  103  112  )
( -30  -33  0  )
( 109  120  -105  )
( -19  -43  -134  )
( 66  34  114  )
( 11  38  -44  )
( -25  103  -93  )
( -7  18  -105  )
( 112  -57  -23  )
( -41  32  -69  )
( 13  135  30  )
( 38  128  -24  )
( 0  102  15  )
( 141  -104  61  )
( 97  138  98  )
( -71  -95  -97  )
( 69  -133  -89  )
( -29  -115  -84  )
( 104  -11  -100  )
( -9  83  147  )
( 114  -6  133  )
( -136  34  -143  )
( -26  -52  -69  )
( -126  -62  -106  )
( 101  51  -1  )
( 106  35  31  )
( -115  -19  -94  )
( -33  117  122  )
( -29  10  -96  )
( 70  119  106  )
( 65  -136  -14  )
( 98  141  -16  )
( -8  55  74  )
( -34  -132  -129  )
( -131  149  86  )
( -112  53  -136  )
( -53  40  -67  )
( -122  56  0  )
( 32  -89  65  )
( -19  92  -90  )
( 90  -8  -107  )
( -16  -48  26  )
( -53  -109  7  )
( 52  -102  101  )
( 41  84  149  )
( -80  96  145  )
( -24  134  98  )
( 33  46  146  )
( -72  27  23  )
( 24  51  -121  )
( 87  134  137  )
( -98  139  -118  )
( 88  97  -132  )
( -48  -58  -29  )
( -15  -59  54  )
( 84  -119  -135  )
( 122  -52  -25  )
( 96  23  -95  )
( -48  73  25  )
( -127  -49  -33  )
( 124  -67  -74  )
( -99  -75  34  )
( -143  -84  -13  )
( -94  -108  111  )
( 63  -36  33  )
( -48  92  65  )
( 124  74  -50  )
( 136  -88  133  )
( 105  78  149  )
( 76  -60  55  )
( -135  -13  -103  )
( 59  -133  -65  )
( -0  77  130  )
( 96  28  39  )
( -50  -147  -73  )
( -118  75  -29  )
( -81  -124  -113  )
( 92  -40  32  )
( -22  80  -34  )
( -17  39  146  )
( -44  -47  48  )
( 72  103  59  )
( -114  137  138  )
( 5  141  -44  )
( 39  116  -131  )
( -19  -7  -21  )
( -28  97  30  )
( 47  -54  141  )
( -10  59  -8  )
( 15  119  104  )
( 136  -95  -2  )
( -47  -12  -91  )
( -76  116  103  )
( 9  -54  -55  )
( 143  -4  -129  )
( -35  -84  142  )
( 18  39  -142  )
( 61  75  -138  )
( 54  88  71  )
( -132  -78  83  )
( 6  69  -63  )
( 91  113  16  )
( -16  -62  -61  )
( 124  129  114  )
( 107  6  17  )
( -49  83  -74  )
( -87  0  -119  )
( 46  88  -47  )
( 130  -11  74  )
( 80  -78  -11  )
( -120  141  12  )
( -15  -22  -10  )
( -64  -45  -140  )
( 55  -145  -102  )
( -50  -0  -146  )
( 26  -135  -11  )
( 5  -133  -77  )
( 118  -121  -53  )
( -143  72  -137  )
( -18  -61  -92  )
( 28  -23  -52  )
( -67  128  147  )
( -67  -39  40  )
( 25  29  -62  )
( -85  108  38  )
( 110  -48  6  )
( 113  -126  47  )
( -38  -16  40  )
( -5  59  -73  )
( 8  -46  -44  )
( 105  97  113  )
( 96  51  145  )
( 45  100  67  )
( 131  -52  34  )
( 42  -100  64  )
( 38  -30  -138  )
( 113  -49  -110  )
( 8  147  123  )
( -119  -27  -85  )
( -123  -71  89  )
( -59  58  -130  )
( 0  1  62  )
( 61  77  -7  )
( 105  -133  -72  )
( 65  132  -4  )
( -56  -68  10  )
( 8  55  25  )
( 42  -54  -43  )
( -116  124  -57  )
( 134  -100  -110  )
( 23  -94  -81  )
( 90  19  31  )
( 23  -48  96  )
( 72  -124  -109  )
( 86  -45  -77  )
( 38  -52  42  )
( -0  -121  91  )
( 78  53  119  )
( -34  37  20  )
( -28  -93  -17  )
( -38  72  -77  )
( 132  149  -6  )
( 41  117  7  )
( 124  24  148  )
( -116  -58  -73  )
( 112  -10  -133  )
( 22  77  -137  )
( -67  16  -68  )
( 27  75  -2  )
( -91  141  99  )
( 127  23  -74  )
( -11  -90  -46  )
( -102  -50  -35  )
( -7  87  128  )
( 64  -137  41  )
( -22  74  61  )
( -99  74  -14  )
( 105  97  -74  )
( 133  89  -49  )
( -48  -136  -144  )
( 74  16  -106  )
( 104  -126  85  )
( 145  82  30  )
( 91  109  -36  )
( -100  54  -148  )
( -72  -134  57  )
( -22  -9  -126  )
( 125  -55  -59  )
( -103  111  109  )
( 146  66  -70  )
( 124  78  77  )
( -124  -109  -57  )
( -34  -92  -41  )
( 9  -120  110  )
( -99  -49  8  )
( 139  -54  -20  )
( 146  -143  30  )
( -149  3  96  )
( -144  72  -148  )
( -1  -42  -112  )
( -116  -121  114  )
( -64  -149  33  )
( -70  -117  -133  )
( -136  -38  -30  )
( 136  -80  -91  )
( 5  29  12  )
( 86  39  -58  )
( 25  49  -92  )
( -10  91  78  )
( 88  35  -136  )
( -84  -126  75  )
( -83  123  148  )
( -13  92  93  )
( -113  137  -47  )
( 141  -70  40  )
( 92  -40  -97  )
( -129  15  6  )
( 18  19  104  )
( -48  -19  -22  )
( 115  69  128  )
( 52  31  -84  )
( -4  -73  62  )
( -30  73  -28  )
( -95  97  -68  )
( 80  30  2  )
( 122  144  18  )
( 136  140  29  )
( -63  -149  -93  )
( 137  130  111  )
( 49  -83  112  )
( -125  39  133  )
( 29  -104  119  )
( -41  -67  2  )
( 15  -17  139  )
( 82  86  -93  )
( -3  -146  -96  )
( -135  128  -122  )
( 32  -136  57  )
( 58  64  120  )
( 149  52  25  )
( -69  -76  -44  )
( 64  -55  -45  )
( 114  104  -129  )
( -50  -0  90  )
( 37  -116  -78  )
( -54  145  -108  )
( -12  104  27  )
( -63  -87  -43  )
( -107  3  141  )
( 41  66  -27  )
( -148  37  44  )
( 56  54  -84  )
( 1  145  17  )
( 95  97  10  )
( -7  34  50  )
( -69  -123  117  )
( 138  -108  -131  )
( -26  144  52  )
( -32  -116  76  )
( -48  -129  146  )
( -40  -31  -77  )
( 87  138  -144  )
( 56  -148  -145  )
( -39  83  -139  )
( 62  -74  -8  )
( -128  3  51  )
( -22  -93  -107  )
( -2  -114  -85  )
( -137  -145  -86  )
( -28  -91  22  )
( -125  -93  -61  )
( 72  57  132  )
( -148  56  -36  )
( 32  -147  -93  )
( -23  133  21  )
( -21  147  -141  )
( 43  -84  22  )
( 71  -11  65  )
( -133  -7  40  )
( -109  13  49  )
( 29  -62  -122  )
( -76  -111  132  )
( 9  -129  -106  )
( 57  -18  -19  )
( 49  107  77  )
( 69  -92  117  )
( -115  -73  -147  )
( -82  123  21  )
( 127  13  -78  )
( -41  -145  -37  )
( -2  -28  41  )
( -9  60  -57  )
( -101  -95  64  )
( -35  -133  -27  )
( 43  51  131  )
( -45  147  46  )
( -129  -44  -29  )
( 69  58  -83  )
( 127  128  -120  )
( -51  39  52  )
( 94  -147  -130  )
( -96  -139  -19  )
( 125  28  115  )
( 139  -115  -5  )
( -8  92  -108  )
( -73  39  -91  )
( -100  -35  -65  )
( -1  -18  -148  )
( -87  140  -45  )
( 122  51  120  )
( 85  -111  128  )
( -19  -65  3  )
( 146  -123  16  )
( -1  -87  44  )
( -117  58  -111  )
( -49  87  8  )
( -143  131  100  )
( -75  -70  -42  )
( -24  -88  133  )
( 32  94  -136  )
( -43  102  -145  )
( -81  -46  -142  )
( 87  -53  -107  )
( 13  136  122  )
( 87  -82  140  )
( 80  134  -86  )
( 11  114  119  )
( 0  39  51  )
