( -14  -122  -97  )
( 129  27  12  )
( 68  17  -10  )
( 135  119  25  )
( 140  89  -0  )
( -148  -51  83  )
( -47  1  -98  )
( 76  -78  74  )
( 114  -145  121  )
( -92  68  -143  )
( 35  -88  46  )
( 147  17  120  )
( -23  34  33  )
( -116  -112  59  )
( 30  -59  -52  )
( -51  -57  -52  )
( 121  54  -134  )
( 13  -76  -33  )
( -85  -142  -18  )
( -120  119  -101  )
( 114  -134  -139  )
( -98  102  30  )
( 131  -50  117  )
( 75  -95  -124  )
( -93  108  -70  )
( 51  135  -91  )
( 35  -108  -74  )
( -106  -121  126  )
( 124  -84  -78  )
( -41  59  127  )
( -69  13  138  )
( -149  61  -112  )
( -132  4  -79  )
( -91  -23  -49  )
( -124  147  103  )
( 124  132  18  )
( -51  132  -96  )
( 22  -1  -23  )
( 139  1  -109  )
( -97  -10  -92  )
( 39  -129  -135  )
( 134  18  106  )
( 2  108  127  )
( 119  141  81  )
( 103  122  -82  )
( -58  -130  96  )
( -6  119  59  )
( -61  -147  -63  )
( -58  -133  115  )
( -119  -66  -21  )
( -132  84  52  )
( 5  46  -26  )
( 144  64  -20  )
( -118  122  -115  )
( 28  31  90  )
( -143  -116  85  )
( -93  126  -101  )
( -51  22  -16  )
( 19  -60  14  )
( -144  67  -87  )
( -95  -48  52  )
( -141  16  -133  )
( -31  29  103  )
( 136  55  106  )
( -5  116  133  )
( 9  127  65  )
( -121  96  66  )
( 9  -10  65  )
( 66  -101  -122  )
( -97  -82  -54  )
( -19  -105  -75  )
( 112  99  0  )
( -109  -22  28  )
( 116  57  -27  )
( 40  -103  128  )
( 74  88  14  )
( 97  -25  148  )
( 124  35  -64  )
( -75  -71  -1  )
( -58  144  53  )
( -42  -69  -71  )
( -55  -101  139  )
( 69  -73  120  )
( 78  100  -147  )
( -112  -28  -146  )
( -0  -124  129  )
( -76  -41  123  )
( 12  -30  120  )
( -126  22  113  )
( -102  124  58  )
( -148  -45  109  )
( 39  37  96  )
( -96  -24  9  )
( -130  -139  -22  )
( 109  137  44  )
( -83  -45  89  )
( 112  149  -90  )
( -58  4  -25  )
( 90  -108  -109  )
( -10  -112  35  )
( -29  -100  114  )
( 6  48  -90  )
( 61  74  -71  )
( 76  -107  -35  )
( -4  2  -33  )
( -148  112  -42  )
( -122  83  -142  )
( 131  -126  -19  )
( -84  -62  127  )
( 38  -86  -50  )
( -96  -71  55  )
( 8  115  -88  )
( -81  -46  -19  )
( 31  -114  -41  )
( -103  -0  62  )
( 136  140  12  )
( -58  -59  -57  )
( 117  -87  11  )
( 98  89  -101  )
( -66  -26  -18  )
( 65  -15  63  )
( 93  25  -20  )
( -34  16  -114  )
( 146  49  69  )
( -5  83  -25  )
( -60  26  -51  )
( -88  -44  -40  )
( 95  -18  -110  )
( 14  -71  -41  )
( 146  3  66  )
( -50  100  95  )
( -49  108  -16  )
( 71  86  149  )
( 12  -0  -83  )
( 62  27  110  )
( 118  70  111  )
( -141  59  -88  )
( -65  -144  3  )
( -66  -3  118  )
( 63  -46  -48  )
( -138  2  117  )
( -0  -50  -2  )
( -41  -87  42  )
( -33  -18  -9  )
( -98  76  119  )
( 29  83  145  )
( 117  114  -16  )
( 148  124  -103  )
( -70  86  -7  )
( -45  100  103  )
( 104  94  137  )
( 8  -26  -51  )
( 78  46  142  )
( 80  -2  47  )
( -110  117  -22  )
( 7  123  -102  )
( 8  19  52  )
( -147  71  85  )
( -29  67  47  )
( 113  -85  94  )
( -0  146  124  )
( 5  123  -136  )
( -68  112  -128  )
( 144  33  -38  )
( 88  -143  61  )
( -123  57  -137  )
( 110  1  -131  )
( 93  -11  147  )
( -37  -107  -106  )
( -88  64  140  )
( 18  43  -120  )
( -133  6  -103  )
( -95  -104  43  )
( 36  81  -111  )
( -10  118  50  )
( -51  -148  140  )
( 34  -5  -72  )
( -22  -62  36  )
( 53  -38  -110  )
( -72  -119  -108  )
( -124  10  120  )
( 89  -85  23  )
( 144  110  -111  )
( -93  -119  36  )
( -5  -132  91  )
( 21  100  92  )
( 127  -93  -6  )
( -84  106  -51  )
( 57  27  -7  )
( -126  7  64  )
( 73  8  76  )
( -1  105  5  )
( -74  -32  71  )
( -65  -45  4  )
( 81  24  90  )
( 23  -49  -128  )
( -62  91  14  )
( 142  -34  -126  )
( 81  39  1  )
( 124  -133  -129  )
( -118  31  -14  )
( -27  58  -46  )
( -100  -146  3  )
( 92  -48  95  )
( 35  56  -131  )
( -144  -93  -137  )
( 122  64  11  )
( 98  77  -95  )
( -91  138  12  )
( 29  -0  109  )
( -12  125  -143  )
( 93  -143  -147  )
( -48  -125  50  )
( 130  -145  -46  )
( -95  123  -27  )
( 52  -109  56  )
( -114  81  -100  )
( -38  101  -53  )
( 118  141  24  )
( 46  116  -100  )
( 100  102  72  )
( 6  -102  -64  )
( -106  136  -54  )
( 141  15  -39  )
( -68  62  53  )
( 83  121  -95  )
( 89  -26  117  )
( -48  -107  -74  )
( -16  101  105  )
( 142  28  73  )
( -52  -106  -33  )
( -93  -108  97  )
( 34  101  39  )
( -56  -76  -97  )
( -43  86  -98  )
( 56  -98  -17  )
( 11  123  -81  )
( -90  -107  12  )
( 10  -64  -53  )
( -40  -99  -42  )
( 106  141  143  )
( 121  -80  -100  )
( 125  37  12  )
( -111  -90  -14  )
( 125  -79  41  )
( 80  113  -69  )
( 72  66  87  )
( 46  -92  77  )
( -133  -60  64  )
( -35  70  -127  )
( 98  -17  -118  )
( 125  -34  21  )
( 30  135  31  )
( -111  110  135  )
( 112  -70  -66  )
( 146  121  -45  )
( -38  42  -112  )
( -143  -70  109  )
( 72  121  -53  )
( 58  -28  84  )
( 51  -30  70  )
( 80  -92  140  )
( -56  134  -121  )
( -127  102  149  )
( 31  -80  -50  )
( 49  -108  148  )
( 2  126  18  )
( -140  -115  52  )
( 69  52  106  )
( 133  21  113  )
( -41  -4  -60  )
( 11  117  -39  )
( -140  -52  -41  )
( 115  136  -51  )
( -104  -76  -131  )
( -129  24  131  )
( -26  -32  -60  )
( 27  96  -126  )
( -85  -23  92  )
( 132  22  -28  )
( -79  56  64  )
( -59  101  66  )
( 4  13  -88  )
( 89  43  -18  )
( 137  138  97  )
( 46  -108  -47  )
( -67  88  -83  )
( 0  -62  98  )
( 1  -121  23  )
( 28  115  -76  )
( -127  61  -69  )
( -100  -49  -44  )
( -55  -125  49  )
( 111  92  89  )
( -53  61  38  )
( -82  -36  -130  )
( -12  24  -33  )
( -137  -122  -74  )
( -128  114  -40  )
( 113  93  129  )
( 90  -53  21  )
( 38  -128  2  )
( 29  -106  -89  )
( 76  -129  105  )
( 7  -46  40  )
( 52  -30  108  )
( -17  26  49  )
( 76  14  105  )
( -85  -120  -89  )
( 93  8  -51  )
( 102  -96  -33  )
( 108  66  68  )
( 7  144  87  )
( 134  -74  142  )
( 141  84  -11  )
( -132  65  -19  )
( -120  -141  137  )
( 36  67  -132  )
( 139  91  -109  )
( -135  -13  -25  )
( 82  -147  -124  )
( -2  -142  -118  )
( -21  -59  130  )
( -107  119  -66  )
( 32  78  127  )
( -42  -36  -85  )
( -103  74  -29  )
( -126  133  58  )
( -103  141  -23  )
( 134  114  8  )
( 32  58  138  )
( 86  -27  59  )
( 127  -58  -130  )
( 102  -99  142  )
( -58  49  109  )
( 148  -62  -106  )
( -105  -76  -66  )
( 45  69  -119  )
( 117  42  -24  )
( 57  43  -91  )
( -21  -54  -15  )
( 73  143  99  )
( 137  21  97  )
( 33  125  111  )
( -48  21  -134  )
( -38  -84  20  )
( -70  44  78  )
( 141  137  -2  )
( 85  -79  11  )
( -54  72  -101  )
( -39  -127  92  )
( -41  57  -148  )
( 107  -96  135  )
( 71  -134  3  )
( -93  18  124  )
( -88  -99  73  )
( -147  -99  53  )
( 144  51  -17  )
( 148  7  146  )
( 139  -35  -13  )
( 16  127  5  )
( 132  -43  -28  )
( -5  -36  67  )
( 34  -86  1  )
( 68  87  -25  )
( 16  143  -65  )
( -96  98  -74  )
( -45  133  -4  )
( 11  9  -137  )
( 115  112  24  )
( -123  -17  -22  )
( 69  139  -125  )
( -39  -123  60  )
( -148  -119  121  )
( -65  90  140  )
( -78  -70  -44  )
( -141  101  83  )
( 44  135  -95  )
( 139  -54  -75  )
( 18  19  21  )
( 143  44  -65  )
( -58  10  -94  )
( -79  -54  137  )
( -19  -149  -93  )
( -32  -15  110  )
( -8  -122  75  )
( -32  69  11  )
( -116  118  43  )
( -146  86  72  )
( 129  -120  46  )
( -118  100  4  )
( 79  41  109  )
( 51  -42  25  )
( -26  144  3  )
( -114  -132  -112  )
( -4  -106  84  )
( 39  -137  122  )
( -139  15  55  )
( -104  34  35  )
( 107  145  11  )
( 106  -132  -51  )
( 51  -25  -119  )
( -15  -145  -117  )
( 24  -121  -94  )
( 65  26  61  )
( 142  -44  46  )
( -128  -28  75  )
( -27  120  7  )
( 34  -33  -111  )
( -123  90  21  )
( 141  33  -117  )
( -142  92  -51  )
( -16  -63  65  )
( -67  56  -51  )
( -138  55  23  )
( -146  -94  -83  )
( 124  -94  -51  )
( 78  -8  -1  )
( 123  -110  25  )
( -15  131  33  )
( -105  -62  -69  )
( 24  -129  -80  )
( -2  147  -41  )
( -85  74  48  )
( 95  50  32  )
( 21  -31  34  )
( -100  -75  -128  )
( -38  45  114  )
( 9  -35  -111  )
( -107  -54  -62  )
( -107  -50  5  )
( -126  -134  -123  )
( 144  -69  -59  )
( 64  149  -143  )
( -130  70  -85  )
( -137  -124  112  )
( 135  -16  -122  )
( -38  37  107  )
( -0  122  -127  )
( -66  123  63  )
( -43  87  -85  )
( 87  41  -69  )
( -56  -126  -47  )
( -82  108  -111  )
( 0  95  1  )
( 140  8  4  )
( 21  47  -2  )
( -131  78  -94  )
( 38  36  131  )
( 106  56  -127  )
( -85  -131  -126  )
( -37  7  -130  )
( -74  125  81  )
( -36  -99  -135  )
( -24  -0  -102  )
( -134  111  -84  )
( 5  -144  108  )
( -97  -133  67  )
( -12  90  -67  )
( -38  -84  72  )
( -80  -54  -29  )
( 19  33  104  )
( -47  135  19  )
( 3  25  -77  )
( -12  -112  76  )
( -126  -35  -47  )
( 49  105  -0  )
( -43  36  -0  )
( 76  19  -3  )
( 99  -129  28  )
( -144  -44  -110  )
( -142  -38  -22  )
( -53  -86  100  )
( -5  -48  54  )
( 72  64  -119  )
( 86  17  -53  )
( 102  112  -68  )
( -148  -140  86  )
( 6  -108  -137  )
( 77  -15  -131  )
( -114  -73  139  )
( -21  136  -54  )
( -34  -69  -39  )
( 146  103  116  )
( 128  117  -103  )
( 149  106  -77  )
( 86  50  -63  )
( -22  20  9  )
( -87  19  64  )
( -117  130  94  )
( 72  -59  -74  )
( 69  14  57  )
( 135  -84  -141  )
( 4  -135  23  )
( 64  105  -22  )
( -50  24  144  )
( -128  -136  15  )
( -29  10  -92  )
( -42  -101  114  )
( 123  127  -69  )
( -122  -119  -29  )
( 94  22  29  )
( 72  -102  -34  )
( -122  5  -78  )
( -91  -73  77  )
( -86  77  124  )
( 118  128  -2  )
( 130  -143  -0  )
( -82  -116  94  )
( -37  -108  73  )
( -143  82  113  )
( 10  -22  -89  )
( -86  131  41  )
( 6  11  85  )
( -72  52  99  )
( 148  132  -7  )
( 71  83  -120  )
( -147  43  120  )
( -31  84  117  )
( 90  85  89  )
( 83  53  120  )
( 17  -81  137  )
( 101  110  105  )
( 111  77  -1  )
( -113  -39  -100  )
( 20  140  -35  )
( 144  -75  137  )
( 6  -91  86  )
( -15  -83  -122  )
( -133  15  149  )
( -66  115  140  )
( -21  89  -27  )
( 58  16  -65  )
( -23  86  133  )
( -23  12  77  )
( -68  17  119  )
( -16  -47  92  )
( -137  67  -136  )
( -112  2  101  )
( 96  -115  -82  )
( 28  110  -35  )
( -64  81  29  )
( 135  -74  96  )
( -15  -129  -84  )
( 90  81  -21  )
( -102  -66  126  )
( 37  -42  108  )
( 108  -46  -68  )
( -41  20  -73  )
( 30  122  92  )
( 115  131  143  )
( -117  -128  52  )
( -27  -143  145  )
( -72  55  102  )
( -59  -28  3  )
( -90  24  -117  )
( 136  -43  -19  )
( 15  -58  41  )
( 3  0  111  )
( -10  -116  -93  )
( -59  -21  138  )
( -57  -4  7  )
( -105  -30  -128  )
( 63  -91  -25  )
( -149  53  -13  )
( -20  41  -105  )
( -106  -33  -120  )
( 5  71  55  )
( -122  1  98  )
( 114  -22  -129  )
( 71  -2  38  )
( -91  -77  94  )
( 149  -38  -98  )
( 51  134  -101  )
( -109  -111  113  )
( -45  29  -70  )
( 2  82  -145  )
( -34  15  98  )
( 136  -134  -111  )
( 31  89  -120  )
( 92  71  21  )
( -29  -66  -105  )
( -41  13  -34  )
( 8  -33  -139  )
( 115  -7  63  )
( -90  -59  -15  )
( 46  -86  -34  )
( -5  26  109  )
( 49  -144  -82  )
( 93  67  92  )
( -106  127  -87  )
( -126  -115  -130  )
( -40  94  -1  )
( -137  67  -141  )
( -70  107  -140  )
( 8  -120  77  )
( 48  -123  -21  )
( -33  23  26  )
( 26  128  -3  )
( 68  113  -119  )
( -57  11  -4  )
( -18  -103  124  )
( -17  99  86  )
( -52  -109  -93  )
( -109  120  106  )
( 118  -35  -25  )
( 84  72  -121  )
( -84  -33  70  )
( 143  -114  -141  )
( -42  -50  3  )
( 76  -104  46  )
( 103  -143  -149  )
( -53  -137  145  )
( 57  132  -137  )
( 77  -144  96  )
( 28  50  -33  )
( 17  113  141  )
( 137  -29  69  )
( -111  -52  -89  )
( -126  -63  7  )
( -114  106  62  )
( -22  -55  73  )
( 11  -113  37  )
( -148  129  78  )
( -48  104  -120  )
( -12  -94  37  )
( -46  -38  113  )
( -139  20  -65  )
( -128  -10  28  )
( 5  66  26  )
( -123  114  122  )
( 52  -55  -92  )
( -47  82  -122  )
( -100  40  131  )
( 7  -76  -60  )
( -41  -127  141  )
( 61  32  40  )
( -12  95  -122  )
( 5  66  64  )
( 106  -15  94  )
