( 5  -113  19  )
( -114  -81  55  )
( -97  -85  -142  )
( -5  -68  -58  )
( -126  -32  -134  )
( 149  -62  132  )
( 112  -21  -85  )
( -129  -2  34  )
( 125  -140  114  )
( 100  -32  133  )
( 59  -60  108  )
( -117  28  -121  )
( -4  -90  -23  )
( -122  25  -149  )
( 38  -77  82  )
( -149  -70  48  )
( 64  -21  71  )
( -116  147  23  )
( -82  -121  -86  )
( 14  68  -62  )
( -93  3  15  )
( -62  81  92  )
( -35  -28  18  )
( -131  -81  3  )
( -85  92  125  )
( -48  137  -73  )
( -124  143  98  )
( -15  -60  140  )
( 48  34  24  )
( 55  -149  -148  )
( -97  -143  113  )
( -149  -134  -45  )
( -62  140  111  )
( 62  -94  21  )
( 21  -139  -82  )
( 71  30  53  )
( -89  -109  -123  )
( 55  44  121  )
( 37  56  102  )
( -143  63  74  )
( -15  -33  120  )
( 23  39  -149  )
( 119  33  -120  )
( 78  -105  21  )
( -93  118  -73  )
( -32  -31  142  )
( -127  -46  -137  )
( -32  -57  -35  )
( -4  -46  76  )
( 44  -6  131  )
( -60  74  -25  )
( -45  -136  85  )
( -99  -8  95  )
( 66  12  -147  )
( -68  56  72  )
( -131  57  -22  )
( -91  28  -138  )
( -77  146  -113  )
( -8  -26  61  )
( -11  107  -127  )
( -134  -139  49  )
( 107  93  60  )
( 52  -38  104  )
( -141  -132  75  )
( -97  123  -102  )
( 66  12  124  )
( 27  -137  -116  )
( -50  -29  2  )
( -147  -44  -51  )
( -75  -51  -117  )
( -100  34  111  )
( -8  140  117  )
( 86  -60  -116  )
( -31  118  19  )
( -50  28  3  )
( -31  96  -104  )
( 62  70  -87  )
( 109  95  -85  )
( -109  88  -132  )
( -118  8  -40  )
( 119  -91  -68  )
( -51  109  -66  )
( 3  52  -136  )
( -43  82  -10  )
( 75  -146  67  )
( 79  -134  -110  )
( -2  -53  -149  )
( 133  141  114  )
( -5  38  72  )
( -87  -120  -17  )
( -17  -79  139  )
( 21  101  -55  )
( -47  -54  -147  )
( 70  -38  1  )
( -137  -82  -65  )
( -143  34  103  )
( 20  7  147  )
( 79  -96  -119  )
( -40  -74  88  )
( -32  -51  100  )
( -76  83  60  )
( -31  69  -73  )
( 47  -60  -31  )
( -59  147  -50  )
( -6  -105  125  )
( -83  -28  -71  )
( 103  2  86  )
( -130  4  -51  )
( 91  -78  -120  )
( 26  -24  -52  )
( 148  -7  -13  )
( -3  147  59  )
( -76  -134  -96  )
( -27  79  145  )
( -80  44  -112  )
( 4  18  146  )
( 6  133  126  )
( -26  49  -82  )
( -93  149  132  )
( -19  17  -63  )
( -88  -0  120  )
( -43  141  -24  )
( -62  73  122  )
( -12  87  -91  )
( -38  -97  -41  )
( -105  -97  -25  )
( 2  18  11  )
( 60  131  130  )
( -5  -59  80  )
( 145  -114  1  )
( 55  56  42  )
( 109  -95  101  )
( -140  145  118  )
( 76  97  -144  )
( -1  103  -55  )
( -77  -58  -135  )
( 142  98  15  )
( -61  36  -120  )
( -34  71  75  )
( -47  -95  -14  )
( 77  -34  98  )
( -101  -71  -39  )
( -58  9  62  )
( -40  126  -137  )
( -106  -117  -115  )
( 90  -7  -94  )
( 131  -29  -41  )
( -36  10  -16  )
( -29  55  -28  )
( -69  -5  -12  )
( 51  -50  -111  )
( -137  -104  -45  )
( 41  -135  -60  )
( 57  -16  -26  )
( 28  36  14  )
( 22  -118  15  )
( -79  101  120  )
( 122  60  -77  )
( 109  26  -105  )
( 33  140  48  )
( 105  -106  117  )
( -132  -62  35  )
( -51  -76  136  )
( 87  -83  84  )
( -137  -95  113  )
( -109  124  -112  )
( -82  -19  142  )
( 97  70  -133  )
( -80  -146  -138  )
( 114  -142  -105  )
( -11  24  92  )
( 94  -68  147  )
( -86  113  -59  )
( -15  -120  142  )
( -61  -34  -40  )
( -116  142  -90  )
( 41  -60  46  )
( -11  -6  93  )
( -65  -145  115  )
( 121  -79  -94  )
( -16  -57  56  )
( -16  26  -139  )
( 68  20  -12  )
( 2  130  -61  )
( -79  63  105  )
( 23  -89  51  )
( 120  -93  -145  )
( 75  -21  -41  )
( 98  -36  24  )
( 111  -141  -131  )
( -14  105  -82  )
( -2  -109  -65  )
( -142  65  83  )
( 143  62  105  )
( -69  -107  52  )
( -148  64  -52  )
( 36  -97  -75  )
( -85  125  74  )
( 50  -41  38  )
( -21  -79  109  )
( -132  89  43  )
( 9  -53  -126  )
( -50  11  -107  )
( -133  -135  28  )
( -39  -100  22  )
( -12  112  17  )
( 111  51  -34  )
( -108  16  2  )
( -147  58  -142  )
( 110  -81  5  )
( -58  -42  -34  )
( -113  -110  83  )
( 42  31  -140  )
( -41  69  52  )
( -75  132  -48  )
( -33  29  144  )
( -125  55  89  )
( 103  129  90  )
( -37  0  -7  )
( 97  138  -89  )
( 103  76  16  )
( -31  128  94  )
( -84  149  85  )
( 135  140  130  )
( 117  139  62  )
( -129  91  101  )
( -67  79  143  )
( 14  -88  -26  )
( 17  36  -107  )
( 13  108  22  )
( -22  2  63  )
( 110  40  -96  )
( -29  -120  -7  )
( 97  27  95  )
( -0  40  -2  )
( -5  95  143  )
( 18  -34  146  )
( -129  -36  -8  )
( 39  6  -55  )
( -90  -61  94  )
( 29  -31  1  )
( -96  109  65  )
( -87  103  -131  )
( 134  -43  27  )
( -99  17  -22  )
( 103  94  139  )
( -35  -49  -10  )
( 136  -12  -9  )
( 78  -39  -107  )
( -113  3  148  )
( 61  129  -75  )
( 12  133  -144  )
( -92  38  -36  )
( 124  -14  -12  )
( 97  -38  19  )
( 33  27  118  )
( 133  148  140  )
( 148  -94  -149  )
( 124  130  -11  )
( 126  63  133  )
( 45  122  -120  )
( -66  88  -96  )
( -91  -88  -128  )
( -129  -118  100  )
( 101  12  15  )
( -6  -17  -97  )
( -53  -37  -92  )
( 118  145  61  )
( -22  -85  -38  )
( -75  -107  -131  )
( -60  -29  123  )
( -134  36  148  )
( -80  137  58  )
( 60  105  -85  )
( 33  67  142  )
( 96  63  -0  )
( -30  35  51  )
( -140  -91  37  )
( -6  -106  -141  )
( -138  142  148  )
( 114  134  149  )
( 25  -44  -88  )
( -102  90  -112  )
( 90  91  -103  )
( -95  5  149  )
( -91  79  -34  )
( 29  -64  87  )
( 106  44  -49  )
( -127  104  61  )
( 5  89  -109  )
( 21  124  31  )
( -108  18  -19  )
( -77  -18  -148  )
( -77  96  80  )
( 25  77  -9  )
( -119  117  -2  )
( -37  -88  58  )
( -2  -64  101  )
( -59  -104  91  )
( 128  95  -79  )
( 9  -101  -93  )
( 35  -127  -11  )
( 76  100  -91  )
( 3  -92  112  )
( 145  144  107  )
( 4  -63  95  )
( -50  6  -29  )
( -140  38  70  )
( 145  -29  20  )
( -77  -140  20  )
( 36  -116  -4  )
( -73  -18  41  )
( 41  69  -76  )
( 85  -58  -93  )
( -5  -27  88  )
( 128  126  68  )
( -111  47  83  )
( -52  -118  117  )
( -4  41  1  )
( 83  140  -124  )
( -25  80  95  )
( -107  38  80  )
( -93  79  -88  )
( 38  12  75  )
( 133  -139  21  )
( -144  81  -116  )
( 72  -100  59  )
( -114  50  7  )
( -112  -111  121  )
( 85  -47  137  )
( -70  -1  73  )
( -39  6  -86  )
( 52  87  -127  )
( 43  149  85  )
( -114  119  -22  )
( -63  -2  138  )
( 98  60  50  )
( -131  -14  -9  )
( 12  29  -109  )
( 137  0  -14  )
( -16  97  67  )
( 54  -45  27  )
( -101  -45  -36  )
( 67  21  -35  )
( 101  -133  111  )
( 81  106  7  )
( 7  -3  -74  )
( -92  110  -135  )
( -9  -87  -82  )
( 116  -75  72  )
( -76  2  -10  )
( -122  -61  -26  )
( -121  -35  -132  )
( 81  13  -77  )
( -121  -9  -15  )
( -89  137  -140  )
( 108  65  91  )
( -118  146  71  )
( 38  -21  113  )
( -5  -99  64  )
( -54  119  -18  )
( -38  -140  -87  )
( 31  7  -18  )
( 37  -77  73  )
( -61  -70  24  )
( -53  149  -45  )
( 94  136  121  )
( 70  20  27  )
( -129  -22  130  )
( -97  119  -59  )
( -34  47  -112  )
( -110  -141  100  )
( 10  51  110  )
( 66  -36  -132  )
( -143  -49  -144  )
( -117  125  -116  )
( -109  28  -126  )
( 101  140  -114  )
( 135  -103  -132  )
( -118  84  -126  )
( -84  132  -108  )
( 0  49  -141  )
( 3  -59  13  )
( -54  -147  -142  )
( -26  -34  -64  )
( 99  -86  46  )
( 68  37  -4  )
( -85  -33  55  )
( -125  -85  117  )
( 82  45  -144  )
( -4  121  -11  )
( -14  -85  10  )
( 105  -86  25  )
( 107  119  -78  )
( 31  120  72  )
( -140  105  -133  )
( -135  117  -103  )
( -52  -73  -39  )
( -11  96  13  )
( 80  -19  14  )
( -94  -59  -67  )
( 18  -32  103  )
( 24  90  89  )
( 36  75  -88  )
( -65  104  -102  )
( 84  -120  -60  )
( 15  17  75  )
( -62  -126  4  )
( 141  -15  -63  )
( -1  62  83  )
( 75  -88  58  )
( -133  60  -73  )
( 87  4  94  )
( -24  -73  44  )
( -83  -147  5  )
( -16  60  -54  )
( -133  -3  121  )
( 29  49  -140  )
( -146  -122  51  )
( 40  -84  -51  )
( 93  -8  -3  )
( 135  -122  124  )
( -108  -126  -140  )
( 97  26  -56  )
( 83  40  97  )
( -3  -30  129  )
( -126  -143  40  )
( 130  26  121  )
( -50  18  -31  )
( 20  -125  108  )
( 128  110  -146  )
( 20  -125  -75  )
( -83  99  -131  )
( -45  -149  -116  )
( 69  -13  -77  )
( -147  -99  -102  )
( 108  -95  127  )
( -82  69  138  )
( -113  86  46  )
( 103  -108  10  )
( 113  -134  -137  )
( -36  -39  33  )
( 23  129  51  )
( 59  -65  -136  )
( 148  -55  -36  )
( 37  -115  146  )
( 42  117  -142  )
( 78  24  115  )
( 40  149  37  )
( 4  77  144  )
( -84  56  27  )
( 95  -90  -0  )
( 81  7  -89  )
( 50  -77  147  )
( 42  -141  3  )
( -13  51  83  )
( 116  -28  83  )
( -36  -102  29  )
( 125  -105  32  )
( -83  44  -41  )
( -109  -113  107  )
( -122  -58  116  )
( 78  -92  -1  )
( -127  103  -1  )
( -54  75  -57  )
( 97  -77  114  )
( -38  105  -125  )
( -93  109  71  )
( 83  -31  -80  )
( -84  125  -44  )
( 117  31  80  )
( 72  -47  44  )
( -99  -28  134  )
( -17  -55  -88  )
( -122  67  -22  )
( 98  11  88  )
( 31  129  -131  )
( -5  -28  11  )
( 64  50  60  )
( 72  -18  24  )
( 113  -37  50  )
( -89  100  86  )
( 96  -67  -53  )
( 46  137  19  )
( -25  -109  -34  )
( 46  -107  -125  )
( 139  101  81  )
( 12  -118  67  )
( 143  24  -8  )
( -138  18  105  )
( -51  144  29  )
( 87  -126  -64  )
( 125  129  -95  )
( -140  70  -149  )
( 145  -68  136  )
( -14  99  9  )
( 96  -107  -85  )
( -42  -141  -113  )
( -7  -5  77  )
( -43  68  -46  )
( -64  -67  -103  )
( 87  143  -105  )
( -58  -138  76  )
( 37  -51  71  )
( 62  -129  140  )
( -5  -116  77  )
( -94  82  -99  )
( 2  18  -132  )
( 99  -122  -91  )
( -1  130  -48  )
( 14  -3  -117  )
( 121  -49  94  )
( 48  84  23  )
( 11  -53  -93  )
( 144  29  -18  )
( -55  -18  149  )
( -76  89  -117  )
( -81  -76  -20  )
( 16  29  80  )
( 118  122  17  )
( 138  67  148  )
( 117  149  76  )
( -20  -144  -9  )
( -48  83  112  )
( -92  77  148  )
( 51  -113  -90  )
( 77  1  -55  )
( -130  -60  144  )
( -97  3  -93  )
( 33  -36  -12  )
( 43  -12  105  )
( 43  69  73  )
( 14  -89  148  )
( 129  106  131  )
( 105  7  82  )
( -87  -141  -61  )
( 14  -109  3  )
( -130  102  -84  )
( -57  94  -21  )
( 11  144  -47  )
( -21  144  116  )
( 37  -92  -97  )
( 27  55  -93  )
( 116  -145  -98  )
( 100  -142  -119  )
( 32  -129  93  )
( 91  30  -75  )
( -2  -101  54  )
( -143  -26  149  )
( 71  -142  -29  )
( -80  69  53  )
( 129  0  76  )
( -2  -83  -23  )
( 104  -74  34  )
( 68  22  120  )
( 2  -17  -121  )
( -141  -53  -111  )
( 72  52  -31  )
( -9  -47  139  )
( -144  -121  -114  )
( 54  67  -105  )
( 107  -43  149  )
( -53  -16  148  )
( -102  82  79  )
( 31  32  50  )
( 47  106  -53  )
( -23  -53  143  )
( 73  32  121  )
( -100  65  -84  )
( 133  113  19  )
( -125  32  41  )
( -110  140  18  )
( 3  -54  -10  )
( 94  -119  -26  )
( 111  119  -113  )
( 45  67  143  )
( 111  8  -13  )
( -78  -29  -144  )
( 74  -10  -86  )
( -59  5  -80  )
( 7  140  53  )
( -61  -69  -13  )
( 65  -38  136  )
( 8  -149  140  )
( 89  -87  -15  )
( -51  -26  -144  )
( -36  -68  93  )
( 118  -9  139  )
( 103  -124  75  )
( -115  -12  71  )
( 74  129  -60  )
( -9  134  -17  )
( -84  -109  17  )
( 33  -143  -18  )
( 94  103  -134  )
( -103  21  48  )
( -136  -146  -72  )
( -55  20  -88  )
( -123  63  38  )
( -144  -139  -82  )
( 15  145  0  )
( -46  -141  -54  )
( 82  -97  -42  )
( -126  5  94  )
( 102  122  -71  )
( 59  111  -119  )
( -48  -38  62  )
( -30  122  -94  )
( -55  -67  136  )
( -97  -57  129  )
( -14  -89  68  )
( -94  104  84  )
( 144  -94  42  )
( -34  -102  75  )
( 113  -76  62  )
( -55  -36  -118  )
( 92  54  57  )
( -63  111  -58  )
( -141  -44  -23  )
( 68  40  107  )
( -34  -134  -71  )
( -81  -30  -42  )
( -91  117  -41  )
( -140  -58  -127  )
( -40  58  -12  )
( -58  -45  31  )
( 80  127  -92  )
( 55  44  125  )
( 42  -131  29  )
( -137  -70  83  )
( -67  -126  -116  )
( -147  6  -47  )
( -130  46  82  )
( 100  -56  137  )
( 64  26  73  )
( -11  -44  -57  )
( 83  129  119  )
( 76  -42  -12  )
( 111  86  117  )
( -88  -47  -115  )
