( -76  9  7  )
( 74  111  -22  )
( -115  -45  87  )
( 28  -34  132  )
( -40  -49  -27  )
( 80  -52  -131  )
( 135  94  -88  )
( 55  -2  20  )
( -130  -59  -71  )
( 56  92  -34  )
( 7  80  -147  )
( -142  -145  116  )
( -3  -14  41  )
( 115  -118  87  )
( 26  -121  -112  )
( 130  -50  -49  )
( 62  16  11  )
( 118  -0  110  )
( 32  48  100  )
( 131  8  88  )
( -65  -85  114  )
( 69  -5  89  )
( -137  -69  97  )
( 61  116  28  )
( 110  -82  111  )
( -143  75  -4  )
( -147  -104  17  )
( 78  99  68  )
( 22  92  74  )
( 30  -102  95  )
( -96  14  134  )
( 136  -29  128  )
( 67  48  59  )
( -98  14  -89  )
( -13  -29  -111  )
( -62  146  128  )
( 51  -142  104  )
( 23  -142  -79  )
( 125  -74  -88  )
( -12  109  63  )
( -16  114  26  )
( -73  27  102  )
( -3  -79  -140  )
( 28  -129  -115  )
( -45  61  -35  )
( -114  146  52  )
( -44  54  -63  )
( -31  81  -117  )
( 59  -147  103  )
( -5  34  139  )
( -21  142  -121  )
( 106  10  -13  )
( -18  -118  106  )
( 116  9  -76  )
( 99  -136  -9  )
( 24  -144  -45  )
( -109  36  -112  )
( 79  -139  61  )
( 89  22  32  )
( -39  88  -137  )
( 97  121  124  )
( 13  -119  63  )
( 98  138  130  )
( -137  -55  129  )
( -22  -146  -74  )
( 92  -142  -17  )
( -77  -106  54  )
( -100  -78  -57  )
( 134  132  87  )
( -68  61  58  )
( -112  -146  13  )
( -49  35  -90  )
( 19  78  132  )
( -22  2  -74  )
( -119  -96  95  )
( -95  -84  -27  )
( 16  -128  -40  )
( -7  -81  -43  )
( 46  -26  -88  )
( 95  99  -29  )
( 21  -59  -98  )
( 148  -6  113  )
( 106  77  -53  )
( -112  19  -40  )
( 2  -135  12  )
( 55  -138  -6  )
( -102  -130  77  )
( 0  -54  36  )
( 115  -129  109  )
( -32  89  -134  )
( -17  -119  -77  )
( 5  -143  44  )
( 147  88  111  )
( 118  -62  -78  )
( -31  -49  -129  )
( 96  3  -31  )
( -63  8  -51  )
( 79  -78  93  )
( -100  12  -119  )
( 32  100  55  )
( -83  117  9  )
( -114  54  -149  )
( -87  104  -140  )
( 142  4  -96  )
( 97  115  -0  )
( -67  -62  -139  )
( 87  -107  134  )
( 73  -141  -39  )
( -64  80  -69  )
( 62  -122  -0  )
( 129  23  -120  )
( -6  -46  32  )
( -112  -0  -39  )
( -125  12  -88  )
( 115  -59  87  )
( -72  -8  76  )
( 15  10  116  )
( 83  24  146  )
( 42  51  -25  )
( -22  -11  65  )
( 16  -63  112  )
( 48  -145  65  )
( 5  68  -44  )
( -22  132  43  )
( -84  -1  -18  )
( 2  -111  11  )
( -31  85  61  )
( -76  7  93  )
( 70  45  -85  )
( 91  -64  -146  )
( 38  -42  65  )
( -47  53  99  )
( 71  3  139  )
( 144  -34  136  )
( 144  -121  -64  )
( -7  -104  31  )
( 127  -126  -110  )
( 61  1  -121  )
( 94  45  -77  )
( -24  3  101  )
( 69  -99  110  )
( -135  -13  81  )
( 60  -115  110  )
( -49  24  50  )
( 107  104  58  )
( -102  -105  -31  )
( 5  136  69  )
( -108  -106  28  )
( -49  -110  -58  )
( -143  144  -56  )
( 132  139  -102  )
( -99  -48  0  )
( 33  -119  -124  )
( 133  -36  112  )
( -58  -3  -129  )
( -127  -77  -58  )
( 145  -61  12  )
( -43  145  -59  )
( 80  73  -95  )
( -16  -28  -98  )
( 10  34  -23  )
( -58  64  -25  )
( 84  -105  -81  )
( 28  113  137  )
( -118  -60  -7  )
( -133  -43  -32  )
( 112  46  14  )
( 127  107  29  )
( -125  -77  -42  )
( -104  33  -0  )
( -23  -63  -47  )
( -103  90  -132  )
( -130  -11  96  )
( -134  133  41  )
( 81  -64  -127  )
( -149  16  -50  )
( -19  140  75  )
( 130  -47  86  )
( -37  38  11  )
( 105  116  -92  )
( -76  -26  140  )
( 89  129  -101  )
( 40  103  54  )
( -54  -65  5  )
( 85  48  -77  )
( -90  6  -82  )
( -26  36  -90  )
( 130  34  -0  )
( -65  103  57  )
( -144  70  -146  )
( 125  -5  131  )
( -148  -14  147  )
( -49  65  -128  )
( -102  -17  -137  )
( -42  -29  -64  )
( 57  22  0  )
( -58  114  97  )
( 73  117  -34  )
( -101  -136  -52  )
( -105  -81  -79  )
( 34  60  -0  )
( -4  -35  121  )
( 48  80  9  )
( 122  95  109  )
( -80  -61  39  )
( -27  -123  -60  )
( 21  -108  -131  )
( 62  -125  -43  )
( 95  -7  69  )
( -89  41  13  )
( 121  -45  -99  )
( -61  0  -133  )
( -116  -137  114  )
( -85  -134  -69  )
( -130  54  56  )
( 105  108  78  )
( -148  -92  -43  )
( -89  110  52  )
( 25  -136  5  )
( 7  10  -109  )
( -117  -32  -20  )
( 144  49  -90  )
( -88  -133  -102  )
( -102  140  -147  )
( -68  -10  59  )
( 80  89  -108  )
( -17  -39  75  )
( -46  112  -101  )
( 27  58  63  )
( 100  -0  -119  )
( -14  -93  -79  )
( 56  -18  -32  )
( 32  -138  -118  )
( -55  87  -134  )
( -21  43  2  )
( -83  113  -119  )
( -112  -65  60  )
( -50  -55  -44  )
( -12  -4  -81  )
( -15  66  41  )
( 137  -15  124  )
( -95  4  125  )
( 49  148  -108  )
( 24  -81  103  )
( 132  -44  -123  )
( 108  -24  100  )
( 94  -40  -46  )
( 39  -51  83  )
( 139  -32  -50  )
( 62  -125  123  )
( 84  -45  -28  )
( 83  -72  20  )
( 86  123  72  )
( 82  -149  -60  )
( 54  149  -18  )
( 122  -54  -21  )
( -142  -111  -137  )
( -96  -62  144  )
( 40  -110  92  )
( -71  -48  -72  )
( 18  -40  -34  )
( -82  -135  -114  )
( 74  144  128  )
( -94  60  -137  )
( 8  -144  75  )
( -128  21  -82  )
( 112  -53  49  )
( 57  -40  -94  )
( 145  120  63  )
( -81  52  -134  )
( 24  -66  -135  )
( -2  95  -111  )
( 12  72  -11  )
( -55  10  138  )
( 131  -91  -135  )
( 135  44  19  )
( 48  137  -7  )
( -42  -54  -136  )
( 87  19  49  )
( -19  -4  7  )
( 48  130  -24  )
( 65  117  -83  )
( 58  -57  142  )
( -117  -63  85  )
( -2  -121  49  )
( 8  79  -10  )
( 21  43  115  )
( 25  107  -138  )
( -132  -128  113  )
( -88  98  -104  )
( 23  -42  -27  )
( 147  -58  -106  )
( -60  -63  -29  )
( -4  -58  -104  )
( 3  -24  101  )
( 126  -41  -33  )
( 82  87  122  )
( -58  -25  -32  )
( 26  -27  8  )
( 35  -71  -9  )
( 18  -127  -22  )
( -100  -76  -70  )
( 57  29  67  )
( -106  -58  82  )
( 132  147  -55  )
( -91  134  -93  )
( 62  -70  -93  )
( 50  -64  147  )
( -59  87  118  )
( -31  -102  -101  )
( 106  59  27  )
( 129  -50  75  )
( -110  -66  -51  )
( 149  -17  23  )
( 122  -38  120  )
( 66  125  132  )
( 140  -137  129  )
( 84  -44  -131  )
( 133  119  -62  )
( -65  66  39  )
( 123  11  -107  )
( -69  -43  -128  )
( -104  62  -119  )
( 75  -4  -48  )
( 115  -10  -102  )
( 85  -70  -39  )
( -17  -98  -134  )
( -115  -68  -134  )
( 128  -66  -95  )
( -149  97  -106  )
( 60  -112  -137  )
( -65  82  -73  )
( -107  -135  127  )
( -85  92  149  )
( -36  67  127  )
( -120  -106  113  )
( -90  70  -132  )
( 89  -110  -0  )
( -84  41  35  )
( 39  -90  -111  )
( -74  -120  -85  )
( 69  10  -104  )
( -75  38  107  )
( 134  7  -3  )
( -143  -66  144  )
( 35  9  68  )
( -72  -38  91  )
( -136  -9  -106  )
( 127  -0  51  )
( -93  94  -10  )
( 75  60  -37  )
( -14  132  73  )
( 137  59  100  )
( -118  -113  98  )
( -126  -107  85  )
( 127  -19  118  )
( -122  -129  77  )
( 17  6  132  )
( 76  -37  -24  )
( 146  -15  61  )
( 88  61  -56  )
( 94  -10  -78  )
( 42  -102  -138  )
( 141  45  -64  )
( -119  -41  139  )
( 83  81  -71  )
( -40  -47  119  )
( -144  -114  -54  )
( 73  -34  -112  )
( 65  63  36  )
( -86  -52  -6  )
( -87  -103  -96  )
( 54  -10  -129  )
( 82  -96  -32  )
( -10  -19  3  )
( 66  87  -68  )
( -136  -20  10  )
( -63  95  -73  )
( 27  -73  48  )
( 124  -81  -49  )
( -32  -39  -61  )
( -1  148  -21  )
( 23  66  -133  )
( 12  68  0  )
( 130  -18  95  )
( 149  50  139  )
( -11  117  53  )
( -6  27  88  )
( -28  -127  44  )
( -103  143  -116  )
( 135  -75  -46  )
( -53  -79  114  )
( 70  115  -89  )
( 30  -10  108  )
( 49  -87  108  )
( -89  -135  -72  )
( -99  -111  60  )
( -39  6  81  )
( -112  98  -139  )
( 103  -1  -31  )
( 2  70  -118  )
( 8  32  123  )
( -73  101  10  )
( 92  110  -42  )
( -145  -67  -7  )
( -38  -6  -64  )
( -55  20  12  )
( -79  131  -73  )
( -100  14  -83  )
( -113  -109  -72  )
( -105  56  -49  )
( -142  -4  -130  )
( -78  -99  32  )
( -95  -82  141  )
( 70  -14  -141  )
( 62  -2  -81  )
( -66  103  16  )
( -12  -140  66  )
( -109  -49  -53  )
( 102  -95  47  )
( -25  59  98  )
( -110  21  149  )
( -46  -134  -137  )
( 26  -56  -30  )
( 131  -57  105  )
( -95  -68  100  )
( 109  133  26  )
( -39  147  12  )
( -90  37  -120  )
( 25  143  106  )
( -148  -42  -27  )
( 22  -145  -136  )
( 13  -26  61  )
( 4  -75  -136  )
( 18  24  -137  )
( 15  34  -104  )
( -19  -132  -52  )
( -100  98  73  )
( 17  13  -50  )
( -43  18  -72  )
( -91  79  -94  )
( -120  20  -110  )
( -68  -115  100  )
( -30  -11  -19  )
( 110  14  -65  )
( -12  130  84  )
( -129  -96  -10  )
( -95  25  -2  )
( 141  -88  -41  )
( -112  22  107  )
( -53  -89  -79  )
( -131  58  -128  )
( -117  -123  91  )
( 147  -100  -114  )
( 12  32  36  )
( -1  -31  -5  )
( 72  16  -29  )
( 109  -70  -2  )
( -82  -8  -92  )
( 72  -27  -21  )
( -45  -135  64  )
( -1  106  -100  )
( 114  94  -13  )
( -128  146  81  )
( 34  -144  -79  )
( -103  -78  -107  )
( 66  -125  103  )
( 10  -81  -97  )
( -142  132  71  )
( 122  31  74  )
( -102  141  132  )
( -13  -1  137  )
( 147  140  -131  )
( -140  148  122  )
( -43  -3  -87  )
( 136  -55  -12  )
( 12  -4  126  )
( 124  -112  97  )
( 72  -32  -78  )
( -66  -135  140  )
( 55  -117  -54  )
( 56  8  -104  )
( 115  -116  131  )
( 126  -82  91  )
( 44  2  -79  )
( -135  -44  -52  )
( -77  34  62  )
( -58  -62  46  )
( 44  -104  -4  )
( 73  -8  -65  )
( -137  -40  -57  )
( 133  -95  74  )
( -67  -146  -0  )
( -100  -82  -1  )
( -18  105  108  )
( -78  12  126  )
( 40  -28  -79  )
( -51  85  37  )
( 45  84  -76  )
( -71  9  -149  )
( 136  34  113  )
( -100  -69  37  )
( 2  -59  104  )
( -75  45  -60  )
( 66  -76  99  )
( 44  -93  145  )
( -138  -7  88  )
( -126  60  -145  )
( -53  -96  11  )
( 104  -83  91  )
( 69  -7  49  )
( 147  108  30  )
( -6  -50  -57  )
( 30  3  -59  )
( -134  -108  -78  )
( -82  -136  77  )
( 68  99  108  )
( 88  79  12  )
( -38  -61  131  )
( -15  -69  -148  )
( 149  62  26  )
( -141  132  -67  )
( 60  22  -40  )
( -52  130  -34  )
( 100  -20  19  )
( -103  119  38  )
( 8  6  -51  )
( -110  -43  -122  )
( -3  146  -112  )
( -9  38  -109  )
( 47  -81  103  )
( 125  -53  -133  )
( -9  -146  142  )
( 123  109  41  )
( 28  -107  90  )
( -124  -48  17  )
( 55  127  25  )
( 142  26  -105  )
( -32  -124  5  )
( 61  -129  139  )
( -21  -83  -43  )
( 108  112  -38  )
( 23  -95  -141  )
( -68  -96  60  )
( -93  128  77  )
( 46  -88  -144  )
( -148  60  -3  )
( -86  -66  -60  )
( 116  20  -135  )
( 61  81  148  )
( 66  -0  -35  )
( -121  59  72  )
( 125  -6  117  )
( -142  114  -84  )
( 143  112  25  )
( 3  88  -72  )
( -99  146  -82  )
( -26  -39  127  )
( 40  13  -103  )
( -75  -22  -91  )
( 110  -31  87  )
( 117  30  -148  )
( -72  -96  77  )
( 56  -22  -76  )
( -47  -57  -86  )
( 105  23  84  )
( 3  83  56  )
( 27  7  -39  )
( 77  18  99  )
( 45  -14  -25  )
( -121  -52  -8  )
( -134  -91  90  )
( -79  117  -36  )
( -51  86  -31  )
( 81  -16  0  )
( -92  -123  -135  )
( 66  51  -129  )
( -101  -36  54  )
( -31  112  -134  )
( -90  -78  -6  )
( -141  -119  45  )
( -146  -97  -2  )
( 89  37  -76  )
( 117  -51  127  )
( 103  99  -89  )
( 7  73  95  )
( -4  65  56  )
( 55  34  83  )
( -55  -35  111  )
( -114  51  -127  )
( 136  25  9  )
( -144  -120  -66  )
( 92  63  -48  )
( 66  -74  -94  )
( -126  28  -136  )
( -72  37  108  )
( 122  -29  36  )
( 76  72  -65  )
( 47  143  40  )
( 129  138  -123  )
( -147  42  -26  )
( -36  -49  -100  )
( -20  -26  15  )
( 132  139  -62  )
( -57  131  137  )
( 93  -12  -34  )
( 138  -122  -46  )
( 63  -70  -109  )
( 54  -57  -109  )
( -135  41  -48  )
( -32  19  23  )
( -86  59  -97  )
( 93  53  -141  )
( -31  -10  119  )
( -137  -78  128  )
( -35  126  -112  )
( 88  118  -146  )
( -6  88  146  )
( 119  -52  -138  )
( -144  118  91  )
( -22  94  -141  )
( -99  47  105  )
( 70  -20  148  )
( 43  141  138  )
( 78  118  43  )
( -104  -111  39  )
( 57  9  -50  )
( -102  115  -76  )
( -80  -63  132  )
( 149  -45  64  )
( -95  -81  -49  )
( -139  24  -92  )
( 62  17  -117  )
( -133  -147  -31  )
( -103  -14  4  )
( -83  38  54  )
( 85  99  31  )
( -18  121  68  )
( -43  137  70  )
( 24  -145  85  )
