( 145  10  106  )
( 147  -25  -133  )
( 60  59  -35  )
( 77  111  -65  )
( -83  -13  -21  )
( 147  75  9  )
( 95  -128  11  )
( -11  87  71  )
( 2  21  105  )
( 23  -67  -139  )
( -74  -96  133  )
( 91  4  -147  )
( 140  -6  78  )
( 96  -133  -122  )
( 135  24  -21  )
( -6  50  48  )
( -45  21  135  )
( 111  -56  -119  )
( 60  -136  -83  )
( 102  117  -42  )
( -7  106  115  )
( 23  49  -4  )
( 148  -84  89  )
( 55  -44  -21  )
( -141  -67  116  )
( 81  124  83  )
( -49  -126  147  )
( -5  26  82  )
( 4  141  123  )
( 37  144  127  )
( 6  -39  -110  )
( 13  -59  -26  )
( 143  -145  -65  )
( 5  79  -72  )
( 57  10  -103  )
( -22  80  -72  )
( 42  -100  125  )
( -9  -114  124  )
( -50  58  -140  )
( -116  -103  87  )
( 4  75  14  )
( 26  112  -148  )
( -43  116  62  )
( 69  21  -100  )
( -41  91  -108  )
( 118  139  -95  )
( -142  -102  74  )
( 56  -72  145  )
( -148  -89  22  )
( 58  99  77  )
( -86  80  -68  )
( -19  -90  -56  )
( 128  -16  35  )
( 20  -45  87  )
( 129  -21  96  )
( 35  -60  -143  )
( 30  71  105  )
( -84  11  113  )
( 37  76  -73  )
( 6  68  -43  )
( 145  100  52  )
( 1  64  132  )
( -133  -78  -101  )
( -37  -88  -46  )
( -74  143  -36  )
( -53  102  114  )
( 120  -116  -123  )
( -51  108  -105  )
( 141  127  -15  )
( -26  -80  39  )
( -146  60  -110  )
( -61  52  -129  )
( -31  70  83  )
( -49  -42  83  )
( -117  -19  53  )
( 113  130  -111  )
( 14  0  -109  )
( 0  26  -96  )
( 14  -22  -54  )
( 84  -34  107  )
( -81  35  -67  )
( 103  -14  -20  )
( 47  -83  -9  )
( 60  106  -143  )
( 126  -93  122  )
( -10  -71  -43  )
( -38  130  82  )
( -2  141  131  )
( 91  -45  -82  )
( 135  -133  -33  )
( -66  -9  90  )
( 11  131  -12  )
( 32  70  47  )
( -28  96  -122  )
( -116  41  -1  )
( -33  73  -61  )
( 123  -92  55  )
( -74  8  -114  )
( 133  118  147  )
( 46  -60  98  )
( -68  4  -32  )
( 25  7  127  )
( -37  87  64  )
( 76  -127  -77  )
( -113  134  104  )
( -123  69  -78  )
( -8  -32  -31  )
( 95  147  -125  )
( -44  -131  -74  )
( -45  -40  121  )
( -132  58  61  )
( 120  -91  74  )
( -74  75  92  )
( 64  -3  -29  )
( 18  -15  149  )
( -79  147  -118  )
( 131  123  80  )
( 143  133  81  )
( -103  -5  36  )
( 8  134  -0  )
( 22  -57  93  )
( 80  137  -131  )
( 19  -95  -28  )
( 89  12  55  )
( 93  62  -139  )
( 65  64  -56  )
( -14  134  -119  )
( -51  -118  -1  )
( -90  12  39  )
( 30  62  -96  )
( -140  125  -9  )
( 36  80  -125  )
( -53  -7  139  )
( -38  67  -107  )
( 5  -106  118  )
( -43  40  46  )
( 72  49  18  )
( 64  17  -115  )
( -83  16  -135  )
( 120  145  41  )
( 39  83  68  )
( -123  -110  -111  )
( 79  128  -8  )
( -15  -31  35  )
( 34  6  58  )
( 9  22  70  )
( 7  -14  -84  )
( -12  35  -118  )
( -14  149  103  )
( 91  -53  -106  )
( 93  144  -59  )
( -125  55  143  )
( 18  -64  -99  )
( 99  43  -34  )
( -50  73  90  )
( 51  -3  129  )
( -109  -79  121  )
( 109  -64  -46  )
( -59  -102  101  )
( 131  115  -26  )
( 15  90  -5  )
( -96  108  -143  )
( -101  -128  -51  )
( 116  -59  65  )
( -80  -49  -55  )
( -123  99  -106  )
( 80  -59  -107  )
( 108  12  43  )
( 124  -78  66  )
( 131  4  -72  )
( 41  116  -127  )
( -105  -16  -99  )
( 91  -119  146  )
( 59  -149  -123  )
( 31  -26  -62  )
( -99  23  24  )
( -25  -18  -34  )
( -85  7  -128  )
( -77  -140  55  )
( -137  -80  125  )
( -38  146  -18  )
( -49  -111  38  )
( -65  -76  146  )
( 144  -139  41  )
( -15  -121  140  )
( -86  -119  -124  )
( 49  106  96  )
( 114  -76  63  )
( -145  103  130  )
( 89  149  7  )
( 112  20  97  )
( 41  124  -75  )
( -75  21  48  )
( 56  -21  25  )
( -49  -111  -116  )
( 114  17  139  )
( -54  -117  21  )
( 110  -87  43  )
( 13  -46  -128  )
( -30  59  124  )
( 115  -112  -121  )
( 95  -125  46  )
( 63  107  -38  )
( -57  50  40  )
( -117  85  -125  )
( 147  73  -26  )
( -85  -127  19  )
( 63  119  -140  )
( -25  119  76  )
( 46  144  57  )
( -27  -122  50  )
( 106  -33  -32  )
( 121  26  -52  )
( -127  33  124  )
( -26  -131  -85  )
( -118  -59  -72  )
( 125  -116  149  )
( -101  50  -52  )
( -69  -5  -103  )
( 122  -126  -6  )
( 124  -0  -13  )
( -126  -73  128  )
( -138  -63  115  )
( -18  74  32  )
( 15  -36  25  )
( 5  -16  95  )
( 137  121  55  )
( -64  -17  48  )
( 79  -144  -46  )
( -68  103  -142  )
( 36  31  -141  )
( 36  -84  23  )
( -5  -88  -63  )
( 78  25  -146  )
( 139  79  -48  )
( -123  -119  -139  )
( -39  -52  104  )
( -100  90  146  )
( -28  -78  79  )
( 17  -132  -100  )
( 83  99  -34  )
( -10  96  -65  )
( 118  44  -31  )
( -32  -3  107  )
( -89  0  -47  )
( 95  -31  140  )
( -125  -123  -127  )
( 123  -3  -26  )
( 138  -7  -56  )
( -44  131  49  )
( 44  128  23  )
( -2  3  107  )
( -21  -32  -56  )
( -114  142  136  )
( -3  148  36  )
( 44  -31  115  )
( -53  -125  -123  )
( -45  96  -12  )
( -127  89  -73  )
( -25  -116  131  )
( 56  -29  68  )
( -71  39  13  )
( -130  -17  1  )
( 16  52  -123  )
( 79  43  62  )
( -96  -114  -28  )
( 82  -103  -18  )
( -67  142  15  )
( 83  60  123  )
( 0  -133  44  )
( 29  -120  -58  )
( 110  -105  -144  )
( -90  -132  110  )
( 104  -149  56  )
( -114  -38  133  )
( 58  -129  -52  )
( 74  105  -10  )
( 61  -90  105  )
( 74  -140  42  )
( -25  126  -47  )
( -82  73  29  )
( 52  84  15  )
( -30  67  121  )
( 6  -24  -45  )
( 47  69  -126  )
( 65  -56  79  )
( -112  -15  131  )
( -18  13  47  )
( 92  76  -23  )
( -24  39  82  )
( 66  52  110  )
( 130  -21  -83  )
( 71  -88  91  )
( -41  78  2  )
( -37  42  123  )
( -59  132  -135  )
( -55  39  -43  )
( 123  -140  -54  )
( -92  -116  -63  )
( -99  -68  -63  )
( -115  -102  12  )
( 144  57  43  )
( -72  46  -18  )
( 99  -141  -89  )
( 95  -101  106  )
( 132  -126  0  )
( -16  2  36  )
( 149  2  -132  )
( -140  -37  141  )
( -48  31  25  )
( 28  110  49  )
( 16  66  -30  )
( 48  -110  -133  )
( 30  -7  -58  )
( -106  -148  4  )
( 148  -21  -143  )
( -131  -49  -122  )
( -141  -131  -75  )
( -74  40  -135  )
( 49  108  -146  )
( -57  137  -108  )
( 133  16  -144  )
( 108  141  -69  )
( -101  -100  143  )
( -4  149  -43  )
( 97  -34  118  )
( -20  130  -64  )
( -117  113  40  )
( -10  -140  48  )
( -31  -92  105  )
( -119  51  53  )
( -145  61  -10  )
( 117  81  25  )
( 64  -80  -109  )
( -121  -43  -123  )
( 109  54  41  )
( 37  79  8  )
( 118  86  -16  )
( -13  -15  -98  )
( 105  -43  -135  )
( -76  -134  -1  )
( -80  120  18  )
( -9  -127  98  )
( -102  -149  -76  )
( 17  31  -66  )
( -81  -119  -19  )
( -37  -16  -121  )
( 125  108  64  )
( 109  -50  148  )
( 143  93  -44  )
( 114  -52  -130  )
( -11  130  -78  )
( -62  -94  93  )
( 130  -145  -15  )
( -60  -108  -144  )
( -92  -119  65  )
( -57  -59  123  )
( -44  73  99  )
( 77  57  145  )
( -59  -56  -116  )
( -117  46  -106  )
( -8  66  -104  )
( 134  -108  -119  )
( 141  59  76  )
( 38  39  20  )
( -133  80  -101  )
( 28  -12  -33  )
( -99  -132  15  )
( -78  90  -37  )
( 147  -41  -99  )
( 27  -108  71  )
( -0  96  -35  )
( -15  21  -50  )
( 14  -22  -38  )
( 31  71  -9  )
( -143  144  -67  )
( 19  77  64  )
( -81  -33  -124  )
( 22  99  -98  )
( 64  -111  -126  )
( -79  -18  4  )
( -34  112  95  )
( -139  55  -128  )
( 84  74  44  )
( 85  -35  -75  )
( 82  114  27  )
( -113  116  -44  )
( -32  -26  -101  )
( -97  -86  83  )
( 84  30  -125  )
( 56  63  -50  )
( -66  88  -30  )
( 4  -103  -62  )
( -112  126  -120  )
( 49  39  38  )
( -8  -42  78  )
( -25  -21  -123  )
( -146  -127  138  )
( 74  -30  -79  )
( 43  -40  93  )
( 40  -23  15  )
( -6  -140  -116  )
( -72  53  -41  )
( -140  68  132  )
( 18  -129  -115  )
( 131  148  -49  )
( 81  3  -72  )
( 38  -43  -118  )
( 135  46  -141  )
( 86  87  102  )
( -52  46  67  )
( -41  -58  48  )
( -57  21  -91  )
( 63  -93  38  )
( 122  4  -120  )
( 33  142  6  )
( -97  -147  -149  )
( 144  15  -82  )
( 72  -65  -89  )
( 88  -7  107  )
( -101  85  17  )
( 25  83  -51  )
( 80  -128  -121  )
( -85  148  -61  )
( -111  -88  -21  )
( -45  67  119  )
( -78  -62  86  )
( 82  -15  -9  )
( 38  -46  71  )
( -91  -61  18  )
( -38  14  -7  )
( -145  -19  -52  )
( 52  130  26  )
( 80  33  11  )
( 46  132  3  )
( -65  -16  -4  )
( 34  -42  -45  )
( -144  -47  147  )
( 23  77  -28  )
( 50  -61  -63  )
( -119  -35  -12  )
( -76  -111  -0  )
( -26  -7  -126  )
( 1  -72  -4  )
( 91  -4  -100  )
( -117  65  -76  )
( 78  -109  8  )
( 8  -31  26  )
( 124  49  112  )
( -108  -54  92  )
( -2  -145  -100  )
( 103  96  111  )
( 144  9  -148  )
( -145  -24  81  )
( -47  85  -132  )
( 85  -3  -90  )
( 58  127  -72  )
( -122  -50  -47  )
( 67  -77  -92  )
( -100  19  128  )
( 102  -38  115  )
( -148  47  -29  )
( 117  -142  61  )
( -1  36  57  )
( 11  105  130  )
( 31  69  16  )
( 139  100  68  )
( -82  34  20  )
( -18  141  62  )
( -129  29  -147  )
( -125  -50  108  )
( 36  85  -131  )
( 136  88  -102  )
( 87  30  -138  )
( 141  -79  1  )
( -38  -8  29  )
( -22  -115  123  )
( -145  46  98  )
( -70  -46  -24  )
( 102  -15  57  )
( -10  93  -118  )
( 144  -97  46  )
( 89  120  -45  )
( 139  -118  -10  )
( 145  92  -109  )
( 30  67  38  )
( 99  70  104  )
( 69  -19  55  )
( 1  72  -68  )
( -89  -100  -131  )
( -132  -103  -73  )
( -54  122  -113  )
( 129  -52  1  )
( -73  40  -11  )
( 48  92  146  )
( -63  -141  -5  )
( -127  -93  37  )
( 117  100  -47  )
( 119  98  1  )
( 101  2  94  )
( -35  31  -86  )
( 119  -149  -23  )
( -116  64  -58  )
( 142  -48  12  )
( 85  67  -1  )
( -89  -103  144  )
( 46  -31  -38  )
( 0  -28  -38  )
( -131  -93  65  )
( -96  -41  106  )
( -111  -81  95  )
( 75  118  -80  )
( -131  70  68  )
( 126  -82  -25  )
( 59  97  -64  )
( -72  77  -6  )
( 46  81  -137  )
( -13  50  133  )
( -23  92  -105  )
( -133  -65  -56  )
( -104  -118  48  )
( 41  -22  -20  )
( 117  149  -20  )
( 86  -82  44  )
( -59  -47  -12  )
( -110  -82  -74  )
( -5  1  41  )
( 134  63  71  )
( 56  83  -58  )
( 7  -39  80  )
( 38  -40  -11  )
( -83  -130  142  )
( -135  148  -66  )
( -24  106  80  )
( -126  -21  -68  )
( 96  37  -17  )
( -48  -60  -68  )
( -82  74  -113  )
( -4  -31  -93  )
( -116  -51  127  )
( 42  43  31  )
( -9  30  18  )
( -32  88  -46  )
( 144  -65  -97  )
( -26  -53  -64  )
( -107  64  -143  )
( -55  7  105  )
( -65  60  12  )
( -99  -48  -107  )
( -68  -45  115  )
( -147  30  -43  )
( -111  -68  -94  )
( 39  -111  135  )
( 2  24  -122  )
( -70  101  76  )
( 138  -94  111  )
( 137  -26  109  )
( 83  89  -35  )
( 98  122  38  )
( -141  29  -127  )
( 17  145  71  )
( -57  62  -119  )
( 115  -103  23  )
( -80  -57  -69  )
( -56  -48  -45  )
( -32  -40  -65  )
( -78  135  -47  )
( 7  -29  -13  )
( -106  120  78  )
( -2  74  144  )
( -128  33  108  )
( -134  149  65  )
( 117  -135  -87  )
( 122  -38  -82  )
( -73  120  130  )
( -22  11  -36  )
( -104  89  67  )
( 126  -32  99  )
( 136  62  -57  )
( -114  36  -13  )
( -64  -56  -129  )
( -134  -17  3  )
( -69  -77  21  )
( 116  -85  86  )
( 19  -83  54  )
( -137  50  147  )
( -6  -48  -112  )
( 77  -38  29  )
( -149  -108  -51  )
( 14  -63  -56  )
( -40  -62  -83  )
( 118  -85  -65  )
( 54  -116  -47  )
( 26  44  12  )
( -145  125  60  )
( -140  94  54  )
( -74  -10  64  )
( -28  62  29  )
( 80  141  86  )
( 69  -31  90  )
( -131  119  -120  )
( 142  114  -12  )
( 28  123  6  )
( -77  92  -29  )
( -123  -126  -148  )
( -66  -57  -126  )
( 29  86  -89  )
( -52  132  112  )
( -37  -10  53  )
( 48  70  114  )
( 92  -6  -136  )
( 4  121  -86  )
( 36  -143  121  )
( 35  -75  5  )
( -134  103  19  )
( -36  -110  84  )
( -6  110  -129  )
( 90  13  48  )
( 123  -41  76  )
( 53  145  69  )
( 55  -140  0  )
( 117  -46  -31  )
( 125  -103  -20  )
( -37  -131  -138  )
( -59  40  68  )
( -11  -144  6  )
( -63  -131  -129  )
( -131  89  -38  )
( -57  -141  118  )
( 134  30  10  )
( 50  -28  145  )
( -26  15  -134  )
( 49  -95  -21  )
( -76  -66  -87  )
( 127  50  63  )
( -72  -77  -63  )
( -8  59  144  )
( -124  147  10  )
( -48  -98  -115  )
( -56  -110  -112  )
