( 141  -75  93  )
( -101  -48  -107  )
( -2  -45  -93  )
( -79  146  -82  )
( 62  30  -127  )
( 126  -48  -90  )
( -37  -15  63  )
( 2  -50  146  )
( -57  -53  48  )
( -54  26  32  )
( -74  128  -123  )
( 38  125  -4  )
( -142  -104  51  )
( -98  89  69  )
( -133  9  -34  )
( 144  -65  25  )
( -121  -62  88  )
( -65  -67  -70  )
( -124  81  -92  )
( 100  -0  28  )
( 7  99  -106  )
( 66  73  24  )
( -132  45  121  )
( -125  119  141  )
( 113  111  -65  )
( 103  49  -87  )
( 100  52  -135  )
( 42  106  -26  )
( -5  118  -51  )
( -148  55  -59  )
( -5  11  -60  )
( -32  51  78  )
( -17  -24  52  )
( 30  39  117  )
( 1  107  134  )
( -118  20  -115  )
( -6  132  -48  )
( 49  -83  -90  )
( 66  88  -41  )
( -17  145  -97  )
( 141  -39  86  )
( -125  54  -99  )
( 94  -76  125  )
( -103  -60  -90  )
( -86  -96  76  )
( -121  0  45  )
( -75  -149  -27  )
( -3  84  52  )
( -55  -132  100  )
( 131  142  -90  )
( -124  -47  -3  )
( 0  8  75  )
( -143  132  -45  )
( 86  6  33  )
( 65  -106  85  )
( 38  133  142  )
( -10  126  148  )
( -52  50  -26  )
( 31  103  -104  )
( -69  -20  -12  )
( -53  -138  140  )
( -99  -113  16  )
( -103  -61  146  )
( -36  38  -128  )
( 145  86  122  )
( 29  86  112  )
( 79  -14  22  )
( -22  -65  89  )
( 131  -71  -11  )
( 139  1  -20  )
( 71  10  102  )
( -107  25  -125  )
( 130  65  2  )
( 130  -58  -114  )
( -133  -112  79  )
( 73  109  -130  )
( 6  -69  70  )
( -4  27  -26  )
( -15  -63  109  )
( 22  84  -119  )
( -145  45  -85  )
( 9  37  -51  )
( 106  -4  -122  )
( 99  -131  100  )
( -96  -2  -92  )
( 0  110  5  )
( 101  102  137  )
( 88  109  115  )
( -83  49  61  )
( -109  -15  85  )
( -82  -149  -1  )
( -46  -38  -8  )
( -120  -69  42  )
( -23  -2  -144  )
( -60  129  -74  )
( 23  -80  -115  )
( 58  -84  -24  )
( -115  -88  -138  )
( -34  5  -99  )
( 132  137  -110  )
( -142  8  -101  )
( 3  24  9  )
( -148  -19  -12  )
( 45  129  -14  )
( 46  22  -112  )
( -24  -125  -93  )
( 15  23  70  )
( -113  22  -139  )
( -42  -3  -49  )
( -62  -98  103  )
( -125  25  -72  )
( -44  11  93  )
( 85  91  -131  )
( -4  -109  -149  )
( 24  -101  -81  )
( -76  -85  -100  )
( 40  88  -93  )
( 97  86  -64  )
( 3  23  -109  )
( 47  106  102  )
( -141  -97  64  )
( 29  -86  -120  )
( -88  -93  26  )
( -86  -72  -30  )
( 14  -125  24  )
( 69  38  53  )
( -14  147  -129  )
( -87  -107  85  )
( -103  -53  121  )
( -3  -105  78  )
( 30  -106  -12  )
( -147  -69  -41  )
( 0  84  140  )
( -15  71  11  )
( -116  96  32  )
( 32  0  69  )
( -6  -66  -95  )
( -31  -79  52  )
( -79  -121  105  )
( -132  -6  75  )
( 43  53  131  )
( -9  70  147  )
( 135  20  6  )
( 14  -127  -71  )
( -6  -18  116  )
( -148  -51  68  )
( -76  15  78  )
( 67  -30  94  )
( 1  42  93  )
( -118  140  80  )
( 106  -1  -96  )
( 134  80  -129  )
( -104  -88  -42  )
( -25  -84  -148  )
( -63  -11  -12  )
( 8  -84  2  )
( -52  -132  -58  )
( -106  26  -49  )
( 37  -77  -34  )
( 64  -3  -93  )
( -76  39  101  )
( 6  -136  96  )
( -78  -124  -54  )
( -40  -91  79  )
( -70  -127  -72  )
( -47  83  10  )
( -91  12  17  )
( -7  30  -17  )
( 32  -120  118  )
( 0  -82  -88  )
( -40  85  54  )
( 96  14  55  )
( 140  112  -73  )
( 75  -79  -131  )
( 96  -21  -67  )
( -1  82  138  )
( 27  67  91  )
( -95  -102  125  )
( 60  137  -34  )
( 81  31  0  )
( -70  -108  -37  )
( -23  -108  67  )
( 46  71  -122  )
( 85  5  72  )
( 119  12  117  )
( -72  -5  -73  )
( 140  6  25  )
( -19  21  140  )
( -83  -117  -140  )
( -86  -51  -143  )
( 107  45  121  )
( -4  -24  99  )
( 129  51  -105  )
( -127  -120  33  )
( 66  -0  122  )
( -2  -71  -16  )
( -74  108  63  )
( -107  32  -100  )
( -48  7  -16  )
( 58  -94  -18  )
( -91  -148  -57  )
( -45  -6  136  )
( 96  35  50  )
( -133  109  140  )
( 128  -44  -28  )
( 127  92  49  )
( -23  -10  6  )
( -109  -1  68  )
( -67  -140  33  )
( -119  -31  -96  )
( -103  -86  -147  )
( 83  109  148  )
( -148  35  78  )
( -143  96  63  )
( 131  113  -127  )
( -47  -62  19  )
( -16  -141  -147  )
( -46  -149  102  )
( 59  15  26  )
( 116  -30  39  )
( 21  85  -117  )
( -6  33  -64  )
( 133  123  -57  )
( -131  58  97  )
( 2  -79  94  )
( -10  -82  -147  )
( 33  134  -71  )
( 78  -90  -100  )
( 96  121  -128  )
( -67  24  -81  )
( 140  47  88  )
( -76  -115  72  )
( 6  47  -97  )
( -94  -112  14  )
( -108  4  45  )
( -69  2  -61  )
( 108  -112  -115  )
( -74  89  -100  )
( -3  100  -124  )
( 81  -139  -79  )
( 48  -28  88  )
( -46  113  -16  )
( -48  -51  -12  )
( -7  98  60  )
( 58  -20  -127  )
( 100  -37  65  )
( 112  -113  37  )
( -44  -57  50  )
( 69  -146  -57  )
( 112  109  -10  )
( 77  23  -16  )
( 148  94  125  )
( -53  138  8  )
( -109  -2  15  )
( -2  114  -69  )
( -26  97  5  )
( 59  -120  -147  )
( -126  -82  50  )
( 8  -143  -7  )
( 147  17  8  )
( 89  102  21  )
( 130  -14  107  )
( 90  -100  147  )
( 96  111  -90  )
( 12  136  8  )
( -72  -147  39  )
( 67  -22  -146  )
( 143  92  84  )
( 115  -22  -110  )
( -43  -81  -93  )
( 118  99  -80  )
( -41  -22  -86  )
( -13  -133  -15  )
( -3  -117  95  )
( -33  -7  47  )
( -91  -25  8  )
( -87  -122  -30  )
( -101  14  -24  )
( 126  -90  80  )
( -42  -124  -126  )
( -63  60  -10  )
( -74  126  -83  )
( -132  133  -110  )
( -78  146  136  )
( 130  -12  129  )
( 143  -114  -120  )
( 35  -132  26  )
( -92  -66  -75  )
( -62  -89  44  )
( -72  -116  148  )
( 99  -63  -106  )
( -137  104  -11  )
( -15  -0  -70  )
( 60  33  58  )
( -7  -38  117  )
( 69  -145  106  )
( 42  -23  13  )
( 134  -111  -30  )
( -140  -148  -107  )
( 16  120  111  )
( -32  -40  70  )
( 55  -67  37  )
( 7  -122  117  )
( -110  -14  -99  )
( 75  38  114  )
( -17  -56  -50  )
( -121  -102  -130  )
( 30  16  84  )
( 45  94  22  )
( -89  -78  -90  )
( -147  -45  132  )
( 129  -80  -8  )
( -51  77  26  )
( -104  -129  -46  )
( 13  -97  -24  )
( 134  64  115  )
( -6  142  -106  )
( 55  35  -53  )
( -137  28  -95  )
( -122  -45  -24  )
( 80  -116  -141  )
( -27  70  11  )
( 125  -80  -56  )
( -42  9  99  )
( 7  72  98  )
( -60  51  138  )
( -124  -76  113  )
( 48  4  -107  )
( 6  69  -71  )
( -9  110  84  )
( 68  79  103  )
( 86  21  -149  )
( -46  -84  77  )
( 123  -19  48  )
( -103  14  -125  )
( 139  -115  -48  )
( 118  30  -91  )
( -11  -78  14  )
( -42  -98  52  )
( 84  66  122  )
( -18  32  129  )
( 119  52  102  )
( 108  130  51  )
( -89  99  -53  )
( 135  -114  -122  )
( 77  42  -63  )
( 12  117  -62  )
( -75  57  65  )
( -57  -102  95  )
( 124  104  14  )
( -5  36  -115  )
( -69  -45  -25  )
( 126  19  -97  )
( -45  -68  -117  )
( 134  117  19  )
( 19  -82  -115  )
( 15  -91  -89  )
( 71  100  -55  )
( -0  8  16  )
( -96  -64  -87  )
( -22  -7  -144  )
( 4  134  35  )
( 36  4  -46  )
( 149  46  134  )
( 80  -68  -115  )
( -17  -102  -6  )
( 55  125  97  )
( -115  49  -9  )
( 7  69  -144  )
( 15  -69  47  )
( -43  -78  140  )
( 85  55  90  )
( 88  12  -100  )
( 12  63  -20  )
( -47  66  -148  )
( 145  9  -87  )
( -51  -108  134  )
( -59  -1  -87  )
( -134  -25  -22  )
( 68  20  -52  )
( 29  40  11  )
( 117  89  10  )
( 35  95  -17  )
( -102  143  -22  )
( 57  73  134  )
( -115  69  -62  )
( 13  90  -48  )
( 21  130  39  )
( -40  106  -58  )
( 6  -34  30  )
( -136  83  142  )
( -94  109  -107  )
( -28  64  103  )
( 62  -58  -130  )
( 7  64  -84  )
( -115  111  -39  )
( -66  -1  -87  )
( -110  79  -25  )
( 105  -120  107  )
( -68  90  74  )
( -50  11  -62  )
( -112  -44  -17  )
( -61  -49  -97  )
( 131  -9  126  )
( 35  -82  -125  )
( -41  119  78  )
( -14  33  -73  )
( -23  -74  -14  )
( -111  -142  -33  )
( 62  125  80  )
( -52  -48  108  )
( -98  44  129  )
( 20  -113  16  )
( -6  -48  102  )
( 87  -3  -52  )
( 35  99  -51  )
( 105  -15  -104  )
( -34  -7  -63  )
( 126  93  55  )
( 99  115  -133  )
( 50  -31  -126  )
( -19  38  20  )
( -82  8  71  )
( 2  -45  -111  )
( 117  -4  -69  )
( 92  -65  120  )
( -44  -54  110  )
( 41  -46  79  )
( 13  36  -6  )
( 46  144  76  )
( -41  32  -63  )
( 60  141  -83  )
( -101  107  55  )
( 51  -61  110  )
( 104  -59  -38  )
( -121  -74  105  )
( 26  107  -99  )
( -117  -81  30  )
( -64  -55  -124  )
( 57  -79  77  )
( 137  123  56  )
( 117  63  -109  )
( 127  -20  -22  )
( 58  39  -111  )
( -110  0  -101  )
( 100  54  142  )
( 62  -140  -61  )
( -64  -130  8  )
( 24  106  139  )
( 71  29  -81  )
( -47  -50  -90  )
( -23  -28  -83  )
( 88  -84  13  )
( 136  132  100  )
( 143  37  12  )
( -3  -93  -96  )
( 31  -40  -139  )
( -59  -32  30  )
( 86  -6  -67  )
( 63  122  -65  )
( 62  -122  -108  )
( -85  -49  -46  )
( -136  27  15  )
( 72  -63  62  )
( 66  45  60  )
( -87  108  50  )
( -21  35  -136  )
( 1  100  90  )
( -58  -140  116  )
( -139  144  -114  )
( -96  122  10  )
( 81  -48  114  )
( 33  -19  -99  )
( 71  73  -46  )
( 27  -34  -14  )
( -140  -110  -38  )
( -144  -76  -1  )
( 57  -137  18  )
( -11  -60  -72  )
( -136  80  -48  )
( -88  -45  116  )
( -74  -3  28  )
( -55  -88  39  )
( -65  108  145  )
( 49  -75  -115  )
( 93  31  -4  )
( 104  116  40  )
( 21  4  -48  )
( -54  -33  -73  )
( 112  23  -149  )
( -132  129  -149  )
( -139  101  -74  )
( 97  -19  51  )
( 17  -47  117  )
( -34  -59  -74  )
( -19  95  -25  )
( -43  -27  49  )
( -59  -22  69  )
( -141  80  -138  )
( 131  43  68  )
( -144  -51  -1  )
( -68  144  77  )
( 128  -12  -106  )
( -142  130  7  )
( 12  -99  113  )
( 119  -73  87  )
( 41  -141  137  )
( 54  -32  -145  )
( -67  -86  -49  )
( 109  -128  -74  )
( 53  -146  -50  )
( 60  -9  -93  )
( 13  125  93  )
( -96  46  -103  )
( -85  -27  111  )
( -85  -135  -31  )
( 100  41  133  )
( -0  -103  -67  )
( 142  83  -46  )
( -34  -4  -122  )
( 34  -94  109  )
( 11  -86  111  )
( -62  -90  -109  )
( -143  57  -98  )
( 1  22  116  )
( 118  -129  86  )
( -126  -53  124  )
( -96  125  -142  )
( -76  -113  92  )
( -52  -72  93  )
( 40  -55  22  )
( 34  -24  -53  )
( 5  42  -135  )
( 66  17  -112  )
( 128  -27  -132  )
( -48  37  106  )
( -42  -149  -139  )
( 74  18  131  )
( 2  -102  -49  )
( -61  -1  26  )
( 111  136  133  )
( 135  -53  50  )
( -78  113  -86  )
( -14  -109  -97  )
( -145  -74  8  )
( 4  28  110  )
( -144  4  -96  )
( -126  108  -5  )
( -16  8  -115  )
( -80  -50  31  )
( -120  96  -138  )
( 86  98  -110  )
( -122  60  118  )
( -92  -99  63  )
( -92  75  -19  )
( -147  -114  85  )
( -136  44  128  )
( 90  51  55  )
( 102  -85  -65  )
( -124  -53  37  )
( -59  54  147  )
( 51  44  -117  )
( 59  28  -139  )
( 73  124  56  )
( 104  -37  -103  )
( 98  -17  -118  )
( -21  -115  47  )
( 94  25  45  )
( -23  48  52  )
( -97  -24  108  )
( 64  39  -10  )
( -149  -147  128  )
( 109  -96  101  )
( 3  -140  128  )
( 52  -41  67  )
( 133  -67  -93  )
( -26  24  -37  )
( -117  40  144  )
( 11  98  103  )
( -40  20  45  )
( -86  93  37  )
( -142  103  149  )
( 75  -126  -73  )
( 39  74  -89  )
( 98  46  -86  )
( -139  -5  63  )
( -140  65  101  )
( -131  1  -66  )
( 129  -27  -141  )
( 110  106  -75  )
( 12  66  -149  )
( -138  -85  93  )
( -111  -51  49  )
( 135  -33  71  )
( -108  77  119  )
( 133  35  -23  )
( 42  98  61  )
( -80  -55  31  )
( 121  57  141  )
( -138  -127  -80  )
( 124  36  2  )
( -149  -113  52  )
( -127  -39  -147  )
( 30  -142  99  )
( -54  50  -135  )
( 50  -98  -47  )
( 136  45  20  )
( 27  -119  1  )
( 63  91  123  )
( -66  111  -32  )
( 38  -118  72  )
( 66  36  96  )
( -61  -4  -145  )
( 142  -43  -137  )
( 65  -12  36  )
( -124  74  -1  )
( -16  -134  -0  )
( 80  4  -69  )
( -119  -144  88  )
( 66  -15  99  )
( -104  -78  -49  )
( -38  62  145  )
( -16  -149  17  )
( 80  38  59  )
( 141  -49  106  )
( -96  18  34  )
( 96  -117  -68  )
( -65  134  -15  )
( 46  79  52  )
( 148  42  -87  )
( 143  -63  102  )
( -34  -68  0  )
( 67  105  48  )
( 106  -44  24  )
( -48  -88  147  )
( -114  11  -94  )
( -42  101  -121  )
( -30  128  41  )
( 94  -28  58  )
( -37  -23  137  )
