( 15  57  73  )
( 60  113  43  )
( -125  -55  33  )
( -59  18  82  )
( 114  -112  109  )
( 25  112  149  )
( -89  114  -11  )
( 114  -101  43  )
( -24  -5  -89  )
( -76  -117  69  )
( -32  -139  -68  )
( -58  -105  -81  )
( 95  -39  108  )
( 146  -103  58  )
( -67  1  -130  )
( 91  6  -40  )
( -111  127  -33  )
( -148  -79  -7  )
( 118  73  -30  )
( -11  -141  -112  )
( -99  -14  -142  )
( -133  -122  -126  )
( 50  -137  -38  )
( -4  52  -94  )
( 132  -102  -27  )
( -34  -91  41  )
( 82  4  135  )
( 6  -64  -75  )
( -12  1  63  )
( -104  112  127  )
( 95  -2  21  )
( 78  -1  136  )
( -27  119  -42  )
( 65  -97  2  )
( 127  -5  -67  )
( -34  -141  -139  )
( 52  89  -121  )
( 122  -62  -123  )
( -82  -141  58  )
( 55  -56  74  )
( -94  118  123  )
( -29  68  67  )
( -76  -87  129  )
( 13  -10  105  )
( 51  -21  115  )
( -70  -133  17  )
( -30  -104  -7  )
( 99  96  -40  )
( -93  -79  18  )
( 111  142  76  )
( -53  -145  47  )
( -113  -27  75  )
( 95  122  -135  )
( -72  -86  -97  )
( -107  -115  -94  )
( -138  99  -149  )
( 26  84  -101  )
( 42  38  30  )
( 79  41  20  )
( 33  100  -133  )
( -86  -50  104  )
( 105  -100  133  )
( 146  143  19  )
( 142  28  -13  )
( 125  -115  66  )
( -9  37  -7  )
( 18  -104  -57  )
( 35  -136  1  )
( -131  -97  -66  )
( -77  53  -133  )
( 139  16  28  )
( 141  -120  -118  )
( -48  -119  103  )
( -39  -58  101  )
( -111  -107  -13  )
( -90  84  124  )
( 148  -136  84  )
( -36  52  110  )
( -120  112  22  )
( -120  -1  -131  )
( -9  28  -120  )
( 49  -97  1  )
( 46  -21  81  )
( -126  44  77  )
( 47  115  79  )
( 11  -51  114  )
( 43  -25  -12  )
( -29  -73  -109  )
( 31  51  -77  )
( -36  79  -73  )
( 84  -49  -68  )
( 8  1  -126  )
( 40  14  70  )
( -64  8  -67  )
( 23  8  -42  )
( -97  -141  -71  )
( -5  -142  49  )
( -122  -147  -90  )
( -50  85  22  )
( -104  31  -57  )
( 114  58  66  )
( -109  -81  -21  )
( 13  -127  -16  )
( 39  147  -63  )
( 56  -67  37  )
( 85  27  50  )
( -144  1  -46  )
( -149  23  -40  )
( -138  -123  -85  )
( -143  133  42  )
( -114  -103  -107  )
( 136  -67  35  )
( -140  -53  -39  )
( -40  -109  -46  )
( -84  -54  -112  )
( -102  42  -129  )
( 120  -39  -10  )
( -24  -125  -140  )
( -79  -95  -74  )
( 138  75  -128  )
( 137  34  64  )
( 109  96  50  )
( -88  101  46  )
( -41  136  4  )
( -94  -38  60  )
( 73  -14  -63  )
( 79  66  -30  )
( -137  -87  82  )
( -123  95  136  )
( -94  115  -106  )
( 123  -60  -84  )
( -21  119  44  )
( -71  -104  -143  )
( 44  79  -41  )
( -20  106  -80  )
( -31  88  39  )
( 115  -17  -92  )
( -124  -33  128  )
( 61  -32  -101  )
( 136  -83  -61  )
( 55  128  139  )
( 141  -26  34  )
( 147  -128  86  )
( 32  96  113  )
( -11  67  -76  )
( -49  94  -114  )
( 106  -20  -116  )
( 63  -10  141  )
( 128  -148  103  )
( 4  138  64  )
( 140  107  -59  )
( -37  -100  -112  )
( -117  -139  -4  )
( -143  142  121  )
( 1  126  109  )
( 66  86  128  )
( 32  -95  -91  )
( -77  -17  85  )
( 139  19  18  )
( -62  -132  70  )
( -12  11  15  )
( -73  25  65  )
( 123  -126  -116  )
( -12  19  115  )
( 129  24  138  )
( 22  141  103  )
( 70  97  -65  )
( -135  -27  107  )
( 54  38  78  )
( -34  117  37  )
( 72  120  -16  )
( 10  31  -41  )
( -23  99  87  )
( -139  -111  13  )
( -143  -83  76  )
( -50  110  -66  )
( 70  33  146  )
( 97  -75  119  )
( -12  -112  64  )
( 99  146  113  )
( -119  -117  138  )
( 74  -93  -92  )
( 30  9  -28  )
( -36  -89  64  )
( -77  -7  91  )
( -77  -120  133  )
( -113  16  144  )
( 131  -118  1  )
( 19  -71  147  )
( 113  -92  -31  )
( -128  -37  20  )
( -143  10  -98  )
( -66  128  -21  )
( -99  32  -71  )
( -54  -69  40  )
( 26  51  -82  )
( -120  96  -119  )
( 11  -89  35  )
( 75  53  131  )
( 77  22  -24  )
( 138  -3  -115  )
( -63  -133  35  )
( 126  30  40  )
( -142  123  8  )
( 121  -11  -37  )
( -146  -13  -136  )
( -142  24  138  )
( 29  14  1  )
( 75  94  143  )
( 0  73  -59  )
( -43  -11  -40  )
( 101  -67  146  )
( 28  -14  36  )
( -14  19  -88  )
( 26  60  -81  )
( 144  51  129  )
( 16  26  -108  )
( -113  -94  104  )
( 16  -142  -127  )
( -105  -142  68  )
( 55  -42  -140  )
( -40  -35  -120  )
( -81  8  -109  )
( -35  94  -31  )
( 48  -46  103  )
( 102  -101  146  )
( -57  -76  -139  )
( -32  -54  -10  )
( 14  -145  28  )
( -96  -11  -6  )
( -75  -130  73  )
( 130  135  97  )
( 19  23  39  )
( -33  28  141  )
( -30  56  -126  )
( -106  -68  -115  )
( -67  -89  -104  )
( 43  -40  -14  )
( -6  98  143  )
( -38  -52  62  )
( -105  -90  -78  )
( -13  -140  -17  )
( -8  -81  88  )
( 25  75  -94  )
( -82  103  -36  )
( -81  -56  143  )
( -34  90  133  )
( 120  -44  13  )
( -26  -119  2  )
( 29  -129  -4  )
( 30  95  -56  )
( -65  -146  44  )
( 90  96  -71  )
( 100  102  142  )
( -117  -103  36  )
( 138  -57  75  )
( 119  -80  -112  )
( -11  19  -103  )
( -41  -64  -47  )
( 78  34  -104  )
( -134  36  32  )
( 106  -96  -65  )
( -36  124  55  )
( -1  142  -146  )
( 143  4  35  )
( -17  10  -133  )
( 129  -6  -127  )
( 101  34  -71  )
( -88  116  25  )
( -63  -27  134  )
( -13  34  77  )
( 5  -85  -72  )
( -55  -136  -72  )
( -72  -119  -69  )
( 52  17  -76  )
( -110  -107  142  )
( -90  81  -95  )
( -18  -120  -108  )
( -16  -2  32  )
( 33  37  -120  )
( 93  -74  -92  )
( 47  -40  -31  )
( 23  97  -99  )
( 59  72  123  )
( 57  -17  51  )
( 40  -22  -96  )
( 142  89  -34  )
( -104  -130  -77  )
( 108  109  -76  )
( -78  148  77  )
( 41  -113  -53  )
( 15  -102  74  )
( 96  -24  147  )
( 57  -30  122  )
( -128  -72  67  )
( 51  65  10  )
( -79  47  -30  )
( -2  102  -90  )
( 87  -149  108  )
( 24  -71  119  )
( -99  63  -80  )
( -40  -100  25  )
( -4  -95  -67  )
( -63  149  -142  )
( -0  143  -9  )
( -124  44  -32  )
( 6  -143  127  )
( 87  65  53  )
( 100  140  -108  )
( 71  -34  35  )
( 21  43  -7  )
( 28  -117  -8  )
( 3  -114  -147  )
( -54  15  126  )
( -127  123  -117  )
( 105  -144  -85  )
( 49  3  95  )
( 20  -119  142  )
( -99  90  125  )
( -113  140  -40  )
( -92  44  -14  )
( -74  -105  -68  )
( -53  -26  -97  )
( -43  125  -3  )
( 67  -42  111  )
( -128  97  19  )
( -74  15  -50  )
( 63  52  115  )
( -78  134  81  )
( -144  -42  -116  )
( 32  -15  85  )
( -106  146  -2  )
( -29  124  52  )
( 62  0  21  )
( -13  -140  -55  )
( 142  -63  50  )
( -6  -89  -48  )
( 67  -69  91  )
( 35  -110  69  )
( -81  114  27  )
( 2  -5  57  )
( 110  61  128  )
( 57  148  120  )
( -97  44  144  )
( 47  -75  -81  )
( 7  -44  46  )
( -105  -47  -23  )
( 57  -26  38  )
( 19  119  -144  )
( 115  123  22  )
( 80  74  34  )
( -7  8  15  )
( 24  -134  -1  )
( -70  -79  -38  )
( 32  44  11  )
( -39  -46  72  )
( -132  114  -36  )
( 86  -81  -4  )
( 17  123  -70  )
( 148  74  84  )
( -92  -123  -122  )
( 29  30  57  )
( 31  131  -123  )
( -43  63  -148  )
( -100  -139  -64  )
( -15  107  -53  )
( 105  138  -33  )
( 14  10  29  )
( 6  -30  133  )
( -12  40  -137  )
( 106  -48  -116  )
( -10  -42  -20  )
( -134  -144  34  )
( -84  66  -131  )
( -15  -80  -41  )
( 44  -85  87  )
( -95  84  -122  )
( 86  -21  19  )
( 65  117  -141  )
( 147  -123  133  )
( -44  115  -109  )
( 0  143  -139  )
( 56  97  0  )
( -104  78  -25  )
( 119  -84  5  )
( -34  114  104  )
( 147  -22  -30  )
( 102  21  -65  )
( -66  -38  -44  )
( 93  115  84  )
( 125  38  24  )
( -66  123  -56  )
( -136  106  -57  )
( -31  65  48  )
( -88  0  -141  )
( -87  135  69  )
( -103  1  -28  )
( -32  -147  -76  )
( -4  -15  147  )
( -113  116  91  )
( -73  -32  -147  )
( -3  -34  -43  )
( -16  25  61  )
( 147  -105  31  )
( 134  32  21  )
( 118  -75  -70  )
( -16  121  1  )
( -101  85  -131  )
( 94  -42  -37  )
( 132  91  114  )
( -142  40  -86  )
( -113  -96  103  )
( 129  23  87  )
( 68  -141  -139  )
( -101  0  68  )
( -53  -31  -74  )
( 82  -147  -24  )
( -35  -88  141  )
( 24  28  71  )
( -98  -100  13  )
( 22  -106  146  )
( -91  79  24  )
( -112  -38  -69  )
( -131  126  52  )
( -115  -96  -104  )
( -65  128  10  )
( 130  -21  -103  )
( 85  59  -4  )
( -97  -131  34  )
( 142  49  70  )
( 7  -12  -77  )
( 149  45  -116  )
( 75  15  64  )
( -106  -74  -6  )
( 120  143  82  )
( -18  -25  81  )
( -85  7  -86  )
( -131  -111  77  )
( -48  -135  109  )
( 32  21  76  )
( -148  79  -42  )
( -34  -73  32  )
( 147  45  115  )
( 97  -121  -124  )
( 25  2  -130  )
( 137  -118  22  )
( -35  -45  90  )
( 19  -97  138  )
( -0  29  117  )
( 45  -145  -49  )
( -21  -130  10  )
( -0  -146  -77  )
( 117  -135  -134  )
( 87  -36  -50  )
( -46  -89  -39  )
( 15  -75  148  )
( 51  -34  8  )
( 3  31  -72  )
( -91  4  108  )
( -90  -146  15  )
( 132  0  -25  )
( 148  33  -74  )
( 8  1  -80  )
( 59  136  47  )
( -85  3  -44  )
( 83  99  -25  )
( 82  65  134  )
( -124  -132  -134  )
( -54  -25  10  )
( 107  -61  136  )
( 128  -74  -51  )
( -118  134  -28  )
( -51  59  93  )
( 142  146  -145  )
( 131  -60  -36  )
( 1  -56  -99  )
( 47  -77  -43  )
( 84  135  29  )
( 96  -133  -55  )
( -1  -89  -131  )
( 81  -111  148  )
( 117  -106  -37  )
( 29  24  16  )
( 73  -71  32  )
( 1  -34  75  )
( -117  31  -81  )
( -14  -113  34  )
( 77  -55  -20  )
( -2  96  79  )
( -85  121  -28  )
( 113  43  -101  )
( -38  62  -109  )
( 127  10  -133  )
( -80  -106  -132  )
( -11  -0  49  )
( 20  55  69  )
( -86  17  -99  )
( -75  -28  -51  )
( -82  42  79  )
( 75  -114  121  )
( -145  136  101  )
( -133  -12  103  )
( -43  -107  -28  )
( 13  20  -63  )
( -18  34  142  )
( -44  29  -123  )
( 31  50  -124  )
( 103  -129  -26  )
( 95  -30  -86  )
( -16  -1  112  )
( 114  -49  -28  )
( 129  -41  -54  )
( 146  84  92  )
( 52  -22  -127  )
( 105  56  127  )
( 110  88  -31  )
( 133  -134  103  )
( 40  36  148  )
( 122  16  -120  )
( -99  -30  -66  )
( 138  121  -45  )
( 17  79  2  )
( 145  -32  -109  )
( -72  -60  118  )
( 29  -106  64  )
( -14  -81  77  )
( -89  119  -72  )
( -118  -56  -68  )
( 49  40  -17  )
( 36  -21  -32  )
( -57  44  105  )
( -60  82  37  )
( -137  62  78  )
( 54  73  -11  )
( 46  93  82  )
( 95  129  5  )
( -27  -91  -127  )
( -127  75  126  )
( -87  90  -2  )
( -15  16  90  )
( 73  -38  -29  )
( 11  -124  -86  )
( 75  -68  -129  )
( -63  -100  15  )
( 6  71  56  )
( -36  -85  -3  )
( -38  -24  57  )
( 145  -77  149  )
( 75  -23  -142  )
( -49  27  73  )
( 61  -92  40  )
( 102  -15  32  )
( -41  111  80  )
( 121  106  16  )
( -40  -64  -92  )
( -92  -130  30  )
( 113  129  -60  )
( -40  84  98  )
( -128  33  -117  )
( 37  27  133  )
( -55  48  -74  )
( -26  -143  144  )
( 87  75  82  )
( -58  -136  69  )
( 19  94  41  )
( -129  27  -132  )
( 70  64  -71  )
( 14  3  41  )
( -91  49  -112  )
( -15  -131  12  )
( 109  62  -43  )
( 11  40  88  )
( 37  -141  -145  )
( 125  76  -110  )
( 137  34  36  )
( -21  -136  144  )
( -69  115  43  )
( 89  -67  -111  )
( -54  112  -9  )
( 63  -24  60  )
( 108  46  34  )
( -40  -49  35  )
( 63  -45  -94  )
( -31  -0  -44  )
( -42  -81  -8  )
( -107  -7  -93  )
( 22  -79  -125  )
( -91  -130  -54  )
( -128  117  -108  )
( -43  112  -125  )
( 98  -135  -5  )
( 25  8  41  )
( -111  71  78  )
( -121  -132  -134  )
( -85  -133  72  )
( 112  17  28  )
( 85  35  -77  )
( 136  97  15  )
( -69  18  -10  )
( -73  76  33  )
( 51  -5  -48  )
( 51  42  97  )
( 126  -87  81  )
( 86  136  26  )
( -33  -100  53  )
( -2  -135  -133  )
( 16  104  83  )
( -121  23  -129  )
( -24  21  -18  )
( -120  119  -8  )
( -75  10  -114  )
( -134  148  -56  )
( -140  88  -31  )
( -102  -96  -47  )
( 64  -90  -18  )
( 50  -67  -111  )
( 20  -7  -114  )
( -32  71  146  )
( 102  32  148  )
( 127  -28  -54  )
( 53  18  -62  )
( 111  35  75  )
( -69  112  -66  )
( 39  84  -106  )
( -47  20  142  )
( -114  146  104  )
( 63  133  -92  )
( -66  8  -13  )
( -89  -52  0  )
( -64  -99  -16  )
( 134  73  -8  )
( -46  45  25  )
( -35  38  119  )
( 125  -67  -144  )
( 45  -13  25  )
( -131  -19  137  )
( -116  -67  13  )
( 136  -22  -107  )
( -77  -51  -48  )
( 18  146  -30  )
