( -0  -99  -142  )
( -26  140  -117  )
( -43  -124  126  )
( -91  -11  83  )
( 132  90  76  )
( 2  -72  77  )
( 13  -107  8  )
( 107  131  10  )
( 141  -11  30  )
( 131  64  78  )
( 85  -19  -148  )
( -72  4  138  )
( 95  3  -23  )
( 32  67  -129  )
( -118  46  15  )
( -22  78  17  )
( -30  54  -111  )
( -14  17  -100  )
( 101  -7  -66  )
( -148  78  32  )
( 52  -102  137  )
( 25  -102  -92  )
( -40  107  112  )
( -8  66  -73  )
( 129  69  -132  )
( -0  30  133  )
( 20  -118  79  )
( 119  -12  105  )
( 46  -12  -26  )
( 82  15  -1  )
( -38  145  -63  )
( -85  -113  -54  )
( -148  -117  72  )
( -54  118  -131  )
( -24  -92  -99  )
( -64  -42  15  )
( 100  -141  114  )
( 24  1  -143  )
( 96  -34  -129  )
( 79  95  121  )
( -11  80  17  )
( 22  112  -51  )
( 62  -9  -120  )
( 91  -136  -110  )
( 99  -67  142  )
( -37  135  -114  )
( 71  -50  64  )
( 94  -138  -90  )
( -79  144  -92  )
( 46  -77  -25  )
( -79  8  -131  )
( -90  -81  145  )
( -137  -59  22  )
( 74  79  -76  )
( 67  135  -82  )
( 8  133  72  )
( 111  -116  18  )
( -67  -146  47  )
( -140  142  8  )
( -25  62  21  )
( -100  -63  39  )
( -146  99  -145  )
( 18  105  17  )
( -74  -108  -145  )
( -10  7  -35  )
( 78  -106  -146  )
( 106  17  -142  )
( 139  8  128  )
( 22  31  19  )
( 67  -42  12  )
( 44  40  -25  )
( 125  -129  55  )
( 146  104  -27  )
( 106  53  -18  )
( 138  92  135  )
( -11  129  124  )
( 145  44  137  )
( 72  59  28  )
( -26  -27  98  )
( 42  10  -115  )
( -40  15  12  )
( -114  16  97  )
( 109  -137  101  )
( -64  57  -104  )
( -44  -66  0  )
( 46  -18  -98  )
( -85  45  -54  )
( -85  -22  46  )
( -82  46  -55  )
( 94  73  -0  )
( 59  32  -105  )
( -35  146  -132  )
( -128  113  -104  )
( -74  -22  -75  )
( -116  -97  75  )
( 29  -58  -104  )
( -26  68  -145  )
( -116  0  -99  )
( 14  -105  91  )
( 32  -83  -108  )
( -30  133  -52  )
( 92  115  4  )
( 16  39  51  )
( -11  -47  62  )
( -133  0  -85  )
( 66  5  3  )
( 15  -111  69  )
( 134  -109  -131  )
( -76  58  56  )
( -125  149  65  )
( -21  -143  115  )
( 79  69  120  )
( -51  -126  84  )
( -38  17  -110  )
( 3  33  -110  )
( -120  96  -19  )
( -82  120  69  )
( -148  128  109  )
( 111  42  -11  )
( -96  5  -146  )
( 136  120  -13  )
( -105  -9  35  )
( 71  -100  24  )
( 98  53  -51  )
( 140  122  -52  )
( -13  -144  82  )
( 6  -14  -118  )
( -102  -21  52  )
( -141  -137  -42  )
( 16  115  91  )
( 16  29  73  )
( -115  107  -44  )
( 106  6  -4  )
( -65  124  60  )
( 53  45  116  )
( 133  67  -38  )
( 25  -112  -136  )
( 45  -61  -135  )
( -52  -13  51  )
( -39  -1  -98  )
( 103  -4  121  )
( 147  -50  63  )
( -34  43  89  )
( 2  68  49  )
( -141  -7  87  )
( -125  2  -135  )
( 139  -10  26  )
( -22  18  129  )
( -27  -38  43  )
( 78  -104  1  )
( 133  114  7  )
( 81  105  54  )
( -103  -40  147  )
( -22  29  82  )
( 97  -94  -11  )
( 29  141  83  )
( -135  121  -7  )
( 115  -60  88  )
( 123  -61  -104  )
( 80  -1  -11  )
( 103  10  -114  )
( -140  130  104  )
( -32  123  -77  )
( 103  35  126  )
( -59  131  -98  )
( 54  70  128  )
( 61  80  132  )
( 36  -123  -144  )
( 28  68  29  )
( -138  108  -99  )
( -133  -22  -128  )
( 124  13  103  )
( -51  -95  -134  )
( 139  -79  -101  )
( -99  -39  -62  )
( -63  -51  126  )
( -21  98  -53  )
( -12  149  72  )
( 7  87  -84  )
( 21  -137  -46  )
( 16  -146  30  )
( 123  60  -5  )
( 32  80  -102  )
( 74  -115  142  )
( 105  -43  -104  )
( 7  50  130  )
( 37  -110  -117  )
( 133  -107  147  )
( -5  -99  -126  )
( -51  29  -42  )
( -140  -4  -81  )
( 62  102  82  )
( -140  -30  22  )
( -147  -118  -133  )
( -16  79  -68  )
( 108  -140  131  )
( -56  141  -131  )
( 31  145  -37  )
( -4  10  -66  )
( 61  -19  -95  )
( 138  -115  -19  )
( 39  -100  -13  )
( 16  -45  -11  )
( -111  128  134  )
( -124  -130  -81  )
( 19  55  -18  )
( 138  116  -63  )
( 107  13  -44  )
( -123  -22  -16  )
( -12  -70  18  )
( -107  -46  99  )
( 45  -144  -71  )
( 27  -44  -84  )
( 28  46  14  )
( 136  -22  68  )
( 117  14  119  )
( -90  135  -40  )
( -114  -74  47  )
( 37  74  -135  )
( 91  -85  -120  )
( 20  -35  135  )
( -49  -0  115  )
( 61  21  -8  )
( 64  -1  -63  )
( -79  -96  58  )
( -29  -57  -28  )
( -76  -143  -96  )
( -99  20  -133  )
( -95  51  104  )
( -107  -78  -100  )
( -46  -31  3  )
( 149  54  -56  )
( -36  86  138  )
( -78  -129  -80  )
( 104  -39  -102  )
( -96  -138  -54  )
( 2  -52  -95  )
( 42  -11  45  )
( 126  54  35  )
( 49  -132  -21  )
( 101  63  -110  )
( 109  62  -38  )
( -60  -17  27  )
( -120  57  124  )
( 133  47  -142  )
( 29  115  131  )
( 6  122  -18  )
( -4  -68  -104  )
( -88  35  140  )
( 16  -112  0  )
( 116  115  -102  )
( 23  106  -132  )
( -125  10  -115  )
( 11  -34  -26  )
( 30  117  -82  )
( -137  62  68  )
( -73  -18  128  )
( -38  -10  -21  )
( 119  17  118  )
( -123  -122  -30  )
( 58  65  128  )
( -123  41  -113  )
( 41  -39  -121  )
( 31  1  52  )
( 15  -119  -58  )
( -33  -83  143  )
( -149  32  25  )
( -24  -112  66  )
( -74  -48  -105  )
( 46  -82  89  )
( -7  -25  -123  )
( -107  -142  -143  )
( -112  -68  -52  )
( -5  78  -107  )
( -122  148  -25  )
( -52  -148  96  )
( 48  4  -54  )
( 147  -108  -129  )
( -88  147  141  )
( 43  29  127  )
( -132  -29  114  )
( -58  32  124  )
( -32  -64  -1  )
( 0  -38  -146  )
( -31  91  -4  )
( 14  0  -66  )
( 93  79  60  )
( -142  106  -129  )
( -146  -82  55  )
( -74  -56  49  )
( -136  -114  -109  )
( 26  -77  -146  )
( 131  -22  68  )
( -133  -73  -143  )
( 30  142  88  )
( 65  149  147  )
( 99  -62  -80  )
( -53  -23  36  )
( 26  -43  10  )
( 63  138  -26  )
( 148  11  98  )
( -122  59  -48  )
( -112  -62  -87  )
( 149  -67  -31  )
( -118  32  30  )
( -65  -62  -121  )
( -17  144  -58  )
( -74  -22  129  )
( 129  -6  -29  )
( 32  -121  59  )
( 94  53  37  )
( -41  83  -144  )
( -115  130  -113  )
( -71  -108  -142  )
( 38  70  -74  )
( 29  -130  -116  )
( -122  -46  -52  )
( -137  -122  -63  )
( 130  48  51  )
( 103  3  -20  )
( -92  148  116  )
( -25  -21  -147  )
( -64  -134  -24  )
( -32  30  144  )
( -63  -103  -121  )
( 148  -31  56  )
( 139  41  35  )
( 103  -27  94  )
( 16  -60  45  )
( -125  -72  -68  )
( -29  -40  -28  )
( 27  33  70  )
( -57  121  -56  )
( 137  100  118  )
( 21  65  -31  )
( 42  8  74  )
( 102  -52  -72  )
( -85  119  130  )
( -113  -82  -127  )
( 72  57  -49  )
( -0  -40  89  )
( 96  39  -53  )
( 67  -47  29  )
( -132  55  -118  )
( -22  -31  -7  )
( -76  -136  -133  )
( -69  41  -72  )
( 67  25  61  )
( -6  112  -16  )
( -65  -89  -56  )
( 76  4  139  )
( -122  60  92  )
( 31  36  33  )
( -74  90  -92  )
( -76  -3  -43  )
( -32  -128  136  )
( -98  38  -66  )
( -86  -126  -41  )
( 60  -103  2  )
( 113  -147  55  )
( -25  -110  -102  )
( -74  64  87  )
( -31  -106  -82  )
( -71  79  -18  )
( -33  76  -0  )
( 70  129  -74  )
( 9  96  37  )
( -53  46  -59  )
( -139  65  -130  )
( 16  51  -131  )
( -36  -143  -100  )
( 126  108  8  )
( -14  -32  -90  )
( 8  95  -38  )
( -77  135  138  )
( -52  -11  -46  )
( 47  77  128  )
( -103  -1  22  )
( -85  34  124  )
( -45  14  -34  )
( -70  -64  -83  )
( -134  63  49  )
( -117  27  89  )
( 49  -126  48  )
( -8  47  -101  )
( 104  -51  -119  )
( 140  -143  -123  )
( 137  -84  -17  )
( 43  100  -106  )
( -27  -113  72  )
( -78  115  140  )
( 7  -122  124  )
( -98  -92  22  )
( 87  -58  95  )
( -99  144  -61  )
( -54  -110  -87  )
( -27  118  65  )
( -83  69  87  )
( 97  83  -96  )
( 91  -26  -38  )
( 147  -106  -94  )
( -1  -98  -45  )
( 64  118  -42  )
( 9  8  -117  )
( -69  146  13  )
( -48  -82  130  )
( -60  -149  -143  )
( -40  -7  26  )
( 81  77  -33  )
( -22  -8  135  )
( 129  148  1  )
( 80  -130  124  )
( -144  103  127  )
( -83  -47  73  )
( 35  78  -49  )
( 145  147  -78  )
( -120  -136  54  )
( 78  -136  -1  )
( -136  114  145  )
( 138  122  -127  )
( 93  -126  89  )
( 41  20  53  )
( -89  -49  74  )
( 114  48  -26  )
( 87  -85  136  )
( -141  -45  119  )
( -22  -72  147  )
( 77  -118  123  )
( -128  -15  36  )
( -37  149  -30  )
( 47  26  -80  )
( -40  -48  -82  )
( 149  37  15  )
( -139  -127  -94  )
( -144  -135  -50  )
( 49  -107  -66  )
( 67  107  -37  )
( -146  96  30  )
( 94  108  22  )
( -42  -3  -66  )
( 141  -36  -19  )
( 45  -26  49  )
( 107  -59  109  )
( -30  71  51  )
( -104  -25  -17  )
( 19  21  -136  )
( 131  63  -97  )
( 133  25  -75  )
( -31  -147  -88  )
( 86  143  -134  )
( -60  -120  -80  )
( -119  18  24  )
( -7  96  -116  )
( 57  97  73  )
( 111  -122  -72  )
( -72  25  -98  )
( 7  -54  22  )
( -107  -41  36  )
( -131  -127  145  )
( -37  -89  -67  )
( -68  47  54  )
( 80  -114  -113  )
( 64  73  -57  )
( 98  -143  -146  )
( -93  -0  5  )
( 135  -73  -67  )
( 45  11  -103  )
( -27  -128  41  )
( -98  55  -31  )
( 82  36  14  )
( -149  94  -134  )
( 115  108  -46  )
( 116  -17  -70  )
( 12  -58  -39  )
( 38  -6  5  )
( 6  136  -133  )
( 42  101  -22  )
( 13  130  -89  )
( 98  67  -13  )
( 93  -131  129  )
( 99  56  -59  )
( 71  132  135  )
( -17  -88  -104  )
( -105  -55  -119  )
( 47  51  58  )
( -28  59  139  )
( -136  137  67  )
( -23  -149  -46  )
( -141  30  88  )
( -13  8  -94  )
( 15  -60  -58  )
( -58  -71  -52  )
( -121  133  56  )
( 95  67  -43  )
( -42  -30  119  )
( 17  112  -28  )
( 96  -38  130  )
( 88  -0  37  )
( -60  -149  78  )
( -28  68  78  )
( -103  -36  44  )
( -11  120  74  )
( -22  127  113  )
( 47  46  -30  )
( 37  -94  -97  )
( 87  -117  9  )
( 53  -137  74  )
( 89  -107  4  )
( 135  47  -18  )
( -52  84  60  )
( 37  106  -53  )
( 1  50  136  )
( -50  -109  -98  )
( 107  8  -61  )
( 24  -106  70  )
( -134  -68  -133  )
( -141  -117  -46  )
( 16  -43  8  )
( 123  -35  -43  )
( -32  -79  102  )
( 124  110  115  )
( -23  4  8  )
( -91  132  -66  )
( 146  148  -103  )
( -70  -130  -124  )
( -30  -103  -31  )
( 0  88  108  )
( 25  41  -47  )
( 137  9  -104  )
( 7  -18  -109  )
( 39  38  -139  )
( 57  -15  -8  )
( 27  108  139  )
( 6  -0  21  )
( 11  -91  -93  )
( 97  39  -85  )
( -133  -17  -93  )
( 103  -24  -25  )
( 104  -14  119  )
( -77  138  -19  )
( -121  -111  68  )
( 112  8  116  )
( -16  49  -78  )
( -131  85  68  )
( 129  66  -42  )
( -146  106  120  )
( -52  -98  -19  )
( -114  -117  -1  )
( -81  -12  11  )
( 140  88  -137  )
( 121  2  -42  )
( -103  -142  -105  )
( -37  2  -130  )
( -17  -29  -94  )
( 45  -123  -52  )
( 124  36  122  )
( -53  83  78  )
( -41  -75  52  )
( -128  -26  -29  )
( -15  -19  86  )
( -146  26  148  )
( -70  -68  93  )
( 110  145  -89  )
( -33  20  22  )
( 69  105  63  )
( 130  -76  125  )
( -39  85  99  )
( -128  134  21  )
( -4  -32  109  )
( 110  -28  -88  )
( 129  35  -3  )
( -86  13  35  )
( -62  120  -2  )
( 95  -66  6  )
( -9  -64  142  )
( -6  -115  45  )
( 88  2  -12  )
( -126  103  -56  )
( -44  33  -25  )
( 1  64  -85  )
( 89  126  78  )
( 83  125  49  )
( 149  56  124  )
( -23  -28  41  )
( 17  82  117  )
( -30  -73  32  )
( 132  1  -40  )
( -45  8  -50  )
( 60  34  79  )
( 26  28  11  )
( -109  -32  -3  )
( -53  -32  65  )
( -11  -113  -97  )
( 65  -86  64  )
( -83  -28  -87  )
( 79  -103  138  )
( 43  -127  -59  )
( 132  41  116  )
( 86  117  -82  )
( 56  89  -79  )
( -21  93  28  )
( 39  106  86  )
( 124  -47  9  )
( 140  -56  44  )
( -8  133  -106  )
( -58  121  -7  )
( -39  147  -34  )
( -122  -54  14  )
( -43  -32  11  )
( -102  -9  -113  )
( 30  -8  131  )
( -5  -82  53  )
( 63  23  67  )
( 103  128  21  )
( -75  -132  -43  )
( 133  110  97  )
( -134  -65  133  )
( 38  -48  84  )
( -84  -122  -145  )
( -127  81  119  )
( -124  -0  -132  )
( -10  103  76  )
( 38  22  -28  )
( -117  124  -145  )
( 100  -123  118  )
( 59  -47  -28  )
( 58  28  -30  )
( -140  10  -38  )
( 16  76  -43  )
( 125  -74  -144  )
( -130  -47  94  )
( 145  75  60  )
( 34  9  78  )
( 121  97  -77  )
( 92  -121  -50  )
( -143  -13  91  )
( -127  98  68  )
( -103  133  -63  )
( -57  -76  42  )
( -52  -114  78  )
