( 22  -34  -38  )
( -18  -31  -91  )
( -80  -133  73  )
( 135  62  103  )
( 51  -23  76  )
( 105  -142  -102  )
( 69  36  44  )
( -37  -14  139  )
( 137  -82  88  )
( 27  62  -141  )
( -36  119  10  )
( -12  -96  121  )
( 107  -47  125  )
( 123  -56  106  )
( 110  -59  36  )
( 93  111  -83  )
( 133  82  44  )
( 62  -146  129  )
( -110  -12  116  )
( -78  12  -43  )
( 31  -116  -91  )
( -75  94  -64  )
( 60  -0  26  )
( -145  -38  142  )
( 34  -7  -9  )
( -85  1  -138  )
( -39  135  -94  )
( -107  -69  65  )
( 8  -52  124  )
( -43  18  -46  )
( 113  -61  111  )
( 6  86  -139  )
( -85  49  6  )
( 68  22  -110  )
( -138  70  -68  )
( -79  -84  -35  )
( 90  93  -41  )
( -50  -9  57  )
( -149  -40  -10  )
( 45  30  -66  )
( -2  56  -128  )
( 2  -18  -97  )
( 148  134  95  )
( 22  41  -18  )
( -32  -140  36  )
( -51  -81  47  )
( 138  -71  -44  )
( 100  41  -51  )
( -9  131  -24  )
( 39  85  -10  )
( -53  60  105  )
( -55  49  128  )
( -116  -105  -23  )
( 64  112  102  )
( -109  -66  -103  )
( 12  -63  38  )
( -147  -106  -79  )
( -27  59  -3  )
( 90  111  -18  )
( 82  48  -28  )
( 121  -71  -50  )
( -3  -53  91  )
( -57  120  26  )
( 92  66  139  )
( -57  -145  -37  )
( 42  -119  -132  )
( 54  -52  111  )
( -68  95  67  )
( -27  127  101  )
( 31  -82  -60  )
( -102  75  51  )
( -126  -8  9  )
( 100  -68  -136  )
( 71  -72  -46  )
( 78  -63  -88  )
( -3  -23  -107  )
( -14  83  24  )
( 146  -117  2  )
( 92  85  -19  )
( -101  112  91  )
( -110  27  9  )
( 46  35  -42  )
( 76  83  -101  )
( 16  -13  116  )
( -20  48  130  )
( 139  23  96  )
( -12  -25  81  )
( 20  98  -112  )
( 27  9  -146  )
( 27  -132  -45  )
( -138  19  -103  )
( 140  46  6  )
( -66  -1  22  )
( -41  74  -101  )
( 27  -132  134  )
( 52  -83  -137  )
( -67  65  18  )
( -81  -1  -27  )
( -123  -101  -95  )
( 60  -55  -98  )
( 27  63  -137  )
( -109  135  116  )
( -64  76  -142  )
( 136  -28  -40  )
( -129  67  -28  )
( -149  -128  107  )
( 74  140  38  )
( 55  -124  97  )
( 14  -71  -36  )
( 55  136  124  )
( 65  120  -112  )
( 2  -69  72  )
( -117  -60  -118  )
( 15  81  -100  )
( -148  -36  107  )
( 114  -20  138  )
( -111  -11  57  )
( -34  29  80  )
( 95  -11  -42  )
( 7  19  32  )
( 127  146  -116  )
( -20  -77  -38  )
( 26  28  -69  )
( -137  -136  70  )
( 33  -139  -17  )
( 21  135  -127  )
( 31  59  -32  )
( 90  -43  15  )
( -55  44  -129  )
( -4  21  -61  )
( 49  -136  37  )
( 82  -87  106  )
( -91  -25  41  )
( 111  -60  -114  )
( 122  48  -84  )
( -119  145  -13  )
( -32  144  -21  )
( 121  -109  -125  )
( -18  -39  134  )
( 6  -147  97  )
( 135  107  40  )
( -70  109  -62  )
( -79  -33  125  )
( -63  19  87  )
( -139  58  -133  )
( -49  27  -135  )
( -57  -148  -49  )
( -12  -111  5  )
( 16  37  -59  )
( -146  -35  75  )
( -107  -108  59  )
( 29  -18  -63  )
( -130  -116  122  )
( -34  -43  -142  )
( -24  -9  -117  )
( -148  -50  25  )
( -138  8  26  )
( -69  -15  109  )
( 118  64  -50  )
( -16  -104  -34  )
( 49  70  -80  )
( -7  85  -70  )
( 116  -32  31  )
( 66  130  43  )
( -17  -34  -115  )
( -72  5  81  )
( -61  55  11  )
( -49  98  114  )
( -60  78  -134  )
( -0  93  -62  )
( 119  -81  -64  )
( -5  128  -55  )
( 114  -124  132  )
( -14  -54  -15  )
( -115  30  16  )
( -53  -29  -24  )
( -121  -5  64  )
( 56  58  27  )
( -67  137  46  )
( 48  138  72  )
( -125  -25  -112  )
( -50  37  -54  )
( -132  -57  135  )
( 116  -119  -0  )
( 136  23  -74  )
( -133  -126  -18  )
( 114  -39  -33  )
( -101  -96  29  )
( 133  -14  -110  )
( 47  -29  99  )
( -134  -30  92  )
( -144  -109  -49  )
( -134  -59  -11  )
( -146  134  67  )
( 125  -57  72  )
( -109  32  -139  )
( 37  -108  3  )
( 148  -114  53  )
( -90  8  97  )
( 141  -87  121  )
( -42  25  -75  )
( 29  30  79  )
( 138  39  60  )
( 52  -11  23  )
( -63  94  -26  )
( 139  80  -101  )
( 143  -112  91  )
( 40  31  59  )
( -117  128  73  )
( -1  41  -36  )
( 134  -21  118  )
( -7  -42  87  )
( -36  6  20  )
( -100  -119  -12  )
( -30  75  -133  )
( 32  62  -64  )
( -54  14  -43  )
( 9  -56  40  )
( -95  -141  109  )
( 19  51  -37  )
( 135  -114  144  )
( 77  21  -2  )
( -1  136  49  )
( 8  77  143  )
( -29  -20  -92  )
( -110  -141  17  )
( 92  -41  -67  )
( 148  -109  -119  )
( 146  70  -133  )
( 12  -129  -2  )
( -41  -46  -62  )
( 26  140  82  )
( -88  -24  -10  )
( 104  129  -18  )
( -0  -48  87  )
( 111  -124  -64  )
( -111  -121  61  )
( 43  19  -124  )
( -83  14  -140  )
( -128  73  44  )
( 74  6  25  )
( 51  -107  -5  )
( -65  -130  106  )
( -46  139  88  )
( -30  19  -51  )
( -39  -49  -70  )
( 136  53  -18  )
( 45  -62  -57  )
( 69  -114  144  )
( 112  120  115  )
( 149  103  -20  )
( -38  -60  -62  )
( 93  -60  -143  )
( -127  -41  -130  )
( -31  56  41  )
( 65  39  54  )
( 105  -51  79  )
( 18  81  124  )
( -146  74  81  )
( -60  72  -128  )
( 31  77  -41  )
( -32  -29  -144  )
( 19  -30  78  )
( -94  -50  -112  )
( 51  8  -35  )
( -88  -68  -113  )
( -90  18  75  )
( -53  110  -77  )
( 37  -134  -19  )
( 40  137  18  )
( -22  19  -120  )
( -3  -84  39  )
( 27  76  10  )
( 78  -102  124  )
( 105  43  131  )
( -46  83  -109  )
( 77  -40  9  )
( 145  -74  -131  )
( 12  -102  -80  )
( -75  10  -23  )
( -125  -1  -15  )
( -140  14  -98  )
( 20  -39  -16  )
( -54  -94  137  )
( -96  86  -109  )
( -57  -68  53  )
( 110  -148  41  )
( -112  55  -102  )
( -138  -31  131  )
( 17  119  36  )
( -23  -98  66  )
( -27  -54  80  )
( -65  -45  105  )
( 49  73  -139  )
( -88  58  -57  )
( 43  -136  124  )
( 41  -131  -132  )
( -47  35  -10  )
( -114  -2  -88  )
( 69  -74  21  )
( 44  -75  -26  )
( -73  -66  -44  )
( -120  -80  -130  )
( 48  -68  -85  )
( 50  -42  -98  )
( 60  -98  62  )
( -106  87  122  )
( -97  63  123  )
( 101  77  90  )
( 55  27  142  )
( 63  -37  -104  )
( 26  -125  38  )
( 91  43  34  )
( 101  -63  -5  )
( -11  47  79  )
( -109  55  -131  )
( 115  -52  -44  )
( -84  23  -71  )
( 134  56  29  )
( 80  -123  44  )
( -145  127  -71  )
( -18  79  27  )
( -116  27  33  )
( -127  -10  47  )
( -49  -80  85  )
( 146  71  29  )
( 107  94  18  )
( 61  -6  140  )
( 71  -147  -60  )
( 17  -137  -130  )
( 77  -107  -142  )
( 24  -134  55  )
( 59  111  42  )
( -81  95  13  )
( 126  -90  -26  )
( 107  -110  57  )
( -103  -55  -4  )
( 119  -45  -10  )
( -127  116  -83  )
( -113  -142  63  )
( -71  -96  147  )
( -141  38  -86  )
( 76  -95  -69  )
( 105  2  148  )
( 21  -78  18  )
( -129  -109  -80  )
( -8  20  121  )
( -30  -143  129  )
( 75  -55  -124  )
( 94  115  39  )
( 90  -53  -105  )
( 7  128  -95  )
( 45  76  36  )
( 36  55  -31  )
( 55  50  67  )
( 52  -111  71  )
( -13  3  -66  )
( 112  92  82  )
( 141  -5  -132  )
( 48  -36  113  )
( -75  -58  -85  )
( -137  -21  66  )
( 18  -83  109  )
( -138  -9  -59  )
( -103  24  11  )
( -100  -134  -62  )
( 95  -46  125  )
( 65  126  95  )
( 45  -90  -60  )
( 87  -15  -133  )
( -104  9  32  )
( -68  -108  71  )
( 52  70  -75  )
( 8  -47  149  )
( -17  30  25  )
( -69  -86  -15  )
( -28  -68  -64  )
( -10  -60  -18  )
( -116  -21  110  )
( -4  -81  27  )
( -21  -116  -3  )
( 148  -64  149  )
( 30  57  103  )
( 120  -23  38  )
( 114  44  99  )
( -133  -32  -14  )
( -85  65  26  )
( 70  136  30  )
( 54  -26  -119  )
( -11  -103  72  )
( -14  -109  120  )
( -140  65  -1  )
( -141  128  102  )
( -24  16  46  )
( -61  105  57  )
( -91  -115  112  )
( 116  -64  137  )
( -104  148  119  )
( -138  91  129  )
( 134  -59  -71  )
( 61  6  -72  )
( -23  1  -140  )
( -97  33  -80  )
( -73  34  -13  )
( 59  20  12  )
( 100  -94  79  )
( -118  37  105  )
( 73  -97  51  )
( 105  120  26  )
( 80  -114  -122  )
( 104  57  52  )
( -72  7  -136  )
( -36  -5  -82  )
( -115  -101  -90  )
( -117  -19  -36  )
( -77  132  26  )
( -148  -99  41  )
( 113  -82  69  )
( 58  -141  109  )
( 100  39  36  )
( 4  90  -109  )
( -9  -97  141  )
( 43  47  -12  )
( 129  -100  1  )
( -103  -8  -63  )
( -73  -2  -104  )
( 102  74  -149  )
( -2  103  -95  )
( 93  32  -53  )
( 70  -7  -122  )
( 127  -45  44  )
( 47  -104  147  )
( -144  132  -47  )
( -68  -51  -14  )
( 99  -121  -74  )
( -149  49  44  )
( -13  99  67  )
( 98  -54  -42  )
( 131  -81  130  )
( -120  -93  -87  )
( 32  83  98  )
( 46  86  126  )
( -20  94  105  )
( 148  -71  -20  )
( 77  30  -15  )
( -40  24  -102  )
( 37  -45  -128  )
( -55  143  63  )
( 144  8  -84  )
( 75  55  2  )
( -94  71  149  )
( 147  -13  110  )
( 45  10  -58  )
( 6  34  64  )
( -89  -98  -35  )
( 59  79  46  )
( 140  -121  -32  )
( -100  -27  -126  )
( 82  10  46  )
( -80  -124  70  )
( 43  59  35  )
( -21  112  101  )
( 52  -135  35  )
( -67  -138  122  )
( -64  -37  -65  )
( -98  -143  -21  )
( 2  -123  68  )
( 97  -96  -17  )
( 66  -65  -141  )
( -114  24  -101  )
( -106  75  79  )
( -112  -113  100  )
( -133  45  -149  )
( -62  -140  89  )
( -70  139  -121  )
( 25  120  57  )
( 103  -94  13  )
( 10  13  94  )
( 79  69  143  )
( 69  104  80  )
( 130  -67  108  )
( 77  -34  -17  )
( 39  -23  -91  )
( -67  -45  57  )
( -60  19  -6  )
( 61  73  24  )
( 125  -48  -43  )
( -79  126  -58  )
( 59  -49  -25  )
( 15  136  -33  )
( 52  -3  27  )
( 101  81  -139  )
( -85  -73  -56  )
( -60  -140  -126  )
( 73  70  93  )
( -28  142  -113  )
( 4  -26  122  )
( -129  -83  -15  )
( 146  -140  7  )
( 76  -122  85  )
( 94  120  -86  )
( -9  -0  63  )
( 102  130  -9  )
( -69  76  -9  )
( 62  -78  23  )
( -90  38  -39  )
( -81  -112  52  )
( 115  102  22  )
( 11  -90  -83  )
( 41  -10  -103  )
( 93  -133  64  )
( 116  -10  -114  )
( -94  56  83  )
( 28  137  -60  )
( -15  -108  94  )
( -50  -124  -71  )
( 24  -79  -60  )
( 126  138  -135  )
( -88  120  -40  )
( 73  123  -14  )
( -21  -72  -63  )
( -66  39  -129  )
( 81  -78  -39  )
( 60  -61  62  )
( 74  14  -51  )
( 33  136  8  )
( -63  -136  -55  )
( 102  30  -9  )
( -93  36  132  )
( 78  -55  89  )
( 45  -58  -148  )
( 100  -30  -3  )
( -32  125  -38  )
( 15  39  -78  )
( -93  17  6  )
( -21  -69  -24  )
( -66  122  11  )
( -141  -130  -63  )
( -131  -25  -17  )
( -86  141  -68  )
( 94  12  130  )
( 128  25  -135  )
( 13  -120  25  )
( 24  137  97  )
( -55  -96  110  )
( -39  104  144  )
( 72  -56  50  )
( 81  66  -149  )
( -64  49  -146  )
( -49  -50  135  )
( 93  32  12  )
( 71  -103  -134  )
( 13  -8  106  )
( 23  129  41  )
( -118  15  -12  )
( 22  -136  -6  )
( 142  -24  17  )
( -24  -34  95  )
( 27  50  125  )
( 149  -133  -148  )
( -147  -34  -17  )
( -75  -53  43  )
( 111  69  -13  )
( 149  -38  3  )
( -97  82  35  )
( 18  -46  22  )
( -119  8  48  )
( -117  122  -142  )
( 36  54  132  )
( -117  -121  -64  )
( -27  -13  -35  )
( 47  67  62  )
( 114  -75  7  )
( -148  -47  11  )
( 84  -58  -15  )
( -21  11  100  )
( -101  63  106  )
( -22  132  93  )
( 127  -116  -147  )
( -109  -0  -140  )
( -24  -46  2  )
( 27  39  -23  )
( 36  100  -0  )
( -9  10  87  )
( -122  76  -118  )
( -84  18  -122  )
( 35  126  -105  )
( -60  66  102  )
( 7  134  -55  )
( -27  60  32  )
( -9  50  -43  )
( -35  84  136  )
( 55  17  -135  )
( -58  113  -80  )
( -90  105  -106  )
( 40  61  78  )
( 139  -20  105  )
( 29  96  102  )
( 98  131  -78  )
( 85  -125  -73  )
( -16  -105  75  )
( -127  79  -47  )
( 88  -31  -70  )
( 102  58  28  )
( -111  80  -83  )
( 30  61  98  )
( 59  -93  -31  )
( 127  -147  -74  )
( -19  -100  -98  )
( -142  121  60  )
( 24  -90  7  )
( 126  -85  133  )
( -2  3  -10  )
( 90  139  -95  )
( 43  108  76  )
( 120  -38  123  )
( -143  -48  -40  )
( -7  98  -42  )
( -74  -36  -8  )
( 24  132  -92  )
( -50  140  -73  )
( -139  -118  -26  )
( -62  144  -39  )
( -146  17  18  )
( 103  26  -85  )
( -79  -136  0  )
( -30  114  106  )
( 112  -76  -137  )
( 89  53  -88  )
( -144  11  12  )
( 12  -138  73  )
( -66  -145  -57  )
( -113  60  11  )
( -52  -138  17  )
( -42  -23  99  )
( -106  -31  71  )
( -57  -2  135  )
( -140  128  133  )
( -4  16  -17  )
( 111  8  -134  )
