( -88  -14  -110  )
( 146  -132  -41  )
( 94  81  -148  )
( -34  37  130  )
( 37  31  -53  )
( 144  -9  105  )
( -57  -16  40  )
( 97  59  130  )
( -126  -30  35  )
( -120  18  -2  )
( 69  89  -62  )
( 87  8  -7  )
( -145  -55  -143  )
( 65  -141  117  )
( 103  -13  -146  )
( 76  131  20  )
( -34  96  114  )
( 149  -47  -139  )
( -105  9  -130  )
( -127  -104  25  )
( 45  4  42  )
( -24  -119  33  )
( 1  -97  40  )
( 56  129  -89  )
( -146  126  117  )
( 70  -51  140  )
( -36  6  -139  )
( 68  105  84  )
( 104  -89  -62  )
( 32  -109  -124  )
( -110  -125  -53  )
( 5  -46  36  )
( 92  -97  121  )
( 77  69  127  )
( -112  12  114  )
( 26  -111  76  )
( -31  83  -142  )
( -106  -13  98  )
( 139  43  -75  )
( 46  64  -70  )
( 135  89  -116  )
( 140  -142  12  )
( -10  37  -17  )
( -91  83  -24  )
( 12  27  51  )
( -140  127  -89  )
( -115  138  65  )
( -85  -2  99  )
( 130  82  37  )
( 125  97  -130  )
( -9  88  58  )
( -1  68  42  )
( -14  12  -8  )
( -81  -55  -75  )
( 107  132  -82  )
( 24  102  12  )
( 142  131  137  )
( 105  23  -41  )
( -59  -7  146  )
( -138  50  10  )
( 12  -26  82  )
( -54  -112  -38  )
( 117  130  -41  )
( -43  102  -138  )
( 41  -14  23  )
( 112  -87  -101  )
( -68  137  60  )
( -5  145  -143  )
( -9  -111  56  )
( -66  -139  47  )
( -118  -78  -81  )
( -119  -57  83  )
( 26  -24  -64  )
( -25  123  85  )
( 89  124  67  )
( -36  77  53  )
( -60  -121  89  )
( -17  102  -62  )
( -127  -53  -4  )
( -44  99  142  )
( -58  22  50  )
( 65  44  -30  )
( 146  -96  -61  )
( -31  52  144  )
( -142  -78  -92  )
( -90  -56  -13  )
( 143  -14  -84  )
( 109  11  86  )
( 89  -113  -35  )
( 7  -97  -64  )
( 13  129  -45  )
( -117  -46  -93  )
( -2  56  79  )
( -19  123  128  )
( 62  145  -27  )
( 53  49  20  )
( -71  136  -66  )
( 84  56  102  )
( -124  -58  68  )
( -134  -32  104  )
( -32  96  97  )
( -84  44  -79  )
( -12  -98  44  )
( 93  51  -69  )
( 55  -15  89  )
( 102  -41  1  )
( 126  47  -89  )
( 136  71  127  )
( 119  118  -52  )
( -148  -31  122  )
( -15  -47  -126  )
( -22  61  -62  )
( -142  63  61  )
( -14  -12  68  )
( -0  -75  9  )
( -30  94  -67  )
( 43  109  -33  )
( 87  -109  -20  )
( -138  15  105  )
( 103  -135  64  )
( 126  -98  -118  )
( 120  -32  11  )
( 24  -23  -138  )
( 66  36  79  )
( 120  -96  -63  )
( -68  115  114  )
( 55  -23  11  )
( -88  92  66  )
( 101  5  74  )
( 107  112  -146  )
( -2  74  -75  )
( 84  45  -82  )
( 38  -113  -88  )
( -140  -0  137  )
( 91  -5  123  )
( 147  -131  -37  )
( 53  118  2  )
( -74  139  84  )
( -81  38  -54  )
( -93  24  140  )
( 130  -6  -107  )
( 91  -18  -131  )
( -68  -7  -124  )
( -87  -34  -99  )
( 22  27  -33  )
( -37  54  -3  )
( 71  98  -26  )
( -118  -63  4  )
( -19  80  136  )
( -7  30  99  )
( 57  147  -102  )
( 62  -134  109  )
( -92  107  -33  )
( 8  -68  126  )
( -29  148  -51  )
( -73  -72  -95  )
( -145  104  79  )
( -132  -58  -62  )
( -3  56  -50  )
( 35  30  -145  )
( -17  -123  -83  )
( -77  60  127  )
( -31  -73  -112  )
( -52  -128  54  )
( 89  -104  -74  )
( -47  -19  37  )
( -70  -10  -64  )
( 57  -20  -26  )
( -109  125  86  )
( 88  31  -89  )
( 18  65  8  )
( 134  62  -95  )
( -146  -0  75  )
( 80  -133  149  )
( 16  95  21  )
( 144  68  129  )
( 33  43  -40  )
( 43  7  149  )
( 105  62  128  )
( -20  -71  80  )
( 74  7  129  )
( 75  126  -26  )
( 130  133  14  )
( 145  -104  58  )
( -43  -82  -36  )
( 91  105  60  )
( -64  -18  115  )
( -141  -26  60  )
( 88  130  69  )
( -9  113  149  )
( -81  88  -19  )
( -148  -113  9  )
( 122  70  50  )
( -123  46  6  )
( -115  -64  -53  )
( -72  -148  -97  )
( 128  -3  -27  )
( 23  -129  -6  )
( -49  98  46  )
( -141  -2  129  )
( 38  -89  138  )
( 53  101  99  )
( -44  148  10  )
( 28  72  -128  )
( -72  95  4  )
( -0  -58  111  )
( 48  -124  -82  )
( -55  -108  -144  )
( 0  137  120  )
( -17  -99  51  )
( -76  52  -133  )
( 83  -8  45  )
( -22  45  -20  )
( 107  -144  57  )
( -63  -116  55  )
( 21  -77  -7  )
( -103  143  4  )
( -103  -44  -94  )
( 68  96  -22  )
( 118  27  -58  )
( -46  -137  -130  )
( 136  -126  129  )
( -78  6  81  )
( -16  126  136  )
( -107  -21  -124  )
( 29  81  127  )
( -49  143  84  )
( -8  74  -111  )
( -20  83  97  )
( -69  -11  19  )
( -34  -32  2  )
( -145  -94  -148  )
( -7  -84  38  )
( -16  -20  6  )
( 52  114  -68  )
( -101  28  -1  )
( -104  -42  28  )
( -101  -59  7  )
( -114  99  -141  )
( -58  86  -132  )
( -119  76  123  )
( -134  8  117  )
( -143  -3  30  )
( 62  -63  37  )
( 71  -97  76  )
( 76  -30  105  )
( 37  47  -144  )
( -62  -61  59  )
( 84  -72  118  )
( -126  135  -33  )
( 18  94  97  )
( 14  90  -59  )
( 20  22  -78  )
( -60  17  -138  )
( -71  99  -143  )
( -142  109  113  )
( 42  63  46  )
( -71  -99  -11  )
( -30  38  80  )
( -97  133  85  )
( 75  -80  -63  )
( 95  -97  -20  )
( -79  -64  70  )
( -13  -77  -4  )
( 88  -145  -63  )
( -59  104  12  )
( -112  52  -137  )
( 9  -91  53  )
( -50  43  -24  )
( -88  59  -148  )
( 8  14  -120  )
( -4  -107  34  )
( 88  -15  33  )
( 17  4  -20  )
( 119  17  -8  )
( 134  64  -129  )
( -54  5  -64  )
( -121  -40  -66  )
( -35  -44  -127  )
( 144  -135  69  )
( 22  -38  138  )
( -67  73  -122  )
( -82  87  77  )
( -46  64  127  )
( 143  22  -108  )
( -0  24  140  )
( 53  -120  -79  )
( 127  145  72  )
( -56  -5  95  )
( 37  -130  -91  )
( 43  20  -46  )
( 39  -11  21  )
( 13  45  138  )
( 62  -24  98  )
( 41  29  -91  )
( -26  -111  -42  )
( -17  -141  -13  )
( -93  17  -134  )
( 57  102  11  )
( -114  -79  -14  )
( 6  13  56  )
( 25  -80  44  )
( 126  -130  110  )
( 142  81  79  )
( 77  17  34  )
( 30  86  25  )
( -126  75  93  )
( 54  -53  -21  )
( -109  -69  32  )
( 116  -11  -84  )
( 58  -66  -126  )
( -31  -111  -78  )
( 6  0  2  )
( 71  -93  -6  )
( 142  -19  83  )
( 12  108  -113  )
( 111  37  -6  )
( 149  -43  93  )
( -96  49  82  )
( -134  10  -68  )
( -43  -118  -55  )
( 13  -125  -35  )
( 72  -77  48  )
( -113  92  -16  )
( -62  -59  -34  )
( -55  40  -129  )
( -101  -102  7  )
( -119  12  -140  )
( -148  -13  114  )
( -47  11  107  )
( -57  112  36  )
( -95  137  -66  )
( 108  12  -148  )
( 132  41  -55  )
( 148  49  -81  )
( 52  -47  -72  )
( 2  -5  88  )
( -128  -23  71  )
( -48  -118  38  )
( -120  33  98  )
( -96  15  149  )
( 110  -38  72  )
( -114  -72  123  )
( 96  80  148  )
( 52  -23  21  )
( 119  -47  102  )
( 75  -140  100  )
( 18  35  92  )
( -149  -41  63  )
( 29  63  -36  )
( 46  75  -45  )
( -4  -122  -11  )
( 18  50  -55  )
( 41  -2  -69  )
( -137  -79  -50  )
( -39  -57  113  )
( -109  -111  136  )
( -27  91  94  )
( -43  46  -68  )
( -142  148  -86  )
( -132  71  42  )
( -89  8  -73  )
( -32  -61  145  )
( -121  109  53  )
( 39  -103  131  )
( 18  96  -146  )
( -126  140  -135  )
( -88  -57  85  )
( 45  119  -135  )
( 32  -64  -69  )
( -121  22  -0  )
( -98  -4  1  )
( 62  -106  104  )
( 132  79  -75  )
( -136  -85  67  )
( 127  129  -52  )
( -44  81  15  )
( 70  -55  87  )
( -19  71  -17  )
( -144  92  -132  )
( 125  90  -137  )
( 122  -9  38  )
( 10  -31  -37  )
( -0  4  105  )
( -97  -81  129  )
( -19  10  -117  )
( 65  -47  25  )
( -54  67  143  )
( -72  103  -97  )
( 49  7  -41  )
( 148  -124  -96  )
( 142  147  36  )
( 42  44  133  )
( -1  -93  -143  )
( 38  83  68  )
( 77  72  -121  )
( 136  -132  -122  )
( 124  112  10  )
( -135  134  5  )
( 51  -76  -23  )
( -149  103  107  )
( 0  124  70  )
( 49  -19  35  )
( -111  -89  -64  )
( 125  -56  27  )
( 115  -101  89  )
( -40  51  -31  )
( 106  149  50  )
( -53  29  -101  )
( -68  121  -53  )
( 113  117  -53  )
( -111  -25  50  )
( 84  56  39  )
( -127  -134  73  )
( -41  -96  52  )
( -120  -113  -125  )
( 129  -94  -122  )
( 124  119  137  )
( -23  -80  4  )
( -17  37  123  )
( -35  0  -67  )
( -49  114  80  )
( 100  116  -59  )
( 149  -2  -86  )
( -67  -137  -85  )
( -7  87  130  )
( 73  -138  65  )
( -40  95  -92  )
( 147  98  -136  )
( -87  100  -146  )
( 70  -5  -2  )
( -27  29  -66  )
( -147  97  102  )
( -110  -65  53  )
( -66  35  -138  )
( -111  104  129  )
( 13  -11  121  )
( 140  88  117  )
( -57  -145  -60  )
( -34  0  5  )
( -59  107  -3  )
( -29  -3  -96  )
( 134  25  -89  )
( 39  78  -74  )
( -84  -145  -65  )
( 29  36  3  )
( -110  -41  -127  )
( -5  107  -136  )
( -101  -122  129  )
( -136  130  -25  )
( -83  -101  137  )
( -87  -17  -120  )
( 140  70  103  )
( -37  143  -126  )
( -146  -39  -13  )
( -86  -95  17  )
( 103  -35  -117  )
( -137  -134  40  )
( -123  42  81  )
( -104  65  -142  )
( -89  140  -58  )
( 130  -93  -13  )
( 39  -110  -65  )
( -66  -14  -19  )
( -136  65  62  )
( 2  99  145  )
( -69  4  -140  )
( -110  -82  112  )
( 132  58  -38  )
( 84  126  103  )
( 20  -115  61  )
( 126  -39  71  )
( -37  -48  135  )
( -125  120  59  )
( -57  -32  -137  )
( -62  -145  48  )
( 67  -130  132  )
( 106  143  69  )
( -77  65  -29  )
( -5  29  74  )
( 54  -123  80  )
( 10  -24  -36  )
( -109  -39  55  )
( 108  -39  -65  )
( -71  -34  12  )
( -62  -59  -136  )
( -102  -9  49  )
( -6  -2  -130  )
( 99  39  37  )
( -23  27  61  )
( 105  107  -96  )
( -130  19  87  )
( -99  -24  -74  )
( -48  -68  18  )
( 52  97  123  )
( -33  -25  140  )
( -17  100  -133  )
( 84  2  -148  )
( -42  -65  -0  )
( -133  -17  3  )
( 27  -93  66  )
( 135  105  100  )
( -4  -87  77  )
( 107  19  147  )
( 40  -115  -99  )
( 64  55  -145  )
( -66  -60  -116  )
( 73  -38  60  )
( -59  145  70  )
( 49  -17  143  )
( 42  -144  43  )
( 49  -129  -95  )
( -128  49  -19  )
( -107  91  104  )
( 65  -90  -137  )
( 116  -98  -1  )
( -86  38  33  )
( 104  44  4  )
( -145  -148  -111  )
( -62  -68  77  )
( -45  85  149  )
( 115  -148  -121  )
( 145  -37  -44  )
( -51  -136  85  )
( -42  54  -63  )
( 89  82  -54  )
( -84  124  58  )
( -123  126  -44  )
( -95  2  90  )
( -82  -98  -105  )
( -16  142  -52  )
( 86  -90  75  )
( -46  77  -116  )
( -146  -89  133  )
( 63  39  -32  )
( 111  -140  5  )
( -147  14  46  )
( 145  18  -12  )
( 105  -6  81  )
( 45  -101  -149  )
( -145  82  -9  )
( 94  -16  43  )
( -80  94  -70  )
( 119  16  142  )
( 2  -111  -53  )
( 104  -1  42  )
( -29  92  117  )
( -65  -109  0  )
( -30  -91  -146  )
( -64  -25  36  )
( -10  -26  7  )
( 43  62  -26  )
( 32  -51  -9  )
( 103  40  106  )
( -121  55  86  )
( -22  -42  19  )
( -53  -12  48  )
( 0  -11  24  )
( 42  -81  -69  )
( -5  39  -109  )
( -55  6  82  )
( 54  -102  18  )
( -40  -25  86  )
( -32  15  -93  )
( 48  142  67  )
( 101  -114  -115  )
( -125  -81  21  )
( 11  143  -87  )
( -134  -81  -45  )
( 63  108  -79  )
( -42  109  108  )
( 10  100  11  )
( 54  -70  146  )
( -149  72  74  )
( -105  -99  106  )
( -71  73  -0  )
( -111  -47  121  )
( -126  -108  -139  )
( -4  -66  31  )
( -24  140  111  )
( 65  -15  27  )
( 117  130  49  )
( 100  -35  -72  )
( -9  -44  117  )
( -99  14  -59  )
( 107  -46  -58  )
( -0  130  42  )
( -95  138  -8  )
( 96  127  73  )
( -79  -119  -66  )
( -58  -14  -97  )
( -138  -116  -71  )
( 109  22  42  )
( 96  -66  -117  )
( 80  -120  -36  )
( 61  -93  -43  )
( -84  53  -50  )
( -130  -80  76  )
( -100  -146  19  )
( -46  -4  -76  )
( 75  -26  -118  )
( 34  94  -101  )
( -54  -72  -70  )
( -45  -60  -149  )
( 99  12  -28  )
( 24  8  117  )
( 54  -144  -125  )
( -35  -91  40  )
( 113  -91  93  )
( -71  136  -117  )
( 69  13  145  )
( 56  96  -114  )
( -32  -132  -130  )
( 117  -42  70  )
( 130  -87  -85  )
( -127  20  4  )
( 26  -98  -25  )
( -144  -109  8  )
( 114  -42  95  )
( -50  -127  -64  )
( 111  149  17  )
( -130  -16  54  )
( 28  -23  -147  )
( -137  42  -16  )
( -25  -121  -28  )
( -102  81  11  )
( -105  87  100  )
( 41  -46  94  )
( -5  107  -108  )
( -143  94  -100  )
( 3  -73  146  )
( 94  -63  31  )
( 38  128  3  )
( 65  128  -77  )
( 103  -82  -92  )
( -75  63  -22  )
( -143  78  -80  )
( -23  -21  36  )
( 137  -85  -75  )
( -36  -119  127  )
