( -121  -14  -148  )
( 96  97  110  )
( -58  -131  8  )
( 144  -51  -99  )
( -127  -76  69  )
( -6  -58  91  )
( -17  -15  109  )
( -49  71  12  )
( -1  21  14  )
( 133  134  -38  )
( 6  88  -58  )
( 142  -106  20  )
( -106  91  44  )
( -31  -8  -78  )
( -64  -119  140  )
( 119  -62  -129  )
( 149  -30  100  )
( -53  -110  -135  )
( -99  77  -97  )
( 131  93  -0  )
( -100  40  87  )
( 17  -61  63  )
( -7  138  110  )
( 136  50  85  )
( 5  16  113  )
( 84  -124  83  )
( -101  -18  -138  )
( 75  145  -1  )
( -40  72  89  )
( 18  -101  -31  )
( -90  -102  84  )
( 67  125  10  )
( -21  -34  -63  )
( 97  -94  22  )
( 115  105  -98  )
( -117  122  -58  )
( -96  -98  82  )
( -71  6  72  )
( 80  -11  95  )
( 10  -93  85  )
( -50  49  -142  )
( 53  137  -108  )
( -121  -86  33  )
( -138  -58  52  )
( -123  112  -103  )
( 18  -17  -6  )
( -20  96  4  )
( -8  59  30  )
( 137  -126  -33  )
( 97  -7  20  )
( 71  -57  80  )
( 2  -109  -61  )
( -84  62  85  )
( 130  -25  146  )
( -12  -7  -33  )
( -3  -81  -41  )
( -8  134  100  )
( 149  -95  -57  )
( 84  -76  108  )
( 35  -52  -70  )
( 56  53  100  )
( 98  -73  -99  )
( 61  -123  27  )
( -117  -85  -28  )
( -140  145  64  )
( -28  -19  99  )
( 35  -57  -55  )
( 14  131  -113  )
( -121  -126  49  )
( -52  74  -88  )
( 103  134  -14  )
( 137  81  -83  )
( -89  -115  -140  )
( -130  -121  -91  )
( 100  95  -137  )
( -78  14  -126  )
( 60  80  13  )
( -120  46  -121  )
( -138  37  -104  )
( 8  -25  136  )
( 64  44  -133  )
( 27  -99  13  )
( 109  -18  -105  )
( -17  -126  106  )
( -100  145  -71  )
( -116  74  -54  )
( 10  -76  38  )
( -147  118  -59  )
( 2  -9  -39  )
( 124  11  -97  )
( -4  49  -51  )
( -97  6  69  )
( -1  -96  -4  )
( 82  17  102  )
( -5  20  59  )
( -95  -53  93  )
( 18  38  -136  )
( 52  -54  -48  )
( -94  -4  -44  )
( 93  -69  -83  )
( -67  11  60  )
( 15  -17  -58  )
( 51  -123  11  )
( -57  94  110  )
( -67  77  101  )
( -18  -28  95  )
( 47  125  0  )
( -99  101  68  )
( -72  80  -104  )
( -61  -42  -145  )
( 88  104  106  )
( 11  65  -25  )
( -135  68  20  )
( 51  -120  -122  )
( 111  -35  87  )
( -76  -30  -11  )
( -55  -39  84  )
( 113  125  120  )
( 59  40  88  )
( -104  64  -21  )
( 58  -35  28  )
( -69  -111  -140  )
( 112  135  -62  )
( 115  -27  -17  )
( 113  26  124  )
( -52  127  104  )
( 66  -103  59  )
( 76  108  63  )
( 90  49  74  )
( 87  98  35  )
( -86  32  -129  )
( -66  95  134  )
( -49  -6  -135  )
( -77  99  80  )
( 59  -48  29  )
( 127  -19  145  )
( 132  -63  -78  )
( -133  -32  45  )
( -44  148  -5  )
( 91  41  -133  )
( -20  111  116  )
( 19  -134  -20  )
( 87  -43  -34  )
( 22  -68  79  )
( 145  2  -8  )
( 123  98  -57  )
( -111  -122  -5  )
( 140  146  147  )
( 99  -22  104  )
( -127  39  -130  )
( 94  32  -108  )
( -96  34  37  )
( 136  63  -46  )
( 140  -62  55  )
( 108  82  107  )
( -9  -118  -14  )
( -77  133  -148  )
( -104  -37  66  )
( -148  91  144  )
( -116  14  -24  )
( 102  -18  -10  )
( -149  -5  -78  )
( 122  80  -127  )
( 109  56  -81  )
( -92  -71  -110  )
( -100  122  -27  )
( -78  -117  -118  )
( 30  -91  -104  )
( 136  -69  60  )
( -80  -59  145  )
( 114  -56  -58  )
( -59  -52  90  )
( 29  -64  9  )
( -61  -39  3  )
( 44  -71  -106  )
( -124  -1  138  )
( -15  36  -140  )
( -126  99  18  )
( 44  128  -111  )
( 22  -56  131  )
( 37  134  -92  )
( 107  37  -40  )
( 2  67  -41  )
( 86  -99  -112  )
( 77  110  -125  )
( 119  39  71  )
( 45  110  39  )
( -62  91  130  )
( 42  -90  118  )
( 119  -69  -3  )
( 15  -146  -131  )
( 31  -100  -50  )
( 40  9  -33  )
( 3  131  32  )
( 58  97  -60  )
( -12  4  85  )
( 9  -12  -8  )
( 4  58  21  )
( -133  -31  -112  )
( -70  -131  52  )
( -96  127  26  )
( 19  63  -61  )
( -126  47  -144  )
( 18  -12  -94  )
( -81  -50  -148  )
( -128  4  -126  )
( -50  -109  -29  )
( 97  115  -52  )
( -6  94  -122  )
( -39  30  -56  )
( -96  -125  -8  )
( -38  110  -133  )
( -43  112  81  )
( 15  136  149  )
( -44  -40  85  )
( -134  55  128  )
( 20  -18  100  )
( -122  -58  32  )
( -98  25  -12  )
( 138  -17  -1  )
( -123  90  -23  )
( -142  -38  62  )
( -99  52  114  )
( -81  80  139  )
( 139  19  -14  )
( -102  51  -98  )
( -72  -51  -44  )
( -131  10  46  )
( 31  136  -118  )
( 20  -52  7  )
( 55  -49  -68  )
( 130  6  20  )
( -138  -134  9  )
( -1  107  9  )
( -80  114  -77  )
( -146  -129  -23  )
( 90  115  -126  )
( 41  -32  -109  )
( -30  37  23  )
( -111  -62  97  )
( -147  44  -25  )
( 68  64  57  )
( -102  -55  -132  )
( -85  108  110  )
( 67  -122  -24  )
( -115  -125  148  )
( -68  142  -6  )
( -112  73  -102  )
( -28  66  149  )
( -19  90  -137  )
( 41  47  -86  )
( -136  0  34  )
( 16  60  83  )
( 58  20  44  )
( 107  70  136  )
( 4  122  -137  )
( 116  113  -87  )
( 40  69  -78  )
( 79  -27  -47  )
( 69  -21  96  )
( 74  100  19  )
( 7  -122  106  )
( -16  53  143  )
( -120  -121  74  )
( 131  -64  -128  )
( -38  27  5  )
( -65  -95  -138  )
( 148  135  122  )
( 146  -107  140  )
( 5  -129  111  )
( 7  -89  1  )
( 148  -123  -94  )
( 20  -30  -1  )
( -43  144  -42  )
( -128  -76  93  )
( -8  -109  78  )
( -146  -25  -60  )
( 21  -77  -44  )
( -90  42  -8  )
( 16  -115  124  )
( 24  -21  134  )
( 102  -68  48  )
( 70  -102  -61  )
( 141  -83  -137  )
( -40  125  73  )
( 143  -41  -86  )
( 9  -71  -15  )
( 21  -114  131  )
( 88  138  -99  )
( -119  -83  -107  )
( 24  -147  12  )
( -66  -142  4  )
( 66  42  -108  )
( 55  -96  89  )
( -126  124  -43  )
( 47  105  -147  )
( -139  -44  -17  )
( -102  -120  111  )
( -56  130  -125  )
( -37  113  -98  )
( -115  -56  63  )
( 18  40  -50  )
( -71  -138  -77  )
( 34  -133  42  )
( 33  92  2  )
( 5  -115  56  )
( -66  116  -28  )
( -35  -122  -49  )
( 75  -108  131  )
( -22  25  -84  )
( 83  37  53  )
( 79  -124  -148  )
( 69  -41  74  )
( -5  -96  -122  )
( 101  143  -102  )
( -17  -143  -40  )
( 119  -32  -50  )
( 95  -62  49  )
( 24  -67  -79  )
( -70  52  57  )
( -124  117  22  )
( -143  126  121  )
( -119  15  65  )
( -63  -97  -82  )
( -135  -29  34  )
( -12  19  143  )
( -128  -133  -113  )
( -74  -140  15  )
( 84  121  -57  )
( -70  123  -37  )
( -16  72  -63  )
( -140  -129  81  )
( -124  109  44  )
( 109  144  -57  )
( 119  -21  -112  )
( 32  77  -86  )
( 30  -75  -114  )
( 34  132  -121  )
( 20  133  98  )
( 24  52  -95  )
( 52  -141  138  )
( -17  62  -0  )
( 3  122  -28  )
( 148  139  -120  )
( -76  88  -63  )
( 45  24  -142  )
( 98  86  -144  )
( -135  -28  -17  )
( 91  -31  16  )
( 65  86  -37  )
( -60  54  111  )
( -28  -25  117  )
( 14  -20  -143  )
( 80  107  123  )
( 26  51  -148  )
( 63  -124  36  )
( -48  30  144  )
( 0  121  -56  )
( -77  -63  13  )
( 59  50  102  )
( 106  133  -46  )
( -138  -8  20  )
( 103  -114  131  )
( 23  -69  -128  )
( -64  -1  -78  )
( -70  -11  19  )
( -142  -124  -111  )
( -142  -3  -9  )
( -80  84  39  )
( 30  147  92  )
( -45  50  -65  )
( 31  -132  44  )
( 96  36  -72  )
( -54  -44  -68  )
( 105  87  103  )
( -111  -21  100  )
( -52  -49  -9  )
( 100  66  146  )
( -128  -39  -6  )
( 7  -58  136  )
( -100  36  15  )
( -91  0  25  )
( 144  -140  -38  )
( 21  -11  136  )
( -9  76  3  )
( 44  -14  -79  )
( -41  81  1  )
( -105  -83  -6  )
( -107  55  -12  )
( -115  96  -147  )
( -55  137  86  )
( -86  -42  32  )
( -14  -25  -27  )
( -28  29  -8  )
( -93  67  125  )
( -121  -2  147  )
( -75  97  -88  )
( -57  -79  54  )
( 84  -52  -44  )
( 147  133  -139  )
( 63  -122  18  )
( 46  50  41  )
( -66  -107  117  )
( -17  -43  -91  )
( -121  118  -16  )
( -11  140  72  )
( 41  -86  4  )
( 51  116  98  )
( -39  103  124  )
( 62  139  -76  )
( 78  101  -124  )
( -148  -18  91  )
( -104  -64  -96  )
( 3  -78  -52  )
( -131  84  0  )
( 139  134  -35  )
( 74  -56  -81  )
( 102  89  -50  )
( 11  86  -78  )
( -4  -49  -47  )
( 22  44  -57  )
( 114  -128  -113  )
( -90  30  -84  )
( 63  6  -24  )
( 71  79  -77  )
( 105  -131  -111  )
( -22  -76  60  )
( 116  -135  136  )
( -107  -77  84  )
( -135  7  109  )
( -103  146  -101  )
( -86  -109  52  )
( 3  100  -122  )
( -96  110  -5  )
( 62  -124  11  )
( -48  49  66  )
( 148  47  133  )
( -78  -144  6  )
( -63  7  21  )
( 137  131  87  )
( 102  56  -72  )
( 42  -34  37  )
( -48  -87  -57  )
( -4  -1  113  )
( 112  39  89  )
( 113  62  22  )
( -148  128  -81  )
( 93  -92  72  )
( 3  -44  -149  )
( 48  -90  113  )
( 142  -87  -49  )
( -108  -139  -7  )
( 123  -124  116  )
( 130  -22  119  )
( 9  16  42  )
( -50  31  105  )
( -39  -72  81  )
( 127  -149  139  )
( 145  -87  -98  )
( 65  136  -124  )
( -75  1  79  )
( 138  4  88  )
( -94  -61  -87  )
( 5  74  -68  )
( -95  -4  -77  )
( 18  -58  108  )
( 11  32  42  )
( 140  50  145  )
( -38  80  -32  )
( 87  41  68  )
( 112  90  -35  )
( -14  45  70  )
( -60  83  -90  )
( 87  -137  67  )
( 5  -62  79  )
( -24  -94  100  )
( -37  2  -40  )
( 37  -66  29  )
( -30  -24  -104  )
( -52  131  -2  )
( -70  -71  149  )
( 67  30  148  )
( 134  101  11  )
( -5  98  53  )
( 6  -41  -105  )
( 121  58  80  )
( 121  -132  -14  )
( 139  75  -30  )
( -85  114  139  )
( 23  32  142  )
( 21  -68  -2  )
( -65  123  -128  )
( -60  -2  -131  )
( 125  -77  -146  )
( -115  -102  -114  )
( -47  11  -17  )
( 64  -102  -141  )
( 123  140  -56  )
( -36  108  91  )
( 36  -120  -146  )
( -88  87  -114  )
( -68  -107  145  )
( 66  63  40  )
( -132  -97  -0  )
( 94  77  43  )
( 108  105  99  )
( -147  97  42  )
( -19  15  92  )
( -113  79  96  )
( 113  58  1  )
( 108  97  76  )
( -128  -11  54  )
( -55  82  -39  )
( 76  -19  -105  )
( 78  50  42  )
( -40  -22  -73  )
( -67  -71  43  )
( -98  109  -93  )
( -54  -102  -38  )
( 10  45  -56  )
( -71  116  -133  )
( -74  -16  40  )
( 11  15  83  )
( -89  -92  8  )
( 143  31  74  )
( 130  72  -35  )
( -11  37  106  )
( -76  1  120  )
( 81  92  -22  )
( 64  24  130  )
( 36  20  -33  )
( -121  -131  89  )
( 88  63  1  )
( -37  -25  5  )
( -16  -95  -34  )
( -25  68  28  )
( -15  3  -109  )
( 76  -35  28  )
( -31  138  75  )
( -134  -19  71  )
( -26  108  -138  )
( -59  78  -27  )
( -34  -143  -69  )
( -13  -64  -65  )
( 139  149  7  )
( 119  -48  142  )
( 143  -90  40  )
( -26  -18  -44  )
( -65  135  19  )
( -21  -76  67  )
( -88  -130  -14  )
( -72  14  -137  )
( 41  132  -97  )
( -19  -123  50  )
( 130  -21  114  )
( 63  -45  100  )
( 110  69  -112  )
( -4  109  -40  )
( 14  64  98  )
( -8  -26  -127  )
( 146  92  -17  )
( -8  90  -7  )
( 69  19  -23  )
( 103  -10  -4  )
( 64  51  -66  )
( -96  22  37  )
( 43  28  2  )
( -67  -54  93  )
( 131  1  117  )
( -69  86  -76  )
( -103  -45  -34  )
( 5  83  -116  )
( 70  -84  21  )
( -79  -134  84  )
( 99  92  122  )
( 83  -143  -137  )
( 109  131  -34  )
( -130  -88  21  )
( -121  -66  -97  )
( 102  40  -126  )
( -29  63  -149  )
( 10  91  16  )
( -39  85  -76  )
( -66  122  -37  )
( 106  -139  55  )
( -57  -49  126  )
( 116  9  -124  )
( -30  97  101  )
( -63  56  42  )
( -92  -8  -78  )
( -56  -5  12  )
( 44  -120  -136  )
( 93  -66  -4  )
( -38  -15  -117  )
( -79  -107  136  )
( 4  -21  -103  )
( 59  -107  144  )
( -124  4  -139  )
( -5  -15  -2  )
( -93  -63  0  )
( -61  87  -133  )
( -106  105  -76  )
( -20  -71  107  )
( -44  10  36  )
( 25  -121  -129  )
( 109  78  -47  )
( -46  -68  -19  )
( -39  16  34  )
( 129  -107  -79  )
( -66  100  135  )
( 25  134  -91  )
( -54  79  8  )
( -128  51  -137  )
( -46  69  122  )
( -18  -5  101  )
( 4  -43  47  )
( -97  -143  -113  )
( -141  5  -69  )
( 17  -19  24  )
( 89  44  29  )
( 100  80  76  )
( -38  139  -102  )
( -118  -0  -111  )
( 68  89  51  )
( 33  -132  -34  )
( -17  18  62  )
( -139  144  -76  )
( -149  147  -142  )
( -143  148  -121  )
( 15  -79  92  )
( 149  11  -146  )
( 142  107  27  )
( -82  51  -29  )
( -96  22  20  )
( -52  96  84  )
( -49  -99  -139  )
( -83  21  115  )
( 76  139  -105  )
( -135  -8  16  )
( -109  122  50  )
