( 84  32  -0  )
( 127  34  48  )
( 145  47  -113  )
( 5  97  -113  )
( 21  14  10  )
( 125  -93  23  )
( 98  139  -26  )
( -146  107  19  )
( 96  66  30  )
( -124  -88  33  )
( -39  -130  -136  )
( 41  -116  65  )
( -48  73  -95  )
( -97  -27  -112  )
( 31  -121  -134  )
( -36  -38  125  )
( 130  105  -92  )
( -31  104  -58  )
( 41  -102  -141  )
( -77  6  -38  )
( -149  -133  -26  )
( 114  -113  -133  )
( 132  -130  50  )
( -141  -82  -84  )
( -138  121  -148  )
( -97  -104  115  )
( -98  68  69  )
( 115  79  -112  )
( 46  -66  -106  )
( -122  11  -105  )
( -43  20  147  )
( 135  124  -139  )
( 111  -36  -141  )
( 132  87  43  )
( 26  -59  -144  )
( -71  -69  125  )
( 23  98  -80  )
( 97  -84  -98  )
( 32  -93  -140  )
( 137  114  119  )
( -60  38  91  )
( 75  -145  -62  )
( 105  51  -145  )
( -43  -103  -139  )
( -29  143  114  )
( 91  -13  -5  )
( -125  135  -81  )
( -111  -119  124  )
( -50  -25  68  )
( 24  -5  89  )
( 51  -21  -20  )
( -44  -52  -61  )
( -28  -6  -4  )
( 78  88  -45  )
( -34  58  31  )
( -10  120  94  )
( 58  109  26  )
( -31  48  -118  )
( 19  33  75  )
( 145  -57  36  )
( 126  121  -73  )
( 55  44  -39  )
( 71  -23  -123  )
( -9  -136  -23  )
( 62  36  -75  )
( -53  -104  -96  )
( 98  138  69  )
( 135  -99  -140  )
( -100  -44  27  )
( -115  90  -9  )
( -37  17  112  )
( 36  5  -48  )
( 23  -83  36  )
( -20  60  92  )
( 43  -8  107  )
( -82  39  -62  )
( 57  73  -20  )
( -129  59  91  )
( -108  84  105  )
( -86  0  -143  )
( 46  149  89  )
( 109  4  148  )
( 101  51  -53  )
( 118  149  124  )
( 109  -126  62  )
( -127  131  104  )
( -123  79  43  )
( -16  -138  -1  )
( 51  110  -101  )
( 6  32  43  )
( 2  72  -70  )
( 116  57  31  )
( 58  -108  -28  )
( 36  71  -33  )
( -81  -100  -101  )
( -20  33  21  )
( -26  24  9  )
( 31  67  -127  )
( 94  149  -90  )
( 58  139  81  )
( 36  -78  97  )
( -109  127  50  )
( -25  37  140  )
( 25  -75  126  )
( -140  34  -35  )
( 51  -136  75  )
( 104  23  -69  )
( 54  -81  -143  )
( 51  99  -11  )
( -133  -108  88  )
( 148  73  -109  )
( 77  -36  35  )
( -145  19  42  )
( -84  16  68  )
( -115  71  10  )
( 141  -62  131  )
( 101  16  -72  )
( -32  115  20  )
( 35  93  -41  )
( 69  122  -27  )
( 143  134  -64  )
( -77  21  143  )
( -145  -75  -18  )
( -40  -138  77  )
( 91  -145  2  )
( 142  143  43  )
( 22  -113  -141  )
( -43  105  -90  )
( -121  61  -70  )
( 120  33  60  )
( -42  -36  53  )
( -85  -43  53  )
( 24  -38  -40  )
( -69  -139  15  )
( -134  -94  -41  )
( -66  -50  107  )
( 30  67  132  )
( -64  116  80  )
( -15  -143  7  )
( 59  -1  -118  )
( 58  -84  -8  )
( -37  -64  -23  )
( 125  -147  121  )
( -144  -89  38  )
( -76  -118  26  )
( -112  -33  -148  )
( -146  -6  50  )
( -13  83  90  )
( -61  -20  85  )
( 84  -18  -71  )
( -61  -85  -71  )
( -76  -10  147  )
( 138  59  119  )
( 47  64  146  )
( -131  -65  -97  )
( 26  -146  52  )
( 38  149  -30  )
( 97  123  -36  )
( 135  142  -75  )
( 94  29  73  )
( -134  -48  -149  )
( 13  59  115  )
( -21  7  -20  )
( -132  3  10  )
( -69  -66  -104  )
( 32  34  -54  )
( 143  71  22  )
( -61  104  144  )
( 130  115  34  )
( -93  110  -26  )
( -91  -149  21  )
( 115  130  56  )
( 30  115  40  )
( 39  42  -8  )
( -28  -138  4  )
( -83  -12  47  )
( -7  -16  76  )
( -37  71  142  )
( 40  -119  81  )
( 25  -126  -133  )
( -38  2  -1  )
( 37  49  19  )
( -20  -11  118  )
( 108  34  -94  )
( 90  -29  -28  )
( -64  52  -46  )
( -141  22  -91  )
( -124  95  -58  )
( -4  34  83  )
( -62  -126  -37  )
( -94  108  -134  )
( 127  149  -78  )
( 4  -5  -134  )
( -148  -41  107  )
( -53  142  125  )
( 131  -132  -147  )
( 81  -132  -15  )
( -26  131  24  )
( -9  -65  -107  )
( -84  -111  81  )
( 125  69  95  )
( -31  19  -101  )
( 16  139  28  )
( -27  56  -23  )
( 113  -38  -70  )
( 57  111  -124  )
( -143  107  -138  )
( 82  -53  21  )
( 44  -77  -42  )
( -70  -140  61  )
( 55  -132  -68  )
( -53  74  128  )
( -87  118  45  )
( 149  -110  -67  )
( -44  -138  -15  )
( 21  -109  124  )
( -65  -139  -98  )
( -44  70  -8  )
( 46  -84  20  )
( 93  128  -116  )
( -92  122  69  )
( -139  -135  -141  )
( 75  138  -18  )
( -49  36  -32  )
( -45  -2  -142  )
( -106  66  78  )
( -144  13  -75  )
( 115  -16  -28  )
( 147  108  -33  )
( -73  76  -6  )
( -86  98  -22  )
( -114  113  112  )
( 37  -1  -95  )
( 144  -13  -44  )
( -46  53  126  )
( -120  101  59  )
( 109  -53  138  )
( 53  129  -71  )
( -60  -40  -68  )
( -37  -134  -99  )
( 26  70  -87  )
( -111  148  -119  )
( 38  0  106  )
( -38  149  67  )
( -134  131  -148  )
( -4  -127  -11  )
( -41  -108  -93  )
( 120  3  135  )
( 83  -44  61  )
( 64  -103  8  )
( 8  -33  102  )
( -31  50  13  )
( -93  -69  120  )
( -64  -54  31  )
( 1  87  129  )
( 0  -6  -111  )
( -143  102  64  )
( 139  52  125  )
( 8  53  -55  )
( -98  -32  35  )
( -106  41  -6  )
( 50  -39  71  )
( 94  -49  -67  )
( -149  23  64  )
( 18  -12  -17  )
( -108  -72  -137  )
( 55  -143  -140  )
( 86  -2  143  )
( -42  27  -116  )
( 132  -80  66  )
( -141  -125  -97  )
( -119  38  23  )
( 52  -89  129  )
( 66  36  -34  )
( 48  147  39  )
( -2  -51  124  )
( -71  -99  -128  )
( 86  118  4  )
( -5  -102  -24  )
( 121  62  -89  )
( -106  45  -29  )
( 113  -47  -108  )
( 3  97  1  )
( 56  -48  -52  )
( 60  -56  31  )
( 105  90  48  )
( 103  48  -24  )
( -13  -91  96  )
( -82  -104  -50  )
( -111  114  -56  )
( 73  -42  49  )
( -25  -89  30  )
( -65  30  147  )
( 25  -115  -5  )
( 22  -26  -61  )
( -126  -36  24  )
( 96  147  -32  )
( -123  31  111  )
( -63  97  -8  )
( 17  88  -44  )
( 56  92  10  )
( 15  44  111  )
( 73  93  -77  )
( -77  -59  -55  )
( -44  -143  -145  )
( -47  -125  13  )
( -17  -116  82  )
( -142  125  -77  )
( -33  17  34  )
( -149  -59  76  )
( 85  -123  -142  )
( -20  115  -43  )
( -82  -74  37  )
( -71  -128  -43  )
( 141  -125  -10  )
( -124  -35  80  )
( -35  -122  115  )
( -119  9  -75  )
( -118  -114  -0  )
( -58  -131  -49  )
( 39  -11  143  )
( -26  71  -145  )
( 117  61  -107  )
( -31  -74  -143  )
( 15  -121  46  )
( -106  -62  134  )
( 20  36  88  )
( 13  -132  24  )
( -127  -38  -44  )
( -101  -52  -104  )
( -121  -24  39  )
( -114  53  -74  )
( -78  41  -101  )
( 30  -114  -46  )
( 36  41  -81  )
( 32  81  -74  )
( 121  -127  -7  )
( 85  63  45  )
( 9  -100  62  )
( -120  -100  -13  )
( -111  -13  126  )
( 28  -32  -121  )
( -25  -72  -78  )
( -106  -127  -6  )
( 85  52  105  )
( 95  88  -147  )
( -100  -37  -95  )
( -120  -112  -25  )
( -127  -5  -25  )
( 1  69  138  )
( 49  -8  -123  )
( 85  72  -39  )
( -95  -17  48  )
( 125  -36  128  )
( 125  -132  134  )
( 25  22  126  )
( -26  -61  34  )
( 25  48  -58  )
( -29  140  -15  )
( 101  41  -113  )
( 68  -3  130  )
( -128  57  39  )
( -125  32  0  )
( 77  107  20  )
( -16  9  -68  )
( 115  -11  65  )
( 75  9  -84  )
( -15  -74  -19  )
( -127  -105  21  )
( 5  30  -58  )
( 123  -109  127  )
( -47  -60  115  )
( -65  87  -20  )
( 30  -9  83  )
( -97  -100  111  )
( -42  102  -100  )
( 58  -35  -128  )
( 108  14  -115  )
( -26  -115  58  )
( -5  141  6  )
( -111  -137  84  )
( 60  61  68  )
( -103  77  21  )
( -103  -98  104  )
( 113  -59  54  )
( -75  57  -0  )
( -110  -149  -97  )
( 19  -51  85  )
( -107  -147  111  )
( 30  -81  -24  )
( 63  105  78  )
( 108  139  56  )
( -67  -97  -70  )
( 65  -111  100  )
( -2  -78  -4  )
( -140  142  -79  )
( -66  63  135  )
( -14  136  53  )
( 31  -124  -79  )
( 69  17  -34  )
( -146  4  -21  )
( -90  -81  142  )
( 131  -99  129  )
( -34  60  -88  )
( -105  -28  -18  )
( 54  -25  88  )
( -49  -14  -114  )
( -141  -143  86  )
( -62  99  78  )
( -44  115  130  )
( -94  -62  -63  )
( 80  117  -16  )
( -146  -119  -30  )
( 22  -108  -94  )
( 37  95  15  )
( 23  122  102  )
( 52  32  -147  )
( 8  58  37  )
( 97  124  -69  )
( 119  -71  7  )
( 33  41  30  )
( 122  -114  127  )
( 106  -95  64  )
( 45  20  143  )
( -132  -42  -108  )
( 11  110  93  )
( -46  -94  65  )
( -134  88  -25  )
( 91  74  97  )
( 7  140  75  )
( -2  -146  -90  )
( 9  87  98  )
( -79  20  -109  )
( -94  41  -77  )
( -147  50  52  )
( 97  116  -103  )
( 76  44  6  )
( 79  11  -107  )
( -12  -90  -142  )
( 5  -77  45  )
( 40  -5  127  )
( 51  86  -138  )
( -72  84  -19  )
( -142  -58  -125  )
( 72  64  -16  )
( -87  100  -59  )
( 22  -55  44  )
( 62  -114  -145  )
( 82  103  117  )
( 133  21  -139  )
( 69  142  59  )
( -3  40  83  )
( -10  75  51  )
( 101  126  -5  )
( -17  19  -100  )
( -67  148  -111  )
( 112  41  -125  )
( -87  -69  -130  )
( -73  34  -89  )
( -109  -15  135  )
( 54  -27  -123  )
( -89  97  -27  )
( 127  -129  -146  )
( -124  127  74  )
( 9  -85  -119  )
( -139  110  142  )
( 148  75  93  )
( -100  19  56  )
( -122  -64  -108  )
( -99  -51  27  )
( 26  -122  -74  )
( 131  84  90  )
( -44  98  -18  )
( 56  88  41  )
( -17  -94  72  )
( -90  -44  40  )
( 15  -104  143  )
( -149  -146  95  )
( -125  -35  7  )
( -18  -95  145  )
( -77  122  -62  )
( 35  133  137  )
( -22  -97  111  )
( -29  143  -137  )
( 39  0  112  )
( 134  -138  93  )
( -118  -28  99  )
( 15  102  -132  )
( 74  -52  -68  )
( 52  79  -108  )
( -100  -81  -117  )
( -24  -104  129  )
( -43  134  130  )
( 126  78  147  )
( 88  -133  79  )
( 16  29  -73  )
( 134  102  -86  )
( -135  126  -132  )
( -22  30  45  )
( 77  -114  -91  )
( 120  -7  -94  )
( -143  15  -85  )
( 136  83  -40  )
( 11  -137  32  )
( -58  -26  24  )
( -33  79  144  )
( -108  62  114  )
( -83  -82  3  )
( -80  17  -129  )
( 105  -110  -50  )
( -68  -49  -32  )
( 67  -137  -149  )
( 61  -2  35  )
( -43  18  106  )
( 114  -82  -63  )
( 80  15  96  )
( -17  -114  33  )
( 84  116  -66  )
( -70  -123  -89  )
( -25  115  0  )
( 40  -149  -136  )
( -32  112  -11  )
( 48  -148  -56  )
( 148  94  29  )
( 80  -145  -135  )
( 57  -84  16  )
( -30  0  -77  )
( 116  39  -46  )
( 103  48  -144  )
( -83  -36  103  )
( -100  129  134  )
( 124  -87  44  )
( -33  -19  -11  )
( -52  33  -91  )
( 37  -9  104  )
( 23  -98  137  )
( 98  -5  -101  )
( 114  29  -62  )
( 14  145  95  )
( -46  -26  -72  )
( 27  -46  65  )
( 109  73  -62  )
( -90  85  -106  )
( 66  -21  -27  )
( 61  -27  -97  )
( 49  2  -109  )
( 44  -53  -124  )
( -79  57  -117  )
( -86  -0  -21  )
( 64  77  85  )
( -11  -117  27  )
( -51  -18  -25  )
( 86  31  -35  )
( -48  87  126  )
( 38  -14  -35  )
( -142  -119  36  )
( 129  124  51  )
( -61  108  -84  )
( -102  -21  -148  )
( -34  119  -18  )
( -110  147  81  )
( -100  52  -86  )
( -55  95  90  )
( -145  46  -148  )
( 112  148  60  )
( 2  -76  -122  )
( 65  -46  36  )
( -118  134  -6  )
( 137  -2  -45  )
( -66  -39  41  )
( 68  88  82  )
( -101  -119  77  )
( 103  129  62  )
( -33  144  -140  )
( -89  122  -69  )
( 45  -22  60  )
( -53  -54  -70  )
( -14  -63  55  )
( 102  65  94  )
( -72  -67  116  )
( 124  -14  -94  )
( -142  20  63  )
( 69  11  -120  )
( -8  -108  -52  )
( -131  -46  110  )
( -96  104  -99  )
( -45  -38  4  )
( 141  60  -35  )
( -13  -30  29  )
( 105  -51  -117  )
( 133  54  -116  )
( 125  64  -88  )
( -39  7  43  )
( 35  16  140  )
( 76  103  -63  )
( 40  -142  45  )
( 26  86  -18  )
( -109  98  -32  )
( -85  -50  -68  )
( -125  -120  -102  )
( 91  -10  -8  )
( 45  94  20  )
( -39  84  -24  )
( -38  66  44  )
( -112  10  82  )
( 13  -78  14  )
( -144  15  49  )
( -75  -136  98  )
( -116  -128  -60  )
( -45  -44  58  )
( -126  127  -29  )
( -74  115  147  )
( 6  -1  -40  )
( 113  -102  -111  )
( 123  -50  5  )
( 108  144  12  )
( -145  -124  75  )
( -103  -75  134  )
( -31  -125  -108  )
( 14  -107  -39  )
( -120  35  112  )
( 28  80  -89  )
( -113  142  146  )
( -87  128  26  )
( 25  -141  -128  )
( 144  -85  141  )
( -58  -78  -96  )
( 83  -57  109  )
( -148  55  110  )
( -12  136  77  )
( -102  -31  -99  )
( -117  51  66  )
( -70  125  -96  )
( 124  -12  113  )
( -25  -50  -128  )
( -86  -61  -118  )
( -7  69  -67  )
( -12  -116  -42  )
( -141  -22  -47  )
( -84  -132  142  )
