( -23  -94  133  )
( -104  121  18  )
( 5  -9  -29  )
( -52  -102  -77  )
( 37  -146  -116  )
( 94  -63  18  )
( -131  -105  68  )
( 16  -4  137  )
( 40  -96  27  )
( -99  106  -1  )
( -103  22  16  )
( 7  3  -110  )
( -132  23  35  )
( -132  -103  -47  )
( -27  38  82  )
( -38  133  21  )
( 64  -135  -77  )
( -143  5  -10  )
( 39  -66  -71  )
( 117  53  -44  )
( -61  -29  -14  )
( 105  -12  -31  )
( 59  -67  -119  )
( 96  54  67  )
( -29  30  -112  )
( 84  -146  -80  )
( 144  26  -113  )
( 2  91  9  )
( 137  -107  -57  )
( 79  -98  85  )
( -138  -104  -149  )
( -96  101  44  )
( 29  81  80  )
( 3  105  -95  )
( 114  -113  -18  )
( -80  63  85  )
( -120  34  -41  )
( 54  -122  128  )
( 110  -103  134  )
( 67  -25  90  )
( 46  112  135  )
( 135  89  41  )
( 44  144  -20  )
( 124  -9  30  )
( -71  27  -14  )
( 137  -22  94  )
( 49  -10  143  )
( 149  142  12  )
( -11  -79  41  )
( 53  71  6  )
( 87  144  11  )
( -29  145  -120  )
( -125  -112  -86  )
( 90  41  91  )
( -127  -67  120  )
( -35  -70  19  )
( -8  -36  29  )
( -96  108  -147  )
( -22  -87  108  )
( -33  124  -93  )
( 99  -68  137  )
( -71  64  -85  )
( 118  -59  13  )
( -42  103  27  )
( 5  -100  -102  )
( 132  10  -38  )
( 24  -33  -148  )
( -123  -39  -124  )
( -66  -93  36  )
( -7  149  114  )
( 121  -10  103  )
( 57  107  -74  )
( -100  -53  137  )
( -48  -148  18  )
( 84  145  -93  )
( -132  -80  -0  )
( 113  -3  69  )
( 7  133  -23  )
( -102  -11  113  )
( -28  -23  -107  )
( 1  69  -75  )
( 82  -121  2  )
( -1  88  -48  )
( -70  -89  148  )
( -141  86  77  )
( 76  71  129  )
( 49  -77  58  )
( -142  120  -131  )
( 88  18  93  )
( 90  -122  64  )
( -134  16  8  )
( -91  34  69  )
( 39  100  26  )
( 53  129  71  )
( 83  -85  -102  )
( 21  -123  45  )
( 86  137  -95  )
( -21  -20  -90  )
( 142  9  -3  )
( 100  -95  -63  )
( -112  12  71  )
( -77  -122  59  )
( -86  -67  -132  )
( 24  105  -118  )
( -40  32  -5  )
( -20  -141  97  )
( 41  -23  25  )
( -58  149  -82  )
( -147  128  49  )
( -123  67  55  )
( 19  69  -43  )
( 36  140  34  )
( 145  -74  96  )
( -68  15  -99  )
( -27  -47  21  )
( 79  29  -34  )
( -54  -81  31  )
( 126  100  33  )
( -40  75  -115  )
( 138  17  -15  )
( -69  -22  110  )
( -117  148  -23  )
( -130  -119  -96  )
( 66  -22  19  )
( -16  -41  77  )
( 95  -11  -79  )
( 9  149  38  )
( 116  -127  -57  )
( 142  45  -115  )
( 92  66  132  )
( -12  -53  37  )
( -123  14  76  )
( -18  -90  -11  )
( 86  89  -91  )
( 141  -146  -38  )
( 105  -130  100  )
( 83  62  90  )
( -7  -20  -27  )
( 19  93  -111  )
( -12  59  -93  )
( -23  -4  28  )
( 73  -11  79  )
( -55  -81  113  )
( -82  124  141  )
( 120  -20  65  )
( 146  -50  66  )
( -29  -67  -10  )
( 44  66  81  )
( -34  96  -25  )
( -18  120  -105  )
( -101  46  8  )
( 104  128  -143  )
( 84  -130  85  )
( 94  -87  -132  )
( -132  -13  105  )
( -17  -75  128  )
( -93  -76  -3  )
( -131  -90  17  )
( 140  5  -125  )
( -87  -8  -147  )
( 7  -49  17  )
( 19  -89  -126  )
( -4  109  -126  )
( -120  -140  28  )
( 37  124  65  )
( -105  144  -125  )
( 106  -90  84  )
( 124  48  116  )
( -138  14  -24  )
( -25  -31  -86  )
( 70  40  10  )
( 129  69  53  )
( 127  -46  -47  )
( 116  49  25  )
( 57  -94  -48  )
( -118  -29  -61  )
( 57  87  -126  )
( 24  -129  138  )
( 139  -25  -95  )
( -58  35  -43  )
( -117  -47  61  )
( 75  -79  -82  )
( -139  -38  -113  )
( -101  -68  105  )
( 32  106  36  )
( -138  -131  64  )
( 61  -93  -31  )
( -52  -95  -103  )
( 134  136  -91  )
( -12  -85  -121  )
( -120  -56  69  )
( 67  36  -17  )
( -105  131  -20  )
( 148  -71  105  )
( -85  116  43  )
( 34  -64  24  )
( -120  -86  -77  )
( 37  -113  36  )
( -117  68  141  )
( -90  110  142  )
( -88  -112  64  )
( 21  -37  -92  )
( 44  -89  -106  )
( 127  84  -86  )
( 9  -90  -27  )
( -47  104  -36  )
( -29  95  -19  )
( 126  101  -141  )
( 133  -11  62  )
( -30  14  -26  )
( 48  121  139  )
( -141  -84  -16  )
( -33  -137  -141  )
( -0  113  -45  )
( 122  70  -66  )
( 102  88  23  )
( -146  12  -1  )
( 51  102  -2  )
( 83  22  112  )
( 42  102  -56  )
( 118  13  -49  )
( -144  -28  99  )
( 95  -132  -28  )
( -45  27  -108  )
( -62  81  20  )
( 128  30  78  )
( -113  83  -125  )
( 83  7  70  )
( 125  99  -128  )
( -39  -35  1  )
( 54  143  -102  )
( 72  -137  27  )
( -52  -111  -3  )
( 48  0  -87  )
( -140  109  57  )
( -64  -123  117  )
( 111  -83  -116  )
( -14  3  -1  )
( 34  -105  -24  )
( -29  138  -115  )
( 116  120  -54  )
( 13  16  27  )
( -87  -114  16  )
( -74  62  86  )
( 75  -116  89  )
( 86  2  -19  )
( 2  -84  -82  )
( -117  60  38  )
( 23  2  -114  )
( 74  -149  -28  )
( -85  -123  10  )
( -147  104  131  )
( -28  -111  142  )
( 18  145  56  )
( -103  -119  84  )
( 99  92  -41  )
( -133  13  63  )
( 39  -45  -100  )
( 39  35  -107  )
( 121  32  44  )
( -133  115  -75  )
( -131  -51  -49  )
( 119  107  -25  )
( 66  -148  65  )
( -128  135  -89  )
( 134  -70  -74  )
( -37  -2  101  )
( -133  -84  -87  )
( -24  -3  -27  )
( 41  81  -86  )
( -86  119  -35  )
( 45  44  91  )
( -81  -100  -127  )
( 103  122  -137  )
( 116  38  -5  )
( -45  131  -61  )
( 146  79  -38  )
( 82  -0  60  )
( 102  -127  131  )
( -124  137  -130  )
( -102  -61  31  )
( 61  -6  106  )
( -81  98  -84  )
( 93  -57  71  )
( 106  -4  102  )
( 48  -130  26  )
( -71  119  -84  )
( -137  -98  108  )
( -63  9  134  )
( 148  74  46  )
( 137  -127  139  )
( 87  12  -60  )
( 139  -120  -128  )
( 12  -38  16  )
( -29  -96  -91  )
( -5  -78  -12  )
( 107  149  -38  )
( -132  77  137  )
( -25  34  128  )
( -51  -21  -149  )
( 106  -68  52  )
( -105  -131  -17  )
( 33  34  -130  )
( 145  83  55  )
( -103  64  -65  )
( 74  26  69  )
( 67  -4  -149  )
( -22  112  118  )
( -102  9  -124  )
( 53  -109  106  )
( -73  88  -79  )
( 26  -100  -52  )
( -38  37  78  )
( -1  7  -83  )
( 73  130  -139  )
( -141  29  117  )
( 71  -42  -68  )
( -146  -5  -73  )
( -28  -84  -105  )
( 67  -105  14  )
( -96  -106  -60  )
( 5  48  12  )
( -65  50  21  )
( -63  -138  -12  )
( 28  -112  -145  )
( -38  -79  56  )
( -112  45  6  )
( 93  -17  114  )
( -47  90  -30  )
( -115  62  106  )
( 31  77  -68  )
( -72  -6  -41  )
( 26  107  137  )
( 16  -144  -102  )
( 54  17  85  )
( -12  -10  145  )
( 61  94  116  )
( -10  47  -38  )
( 89  -100  120  )
( 31  135  77  )
( 85  62  91  )
( -27  -140  -126  )
( 78  -15  -72  )
( -131  -56  -29  )
( 134  58  84  )
( -140  114  -57  )
( -65  104  45  )
( -94  8  -124  )
( 144  43  -143  )
( -136  109  -1  )
( -108  -6  -5  )
( 63  -127  -104  )
( 75  -148  -147  )
( -44  -7  43  )
( 140  16  27  )
( 60  132  -101  )
( -129  113  -73  )
( 106  43  138  )
( 144  -9  -92  )
( -82  -142  48  )
( 31  -55  -53  )
( 121  -49  -4  )
( 11  -1  -13  )
( -2  -146  -18  )
( -59  110  138  )
( -57  -87  131  )
( 36  -18  -29  )
( 29  -105  -17  )
( -43  109  -23  )
( -118  -27  88  )
( -92  132  62  )
( -124  47  84  )
( -122  -108  91  )
( -58  130  -88  )
( -13  -118  -137  )
( -81  -134  -71  )
( -87  109  129  )
( -59  40  97  )
( 107  -83  -102  )
( 26  2  -119  )
( -90  -35  123  )
( 53  -91  133  )
( 92  42  14  )
( -92  113  -117  )
( 28  140  -142  )
( 92  -145  120  )
( -149  46  147  )
( -20  133  51  )
( 52  133  -106  )
( 30  -103  87  )
( 14  -103  108  )
( -49  141  -70  )
( 40  -56  -71  )
( 136  68  4  )
( 50  -26  -128  )
( 35  40  96  )
( 135  127  -138  )
( -49  -45  -98  )
( -136  -78  -64  )
( 80  54  131  )
( 102  -60  -76  )
( 90  -15  -34  )
( 26  139  -117  )
( -18  95  -52  )
( 130  133  -109  )
( -116  -126  31  )
( 149  7  -72  )
( -26  3  67  )
( 64  -114  -70  )
( 104  -119  66  )
( 71  73  -5  )
( 87  -5  66  )
( 72  -12  5  )
( -35  -11  -1  )
( 126  138  71  )
( 48  53  -127  )
( -9  -84  -7  )
( 116  57  -142  )
( -87  136  -29  )
( -79  69  -147  )
( 89  -116  -21  )
( 60  98  -89  )
( 57  -93  -87  )
( 96  -73  -85  )
( 8  29  -131  )
( -114  5  -46  )
( -4  -63  47  )
( -136  -100  -74  )
( -122  3  -137  )
( -142  -11  45  )
( 70  72  -9  )
( -43  -129  12  )
( -44  -144  -42  )
( 115  126  -64  )
( 13  -2  -40  )
( 71  -145  105  )
( -115  149  74  )
( -14  19  23  )
( -62  19  86  )
( 101  -18  -141  )
( -131  -148  45  )
( 46  29  58  )
( 34  -21  -74  )
( -28  -62  64  )
( 76  45  -18  )
( 91  96  -53  )
( 10  3  -43  )
( -124  -57  -118  )
( -63  -118  -53  )
( 78  -105  146  )
( 65  -82  -55  )
( -76  -61  91  )
( -98  141  60  )
( -47  -33  64  )
( -83  -93  124  )
( -103  31  66  )
( -60  -47  99  )
( 78  -87  -63  )
( 44  -146  134  )
( -123  -54  64  )
( -55  -122  -46  )
( 75  12  -130  )
( -101  -99  145  )
( -1  -45  -32  )
( -35  -23  120  )
( 132  119  88  )
( 38  75  -128  )
( 39  -28  -84  )
( -70  -24  -124  )
( -118  -52  25  )
( -149  -2  -40  )
( 147  35  80  )
( 95  -133  -142  )
( -98  78  88  )
( -111  -49  16  )
( -103  88  -107  )
( -26  -11  -139  )
( 12  65  127  )
( -10  -143  89  )
( -25  120  138  )
( -35  -108  50  )
( 112  -124  -140  )
( 25  127  11  )
( -37  -69  14  )
( -106  -78  143  )
( 117  -77  9  )
( 111  47  139  )
( -51  85  -0  )
( -50  128  -14  )
( 27  44  -10  )
( 93  -0  -83  )
( 34  90  96  )
( -90  -68  61  )
( 20  53  -137  )
( -123  -137  93  )
( 85  -16  -50  )
( -57  20  97  )
( 112  141  68  )
( -9  -133  4  )
( 18  -141  51  )
( 73  -80  -28  )
( 37  47  68  )
( 60  -117  -147  )
( 60  -79  2  )
( -77  -95  -68  )
( -35  -125  104  )
( 112  -38  115  )
( -116  -14  -105  )
( -91  20  96  )
( 10  -59  145  )
( -95  -148  149  )
( -106  87  -82  )
( 59  -90  61  )
( -122  28  -111  )
( -88  11  98  )
( -14  -80  -82  )
( 101  111  -65  )
( 148  18  54  )
( -6  -60  -29  )
( -9  -0  -69  )
( 123  68  -82  )
( 81  -133  -42  )
( -23  -6  -148  )
( -9  15  -101  )
( 34  148  68  )
( -108  85  101  )
( 64  15  13  )
( -100  -76  128  )
( -25  103  81  )
( 5  -34  -132  )
( -44  -119  -91  )
( 78  73  -111  )
( 18  -4  -52  )
( 50  -124  29  )
( 126  48  24  )
( -94  -15  89  )
( 10  -107  91  )
( -90  92  107  )
( 135  -91  -5  )
( -102  52  145  )
( -15  -62  -78  )
( -43  101  -31  )
( -144  -61  101  )
( -3  -85  26  )
( 53  -102  -17  )
( 79  26  -106  )
( 11  147  -112  )
( -20  -60  -129  )
( 41  34  92  )
( -136  -79  -149  )
( -77  33  98  )
( -47  -110  -99  )
( 126  -98  48  )
( 137  -57  -146  )
( 84  -89  -102  )
( 132  133  19  )
( -136  -124  63  )
( 136  -68  10  )
( 14  -41  -56  )
( -110  56  -19  )
( -91  77  52  )
( 70  147  -13  )
( 83  70  115  )
( -57  -110  -130  )
( 110  107  11  )
( -128  53  40  )
( 106  71  66  )
( 12  33  95  )
( 110  95  86  )
( -64  37  -93  )
( 34  -15  -11  )
( -21  -120  -138  )
( -126  138  58  )
( 6  -74  38  )
( 114  -125  100  )
( -93  -132  -75  )
( -109  35  -69  )
( 7  -50  -37  )
( 106  -78  -37  )
( -47  -79  -141  )
( 23  64  86  )
( 12  -2  24  )
( 102  126  -43  )
( -13  134  -62  )
( -8  -125  50  )
( 53  -79  -3  )
( -79  -34  -133  )
( 117  66  -25  )
( 8  -145  124  )
( 114  149  -124  )
( 94  85  -34  )
( -71  110  -19  )
( -139  41  0  )
( -103  -124  10  )
( 116  -86  -56  )
( -4  118  91  )
( 99  52  22  )
( 142  52  -89  )
( 88  -81  67  )
( 129  -31  126  )
( 116  101  119  )
( -139  -9  129  )
( -51  -99  136  )
( 114  58  113  )
( 66  -113  43  )
( -106  63  -64  )
( -48  116  94  )
( 139  86  -40  )
( -8  51  -136  )
( 84  101  -66  )
( -80  -109  -81  )
( 110  -50  -147  )
( 138  -10  8  )
( 131  -149  -75  )
( -103  -121  -80  )
( -41  21  -44  )
( -112  -123  89  )
( -70  -69  -100  )
( 104  -54  -10  )
( -75  126  77  )
( -5  23  59  )
( 7  104  -90  )
( 33  133  -49  )
( 32  147  18  )
( -73  113  -36  )
( 108  129  46  )
( 15  60  -138  )
( 117  -72  3  )
( 72  13  30  )
( 69  8  25  )
( -149  -144  -48  )
( -113  65  115  )
( 113  -33  -53  )
( 136  -139  140  )
( -117  34  112  )
( -85  -109  -19  )
( 128  -16  146  )
( 83  -62  -18  )
( 37  -147  41  )
( -98  -87  15  )
