( 126  -53  1  )
( -132  40  120  )
( -144  -120  -91  )
( -84  120  -113  )
( 94  -69  -30  )
( -86  -0  -134  )
( 19  57  39  )
( -122  -62  133  )
( 9  -86  115  )
( 6  -98  76  )
( -17  -47  148  )
( 19  -69  -136  )
( 3  -60  106  )
( 142  -137  16  )
( 58  -9  -71  )
( -43  -117  78  )
( -126  -23  123  )
( -70  132  -53  )
( -115  48  105  )
( 70  141  8  )
( 128  -108  -86  )
( 76  35  -113  )
( -124  -21  47  )
( -8  137  -22  )
( -104  101  -71  )
( -114  76  87  )
( 147  26  78  )
( -33  -15  -71  )
( 133  -124  108  )
( 122  68  6  )
( -81  -126  -53  )
( -34  105  -138  )
( 100  25  104  )
( -68  79  5  )
( 39  93  -47  )
( -46  -39  -50  )
( -58  -9  -21  )
( 10  9  129  )
( -99  -19  62  )
( -63  9  24  )
( -87  -139  112  )
( 4  -48  32  )
( -76  -65  -53  )
( 0  -15  105  )
( 91  -32  -31  )
( 138  75  -107  )
( 105  66  55  )
( -93  142  -87  )
( -135  -94  122  )
( -20  81  -0  )
( -7  -33  64  )
( -103  79  61  )
( -97  -65  56  )
( 1  -125  90  )
( 18  67  57  )
( -74  125  92  )
( 84  -148  -113  )
( 8  58  15  )
( -92  80  -142  )
( -89  -46  137  )
( 14  87  11  )
( -62  -70  71  )
( -79  7  -129  )
( 31  -122  90  )
( -149  -91  0  )
( 39  -100  -0  )
( 101  24  -28  )
( 120  -73  -137  )
( -114  -15  97  )
( 105  33  31  )
( -78  -123  -96  )
( 140  104  -6  )
( -27  -119  95  )
( -30  126  100  )
( 6  50  -35  )
( 62  117  -35  )
( 144  132  114  )
( -51  21  23  )
( 40  99  94  )
( -129  28  -114  )
( -23  24  -87  )
( 5  -122  -96  )
( -9  135  127  )
( 95  -36  -111  )
( 21  -58  146  )
( 130  -115  -60  )
( -146  130  38  )
( -14  -82  -101  )
( -116  -98  -95  )
( -122  121  -89  )
( 15  47  93  )
( 32  -127  30  )
( 129  -53  95  )
( 29  -127  47  )
( -123  13  -50  )
( 102  -31  124  )
( -79  143  -146  )
( -41  4  140  )
( -127  143  45  )
( 145  -60  -71  )
( -135  -90  10  )
( 0  -50  74  )
( 132  135  -12  )
( -148  135  -82  )
( -137  88  -75  )
( 96  136  -127  )
( 37  -87  72  )
( -86  25  61  )
( -99  -67  -90  )
( -46  101  -91  )
( 36  140  3  )
( 41  -89  -16  )
( 140  88  -68  )
( 20  -111  -91  )
( 68  72  96  )
( -134  58  -101  )
( -55  -129  54  )
( 118  -128  -21  )
( 62  50  104  )
( -1  -17  -123  )
( 95  103  -39  )
( 9  -136  65  )
( 60  123  130  )
( 66  -118  16  )
( 76  -65  -67  )
( -96  26  -0  )
( 103  120  110  )
( -79  -3  78  )
( -137  -67  -6  )
( 111  -41  133  )
( -103  -40  87  )
( -41  -131  -137  )
( -149  97  -141  )
( 71  -8  -32  )
( -145  -94  89  )
( 69  126  133  )
( 117  -86  -27  )
( 95  148  -98  )
( 2  40  56  )
( -103  -125  67  )
( -67  142  44  )
( -80  -7  -112  )
( 43  -67  -18  )
( 66  -33  -105  )
( 127  66  -44  )
( -28  39  -40  )
( -8  -25  -136  )
( -8  -90  -23  )
( -117  46  69  )
( 134  -122  23  )
( -9  -128  -64  )
( 75  -91  -60  )
( 22  81  -127  )
( 97  42  -123  )
( 105  140  45  )
( -125  58  -39  )
( -11  -134  -28  )
( 75  -43  -149  )
( 70  129  -123  )
( -110  0  -31  )
( 7  -26  -86  )
( -60  35  -93  )
( -66  -116  -2  )
( -39  -124  43  )
( -83  -126  91  )
( -62  -21  47  )
( -57  10  47  )
( -64  8  -50  )
( -11  66  -23  )
( 6  24  -68  )
( -36  19  -3  )
( 16  -110  -127  )
( -105  60  -108  )
( -15  -110  108  )
( 146  121  -145  )
( -144  137  -127  )
( -74  121  -109  )
( 0  118  -70  )
( 24  -146  118  )
( 110  -29  141  )
( 87  55  51  )
( 37  -134  43  )
( -104  -141  75  )
( 47  -65  55  )
( -106  -31  -111  )
( -103  117  -59  )
( 127  -91  -90  )
( 33  -59  55  )
( -65  8  -19  )
( 69  -71  106  )
( -109  28  -40  )
( -0  -52  -113  )
( 129  67  -46  )
( -113  -17  115  )
( 29  147  26  )
( 144  83  66  )
( 9  -64  85  )
( -18  -37  -97  )
( -38  106  -83  )
( -147  33  16  )
( -126  -20  -144  )
( 62  123  -31  )
( -113  127  -62  )
( -1  98  123  )
( 85  22  9  )
( 120  -132  -62  )
( -3  92  -76  )
( -124  99  7  )
( 81  -12  -76  )
( 121  -20  147  )
( 15  -28  -23  )
( -11  -149  87  )
( -48  82  96  )
( -59  -128  -19  )
( -4  -34  103  )
( -126  -28  140  )
( -16  -108  -17  )
( -60  75  -67  )
( 72  3  33  )
( 15  -81  -88  )
( -146  14  73  )
( 134  -74  88  )
( 30  -44  -87  )
( 108  24  129  )
( 64  75  -78  )
( -131  -54  111  )
( 82  39  149  )
( -11  -89  62  )
( 76  -121  -7  )
( 25  -67  -87  )
( -68  33  110  )
( 128  18  -6  )
( -120  1  3  )
( -86  -115  -68  )
( 92  14  -12  )
( 120  -142  36  )
( -67  -105  93  )
( 108  -137  -87  )
( -96  -6  72  )
( 2  -63  66  )
( 7  74  -57  )
( 22  -51  -125  )
( 84  -12  104  )
( -6  43  123  )
( -149  -51  14  )
( -98  126  70  )
( 76  73  -113  )
( 147  35  112  )
( -87  -141  -43  )
( 56  -98  -25  )
( 38  -69  119  )
( -37  40  14  )
( 82  -78  -26  )
( 71  -63  111  )
( -60  -58  -108  )
( 1  -7  93  )
( 83  18  -8  )
( 44  -78  124  )
( 85  -139  15  )
( 93  23  -95  )
( -102  127  -34  )
( 48  60  39  )
( -6  10  58  )
( 92  -103  -9  )
( 62  -148  44  )
( 121  144  89  )
( -15  -68  -145  )
( -123  31  -83  )
( -114  -79  139  )
( 36  -18  -55  )
( -30  -86  -94  )
( -109  -28  81  )
( 114  -59  58  )
( -122  46  138  )
( -6  127  -143  )
( 65  71  -95  )
( 89  38  -64  )
( 43  145  73  )
( 48  -72  35  )
( -96  -108  1  )
( -33  143  -6  )
( -95  17  -45  )
( 117  -127  56  )
( -46  -4  -72  )
( 57  39  -97  )
( 37  117  -21  )
( 115  -46  -18  )
( 5  44  -14  )
( 37  -2  49  )
( 44  -19  -9  )
( 120  -36  -19  )
( -12  -89  124  )
( -11  -145  -53  )
( -4  49  94  )
( 136  -11  32  )
( 104  124  -44  )
( -116  15  84  )
( 13  2  -124  )
( 126  140  -22  )
( -130  -57  -83  )
( -82  60  -149  )
( -65  -147  21  )
( 31  126  -61  )
( 90  3  -147  )
( 67  126  120  )
( -54  -56  20  )
( -87  -38  -10  )
( -43  -107  -130  )
( 45  15  -121  )
( -135  -3  -140  )
( 49  142  135  )
( 60  128  61  )
( -8  -136  3  )
( -17  11  -120  )
( -144  -16  114  )
( -14  123  57  )
( 19  111  21  )
( 31  -121  53  )
( -53  83  115  )
( -15  -93  130  )
( 46  -113  -28  )
( 4  -29  70  )
( -141  -107  148  )
( 70  57  10  )
( 13  137  -143  )
( -19  9  -36  )
( 129  15  100  )
( -25  -28  102  )
( 69  -51  136  )
( -83  -9  77  )
( 130  -94  -118  )
( -118  101  -26  )
( -112  -63  -147  )
( -3  96  69  )
( -31  64  -27  )
( -104  -43  117  )
( 77  129  115  )
( -90  -52  -67  )
( 129  21  134  )
( -88  25  119  )
( -98  5  52  )
( 50  -120  145  )
( -129  -142  125  )
( 123  45  143  )
( -139  -126  -71  )
( -47  102  -129  )
( 101  -80  -12  )
( -48  -94  46  )
( 25  22  -118  )
( 111  94  -104  )
( 31  9  -137  )
( -40  -87  62  )
( 136  -17  -82  )
( -71  78  -146  )
( 75  12  46  )
( 118  -44  -83  )
( -13  -34  -77  )
( -99  -102  111  )
( -83  -84  24  )
( -76  68  -9  )
( -77  76  55  )
( 134  72  -34  )
( -39  134  46  )
( 12  59  112  )
( 114  78  64  )
( 13  -74  138  )
( 19  -37  61  )
( 118  97  -40  )
( -107  98  116  )
( -31  -13  -34  )
( 122  84  120  )
( -74  -136  71  )
( 135  14  -22  )
( -64  -86  -62  )
( -123  78  71  )
( -85  -71  69  )
( 130  -9  3  )
( -113  122  0  )
( 99  107  -2  )
( -63  53  -17  )
( -103  17  64  )
( -44  -126  130  )
( -26  36  -48  )
( -35  95  85  )
( 23  75  118  )
( -13  77  -30  )
( -23  -139  4  )
( 0  144  113  )
( -54  114  56  )
( -0  -105  103  )
( -128  28  -12  )
( -116  -62  28  )
( -54  7  108  )
( -42  117  -110  )
( -28  -24  107  )
( -103  63  -140  )
( 64  71  34  )
( 78  -18  4  )
( 49  -132  17  )
( -12  -45  -138  )
( -30  -94  101  )
( -1  -3  103  )
( 80  -131  -29  )
( -2  146  -30  )
( -138  -129  18  )
( 62  -25  -2  )
( 125  45  111  )
( 48  -144  -111  )
( 62  -140  2  )
( 20  96  9  )
( -10  -143  -114  )
( 148  91  -77  )
( 49  -42  -37  )
( 14  -70  78  )
( -139  85  -111  )
( 72  -125  -96  )
( 14  -129  43  )
( 9  -123  -106  )
( 125  139  -2  )
( -36  -25  -124  )
( 22  -27  -77  )
( 26  -124  -90  )
( 5  117  147  )
( -140  -8  107  )
( -13  127  132  )
( -137  -71  88  )
( 92  78  -138  )
( 5  -147  -122  )
( -36  145  133  )
( 70  8  135  )
( -142  105  89  )
( 87  -26  -32  )
( 96  -13  -2  )
( -78  -129  91  )
( -66  32  59  )
( -69  -142  -103  )
( 46  -62  -3  )
( -65  93  30  )
( 34  1  -8  )
( -56  71  -13  )
( 76  -115  125  )
( 90  84  -69  )
( -133  46  -14  )
( 75  -29  -138  )
( 50  -116  62  )
( 51  -98  -45  )
( 47  -97  136  )
( 129  -55  93  )
( -49  -61  -139  )
( -141  84  0  )
( -28  -44  56  )
( -139  -14  -115  )
( 57  149  79  )
( -58  -86  -50  )
( -51  7  -78  )
( -11  -34  142  )
( 98  20  -148  )
( -27  -93  -38  )
( -97  -125  88  )
( -69  -146  103  )
( 83  -10  -139  )
( -116  2  -82  )
( 87  -101  -28  )
( 135  108  -80  )
( -33  -17  34  )
( 48  101  137  )
( 61  -78  74  )
( -1  -86  6  )
( 100  130  -88  )
( -16  -125  43  )
( -57  -43  112  )
( -43  -55  -13  )
( 18  -57  81  )
( 28  25  70  )
( 75  31  60  )
( -149  13  -143  )
( 37  -103  -73  )
( 4  -2  133  )
( -44  95  -110  )
( 129  -77  102  )
( -22  120  11  )
( 77  107  -13  )
( -145  33  148  )
( -18  -47  143  )
( 21  -31  140  )
( -95  104  37  )
( 135  25  65  )
( -34  7  -116  )
( 29  -4  19  )
( 99  41  -93  )
( 71  78  1  )
( 10  -51  -98  )
( 89  110  -85  )
( -37  -27  141  )
( -131  21  110  )
( 108  42  38  )
( -82  44  141  )
( 32  125  39  )
( 38  -108  72  )
( 12  99  -62  )
( 22  -41  -59  )
( 24  114  70  )
( 54  -108  -86  )
( -147  -88  -102  )
( -64  89  -85  )
( 61  142  -126  )
( 118  -125  57  )
( -100  2  32  )
( 68  0  72  )
( 90  -27  -92  )
( 7  -118  5  )
( 107  -97  24  )
( -41  -88  -89  )
( 14  149  -148  )
( 105  -125  123  )
( -65  86  -50  )
( 68  -133  -132  )
( -84  -90  -140  )
( 28  120  80  )
( -95  -120  138  )
( -108  107  -92  )
( -91  -66  86  )
( -112  -99  31  )
( 67  -86  -143  )
( -78  -101  70  )
( -63  132  -20  )
( 16  58  79  )
( 137  132  -28  )
( 85  -140  139  )
( -118  143  -50  )
( 72  16  -43  )
( 78  32  -127  )
( -135  -30  110  )
( 72  77  -118  )
( -146  34  49  )
( -129  119  -92  )
( 11  36  88  )
( 103  -87  80  )
( 144  145  -100  )
( -137  -63  13  )
( -47  71  77  )
( 109  -47  26  )
( 32  -48  -56  )
( 98  129  -17  )
( -102  80  70  )
( -98  -149  53  )
( -110  -131  -112  )
( -81  113  18  )
( 121  146  -25  )
( -42  66  -50  )
( -10  -47  -12  )
( -130  -123  63  )
( -5  -59  42  )
( 31  -75  -69  )
( -81  -109  -12  )
( -145  85  18  )
( 94  -24  144  )
( -55  -4  -93  )
( 143  -106  -53  )
( -89  103  81  )
( -62  -15  -69  )
( 28  102  26  )
( -145  77  -67  )
( 23  -64  117  )
( 80  -129  46  )
( -117  21  -141  )
( -26  -144  -135  )
( 37  -73  90  )
( 62  127  85  )
( -69  98  59  )
( 36  -73  57  )
( -136  90  95  )
( 6  45  119  )
( -140  34  0  )
( -71  -14  -12  )
( 27  68  11  )
( -8  29  19  )
( 26  -47  97  )
( -38  -69  78  )
( 140  34  -3  )
( -84  97  -71  )
( 59  102  97  )
( 44  -36  -107  )
( -138  -7  -127  )
( -40  127  4  )
( -148  -22  -94  )
( -145  81  141  )
( -126  20  -39  )
( 55  106  19  )
( 142  54  112  )
( 54  -91  124  )
( 43  -10  124  )
( -134  131  -82  )
( 81  -40  -86  )
( -118  -14  65  )
( -19  -123  127  )
( -67  -120  7  )
( 129  52  -83  )
( 84  79  -120  )
( -71  128  -50  )
( 109  -104  107  )
( 65  36  30  )
( -81  22  -86  )
( 39  135  70  )
( 59  -17  125  )
( -67  -10  -3  )
( -138  104  84  )
( 141  82  9  )
( -54  145  10  )
( -96  41  -26  )
( -127  125  -112  )
( -39  59  -110  )
( 101  5  -59  )
( 111  109  -137  )
( -55  44  95  )
( 123  34  -128  )
( -84  -67  -142  )
( 109  77  -16  )
( 96  2  98  )
( -134  112  -79  )
( 133  -25  6  )
( -29  64  144  )
( 71  44  -91  )
( -22  85  133  )
( -94  132  -111  )
( -77  6  -72  )
( 105  55  -79  )
( -17  78  84  )
( -5  -14  -1  )
( -122  -10  70  )
( -146  -7  148  )
( 54  -88  114  )
( 1  86  71  )
( 26  -67  -118  )
( -147  -30  -100  )
( -26  34  85  )
( -106  107  102  )
( -100  -20  -13  )
( -61  134  57  )
( -147  35  22  )
