( 31  97  138  )
( 11  -140  19  )
( -91  29  -128  )
( 107  35  33  )
( 13  -141  -139  )
( 110  112  37  )
( 27  -39  25  )
( -0  -34  4  )
( 26  46  94  )
( 113  144  -106  )
( -69  73  -61  )
( -87  55  88  )
( 145  -21  42  )
( -18  38  43  )
( 88  46  44  )
( 114  -69  23  )
( 66  15  63  )
( -124  -38  120  )
( -101  -26  -36  )
( 88  144  -31  )
( 119  -129  2  )
( 11  92  90  )
( 108  90  -95  )
( -60  -31  56  )
( 132  107  119  )
( 62  -146  2  )
( 145  19  78  )
( 101  131  4  )
( 123  -38  -8  )
( 137  64  -112  )
( -16  84  89  )
( -115  -91  -107  )
( 98  135  -99  )
( 32  36  15  )
( 22  -79  121  )
( 103  -113  70  )
( -148  -88  -44  )
( -120  101  -20  )
( 110  129  -103  )
( -89  55  -128  )
( 140  118  -102  )
( 41  -11  -63  )
( -133  24  7  )
( -13  80  -0  )
( -110  -49  -55  )
( 63  -139  117  )
( -34  18  72  )
( 51  -102  -55  )
( -73  45  129  )
( -64  -26  136  )
( 52  141  -26  )
( -141  22  -98  )
( -116  89  5  )
( -92  -13  -38  )
( -11  53  15  )
( -148  -12  132  )
( -36  59  -125  )
( -52  -143  -46  )
( -22  43  -85  )
( 44  -76  -2  )
( -6  112  0  )
( 110  -22  -49  )
( -117  -76  42  )
( -46  124  62  )
( 69  134  -83  )
( 36  43  128  )
( 21  -39  125  )
( -93  131  -32  )
( -26  81  -129  )
( 113  -76  124  )
( -64  -77  78  )
( -45  123  -140  )
( 21  -81  -55  )
( 132  24  -31  )
( -8  67  50  )
( -90  6  -53  )
( 15  148  103  )
( 24  99  119  )
( 24  132  -109  )
( 66  -64  47  )
( 84  -111  104  )
( -71  -59  5  )
( -126  97  37  )
( 44  40  -136  )
( -65  40  -16  )
( -133  -83  -30  )
( -18  -37  -44  )
( -20  93  -58  )
( 58  -29  93  )
( -138  -81  125  )
( -58  126  -114  )
( -75  -4  116  )
( 69  -56  -144  )
( 24  -28  144  )
( 89  12  -120  )
( 101  -102  -25  )
( -70  -51  55  )
( 14  -97  -27  )
( -43  79  137  )
( -27  -140  -25  )
( 71  53  44  )
( 13  88  -73  )
( -43  -127  -67  )
( 125  -127  -128  )
( -129  112  -147  )
( 0  1  -65  )
( 93  8  119  )
( 1  131  58  )
( 5  -75  -105  )
( 10  -103  6  )
( 136  81  62  )
( 21  139  -104  )
( 79  -8  -129  )
( -16  125  33  )
( -93  149  -57  )
( 47  31  -38  )
( -109  -110  59  )
( 146  -6  -126  )
( -46  43  30  )
( 139  29  69  )
( -103  -53  60  )
( -135  86  -24  )
( -13  19  -9  )
( -74  17  -8  )
( -0  -72  126  )
( -124  41  -84  )
( -145  -11  -64  )
( 50  -14  140  )
( 121  -15  -82  )
( 13  7  51  )
( -55  42  -59  )
( 67  -11  -57  )
( 22  -101  -27  )
( -142  -25  54  )
( -22  29  96  )
( -148  92  -51  )
( 7  137  128  )
( -42  -28  -10  )
( -111  -0  -115  )
( -72  -123  5  )
( 23  -120  -85  )
( -50  138  -79  )
( 102  115  135  )
( 48  46  -17  )
( 3  27  145  )
( 22  114  -9  )
( -147  -22  67  )
( -122  -27  -115  )
( 144  -71  91  )
( -45  148  -82  )
( -65  -126  -85  )
( 101  -142  -120  )
( 125  29  -115  )
( 25  39  145  )
( -9  85  -128  )
( 122  141  79  )
( -54  21  -56  )
( 130  -77  28  )
( 134  -59  63  )
( 30  -11  87  )
( -120  -14  -137  )
( 0  19  -73  )
( -22  -3  -8  )
( -115  -100  112  )
( -55  -133  105  )
( -117  -21  -67  )
( 143  113  -30  )
( -55  -104  -135  )
( -57  69  105  )
( -25  -27  62  )
( 87  66  105  )
( 56  27  69  )
( -78  79  129  )
( 60  -49  -3  )
( -26  17  -117  )
( -79  -124  -43  )
( -81  24  87  )
( 114  143  -60  )
( 45  -78  21  )
( 89  38  60  )
( -137  -147  -49  )
( -116  149  -40  )
( -5  -1  -6  )
( 35  38  -46  )
( 13  147  -21  )
( 67  -23  136  )
( -133  -37  45  )
( 114  -122  -84  )
( 124  59  99  )
( -75  20  19  )
( 59  44  121  )
( -53  -140  115  )
( -1  147  -117  )
( 41  78  54  )
( -125  -133  89  )
( 45  131  -145  )
( 103  51  -3  )
( -71  50  115  )
( -135  -111  36  )
( -9  -34  -87  )
( -60  -142  -110  )
( -7  -99  39  )
( 69  55  -99  )
( -133  37  -29  )
( 68  110  -35  )
( 103  124  -110  )
( -117  -70  -74  )
( 3  -98  84  )
( 105  -99  15  )
( -82  48  -136  )
( 101  33  -140  )
( -15  61  -123  )
( -147  28  95  )
( 26  129  3  )
( -64  -65  67  )
( 50  47  -17  )
( 15  115  71  )
( -72  24  90  )
( 10  86  33  )
( 143  -12  22  )
( -106  49  -95  )
( 144  -140  -41  )
( 98  111  138  )
( 100  30  -140  )
( 43  84  -23  )
( 42  -62  -100  )
( 65  22  -122  )
( 96  142  14  )
( 115  -13  128  )
( -144  134  -22  )
( -72  56  -76  )
( -136  -13  -37  )
( -24  -149  96  )
( 135  19  84  )
( 30  85  88  )
( 98  94  0  )
( -14  52  -92  )
( 32  106  -148  )
( -3  46  -37  )
( -42  29  -122  )
( -30  -60  -12  )
( 3  17  7  )
( -26  -44  101  )
( -71  -45  -62  )
( 149  -94  -8  )
( 137  55  -18  )
( 105  -57  -30  )
( 81  34  79  )
( -130  21  46  )
( 55  114  -139  )
( 94  -130  -41  )
( 19  11  4  )
( 132  -46  102  )
( 58  72  22  )
( 96  37  87  )
( 147  -69  -114  )
( -19  125  -134  )
( -84  52  40  )
( 8  -87  -90  )
( -72  -56  -114  )
( -126  46  -62  )
( 32  71  27  )
( 28  32  127  )
( -104  -0  -69  )
( -104  76  -131  )
( -81  104  -124  )
( 15  64  -137  )
( -4  -57  141  )
( 57  127  -91  )
( -52  18  -30  )
( 116  112  82  )
( -100  -119  25  )
( 82  49  -8  )
( 114  104  23  )
( -74  -114  -145  )
( -89  42  139  )
( -115  -103  -149  )
( 43  50  -6  )
( 95  -119  148  )
( 96  8  -14  )
( -100  119  33  )
( 23  72  135  )
( 127  82  42  )
( 61  -145  -34  )
( 130  89  51  )
( -32  84  -127  )
( 43  58  14  )
( -78  -127  60  )
( -32  -1  146  )
( -149  108  -42  )
( -36  70  115  )
( 29  -24  -96  )
( -59  -14  -130  )
( -9  145  0  )
( 7  -45  137  )
( -61  -54  -29  )
( -22  81  61  )
( -95  -115  -62  )
( 28  62  -23  )
( -98  35  -32  )
( -37  -22  -86  )
( 58  -54  -99  )
( 43  50  -103  )
( -21  66  -56  )
( -95  19  53  )
( 148  88  -8  )
( -70  -118  -111  )
( 113  75  -60  )
( 119  81  -56  )
( -81  -11  -105  )
( 10  -87  0  )
( 51  104  13  )
( 19  -43  116  )
( -32  -78  -7  )
( -48  84  -123  )
( -47  -42  90  )
( -15  147  67  )
( 60  -25  115  )
( -11  53  46  )
( 2  32  -65  )
( 125  15  136  )
( -14  -133  92  )
( -79  19  89  )
( 121  -2  -103  )
( -51  35  72  )
( 11  52  -30  )
( -146  127  149  )
( -16  -21  91  )
( -56  -138  95  )
( 91  -10  85  )
( 144  143  -146  )
( 83  -130  -53  )
( 90  -71  107  )
( -23  -111  39  )
( -73  5  32  )
( -92  65  -97  )
( -132  88  89  )
( -78  -148  -32  )
( 16  -146  107  )
( 149  25  -86  )
( -55  -125  97  )
( 132  58  0  )
( -114  -83  -84  )
( -127  12  -53  )
( -117  53  48  )
( -78  -137  -144  )
( -0  137  -50  )
( -18  48  -47  )
( -63  -26  -3  )
( 41  -23  -100  )
( -66  -77  28  )
( 132  -99  -108  )
( -126  103  0  )
( 97  -107  2  )
( -17  58  69  )
( 70  -121  -110  )
( 126  23  84  )
( -21  -90  -52  )
( 138  63  -79  )
( -146  -70  40  )
( -16  139  -72  )
( -81  -115  -89  )
( -34  50  -8  )
( -26  -128  -98  )
( 114  -89  -77  )
( 84  -52  -122  )
( -16  36  -38  )
( -144  43  51  )
( -31  110  95  )
( -105  114  97  )
( -72  -102  -98  )
( -126  123  102  )
( 77  -127  132  )
( 110  -147  139  )
( 33  -0  -93  )
( 3  -73  -142  )
( -12  -50  -110  )
( 83  98  -61  )
( 34  4  41  )
( -116  -65  53  )
( 14  -90  -109  )
( -110  24  5  )
( -64  -128  111  )
( -14  44  57  )
( 134  98  91  )
( 37  18  -63  )
( -28  14  30  )
( 12  -103  -40  )
( 89  -67  120  )
( 134  -23  -5  )
( 126  -19  3  )
( -141  14  -21  )
( -119  43  143  )
( -52  -23  -141  )
( -137  110  25  )
( 59  -104  1  )
( -105  92  15  )
( -132  -77  -94  )
( 74  75  91  )
( 3  123  -75  )
( 20  -48  -75  )
( 5  36  -48  )
( 87  -122  -75  )
( -117  105  -43  )
( 56  109  32  )
( -37  89  -9  )
( -55  -21  -51  )
( 107  116  -99  )
( 124  33  85  )
( -58  -48  143  )
( -39  78  -104  )
( -115  -10  -53  )
( 67  118  90  )
( 73  -54  -132  )
( -128  39  33  )
( -99  62  148  )
( 142  -22  33  )
( -54  -42  -46  )
( -143  46  109  )
( 142  -17  -87  )
( 100  -120  69  )
( -2  -131  -127  )
( 118  143  -12  )
( 112  139  -44  )
( 9  23  -108  )
( -26  -108  -144  )
( -22  -53  43  )
( -122  18  133  )
( 56  -49  -21  )
( 71  131  46  )
( 67  -1  99  )
( 8  -135  22  )
( -132  53  44  )
( 110  -121  96  )
( -38  101  120  )
( -27  -100  56  )
( -109  -39  103  )
( 57  -105  74  )
( -65  89  67  )
( -43  -93  -20  )
( -146  139  -98  )
( -81  4  -70  )
( 69  2  -11  )
( -67  132  -78  )
( -139  115  -62  )
( -72  -114  -57  )
( -91  0  27  )
( -80  -70  81  )
( 91  -28  -80  )
( -56  41  -121  )
( -47  -35  146  )
( -118  7  -136  )
( 2  -142  -52  )
( 71  -89  84  )
( -100  104  18  )
( -63  42  31  )
( -133  -79  54  )
( -50  -120  -78  )
( 139  22  143  )
( -57  34  41  )
( 32  102  129  )
( -134  -148  129  )
( -44  38  16  )
( -38  -20  -1  )
( 65  3  -101  )
( -11  144  101  )
( 136  28  -147  )
( -55  -96  -81  )
( -37  -116  108  )
( 75  110  93  )
( -81  -18  42  )
( 72  7  -64  )
( -77  145  104  )
( -1  -18  87  )
( -70  75  58  )
( 116  -93  -125  )
( 115  -74  114  )
( -123  126  -17  )
( 81  -138  57  )
( 16  7  76  )
( -46  19  51  )
( -33  5  -27  )
( 94  -29  -62  )
( 104  -10  -46  )
( -98  14  -91  )
( -24  -71  22  )
( -104  -82  103  )
( -16  145  53  )
( 45  112  2  )
( 23  142  -2  )
( 135  -130  87  )
( -27  9  -52  )
( -135  -113  46  )
( 48  -42  18  )
( -68  -148  -4  )
( 101  117  -88  )
( 53  -70  -42  )
( 85  -94  61  )
( -3  -109  107  )
( -64  -142  138  )
( 64  42  30  )
( -81  -41  104  )
( 101  -41  -24  )
( 133  53  106  )
( -115  78  44  )
( 11  109  10  )
( 61  -46  69  )
( -73  -121  -146  )
( -14  69  18  )
( 33  -114  -130  )
( 19  -115  -141  )
( -80  -33  62  )
( 56  18  47  )
( -102  -76  61  )
( -46  -72  59  )
( 64  83  59  )
( 122  -61  25  )
( -86  50  73  )
( 43  70  123  )
( -133  -118  -29  )
( -147  -141  -135  )
( -136  137  -87  )
( -112  83  -122  )
( 88  29  -112  )
( 0  54  61  )
( -126  -3  -109  )
( 4  70  1  )
( 125  -121  -114  )
( 109  48  -97  )
( 11  69  -61  )
( -91  -76  -103  )
( -77  -2  -101  )
( 127  -46  60  )
( -136  75  23  )
( 32  51  -90  )
( 26  -9  75  )
( -135  -119  93  )
( 6  0  -116  )
( -70  129  39  )
( -104  -106  83  )
( -102  63  -144  )
( -57  -65  -78  )
( -26  -48  29  )
( -74  60  62  )
( -50  -104  77  )
( 33  145  -22  )
( -86  -42  102  )
( -135  20  -124  )
( -117  96  63  )
( 37  104  -11  )
( -108  -99  -86  )
( -112  46  40  )
( 119  46  137  )
( -54  -83  -30  )
( 109  11  10  )
( 117  130  -7  )
( -18  95  -84  )
( -23  -28  124  )
( 55  -22  30  )
( -57  102  -131  )
( 6  130  25  )
( -55  -30  20  )
( -54  104  -3  )
( -19  26  -73  )
( -13  -86  -58  )
( 116  52  -1  )
( -113  -90  -72  )
( 35  115  -65  )
( 13  117  62  )
( -67  -37  44  )
( 67  -68  75  )
( 21  -47  -59  )
( -67  -47  63  )
( 101  88  126  )
( -73  117  -16  )
( -11  135  -41  )
( 108  78  -89  )
( -117  -86  137  )
( 32  33  62  )
( -30  -3  105  )
( -146  100  25  )
( -17  -124  -147  )
( 30  84  -35  )
( 70  85  142  )
( 0  45  111  )
( 46  72  -135  )
( -75  -124  85  )
( -149  141  41  )
( -148  7  -137  )
( 95  -35  -102  )
( -23  24  -128  )
( 134  130  -72  )
( 59  117  -95  )
( -44  -144  85  )
( -105  39  79  )
( 118  61  33  )
( -83  -49  146  )
( -65  15  102  )
( 67  46  42  )
( -69  30  140  )
( -120  110  128  )
( -35  76  -60  )
( -9  119  80  )
( 8  -117  133  )
( 146  142  45  )
( -69  125  -89  )
( 67  78  -12  )
( -22  -122  42  )
( 121  -30  138  )
( 75  41  129  )
( 58  25  4  )
( 11  -43  -96  )
( -80  -14  111  )
( 128  -43  -113  )
( -15  105  -7  )
( -117  -21  -32  )
( 142  147  -32  )
( 8  96  24  )
( -125  -140  -23  )
( 109  94  -111  )
( -70  -22  92  )
( -46  -100  -89  )
( -60  12  -76  )
( -49  124  126  )
( -21  106  40  )
( 108  6  -105  )
( 74  7  114  )
( 135  123  80  )
( -19  120  61  )
( -107  131  -54  )
( 120  119  6  )
( -83  -28  -30  )
( -63  39  143  )
( 141  -69  -62  )
( -41  116  -40  )
( 47  -45  60  )
( -6  -122  -29  )
( 131  53  -120  )
( -93  96  5  )
( -142  -12  -28  )
