( -10  139  -60  )
( 31  88  -143  )
( 23  87  -137  )
( 19  -8  51  )
( -38  102  -45  )
( 86  -139  45  )
( -70  9  105  )
( -146  18  69  )
( 4  -31  -43  )
( -140  94  -45  )
( -13  128  -132  )
( 141  -68  30  )
( 55  -10  -89  )
( -126  123  70  )
( -91  36  -52  )
( -99  -149  -122  )
( -52  -0  -89  )
( -115  -41  -86  )
( -82  -7  -122  )
( -74  38  36  )
( 138  124  -117  )
( 113  -86  -129  )
( -68  -143  93  )
( 31  -70  -95  )
( -68  -25  117  )
( 69  -95  -5  )
( -19  95  -131  )
( -146  56  -130  )
( -64  95  147  )
( -120  -10  -86  )
( -6  113  7  )
( 142  -106  -44  )
( 78  -116  108  )
( -63  -142  -88  )
( -60  -99  76  )
( -39  31  -140  )
( -55  6  -4  )
( -113  -15  -144  )
( -16  -31  -125  )
( -126  -123  77  )
( 36  -104  -139  )
( 95  55  14  )
( 7  3  121  )
( 141  -128  115  )
( 117  45  -100  )
( 109  126  56  )
( -2  -133  -13  )
( -15  -126  134  )
( 146  55  -34  )
( 145  -70  40  )
( -58  27  4  )
( -115  138  94  )
( 9  3  12  )
( -100  138  42  )
( 45  62  -41  )
( -62  106  -24  )
( 63  88  -7  )
( -14  56  -144  )
( -42  73  -69  )
( -140  -53  -26  )
( 83  112  -134  )
( -89  -139  26  )
( 110  -84  109  )
( 116  -18  7  )
( -4  -5  -71  )
( -133  11  115  )
( 123  83  99  )
( 74  76  -23  )
( -81  12  22  )
( 14  -61  -69  )
( -88  123  -122  )
( -142  62  0  )
( -74  52  -29  )
( -53  19  26  )
( 17  149  -144  )
( 4  102  75  )
( -87  -122  2  )
( -30  133  49  )
( -7  -116  91  )
( 148  -140  67  )
( 75  -61  34  )
( 43  129  -122  )
( -118  -23  -108  )
( 126  -69  -64  )
( -106  4  114  )
( 142  62  15  )
( -16  142  130  )
( 105  98  -96  )
( -129  106  86  )
( -110  -101  -146  )
( -12  -73  135  )
( -20  -4  63  )
( 4  -54  -70  )
( -17  -66  -81  )
( -61  -12  74  )
( -2  -83  -48  )
( 120  -126  131  )
( -12  -70  -134  )
( 87  34  -18  )
( 64  101  135  )
( 65  -71  -148  )
( -33  135  88  )
( -76  -145  -7  )
( -13  -70  136  )
( 25  -24  35  )
( -22  -119  -29  )
( -39  91  116  )
( 112  37  43  )
( 26  46  36  )
( 94  -6  31  )
( -92  -115  55  )
( -52  59  -148  )
( 40  14  107  )
( 68  99  -139  )
( 95  -140  -88  )
( -132  -30  -51  )
( 133  38  79  )
( 55  9  45  )
( -61  29  78  )
( 37  -127  -18  )
( -47  21  45  )
( -29  -50  76  )
( 4  -26  1  )
( 116  141  120  )
( -32  76  132  )
( 45  92  25  )
( 0  65  76  )
( -110  18  -45  )
( 41  -54  -69  )
( -128  63  53  )
( 90  -14  59  )
( -33  11  -96  )
( 142  -46  -23  )
( -77  83  -64  )
( -119  17  -12  )
( -73  141  -55  )
( 130  -87  -4  )
( -48  25  -144  )
( -12  -49  -27  )
( -53  -9  -14  )
( 92  -76  38  )
( 38  55  -23  )
( 4  -36  109  )
( -89  -79  -57  )
( 128  30  -113  )
( 54  88  106  )
( -56  39  -65  )
( 46  15  126  )
( 57  88  100  )
( -68  133  -98  )
( 106  -73  -56  )
( 145  -109  76  )
( -33  -10  12  )
( 7  61  22  )
( 95  148  -37  )
( 50  49  43  )
( 27  147  -130  )
( -132  130  43  )
( -82  -117  20  )
( 145  93  -106  )
( 78  102  -84  )
( -67  -19  113  )
( -26  -17  80  )
( 19  128  -5  )
( -33  77  26  )
( -126  148  -18  )
( -99  114  94  )
( 149  -54  -0  )
( -59  70  -107  )
( 90  84  -44  )
( -79  -94  8  )
( -135  77  51  )
( 106  -108  82  )
( 71  130  -148  )
( -72  97  98  )
( -129  103  114  )
( -8  -137  -1  )
( -78  87  123  )
( -73  -80  -132  )
( 25  130  -8  )
( 13  -94  -28  )
( -146  -107  98  )
( 46  72  14  )
( -62  -73  -13  )
( -117  -116  -138  )
( 22  -11  106  )
( -7  22  -29  )
( 9  -121  -119  )
( 0  87  37  )
( -54  -41  -48  )
( -48  83  -77  )
( 147  -107  113  )
( 113  -10  22  )
( 127  -96  -39  )
( -26  -54  68  )
( 81  35  39  )
( -22  82  -36  )
( 118  62  131  )
( -44  142  88  )
( -18  -22  95  )
( 46  55  -18  )
( 147  108  -32  )
( -101  -113  -26  )
( -105  -8  48  )
( 47  -94  -92  )
( 143  -11  -106  )
( 48  119  89  )
( 102  140  77  )
( -130  3  -7  )
( -108  7  -134  )
( 114  -116  129  )
( -74  -127  -79  )
( -127  115  -112  )
( 86  121  -134  )
( -138  -75  147  )
( 7  144  -18  )
( 53  -70  146  )
( -123  -30  1  )
( -113  -116  -21  )
( -18  -135  -44  )
( -63  102  96  )
( -91  -100  97  )
( 26  -13  9  )
( -38  -20  84  )
( -0  30  -122  )
( -120  38  -31  )
( -104  1  -139  )
( -65  -58  -120  )
( 39  -98  -26  )
( 15  51  0  )
( 140  -4  64  )
( 109  132  93  )
( -70  147  21  )
( 62  -74  -16  )
( -91  -100  97  )
( 74  4  132  )
( 58  132  62  )
( -33  -79  -123  )
( 0  -45  97  )
( -0  130  -131  )
( 114  98  133  )
( 36  19  95  )
( -1  -43  -35  )
( -53  133  99  )
( 11  32  -20  )
( 75  -124  -96  )
( -40  11  -73  )
( 122  2  -14  )
( 73  92  -143  )
( 21  -65  26  )
( 141  -145  -113  )
( 95  -91  -8  )
( -32  81  -126  )
( 110  -11  -109  )
( 102  -92  -21  )
( 98  129  -43  )
( 96  95  22  )
( 85  42  -26  )
( 74  75  95  )
( -130  98  -50  )
( 69  -111  -12  )
( 54  38  95  )
( 96  -27  127  )
( -5  -64  -71  )
( -140  75  -126  )
( 23  64  115  )
( -125  26  119  )
( -82  146  68  )
( 21  -108  -127  )
( -55  127  146  )
( -131  148  -1  )
( 136  146  -13  )
( -62  -107  133  )
( 86  -105  98  )
( -21  -52  107  )
( -130  0  -114  )
( -131  103  107  )
( -134  32  62  )
( -19  -25  -88  )
( -100  44  -29  )
( -129  -135  114  )
( -26  45  84  )
( -91  92  120  )
( 39  43  120  )
( 112  47  19  )
( 58  37  -133  )
( 105  11  -34  )
( -95  -139  30  )
( 145  98  -126  )
( -36  62  118  )
( -100  148  137  )
( 52  100  70  )
( -41  -42  -20  )
( -9  42  39  )
( 142  -78  41  )
( 149  -2  92  )
( -100  104  59  )
( 39  -53  -133  )
( 33  19  16  )
( -126  122  -89  )
( 135  -26  48  )
( -98  93  32  )
( -145  -6  46  )
( -93  116  19  )
( -29  133  69  )
( -57  -128  -34  )
( 149  75  -92  )
( -11  -63  64  )
( 26  -27  142  )
( 7  -107  109  )
( -96  51  139  )
( -124  123  -113  )
( -56  71  -32  )
( 49  -16  -26  )
( 27  60  -16  )
( 94  99  -138  )
( 147  62  19  )
( 121  93  100  )
( -7  63  -11  )
( 91  124  116  )
( -133  53  -113  )
( 83  82  89  )
( -146  126  137  )
( 114  -145  135  )
( 36  19  115  )
( 27  -59  -8  )
( 146  118  -60  )
( -122  109  108  )
( 92  59  -105  )
( -74  -112  -118  )
( 130  86  71  )
( -65  -26  55  )
( -131  92  -37  )
( 124  -109  -24  )
( -66  -87  -82  )
( 113  5  6  )
( -79  -125  101  )
( 23  -21  -71  )
( 123  95  -58  )
( -139  -96  106  )
( 108  -137  -141  )
( -139  37  42  )
( -77  63  134  )
( -18  -58  -30  )
( -22  13  -113  )
( -18  -55  79  )
( 6  -36  54  )
( 138  -1  -35  )
( -103  -71  -30  )
( 125  -17  -107  )
( -99  -90  -67  )
( -73  1  -89  )
( 48  105  -57  )
( -91  32  -147  )
( 148  -49  -32  )
( 26  148  113  )
( 102  -90  -146  )
( -66  -50  -106  )
( 33  -60  -116  )
( 76  -13  -32  )
( 130  96  -1  )
( -9  -144  -71  )
( 4  -115  -67  )
( -90  -132  -26  )
( 36  93  -23  )
( -44  -8  -19  )
( -38  -2  136  )
( 96  93  69  )
( -119  112  -104  )
( 16  -60  115  )
( 3  -4  9  )
( 51  -106  -12  )
( -91  113  40  )
( -95  3  -105  )
( 123  -35  101  )
( 8  75  128  )
( 13  114  -149  )
( -101  83  115  )
( -18  142  100  )
( 85  -133  18  )
( 91  -37  54  )
( 6  5  -112  )
( -33  -145  -139  )
( -13  98  19  )
( -26  144  -94  )
( 134  22  58  )
( 72  -16  -17  )
( 116  139  -31  )
( 0  -58  -51  )
( -44  122  -129  )
( -105  97  112  )
( 132  137  73  )
( 75  141  138  )
( -102  100  83  )
( -77  75  -56  )
( 7  140  -68  )
( 18  122  67  )
( -21  28  -0  )
( -72  -108  34  )
( -12  61  -9  )
( -58  -148  116  )
( 56  -15  -65  )
( -27  118  -148  )
( 135  -59  102  )
( -31  25  12  )
( -109  -25  50  )
( 78  -90  -98  )
( -47  -55  11  )
( -31  147  -103  )
( -124  -25  -125  )
( -58  112  24  )
( 81  22  -147  )
( 34  -10  -72  )
( -113  74  -38  )
( 143  -8  118  )
( 80  106  47  )
( -37  -119  134  )
( -82  76  -114  )
( 33  79  -31  )
( 105  -68  -138  )
( 119  105  23  )
( 70  121  2  )
( -96  -22  -68  )
( -105  61  137  )
( 99  -98  -129  )
( -77  -36  -38  )
( -51  -31  131  )
( 54  137  120  )
( -0  78  -131  )
( 54  16  17  )
( 148  136  110  )
( 113  -60  -63  )
( 65  -5  19  )
( 85  84  29  )
( 144  -105  -61  )
( -40  -103  69  )
( 141  48  149  )
( 130  56  -19  )
( -22  146  37  )
( 122  -44  51  )
( 107  40  -143  )
( -6  19  90  )
( -109  -7  -121  )
( 19  23  48  )
( 8  -17  -125  )
( -139  -66  99  )
( -70  105  108  )
( -3  146  -20  )
( 77  92  -111  )
( 52  -129  35  )
( 101  -104  20  )
( -31  -16  136  )
( -31  120  -36  )
( 34  140  3  )
( 41  110  -122  )
( 76  142  -80  )
( -24  -39  -60  )
( 54  82  47  )
( -67  -126  5  )
( -16  -23  -80  )
( 28  92  -73  )
( 98  -78  -93  )
( -140  8  3  )
( 39  78  -145  )
( 9  31  -83  )
( -95  -141  -91  )
( -62  50  -142  )
( -149  8  126  )
( -92  136  -28  )
( -63  0  139  )
( -40  49  79  )
( -55  -48  -34  )
( 101  16  -136  )
( -79  -107  74  )
( -29  -117  -105  )
( -106  136  -98  )
( -68  -75  -106  )
( 36  -117  57  )
( 35  128  18  )
( -109  -83  47  )
( 149  13  -92  )
( -47  35  91  )
( 136  -57  -135  )
( -149  12  46  )
( -80  3  66  )
( -28  56  48  )
( -145  142  -54  )
( 120  62  -44  )
( -106  -140  32  )
( 147  -8  58  )
( -57  -59  122  )
( -113  97  1  )
( 101  45  -39  )
( -145  -56  60  )
( -107  -140  -31  )
( -38  -68  -54  )
( 32  -120  -19  )
( -21  101  20  )
( -146  106  -23  )
( -102  -129  -54  )
( 5  -144  -29  )
( 30  104  -112  )
( 18  86  -78  )
( 114  -37  52  )
( 143  -4  17  )
( 85  -34  -5  )
( 52  -89  -139  )
( 107  101  0  )
( 8  143  108  )
( 12  -24  13  )
( 85  104  141  )
( -78  -41  107  )
( 113  66  -96  )
( 50  -105  66  )
( -75  -66  85  )
( 45  78  14  )
( -3  59  120  )
( -25  73  9  )
( 76  73  106  )
( -106  8  -88  )
( 79  -125  1  )
( -19  -55  85  )
( -122  -103  -99  )
( 100  99  58  )
( -98  -70  140  )
( -48  47  146  )
( 9  108  141  )
( 116  -75  68  )
( -1  130  -144  )
( 39  69  20  )
( -81  -97  107  )
( -143  -146  -5  )
( -9  8  17  )
( 14  -91  -137  )
( 129  -133  37  )
( 78  135  96  )
( 136  42  107  )
( 129  73  111  )
( -128  135  149  )
( -4  -34  57  )
( 149  -18  -117  )
( 57  -127  23  )
( -49  -100  88  )
( -86  -20  45  )
( -129  99  15  )
( 52  -116  -42  )
( -41  -93  -131  )
( 61  76  -13  )
( 89  10  -53  )
( -71  108  45  )
( 58  -106  -30  )
( -139  71  133  )
( -28  -47  29  )
( 7  -94  27  )
( -1  113  -68  )
( -107  24  31  )
( 96  -126  -109  )
( -72  -112  -55  )
( 34  14  137  )
( -41  88  85  )
( -34  100  39  )
( -23  139  -58  )
( -62  78  -43  )
( -123  18  -107  )
( -111  83  116  )
( -60  117  19  )
( -115  -57  83  )
( 44  -23  -137  )
( -137  -6  -43  )
( -121  33  136  )
( -56  114  131  )
( -80  28  -94  )
( 116  -110  63  )
( -133  -102  61  )
( -72  74  -51  )
( -106  -110  -62  )
( -81  -64  9  )
( -52  121  -131  )
( -94  65  2  )
( 125  -105  34  )
( -138  -54  89  )
( 145  -6  -44  )
( 108  -72  -35  )
( -40  -109  45  )
( -139  3  72  )
( 0  74  -112  )
( -100  38  -144  )
( -147  -122  84  )
( 106  19  28  )
( -41  -88  114  )
( 89  146  -125  )
( 89  -45  109  )
( -12  33  0  )
( -84  -122  135  )
( 85  -9  57  )
( -54  -24  100  )
( 122  82  -94  )
( -33  -90  116  )
( 133  9  84  )
( -28  -77  -22  )
( -60  145  105  )
( 81  47  77  )
( -72  36  148  )
( -113  -87  -65  )
( -85  64  106  )
( -52  140  118  )
( 74  139  6  )
( 131  -100  -104  )
( 66  -136  -104  )
( 61  95  -79  )
( 144  65  48  )
( -16  117  -113  )
( -28  -137  -127  )
( 102  -132  63  )
( 81  -79  -100  )
( -32  -77  111  )
( -18  -112  119  )
( -84  82  -36  )
( -71  7  -60  )
( -19  -49  41  )
( -101  -37  -107  )
( -93  87  -105  )
( -81  70  97  )
( -109  54  7  )
( 16  43  78  )
( -122  91  79  )
( -87  25  120  )
( 48  92  83  )
( 17  -58  -115  )
( -19  51  99  )
( -137  42  -17  )
( 10  21  141  )
( -122  112  6  )
( 120  -8  42  )
( 57  63  27  )
( 131  52  -10  )
( 29  -136  47  )
( 70  -120  10  )
( 80  48  -84  )
( -124  -90  22  )
