( -102  155  -105  )
( -295  204  -10  )
( -84  -30  -56  )
( -286  -187  -186  )
( 81  -256  104  )
( -274  -170  298  )
( 177  -149  294  )
( 84  241  14  )
( -106  -152  -169  )
( -13  161  216  )
( -17  116  200  )
( 118  122  294  )
( -158  162  28  )
( 257  -2  -64  )
( -140  -251  141  )
( 252  -34  -275  )
( -88  289  -1  )
( 49  261  -277  )
( -134  -155  -267  )
( 183  -108  -84  )
( -147  160  -33  )
( 242  -223  57  )
( 257  -146  -112  )
( 246  -80  235  )
( -267  -279  205  )
( -208  -264  267  )
( 290  35  -11  )
( 222  228  -68  )
( -37  13  40  )
( 259  97  -24  )
( 95  43  -271  )
( -244  -89  -90  )
( -54  -152  -129  )
( 84  62  -257  )
( 252  -37  191  )
( -285  149  -171  )
( -78  4  -265  )
( -83  258  -207  )
( 183  -246  149  )
( 36  -119  -186  )
( 76  -75  237  )
( 146  137  205  )
( -84  134  272  )
( -163  -149  17  )
( -290  139  -165  )
( -1  166  -53  )
( 243  41  98  )
( -259  298  -295  )
( -282  83  209  )
( -119  120  98  )
( 241  34  23  )
( -128  -271  211  )
( -114  -11  44  )
( -191  49  290  )
( -115  -244  -94  )
( 107  -244  166  )
( -2  262  -157  )
( 162  -282  258  )
( -108  -246  -201  )
( 117  -238  -277  )
( 68  83  165  )
( -34  -6  -237  )
( 131  297  171  )
( -225  -187  -240  )
( 147  97  148  )
( -240  -201  233  )
( -216  212  -280  )
( -260  186  200  )
( 212  -20  -147  )
( -266  -265  -160  )
( 47  -265  -251  )
( -70  -81  -272  )
( -286  110  -44  )
( 201  -111  194  )
( -229  -81  -22  )
( -294  -92  -265  )
( -23  162  -93  )
( 54  171  -247  )
( 33  -86  -181  )
( 242  -174  -170  )
( -234  172  -163  )
( 88  -293  -212  )
( 293  142  34  )
( -2  -190  54  )
( 105  164  61  )
( 80  184  118  )
( 50  -224  -107  )
( -209  253  189  )
( 78  30  -111  )
( -36  74  130  )
( -127  52  -222  )
( 108  -216  -220  )
( 74  -163  -291  )
( 157  64  26  )
( 195  5  218  )
( -175  -85  115  )
( 274  -198  -203  )
( 112  -54  293  )
( 268  -286  203  )
( 34  -182  58  )
( 292  19  -291  )
( -176  299  -9  )
( 156  -283  13  )
( 286  116  -103  )
( -153  -9  58  )
( 225  -134  -251  )
( -229  15  0  )
( -41  -96  -145  )
( 95  57  209  )
( -160  -170  82  )
( -179  -130  -147  )
( 68  -285  -258  )
( -59  178  69  )
( 149  48  6  )
( -216  23  159  )
( 244  -125  -288  )
( -44  -295  80  )
( -56  86  -183  )
( -283  -249  -95  )
( -120  -251  80  )
( -35  -157  -115  )
( 25  9  -75  )
( -70  203  234  )
( 233  83  190  )
( -257  215  135  )
( -169  114  6  )
( -292  -52  274  )
( 236  128  -268  )
( -40  112  84  )
( -215  -217  -277  )
( -26  -111  136  )
( -73  205  -133  )
( 110  -154  -84  )
( -258  91  144  )
( -60  263  -262  )
( -164  196  -44  )
( -287  68  269  )
( -274  -164  -175  )
( 208  139  193  )
( -264  -189  -267  )
( -237  -248  231  )
( 210  -167  154  )
( 56  -113  256  )
( 287  -66  -152  )
( 19  283  39  )
( -20  246  -149  )
( 215  92  30  )
( -27  -70  281  )
( 66  -142  238  )
( -178  242  -38  )
( 221  78  -187  )
( 232  -47  -159  )
( -152  167  -290  )
( -120  -123  72  )
( 149  -193  16  )
( 12  -130  -264  )
( -264  -133  11  )
( 238  192  -216  )
( -84  -193  206  )
( 90  156  252  )
( 154  -176  259  )
( 266  172  -155  )
( 182  -105  -68  )
( -48  -201  42  )
( 169  12  40  )
( 24  -289  117  )
( 156  131  253  )
( 27  297  -5  )
( 5  190  6  )
( -235  -206  -5  )
( 289  72  -147  )
( -138  -8  96  )
( 230  -299  45  )
( 37  151  -267  )
( -139  -27  92  )
( 9  -200  58  )
( -13  -178  -86  )
( 177  -259  -90  )
( -41  185  -234  )
( -219  289  100  )
( 94  -157  196  )
( 258  -45  225  )
( -209  -140  -216  )
( -36  215  -271  )
( -94  -152  -262  )
( 16  257  8  )
( 152  -205  230  )
( -194  127  -96  )
( 174  -16  258  )
( 83  196  -203  )
( 86  -175  247  )
( -93  -154  124  )
( 186  -194  181  )
( 184  34  114  )
( 125  -145  201  )
( -21  138  254  )
( 180  240  -29  )
( 4  -259  -64  )
( -239  283  -273  )
( -292  155  176  )
( -291  -83  -63  )
( -161  -249  -216  )
( 186  -151  -198  )
( 90  -123  -115  )
( -182  -119  -18  )
( 40  -143  -280  )
( 163  137  -70  )
( 148  43  -73  )
( -176  14  45  )
( 266  -211  -141  )
( 69  -114  -204  )
( 114  -96  -1  )
( 252  -190  267  )
( -97  95  -221  )
( -243  -176  183  )
( 162  210  -174  )
( 287  64  -160  )
( -265  -84  275  )
( -119  136  -43  )
( 259  195  -279  )
( -264  -281  -169  )
( -72  194  -25  )
( 101  -126  -110  )
( -113  255  201  )
( -43  258  -66  )
( -170  -52  183  )
( -137  -141  122  )
( 177  286  189  )
( -91  -204  -284  )
( 191  -241  -38  )
( 1  -259  -214  )
( -28  22  -138  )
( -97  -61  -242  )
( 200  -198  -169  )
( -213  -13  -8  )
( -154  169  214  )
( -264  -193  81  )
( 221  -170  -98  )
( -268  146  206  )
( -27  98  -133  )
( 287  -224  250  )
( 28  -269  17  )
( 293  34  -132  )
( -149  -68  -194  )
( 3  227  200  )
( 231  -249  280  )
( 256  -195  -227  )
( 198  -220  55  )
( -168  -112  139  )
( -243  64  -215  )
( -44  203  -259  )
( -119  -4  -87  )
( -20  111  27  )
( -173  75  -261  )
( -21  13  211  )
( -235  0  19  )
( 281  83  -66  )
( -135  21  -88  )
( -58  -196  221  )
( -130  74  -234  )
( -229  -181  283  )
( 247  -97  -60  )
( 223  19  -85  )
( 126  -107  -85  )
( -237  -35  -190  )
( -208  -232  -28  )
( -5  -109  74  )
( -201  -240  -145  )
( 108  -176  103  )
( -55  -194  9  )
( 165  149  -249  )
( -144  -290  -296  )
( 44  -41  46  )
( 173  220  -120  )
( 221  -47  -58  )
( 260  167  53  )
( -58  136  54  )
( -143  -102  212  )
( 259  140  214  )
( 164  -132  221  )
( 90  -209  134  )
( -50  -251  -81  )
( -205  -42  -37  )
( 278  -87  77  )
( 93  -176  -150  )
( -43  -241  81  )
( 170  -20  -47  )
( -197  -155  -108  )
( 267  201  138  )
( 174  205  271  )
( -133  2  -251  )
( -282  -17  -106  )
( -47  141  -89  )
( -263  97  136  )
( -192  64  -270  )
( -0  63  -190  )
( 248  -175  -18  )
( 270  10  -103  )
( 163  -246  -116  )
( -84  -20  -253  )
( -137  -236  -153  )
( -265  -243  210  )
( -273  -64  294  )
( -62  157  -31  )
( -166  38  -253  )
( 167  12  -78  )
( -102  -54  272  )
( 169  -133  98  )
( 101  211  257  )
( 160  -120  -172  )
( 108  -58  138  )
( -48  188  102  )
( 265  220  2  )
( -56  -213  -179  )
( -243  80  37  )
( 266  -255  2  )
( 191  270  -93  )
( -150  257  -99  )
( -144  168  165  )
( 109  -112  52  )
( 177  -104  128  )
( 64  284  -40  )
( 193  -95  -49  )
( -34  -270  -30  )
( -160  215  171  )
( 206  -268  -246  )
( 77  128  -21  )
( 35  -249  92  )
( -273  91  47  )
( 232  195  -109  )
( -95  -107  -181  )
( 77  -275  163  )
( 167  42  -15  )
( -43  -238  90  )
( -161  98  229  )
( -26  52  283  )
( 41  -163  -200  )
( -133  -49  50  )
( 268  189  -49  )
( 138  218  -195  )
( -295  -52  45  )
( -128  112  185  )
( -274  -188  -223  )
( 99  -57  -116  )
( 290  71  201  )
( 161  -293  84  )
( 9  -4  -65  )
( -22  -168  54  )
( 74  36  58  )
( -186  -105  -68  )
( -71  -6  -231  )
( 41  64  -19  )
( -140  -191  254  )
( -73  218  -204  )
( -293  -179  -169  )
( -154  -270  -50  )
( 219  74  -23  )
( -225  270  173  )
( -44  273  -112  )
( 253  -39  264  )
( -113  104  -116  )
( 53  -167  9  )
( -19  186  129  )
( 142  -24  -239  )
( -81  -234  -247  )
( -45  120  -294  )
( 201  -224  175  )
( -285  -107  -194  )
( -178  -271  20  )
( 156  266  -5  )
( -265  -272  151  )
( 252  262  -124  )
( 178  -229  165  )
( -168  -151  -228  )
( -119  -210  216  )
( 122  -4  130  )
( 130  -286  -294  )
( 108  -260  232  )
( -121  -8  167  )
( -10  212  298  )
( -70  -5  -264  )
( 58  -52  280  )
( 283  -71  -169  )
( -233  -234  48  )
( 264  57  258  )
( -8  11  -191  )
( 201  -276  42  )
( 73  234  -125  )
( -135  -176  -147  )
( -290  146  68  )
( -76  -91  86  )
( 243  -163  40  )
( -199  186  128  )
( -23  276  -248  )
( -150  -24  -62  )
( 50  89  -29  )
( 219  225  246  )
( -90  -291  -39  )
( 240  141  -273  )
( -163  -9  273  )
( -76  62  8  )
( 227  -260  295  )
( -29  213  191  )
( 247  139  151  )
( -126  -23  -174  )
( -47  248  -257  )
( -0  -175  -151  )
( -244  -139  55  )
( -177  -215  54  )
( 107  -47  174  )
( 131  254  58  )
( 154  124  238  )
( 175  245  -157  )
( -159  -120  -237  )
( 284  183  160  )
( 68  -194  284  )
( 217  -91  -6  )
( 42  -51  190  )
( -238  51  41  )
( -15  90  -136  )
( -170  -76  -281  )
( 192  34  -204  )
( -82  -165  5  )
( -242  221  -206  )
( 133  14  -138  )
( -52  -51  208  )
( 165  170  133  )
( 65  -84  -23  )
( 167  -287  -205  )
( 119  -2  182  )
( -205  171  -291  )
( -93  -21  -256  )
( -141  162  13  )
( -217  -226  -260  )
( -254  -155  -204  )
( -133  -126  79  )
( 74  -102  -244  )
( 87  -284  -65  )
( 102  -64  221  )
( -10  -236  186  )
( 295  -25  -123  )
( 112  -271  48  )
( 18  -46  23  )
( 180  79  -68  )
( -286  -297  26  )
( 58  258  133  )
( -33  -247  253  )
( 78  -5  -175  )
( 91  107  209  )
( 259  -52  65  )
( -94  -125  -159  )
( 136  50  -64  )
( -295  153  155  )
( -216  -126  298  )
( -16  -176  234  )
( -71  104  276  )
( -204  -78  -269  )
( 14  -205  206  )
( 191  173  -15  )
( 229  -131  25  )
( 236  130  182  )
( 9  127  -179  )
( -284  158  -188  )
( -174  263  235  )
( 156  271  -105  )
( -53  32  -200  )
( 7  -53  -121  )
( 247  174  -197  )
( 297  230  -24  )
( 228  261  -129  )
( 90  242  -187  )
( -93  -203  163  )
( 215  154  24  )
( -82  15  121  )
( -231  -187  -235  )
( 147  -260  -270  )
( -247  207  -277  )
( -184  -187  147  )
( -133  -289  -16  )
( 49  2  99  )
( 9  -158  -207  )
( 293  218  264  )
( -142  164  112  )
( -44  -69  -241  )
( -135  -46  -186  )
( -60  -34  -33  )
( -286  73  -253  )
( 224  218  -110  )
( 10  279  -272  )
( -244  118  139  )
( -152  -260  -41  )
( 18  -90  -72  )
( -221  -60  -129  )
( 149  -222  243  )
( 127  -3  -277  )
( -218  -35  -21  )
( -121  -5  111  )
( -137  267  63  )
( 281  -260  22  )
( -69  289  85  )
( -149  151  -222  )
( 247  73  203  )
( 34  206  289  )
( 198  212  47  )
( 4  55  -277  )
( 72  118  -268  )
( 282  -160  -184  )
( -27  110  233  )
( -72  4  3  )
( -211  108  -26  )
( -55  245  -83  )
( -156  -261  -147  )
( -31  264  -182  )
( 60  127  195  )
( 90  295  -110  )
( -68  151  258  )
( 242  -114  -107  )
( 275  281  246  )
( 178  -84  76  )
( -175  147  69  )
( 252  215  279  )
( 221  -241  249  )
( -131  -81  8  )
( 286  138  168  )
( 59  -222  114  )
( 264  -233  106  )
( -195  -9  286  )
( 297  -53  13  )
( -95  -252  -175  )
( 294  -113  98  )
( -211  252  -34  )
( 190  -110  -120  )
( 128  -35  -23  )
( -280  174  247  )
( 77  -79  21  )
( -251  0  -205  )
( 11  297  228  )
( -75  -89  -269  )
( -206  10  183  )
( 200  11  87  )
( -129  280  -254  )
( 189  -26  -104  )
( -102  -105  -85  )
( 88  79  260  )
( 112  -240  -275  )
( -188  -220  -273  )
( -96  -189  -31  )
( -49  -293  -223  )
( -264  227  -126  )
( 162  100  -102  )
( 116  252  50  )
( 239  210  -112  )
( 157  -276  29  )
( 121  -297  -221  )
( -171  261  268  )
( -201  -31  291  )
( 14  210  171  )
( 192  241  211  )
( 64  -101  222  )
( 202  135  118  )
( 166  -67  27  )
( 237  -298  228  )
( -56  253  -162  )
( 259  -6  -38  )
( 259  29  265  )
( -172  133  294  )
( -271  188  210  )
( -293  -47  -263  )
( -28  -32  88  )
( 134  -277  -60  )
( -263  27  -156  )
( -285  14  273  )
( -232  32  -127  )
( 145  -7  -292  )
( -203  240  275  )
( 205  94  240  )
( 85  55  10  )
( -193  -88  -60  )
( -64  -145  -159  )
( -151  227  218  )
( 252  -50  70  )
( 216  -181  -4  )
( 81  -67  -92  )
( -189  174  26  )
( -151  21  254  )
( 21  47  246  )
( -20  206  94  )
( 285  -257  -271  )
( -237  42  176  )
( 44  -178  50  )
( 23  -121  -239  )
( 83  263  -134  )
( -59  46  -147  )
( -147  38  -106  )
( -42  64  178  )
( 120  -96  -25  )
( -295  36  259  )
( -144  152  -102  )
( 41  -73  -287  )
( -287  64  -8  )
( 41  -209  -253  )
( -274  67  -54  )
( 125  -110  202  )
( -202  168  255  )
( 112  -74  -158  )
( -86  51  -228  )
( -180  72  -127  )
( 258  -225  293  )
( 19  -27  -219  )
( -166  -154  41  )
( 9  -93  77  )
( 111  130  0  )
( 89  52  225  )
( -210  -291  40  )
( -276  -177  -193  )
( -140  204  214  )
( -96  -17  -203  )
( 14  -5  -124  )
( -72  223  -199  )
( 162  -147  255  )
( 226  290  -251  )
( -228  -287  -29  )
( 110  -96  223  )
( -248  224  98  )
( -291  28  299  )
( 25  -269  -97  )
( 298  -144  -116  )
( -38  190  -247  )
( -149  -292  -231  )
( -170  51  -68  )
( -156  191  150  )
( 22  71  -23  )
( -87  -178  245  )
( -157  71  -178  )
( -80  -132  221  )
( -49  -215  -146  )
( -45  94  -275  )
( 241  60  -58  )
( 231  -100  -237  )
( -169  -236  -38  )
( -287  275  -186  )
( 39  -182  62  )
( -294  -241  -29  )
( -37  91  -160  )
( 193  -31  -240  )
( -237  263  -96  )
( 145  -59  -9  )
( 23  -243  102  )
( 276  104  254  )
( 248  -102  -42  )
( -213  -22  164  )
( 177  -14  -216  )
( -245  12  1  )
( 289  -132  -190  )
( 113  115  123  )
( -114  -201  -209  )
( 103  132  141  )
( 22  235  142  )
( -81  200  7  )
( -207  -114  -85  )
( 74  -292  -44  )
( -137  -215  142  )
( 26  4  -78  )
( -105  70  279  )
( 9  -213  166  )
( 81  -222  -136  )
( -290  197  248  )
( -203  242  -90  )
( 185  -80  42  )
( -54  -41  -90  )
( -51  220  -56  )
( 21  -117  -109  )
( -81  -245  -276  )
( -162  -106  -128  )
( -225  167  -134  )
( 31  172  -177  )
( 285  265  4  )
( 291  -153  180  )
( -43  -54  -157  )
( 211  29  181  )
( -73  -156  289  )
( 156  137  -230  )
( 6  -299  269  )
( -136  -244  -223  )
( -212  148  68  )
( -131  -154  116  )
( 294  -147  44  )
( -209  118  -44  )
( -78  -43  247  )
( -167  -84  121  )
( 119  249  23  )
( 196  55  173  )
( -173  -34  62  )
( -106  -20  -158  )
( -198  160  17  )
( 246  -135  -31  )
( -41  80  76  )
( 211  -11  17  )
( 298  -204  253  )
( -117  -283  63  )
( 92  162  -138  )
( 50  72  -285  )
( 188  -73  207  )
( -154  209  274  )
( -85  32  237  )
( -224  225  244  )
( -25  115  -163  )
( 218  279  224  )
( -21  293  291  )
( -214  -156  227  )
( 217  119  -274  )
( -286  -181  246  )
( -146  251  104  )
( -197  -52  -30  )
( 40  -21  99  )
( 59  297  -162  )
( -151  -36  -252  )
( 126  -101  43  )
( 183  -157  -32  )
( -81  -36  245  )
( 248  284  -79  )
( -129  -275  2  )
( 291  247  30  )
( 112  -25  296  )
( -121  17  -299  )
( -79  -231  -149  )
( -154  -29  116  )
( 162  -159  78  )
( -290  -255  208  )
( -176  87  -77  )
( 113  269  -228  )
( -31  242  199  )
( 112  129  -10  )
( -174  78  -209  )
( 136  -141  207  )
( 41  82  251  )
( 56  -89  -35  )
( -218  -106  -230  )
( 171  -9  127  )
( -82  -247  34  )
( 135  -257  -260  )
( -92  -48  -241  )
( 180  223  -115  )
( 4  187  -145  )
( -107  44  -195  )
( 83  249  -173  )
( 74  -186  262  )
( 34  -168  -178  )
( 164  35  192  )
( 194  -206  154  )
( -158  -236  -56  )
( -93  -74  -222  )
( -275  -178  235  )
( 13  273  -178  )
( 143  -79  -141  )
( -233  137  -296  )
( 74  -260  279  )
( 141  -162  -58  )
( 297  299  226  )
( -164  -55  208  )
( -74  -28  -82  )
( -136  -270  -114  )
( 102  126  -90  )
( -14  -254  -101  )
( 114  196  -134  )
( -44  38  -294  )
( 167  -178  147  )
( -195  -205  -93  )
( -209  115  15  )
( 80  -228  -297  )
( 225  29  56  )
( -225  196  246  )
( -50  183  142  )
( -142  225  99  )
( 134  -289  122  )
( -114  280  -36  )
( 108  238  -174  )
( -263  246  282  )
( -240  276  117  )
( -90  -44  261  )
( 113  -132  149  )
( 256  119  130  )
( -6  -14  152  )
( -49  291  177  )
( -122  69  -180  )
( 185  -152  -259  )
( -293  -98  168  )
( 255  104  -151  )
( -154  -225  -66  )
( -234  138  -212  )
( 286  99  -167  )
( -273  203  251  )
( 95  -294  -288  )
( 88  -179  -137  )
( -53  200  -17  )
( -245  -186  -215  )
( -12  -268  -70  )
( -104  92  -267  )
( -89  -80  233  )
( 143  -153  157  )
( -205  237  159  )
( -137  -120  169  )
( -188  265  -58  )
( 250  173  61  )
( -251  -134  289  )
( 165  59  -153  )
( -262  231  -164  )
( 18  -253  -234  )
( 4  134  68  )
( -22  -239  273  )
( 114  210  256  )
( 166  -272  -51  )
( 142  -63  -237  )
( 117  54  227  )
( -187  182  56  )
( -278  -85  -41  )
( -254  285  -74  )
( 84  -189  -139  )
( -122  -3  -241  )
( -63  -294  -161  )
( -174  176  -85  )
( -280  232  191  )
( 180  41  -5  )
( 263  192  -20  )
( 3  -60  276  )
( -198  -79  31  )
( -91  247  241  )
( 217  -75  -231  )
( 292  -236  -290  )
( -252  -129  -182  )
( 29  -204  157  )
( -126  150  -250  )
( -135  31  82  )
( -72  -250  194  )
( 80  -34  -101  )
( -192  -109  147  )
( -16  203  284  )
( 234  -60  175  )
( 290  207  179  )
( 107  285  -234  )
( 34  -240  156  )
( -276  178  -157  )
( -88  -247  83  )
( 263  -108  -51  )
( 282  7  -169  )
( 268  204  -212  )
( 191  43  -262  )
( 213  262  12  )
( 77  -160  -269  )
( 283  -81  210  )
( -157  -26  33  )
( -21  -182  -81  )
( -243  36  -121  )
( -244  -151  -85  )
( -127  -154  242  )
( 191  286  -132  )
( 228  105  118  )
( 153  -106  -224  )
( -285  76  259  )
( -167  217  265  )
( 281  95  -28  )
( -238  -149  -217  )
( 244  149  273  )
( -44  139  -47  )
( -258  252  -159  )
( -176  211  -119  )
( 257  -167  -236  )
( 48  20  -101  )
( -8  146  226  )
( -46  17  -107  )
( -282  -5  23  )
( -26  -142  50  )
( -142  -240  165  )
( -101  -237  -70  )
( -250  266  -275  )
( -195  -82  288  )
( -218  -191  94  )
( 54  249  115  )
( -170  89  57  )
( -58  41  -129  )
( -8  -48  -249  )
( -152  193  -52  )
( -156  -119  287  )
( -284  -147  129  )
( 20  -285  220  )
( 51  -93  -6  )
( 294  289  -173  )
( 253  -204  -154  )
( -76  86  33  )
( -171  188  -119  )
( 266  5  -292  )
( -103  -134  -44  )
( -81  287  -238  )
( 1  11  9  )
( -108  -46  286  )
( -78  264  -203  )
( 102  173  -68  )
( -59  55  227  )
( -154  98  14  )
( -153  276  19  )
( 119  85  -174  )
( -95  -6  -3  )
( -117  167  -12  )
( -30  4  299  )
( 267  -242  31  )
( 75  135  -276  )
( 23  -117  -268  )
( -52  -4  286  )
( -73  -34  2  )
( 120  -180  -231  )
( 14  -88  -29  )
( 244  -254  93  )
( -245  47  8  )
( -21  299  87  )
( 34  62  -243  )
( -5  158  -1  )
( -266  -27  164  )
( 202  50  86  )
( 6  299  -258  )
( 140  79  47  )
( 157  184  130  )
( 282  -176  -33  )
( -92  233  256  )
( 221  -75  -88  )
( -283  -297  0  )
( -260  159  242  )
( -241  58  -187  )
( 267  281  -287  )
( -74  212  -265  )
( 121  288  74  )
( 212  191  197  )
( -15  -274  137  )
( 287  174  -183  )
( -154  -58  -7  )
( -269  -228  225  )
( -245  -87  -249  )
( -134  -34  -121  )
( -232  166  -160  )
( -225  218  298  )
( 139  60  -97  )
( -157  22  -102  )
( 291  3  -147  )
( -144  148  95  )
( -187  288  -175  )
( 62  -37  -208  )
( -36  -104  76  )
( 150  233  242  )
( 68  -286  17  )
( 4  283  225  )
( -148  155  258  )
( -185  247  -73  )
( -199  61  -224  )
( -192  -81  -10  )
( -291  220  153  )
( -237  -190  79  )
( 21  227  61  )
( 61  -117  24  )
( 84  -99  -87  )
( 139  -101  255  )
( 27  72  -174  )
( -281  111  248  )
( 12  -244  104  )
( -128  6  124  )
( 185  24  -132  )
( 84  7  208  )
( 98  -112  101  )
( 40  102  44  )
( -293  55  70  )
( -228  -82  8  )
( 153  212  116  )
( -49  88  -265  )
( -231  260  128  )
( -46  160  89  )
( -191  45  1  )
( 119  -187  267  )
( 63  154  296  )
( 28  -261  -183  )
( -261  199  53  )
( 172  -277  189  )
( 115  -212  -33  )
( 56  272  298  )
( 181  165  -249  )
( -59  53  170  )
( -261  -233  221  )
( 271  -60  -188  )
( 136  220  -61  )
( -244  107  -86  )
( 131  149  -102  )
( -245  229  -234  )
( -182  -147  297  )
( 5  -46  -130  )
( -285  22  -293  )
( -130  289  -263  )
( -270  -288  -128  )
( 296  -166  67  )
( 132  119  199  )
( -8  46  11  )
( 80  -69  -41  )
( -28  -4  174  )
( -254  162  73  )
( -34  292  105  )
( 138  -210  -213  )
( 4  296  183  )
( 28  -187  -215  )
( -298  -291  -81  )
( 276  -247  272  )
( -274  152  -229  )
( -270  63  80  )
( 80  133  270  )
( -207  200  252  )
( -18  -198  111  )
( 160  -88  -211  )
( -209  145  240  )
( -207  167  -122  )
( -185  257  276  )
( 265  -245  241  )
( -121  216  -176  )
( 45  59  -173  )
( -55  5  137  )
( -6  184  18  )
( -182  -111  -231  )
( 66  -124  22  )
( -115  -278  -68  )
( 177  83  136  )
( -46  225  -215  )
( -111  -256  190  )
( 256  -239  88  )
( -212  125  108  )
( -234  -66  154  )
( 129  278  -0  )
( -229  19  81  )
( -111  -145  -31  )
( -126  106  199  )
( 298  58  -290  )
( -273  -67  264  )
( 57  -258  -294  )
( 252  239  -31  )
( -143  -148  -187  )
( -0  -75  4  )
( -154  152  -155  )
( -129  -66  63  )
( -154  53  -52  )
( 281  249  -124  )
( 136  -47  -163  )
( 223  236  267  )
( -269  -62  -197  )
( -175  156  57  )
( -106  -291  -218  )
( 159  50  213  )
( -167  -203  -90  )
( 273  -217  189  )
( 59  251  188  )
( -112  -77  133  )
( 196  -162  92  )
( 148  -253  35  )
( -291  -233  -148  )
( -70  262  235  )
( -31  281  221  )
( -164  -185  -272  )
( -170  -6  -44  )
( 254  -42  -61  )
( 274  46  273  )
( 167  11  -74  )
( -298  -95  242  )
( -222  -214  -145  )
( 290  -52  16  )
( 180  176  -62  )
( 156  -32  -259  )
( 212  -25  -63  )
( 3  -53  242  )
( -129  -68  -99  )
( -124  281  18  )
( -34  159  1  )
( -162  -64  285  )
( 190  108  285  )
( -123  267  -122  )
( -249  69  -115  )
( 99  -143  -266  )
( 291  -267  -7  )
( 19  -89  114  )
( 262  -6  240  )
( 278  22  -131  )
( 259  -82  -159  )
( -274  -38  -298  )
( -214  292  -254  )
( -246  272  -285  )
( 210  -34  -269  )
( 241  147  248  )
( -9  -144  170  )
( -223  108  163  )
( -221  289  140  )
( -267  -226  126  )
( 153  -166  114  )
( 294  199  47  )
( 83  -190  -133  )
( 149  -226  -107  )
( 266  -14  -36  )
( -275  204  -208  )
( 292  -145  -29  )
( -234  78  49  )
( -37  -250  117  )
( 29  -226  -275  )
( -113  198  -267  )
( -124  155  -46  )
( 107  101  -154  )
( -276  202  265  )
( 198  116  -200  )
( 40  -145  -79  )
( 25  153  -110  )
( -25  -272  -50  )
( 14  -24  -195  )
( -109  150  253  )
( -77  42  -93  )
( 34  277  84  )
( 207  58  -217  )
( 249  -271  -286  )
( 58  -286  231  )
( -169  -285  293  )
( -68  -108  270  )
( -91  112  109  )
( 213  39  254  )
( 57  -138  -117  )
( 172  -129  187  )
( 176  214  -143  )
( -73  159  -260  )
( -57  197  79  )
( -203  250  -50  )
( 62  -52  198  )
( -48  54  -193  )
( 190  56  -216  )
( -17  132  -5  )
( 48  118  143  )
( -104  -155  210  )
( -137  79  -158  )
( -77  -244  -170  )
( 201  276  136  )
( 148  -222  -1  )
( -195  24  59  )
( 98  -91  -59  )
( 167  -184  299  )
( -139  -280  211  )
( -52  66  178  )
( -45  -180  -17  )
( 113  245  -137  )
( -73  -194  -102  )
( -105  165  -221  )
( -134  216  -0  )
( -77  -209  -125  )
( -74  276  -45  )
( 59  236  -123  )
( 68  165  202  )
( 18  -5  -19  )
( 127  161  153  )
( -1  -96  -201  )
( -203  264  -173  )
( -157  -118  -2  )
( 269  3  106  )
( 81  273  -78  )
( 263  -52  145  )
( -227  -280  -284  )
( -149  -278  -285  )
( 207  -163  -182  )
( -261  -178  143  )
( -81  -154  -0  )
( -213  -66  240  )
( 18  -228  -65  )
( -32  -48  -58  )
( -190  100  -49  )
( 118  75  44  )
( -146  233  -97  )
( -281  295  -265  )
( 150  -268  -149  )
( -115  1  31  )
( -4  -80  32  )
( -37  -18  -113  )
( 202  -169  13  )
( 45  165  269  )
( 14  41  -45  )
( 64  228  -76  )
( -211  -43  -240  )
( 197  206  221  )
( -215  -294  -266  )
( -169  11  -189  )
( 193  -298  -218  )
( 286  116  -114  )
( -264  -89  118  )
( -123  -111  -140  )
( -120  46  259  )
( 99  -20  -30  )
( 291  51  -197  )
( -126  9  -253  )
( 3  158  84  )
( -138  127  78  )
( -209  -143  -48  )
( -296  -56  -95  )
( 19  146  -133  )
( -263  -74  -64  )
( 63  21  204  )
( 103  21  -135  )
( -17  -155  -218  )
( 294  -59  -272  )
( 213  -104  119  )
( 3  135  211  )
( -89  -160  -82  )
( -151  -286  55  )
( 33  -85  -172  )
( 240  -38  31  )
( 293  -62  -144  )
( 73  -160  -282  )
( -223  129  -283  )
( 131  179  -266  )
( 154  -90  -290  )
( -176  -92  142  )
( 207  267  161  )
( -201  -39  -195  )
( 97  254  198  )
( 139  153  149  )
( 65  -89  -139  )
( 89  -40  19  )
( 36  -25  -152  )
( -203  180  210  )
( -212  167  98  )
( 194  -5  -176  )
( 210  -64  0  )
( 96  -171  80  )
( 227  295  167  )
( 84  76  92  )
( -130  87  -140  )
( 22  285  267  )
( -297  -13  298  )
( -52  60  -150  )
( 142  106  -11  )
( -252  -55  -133  )
( 128  93  -46  )
( -274  215  236  )
( 279  -192  -29  )
( -96  49  269  )
( -107  -129  -70  )
( -267  257  5  )
( 99  -186  40  )
( -86  -37  55  )
( -63  118  -180  )
( 73  -210  127  )
( 5  101  93  )
( 290  107  204  )
( -220  170  299  )
( 220  -60  7  )
( -155  -16  -198  )
( -64  55  -133  )
( -277  246  -70  )
( -26  -45  115  )
( 57  256  -150  )
( -23  -245  95  )
( -163  -246  -190  )
( 195  -71  243  )
( 130  80  -250  )
( -125  0  -207  )
( 63  -171  -53  )
( 35  -235  -115  )
( -224  103  105  )
( 111  186  -92  )
( -253  271  193  )
( -190  249  64  )
( 111  -13  87  )
( -284  -111  41  )
( -254  -149  -248  )
( 110  -231  157  )
( -3  151  238  )
( 103  -299  263  )
( 168  -34  -56  )
( -84  -197  49  )
( -36  -236  23  )
( 253  -151  -201  )
( -125  -246  -248  )
( -250  -13  -247  )
( 16  -210  -76  )
( -174  34  155  )
( 235  185  -189  )
( 127  145  265  )
( -88  251  -57  )
( 125  36  71  )
