( 2  10  18  )
( 234  251  47  )
( 297  -82  58  )
( -233  -34  -10  )
( 224  -192  -181  )
( 69  293  -268  )
( -168  101  297  )
( -101  -257  -124  )
( -79  187  -297  )
( -147  -161  -235  )
( -26  2  89  )
( -57  -33  116  )
( -3  -210  45  )
( -97  -149  128  )
( -67  -155  -86  )
( -142  -11  120  )
( -179  196  261  )
( 71  188  77  )
( 71  180  -251  )
( 65  194  4  )
( -28  -36  -233  )
( 221  -245  -38  )
( -261  121  22  )
( -49  -297  -261  )
( -239  51  82  )
( -109  -297  -249  )
( -149  249  142  )
( -105  242  -153  )
( -238  -122  -270  )
( 243  -43  -9  )
( 13  75  256  )
( 119  -296  152  )
( 141  96  -131  )
( 292  -174  -100  )
( -50  11  -137  )
( 82  96  -101  )
( -188  255  219  )
( -252  22  294  )
( 95  270  -180  )
( -195  154  -143  )
( -134  214  33  )
( -47  -113  195  )
( 259  190  144  )
( 234  -167  -240  )
( -142  -106  -210  )
( 153  -129  17  )
( -133  280  -103  )
( -257  154  -106  )
( 229  -274  116  )
( -229  -45  74  )
( 62  261  -28  )
( -120  128  16  )
( 90  172  -270  )
( -228  -285  297  )
( 76  256  218  )
( -80  -65  -114  )
( 97  -296  194  )
( 150  -200  176  )
( 14  -109  -220  )
( 129  -244  242  )
( -207  -122  -265  )
( -211  -10  116  )
( 290  -148  113  )
( 194  241  277  )
( 162  182  -168  )
( -83  -97  -70  )
( 269  44  225  )
( -29  -49  -128  )
( -255  -80  188  )
( 237  26  -272  )
( 103  196  20  )
( -258  162  112  )
( -27  269  158  )
( -291  180  70  )
( 253  223  -230  )
( 88  -257  -228  )
( -139  226  85  )
( 229  -55  -197  )
( -0  40  236  )
( -43  -244  124  )
( 188  -236  -261  )
( 47  -262  107  )
( -153  79  33  )
( -229  9  167  )
( -204  122  154  )
( -290  -292  -130  )
( -77  199  285  )
( -203  -284  -1  )
( 260  127  -254  )
( 198  -293  -211  )
( -105  218  -8  )
( -225  -174  189  )
( 233  11  -113  )
( -100  -269  -96  )
( -69  193  -221  )
( 254  258  -1  )
( 80  -105  -6  )
( -223  76  -58  )
( 299  294  13  )
( -264  72  -68  )
( 46  -208  -22  )
( 217  -219  190  )
( -223  -154  -110  )
( -233  212  182  )
( -218  58  -180  )
( 40  44  -246  )
( 25  281  250  )
( -105  203  297  )
( 152  -89  208  )
( -73  137  -115  )
( 25  -193  133  )
( 234  -181  113  )
( -165  -96  117  )
( -156  233  -48  )
( 81  -79  28  )
( 218  22  -292  )
( -245  33  28  )
( -198  -194  133  )
( 27  155  -65  )
( -144  -179  -235  )
( 221  -100  -274  )
( 131  -268  192  )
( -175  -15  -191  )
( 146  -217  -79  )
( 30  12  158  )
( 174  -183  286  )
( -144  -223  -204  )
( 286  195  -38  )
( -160  1  -106  )
( 167  84  -72  )
( -118  -130  -66  )
( 3  -285  23  )
( -133  89  136  )
( -245  -230  -156  )
( -160  -110  -1  )
( 79  -291  38  )
( 92  5  285  )
( 124  266  -238  )
( 271  197  -62  )
( -178  -36  209  )
( 203  -51  -195  )
( 96  -100  -40  )
( 245  -289  243  )
( 57  266  289  )
( 7  277  243  )
( -79  -173  286  )
( 274  83  -231  )
( 227  213  119  )
( -251  -65  98  )
( -0  63  -12  )
( 112  -69  -177  )
( 273  -84  -75  )
( -126  155  40  )
( -214  299  -106  )
( -270  107  102  )
( -194  191  -125  )
( -52  204  -248  )
( 96  169  88  )
( -287  256  -55  )
( -204  -25  -232  )
( 299  -71  -277  )
( -130  170  152  )
( 297  50  -31  )
( 61  -162  -75  )
( 116  -190  22  )
( 55  -82  -142  )
( 163  -230  172  )
( -168  -52  0  )
( -283  191  -180  )
( -153  -134  139  )
( 147  215  -264  )
( 58  -270  59  )
( 34  299  -191  )
( 202  -157  234  )
( -133  127  -105  )
( 96  113  297  )
( 140  187  242  )
( 61  -174  -68  )
( 140  261  -255  )
( 181  258  -171  )
( 186  163  -66  )
( 132  -39  177  )
( -158  46  278  )
( -184  -51  -293  )
( 208  -281  251  )
( -44  -82  2  )
( 110  -87  104  )
( 154  -113  -258  )
( 121  188  35  )
( -65  7  -267  )
( 212  -189  170  )
( -283  80  155  )
( 83  122  227  )
( -104  -243  -53  )
( 5  94  -151  )
( 278  6  -200  )
( -129  -21  265  )
( 227  -245  232  )
( -214  -286  -31  )
( -40  -168  -191  )
( 297  206  -254  )
( -103  277  -237  )
( 57  119  -55  )
( 228  -298  156  )
( 68  75  166  )
( 57  43  56  )
( 172  25  -121  )
( 4  -157  95  )
( 125  206  -64  )
( -89  183  207  )
( -160  -16  114  )
( 42  -271  225  )
( -176  146  90  )
( 26  119  -45  )
( 201  25  118  )
( 160  11  -203  )
( 47  191  156  )
( -185  236  -35  )
( 194  -244  282  )
( 243  68  79  )
( 136  -74  116  )
( -115  62  212  )
( 126  -230  -141  )
( 46  294  279  )
( 271  -127  -280  )
( -23  -8  176  )
( 45  30  -124  )
( 53  -144  -131  )
( -219  -276  31  )
( 70  -11  -274  )
( 93  -75  -95  )
( 235  55  104  )
( -206  83  -23  )
( -202  -27  7  )
( -41  -204  -259  )
( 83  -288  -274  )
( 144  21  99  )
( 108  -294  283  )
( -224  228  168  )
( 296  115  -97  )
( 236  -8  -56  )
( -181  -244  43  )
( -113  203  237  )
( -93  -113  163  )
( 87  5  44  )
( 98  235  42  )
( -59  -112  163  )
( -157  219  58  )
( 134  -197  151  )
( -264  -42  54  )
( -255  -202  179  )
( -113  -161  109  )
( 26  -192  -44  )
( -34  -55  251  )
( -248  57  133  )
( 229  160  -50  )
( -37  193  -172  )
( -4  -160  -42  )
( 176  -175  150  )
( -231  -97  260  )
( 66  -298  -29  )
( -75  -104  118  )
( -267  90  178  )
( -190  -84  -109  )
( 41  -125  58  )
( -66  -8  241  )
( 82  -150  -37  )
( -186  222  -148  )
( -214  -69  -199  )
( 98  51  -57  )
( 84  -289  206  )
( -233  -203  -7  )
( -27  225  -144  )
( 50  163  -216  )
( -49  -208  -244  )
( -258  112  -55  )
( 25  148  -218  )
( -11  -267  272  )
( 184  155  239  )
( -133  87  -226  )
( 159  179  -271  )
( -118  -15  70  )
( -101  151  -240  )
( 137  -214  -208  )
( 248  -79  91  )
( 181  -196  161  )
( 289  -168  -234  )
( -107  -289  -295  )
( -21  45  52  )
( 137  -22  -106  )
( 85  251  169  )
( -137  2  96  )
( 140  173  -183  )
( -153  -40  -280  )
( 247  95  47  )
( 249  -261  6  )
( 68  205  149  )
( 1  -275  132  )
( -244  48  -14  )
( 171  155  8  )
( 295  -141  -218  )
( -107  -132  -121  )
( 84  163  211  )
( -1  -16  120  )
( 149  158  -20  )
( -256  -281  -186  )
( 35  204  214  )
( 102  240  43  )
( -237  -4  233  )
( -279  277  115  )
( 230  154  218  )
( 251  272  181  )
( 249  -41  294  )
( -194  87  -214  )
( 288  220  -170  )
( -216  -294  228  )
( -17  -246  92  )
( -16  264  -229  )
( 71  -151  -18  )
( 297  178  -6  )
( 100  150  299  )
( 28  -293  -6  )
( -44  265  -134  )
( 211  -72  -255  )
( 290  -4  251  )
( 6  -8  -265  )
( 163  -103  -77  )
( -151  -41  132  )
( 8  97  -204  )
( 38  290  -70  )
( 144  -200  -27  )
( -235  53  -16  )
( 285  -238  136  )
( -158  104  294  )
( -188  -47  -152  )
( -32  -252  -15  )
( 288  -287  -85  )
( 80  -160  -218  )
( 109  -64  138  )
( 28  -248  123  )
( 203  125  47  )
( -182  211  131  )
( -37  173  -203  )
( -165  260  -163  )
( -208  -16  -163  )
( -150  -132  38  )
( -238  -258  -221  )
( 127  245  39  )
( -191  50  223  )
( -10  57  -213  )
( -164  -120  -156  )
( -42  -167  221  )
( 70  -186  158  )
( -150  276  102  )
( 146  -63  216  )
( -288  -80  237  )
( -173  -86  -281  )
( 76  -175  87  )
( -206  -241  -232  )
( 218  247  210  )
( -265  -298  -55  )
( -173  134  36  )
( -288  -154  115  )
( -150  -207  218  )
( -277  121  -203  )
( 25  52  -192  )
( -151  102  27  )
( -198  218  163  )
( -55  -1  -5  )
( -101  165  -259  )
( 153  264  -188  )
( -66  -16  157  )
( 146  -247  196  )
( 65  17  -79  )
( 22  -235  -145  )
( -130  177  -277  )
( 176  89  -122  )
( -192  -63  154  )
( -12  27  131  )
( 73  -234  -152  )
( 20  276  -88  )
( -232  149  -242  )
( -264  -67  92  )
( 56  88  -259  )
( 5  -274  -61  )
( 258  79  123  )
( 120  191  172  )
( 163  15  -293  )
( -24  -12  194  )
( -224  72  43  )
( 48  -152  -148  )
( -172  161  182  )
( 71  52  -51  )
( -279  74  -40  )
( 291  -99  -100  )
( 216  159  -223  )
( 14  238  -216  )
( -283  -289  277  )
( 290  -240  178  )
( 107  -190  -243  )
( -1  -30  15  )
( -214  85  -77  )
( 278  274  95  )
( -65  -16  -29  )
( 235  16  -32  )
( 170  244  -215  )
( 43  137  173  )
( 62  219  -82  )
( -27  -98  -128  )
( 76  -123  261  )
( -147  -294  173  )
( -116  -93  204  )
( 296  278  -58  )
( 47  126  -283  )
( -233  -245  -213  )
( -24  -48  94  )
( -153  13  152  )
( 175  -17  103  )
( -200  -198  287  )
( -70  -26  -298  )
( -17  -235  -208  )
( 17  28  180  )
( -268  -14  -239  )
( -6  41  23  )
( 106  -179  225  )
( -158  96  191  )
( 294  -279  263  )
( 197  125  113  )
( 114  -10  -188  )
( 145  72  204  )
( -218  -291  117  )
( 83  164  -141  )
( 213  12  144  )
( 184  -200  -153  )
( 140  127  93  )
( -97  -274  197  )
( -200  224  97  )
( -22  270  128  )
( -71  -183  -196  )
( 120  -66  -153  )
( -291  233  -160  )
( -256  -61  -116  )
( 65  -142  240  )
( -190  -72  -7  )
( 146  17  55  )
( 188  279  -94  )
( -145  -22  -26  )
( -172  249  279  )
( -46  199  -214  )
( 70  -43  -249  )
( 215  -203  235  )
( -283  -257  -260  )
( -126  169  29  )
( 102  204  160  )
( -5  -293  -160  )
( 69  237  -223  )
( -277  77  23  )
( -165  -171  135  )
( -236  -168  -146  )
( 180  -206  65  )
( -32  -31  -74  )
( 19  199  -21  )
( -296  -26  -245  )
( -60  91  -69  )
( -135  -8  27  )
( -108  -49  254  )
( -280  136  253  )
( -261  -87  -47  )
( -167  -187  -166  )
( -268  69  -184  )
( 102  -239  -52  )
( -122  199  -4  )
( -156  274  264  )
( -10  30  -201  )
( 153  17  124  )
( -204  -51  -22  )
( -192  -4  174  )
( -7  280  30  )
( -218  232  -234  )
( -1  299  288  )
( -115  -37  -64  )
( -165  143  -122  )
( 71  -222  227  )
( -51  94  -252  )
( 12  23  -181  )
( 280  -138  -246  )
( -188  -134  -80  )
( -109  -198  -240  )
( -51  232  -202  )
( 67  211  -254  )
( 115  -104  22  )
( 208  74  -32  )
( 220  174  245  )
( 50  -230  21  )
( -18  -74  -198  )
( -264  189  -31  )
( -239  -155  -286  )
( -211  113  -9  )
( 6  198  -180  )
( 68  255  115  )
( -283  107  -254  )
( 66  -255  109  )
( 38  -167  248  )
( -23  -161  64  )
( 95  -262  -86  )
( -34  181  182  )
( -90  -165  -37  )
( 256  -240  -179  )
( 187  -280  -241  )
( -16  -240  40  )
( 215  -190  118  )
( -280  93  189  )
( 8  -137  -189  )
( 4  -42  218  )
( -65  -25  31  )
( -244  231  123  )
( -237  57  -222  )
( -52  -150  -251  )
( -173  -166  -55  )
( 208  -91  -273  )
( 141  -158  182  )
( 258  -185  68  )
( 188  37  121  )
( 109  209  -297  )
( 96  238  -269  )
( 32  -283  170  )
( 178  286  -234  )
( -33  -133  -66  )
( 12  -148  247  )
( 205  276  -41  )
( 62  130  -115  )
( -159  -271  223  )
( -78  167  -33  )
( -189  -105  -65  )
( -200  192  117  )
( 236  277  26  )
( -169  -24  -297  )
( -270  138  238  )
( -250  -172  -125  )
( 248  -271  102  )
( 203  298  -229  )
( 221  113  132  )
( 36  -76  255  )
( -64  -198  -133  )
( 213  190  -28  )
( -137  -298  55  )
( 104  -207  247  )
( 119  -212  246  )
( 98  -82  -158  )
( -97  30  0  )
( -119  169  265  )
( -210  -105  177  )
( -113  -181  -225  )
( -241  182  -193  )
( -185  142  208  )
( 196  141  -278  )
( -246  37  -203  )
( 249  83  185  )
( 225  -98  20  )
( 245  217  53  )
( -109  -76  -202  )
( 286  -40  151  )
( 107  -243  -288  )
( -262  18  -111  )
( -269  275  26  )
( -261  -69  109  )
( 191  -144  -0  )
( -145  64  51  )
( -57  296  -20  )
( 198  228  -86  )
( 3  114  109  )
( -152  -22  154  )
( 116  -197  29  )
( 153  287  -125  )
( -204  283  -261  )
( 185  -198  -27  )
( -190  44  -72  )
( -2  30  -6  )
( -288  -45  194  )
( 60  44  68  )
( -146  -177  -224  )
( 43  35  269  )
( 35  7  -232  )
( 173  267  -159  )
( 253  -262  188  )
( 41  278  257  )
( 128  243  -41  )
( -247  -150  -258  )
( 117  54  76  )
( 40  284  281  )
( 293  37  -135  )
( -269  150  5  )
( 42  -284  76  )
( -104  66  -150  )
( -66  -8  135  )
( 47  71  -283  )
( 176  36  -177  )
( 269  138  -64  )
( 44  -42  257  )
( 24  15  -267  )
( 121  232  288  )
( 94  53  -249  )
( -180  19  -247  )
( -79  103  257  )
( -68  106  -299  )
( -189  197  131  )
( 153  50  4  )
( 174  -81  105  )
( -246  -20  -233  )
( -204  -157  -99  )
( -173  208  43  )
( 13  203  213  )
( 160  -183  -112  )
( 215  -226  190  )
( -33  -39  -150  )
( 110  -268  11  )
( -152  -241  -20  )
( -33  184  -266  )
( -255  -212  231  )
( 70  173  -254  )
( 3  -8  130  )
( -183  274  -86  )
( -63  -242  160  )
( 290  84  -220  )
( 145  -252  220  )
( -155  190  -117  )
( -157  -45  130  )
( -168  -21  192  )
( -231  -76  -249  )
( -156  -42  -229  )
( 247  171  237  )
( -217  -77  -199  )
( 198  -47  -154  )
( 180  -296  -66  )
( -167  -20  228  )
( 16  194  267  )
( -227  -213  -291  )
( -177  -258  9  )
( 255  -170  155  )
( 268  -103  75  )
( 207  184  -248  )
( 11  -8  94  )
( -184  -163  222  )
( 222  290  -128  )
( -37  -269  11  )
( -245  164  95  )
( 230  264  72  )
( 122  192  -170  )
( 217  213  290  )
( 172  111  -173  )
( -210  -152  -129  )
( 107  77  -165  )
( 3  -175  163  )
( 279  281  -31  )
( 292  111  -89  )
( 209  97  294  )
( 238  176  -223  )
( 2  -50  -83  )
( -1  -208  -186  )
( 18  248  225  )
( 166  214  9  )
( -163  285  73  )
( 259  -173  254  )
( 75  -82  -71  )
( -143  50  -186  )
( 30  283  -289  )
( -3  -194  -200  )
( -42  -102  233  )
( -261  113  254  )
( 252  146  18  )
( 296  97  -91  )
( -182  -108  -138  )
( -126  110  135  )
( -24  288  -262  )
( -149  74  49  )
( -168  -207  -262  )
( -219  -22  241  )
( 103  281  0  )
( 286  136  29  )
( -150  19  -78  )
( -234  202  175  )
( -283  -123  286  )
( 119  -144  -174  )
( 147  81  -211  )
( -67  199  123  )
( 122  -290  -78  )
( 290  211  175  )
( -126  294  -58  )
( 139  -62  150  )
( -69  -87  -208  )
( 257  -66  250  )
( -265  -281  171  )
( -19  -76  -11  )
( 167  -241  -187  )
( -32  -286  75  )
( -282  194  -91  )
( -119  232  -87  )
( 151  -211  213  )
( -229  -86  199  )
( 214  -94  -226  )
( 292  -161  92  )
( -213  -133  67  )
( -29  252  -293  )
( 101  199  -54  )
( 234  15  -256  )
( 108  127  -265  )
( 285  85  -292  )
( -231  290  -247  )
( -250  106  -211  )
( 195  222  216  )
( 130  -160  138  )
( -248  246  101  )
( 250  267  215  )
( 161  -277  -233  )
( 256  87  203  )
( 80  150  -12  )
( -18  -89  110  )
( -70  -193  -23  )
( 252  -24  174  )
( 62  256  170  )
( 254  -261  -251  )
( -57  -280  250  )
( -34  281  227  )
( 17  -108  169  )
( -275  131  153  )
( 173  102  209  )
( 42  -14  100  )
( 76  58  -285  )
( -38  -238  -294  )
( 230  -152  163  )
( 23  -136  271  )
( 97  -196  -66  )
( 214  -46  186  )
( -27  115  129  )
( 152  1  90  )
( -25  266  274  )
( 236  43  -270  )
( 205  222  283  )
( 94  -112  -179  )
( 119  -243  -176  )
( -54  -227  58  )
( -188  84  44  )
( 165  -158  -105  )
( -12  -187  -174  )
( -101  30  281  )
( -51  -116  18  )
( 153  199  -294  )
( 9  -282  193  )
( 196  -148  -184  )
( 256  -131  11  )
( -173  -219  -77  )
( -126  -47  -148  )
( -171  77  218  )
( 30  272  -207  )
( 247  79  233  )
( 56  136  5  )
( -167  190  -66  )
( -64  212  32  )
( 243  138  285  )
( 65  198  -168  )
( 133  -99  269  )
( -297  -268  -103  )
( -59  -198  289  )
( -186  190  193  )
( 136  -32  -253  )
( 112  -209  -106  )
( 293  -138  234  )
( 127  27  -26  )
( -202  8  -99  )
( 252  115  58  )
( 236  142  37  )
( 245  272  -177  )
( 152  131  -160  )
( 109  148  -222  )
( 21  157  -248  )
( -166  86  -32  )
( 271  107  97  )
( 139  -263  -278  )
( -15  190  2  )
( 250  -164  -227  )
( -112  -287  36  )
( -284  -34  -13  )
( -247  222  299  )
( 140  201  221  )
( 231  196  -174  )
( 157  122  110  )
( 69  -139  272  )
( 177  -295  -239  )
( -242  -230  -282  )
( -141  -275  183  )
( 176  -92  100  )
( 34  -134  146  )
( -258  129  -2  )
( -99  -208  -12  )
( -64  -49  -244  )
( 207  251  -140  )
( 116  -92  245  )
( 231  283  -67  )
( 118  244  176  )
( -206  118  165  )
( 133  103  -17  )
( 292  67  269  )
( -225  -101  33  )
( 212  236  -79  )
( 276  -291  -130  )
( -275  204  -171  )
( 31  38  17  )
( 31  -192  -208  )
( -278  129  -236  )
( -166  -210  -181  )
( 286  -21  284  )
( -38  235  -69  )
( -155  69  90  )
( 280  -111  47  )
( -218  -95  27  )
( 127  265  278  )
( -256  -74  193  )
( 52  44  213  )
( -169  139  24  )
( 234  260  158  )
( -232  -15  206  )
( 267  -16  253  )
( 112  165  -149  )
( -217  127  52  )
( -241  41  -180  )
( 200  -165  290  )
( 32  118  -254  )
( 12  296  144  )
( 198  42  194  )
( -24  -121  214  )
( -74  142  -109  )
( -37  -81  130  )
( -26  -280  240  )
( 15  -219  -176  )
( 31  65  133  )
( 16  145  44  )
( -280  47  -72  )
( 254  12  230  )
( 227  -220  -104  )
( 116  -78  -152  )
( 83  -110  -58  )
( 87  209  -50  )
( -61  293  173  )
( 144  19  57  )
( -87  -243  -19  )
( 157  -84  -160  )
( 20  -228  292  )
( 265  234  -94  )
( 118  -163  26  )
( 280  282  77  )
( -256  -73  217  )
( -96  -238  -113  )
( -186  -70  -126  )
( 274  -149  140  )
( -265  -250  115  )
( 122  255  -74  )
( -14  66  261  )
( -168  -281  290  )
( 289  119  -267  )
( -248  -30  86  )
( 84  -123  -193  )
( -111  -236  -245  )
( -130  -269  -23  )
( -217  -292  -87  )
( 149  -201  -37  )
( -253  -42  -131  )
( -134  -43  7  )
( -233  234  -299  )
( 33  129  144  )
( 45  -274  -97  )
( 121  -251  -285  )
( -179  -122  -55  )
( 167  35  17  )
( 52  -24  65  )
( 76  218  -72  )
( -69  37  280  )
( 191  178  23  )
( -270  183  205  )
( -179  11  116  )
( 135  -98  -93  )
( 205  -266  48  )
( 207  -65  144  )
( 263  -264  199  )
( -215  -182  -9  )
( -288  -9  261  )
( -112  296  -159  )
( 261  96  -239  )
( 120  -281  -132  )
( 89  123  -261  )
( -140  -255  -62  )
( -142  79  -107  )
( -74  -143  -86  )
( -44  178  184  )
( -220  -173  48  )
( 168  294  -289  )
( 168  15  -263  )
( 228  103  223  )
( 189  181  -190  )
( -279  195  126  )
( 83  222  -21  )
( -147  -196  251  )
( -81  -254  -151  )
( -297  -247  -215  )
( 289  -112  -264  )
( -268  111  259  )
( -127  -101  -238  )
( -179  155  -284  )
( -255  288  235  )
( -260  137  -51  )
( 235  233  -158  )
( 266  203  131  )
( 256  204  294  )
( -240  -150  164  )
( -232  -119  250  )
( -204  -234  -232  )
( 15  -73  -259  )
( 168  294  251  )
( -38  276  64  )
( -287  57  -42  )
( -203  -146  257  )
( -52  -130  -169  )
( -128  -190  144  )
( -297  184  18  )
( 175  -237  186  )
( -117  -275  82  )
( 85  -287  -72  )
( 269  -187  -222  )
( -139  -264  -128  )
( 32  -270  -71  )
( -210  -126  -148  )
( 259  -269  -176  )
( -248  -200  267  )
( 179  -190  -102  )
( -160  107  -34  )
( 207  3  -66  )
( 277  67  230  )
( -71  166  222  )
( 291  181  -284  )
( 13  -203  -146  )
( 228  -55  259  )
( -23  117  -268  )
( 1  -40  -129  )
( 34  -198  278  )
( -146  -210  188  )
( 254  -35  287  )
( 103  209  288  )
( 16  192  -13  )
( -202  -191  -297  )
( 97  -113  52  )
( -147  48  197  )
( -80  108  262  )
( 8  168  267  )
( 190  236  -179  )
( 271  -128  237  )
( -70  -167  237  )
( 43  -298  119  )
( -283  -60  168  )
( 267  234  -86  )
( 209  159  -45  )
( -257  81  151  )
( 247  -259  -278  )
( -295  130  176  )
( 245  168  126  )
( -166  -275  -100  )
( 154  -11  6  )
( 52  -85  -58  )
( 166  87  128  )
( 132  219  196  )
( -19  59  -26  )
( 0  170  -198  )
( 157  100  -213  )
( 78  108  -89  )
( 86  113  -291  )
( 239  80  120  )
( 150  -249  32  )
( -265  21  -224  )
( 245  -1  98  )
( -127  31  -28  )
( -57  275  10  )
( -223  229  280  )
( 147  156  -255  )
( -289  269  247  )
( 260  -253  -284  )
( 147  -224  210  )
( -183  116  127  )
( 102  161  49  )
( 199  101  149  )
( 97  -125  -171  )
( 46  -136  72  )
( 55  178  215  )
( 161  -156  -195  )
( -262  -43  78  )
( 217  67  48  )
( 247  159  -75  )
( 24  160  87  )
( 270  285  -279  )
( -11  155  -198  )
( 19  239  55  )
( 143  -97  -201  )
( -155  3  -161  )
( 196  -298  -239  )
( 290  -250  1  )
( -232  110  205  )
( 172  -152  -243  )
( -296  63  -243  )
( 257  229  -4  )
( -57  231  41  )
( -295  222  139  )
( 16  -151  -35  )
( -25  -216  -139  )
( 177  -265  -197  )
( -107  114  14  )
( -198  263  -281  )
( 177  110  65  )
( 295  66  -261  )
( 12  38  -198  )
( -56  -74  -51  )
( 286  181  -215  )
( 128  -103  -49  )
( 279  -49  -52  )
( 277  234  231  )
( 157  276  291  )
( 30  -219  -216  )
( -54  273  -187  )
( 259  138  -113  )
( -72  282  213  )
( -176  -57  -65  )
( 59  8  247  )
( 112  81  172  )
( -63  -3  276  )
( 153  -100  -112  )
( 115  182  -3  )
( -20  -221  -88  )
( -188  -145  -295  )
( 152  137  -151  )
( -144  -55  101  )
( 262  69  -119  )
( 242  -211  -41  )
( -296  -159  -128  )
( 171  -89  -96  )
( 270  -109  283  )
( -269  -108  61  )
( -20  -253  222  )
( 214  291  252  )
( -25  17  -73  )
( 34  293  38  )
( 254  -223  -67  )
( 120  272  62  )
( 47  163  154  )
( 213  121  -215  )
( 155  -114  -208  )
( 84  211  -113  )
( -259  -108  -133  )
( -47  127  57  )
( -21  -119  -10  )
( 60  -19  -69  )
( 147  -181  265  )
( 84  262  39  )
( 211  -249  51  )
( -223  -173  -203  )
( 59  101  49  )
( 279  -246  -191  )
( 281  283  288  )
( -74  -179  -67  )
( 259  205  71  )
( 213  -166  247  )
( -21  12  -82  )
( -112  295  -167  )
( 139  206  172  )
( 200  -58  42  )
( 98  -222  -185  )
( -143  -172  208  )
( -147  61  -289  )
( -7  -293  -222  )
( 220  152  -24  )
( 21  142  -39  )
( -214  227  250  )
( -241  -285  -52  )
( -209  -203  251  )
( -205  -83  53  )
( -231  -166  115  )
( 33  160  110  )
( -14  -22  37  )
( -178  -251  -21  )
( -221  153  -95  )
( -245  -51  259  )
( 81  -169  -84  )
( 275  283  -107  )
( -33  -48  -119  )
( 55  47  -226  )
( -104  74  -93  )
( 73  187  237  )
( 232  199  209  )
( -51  -81  62  )
( 55  255  175  )
( -218  112  20  )
( -254  -86  32  )
( -225  189  163  )
( 153  285  232  )
( 71  34  -147  )
( -149  63  -282  )
( 225  58  75  )
( 227  -63  33  )
( 235  133  -139  )
( -269  183  70  )
( -216  249  75  )
( -147  139  -143  )
( -212  -270  -267  )
( 130  -62  -237  )
( -268  -68  -85  )
( 220  -207  84  )
( -85  -262  -61  )
( -28  219  -11  )
( 92  -192  101  )
( 187  -35  80  )
( -76  31  128  )
( 282  194  -61  )
( 116  -2  299  )
( -183  -206  298  )
( -295  225  -150  )
( 74  241  -251  )
( 267  75  89  )
( -138  -226  100  )
( 183  104  287  )
( -32  -280  -77  )
( -83  -126  255  )
( 82  -50  52  )
( 11  -261  268  )
( -294  27  220  )
( 95  -163  -8  )
( -84  18  20  )
( 74  29  -81  )
( -131  196  -178  )
( 70  -107  251  )
( 86  -181  -229  )
( -215  299  176  )
( 235  113  282  )
( -92  88  -199  )
( -69  196  -18  )
( -200  58  218  )
( 187  -284  -16  )
( 176  -198  -211  )
( 30  -32  -290  )
( -167  -275  271  )
( 253  103  -241  )
( 120  -58  177  )
( 185  172  -274  )
( -42  -104  -248  )
( 167  84  18  )
( 266  -210  -37  )
( 156  -58  79  )
( 53  -131  -299  )
( 201  -21  -87  )
( 44  -67  -183  )
( -126  94  293  )
( -197  65  -62  )
( 30  183  -38  )
( 174  203  -87  )
( 58  -109  -262  )
( -248  104  284  )
( 43  182  -113  )
( 103  -274  121  )
( -212  -122  169  )
( 48  63  -298  )
( -143  26  -216  )
( -160  145  177  )
( 90  214  -112  )
( -228  193  255  )
( -287  121  95  )
( 217  -1  -203  )
( 12  -198  135  )
( -293  -73  -290  )
( 244  68  181  )
( 99  131  292  )
( 243  -72  144  )
( -225  -268  -82  )
( -41  67  215  )
( -251  55  -94  )
( 152  254  -95  )
( 215  -119  -75  )
( -279  143  -97  )
( 198  70  -233  )
( 229  175  -271  )
( -252  19  -186  )
( -275  21  61  )
( -231  243  152  )
( 236  217  -242  )
( 288  171  221  )
( 111  -160  3  )
( -277  -291  -53  )
( 118  137  237  )
( -273  86  118  )
( 82  -48  -62  )
( -101  -91  -215  )
( -115  282  283  )
( 253  230  187  )
( 89  298  52  )
( 200  4  -113  )
( 88  -172  21  )
( -194  32  51  )
( 203  -210  -113  )
( -185  -262  -227  )
( 174  126  203  )
( 78  -164  67  )
( -206  52  244  )
( 124  -85  231  )
( -291  -87  181  )
( -71  -151  -169  )
( 113  -174  77  )
( 216  -92  -243  )
( -82  185  129  )
( -157  133  -118  )
( 249  -12  156  )
( 291  -103  -100  )
( 218  -211  237  )
( 200  100  267  )
( 157  248  -255  )
( -16  171  115  )
( 53  91  -169  )
( 37  143  40  )
( -29  -19  -216  )
( -177  -174  -170  )
( 68  -268  -133  )
( -85  19  84  )
( -281  -118  -119  )
( -177  213  -199  )
( 91  221  47  )
( -254  269  102  )
( 287  -91  291  )
( 228  -176  114  )
( -135  -275  27  )
( 20  -47  148  )
( 55  273  2  )
( 262  -275  -131  )
( 213  -140  -199  )
( 71  -48  -136  )
( 209  -170  198  )
( -162  -76  27  )
( -31  115  -135  )
( 71  -92  186  )
( 56  -251  -43  )
( -121  -160  -13  )
( 105  -120  93  )
( -106  144  -10  )
( -189  -10  110  )
( -121  -186  208  )
( -90  82  217  )
( -215  -287  -24  )
( 237  180  -53  )
( 227  -75  -267  )
( 172  66  192  )
( -151  200  143  )
( -78  275  -43  )
( 298  139  187  )
( 5  294  6  )
( 158  -71  298  )
( 106  -238  -268  )
( 50  -195  1  )
( 247  -240  159  )
( -41  -216  174  )
( -31  135  89  )
( -33  26  151  )
( 191  -195  -103  )
( 277  250  121  )
( 172  296  -61  )
( -125  128  234  )
( -105  171  -221  )
( 16  -298  228  )
( -209  253  -265  )
( 122  22  78  )
( 32  -148  189  )
( 2  32  -259  )
( 215  -256  212  )
( 254  -23  -236  )
( 232  24  259  )
( 128  269  -95  )
( -229  81  7  )
( -86  224  -213  )
( 94  48  162  )
( -115  51  165  )
( -131  -225  -267  )
