( 174  -85  71  )
( 269  107  49  )
( -45  108  -203  )
( 41  108  50  )
( 27  176  78  )
( 146  69  228  )
( 290  213  -71  )
( -251  -3  -184  )
( 286  133  71  )
( 71  23  90  )
( -25  191  118  )
( 239  237  189  )
( -4  -81  -208  )
( -30  -261  -210  )
( -15  -28  61  )
( -184  199  -126  )
( 185  218  17  )
( -93  -46  -164  )
( 299  -59  -213  )
( 198  -15  228  )
( 134  -170  -113  )
( -56  84  -54  )
( 85  -293  144  )
( -173  87  -179  )
( 10  -31  -43  )
( 74  36  -3  )
( -177  190  125  )
( -174  120  211  )
( 149  193  -223  )
( -171  217  -200  )
( 100  -136  247  )
( 255  -28  -200  )
( 226  148  -47  )
( -30  -76  -71  )
( 150  -84  187  )
( 9  -243  -141  )
( 286  -195  140  )
( 278  119  -150  )
( 130  -72  127  )
( 86  106  252  )
( 70  289  219  )
( -287  -206  263  )
( -217  94  23  )
( 63  -128  12  )
( -206  128  11  )
( 57  -253  257  )
( -201  -188  -227  )
( 5  294  -275  )
( -113  -231  -143  )
( 274  292  179  )
( -190  -14  -17  )
( -32  -266  82  )
( 191  -49  -183  )
( 25  97  -132  )
( -153  -139  41  )
( 259  -90  -165  )
( 243  -256  145  )
( 164  189  284  )
( 264  93  -282  )
( 75  237  -287  )
( 46  -105  -167  )
( -189  82  50  )
( -26  -175  -28  )
( -276  96  -59  )
( -92  -46  3  )
( -167  -146  132  )
( -242  -226  81  )
( 52  243  38  )
( 88  54  121  )
( 181  262  169  )
( -188  -160  204  )
( -0  -223  43  )
( 245  -183  151  )
( -257  -45  -269  )
( -88  -170  12  )
( -63  291  25  )
( -46  -146  -225  )
( 245  -211  92  )
( 108  46  5  )
( -137  -129  58  )
( 49  -257  -166  )
( -278  -297  267  )
( -63  -261  -254  )
( 12  -121  173  )
( -106  127  -151  )
( 14  -294  48  )
( -207  194  241  )
( -17  100  99  )
( -287  -208  98  )
( 249  204  69  )
( 203  -64  -228  )
( 183  -98  25  )
( -228  251  84  )
( -282  -140  -98  )
( -93  254  -158  )
( -85  128  97  )
( 261  270  -260  )
( 288  -166  -267  )
( -38  118  74  )
( -230  55  -151  )
( 188  -156  244  )
( -53  65  103  )
( -5  -45  235  )
( 117  251  -172  )
( -290  -108  0  )
( -132  75  217  )
( -282  152  95  )
( 183  -71  91  )
( 297  -26  -76  )
( 14  -222  142  )
( 144  137  260  )
( 119  277  85  )
( -286  25  -14  )
( -241  129  -0  )
( 7  122  -237  )
( -75  42  177  )
( -190  -25  5  )
( -30  -219  -70  )
( 129  -154  -150  )
( 131  -63  -295  )
( -91  -145  143  )
( -158  -94  -43  )
( 187  -41  -48  )
( 140  270  -253  )
( 39  -240  -89  )
( -199  -136  -135  )
( 117  61  -28  )
( -145  239  -298  )
( 251  -24  -60  )
( -283  -268  -142  )
( -208  -15  35  )
( -285  218  -68  )
( -235  241  -178  )
( 9  -230  253  )
( -97  -52  -159  )
( -20  48  -151  )
( -281  -38  -191  )
( 164  51  6  )
( -235  -260  292  )
( 293  290  -23  )
( 299  -269  75  )
( -241  -244  -277  )
( -152  -65  123  )
( 50  -167  -11  )
( 261  30  -193  )
( 20  94  -151  )
( 298  -77  -272  )
( -48  -53  -273  )
( 25  206  -88  )
( -293  -175  -77  )
( -234  50  -177  )
( -210  -134  285  )
( -223  -153  -26  )
( 256  127  -216  )
( -72  262  210  )
( 202  -124  -34  )
( -4  284  -161  )
( 48  149  53  )
( -117  261  -231  )
( -2  -86  165  )
( -68  175  241  )
( 58  -197  61  )
( -236  -143  112  )
( -143  -222  -207  )
( 13  177  168  )
( 71  -2  194  )
( 122  -213  274  )
( -246  -141  277  )
( -260  -53  39  )
( 7  -226  136  )
( 280  -249  135  )
( -178  288  18  )
( 280  264  200  )
( 163  198  -125  )
( 108  -125  12  )
( 283  176  -60  )
( 195  111  142  )
( -213  122  168  )
( 39  -162  -233  )
( 277  77  -71  )
( 26  299  -21  )
( -209  -54  140  )
( 65  -204  -232  )
( -88  185  -149  )
( 229  220  -199  )
( 138  179  255  )
( 176  41  241  )
( -202  0  -107  )
( -223  16  -252  )
( 27  -78  35  )
( 38  135  149  )
( 188  116  48  )
( -20  -95  -160  )
( 97  -267  -103  )
( 218  220  59  )
( 272  15  40  )
( -157  201  273  )
( -247  92  -211  )
( 202  -169  76  )
( 225  -131  105  )
( 241  125  12  )
( -217  142  145  )
( 153  -14  107  )
( 242  260  121  )
( -45  152  125  )
( 55  -299  217  )
( 216  137  31  )
( -72  -45  149  )
( -50  -102  159  )
( 249  172  98  )
( 254  -21  -285  )
( -91  169  93  )
( -8  -181  7  )
( 49  -131  -46  )
( -54  168  213  )
( -178  85  70  )
( -48  -125  96  )
( -150  90  -158  )
( 200  -248  172  )
( -125  18  -129  )
( 297  250  115  )
( -79  -21  159  )
( -275  242  -164  )
( 103  -263  161  )
( -108  263  153  )
( -185  223  -220  )
( 75  -69  -61  )
( 62  283  112  )
( -291  99  259  )
( -217  38  98  )
( -284  -62  292  )
( 137  -51  153  )
( 88  -21  158  )
( -104  247  -226  )
( -290  -167  -126  )
( 228  -233  -62  )
( -182  -19  -127  )
( 74  129  -208  )
( 125  222  1  )
( 22  -227  244  )
( 219  7  -280  )
( 60  -12  -201  )
( 74  19  -12  )
( 180  -295  149  )
( 118  117  -74  )
( 257  -159  -135  )
( -17  229  -232  )
( -249  -90  211  )
( -244  146  -176  )
( -104  243  -190  )
( -145  -218  -53  )
( 82  -11  -239  )
( 273  32  118  )
( -96  71  -100  )
( 270  178  -118  )
( 173  154  -139  )
( 134  39  -267  )
( -46  220  -159  )
( -237  165  210  )
( -154  -225  -145  )
( 49  -9  -203  )
( 105  -257  -50  )
( 20  -218  93  )
( -100  -109  98  )
( -66  -287  249  )
( -184  -297  -249  )
( 125  -143  102  )
( 290  -154  251  )
( -139  240  -82  )
( -42  -235  -23  )
( -258  -168  -26  )
( -129  68  -72  )
( -5  111  66  )
( 19  -231  289  )
( 77  38  238  )
( -136  127  -92  )
( -298  245  47  )
( 226  -0  96  )
( 174  -245  147  )
( 2  -185  125  )
( -133  -271  -90  )
( 239  -235  57  )
( -233  267  172  )
( -272  -283  -114  )
( 214  -25  84  )
( 134  -181  190  )
( 84  87  211  )
( 54  -62  -45  )
( -248  16  61  )
( 83  -215  -89  )
( 124  -284  278  )
( 49  -39  105  )
( -48  -299  -7  )
( 227  202  -40  )
( -207  -288  47  )
( 278  67  129  )
( 60  -124  270  )
( 39  -58  215  )
( -126  -164  214  )
( 244  -290  -135  )
( -50  41  -67  )
( -66  -181  15  )
( -46  -23  295  )
( -74  210  -149  )
( -275  -251  -291  )
( 147  125  247  )
( 242  77  -23  )
( -122  -274  235  )
( 232  224  -217  )
( -138  128  -39  )
( -248  61  -24  )
( -281  -56  277  )
( 0  137  90  )
( 42  54  -179  )
( -217  298  62  )
( 138  -253  297  )
( -237  -267  231  )
( -76  -291  203  )
( 188  33  -84  )
( -79  160  -216  )
( -157  8  87  )
( -200  -249  -227  )
( 104  293  101  )
( -154  -18  -205  )
( 129  128  -219  )
( 177  225  179  )
( 193  282  -168  )
( 213  53  292  )
( 188  -104  -107  )
( -217  -102  211  )
( -278  76  -252  )
( -155  51  242  )
( 71  -217  -119  )
( 134  -279  294  )
( -89  -114  84  )
( 296  58  219  )
( -238  8  -30  )
( -184  21  -197  )
( 142  -11  289  )
( -79  -92  -67  )
( 77  -103  117  )
( 285  -242  265  )
( 108  115  -206  )
( -275  298  59  )
( 251  -151  191  )
( -240  8  -185  )
( 20  214  293  )
( -15  0  180  )
( 182  74  -294  )
( -141  177  -122  )
( -228  -280  185  )
( 122  40  -171  )
( -19  14  -50  )
( -17  -240  162  )
( -6  -282  2  )
( 33  130  16  )
( 153  16  282  )
( -64  -114  287  )
( 293  -17  131  )
( -261  -164  247  )
( -202  -40  -227  )
( 290  186  -268  )
( -68  86  133  )
( -182  296  175  )
( 29  253  277  )
( 57  195  288  )
( -53  235  233  )
( 280  -146  225  )
( 206  -104  90  )
( -121  269  281  )
( 18  95  253  )
( -293  18  -166  )
( 60  147  -78  )
( 274  215  -88  )
( 111  -35  -298  )
( 212  -147  50  )
( -294  -136  -145  )
( 182  -32  -12  )
( -278  57  -107  )
( -139  95  -16  )
( -74  184  -170  )
( 35  122  210  )
( -83  -298  63  )
( 243  -152  -245  )
( -4  292  -45  )
( 32  -175  274  )
( -65  175  -268  )
( -203  -112  221  )
( -53  -6  -97  )
( -98  -61  54  )
( 275  229  -80  )
( 20  285  146  )
( 285  231  -294  )
( 243  64  -275  )
( -53  27  -274  )
( 224  146  101  )
( -44  -79  -14  )
( -254  -248  -106  )
( -56  -271  231  )
( 149  260  -75  )
( 253  266  -139  )
( -86  -244  -27  )
( 209  51  30  )
( -134  -161  -267  )
( 142  41  -284  )
( 12  44  40  )
( -141  223  -163  )
( 231  13  -144  )
( -59  182  298  )
( 85  182  230  )
( -160  -235  129  )
( 25  64  -294  )
( -289  -273  -147  )
( 200  -96  -19  )
( -258  154  121  )
( -176  -130  -25  )
( -242  115  -193  )
( 115  -299  298  )
( 33  -79  11  )
( 136  -72  142  )
( 142  92  101  )
( -176  152  -232  )
( 9  101  37  )
( 144  -266  -202  )
( -236  -245  278  )
( -39  42  171  )
( -272  32  -175  )
( 42  74  -83  )
( 77  169  276  )
( -84  -232  16  )
( -8  132  294  )
( -39  144  -154  )
( -4  163  53  )
( 133  28  38  )
( -74  -11  -160  )
( -102  187  -36  )
( 17  -58  202  )
( -106  -203  -28  )
( -8  299  49  )
( 256  -35  -7  )
( -220  38  163  )
( 98  171  225  )
( 277  -222  183  )
( -121  -115  -146  )
( -159  80  -133  )
( 185  -73  128  )
( -264  -3  -193  )
( -129  -126  -103  )
( -175  -52  109  )
( 252  -142  -140  )
( -165  -17  -136  )
( 88  297  118  )
( 213  197  -181  )
( -266  -36  70  )
( 19  74  223  )
( 295  -113  270  )
( 159  217  228  )
( -145  65  -236  )
( -144  194  -93  )
( 42  -130  179  )
( -172  194  -10  )
( -181  -141  -284  )
( -18  -167  -29  )
( -272  124  -41  )
( -184  -256  -228  )
( -198  -134  225  )
( 76  -220  -134  )
( 41  -298  77  )
( -204  -14  -275  )
( -60  191  -145  )
( -116  108  -283  )
( 80  -154  215  )
( -198  220  296  )
( 129  -46  239  )
( -234  287  -196  )
( -235  -262  243  )
( 128  105  69  )
( -3  67  -278  )
( -46  84  190  )
( -144  41  -253  )
( -231  297  -52  )
( -45  54  -243  )
( -279  134  24  )
( -241  90  -55  )
( -234  210  0  )
( 279  243  -132  )
( 62  -246  34  )
( -95  291  -2  )
( -133  -212  -96  )
( 221  -274  198  )
( -137  -68  -113  )
( -112  15  -104  )
( 205  199  -135  )
( 194  -29  -109  )
( -163  117  -143  )
( 89  -209  -36  )
( 123  -170  -215  )
( 82  162  128  )
( -158  -112  96  )
( 190  -251  -34  )
( -187  -183  168  )
( -288  156  253  )
( -159  113  -186  )
( 215  46  64  )
( 220  -229  -73  )
( -204  229  -131  )
( -71  122  292  )
( -55  -91  167  )
( -142  -181  164  )
( -203  -266  166  )
( -169  -171  24  )
( -41  -206  -276  )
( 228  145  -150  )
( 161  112  -81  )
( 113  125  199  )
( -6  -264  -180  )
( 68  -78  -115  )
( 162  -169  27  )
( -5  -34  166  )
( -278  191  -211  )
( 268  -27  170  )
( -102  231  251  )
( 141  66  -94  )
( -118  204  164  )
( 125  23  -28  )
( -16  239  -45  )
( 248  121  -49  )
( 80  139  176  )
( -17  -74  169  )
( -294  134  227  )
( -291  282  -161  )
( 159  130  298  )
( 227  -199  -277  )
( -16  2  25  )
( -7  -73  -176  )
( 208  178  132  )
( -135  -215  234  )
( 200  123  48  )
( -135  182  -74  )
( 238  -24  -66  )
( 28  129  167  )
( 53  145  69  )
( -212  -154  -135  )
( 293  260  31  )
( -177  12  292  )
( -35  16  39  )
( 231  60  -211  )
( -186  5  -159  )
( -56  89  -227  )
( -16  -11  -51  )
( 170  220  54  )
( 184  -4  144  )
( -286  -91  -74  )
( 267  -184  121  )
( -127  -69  272  )
( 255  -47  -16  )
( -2  -195  66  )
( 193  -164  -296  )
( 142  2  -125  )
( -127  -167  -77  )
( -1  22  -57  )
( 14  -166  264  )
( -141  296  -160  )
( -271  -142  252  )
( -204  292  -144  )
( -49  217  -125  )
( -198  -146  246  )
( -99  -280  -209  )
( -39  57  -158  )
( -133  189  58  )
( -223  -107  -48  )
( 182  0  162  )
( 17  158  -104  )
( -280  -87  279  )
( -242  37  28  )
( 258  37  -33  )
( 73  -142  140  )
( 244  -151  -266  )
( -195  182  -174  )
( 12  -299  64  )
( -46  -176  -296  )
( 151  75  -200  )
( -271  -50  -291  )
( -272  -244  132  )
( 2  -35  174  )
( -288  25  -177  )
( -40  -218  -255  )
( -200  11  -181  )
( -181  -195  249  )
( 162  -77  82  )
( -258  -218  -53  )
( -282  8  -31  )
( -167  -248  280  )
( -23  286  -256  )
( 65  265  -236  )
( -189  -56  292  )
( 180  230  228  )
( 221  -196  200  )
( -137  -60  -4  )
( 210  297  -54  )
( 137  179  153  )
( 72  76  -83  )
( -297  241  201  )
( 10  185  -177  )
( -18  165  255  )
( -277  -220  -40  )
( -176  288  5  )
( -110  -299  276  )
( 50  -74  -78  )
( -127  -55  -63  )
( 38  16  -53  )
( 68  182  179  )
( 15  3  32  )
( 36  5  -127  )
( -101  99  -136  )
( 177  -121  -72  )
( -164  -201  79  )
( -288  79  -93  )
( -259  83  -170  )
( -280  -58  -191  )
( 237  -195  224  )
( 183  272  276  )
( -21  208  204  )
( -198  -32  -0  )
( -41  -223  -238  )
( -88  -170  42  )
( 53  -23  -234  )
( 181  -177  -200  )
( 267  -212  297  )
( -150  -199  -29  )
( -201  212  -9  )
( 180  -232  295  )
( 139  -198  -142  )
( -133  -28  269  )
( -105  183  -148  )
( 158  130  -11  )
( -34  -81  223  )
( 120  -251  -276  )
( 58  -64  271  )
( 5  110  200  )
( 174  224  -208  )
( -203  -291  38  )
( -212  252  -40  )
( -77  -101  264  )
( -160  203  205  )
( -117  71  226  )
( 177  -245  -187  )
( -66  77  -260  )
( 63  46  -148  )
( -17  -200  91  )
( 107  64  217  )
( 203  90  298  )
( 3  74  -9  )
( -152  295  154  )
( 47  -126  -195  )
( 36  -10  114  )
( -7  248  99  )
( 247  16  105  )
( 63  38  -281  )
( 246  257  -2  )
( -29  122  293  )
( 128  262  -62  )
( -180  -229  109  )
( -124  287  -70  )
( 144  -281  -168  )
( 138  5  56  )
( 178  47  233  )
( 295  -212  102  )
( 212  55  114  )
( -177  238  89  )
( -85  251  -65  )
( -71  13  25  )
( -283  -248  154  )
( 0  -95  236  )
( -279  124  160  )
( 225  246  -220  )
( -145  -53  99  )
( -149  90  131  )
( 106  -132  148  )
( 2  -35  160  )
( 11  27  29  )
( 245  278  -22  )
( 293  -193  -111  )
( -24  54  292  )
( -284  93  -29  )
( 165  -3  95  )
( -215  -50  -294  )
( -197  252  84  )
( -76  275  209  )
( 241  -150  141  )
( -202  -80  -185  )
( 50  -162  -82  )
( -242  263  -192  )
( -209  43  -148  )
( 181  216  -154  )
( -79  -125  25  )
( 199  24  266  )
( -282  -188  163  )
( -133  -275  -88  )
( 167  -246  236  )
( 26  -251  147  )
( 164  -281  -220  )
( 81  -86  -241  )
( 142  -96  8  )
( 57  1  157  )
( 139  90  0  )
( 126  -248  32  )
( -189  -30  199  )
( -241  -36  -17  )
( 119  -77  138  )
( -277  234  57  )
( 271  -219  99  )
( 221  85  32  )
( 94  277  -140  )
( -30  -171  204  )
( -277  252  -222  )
( 140  -258  227  )
( -233  -125  -297  )
( 118  -156  -93  )
( -228  139  -117  )
( -84  -192  66  )
( -177  299  -246  )
( -87  103  -290  )
( -79  232  114  )
( -94  240  292  )
( 191  277  -19  )
( 213  -135  -268  )
( 280  -78  200  )
( 296  -39  33  )
( 1  -225  64  )
( -80  -121  43  )
( -185  273  -150  )
( -24  -73  -194  )
( -105  4  293  )
( -267  -62  -97  )
( 298  -239  145  )
( 106  130  241  )
( 200  -214  18  )
( 16  20  260  )
( -247  263  -229  )
( 175  -48  -169  )
( 295  170  151  )
( 220  36  -113  )
( -295  130  -32  )
( 134  -177  -276  )
( -10  95  281  )
( 169  -7  26  )
( -109  -204  163  )
( -78  -223  -221  )
( 101  -169  58  )
( -69  93  235  )
( 255  -246  49  )
( 115  90  -214  )
( -66  51  147  )
( 153  169  -158  )
( -85  107  -124  )
( 91  74  39  )
( 13  -115  5  )
( 93  0  -298  )
( -229  165  122  )
( 124  -169  233  )
( -287  48  -250  )
( 166  68  -154  )
( 193  -152  63  )
( 50  -175  -138  )
( 260  18  -41  )
( -248  162  -201  )
( 101  -225  -274  )
( -248  -207  -5  )
( -250  220  116  )
( 135  -86  -160  )
( -29  117  -52  )
( -88  226  -65  )
( 111  79  -151  )
( 38  227  96  )
( -158  65  -7  )
( -2  -233  211  )
( -90  -279  235  )
( 241  -53  109  )
( 210  -22  -117  )
( -168  252  -164  )
( -237  210  -3  )
( 193  142  292  )
( 271  149  -190  )
( 294  268  -286  )
( 94  126  163  )
( -8  100  98  )
( 70  -37  -12  )
( 64  -100  1  )
( -39  -166  -94  )
( -280  -68  -20  )
( 183  -25  136  )
( -241  -26  -223  )
( 65  253  -276  )
( -116  163  228  )
( 263  -239  -73  )
( 39  34  -235  )
( 135  -85  74  )
( -253  48  236  )
( 100  -110  -292  )
( -159  284  71  )
( 26  -128  -214  )
( 183  -24  -84  )
( -99  219  -50  )
( -160  -244  -94  )
( 241  -73  163  )
( -293  -112  -103  )
( -72  240  -44  )
( -231  62  51  )
( -150  -193  67  )
( -0  -226  -172  )
( -225  246  114  )
( 131  62  43  )
( 146  -192  -67  )
( 204  -127  111  )
( -213  11  -85  )
( 16  -138  -122  )
( 9  258  -27  )
( 27  156  40  )
( 103  -146  193  )
( 289  215  177  )
( -136  -184  -28  )
( -253  4  58  )
( -35  -7  16  )
( 127  280  292  )
( 19  53  216  )
( -35  175  -39  )
( 75  -22  128  )
( -228  -109  289  )
( -105  -34  29  )
( 20  -249  -288  )
( -227  125  276  )
( -182  134  47  )
( 194  213  291  )
( -17  -120  -57  )
( -97  -215  -281  )
( 156  -247  -63  )
( -93  71  -67  )
( 222  -109  177  )
( 146  -190  272  )
( -255  -200  -113  )
( 253  -126  20  )
( 201  -286  223  )
( 188  -184  123  )
( -227  -199  -283  )
( 23  271  -97  )
( -124  289  -46  )
( -82  110  89  )
( -1  63  203  )
( -185  36  -276  )
( 72  -238  -278  )
( 2  197  164  )
( 48  13  -70  )
( 15  -170  71  )
( -180  65  92  )
( 114  -122  71  )
( 204  5  -80  )
( 230  -64  74  )
( 274  -67  -271  )
( 142  -271  -215  )
( -184  222  -113  )
( 214  -215  -219  )
( 24  196  -41  )
( 258  -215  -218  )
( 240  -289  -209  )
( -33  247  164  )
( -35  -110  197  )
( -134  33  -238  )
( -241  -143  -276  )
( -19  -154  -89  )
( 153  -110  154  )
( -140  134  -221  )
( 86  187  113  )
( 29  -253  -298  )
( -280  -233  158  )
( 297  244  -232  )
( 283  197  199  )
( -218  -8  -131  )
( -274  173  286  )
( -16  -197  -147  )
( -77  285  236  )
( -22  -168  -218  )
( 64  -152  -294  )
( -132  176  -166  )
( 239  -282  297  )
( 97  -187  141  )
( -37  -173  195  )
( 76  -81  53  )
( 115  96  35  )
( -26  -137  279  )
( 213  -175  283  )
( -244  126  -156  )
( -210  -280  -285  )
( 69  258  223  )
( -204  -1  -178  )
( -294  42  161  )
( 170  -125  275  )
( 24  -226  -292  )
( 139  239  161  )
( 291  -77  88  )
( -106  190  134  )
( -55  204  221  )
( 164  277  67  )
( -104  154  59  )
( 3  -84  -167  )
( -77  -96  -187  )
( 272  -99  -35  )
( 98  180  -222  )
( -61  172  -250  )
( -75  196  58  )
( 186  -287  -184  )
( -133  246  158  )
( -175  -193  56  )
( -268  192  122  )
( -113  -149  119  )
( -149  -25  273  )
( -273  -174  111  )
( -57  171  226  )
( -8  291  15  )
( 241  -45  142  )
( -29  -192  82  )
( 274  -185  154  )
( 87  -257  12  )
( 250  -196  -96  )
( -53  -126  79  )
( 48  287  -191  )
( -128  -274  144  )
( -225  -26  9  )
( 68  102  -218  )
( -69  -222  -249  )
( 79  140  197  )
( -92  -265  -134  )
( 269  63  -217  )
( -134  37  199  )
( -68  250  -272  )
( 284  175  -199  )
( -277  -41  190  )
( -246  137  209  )
( 113  260  115  )
( 50  197  263  )
( -43  164  -263  )
( -134  -29  287  )
( -299  -106  50  )
( 76  -299  272  )
( -18  89  287  )
( 87  1  -182  )
( -28  249  -31  )
( -289  -241  -122  )
( 229  50  -279  )
( 41  275  111  )
( -240  -223  44  )
( 122  -218  -95  )
( 122  -150  286  )
( 59  -161  -78  )
( -248  109  183  )
( -73  -281  265  )
( -3  -101  188  )
( -102  259  -36  )
( -249  202  207  )
( -79  -138  -54  )
( -180  -88  -154  )
( 253  -77  248  )
( 230  57  -227  )
( 224  -245  139  )
( -41  72  -205  )
( -218  187  -57  )
( -110  -56  -127  )
( -88  -99  74  )
( 70  -65  -145  )
( 294  -291  -182  )
( -241  191  163  )
( -211  -240  187  )
( -142  17  257  )
( 163  93  -104  )
( -73  -98  87  )
( -5  -247  -212  )
( -291  -51  -49  )
( -248  43  -71  )
( 278  157  -205  )
( 129  245  70  )
( 173  -175  104  )
( 230  199  -138  )
( -288  -135  -219  )
( -96  229  -166  )
( -118  207  245  )
( -161  90  -54  )
( -150  21  -217  )
( 155  175  99  )
( -269  -275  123  )
( -207  -270  -91  )
( 141  -21  -216  )
( 74  -266  -78  )
( 98  213  -153  )
( 115  -151  147  )
( -98  54  -125  )
( -91  -209  251  )
( 120  133  8  )
( 33  11  -129  )
( 95  69  148  )
( 161  -233  134  )
( 186  -46  254  )
( -185  -120  -181  )
( -34  -54  -81  )
( -114  -289  257  )
( 193  297  279  )
( -26  97  182  )
( 31  291  72  )
( -237  195  124  )
( -169  -75  187  )
( 96  138  -210  )
( 70  -258  -44  )
( 201  12  171  )
( -166  -213  13  )
( -4  168  1  )
( 263  -99  -170  )
( 53  207  -193  )
( -79  201  158  )
( -132  -180  294  )
( -261  203  -270  )
( -194  229  117  )
( -229  79  35  )
( -97  -30  -15  )
( 245  280  -154  )
( -197  -125  -164  )
( 229  -283  -179  )
( 180  -264  164  )
( 37  -159  257  )
( 265  225  87  )
( -118  183  -44  )
( 88  249  -97  )
( -70  109  160  )
( -108  90  -273  )
( 29  -179  135  )
( -288  -78  194  )
( 213  -52  105  )
( 45  -234  -67  )
( 186  224  -107  )
( -153  -289  270  )
( 174  124  202  )
( 6  180  -69  )
( 284  -189  107  )
( -270  -100  81  )
( -217  -234  -106  )
( 124  199  25  )
( -31  153  214  )
( 224  186  75  )
( -3  -267  -223  )
( -128  -194  -19  )
( 123  82  132  )
( -19  210  183  )
( 194  -76  133  )
( 81  -76  266  )
( 258  -278  106  )
( 196  217  284  )
( 120  -279  -95  )
( -39  -216  68  )
( 3  -142  -298  )
( 235  101  141  )
( 131  221  31  )
( 270  -142  -271  )
( -97  -213  -19  )
( 28  43  -234  )
( 120  167  -268  )
( -32  13  31  )
( 51  36  -187  )
( 85  -28  226  )
( -68  -112  52  )
( 215  42  97  )
( 34  6  -152  )
( -93  -299  170  )
( 82  174  -264  )
( -261  -9  34  )
( 42  263  119  )
( 168  -106  292  )
( -37  -240  -265  )
( -170  147  178  )
( -256  5  238  )
( -47  -289  262  )
( 72  -239  -295  )
( 75  105  87  )
( 183  27  236  )
( 21  0  162  )
( 177  -55  46  )
( -113  -212  177  )
( 98  -256  249  )
( -59  32  -103  )
( -51  -85  -191  )
( 188  -207  -111  )
( 286  173  244  )
( 18  4  -201  )
( -168  60  -261  )
( -5  -39  -229  )
( 37  -285  48  )
( 143  -175  184  )
( -173  118  234  )
( -153  -95  139  )
( 162  -270  -30  )
( 71  282  -107  )
( -156  130  248  )
( 0  229  40  )
( -152  290  -139  )
( 206  -145  265  )
( -1  -294  91  )
( 267  165  120  )
( -151  222  -185  )
( 226  -230  235  )
( -155  -221  -231  )
( -173  -124  11  )
( 116  257  280  )
( 158  174  -31  )
( 92  123  -279  )
( 298  -27  -172  )
( -64  -182  291  )
( -227  -208  -279  )
( -48  283  286  )
( -229  140  202  )
( 144  -95  -118  )
( -134  48  -238  )
( 191  137  -215  )
( -179  71  102  )
( -136  174  -297  )
( -278  -137  -224  )
( -256  -91  -66  )
( -231  -284  -165  )
( -292  -230  -203  )
( -73  245  22  )
( 80  -48  -294  )
( -259  137  -102  )
( 87  167  -45  )
( -52  156  -24  )
( 97  192  -26  )
( 243  -46  -51  )
( -142  -256  213  )
( 202  132  38  )
( -197  72  198  )
( -62  38  -202  )
( -243  -60  28  )
( 2  18  -71  )
( -8  88  154  )
( -281  108  -177  )
( 138  15  81  )
( 142  28  -69  )
( -250  -48  57  )
( 140  247  244  )
( -217  54  8  )
( -102  138  -198  )
( 291  -290  -285  )
( -62  195  -45  )
( 153  -94  -49  )
( -110  -84  31  )
( -186  137  106  )
( -249  -138  286  )
( -279  -124  82  )
( 279  -13  158  )
( -166  152  150  )
( -37  215  -221  )
( 227  -30  -208  )
( -253  -115  266  )
( 94  53  -55  )
( -199  214  35  )
( 12  19  -128  )
( -54  -286  250  )
( -236  -78  -231  )
( 72  277  -77  )
( 123  38  177  )
( -227  -23  -9  )
( 289  148  113  )
( 170  182  94  )
( -165  1  263  )
( -247  -256  296  )
( 202  6  21  )
( 288  31  149  )
( 4  -49  -19  )
( 69  -24  -79  )
( -22  7  70  )
( 205  252  148  )
( 98  -129  49  )
( 288  169  213  )
( 276  127  -232  )
( 187  -232  0  )
( -289  92  140  )
( 277  78  114  )
( -293  53  93  )
( -157  259  -219  )
( 171  -57  145  )
( -292  -12  -230  )
( -112  -224  85  )
( -53  110  64  )
( -118  131  -93  )
( -37  255  -94  )
( 232  -6  33  )
( -244  246  14  )
( -234  -248  -46  )
( 107  -19  280  )
( -285  237  -83  )
( 136  -198  46  )
( 150  124  -27  )
( 190  68  158  )
( -178  200  187  )
( -20  119  -93  )
( -221  83  -65  )
( 299  -187  -62  )
( 155  -205  129  )
( 91  -212  -7  )
( 258  208  58  )
( -69  167  -112  )
( -276  131  83  )
( -296  147  -116  )
( -58  23  -87  )
( -198  59  -166  )
( 95  -230  -287  )
( 217  -247  -12  )
( -204  -116  101  )
( -278  -111  -192  )
( -195  -268  -61  )
( -213  -260  -114  )
( -219  218  -165  )
( -154  -151  220  )
( 73  219  -38  )
( 24  -6  205  )
( 277  8  -20  )
( 214  181  -47  )
( -241  16  88  )
( -22  102  -90  )
( -144  -235  272  )
( 38  -39  196  )
( -71  236  -21  )
( -15  220  -132  )
( 56  104  -201  )
( 256  149  33  )
( -31  131  -50  )
( -176  -272  120  )
( -184  209  -297  )
( 31  106  -6  )
( -274  -272  -244  )
( 83  -144  198  )
( 299  227  -129  )
( 207  31  157  )
( 102  219  -265  )
( 257  33  -171  )
( 72  76  20  )
( -271  24  237  )
( -206  -181  251  )
( -166  -186  -132  )
( 247  60  43  )
( -236  -293  26  )
( 90  132  -192  )
( -282  224  -217  )
( -115  -194  68  )
( 183  111  88  )
( 87  214  -244  )
( -223  176  51  )
( 217  48  -154  )
( -149  -200  -36  )
( 72  88  248  )
( -286  271  53  )
( 246  -254  -293  )
( 257  204  -175  )
( -244  183  -6  )
( -125  -54  159  )
( -188  184  100  )
( -289  -240  28  )
( 202  37  -150  )
( 45  272  64  )
( 126  -5  -216  )
( -277  288  37  )
( 34  -150  46  )
( -147  0  -131  )
( 103  -64  -181  )
( -215  112  -196  )
( 198  -145  -218  )
( 24  62  -167  )
( -134  179  72  )
( -107  237  -109  )
( -140  163  -55  )
( -212  152  184  )
( -264  -37  196  )
( -8  -120  -147  )
( -169  52  148  )
( -64  42  233  )
( 9  145  -176  )
