( 1  151  -70  )
( 275  -271  -148  )
( -145  121  113  )
( -142  89  44  )
( 60  -124  253  )
( 264  -63  147  )
( 223  -227  203  )
( -36  45  288  )
( 5  249  -8  )
( 195  246  -230  )
( 53  -264  -174  )
( -81  -72  73  )
( 295  223  -14  )
( -176  237  -165  )
( -108  -202  -68  )
( -54  -131  295  )
( 151  -281  -68  )
( -220  124  164  )
( -199  272  -285  )
( 229  161  126  )
( 6  -217  143  )
( -139  -73  18  )
( 148  26  -194  )
( -92  100  61  )
( 268  -63  -28  )
( -92  -200  63  )
( -124  -56  42  )
( -232  -29  -272  )
( 83  -191  -28  )
( 87  277  237  )
( 111  -115  -283  )
( 201  110  -149  )
( 128  103  -98  )
( -239  152  275  )
( -169  235  -283  )
( 248  46  -33  )
( -67  80  -38  )
( -90  261  -149  )
( 25  -250  -114  )
( -227  277  -3  )
( -148  125  17  )
( 81  -196  248  )
( -148  46  -261  )
( 294  264  273  )
( 258  180  139  )
( 170  -17  -53  )
( 211  -93  157  )
( 136  -81  -78  )
( -234  -117  212  )
( 101  -164  254  )
( 29  -258  -252  )
( -243  -57  102  )
( -76  218  94  )
( 232  -217  94  )
( -164  -273  92  )
( -267  -252  -171  )
( 187  -124  294  )
( 138  -206  -198  )
( -77  18  236  )
( 164  281  -133  )
( -208  266  -156  )
( -4  -279  -249  )
( 141  -2  -189  )
( -284  -11  -182  )
( 226  -178  -188  )
( 166  290  162  )
( -144  26  -21  )
( -103  189  -182  )
( 92  -162  20  )
( -220  -102  -76  )
( 117  106  149  )
( 123  -253  186  )
( -213  -46  225  )
( 109  -179  -200  )
( 89  -32  -156  )
( -183  88  -210  )
( 46  -235  174  )
( -144  -83  72  )
( -253  -137  -78  )
( 256  -116  192  )
( -194  253  -175  )
( -215  246  -25  )
( 15  294  -31  )
( -261  95  -243  )
( 180  235  -96  )
( 166  -84  -230  )
( 234  -46  90  )
( -59  -39  25  )
( 236  163  -205  )
( 125  -206  -249  )
( 290  199  283  )
( -16  -57  -251  )
( -175  -234  -77  )
( -271  -241  286  )
( -123  -90  65  )
( -118  274  -146  )
( -230  -125  -199  )
( 182  -17  292  )
( 80  114  -290  )
( 256  -30  -146  )
( -95  232  111  )
( -211  -210  -71  )
( -32  -276  52  )
( 197  66  -268  )
( 112  85  247  )
( 159  -77  261  )
( -103  250  -106  )
( 260  83  90  )
( 189  219  -198  )
( -187  -93  -188  )
( -82  -175  198  )
( 15  188  90  )
( 42  149  -72  )
( 87  -163  200  )
( -172  93  275  )
( 56  -284  137  )
( 187  107  -23  )
( 158  241  46  )
( -140  126  107  )
( 236  -251  -96  )
( 293  -246  158  )
( 226  -285  -282  )
( 69  5  245  )
( 246  -176  -297  )
( 274  -65  -85  )
( 25  -14  -278  )
( 100  284  -206  )
( -254  87  26  )
( -254  56  231  )
( -298  -192  10  )
( -210  -162  -297  )
( 179  -77  168  )
( 278  -260  271  )
( 283  23  170  )
( 99  1  -269  )
( 196  50  240  )
( 121  235  -232  )
( -266  -104  -127  )
( -91  193  -272  )
( 63  223  -67  )
( 257  69  -222  )
( -85  -212  294  )
( -180  270  -144  )
( -128  235  187  )
( -180  109  207  )
( -247  -68  280  )
( -34  26  -69  )
( 121  -51  243  )
( 134  -220  195  )
( -99  -1  -192  )
( -38  -256  -83  )
( 105  297  -122  )
( 97  -233  -74  )
( -235  -143  268  )
( -207  285  -77  )
( -107  276  202  )
( -298  -13  22  )
( 73  -60  -89  )
( 232  128  72  )
( 147  -131  -72  )
( -285  259  -250  )
( 138  287  91  )
( 274  240  -281  )
( -218  -108  -25  )
( -22  -295  -69  )
( 242  -124  -86  )
( 212  -208  -50  )
( -127  -232  -115  )
( 99  -291  -259  )
( -138  -274  242  )
( -164  -120  256  )
( -210  295  -247  )
( -51  115  -55  )
( 289  -233  -97  )
( 21  35  279  )
( -47  -183  269  )
( -50  267  216  )
( 136  230  59  )
( 297  -2  -152  )
( -279  164  217  )
( 63  163  117  )
( -37  171  -94  )
( 98  263  -211  )
( 235  -183  -85  )
( -135  -183  -45  )
( -92  -159  96  )
( -139  -50  45  )
( 179  49  185  )
( -51  -191  -243  )
( 135  -188  -144  )
( 196  25  156  )
( 176  -167  -200  )
( -131  82  7  )
( -276  82  11  )
( 146  242  215  )
( -72  -274  -184  )
( 36  202  -63  )
( 24  170  217  )
( 13  133  -195  )
( 218  198  276  )
( -2  -158  81  )
( 286  -188  89  )
( -29  -15  -104  )
( -289  75  -137  )
( 91  -171  -228  )
( 4  165  -198  )
( -183  15  -227  )
( -4  -280  93  )
( 283  -80  -118  )
( 64  -277  145  )
( -217  209  53  )
( -97  -60  -88  )
( -198  -229  -286  )
( -157  -293  220  )
( 37  111  123  )
( -28  -106  -132  )
( 105  249  236  )
( -199  -164  -66  )
( -76  -95  -91  )
( 184  249  264  )
( 217  16  264  )
( -299  -89  68  )
( -73  295  186  )
( 141  239  -146  )
( 81  -23  100  )
( -115  -55  225  )
( 72  161  -176  )
( 190  29  -82  )
( 83  146  -117  )
( 209  267  290  )
( 7  261  -297  )
( 281  137  -121  )
( -260  -40  131  )
( -127  -111  93  )
( -55  -87  -163  )
( 180  80  -258  )
( -112  210  -291  )
( 37  219  -120  )
( 12  91  50  )
( 234  -22  -166  )
( 274  -79  -218  )
( 263  9  294  )
( 154  -4  -165  )
( 224  -102  -255  )
( -91  256  226  )
( -19  38  -209  )
( 10  -16  -183  )
( -219  -280  299  )
( -139  -66  260  )
( 126  -81  -177  )
( -164  -239  213  )
( -254  51  24  )
( 136  -294  279  )
( -60  -102  -38  )
( 181  156  -296  )
( 204  88  -156  )
( -2  -3  253  )
( -64  -275  -256  )
( 246  -293  -232  )
( 204  -69  143  )
( 273  -213  -129  )
( -139  49  -4  )
( -46  -279  -18  )
( -214  -263  -96  )
( 47  -152  241  )
( 229  -12  -113  )
( 81  -120  181  )
( -22  162  105  )
( 204  0  93  )
( -12  -61  -178  )
( -96  -238  90  )
( -91  238  42  )
( 8  -285  257  )
( 15  162  -167  )
( -173  -234  -166  )
( 298  196  -15  )
( -13  154  -11  )
( -288  -58  -79  )
( -109  14  -246  )
( 90  -147  -71  )
( 87  -82  -236  )
( -230  96  -97  )
( 60  75  208  )
( -160  216  199  )
( -49  -275  158  )
( 44  234  202  )
( 88  -131  203  )
( -185  230  -220  )
( 54  -215  48  )
( -291  72  245  )
( 28  298  -83  )
( -50  27  -249  )
( -60  196  -14  )
( -193  161  -173  )
( 81  189  63  )
( -234  200  20  )
( 102  -195  -197  )
( -45  187  264  )
( 91  -187  -15  )
( 268  53  222  )
( -162  271  -42  )
( 206  -137  18  )
( 24  -18  -276  )
( -262  261  -247  )
( -53  5  -256  )
( -28  296  5  )
( 209  -3  -293  )
( 190  181  -197  )
( 283  -40  -118  )
( 278  20  166  )
( -249  -161  -22  )
( -52  -280  -18  )
( 4  -130  -156  )
( -174  -15  65  )
( 120  284  65  )
( -34  37  151  )
( 224  -231  209  )
( -160  192  289  )
( 282  55  169  )
( 111  168  -9  )
( -289  -94  189  )
( -172  -93  144  )
( 82  -52  -283  )
( 181  92  127  )
( 90  172  145  )
( 134  -233  114  )
( -108  95  -84  )
( -178  157  -265  )
( 224  -41  250  )
( -119  -2  78  )
( 268  115  -225  )
( -237  149  -290  )
( -16  -105  -33  )
( -282  55  -116  )
( -189  -232  172  )
( 228  -244  61  )
( 164  226  -260  )
( -56  250  69  )
( -102  36  296  )
( 288  256  -198  )
( -180  -148  208  )
( -120  -109  -55  )
( -123  84  -296  )
( 46  -33  -213  )
( 214  72  -205  )
( 156  -292  222  )
( 24  -227  -73  )
( -274  172  -267  )
( -13  36  -93  )
( -249  175  -146  )
( 176  120  -245  )
( -120  -132  23  )
( 87  -192  -283  )
( 73  -293  222  )
( 112  -249  -179  )
( -161  243  -277  )
( 289  53  131  )
( -158  -294  -175  )
( 27  156  67  )
( -266  -277  -68  )
( -177  131  133  )
( 63  74  -138  )
( 218  -4  53  )
( 267  -13  68  )
( -3  -6  -15  )
( -201  260  -225  )
( 109  150  141  )
( -218  115  109  )
( 155  85  130  )
( -22  61  -31  )
( 188  260  -264  )
( 189  -276  -225  )
( -249  -221  -117  )
( -95  110  218  )
( 286  -212  129  )
( 80  -299  -187  )
( 161  39  -255  )
( -53  150  37  )
( 229  263  169  )
( 133  -93  41  )
( -196  -269  114  )
( 214  171  55  )
( 208  -135  -181  )
( 204  54  -74  )
( 49  211  -203  )
( -75  -97  64  )
( -23  50  221  )
( -133  296  2  )
( 278  -168  -19  )
( -130  133  168  )
( 280  -196  -241  )
( -123  207  -124  )
( 139  -54  41  )
( -167  -173  249  )
( -122  -229  -116  )
( -276  -272  245  )
( -17  18  183  )
( 53  171  -57  )
( -284  21  -286  )
( -201  129  -38  )
( 1  75  -185  )
( -156  -30  252  )
( -107  150  266  )
( 226  -172  9  )
( 194  196  -32  )
( -132  101  -244  )
( 92  69  101  )
( 133  160  18  )
( 241  -63  -84  )
( 270  212  -160  )
( -30  188  -285  )
( -200  14  -292  )
( 170  43  -81  )
( -170  22  217  )
( 291  -29  264  )
( 53  55  97  )
( 189  262  209  )
( -22  54  11  )
( -14  42  -223  )
( 9  22  195  )
( -24  -131  29  )
( 93  -56  -8  )
( -141  171  148  )
( -222  77  6  )
( 23  36  283  )
( -40  184  91  )
( 191  153  134  )
( 50  -92  -270  )
( -153  21  -25  )
( 134  -79  -48  )
( -0  -62  -127  )
( -139  -91  -262  )
( 246  111  90  )
( -43  274  62  )
( -11  212  15  )
( 114  -151  -49  )
( -163  211  233  )
( -107  133  220  )
( -194  204  107  )
( 288  -252  -193  )
( -247  -219  83  )
( -33  58  26  )
( -229  90  -241  )
( 166  -200  198  )
( 65  -218  -79  )
( -76  297  -85  )
( 96  273  -91  )
( 138  -128  -126  )
( -169  290  -183  )
( 277  -86  -240  )
( -5  186  -132  )
( 27  183  201  )
( -179  22  116  )
( -186  -237  -137  )
( -220  176  157  )
( 231  -248  205  )
( 249  -73  -99  )
( -7  284  -55  )
( 278  256  110  )
( -95  130  284  )
( 218  -20  243  )
( -185  210  160  )
( 272  152  42  )
( -220  -283  113  )
( 10  -69  -260  )
( -48  232  -157  )
( -76  -19  -2  )
( 264  275  -75  )
( -103  124  248  )
( 208  -66  -238  )
( 261  136  -244  )
( -289  136  230  )
( -166  77  -218  )
( 245  168  18  )
( 36  -147  217  )
( -129  -28  247  )
( 107  -141  -236  )
( 233  106  -44  )
( -282  156  232  )
( 138  200  269  )
( -85  214  -60  )
( -69  -246  281  )
( 152  -12  -288  )
( -72  -254  58  )
( 258  -233  82  )
( -252  49  167  )
( -4  89  254  )
( -234  -268  57  )
( -156  -276  278  )
( 103  -242  282  )
( 248  -232  176  )
( 260  -73  -193  )
( -226  224  69  )
( 186  36  -102  )
( 114  290  -86  )
( 122  -103  -121  )
( 101  -184  -84  )
( 260  -291  73  )
( 100  211  -201  )
( 158  36  83  )
( -81  204  -42  )
( 228  -165  -252  )
( 48  169  14  )
( 232  47  -80  )
( 52  -15  69  )
( -67  190  107  )
( 262  -257  147  )
( 87  -142  118  )
( -21  271  -0  )
( 0  286  154  )
( -251  31  253  )
( -194  284  -281  )
( 226  -247  6  )
( -227  -230  102  )
( 87  -160  -292  )
( -144  187  209  )
( -34  -135  8  )
( -3  -294  -141  )
( 190  -54  90  )
( 202  -89  -113  )
( -41  84  -17  )
( -255  -32  21  )
( 177  43  88  )
( 94  -245  -158  )
( 274  216  -289  )
( 232  -246  207  )
( -25  37  -87  )
( -280  -269  186  )
( 61  34  -62  )
( 72  44  -292  )
( -204  -180  5  )
( 297  115  56  )
( 146  -70  -166  )
( -19  -295  -279  )
( -218  -250  -44  )
( -113  -80  -199  )
( 99  -194  48  )
( -223  57  -124  )
( -66  160  -281  )
( -162  -51  249  )
( -279  157  -79  )
( -258  79  -209  )
( 20  -158  -264  )
( -237  137  -65  )
( 61  74  187  )
( -57  202  59  )
( -165  -272  70  )
( -60  256  -92  )
( 5  279  66  )
( -242  -299  -298  )
( -26  140  127  )
( -273  -13  77  )
( 114  -204  87  )
( -109  32  -179  )
( -204  -23  46  )
( 110  -159  85  )
( -187  12  -79  )
( -158  250  -256  )
( 57  -237  133  )
( -128  -232  10  )
( -48  217  -179  )
( -19  288  129  )
( -5  265  -181  )
( -173  267  -87  )
( 125  150  8  )
( -242  -143  274  )
( -35  277  297  )
( -212  -282  -160  )
( -167  -259  60  )
( -122  -41  -55  )
( -31  40  -192  )
( -205  288  -209  )
( 69  236  230  )
( -196  131  68  )
( -184  109  -299  )
( -243  -99  -276  )
( -238  44  175  )
( -265  40  27  )
( -28  169  -151  )
( 247  -50  0  )
( 292  188  52  )
( -53  241  -263  )
( 253  -13  91  )
( 5  -161  -97  )
( -49  105  -212  )
( -39  -162  272  )
( 148  150  62  )
( 261  -187  51  )
( -142  83  -187  )
( -58  -79  -281  )
( 272  -36  49  )
( -140  128  159  )
( 239  -264  -126  )
( -114  35  -153  )
( -78  250  -173  )
( -228  109  -70  )
( 159  -143  -130  )
( 142  4  87  )
( -105  -62  86  )
( 188  83  -115  )
( -64  136  201  )
( -67  -103  143  )
( -11  -221  249  )
( 123  125  -6  )
( 38  -206  174  )
( -297  123  -196  )
( -86  -36  -122  )
( -117  -202  -147  )
( -2  -54  -36  )
( -74  -27  -202  )
( -23  -33  267  )
( 15  250  194  )
( -218  -34  -189  )
( -150  254  -41  )
( 249  -130  248  )
( -83  63  -49  )
( 293  75  242  )
( -261  74  295  )
( 216  115  -122  )
( 49  -276  -155  )
( 207  81  4  )
( -34  215  -98  )
( 76  -66  -0  )
( 240  -117  -252  )
( 250  -6  231  )
( -98  62  64  )
( 216  -157  -113  )
( 234  79  199  )
( 222  138  -177  )
( 205  211  -267  )
( 240  -39  147  )
( -254  184  180  )
( 57  -224  -32  )
( 2  -243  55  )
( -192  155  -55  )
( -281  -20  -165  )
( -230  279  140  )
( 133  268  261  )
( -131  217  152  )
( 162  12  75  )
( 41  247  -22  )
( 245  -275  89  )
( 18  -292  145  )
( -250  -72  145  )
( -64  96  124  )
( 249  283  -145  )
( -228  -46  -69  )
( 232  12  240  )
( 245  248  -179  )
( 108  258  82  )
( -228  -270  -122  )
( -45  260  259  )
( 59  -97  -202  )
( 251  -21  263  )
( 124  -212  140  )
( 258  -90  166  )
( 247  -131  -47  )
( 185  -200  162  )
( -205  207  -143  )
( 281  160  282  )
( -43  32  135  )
( 104  -168  155  )
( 198  209  -298  )
( 92  -69  0  )
( 191  294  -29  )
( 270  -295  -141  )
( 85  -84  169  )
( 107  -271  270  )
( 257  84  80  )
( 20  -144  -104  )
( -144  160  -177  )
( -59  9  54  )
( -274  96  294  )
( 182  243  -256  )
( -157  235  -292  )
( -171  16  281  )
( -259  -42  -7  )
( 175  -61  80  )
( -9  -77  255  )
( -98  -216  -140  )
( -24  -185  192  )
( 163  286  -114  )
( 130  59  102  )
( 228  202  -234  )
( 189  280  107  )
( -72  180  250  )
( -284  221  275  )
( -189  -159  -215  )
( 145  50  -113  )
( 139  61  101  )
( 280  -211  286  )
( 9  -178  -127  )
( -37  133  -90  )
( 185  252  -28  )
( -112  -123  -0  )
( 75  -213  247  )
( -142  -82  110  )
( 191  -172  88  )
( 114  -141  -20  )
( 163  174  295  )
( 182  -83  210  )
( -172  56  53  )
( -171  -117  167  )
( -267  194  -258  )
( -216  -205  166  )
( 86  0  -45  )
( -192  268  -29  )
( -54  -242  232  )
( 168  -114  -67  )
( -251  73  96  )
( -88  -158  85  )
( 56  -76  111  )
( -126  -85  -272  )
( 74  28  285  )
( -89  125  285  )
( 170  135  118  )
( 53  187  265  )
( 45  -236  176  )
( 298  -138  -108  )
( -165  28  3  )
( -123  -202  -299  )
( 179  -265  -181  )
( -225  6  260  )
( 247  33  -191  )
( 256  -40  260  )
( -241  -164  237  )
( -197  -141  234  )
( -221  -207  -273  )
( 85  29  -258  )
( -125  -110  -78  )
( -13  -198  134  )
( 58  171  115  )
( -4  -161  -227  )
( -83  -94  103  )
( -92  295  165  )
( 17  -120  260  )
( -265  281  290  )
( 162  -165  158  )
( 191  -241  -168  )
( 113  294  -149  )
( -4  -298  231  )
( 172  -122  42  )
( -109  -35  -211  )
( 89  92  -176  )
( -137  -288  -153  )
( -157  106  273  )
( -212  20  -94  )
( -49  23  -185  )
( 217  177  -234  )
( -100  -7  -14  )
( 128  -200  -31  )
( -287  -266  0  )
( 263  76  189  )
( -213  92  254  )
( 178  -230  63  )
( -180  238  -215  )
( 92  185  -213  )
( -77  -196  80  )
( -170  -289  12  )
( 236  -238  283  )
( -22  -254  37  )
( 181  -207  93  )
( -126  56  -161  )
( -71  -217  -241  )
( 175  -156  -46  )
( 199  -154  53  )
( 121  -123  -189  )
( 51  -147  -5  )
( -223  -211  -287  )
( -216  92  -88  )
( -296  -238  6  )
( -240  112  31  )
( 61  -235  109  )
( 204  -224  -198  )
( -108  -282  -122  )
( 137  16  -211  )
( -12  -269  235  )
( 40  222  203  )
( 150  78  -149  )
( 45  277  135  )
( -288  -126  -258  )
( -196  -242  130  )
( 21  -182  168  )
( 56  22  77  )
( 250  229  223  )
( -196  -8  -113  )
( 35  129  -152  )
( -107  -48  -163  )
( -1  100  -27  )
( -96  250  -112  )
( -215  125  -176  )
( -180  -114  19  )
( -13  79  -102  )
( -15  207  -257  )
( -281  147  -62  )
( -26  46  50  )
( -155  -8  -194  )
( 127  -171  112  )
( 229  -255  178  )
( -58  47  161  )
( -277  -71  -73  )
( -81  199  24  )
( 283  0  -145  )
( 130  -299  19  )
( 113  -238  -197  )
( 264  -244  -54  )
( 111  37  26  )
( 22  -289  283  )
( -159  252  -215  )
( 113  292  219  )
( 72  -250  230  )
( 293  -219  -214  )
( 85  -56  139  )
( -11  131  -147  )
( 299  162  -210  )
( 282  -110  88  )
( 241  47  -227  )
( -208  62  -243  )
( 65  -194  -229  )
( 1  -160  30  )
( -61  203  75  )
( 152  -254  -264  )
( 244  126  -42  )
( 292  104  26  )
( -192  230  -260  )
( -129  39  245  )
( 84  25  -21  )
( -73  269  -241  )
( 45  271  24  )
( -281  292  -212  )
( -118  294  -270  )
( 149  60  -279  )
( -52  237  41  )
( 110  -84  -191  )
( -232  39  -102  )
( -52  190  -84  )
( 244  -298  -78  )
( -183  -148  182  )
( -206  217  157  )
( 65  122  -228  )
( -289  98  -108  )
( -198  287  -45  )
( 215  152  -130  )
( -285  237  -143  )
( 66  129  -242  )
( 236  -139  -289  )
( -284  45  110  )
( 170  -96  -186  )
( 13  -290  -97  )
( -166  140  234  )
( -38  284  84  )
( -71  -113  82  )
( 203  -130  -9  )
( -227  -225  278  )
( 248  169  -175  )
( -17  -119  21  )
( -284  -33  79  )
( -47  151  -194  )
( 35  -124  -137  )
( -198  -155  -70  )
( -210  95  -161  )
( 130  -135  260  )
( -59  24  -198  )
( -180  82  131  )
( 51  212  63  )
( 34  189  -32  )
( 281  -272  144  )
( -8  184  173  )
( -82  -165  -123  )
( 136  241  -224  )
( -263  -294  -24  )
( -102  3  53  )
( -18  -158  -280  )
( 245  -212  -180  )
( -216  -284  30  )
( -63  -263  -13  )
( 289  -156  -165  )
( -116  104  -56  )
( -168  286  -17  )
( -36  -7  -199  )
( 26  246  -111  )
( 109  96  -76  )
( 26  219  248  )
( 178  -2  -6  )
( -109  -282  -135  )
( 222  224  2  )
( -143  -269  -32  )
( -200  152  34  )
( 280  -72  258  )
( 7  158  -127  )
( 246  -280  -206  )
( -61  -88  -250  )
( -35  -167  -58  )
( -189  -262  -203  )
( 74  -156  98  )
( 141  -281  -175  )
( 180  206  -177  )
( 293  184  -51  )
( 267  182  104  )
( 39  -56  197  )
( -183  86  58  )
( 9  68  -193  )
( 194  -278  208  )
( 36  -45  -62  )
( 111  58  -172  )
( -217  -164  292  )
( -138  42  279  )
( 256  244  104  )
( 105  251  156  )
( -299  -222  118  )
( -134  284  203  )
( -158  -293  -97  )
( -97  -228  235  )
( 115  -65  6  )
( -26  -205  51  )
( 208  281  79  )
( -216  52  116  )
( 290  47  -56  )
( 283  -101  -160  )
( -163  123  -108  )
( -71  193  -236  )
( 190  142  147  )
( 188  -241  232  )
( 254  157  263  )
( -202  -3  -57  )
( 9  172  106  )
( -0  -235  -244  )
( 79  -1  -282  )
( 184  -242  130  )
( 68  256  226  )
( -115  189  -36  )
( -283  -49  68  )
( 268  166  102  )
( -198  106  -83  )
( 167  -140  152  )
( -203  167  -97  )
( -269  88  -171  )
( -1  -42  -285  )
( -141  199  -272  )
( 188  267  115  )
( -5  -189  -50  )
( -38  -101  -56  )
( -233  -228  286  )
( 234  189  144  )
( 18  -0  37  )
( 286  19  -299  )
( -17  137  -274  )
( 255  219  160  )
( 151  203  282  )
( 189  74  -49  )
( -286  -123  -41  )
( 219  230  -130  )
( 79  -294  -191  )
( -92  -119  -175  )
( 94  261  -281  )
( -10  170  -103  )
( -37  63  194  )
( -260  107  224  )
( -188  -239  -147  )
( 19  88  138  )
( 288  -6  294  )
( 110  147  66  )
( -183  243  46  )
( -152  93  230  )
( -194  -145  -51  )
( -88  175  105  )
( 103  289  -98  )
( 89  -50  108  )
( 26  -81  -297  )
( 60  25  217  )
( -196  23  235  )
( -105  205  -38  )
( 85  21  227  )
( -150  -297  -166  )
( -135  271  -213  )
( -57  -56  196  )
( 93  -82  -117  )
( 98  -102  81  )
( 105  -123  64  )
( -291  283  123  )
( -218  48  -153  )
( 13  -81  -7  )
( -179  -106  -76  )
( -118  297  -140  )
( 281  -65  -69  )
( -236  9  169  )
( -76  -103  -32  )
( 19  273  -13  )
( 39  -20  13  )
( -89  231  287  )
( -220  -96  218  )
( -240  -33  -62  )
( 168  -31  -189  )
( 155  286  274  )
( 201  166  86  )
( -108  -289  139  )
( 247  263  186  )
( 145  -41  155  )
( -101  -287  31  )
( 49  269  33  )
( 118  -180  -142  )
( 85  15  -210  )
( 134  -147  -63  )
( -98  -65  -74  )
( -176  88  188  )
( 154  128  104  )
( 211  204  138  )
( -294  -33  -129  )
( -136  -277  -16  )
( -287  238  87  )
( 92  86  -90  )
( 231  -27  188  )
( -263  84  141  )
( 104  -296  174  )
( 202  -109  -231  )
( -20  -72  94  )
( -241  206  66  )
( 263  46  118  )
( 177  -136  243  )
( -83  -140  5  )
( -158  -199  -85  )
( 166  251  -230  )
( 239  53  -210  )
( 109  -249  -147  )
( 281  -65  -283  )
( 298  -175  110  )
( -153  41  223  )
( 173  161  124  )
( 293  -210  -40  )
( 252  91  194  )
( -198  -287  -110  )
( 116  -117  210  )
( -281  24  -229  )
( 70  36  92  )
( 134  149  188  )
( -44  -295  210  )
( -7  -268  -286  )
( -139  -2  -97  )
( 128  216  56  )
( -47  176  150  )
( 165  -168  -90  )
( -147  -64  -278  )
( 65  288  -77  )
( -206  52  14  )
( 282  56  -260  )
( -154  -45  211  )
( 287  13  129  )
( 60  178  262  )
( -45  262  95  )
( -59  197  224  )
( -130  -297  63  )
( -156  -213  299  )
( 16  263  119  )
( 129  -93  -8  )
( 104  278  6  )
( 284  -185  220  )
( -268  -58  135  )
( -211  -92  77  )
( -117  -22  -137  )
( -119  160  129  )
( 270  -103  6  )
( -118  28  -61  )
( -185  -229  -45  )
( 262  294  -217  )
( -115  130  223  )
( -117  -57  100  )
( 208  -70  65  )
( -150  284  118  )
( -98  100  -217  )
( -79  -191  -27  )
( 144  -187  227  )
( 76  157  184  )
( 230  198  36  )
( -8  -132  -233  )
( 95  -11  286  )
( 98  5  -196  )
( -126  -283  262  )
( 275  81  22  )
( -143  64  -285  )
( -270  -277  51  )
( 153  54  -195  )
( -37  -281  -287  )
( 73  -46  -296  )
( 5  3  -131  )
( 274  -173  102  )
( 270  152  52  )
( 194  -25  -259  )
( 102  -161  -254  )
( -45  -228  71  )
( -131  110  -299  )
( 46  -88  -279  )
( -90  242  74  )
( -268  -261  -167  )
( 276  -238  90  )
( 245  4  -98  )
( -203  148  13  )
( 19  184  -208  )
( -4  220  -142  )
( 16  -265  -160  )
( 136  -122  20  )
( 159  81  -126  )
( -289  -88  65  )
( -171  -210  212  )
( -14  261  -285  )
( 148  164  -283  )
( -78  -172  93  )
( -152  -268  -36  )
( -163  -37  262  )
( 188  224  223  )
( 242  -278  -151  )
( 247  218  -133  )
( -210  15  123  )
( -111  262  71  )
( 232  -191  76  )
( 229  291  131  )
( -192  -235  208  )
( 141  -137  4  )
( 26  -164  -41  )
( 76  -146  -246  )
( 32  -229  298  )
( -297  -162  220  )
( -9  -77  287  )
( 19  -45  -91  )
( -298  285  112  )
( -103  -175  -86  )
( -133  208  38  )
( 104  -122  -166  )
( 228  6  -68  )
( -83  -240  -104  )
( -84  -153  -75  )
( 169  -125  -261  )
( -20  149  62  )
( -52  -167  288  )
( -24  218  40  )
( -294  91  -52  )
( 124  -295  -128  )
( 167  107  -237  )
( 244  -185  -261  )
( -153  -241  79  )
( 137  -49  21  )
( -166  212  15  )
( 201  -233  138  )
( 127  272  -122  )
( -62  -92  82  )
( -55  -185  -162  )
( -244  72  -44  )
( 288  -110  -44  )
( -165  118  271  )
( -294  225  162  )
( 171  0  -104  )
( 58  -128  -225  )
( 203  220  19  )
( 146  175  -187  )
( -144  -147  142  )
( 123  281  -291  )
( 132  -94  109  )
( 261  -53  -208  )
( 200  1  165  )
( 206  249  101  )
( 273  255  -147  )
( 90  111  84  )
( 206  -71  227  )
( 177  -290  -228  )
( -167  -237  79  )
( -20  61  190  )
( -219  134  -70  )
( 248  131  -19  )
( -67  -258  143  )
( -299  -275  -85  )
( 63  -65  62  )
( 270  145  -140  )
( 73  140  6  )
( -10  -251  -85  )
( 299  71  -168  )
( 252  -204  239  )
( -27  282  -234  )
( 132  -251  18  )
( 299  254  -23  )
( -241  60  85  )
( -145  286  104  )
( -283  -202  -14  )
( 119  -290  -242  )
( 128  233  -60  )
( -297  -23  -149  )
( 76  -231  -237  )
( 120  176  -244  )
( 277  -261  151  )
( 0  -221  -264  )
( -69  239  -121  )
( -193  188  96  )
( 221  -105  45  )
( -31  242  -91  )
( -104  -295  91  )
( -282  -277  82  )
( 274  -131  -261  )
( 189  -154  157  )
( -74  27  239  )
( -222  227  289  )
( 23  -187  37  )
( 145  -227  -121  )
( 120  161  89  )
( 26  -166  95  )
( -105  -159  -78  )
( -189  -250  243  )
( -147  -185  130  )
( -66  281  192  )
( 10  -196  8  )
( -209  52  -24  )
( -261  139  -97  )
( -127  -254  -247  )
( 270  191  192  )
( -159  -16  22  )
( 281  252  -147  )
( 282  124  113  )
( 283  -147  299  )
( -269  -278  80  )
( 109  35  2  )
( -10  14  259  )
( 82  45  -75  )
( 201  259  78  )
( -208  -6  125  )
( -297  124  263  )
( 13  -120  111  )
( 118  -23  -200  )
( 58  -65  185  )
( 84  -89  211  )
( 269  -31  -123  )
( -200  220  -223  )
( -207  195  28  )
( -93  219  283  )
( -59  125  -193  )
( -121  184  -198  )
( -28  -274  -140  )
( 162  -218  167  )
( 105  209  -89  )
( 49  30  -82  )
( 42  272  8  )
( -238  200  231  )
( -179  -299  226  )
( 234  192  -252  )
( 41  -267  -197  )
( 49  87  159  )
( -213  -22  -231  )
( -247  288  230  )
( 227  40  74  )
( 139  251  -8  )
( -237  188  107  )
( -229  89  -81  )
( 66  163  -144  )
( 121  -157  -38  )
( -290  97  193  )
( 278  -215  5  )
( 258  171  -288  )
( 71  200  236  )
( 23  86  247  )
( 53  -68  204  )
( 245  283  98  )
( -113  193  -168  )
( 121  20  298  )
( 21  -9  2  )
( -33  -247  181  )
( -266  -210  -153  )
( -254  -117  278  )
( 194  -135  252  )
( 37  290  237  )
( 286  201  267  )
( -17  -43  -69  )
( -154  181  294  )
( 146  156  112  )
( 0  -233  -238  )
( 220  20  174  )
( -180  49  -290  )
( -49  -27  129  )
( -48  19  -228  )
( 47  -110  -98  )
( 275  149  37  )
( 291  -67  -19  )
( -276  242  -130  )
( 276  -238  -177  )
( -262  -283  33  )
( 175  -218  -173  )
