( -177  -297  283  )
( -232  -245  18  )
( -77  36  120  )
( 120  -17  293  )
( 296  231  -174  )
( 62  -37  201  )
( -16  84  124  )
( 221  35  2  )
( 60  225  -278  )
( 246  162  161  )
( -203  155  -13  )
( -229  -82  271  )
( -97  76  109  )
( -204  -298  -82  )
( -39  -166  221  )
( -88  62  8  )
( -184  287  231  )
( 8  -107  34  )
( -297  262  -27  )
( -14  -94  203  )
( -217  -181  116  )
( 98  103  -265  )
( 267  280  80  )
( 70  296  24  )
( -47  226  -31  )
( -80  55  10  )
( 74  252  -247  )
( -275  202  -37  )
( -126  -171  295  )
( 74  -193  64  )
( 147  -2  54  )
( 6  -240  204  )
( -295  5  -135  )
( 179  -284  145  )
( -56  -191  -3  )
( -146  58  -222  )
( 31  182  164  )
( -166  164  -58  )
( -200  -251  -129  )
( 64  -160  -28  )
( 49  186  282  )
( 59  -111  98  )
( 222  -123  -42  )
( 106  -199  86  )
( 279  278  -271  )
( 295  -1  255  )
( 116  17  -18  )
( -30  -130  188  )
( 147  -204  -266  )
( -55  -89  -210  )
( -148  233  -159  )
( 126  183  64  )
( -205  255  -67  )
( -179  -114  49  )
( -199  -157  -57  )
( -286  138  -0  )
( -174  -52  70  )
( 189  -23  -296  )
( -38  -180  -177  )
( 53  -71  -60  )
( 167  -298  122  )
( 26  84  -54  )
( -167  -57  -298  )
( 261  -176  -90  )
( -187  190  238  )
( 48  -256  -12  )
( 138  98  71  )
( -14  238  -147  )
( 292  200  -82  )
( 296  210  -298  )
( 297  -227  -296  )
( 207  -109  41  )
( 166  9  212  )
( 118  243  265  )
( 27  -171  71  )
( -99  -283  82  )
( -213  81  165  )
( 250  45  -187  )
( 204  -1  -243  )
( 135  -231  -100  )
( 32  60  -268  )
( 239  -76  264  )
( -211  42  144  )
( 158  233  -153  )
( -90  282  77  )
( -107  272  132  )
( -9  -25  86  )
( -236  -19  96  )
( -225  133  -295  )
( 39  293  82  )
( -262  -205  82  )
( -260  -280  64  )
( -284  -82  -80  )
( 133  9  58  )
( -127  210  161  )
( -203  207  86  )
( -275  241  -154  )
( -183  -136  -211  )
( -118  238  -179  )
( 126  141  165  )
( -233  294  273  )
( -21  66  204  )
( 260  11  -268  )
( 106  241  -282  )
( -248  136  -160  )
( -20  -173  9  )
( -178  -33  -237  )
( -200  -108  11  )
( -93  26  -70  )
( 2  -185  -168  )
( -88  16  139  )
( -144  4  -248  )
( 140  -156  -151  )
( -57  198  20  )
( 7  -98  -8  )
( -297  35  -65  )
( -11  -125  -16  )
( 216  -130  -170  )
( 50  -165  -75  )
( -196  -36  218  )
( -249  -20  290  )
( 227  -152  235  )
( -119  203  51  )
( 122  218  134  )
( -195  263  110  )
( -147  -95  299  )
( 29  -261  239  )
( -109  5  -267  )
( -34  165  86  )
( -282  118  -219  )
( 71  -241  227  )
( 153  -130  -32  )
( 160  -61  -8  )
( 74  -9  211  )
( 264  -63  -107  )
( -99  -26  -214  )
( -188  -104  -164  )
( 277  165  198  )
( 21  250  -63  )
( -256  -63  -210  )
( -112  186  69  )
( -74  230  -264  )
( 162  261  -41  )
( -140  -186  -158  )
( -248  109  -292  )
( -121  -150  193  )
( -60  26  -209  )
( -214  10  208  )
( -132  -158  -276  )
( -191  128  227  )
( 299  -189  30  )
( 242  10  -22  )
( 152  -261  -285  )
( -0  206  -85  )
( -149  -61  228  )
( 50  267  -98  )
( -35  234  -185  )
( -280  -64  247  )
( -132  260  -164  )
( 135  -299  -259  )
( 43  181  124  )
( 3  -100  -237  )
( -156  10  182  )
( -181  220  178  )
( 22  181  -103  )
( -175  -30  74  )
( -272  -173  -164  )
( -94  206  92  )
( 283  -111  -44  )
( 173  298  227  )
( 118  1  146  )
( -65  121  164  )
( -155  225  122  )
( 57  -157  -110  )
( -72  -53  -284  )
( -160  -265  213  )
( -181  -45  -149  )
( 146  -283  2  )
( 108  -114  243  )
( 161  -251  -71  )
( 146  192  -201  )
( 236  -215  168  )
( 19  178  187  )
( -197  267  207  )
( 125  -249  -258  )
( 66  -217  -158  )
( -293  184  -247  )
( 68  116  85  )
( 33  -277  -281  )
( 230  56  1  )
( -262  -119  -204  )
( -237  254  -24  )
( 226  -274  -31  )
( -2  168  -249  )
( -122  33  120  )
( -181  -138  269  )
( -22  268  -144  )
( 169  -194  -97  )
( -18  -24  -25  )
( 188  111  -51  )
( 299  -141  -181  )
( -209  -210  59  )
( -257  204  -276  )
( -184  56  134  )
( -157  -61  200  )
( -121  195  34  )
( -5  58  274  )
( -123  -166  9  )
( 203  -23  -170  )
( 151  -55  19  )
( -214  298  -2  )
( -141  -176  205  )
( -24  -133  104  )
( -237  282  186  )
( 83  -238  -260  )
( -218  245  77  )
( 237  91  88  )
( 222  38  -274  )
( -288  -76  238  )
( -281  -120  255  )
( -109  162  179  )
( 277  -21  -161  )
( 86  -186  41  )
( -59  284  130  )
( -231  33  -56  )
( -193  -12  131  )
( -128  165  -120  )
( -138  118  181  )
( -122  56  -128  )
( 10  -227  -119  )
( 59  -73  -171  )
( 125  -257  -261  )
( 18  130  -122  )
( -268  54  -129  )
( 0  213  -92  )
( 223  97  156  )
( 272  -103  185  )
( -220  -296  -102  )
( -44  270  -56  )
( 8  -34  -193  )
( 157  288  280  )
( 186  118  86  )
( 150  -135  -25  )
( -40  253  154  )
( -124  200  -206  )
( -292  127  249  )
( 249  8  -239  )
( 208  19  -171  )
( 222  -38  -273  )
( 244  -50  125  )
( -248  93  -218  )
( 188  -14  178  )
( -259  162  -151  )
( -240  57  -132  )
( 25  33  70  )
( -232  165  -252  )
( 228  1  -101  )
( -16  -51  -286  )
( 250  -149  253  )
( 258  -182  -90  )
( 186  182  252  )
( 176  115  -204  )
( 167  -283  -259  )
( -274  127  160  )
( -287  -218  198  )
( -172  58  273  )
( -200  271  -226  )
( -257  139  -26  )
( -238  -126  -287  )
( 23  96  11  )
( -276  -209  -3  )
( -252  263  -208  )
( -132  -202  261  )
( -250  123  -223  )
( -132  75  285  )
( -69  108  210  )
( -252  -139  51  )
( 157  -108  82  )
( 195  -200  212  )
( 7  -56  155  )
( -102  29  -60  )
( -109  -186  13  )
( 268  -100  45  )
( -2  -43  -181  )
( 60  125  -297  )
( 14  -223  -213  )
( 186  224  24  )
( -273  224  -199  )
( 286  50  106  )
( -165  6  133  )
( 269  -279  122  )
( -148  -209  131  )
( -15  -93  65  )
( -250  -105  96  )
( 229  210  137  )
( -190  252  -124  )
( 253  30  89  )
( 131  29  -274  )
( 288  280  30  )
( -62  -269  117  )
( -144  -146  170  )
( -124  86  207  )
( -6  -195  -64  )
( -85  18  -294  )
( 22  -244  -80  )
( 222  202  144  )
( -236  -72  104  )
( -240  -209  30  )
( 232  -173  22  )
( 232  167  61  )
( -266  94  -289  )
( 162  258  62  )
( 113  -13  143  )
( 184  36  68  )
( 16  -122  279  )
( 115  -155  -30  )
( -273  -91  279  )
( 84  -86  57  )
( -238  -219  143  )
( 294  18  21  )
( -133  166  -42  )
( 195  -170  250  )
( 146  215  295  )
( -229  -11  -284  )
( -230  219  10  )
( -97  68  -176  )
( 175  -279  133  )
( 4  -242  -289  )
( -280  279  -153  )
( 111  -271  212  )
( -80  121  59  )
( -269  -22  204  )
( -111  37  150  )
( 293  -198  -190  )
( 189  -231  -66  )
( 264  -195  -249  )
( 9  -198  -206  )
( 150  -287  -218  )
( 172  -32  -109  )
( 69  -97  148  )
( -285  -225  75  )
( -223  -210  -217  )
( 285  26  -19  )
( 263  208  282  )
( 90  145  -111  )
( -69  242  -255  )
( -197  135  -287  )
( 53  79  -20  )
( 122  235  291  )
( -298  -203  94  )
( 25  97  255  )
( 183  251  -127  )
( 151  260  -245  )
( 218  -195  -127  )
( 181  76  167  )
( 4  91  -73  )
( 212  263  276  )
( -84  149  164  )
( 177  -206  166  )
( 189  287  248  )
( 125  174  246  )
( -64  284  -264  )
( -129  -73  -212  )
( 160  155  -132  )
( 146  266  -214  )
( 276  146  64  )
( -109  -190  50  )
( 88  -240  216  )
( 214  -73  114  )
( -116  192  292  )
( 282  113  -236  )
( 269  -103  -69  )
( 267  -181  -167  )
( -248  -255  120  )
( 39  -199  -222  )
( 40  -51  -77  )
( -237  -283  -139  )
( -146  -212  -159  )
( -100  181  -158  )
( 237  -244  -57  )
( 158  83  -165  )
( 144  -72  129  )
( -134  -223  66  )
( -78  255  256  )
( -91  -75  100  )
( -82  103  43  )
( -213  -262  152  )
( 106  72  207  )
( 127  -202  -297  )
( 132  247  12  )
( -172  -68  -136  )
( 84  161  145  )
( 291  119  238  )
( 209  203  41  )
( -171  167  -89  )
( 59  226  -19  )
( 195  224  2  )
( -75  176  234  )
( -275  118  215  )
( -207  -127  -113  )
( -6  -77  276  )
( 102  -180  -144  )
( -0  -39  33  )
( 247  -30  156  )
( 231  -14  -10  )
( 156  -185  23  )
( -227  221  90  )
( -146  119  -170  )
( 26  276  255  )
( -22  115  -72  )
( -217  -132  -28  )
( 257  -279  -182  )
( -72  -61  49  )
( 232  -265  -145  )
( -112  -204  19  )
( 112  -273  269  )
( 102  -168  -4  )
( 265  69  -150  )
( -207  88  -199  )
( -191  -149  95  )
( -34  -73  1  )
( 216  -182  -231  )
( 263  95  -166  )
( -35  8  185  )
( 137  120  169  )
( -39  -297  221  )
( -256  78  -210  )
( 166  -61  -240  )
( -7  -16  -89  )
( 62  142  259  )
( -36  131  -192  )
( -22  57  97  )
( -80  71  -148  )
( -137  129  88  )
( -237  187  230  )
( 87  56  163  )
( -68  -32  184  )
( -238  160  88  )
( 181  262  217  )
( 172  -54  19  )
( -31  -27  104  )
( -214  -192  -0  )
( -227  -30  -211  )
( 168  -268  -222  )
( -274  280  174  )
( -296  -1  253  )
( -67  280  -180  )
( 141  -184  -51  )
( 37  -83  -132  )
( 185  -218  176  )
( -255  -142  -243  )
( 120  84  116  )
( -64  -211  74  )
( 227  22  -132  )
( -39  114  261  )
( -91  -189  223  )
( -17  61  -24  )
( 181  241  51  )
( -186  263  92  )
( 298  -120  7  )
( -89  -275  -134  )
( 21  -16  174  )
( -262  -92  142  )
( -97  191  206  )
( -241  113  75  )
( -114  -212  -172  )
( -141  256  -156  )
( 212  -133  137  )
( -146  -125  38  )
( 0  -108  -270  )
( -86  -12  -19  )
( 13  163  -41  )
( -281  -37  -296  )
( -187  -180  130  )
( -196  -83  117  )
( -194  -51  -48  )
( -14  29  -142  )
( 35  232  -58  )
( 124  97  238  )
( 224  266  260  )
( -60  -80  -220  )
( 109  -164  -105  )
( -155  -258  -136  )
( 154  -57  -298  )
( -263  157  -152  )
( 283  176  128  )
( 176  -122  -203  )
( -103  -58  194  )
( 40  -191  -242  )
( -179  279  -123  )
( 164  -8  263  )
( -119  29  -65  )
( -96  -157  -64  )
( 151  -244  175  )
( -165  152  -228  )
( -69  -197  168  )
( 133  229  103  )
( 131  -299  54  )
( 204  -29  76  )
( -86  -195  -50  )
( 22  137  249  )
( 216  224  81  )
( -181  -161  -265  )
( -177  -188  45  )
( -129  -59  235  )
( -74  -128  -120  )
( 8  -286  107  )
( -7  -277  -246  )
( 22  259  114  )
( -158  266  -120  )
( -213  33  -232  )
( -251  11  -179  )
( 8  67  16  )
( 66  -204  277  )
( -65  153  -184  )
( 232  -10  113  )
( 84  -233  -42  )
( -40  9  -197  )
( -238  -175  150  )
( 143  -299  -298  )
( 117  -72  -7  )
( -57  219  -191  )
( 186  -246  -189  )
( 104  -200  -108  )
( -183  168  -148  )
( -19  -6  80  )
( -298  97  -152  )
( 33  267  73  )
( -88  27  -251  )
( 266  -146  -140  )
( 284  -150  -271  )
( 298  53  -91  )
( -210  -8  -115  )
( 169  105  126  )
( 44  113  -230  )
( -263  -167  -96  )
( -229  -251  21  )
( 268  59  -177  )
( 158  -164  195  )
( 48  -134  -51  )
( -89  224  -244  )
( -279  124  131  )
( -34  117  -76  )
( 192  -123  187  )
( -13  -26  88  )
( 61  214  51  )
( -81  100  -94  )
( 299  -149  73  )
( -226  -143  180  )
( 77  266  50  )
( -256  130  74  )
( 245  -208  -22  )
( -81  -126  259  )
( 89  -287  6  )
( -145  208  -68  )
( -290  -207  143  )
( -189  -121  38  )
( 48  -86  37  )
( 283  -185  194  )
( -276  121  182  )
( -153  240  -106  )
( -52  51  -170  )
( -164  -196  208  )
( 266  95  -193  )
( 266  223  -0  )
( 227  -93  -15  )
( -149  211  240  )
( 193  -164  116  )
( 84  -265  92  )
( -236  -164  210  )
( -58  42  82  )
( 263  100  122  )
( -147  83  -124  )
( 105  -22  -13  )
( -140  -265  -217  )
( 237  147  20  )
( 240  26  160  )
( 11  -97  81  )
( -201  215  31  )
( -36  214  198  )
( 251  264  111  )
( 220  132  129  )
( 2  -166  -66  )
( 26  193  -56  )
( -274  -292  -205  )
( 296  -127  89  )
( -254  220  -109  )
( -144  -291  -161  )
( 160  -229  -47  )
( -192  82  96  )
( -109  51  -16  )
( -194  68  -166  )
( -208  99  6  )
( -89  100  -136  )
( 288  183  -135  )
( 56  221  -240  )
( -87  133  207  )
( -185  -114  -112  )
( 165  -296  255  )
( -255  43  -214  )
( 164  -196  284  )
( 295  41  -44  )
( -163  -12  214  )
( -139  -194  125  )
( -261  245  -242  )
( -78  -251  -291  )
( 238  -272  224  )
( -126  89  143  )
( -102  -95  56  )
( -52  -130  282  )
( 75  -227  22  )
( 10  123  -185  )
( 278  -197  194  )
( 67  231  184  )
( -263  181  -190  )
( -227  -17  183  )
( 165  -177  -149  )
( -32  -108  181  )
( -124  -295  -137  )
( 176  -167  142  )
( 155  -256  -125  )
( -155  -39  -14  )
( 281  192  102  )
( -248  -294  252  )
( -99  24  -295  )
( 175  -199  -257  )
( 21  -227  -216  )
( -1  60  66  )
( -103  -10  -182  )
( 200  18  -84  )
( 186  -67  -240  )
( -161  183  290  )
( 243  -173  -137  )
( 54  251  219  )
( -30  215  27  )
( 293  202  -139  )
( 233  237  -170  )
( -61  -86  151  )
( -296  -164  214  )
( -98  86  -13  )
( -55  -159  294  )
( -164  98  192  )
( 59  269  174  )
( 166  295  131  )
( -266  240  54  )
( 291  122  -9  )
( 21  140  -125  )
( -15  94  115  )
( 121  -144  78  )
( -199  -161  -101  )
( -181  23  197  )
( -243  -171  262  )
( -70  27  -119  )
( -46  139  214  )
( -9  16  -132  )
( -231  -221  79  )
( -254  -41  -279  )
( 134  -284  144  )
( 229  -298  -179  )
( -80  135  -32  )
( 157  9  -125  )
( -215  214  -1  )
( 7  84  -11  )
( 126  -202  181  )
( -105  104  -81  )
( -138  251  31  )
( -43  47  -247  )
( -54  -19  121  )
( 150  -259  -136  )
( 230  275  -179  )
( 124  -128  164  )
( -214  66  112  )
( -27  -124  226  )
( -49  -220  7  )
( 117  -157  -219  )
( -261  -89  99  )
( -157  -156  55  )
( 128  4  -84  )
( 91  271  -108  )
( -87  -227  -225  )
( -190  -206  -113  )
( -245  -67  -284  )
( 13  197  -35  )
( 213  -285  105  )
( -241  -179  -34  )
( -215  136  -66  )
( -20  94  -167  )
( -91  66  -88  )
( -30  78  88  )
( -121  75  127  )
( -79  27  -92  )
( -143  183  -234  )
( -203  -199  -235  )
( -223  -146  -77  )
( 149  -0  -142  )
( 14  288  -42  )
( -180  -129  -120  )
( -92  -197  -249  )
( 210  -17  -230  )
( 54  9  70  )
( -262  137  -236  )
( 40  147  -114  )
( 101  78  278  )
( -39  -105  -129  )
( 264  -182  31  )
( 240  159  -258  )
( 235  -131  -189  )
( -175  118  249  )
( -267  -32  -241  )
( -268  188  163  )
( 110  -35  -206  )
( -161  279  -4  )
( 226  -2  -237  )
( 209  25  228  )
( 239  -294  -160  )
( -14  -229  -86  )
( -288  -30  235  )
( 244  -260  -132  )
( 247  87  45  )
( -154  -123  261  )
( -58  -287  153  )
( 116  -258  -45  )
( 107  -121  -294  )
( 196  3  38  )
( -122  -123  86  )
( -210  108  -282  )
( 240  224  -202  )
( -216  35  -220  )
( -157  72  -113  )
( 219  10  -20  )
( 227  9  85  )
( 81  16  106  )
( 267  -215  -148  )
( -275  85  54  )
( -107  144  -2  )
( -227  -251  -164  )
( -6  -131  -110  )
( 54  -134  96  )
( -208  291  -218  )
( 57  -235  0  )
( 164  -30  237  )
( -35  -220  -211  )
( -81  208  -74  )
( 185  210  56  )
( -231  -178  -46  )
( 193  -297  88  )
( -245  157  -231  )
( 247  26  -187  )
( -54  230  -167  )
( 123  -223  -151  )
( -52  -59  182  )
( 262  -3  -221  )
( 146  77  -233  )
( -271  -105  91  )
( 20  32  7  )
( 50  -37  39  )
( -172  -174  142  )
( -101  -222  1  )
( 271  163  184  )
( -234  50  -152  )
( 92  -47  -226  )
( 299  246  206  )
( 9  -122  230  )
( -36  293  75  )
( 53  -258  43  )
( 69  -53  124  )
( 127  30  154  )
( 236  214  -176  )
( 299  -27  -42  )
( -192  -209  179  )
( -108  152  -158  )
( 48  -116  -149  )
( -134  251  -126  )
( -215  216  41  )
( -258  195  -198  )
( 232  -297  250  )
( -180  241  -188  )
( 35  -132  103  )
( 240  -19  -126  )
( -27  -212  3  )
( 111  -229  277  )
( 199  105  274  )
( -145  51  -204  )
( 7  -201  171  )
( -89  -140  -126  )
( 52  185  120  )
( 15  -151  -187  )
( -220  -299  -36  )
( -264  163  -161  )
( -137  185  -162  )
( 182  -28  -39  )
( 285  -153  283  )
( 96  -66  -38  )
( 152  156  -204  )
( -260  101  -68  )
( -29  207  143  )
( -206  -8  -212  )
( -238  86  255  )
( 174  166  220  )
( 22  -96  -243  )
( -226  96  95  )
( 28  20  53  )
( -47  -261  18  )
( -61  -130  31  )
( -260  -113  -219  )
( -182  -159  -224  )
( -144  -45  39  )
( -275  281  -243  )
( 115  299  221  )
( -272  -30  234  )
( -263  237  -12  )
( -89  190  250  )
( -256  181  171  )
( -125  -278  -18  )
( -98  90  -17  )
( -163  -131  144  )
( 206  112  -10  )
( -88  -264  -128  )
( -261  8  -173  )
( -202  169  144  )
( -101  -169  -179  )
( 133  261  -268  )
( 28  -56  47  )
( 232  182  78  )
( -208  75  -180  )
( 144  -237  12  )
( 163  139  -259  )
( -13  103  -220  )
( -192  -158  -30  )
( 45  -87  -27  )
( 115  219  80  )
( -280  9  29  )
( -96  -204  266  )
( 196  33  208  )
( 240  101  39  )
( -226  137  -258  )
( -19  129  104  )
( -113  -19  231  )
( 70  -248  -149  )
( 13  295  -117  )
( 106  -50  71  )
( 251  57  -287  )
( 130  26  -240  )
( 194  -89  -297  )
( -48  -130  -169  )
( 25  220  35  )
( -207  -47  -199  )
( -5  2  -114  )
( 22  -156  -15  )
( -191  62  267  )
( 136  104  203  )
( -283  139  39  )
( 170  242  193  )
( -40  223  -112  )
( -118  -191  206  )
( 53  -283  -80  )
( -157  -82  -18  )
( -2  -238  -194  )
( 246  33  19  )
( -88  -228  119  )
( -154  -20  -192  )
( -36  107  -233  )
( -55  161  -3  )
( 174  -104  237  )
( -137  -165  -57  )
( -233  123  -100  )
( 144  -113  -102  )
( 264  297  -161  )
( -232  224  54  )
( 254  -195  64  )
( 232  123  -46  )
( 76  255  81  )
( 33  -253  -59  )
( 173  -117  185  )
( -116  -127  44  )
( -90  -240  -109  )
( -35  241  1  )
( 274  -35  270  )
( 144  4  18  )
( 59  -78  -284  )
( -265  3  -171  )
( 171  255  -254  )
( -147  -139  -50  )
( 36  6  116  )
( 87  251  27  )
( -164  49  -77  )
( 246  -20  208  )
( -162  -107  185  )
( 35  -166  -71  )
( 224  109  -152  )
( 268  -79  113  )
( -164  197  70  )
( 274  -60  27  )
( -69  161  33  )
( 290  -59  -188  )
( -212  210  278  )
( -295  -209  -289  )
( 72  168  93  )
( -242  249  -217  )
( -275  107  -193  )
( -31  -200  218  )
( 99  -153  -181  )
( 19  153  -208  )
( -107  -291  -185  )
( -44  46  -41  )
( 139  203  -4  )
( 205  24  -197  )
( -114  111  268  )
( 282  -102  -213  )
( -288  -41  -158  )
( 122  -16  157  )
( -126  219  -216  )
( -88  -26  -64  )
( -96  215  -221  )
( -144  -158  -92  )
( 292  -193  -199  )
( -6  121  84  )
( -97  -281  -54  )
( 94  111  232  )
( 133  75  -52  )
( -54  -288  -117  )
( -195  285  -21  )
( 191  -217  -46  )
( 50  49  -81  )
( 154  159  -205  )
( 126  197  -168  )
( 65  50  244  )
( 0  6  -60  )
( 34  -221  -56  )
( -60  159  59  )
( -196  -99  -90  )
( -122  213  -142  )
( -120  -29  280  )
( 265  238  34  )
( -89  231  -54  )
( 116  -211  -50  )
( -126  197  -227  )
( 16  251  -105  )
( 145  149  44  )
( -93  -47  -175  )
( 278  -76  196  )
( 209  -133  -47  )
( -278  -48  -31  )
( -221  32  -27  )
( 1  -45  52  )
( -218  -23  159  )
( -41  -146  -190  )
( 160  259  153  )
( -262  176  273  )
( 207  154  -46  )
( 41  -180  83  )
( -235  -169  -144  )
( -115  141  25  )
( -104  168  -137  )
( 211  177  230  )
( -74  164  -38  )
( 21  76  238  )
( 48  14  185  )
( 241  26  283  )
( -205  236  43  )
( 82  -173  -212  )
( -127  -191  197  )
( -37  -115  -14  )
( 216  45  297  )
( 274  -248  -69  )
( 197  94  279  )
( 8  -63  -87  )
( 129  22  243  )
( 3  172  120  )
( -4  -44  15  )
( 125  -82  -165  )
( 252  -234  221  )
( -112  -213  -251  )
( 85  291  -144  )
( 132  -205  260  )
( -25  -159  132  )
( -287  34  166  )
( 219  -247  -144  )
( 285  -151  -21  )
( 68  -9  255  )
( -182  -35  112  )
( -261  209  -36  )
( -211  -254  61  )
( 17  -89  -67  )
( 53  158  166  )
( 61  18  129  )
( -43  216  285  )
( -31  125  -78  )
( -142  93  -30  )
( -276  -66  -46  )
( -183  -148  162  )
( -52  170  -99  )
( -113  -26  75  )
( -14  -125  161  )
( -13  -235  -208  )
( 104  122  -257  )
( -82  60  -287  )
( 264  266  286  )
( 227  -158  -73  )
( -214  -150  176  )
( -57  154  77  )
( 136  -82  53  )
( -295  -68  -187  )
( 185  -126  -161  )
( -101  -239  -19  )
( -109  -49  -192  )
( -191  9  204  )
( -200  -251  -198  )
( 131  42  37  )
( 108  -23  39  )
( 112  -284  -131  )
( -194  283  -95  )
( 218  71  -250  )
( -137  11  143  )
( -152  -124  291  )
( -274  -180  251  )
( 222  -183  -294  )
( 116  -51  35  )
( -16  34  25  )
( -103  -225  122  )
( -96  47  72  )
( 264  -237  -62  )
( -280  205  -111  )
( -257  116  -253  )
( -39  -267  -191  )
( 126  186  179  )
( 239  -167  83  )
( 133  -39  -241  )
( -74  151  265  )
( -118  -75  -153  )
( -277  187  -18  )
( -208  -168  -216  )
( -18  -93  253  )
( -140  211  200  )
( -181  -6  162  )
( 287  3  108  )
( -296  139  200  )
( -177  37  -134  )
( 188  -154  142  )
( -118  220  -291  )
( -134  240  212  )
( 68  122  245  )
( 160  -23  -178  )
( -42  287  266  )
( 9  -284  294  )
( 97  191  154  )
( 105  34  215  )
( -147  -85  248  )
( -19  -270  -141  )
( 10  -63  291  )
( -62  210  299  )
( 103  -299  -292  )
( 165  -44  -227  )
( 27  247  32  )
( -10  -76  -172  )
( -250  -191  81  )
( -235  -115  15  )
( -167  155  81  )
( 143  248  -279  )
( -105  287  -99  )
( -89  168  298  )
( -109  -95  -75  )
( -52  -194  150  )
( -170  -231  -272  )
( -186  51  -128  )
( 114  41  -216  )
( 89  -148  239  )
( 32  289  -47  )
( 234  217  -87  )
( 223  42  -86  )
( 9  280  -28  )
( -80  168  250  )
( 83  64  255  )
( 65  171  144  )
( 206  -2  220  )
( -56  -220  25  )
( 250  -164  -149  )
( -299  244  189  )
( 122  -70  -78  )
( -199  -102  81  )
( -12  -145  45  )
( -226  -244  137  )
( -89  -188  -176  )
( -225  107  -110  )
( -295  166  274  )
( 274  -271  235  )
( -152  57  -131  )
( 156  -262  -104  )
( 272  -249  131  )
( -178  97  -140  )
( -265  -34  -259  )
( -206  -114  -205  )
( 161  -50  65  )
( 230  111  -20  )
( -143  -93  -62  )
( -221  -162  30  )
( -248  265  -20  )
( 216  62  -295  )
( 53  -74  -292  )
( -227  -104  -130  )
( 277  -264  68  )
( -69  -205  276  )
( -46  65  105  )
( 40  115  -150  )
( 56  132  272  )
( -258  139  84  )
( 117  170  -199  )
( -140  -234  282  )
( 130  111  277  )
( -199  -62  -118  )
( 37  -251  47  )
( -62  -95  168  )
( -27  91  10  )
( 294  94  200  )
( -187  153  35  )
( -59  -204  282  )
( -126  -55  22  )
( -212  -52  148  )
( 58  51  260  )
( -96  -25  18  )
( 207  -238  -205  )
( 115  248  82  )
( 124  217  -27  )
( 32  85  177  )
( -95  101  154  )
( 23  -2  -64  )
( 76  -173  253  )
( 94  -166  -262  )
( -159  -287  252  )
( -207  -293  230  )
( 285  64  -137  )
( -195  -182  151  )
( -224  109  53  )
( 49  -154  241  )
( -39  -297  188  )
( 197  -105  -101  )
( 269  -120  88  )
( -157  143  -172  )
( 70  -42  19  )
( 187  -100  276  )
( 248  111  51  )
( -242  190  -81  )
( 97  38  32  )
( 60  -45  86  )
( -171  133  -287  )
( 0  150  -252  )
( 159  84  50  )
( -10  136  288  )
( -290  54  -44  )
( -285  -30  -1  )
( 229  22  292  )
( 76  238  -45  )
( -214  82  -244  )
( 96  1  -167  )
( 190  105  -153  )
( -241  -64  172  )
( 195  292  -270  )
( 107  92  243  )
( -93  -2  136  )
( -160  109  -275  )
( -178  100  -158  )
( 121  122  -10  )
( -169  33  74  )
( 170  26  -249  )
( -275  81  121  )
( 193  293  197  )
( 104  14  135  )
( 210  -166  256  )
( -161  163  263  )
( -175  -65  -50  )
( 265  53  -49  )
( 98  242  -265  )
( -44  -242  -110  )
( -110  -268  -149  )
( 71  90  57  )
( 193  -81  234  )
( 28  -241  -84  )
( -130  12  -56  )
( 110  -159  51  )
( 63  -43  88  )
( 278  135  51  )
( 57  38  4  )
( 87  269  -248  )
( -1  297  166  )
( -231  167  71  )
( 123  294  -60  )
( 196  -149  -183  )
( -216  -222  -288  )
( -61  273  41  )
( -291  14  -128  )
( 210  263  -30  )
( -131  -236  235  )
( 22  -265  24  )
( -133  138  -290  )
( -248  36  -75  )
( 284  14  93  )
( 259  299  -41  )
( 150  -81  -276  )
( 299  151  -206  )
( 293  231  -26  )
( 88  -245  -60  )
( -166  228  172  )
( -162  -23  -243  )
( 65  148  81  )
( -145  258  -123  )
( -14  239  -23  )
( 238  -63  -95  )
( -297  -95  -242  )
( -197  -80  -286  )
( -53  228  -200  )
( 280  -251  -18  )
( 116  -28  144  )
( -99  -265  -234  )
( 2  118  -105  )
( 88  209  201  )
( 40  240  54  )
( -203  190  -217  )
( 47  161  75  )
( 191  47  169  )
( 167  -21  65  )
( -21  223  -127  )
( 254  -80  127  )
( 59  -78  -56  )
( -55  -225  -100  )
( -132  124  -82  )
( -144  -255  158  )
( -171  -51  -124  )
( -84  -129  174  )
( 110  125  57  )
( 161  174  101  )
( -233  -74  183  )
( -120  -92  192  )
( -14  258  -31  )
( -279  -184  -163  )
( -121  -286  -90  )
( 86  -31  45  )
( -129  -145  254  )
( -71  -53  131  )
( -39  176  -218  )
( -30  143  294  )
( -14  172  61  )
( -120  -163  -93  )
( 16  -85  -88  )
( 90  -244  -60  )
( 129  -204  264  )
( -53  228  -182  )
( 183  -202  7  )
( 174  111  186  )
( -96  110  61  )
( 129  -125  -115  )
( -239  -133  134  )
( 165  -181  260  )
( -17  -36  -54  )
( -113  -40  -138  )
( 47  -27  278  )
( 57  -147  265  )
( 179  267  233  )
( 149  -39  53  )
( 68  245  -287  )
( 114  278  121  )
( -154  91  282  )
( -174  203  157  )
( 235  286  283  )
( -12  131  276  )
( -27  195  275  )
( 0  -268  -289  )
( 93  -191  -125  )
( 196  -98  24  )
( -286  -202  -285  )
( 243  -251  107  )
( -180  24  208  )
( -115  -38  80  )
( 242  -245  262  )
( -163  -53  -35  )
( -224  108  -123  )
( 156  143  48  )
( -93  -162  -192  )
( 184  142  31  )
( 239  240  -144  )
( 71  -133  -52  )
( 57  79  -218  )
