( 105  -284  260  )
( 51  116  -205  )
( 115  73  299  )
( -43  285  283  )
( 237  220  -42  )
( -275  295  -142  )
( -140  -189  289  )
( -259  202  -170  )
( 115  -189  -175  )
( -87  -253  -67  )
( 294  -170  162  )
( -58  -233  -273  )
( 180  -16  -282  )
( 37  2  -261  )
( 32  87  -172  )
( -46  -241  122  )
( -166  -76  -124  )
( -234  -288  127  )
( -80  271  -263  )
( 23  225  -22  )
( -151  14  -30  )
( 8  -88  -166  )
( 45  7  -241  )
( -233  -276  -266  )
( -66  -105  -142  )
( 206  256  103  )
( -81  -215  33  )
( 161  118  158  )
( -92  295  -94  )
( 70  -23  208  )
( 291  -9  232  )
( 123  -212  -63  )
( -105  -136  34  )
( -152  114  125  )
( -293  175  -136  )
( -162  292  -286  )
( -287  -223  -65  )
( 142  -227  -38  )
( -123  -183  137  )
( -298  292  194  )
( -54  174  -97  )
( -11  -27  233  )
( -30  -165  182  )
( 218  -67  -150  )
( -271  37  13  )
( 169  -131  -206  )
( -8  215  43  )
( 268  191  120  )
( 129  163  -20  )
( -225  95  -234  )
( 197  -77  -247  )
( 289  122  -191  )
( 245  52  -264  )
( 248  111  214  )
( 21  218  -227  )
( 7  282  -228  )
( -102  -142  -295  )
( -176  -177  -187  )
( 39  57  -290  )
( -102  201  -185  )
( 22  133  -282  )
( -46  244  64  )
( 23  179  225  )
( -238  -9  -148  )
( -160  -25  164  )
( -256  202  116  )
( 48  -53  279  )
( -190  -144  67  )
( -209  -17  -50  )
( -174  78  -231  )
( -292  18  166  )
( 97  -256  -49  )
( -231  175  159  )
( 9  4  188  )
( -151  289  110  )
( 196  -112  103  )
( 200  240  113  )
( 229  -151  -276  )
( 168  -264  218  )
( -200  80  145  )
( 172  -41  121  )
( 131  -52  -227  )
( 89  145  108  )
( -269  -104  137  )
( 249  189  -145  )
( -250  -176  84  )
( 234  218  -188  )
( 28  215  -84  )
( 295  210  -129  )
( 14  31  -97  )
( 277  -184  -193  )
( 272  181  105  )
( 232  -45  -6  )
( -123  289  70  )
( 144  35  -84  )
( 145  -98  -120  )
( -63  161  18  )
( -32  132  -120  )
( 150  -78  291  )
( -10  282  183  )
( 18  21  6  )
( 6  -86  -47  )
( 176  45  41  )
( -246  -227  298  )
( -219  -244  201  )
( -266  174  -237  )
( -20  215  -236  )
( -194  -56  -232  )
( -23  -104  84  )
( -76  16  271  )
( -89  -105  188  )
( -53  -220  -130  )
( -56  130  -115  )
( 163  -299  263  )
( 290  170  130  )
( -175  -131  126  )
( 279  171  -215  )
( -291  -92  39  )
( 297  -7  -73  )
( -174  -131  -192  )
( 297  32  -270  )
( -286  201  -122  )
( -235  193  138  )
( -257  232  123  )
( -114  96  29  )
( -229  137  206  )
( -46  206  76  )
( 48  63  175  )
( -227  -213  20  )
( 167  123  115  )
( 149  119  88  )
( -192  -90  -117  )
( 144  -119  -159  )
( -287  -162  256  )
( -252  116  -41  )
( -7  -185  -266  )
( -158  -76  101  )
( 10  -55  -165  )
( 134  -223  -284  )
( 196  -49  -16  )
( -279  -195  105  )
( 287  27  -207  )
( -69  -239  210  )
( -278  207  165  )
( -17  -277  -141  )
( -249  121  132  )
( 291  35  43  )
( -10  -172  62  )
( -77  -292  -76  )
( 246  -14  173  )
( 86  -37  223  )
( 172  140  -281  )
( -35  182  155  )
( 86  -85  33  )
( 108  209  -189  )
( -258  71  100  )
( -40  -54  249  )
( -118  -66  282  )
( -216  -132  291  )
( -216  -18  107  )
( -109  244  64  )
( -214  41  244  )
( -34  -26  -79  )
( 275  -42  -48  )
( 138  120  -101  )
( 137  120  -145  )
( -115  -64  -209  )
( -131  187  239  )
( 135  231  108  )
( 175  268  -122  )
( -108  275  -12  )
( -82  -220  280  )
( 36  287  -218  )
( -270  62  186  )
( 101  262  261  )
( -283  -53  -16  )
( -258  237  142  )
( 121  -254  226  )
( -49  -93  243  )
( -143  121  132  )
( -263  -248  132  )
( -176  -264  40  )
( 235  132  -48  )
( 283  293  -73  )
( -60  191  -239  )
( 147  282  236  )
( -250  -237  -226  )
( -257  159  -250  )
( -130  -181  -246  )
( 168  -27  245  )
( -116  221  -287  )
( 29  110  -1  )
( -91  214  160  )
( 114  90  226  )
( -40  52  196  )
( -267  -174  -274  )
( 272  85  -109  )
( 238  -186  -243  )
( 33  -119  4  )
( 148  -256  -191  )
( -41  259  -233  )
( -224  147  165  )
( 132  -234  145  )
( -146  186  -187  )
( -50  257  167  )
( 110  -266  -279  )
( -53  -266  280  )
( 122  -32  159  )
( -37  88  -182  )
( -299  92  -283  )
( -30  106  38  )
( -220  -8  296  )
( -261  137  44  )
( 136  -251  -173  )
( 297  143  157  )
( -205  113  33  )
( -298  -290  87  )
( 180  -167  104  )
( -210  -102  116  )
( 39  199  -90  )
( 275  294  -6  )
( 80  -10  -185  )
( -116  250  101  )
( -215  71  -81  )
( 279  127  -158  )
( 85  103  -298  )
( -86  -1  138  )
( 243  -145  283  )
( 57  246  -155  )
( 267  158  58  )
( -77  48  50  )
( 219  -25  -211  )
( -50  -36  287  )
( 214  290  -244  )
( -210  85  79  )
( -298  -129  180  )
( 231  277  228  )
( -120  -155  -257  )
( -36  -211  -120  )
( 102  208  -57  )
( -36  -274  -70  )
( -1  218  -5  )
( 171  22  262  )
( 227  103  -131  )
( -7  -210  -100  )
( -280  214  223  )
( -64  113  48  )
( 275  -223  210  )
( -29  173  -235  )
( 165  171  185  )
( 215  -112  283  )
( -187  76  -229  )
( -98  179  297  )
( 0  38  131  )
( 56  -248  180  )
( 86  -263  192  )
( -221  25  236  )
( 173  -123  -20  )
( -269  145  139  )
( 14  120  188  )
( -209  -52  63  )
( 103  64  -199  )
( 129  -240  -92  )
( -289  214  47  )
( 43  22  131  )
( 228  -195  288  )
( -125  74  -184  )
( 266  19  -214  )
( 122  -206  106  )
( 31  102  292  )
( 171  -299  -78  )
( -140  -12  268  )
( 178  69  -266  )
( -128  -287  223  )
( 19  -9  -103  )
( -5  -205  -107  )
( -115  195  -182  )
( 190  128  -79  )
( -253  -121  276  )
( 2  44  165  )
( 163  -256  296  )
( 117  238  276  )
( -11  -200  -106  )
( -119  284  157  )
( 259  -222  210  )
( 185  217  -89  )
( -287  173  18  )
( 211  -219  -120  )
( -257  106  -249  )
( -144  91  172  )
( 130  170  -40  )
( 129  -256  -167  )
( -142  -127  -189  )
( -215  -252  41  )
( -76  -257  -217  )
( 158  30  -223  )
( 223  186  291  )
( -281  157  33  )
( 203  220  -192  )
( 210  55  44  )
( 25  151  83  )
( 287  -38  66  )
( -158  137  77  )
( -282  23  167  )
( 112  20  -32  )
( 270  -208  49  )
( 149  -114  -151  )
( 113  265  273  )
( -55  129  187  )
( 217  215  -248  )
( 94  -37  112  )
( 87  142  -293  )
( -298  -108  -17  )
( -219  -218  -196  )
( 29  -241  -60  )
( -89  150  -227  )
( 89  43  56  )
( 149  -186  -105  )
( -246  -200  143  )
( 168  14  -53  )
( -165  45  -207  )
( -117  144  -4  )
( -295  -258  -52  )
( -254  -26  201  )
( -220  11  298  )
( 284  250  -204  )
( -116  118  -51  )
( 126  -4  262  )
( 79  -95  175  )
( 5  -249  -289  )
( -221  -234  242  )
( -114  167  193  )
( 40  -149  -220  )
( -281  -61  -16  )
( -154  -33  258  )
( -278  -100  105  )
( 75  -217  78  )
( 136  -298  -80  )
( 131  3  177  )
( -26  205  58  )
( 220  -80  169  )
( -162  182  290  )
( -64  -2  68  )
( -38  -135  -211  )
( -207  1  -280  )
( -258  184  -220  )
( -283  123  -14  )
( -288  69  0  )
( 136  -17  -23  )
( 111  -88  -52  )
( 5  88  180  )
( 20  196  242  )
( 204  22  -164  )
( -165  294  25  )
( -14  102  82  )
( -76  -158  233  )
( -218  -70  -155  )
( -76  -82  30  )
( 269  137  -179  )
( 30  182  -145  )
( 29  279  -4  )
( -290  164  48  )
( 25  -35  -115  )
( -140  54  -129  )
( -55  229  -184  )
( -197  11  -111  )
( -134  103  -230  )
( -147  -295  -66  )
( 244  -134  1  )
( 35  141  48  )
( 221  252  115  )
( -155  115  186  )
( 181  147  -142  )
( -193  83  -124  )
( 61  -169  248  )
( 252  271  -82  )
( -226  289  51  )
( -124  -70  -264  )
( -197  260  -202  )
( -1  -185  -221  )
( 189  -248  -22  )
( -55  -32  -115  )
( -283  -29  -110  )
( -265  -259  -295  )
( 235  -175  102  )
( -27  -181  -183  )
( 261  -170  -267  )
( 279  198  -22  )
( 151  83  114  )
( -74  265  22  )
( 14  8  123  )
( -121  -130  28  )
( 284  -188  -119  )
( 243  -103  -16  )
( -125  63  -119  )
( 137  -67  -178  )
( 11  -285  267  )
( 54  286  170  )
( 149  -171  180  )
( -207  115  63  )
( 157  -179  -109  )
( 96  -70  -222  )
( 157  -19  -52  )
( -152  -64  95  )
( -240  -71  130  )
( 57  198  -166  )
( 205  -182  -295  )
( 139  78  54  )
( -17  -265  119  )
( -168  105  -34  )
( 20  -79  165  )
( 254  263  -47  )
( 296  104  292  )
( -237  71  275  )
( -279  54  267  )
( 169  -136  -135  )
( -20  -174  -86  )
( 29  -97  76  )
( 133  228  268  )
( 24  -18  -50  )
( -217  -180  167  )
( -246  -172  71  )
( 201  -85  277  )
( 287  151  -108  )
( -148  -163  -275  )
( -278  -179  -169  )
( 77  199  60  )
( -15  -70  -56  )
( -77  -264  -163  )
( -233  -285  29  )
( -276  -66  134  )
( 28  212  -281  )
( -9  71  32  )
( -133  -257  -167  )
( -27  -17  -249  )
( 72  -195  140  )
( -290  285  -54  )
( 82  -185  85  )
( -99  -83  84  )
( -261  229  -153  )
( 78  -87  224  )
( -4  36  91  )
( -283  -24  45  )
( -75  -292  216  )
( 251  -150  261  )
( 159  182  77  )
( 266  -74  -200  )
( 249  189  262  )
( -151  187  171  )
( 61  -143  -44  )
( -168  298  212  )
( 292  -20  246  )
( 25  132  -234  )
( 254  67  55  )
( 137  105  287  )
( -144  202  -45  )
( 100  -134  -282  )
( -228  279  -273  )
( -151  192  222  )
( -249  121  -132  )
( -259  -119  -299  )
( 270  110  130  )
( 164  -88  193  )
( 136  -2  -153  )
( -226  -235  -56  )
( -209  -115  172  )
( 278  -125  123  )
( 140  -46  -107  )
( 192  22  258  )
( 180  276  -257  )
( -62  -91  -267  )
( 225  -223  -96  )
( 93  60  -109  )
( 266  0  -29  )
( 113  227  294  )
( 137  290  168  )
( -267  -76  -69  )
( 98  -144  86  )
( -156  -64  191  )
( -83  -292  276  )
( -191  -61  -268  )
( 156  -126  192  )
( -180  155  -66  )
( -0  99  159  )
( 35  103  -272  )
( 62  -234  6  )
( 287  59  92  )
( 252  -157  89  )
( -31  -129  27  )
( -194  63  3  )
( 178  -14  148  )
( 5  -30  28  )
( -106  -248  -251  )
( 16  -190  208  )
( 175  -291  -13  )
( 164  132  -111  )
( -101  110  -268  )
( 36  -228  -222  )
( -194  -151  -4  )
( -289  30  102  )
( -140  -81  58  )
( -37  -79  124  )
( -217  -165  -45  )
( -211  223  86  )
( -99  -176  -255  )
( 91  230  207  )
( -207  167  226  )
( 63  279  168  )
( 197  264  103  )
( 94  -5  -192  )
( 172  269  244  )
( -235  -190  -269  )
( 20  35  55  )
( 240  -272  -225  )
( 37  79  94  )
( 269  231  210  )
( 281  -11  253  )
( -113  97  -74  )
( -147  -136  266  )
( -274  167  195  )
( -264  186  -255  )
( 220  52  49  )
( -109  -27  71  )
( 279  -269  -138  )
( -64  83  -284  )
( -170  23  -28  )
( 126  22  -208  )
( -150  128  100  )
( 286  162  -144  )
( -87  -219  -97  )
( -23  134  -11  )
( -185  -298  70  )
( 162  272  235  )
( 257  234  83  )
( 137  243  199  )
( 170  -173  96  )
( 262  -256  97  )
( 201  -290  -39  )
( 219  232  36  )
( -43  -150  78  )
( 286  249  272  )
( -80  -239  -29  )
( 190  -284  -151  )
( -295  140  -35  )
( 125  -296  -259  )
( -114  -63  -259  )
( 195  -271  -73  )
( -199  176  -61  )
( -236  101  -114  )
( -110  67  -199  )
( -28  216  71  )
( -170  -267  195  )
( 279  95  231  )
( 279  288  -10  )
( 1  266  140  )
( 224  122  -52  )
( 122  -229  249  )
( -207  -40  179  )
( 133  -292  -155  )
( 164  61  -184  )
( -270  9  141  )
( -225  8  127  )
( -252  -177  -141  )
( -215  45  42  )
( 95  58  142  )
( -79  5  -81  )
( -184  -172  272  )
( 92  -200  -212  )
( 53  1  289  )
( 249  173  9  )
( -86  -57  105  )
( 50  38  -144  )
( -201  135  -271  )
( 157  -199  -166  )
( -171  -106  -54  )
( -145  203  17  )
( 26  -42  -155  )
( -261  270  47  )
( 52  -32  272  )
( -110  193  -108  )
( 271  30  186  )
( 141  -255  74  )
( 219  137  -230  )
( 268  -239  -5  )
( -284  137  129  )
( 54  -255  52  )
( 31  216  -33  )
( 44  -235  191  )
( 215  -58  -105  )
( -13  182  -151  )
( 216  117  -208  )
( -257  273  -208  )
( 49  -36  6  )
( -131  -87  170  )
( -206  150  145  )
( 242  -95  220  )
( -18  -125  265  )
( -154  -51  287  )
( 148  264  -142  )
( 2  175  164  )
( -169  281  -167  )
( 175  32  -79  )
( -29  -220  -17  )
( -152  2  -240  )
( 16  -127  63  )
( -163  75  -292  )
( 255  -134  -85  )
( -83  -189  -187  )
( 293  38  46  )
( -248  239  -87  )
( -133  62  36  )
( -233  82  198  )
( -242  34  -122  )
( -5  -1  96  )
( -42  -290  -212  )
( 27  -114  214  )
( -143  -185  167  )
( 284  292  51  )
( -226  291  290  )
( 97  -102  -260  )
( -57  66  -282  )
( 119  -298  3  )
( 101  294  3  )
( 46  -220  250  )
( -274  -70  262  )
( -91  132  -51  )
( 127  -206  89  )
( -143  -98  -205  )
( 203  -33  192  )
( -131  264  -61  )
( -125  200  -173  )
( -284  118  60  )
( -288  -48  178  )
( -6  57  -49  )
( 144  -148  -267  )
( 240  -268  172  )
( -243  73  -62  )
( -154  -69  -165  )
( -106  -299  276  )
( -244  205  227  )
( -150  -247  51  )
( -218  -57  -78  )
( 219  109  -145  )
( -209  0  -264  )
( -85  -151  179  )
( -178  31  -142  )
( -295  -284  179  )
( 76  283  223  )
( -33  -39  58  )
( 165  -118  -59  )
( -169  42  -72  )
( -252  273  39  )
( 297  139  298  )
( 100  -51  166  )
( 295  -87  -80  )
( -113  33  259  )
( -299  269  -254  )
( -2  -67  -171  )
( 229  151  -205  )
( 140  46  194  )
( -172  -184  -146  )
( -169  66  250  )
( -182  -5  40  )
( -165  1  93  )
( -196  -115  -171  )
( 75  -154  -108  )
( -8  220  -256  )
( -144  -162  189  )
( -221  -27  202  )
( -226  280  156  )
( 209  237  -151  )
( 105  -262  120  )
( -67  -284  291  )
( 131  145  212  )
( -272  121  193  )
( -55  -22  16  )
( -197  3  -161  )
( -148  -291  145  )
( -73  251  125  )
( 84  -198  -160  )
( -271  -223  218  )
( 213  201  -230  )
( -235  -48  143  )
( -226  135  274  )
( -115  -12  -88  )
( -221  -287  141  )
( 258  -274  196  )
( 243  -84  89  )
( 54  -230  -187  )
( -21  -11  251  )
( -170  -47  132  )
( 165  -210  -186  )
( 51  -236  180  )
( 44  276  261  )
( 295  110  296  )
( -28  236  -190  )
( -278  69  -206  )
( 292  -28  -207  )
( 243  -118  -204  )
( 85  93  15  )
( 128  272  -15  )
( 276  -254  -277  )
( 256  -168  -209  )
( 260  -17  -89  )
( 182  116  -111  )
( 247  209  58  )
( -24  -293  87  )
( -217  -23  237  )
( -214  -136  -229  )
( -69  -160  -279  )
( -247  1  -184  )
( 267  -266  128  )
( 115  -196  160  )
( 108  17  -50  )
( -113  62  -16  )
( 158  -153  157  )
( 280  226  -85  )
( -248  275  -39  )
( -213  254  93  )
( 146  190  -52  )
( -238  95  259  )
( -234  -78  -205  )
( 195  110  -231  )
( -159  47  218  )
( 58  -71  -236  )
( 230  120  -204  )
( 64  135  290  )
( 225  244  -176  )
( -261  13  -38  )
( 232  -50  6  )
( 3  116  204  )
( -76  -134  -190  )
( -48  30  -25  )
( -79  245  -100  )
( 47  42  271  )
( -177  151  -106  )
( -64  -95  176  )
( -258  -16  67  )
( 170  -63  -20  )
( -137  127  -175  )
( -96  -38  221  )
( 102  -150  -254  )
( 153  246  -200  )
( -103  131  142  )
( -268  275  158  )
( 52  128  -173  )
( -288  267  204  )
( -290  260  99  )
( 264  42  89  )
( -123  -186  56  )
( 280  -256  -207  )
( 212  275  -17  )
( 236  282  185  )
( -134  295  124  )
( -281  -31  -82  )
( -105  -77  -21  )
( 165  -60  -75  )
( 204  -24  115  )
( -63  -243  -200  )
( -108  282  -88  )
( 170  -292  48  )
( 40  263  148  )
( 39  -156  -270  )
( -133  45  227  )
( 240  175  292  )
( 245  -157  -105  )
( -179  -71  -275  )
( 76  -290  -256  )
( 126  192  42  )
( 75  13  160  )
( -25  277  -35  )
( -191  -33  -80  )
( -72  229  -7  )
( 7  -64  224  )
( 120  178  -239  )
( 251  53  219  )
( 165  -189  -283  )
( 127  159  11  )
( 264  270  -44  )
( 74  247  -259  )
( 245  263  232  )
( 143  166  237  )
( 170  241  192  )
( -124  249  115  )
( -273  91  -213  )
( 11  -21  -272  )
( -256  102  -263  )
( 13  -137  180  )
( 239  57  -6  )
( 248  91  -149  )
( 282  47  30  )
( 271  -218  -293  )
( 280  246  131  )
( -178  92  193  )
( -203  291  -8  )
( -256  107  -251  )
( -248  -31  -277  )
( 31  -73  15  )
( 120  -159  167  )
( -233  -23  -40  )
( -99  147  209  )
( -163  -70  289  )
( 246  -64  -177  )
( 220  -168  -274  )
( -19  276  63  )
( -148  106  -196  )
( 158  57  210  )
( 241  196  -166  )
( 157  -246  266  )
( 243  96  -170  )
( 70  45  -264  )
( 4  149  -243  )
( -262  164  -265  )
( 51  61  -115  )
( 161  218  251  )
( -63  51  89  )
( -143  254  260  )
( 76  161  -174  )
( 31  -195  87  )
( -224  -240  170  )
( -237  -45  23  )
( -258  165  -76  )
( 125  25  234  )
( -223  -23  -31  )
( -225  159  -98  )
( -174  -295  -75  )
( -168  -290  -211  )
( -274  -209  105  )
( -176  212  183  )
( -96  -29  -233  )
( -189  -1  -238  )
( 208  172  -249  )
( 197  40  -12  )
( 85  -285  167  )
( 136  271  -156  )
( -173  207  79  )
( 118  -209  288  )
( 257  -221  242  )
( -90  26  -187  )
( -74  -22  242  )
( -255  267  244  )
( -42  -252  66  )
( 94  61  130  )
( 105  -143  -20  )
( 104  -138  -210  )
( -28  -231  -189  )
( 261  125  -189  )
( -266  -90  -165  )
( 268  -233  85  )
( 141  116  -44  )
( -77  260  -184  )
( 201  58  287  )
( -122  -278  144  )
( -0  -41  -258  )
( 167  44  123  )
( -298  -155  296  )
( -81  85  277  )
( -16  -239  -293  )
( -278  -37  -136  )
( 209  -164  49  )
( 259  -135  108  )
( 162  173  161  )
( -6  -30  221  )
( -162  259  -33  )
( 211  15  -278  )
( -177  -214  -10  )
( 272  3  18  )
( -233  -52  271  )
( -233  220  232  )
( 184  155  254  )
( 51  226  31  )
( 10  87  -292  )
( -272  124  136  )
( 133  256  -187  )
( 220  207  -44  )
( 25  -131  172  )
( -131  -199  -63  )
( 211  -189  114  )
( 41  286  282  )
( -193  251  -254  )
( 159  -24  -107  )
( -192  109  156  )
( 218  -268  -14  )
( -284  267  -189  )
( -175  297  31  )
( 265  -210  -233  )
( 89  -54  224  )
( -76  8  -117  )
( 86  -61  -89  )
( -37  -119  -212  )
( 239  -277  221  )
( 179  -201  -36  )
( 179  -263  227  )
( -282  -56  106  )
( 266  3  10  )
( 199  197  213  )
( -126  187  -99  )
( -163  56  42  )
( -209  270  -263  )
( -12  -228  -247  )
( 86  68  154  )
( 26  47  66  )
( -286  201  207  )
( -203  -16  -189  )
( 86  -75  267  )
( -117  -233  31  )
( 201  -266  -257  )
( -30  -280  48  )
( -113  -102  0  )
( 219  -278  -237  )
( 187  -71  -255  )
( 109  -61  -24  )
( -21  124  -148  )
( 13  60  -121  )
( -2  -245  163  )
( 49  -144  84  )
( -149  47  -65  )
( -80  -182  221  )
( 33  -75  -183  )
( -143  -169  -175  )
( -41  282  -265  )
( 220  91  188  )
( -88  -14  -51  )
( -204  -135  94  )
( 18  299  -42  )
( -23  16  199  )
( 205  115  68  )
( 129  292  88  )
( 232  2  -249  )
( -177  217  -158  )
( -274  243  190  )
( -244  -159  -210  )
( 239  -228  211  )
( 148  -81  -28  )
( 224  -108  83  )
( 125  -235  202  )
( -179  -299  3  )
( -211  -250  165  )
( -129  157  -19  )
( -290  -193  176  )
( 126  -134  -104  )
( -88  -37  228  )
( -213  48  -110  )
( -157  146  -174  )
( 59  13  115  )
( 11  169  -151  )
( 161  86  226  )
( -48  276  -169  )
( 254  -206  263  )
( 246  -255  253  )
( -171  -58  -292  )
( 71  -106  112  )
( -35  28  130  )
( 178  26  37  )
( -30  -62  10  )
( 23  65  -48  )
( -108  162  136  )
( -235  -132  -94  )
( 23  -51  -207  )
( -114  -101  -282  )
( 68  -285  260  )
( -116  -208  273  )
( 144  -148  -78  )
( -18  -238  -214  )
( -258  164  -278  )
( -168  160  -9  )
( 181  -233  -60  )
( -285  -251  -235  )
( -35  -274  -183  )
( 272  -235  -143  )
( -75  253  37  )
( -251  43  -136  )
( 27  -103  159  )
( -194  208  -22  )
( -195  30  -70  )
( -227  172  241  )
( -284  2  189  )
( -299  -166  -74  )
( 46  -212  198  )
( -192  -260  -19  )
( 151  -33  161  )
( 44  283  -169  )
( -187  -1  270  )
( 46  230  -30  )
( -272  -115  -9  )
( 63  -153  -147  )
( -241  3  104  )
( 137  22  203  )
( 109  -17  184  )
( -266  -26  168  )
( -51  -96  -290  )
( -141  149  297  )
( 141  114  -30  )
( 135  -118  90  )
( -242  208  105  )
( -198  -25  73  )
( -187  217  -51  )
( -130  -258  273  )
( -101  271  -255  )
( -207  19  144  )
( 157  96  -110  )
( -169  248  -298  )
( -252  -44  127  )
( -291  183  226  )
( 50  -194  74  )
( -290  50  -126  )
( 296  -54  2  )
( 247  106  161  )
( 255  -35  -223  )
( 197  -178  -269  )
( -125  13  97  )
( -266  -191  -30  )
( -255  50  -199  )
( 190  233  84  )
( -119  -192  -93  )
( 138  -154  96  )
( -170  -235  127  )
( 96  227  -28  )
( -18  -100  -6  )
( -242  11  59  )
( -207  57  106  )
( -167  -137  202  )
( -210  -111  294  )
( -116  180  88  )
( -75  -66  -269  )
( 222  262  156  )
( 39  0  14  )
( -21  -37  143  )
( 136  221  -129  )
( 29  133  267  )
( -78  -54  182  )
( -141  -103  220  )
( -4  -26  19  )
( -231  -266  -228  )
( 148  -292  -35  )
( 34  -299  241  )
( -141  -265  -29  )
( -134  259  260  )
( -68  180  -96  )
( -268  53  -3  )
( 101  -164  -109  )
( -178  73  -226  )
( -133  272  -221  )
( -125  271  -190  )
( -256  103  -240  )
( 148  -26  24  )
( 198  -260  286  )
( 278  -265  -75  )
( 152  41  -188  )
( -86  12  182  )
( -139  -41  -263  )
( -253  102  -148  )
( 94  179  135  )
( -279  -104  286  )
( 17  69  50  )
( 270  -83  -192  )
( 109  -20  220  )
( 145  244  251  )
( 160  -119  266  )
( 241  296  22  )
( 175  4  259  )
( 64  -255  210  )
( 82  -234  144  )
( 251  -72  -9  )
( -41  -241  -57  )
( -56  -125  141  )
( -193  179  -256  )
( 255  -236  282  )
( -278  -48  16  )
( 117  -108  -167  )
( -157  -55  284  )
( 296  -168  299  )
( 219  183  235  )
( 39  210  205  )
( 78  210  -99  )
( 236  -164  -225  )
( 68  -160  -132  )
( 226  164  251  )
( 191  94  -241  )
( 29  283  -182  )
( -279  -13  177  )
( -153  -23  263  )
( -137  100  -63  )
( -215  -14  -251  )
( 257  -97  295  )
( 227  -66  -273  )
( -141  232  -180  )
( -79  253  -14  )
( 153  211  10  )
( -219  -94  173  )
( -116  -195  -135  )
( 116  101  -171  )
( 293  175  -101  )
( -87  0  -276  )
( 273  -183  -174  )
( -177  234  -298  )
( -110  -79  261  )
( -57  261  60  )
( -158  223  -181  )
( 60  -287  -31  )
( 136  -281  65  )
( 129  30  -248  )
( 180  -199  131  )
( 151  159  -36  )
( 9  -284  21  )
( -191  -95  196  )
( -259  -209  236  )
( 189  276  96  )
( 5  178  213  )
( -195  274  39  )
( 229  -227  -98  )
( -175  -158  131  )
( 298  266  -102  )
( -80  236  142  )
( -97  182  60  )
( -180  -56  290  )
( -231  -187  -205  )
( -44  32  117  )
( -65  283  -46  )
( 175  -207  -3  )
( 115  -19  112  )
( -218  -136  -51  )
( -163  77  42  )
( 192  115  -111  )
( 118  113  -249  )
( 259  159  -48  )
( 277  103  84  )
( 224  -278  21  )
( -128  -21  -254  )
( 237  242  -109  )
( -25  298  -130  )
( -291  122  41  )
( -70  129  2  )
( -259  123  124  )
( -173  -230  118  )
( -295  -185  -177  )
( 30  -120  -219  )
( 293  -121  -113  )
( -131  -161  208  )
( -31  211  -138  )
( 86  5  -176  )
( -106  -44  156  )
( -48  -191  -269  )
( -63  183  -272  )
( 201  189  -294  )
( -205  5  -29  )
( 145  -260  59  )
( 167  -153  70  )
( 297  239  -159  )
( -58  161  -95  )
( 72  188  138  )
( -25  -216  152  )
( -30  -238  165  )
( 44  176  -112  )
( -184  -260  -24  )
( -150  23  56  )
( -292  31  68  )
( -160  256  -234  )
( 118  -88  20  )
( -85  -34  -40  )
( -273  104  -236  )
( 259  189  -32  )
( -159  -53  -286  )
( 285  -274  -212  )
( -257  287  -65  )
( -281  124  228  )
( 5  136  176  )
( 162  -126  -66  )
( 37  -286  147  )
( -31  92  -227  )
( 83  -101  290  )
( -25  103  -84  )
( -299  50  268  )
( 106  59  -186  )
( 157  -284  -281  )
( 132  -126  -203  )
( -197  -181  71  )
( -150  -67  7  )
( -277  -139  203  )
( 128  -151  -257  )
( -265  275  242  )
( 163  169  203  )
( 159  55  -189  )
( 48  290  -24  )
( -230  209  -151  )
( -274  -125  115  )
( 94  118  -61  )
( 16  -279  -15  )
( -64  -82  177  )
( 181  271  -18  )
( 251  -147  -292  )
( 285  -26  -204  )
( -82  297  -66  )
( 272  -143  257  )
( -251  -290  238  )
( 92  251  47  )
( 134  296  -15  )
( -246  295  -104  )
( 261  122  149  )
( 1  -36  -4  )
( 49  -267  -161  )
( -255  -249  162  )
( -174  -159  -24  )
( -6  -58  -161  )
( -58  -246  83  )
( 258  50  -227  )
( -82  62  275  )
( 52  -280  -137  )
( -58  -280  135  )
( 283  -135  -253  )
( -153  -9  -15  )
( 141  166  -213  )
( -195  -221  -123  )
( -281  192  67  )
( -179  261  168  )
( 217  -216  -43  )
( -149  -294  -223  )
( 79  -287  -218  )
( 120  -182  255  )
( -170  -140  20  )
( -93  -106  -78  )
( -247  3  80  )
( 215  -132  -14  )
( 110  29  85  )
( 65  39  194  )
( 36  92  -252  )
( 209  158  213  )
( 229  -136  190  )
( -190  194  199  )
( 55  -263  14  )
( 171  -232  -24  )
( -298  -106  -284  )
( -262  168  69  )
( -71  203  283  )
( 67  -133  -295  )
( -263  -150  -158  )
( -184  -196  59  )
( -175  258  211  )
( 278  157  108  )
( -206  294  266  )
( -157  201  154  )
( 140  165  -259  )
( 114  284  -296  )
( 16  250  134  )
( 223  -33  18  )
( 274  -243  -65  )
( -127  -188  232  )
( 177  -169  288  )
( -42  96  139  )
( -212  -235  -21  )
( -62  -38  176  )
( 55  -87  -206  )
( 122  231  -124  )
( 69  246  40  )
( -249  -158  -245  )
( 128  101  -8  )
( -285  -58  -97  )
( 183  124  -72  )
( -244  -274  293  )
( 131  179  -20  )
( 72  -19  -13  )
( -155  -241  -75  )
( -254  -56  -219  )
( -112  78  148  )
( 145  197  61  )
( 80  19  -100  )
( 210  272  -26  )
( -205  57  -50  )
( -27  -206  211  )
( 169  -234  275  )
( -227  170  -192  )
( 147  236  154  )
( 285  102  78  )
( -207  -254  -182  )
( 177  126  -287  )
( -20  287  -163  )
( 16  -284  -280  )
( -215  -160  -124  )
( 147  -155  244  )
( 156  -144  -59  )
( -187  -237  -139  )
