( -121  221  141  )
( -289  -90  -294  )
( 161  -292  -203  )
( -87  29  -30  )
( -148  -159  -260  )
( -231  38  -0  )
( -26  -7  281  )
( -37  -118  250  )
( -106  -147  -219  )
( -36  -79  -149  )
( -257  -162  -191  )
( 162  187  -119  )
( 270  -117  -175  )
( -9  -257  -188  )
( 174  -232  236  )
( 109  125  240  )
( 27  -76  259  )
( -290  265  -147  )
( 204  -42  263  )
( 223  -275  -252  )
( -249  -283  261  )
( 40  -70  -194  )
( 237  -209  -196  )
( 185  16  -21  )
( -242  -235  -224  )
( 30  106  129  )
( -54  -32  134  )
( -289  4  -35  )
( 68  -246  -281  )
( -258  -31  -158  )
( -155  147  286  )
( 5  190  -82  )
( -190  87  -180  )
( 291  -183  -184  )
( -122  -121  -253  )
( -128  157  75  )
( 221  169  -228  )
( 153  5  -226  )
( 78  -37  -280  )
( -214  -69  -165  )
( -275  78  -259  )
( 0  9  204  )
( 109  123  -202  )
( 38  -110  -108  )
( -50  -37  -171  )
( 101  257  -105  )
( -76  211  63  )
( 60  289  165  )
( 207  211  -105  )
( -288  208  -215  )
( -115  -224  -214  )
( 30  285  54  )
( 219  24  69  )
( -47  -10  160  )
( -198  -163  22  )
( -40  -270  -130  )
( -275  124  108  )
( -250  -208  -93  )
( -17  -34  -222  )
( -152  -189  279  )
( -249  189  161  )
( -1  -184  10  )
( 194  196  -39  )
( -286  14  -6  )
( -211  -158  127  )
( -247  -113  248  )
( 91  285  225  )
( 132  -37  154  )
( -125  -84  -20  )
( 59  240  175  )
( 180  262  -78  )
( -268  18  233  )
( -220  199  -245  )
( 250  -10  220  )
( -138  198  67  )
( 30  -213  -66  )
( -219  -30  131  )
( -179  63  44  )
( 138  -29  -165  )
( -287  292  145  )
( 73  -6  17  )
( -61  147  -258  )
( -230  277  81  )
( 275  26  -54  )
( 99  -158  -257  )
( 88  4  154  )
( 194  -288  26  )
( -8  199  103  )
( 35  -183  248  )
( 218  -147  131  )
( 257  0  39  )
( -144  -121  -235  )
( -284  -150  -156  )
( -62  -232  172  )
( 237  -112  -67  )
( -33  49  54  )
( 27  46  145  )
( 36  143  279  )
( -10  81  185  )
( 33  -40  -7  )
( 166  52  274  )
( 157  39  -60  )
( 76  294  43  )
( -103  49  -286  )
( -109  3  -192  )
( 214  79  170  )
( 163  159  -239  )
( -60  -118  -21  )
( -243  102  247  )
( 87  -246  196  )
( 277  -5  -97  )
( 124  -230  -13  )
( 70  -143  186  )
( 70  -3  -163  )
( 86  -94  192  )
( -23  129  10  )
( 164  191  190  )
( -276  38  264  )
( -246  238  -75  )
( 187  -5  79  )
( 241  1  -16  )
( -6  -66  29  )
( 101  -24  -104  )
( 97  -66  95  )
( -122  -144  -200  )
( -109  -178  -1  )
( -33  -77  -288  )
( 32  294  -71  )
( 17  -267  135  )
( 259  -186  178  )
( 34  252  -107  )
( -151  18  136  )
( -97  -176  206  )
( 74  14  -257  )
( 75  23  148  )
( -255  -14  32  )
( -130  -298  233  )
( -227  90  -186  )
( 194  -287  277  )
( 34  118  -213  )
( -113  -106  32  )
( 31  -151  237  )
( 49  -179  123  )
( -173  -154  -219  )
( -21  232  -206  )
( -213  -295  -79  )
( -136  -59  -110  )
( -129  160  -70  )
( -282  -296  -292  )
( 240  -42  -298  )
( 18  -124  190  )
( 206  -27  -197  )
( 178  -121  -143  )
( 194  -139  103  )
( -180  0  44  )
( 264  -116  -248  )
( -56  -186  -144  )
( -205  -244  -20  )
( 220  -30  105  )
( 243  22  17  )
( 276  -128  -18  )
( 160  -229  134  )
( 128  -236  -224  )
( -106  141  -181  )
( -116  -7  -191  )
( 198  -171  155  )
( -15  92  262  )
( -251  23  -233  )
( -60  -38  148  )
( 60  29  103  )
( -174  45  -254  )
( -277  196  282  )
( 255  -235  153  )
( -179  -17  215  )
( -57  175  269  )
( 98  -205  -225  )
( -87  -216  215  )
( 176  -297  76  )
( -23  61  -121  )
( -26  32  -78  )
( -141  -47  -67  )
( -147  -151  -108  )
( 230  135  -198  )
( -258  71  -294  )
( -105  -241  45  )
( 32  -236  298  )
( 212  206  -124  )
( 229  19  268  )
( 261  -137  -235  )
( -85  207  -54  )
( 106  212  194  )
( 28  118  173  )
( 275  213  153  )
( -164  44  -95  )
( -25  207  -108  )
( -152  87  160  )
( 2  184  -206  )
( -258  10  113  )
( 172  109  -41  )
( -125  -2  -160  )
( 145  -22  98  )
( 238  231  -41  )
( 8  -140  243  )
( 70  244  -211  )
( -131  -21  -107  )
( 45  -238  -6  )
( 257  -261  82  )
( 182  -207  -33  )
( -84  43  -53  )
( -156  183  142  )
( -131  202  -37  )
( -177  291  -277  )
( -150  -45  -104  )
( -203  27  243  )
( -190  250  -62  )
( -167  244  222  )
( 105  187  -135  )
( 95  225  -220  )
( 45  -112  177  )
( -191  270  -10  )
( 269  35  77  )
( -293  -184  -150  )
( 53  -206  -158  )
( -121  181  -213  )
( 23  -222  -210  )
( -118  -204  -127  )
( -174  236  -105  )
( -13  58  -5  )
( -23  -254  277  )
( 237  192  272  )
( -73  178  40  )
( 53  21  283  )
( -274  284  -184  )
( 59  5  -13  )
( 81  64  -287  )
( 279  -264  94  )
( 192  65  -59  )
( 240  121  87  )
( 231  172  203  )
( 0  8  -10  )
( 77  80  -189  )
( -70  221  66  )
( 77  -249  204  )
( 213  -36  -171  )
( 271  -267  269  )
( -79  288  -156  )
( -63  167  -168  )
( 39  -139  -299  )
( 197  9  -81  )
( -238  268  92  )
( -12  64  280  )
( -126  -269  -70  )
( -247  -130  72  )
( -238  179  -37  )
( 258  65  -162  )
( 268  -235  -299  )
( 156  272  -4  )
( -11  -154  -180  )
( -113  216  81  )
( 34  287  222  )
( -2  -195  -119  )
( 178  222  273  )
( -156  -41  -5  )
( -63  -156  -241  )
( -155  -143  -232  )
( -85  195  -26  )
( -29  214  -33  )
( 151  -48  260  )
( 235  277  -197  )
( 172  -179  293  )
( -62  -92  219  )
( 150  -29  -229  )
( -174  -64  -150  )
( -82  57  21  )
( -109  139  93  )
( 236  64  -221  )
( -198  294  70  )
( -160  -265  -200  )
( 288  -61  -176  )
( -258  -72  -99  )
( -105  -245  -93  )
( -99  -146  -198  )
( -29  -112  120  )
( 239  -207  194  )
( -55  -224  118  )
( -215  246  -260  )
( -104  209  -74  )
( 146  -19  68  )
( 80  189  -27  )
( 252  249  6  )
( -60  -150  25  )
( -168  -139  37  )
( -102  -39  258  )
( -159  57  117  )
( 289  273  203  )
( -49  282  196  )
( -14  -281  199  )
( -192  -224  8  )
( -162  285  -89  )
( -230  34  21  )
( -120  -206  -285  )
( -51  -263  -171  )
( -87  167  -268  )
( 59  -235  15  )
( -282  104  127  )
( 64  -108  -184  )
( -290  -173  -62  )
( -267  79  105  )
( 131  287  -25  )
( -244  -85  149  )
( -193  250  -235  )
( -151  -126  -20  )
( -258  -61  -11  )
( -205  233  -148  )
( -61  192  -15  )
( -10  -299  123  )
( -179  -152  276  )
( 108  -230  -218  )
( -66  -112  -44  )
( -181  -239  144  )
( -286  183  -10  )
( -233  -188  91  )
( 11  290  208  )
( -66  186  14  )
( -11  -171  -18  )
( 65  290  -169  )
( 61  -172  -112  )
( 68  187  -102  )
( -100  13  107  )
( -80  -129  -111  )
( -84  -284  -278  )
( -102  38  -124  )
( 138  -59  141  )
( 263  -141  -34  )
( 174  133  137  )
( -235  -152  203  )
( -232  -72  82  )
( 114  91  241  )
( 35  184  169  )
( 123  262  -185  )
( -6  -294  270  )
( 26  -294  -51  )
( 254  -247  151  )
( -206  17  -221  )
( -24  -193  74  )
( 273  -168  -196  )
( -187  93  -8  )
( -216  -184  260  )
( -299  -118  -98  )
( -189  179  -297  )
( 74  -13  -191  )
( -285  110  239  )
( -80  -258  174  )
( 251  277  21  )
( 181  -86  -212  )
( 9  -75  -33  )
( 105  -264  -55  )
( -40  -80  -241  )
( -204  -97  112  )
( -169  168  279  )
( -14  -289  -293  )
( -264  -280  -134  )
( 298  -196  -103  )
( 295  -15  299  )
( 157  -56  130  )
( -26  276  282  )
( -240  -273  -272  )
( -40  89  217  )
( -165  31  -83  )
( -1  -89  179  )
( 265  27  234  )
( 85  158  -254  )
( -231  58  113  )
( 112  111  -295  )
( 44  210  85  )
( -275  134  197  )
( 32  280  -57  )
( -194  -186  270  )
( -2  146  -78  )
( 83  87  -73  )
( 53  -272  -76  )
( -21  121  -170  )
( -93  -269  261  )
( -89  292  57  )
( 226  277  215  )
( 106  115  183  )
( 275  90  -112  )
( 267  -188  -136  )
( 61  -191  -242  )
( 182  -223  136  )
( 80  255  14  )
( 192  -276  -15  )
( 95  -130  276  )
( 1  202  -92  )
( 0  -141  -64  )
( 70  117  162  )
( 145  216  129  )
( -299  11  -10  )
( 262  213  -128  )
( 268  -164  68  )
( -97  -56  -279  )
( -21  -272  90  )
( -190  -88  -296  )
( -242  205  -153  )
( -60  171  -217  )
( -62  88  -267  )
( -58  -223  99  )
( 20  210  223  )
( -10  -187  -90  )
( 249  89  224  )
( -280  -91  -234  )
( -289  111  -135  )
( 84  -199  278  )
( 89  148  199  )
( 137  164  262  )
( -275  -64  265  )
( 234  182  132  )
( 260  -189  -102  )
( 3  141  177  )
( -153  -52  -140  )
( -248  96  -128  )
( -95  -114  -56  )
( -295  -183  -110  )
( -170  295  -70  )
( 116  -31  181  )
( 179  128  232  )
( -17  -108  111  )
( -282  234  -120  )
( -212  -214  -20  )
( -5  -184  -181  )
( -251  175  -80  )
( -263  91  -123  )
( 259  248  -181  )
( 239  283  270  )
( -251  -7  47  )
( -53  142  249  )
( 102  155  297  )
( 238  -132  172  )
( 299  197  -296  )
( -258  100  -217  )
( -210  -166  233  )
( -193  227  -119  )
( 46  211  73  )
( -214  82  286  )
( 95  -201  113  )
( 294  217  76  )
( -132  -32  -39  )
( 113  -68  -75  )
( -283  -257  50  )
( -159  -137  -5  )
( 70  -18  38  )
( -193  -287  247  )
( -271  -184  -140  )
( 166  -83  -30  )
( -239  -24  -98  )
( -6  4  -24  )
( -275  -3  118  )
( 168  -197  4  )
( -151  83  297  )
( 285  -173  189  )
( 39  -200  -176  )
( -143  150  297  )
( -220  -217  -26  )
( -295  -105  -63  )
( 65  -247  114  )
( -254  61  113  )
( -20  -243  -7  )
( 91  171  -254  )
( 162  -243  -157  )
( -7  -126  -281  )
( 237  -4  275  )
( 219  -208  -294  )
( -49  -46  -117  )
( -244  -178  128  )
( -10  182  120  )
( 145  -46  81  )
( 19  -73  105  )
( -202  278  -185  )
( 122  -129  64  )
( -192  -142  79  )
( -229  50  -66  )
( -244  190  -55  )
( -185  -13  -224  )
( 122  80  220  )
( 4  120  -270  )
( -252  -134  280  )
( 290  -177  26  )
( -158  12  -9  )
( 233  226  -293  )
( -294  -127  -146  )
( 156  -123  -102  )
( 140  -242  293  )
( -184  194  107  )
( 202  -284  94  )
( 51  246  96  )
( -152  -218  -127  )
( -79  -13  -204  )
( 21  -248  -16  )
( -236  -44  -171  )
( -166  -164  -68  )
( -265  177  -292  )
( -24  52  -86  )
( 198  14  -165  )
( 86  64  -92  )
( -239  264  -271  )
( 73  68  165  )
( 77  -232  48  )
( -114  -61  -193  )
( 285  -248  -217  )
( 137  45  253  )
( 54  164  127  )
( -93  -24  145  )
( 20  -168  215  )
( 262  289  -104  )
( 129  124  -154  )
( -196  -141  -164  )
( 206  296  250  )
( -182  143  297  )
( 86  -259  -148  )
( 161  93  178  )
( -275  -296  -133  )
( 82  133  -172  )
( 202  -199  -28  )
( 181  -163  -0  )
( -133  135  83  )
( 40  -204  226  )
( -114  152  147  )
( 232  -2  203  )
( 252  -298  -218  )
( 265  -25  -32  )
( -10  56  118  )
( 183  -37  5  )
( 76  104  194  )
( -0  -106  -53  )
( -195  199  143  )
( -106  -79  274  )
( 296  289  61  )
( 121  -151  -250  )
( 271  215  163  )
( 131  -144  -271  )
( -128  -27  -35  )
( -285  -169  10  )
( 255  -88  244  )
( 225  -129  213  )
( 184  -23  64  )
( 120  -275  188  )
( -254  -26  -91  )
( -290  -190  151  )
( -284  257  -234  )
( -192  -266  47  )
( -70  -286  -204  )
( -64  -282  74  )
( -68  235  -163  )
( -77  -170  -221  )
( -137  -33  -189  )
( -129  -117  174  )
( -184  247  81  )
( -49  254  -0  )
( -234  -277  -13  )
( 263  172  -31  )
( 55  -259  173  )
( 86  -189  -60  )
( -246  72  -230  )
( 299  -34  -188  )
( -63  -204  161  )
( 108  74  135  )
( 214  -81  38  )
( 31  284  -209  )
( -112  -98  297  )
( -151  -21  -24  )
( 252  -220  -204  )
( 41  120  -85  )
( -179  -27  269  )
( -35  89  -280  )
( 229  -191  46  )
( -260  112  -154  )
( 50  143  266  )
( -148  223  65  )
( 212  -132  170  )
( 256  277  -227  )
( -16  -272  256  )
( 118  280  153  )
( -265  -119  -184  )
( 11  -267  103  )
( -214  -143  -202  )
( 22  202  42  )
( 22  228  1  )
( 115  -32  43  )
( -65  169  -108  )
( 242  86  36  )
( -248  153  -78  )
( -176  -28  169  )
( -11  228  -31  )
( -15  114  -259  )
( -76  -71  88  )
( 157  -216  150  )
( -156  -52  26  )
( 107  247  -229  )
( 295  -39  157  )
( 3  63  141  )
( 151  96  -81  )
( 289  -138  270  )
( -241  230  -179  )
( 69  19  -210  )
( -21  -152  -270  )
( -197  -247  -232  )
( -252  -276  -79  )
( 184  274  -4  )
( 80  34  -4  )
( 188  124  103  )
( -183  -113  65  )
( -60  -84  66  )
( 115  117  -190  )
( -269  -219  -29  )
( 177  -239  -218  )
( 143  65  42  )
( -15  -198  17  )
( 239  -128  -102  )
( 172  67  184  )
( 276  248  146  )
( -223  188  9  )
( -18  -5  -280  )
( 39  295  -132  )
( 69  177  270  )
( -295  221  186  )
( 45  -170  -223  )
( 24  243  59  )
( -145  -40  -105  )
( 156  -2  -42  )
( 154  162  164  )
( 59  6  108  )
( 125  283  129  )
( -17  180  -88  )
( -164  149  -44  )
( -234  -158  -12  )
( 144  281  288  )
( -285  -250  -117  )
( -62  -212  -288  )
( -248  121  38  )
( -60  134  97  )
( -8  219  -117  )
( -67  -29  223  )
( -158  91  127  )
( 17  225  48  )
( 32  49  69  )
( -75  -267  -28  )
( -69  202  -257  )
( -172  258  100  )
( 106  -223  -70  )
( 14  -55  -111  )
( 197  52  226  )
( 282  68  -260  )
( -166  -38  105  )
( -187  -250  11  )
( -145  -292  -284  )
( 230  -216  -141  )
( -5  -96  40  )
( 239  104  -44  )
( 137  92  -30  )
( 235  99  112  )
( -15  299  168  )
( -240  197  -35  )
( 18  138  227  )
( 83  -35  9  )
( 204  18  -166  )
( 154  -281  26  )
( 113  -197  270  )
( -115  -14  103  )
( 262  -129  -181  )
( 258  -129  180  )
( 135  -274  22  )
( 298  119  -131  )
( -212  159  -261  )
( 229  46  181  )
( 217  -205  72  )
( -188  273  33  )
( 170  -12  -79  )
( 136  95  -2  )
( -128  -299  268  )
( -105  -32  18  )
( 2  -192  241  )
( 92  187  28  )
( -231  241  194  )
( -42  -209  -145  )
( 298  156  -69  )
( -243  -281  146  )
( 90  218  -72  )
( -44  -41  123  )
( 7  226  37  )
( 84  -56  -207  )
( 22  197  24  )
( 278  76  236  )
( 258  -120  105  )
( -235  205  142  )
( -15  -136  -179  )
( -129  -21  99  )
( -139  227  -236  )
( -121  203  24  )
( 52  -182  256  )
( 206  63  -215  )
( 209  -163  -89  )
( 154  220  -122  )
( 6  -218  -159  )
( 250  283  -162  )
( 251  134  -281  )
( -0  -270  107  )
( 227  169  -49  )
( -289  256  178  )
( 37  159  -273  )
( -174  -234  -43  )
( 20  -215  154  )
( -187  -75  -138  )
( -292  -6  183  )
( 146  223  123  )
( 239  33  87  )
( -202  80  159  )
( -23  278  -199  )
( 197  -163  123  )
( -255  82  -293  )
( 7  -257  -24  )
( 240  276  232  )
( 223  -88  -170  )
( -254  -213  150  )
( -2  257  212  )
( -178  -245  -35  )
( 54  44  -268  )
( 157  259  145  )
( -164  -39  -83  )
( -255  190  -238  )
( 282  -214  78  )
( 106  234  291  )
( -167  -181  73  )
( -36  -227  216  )
( 100  60  168  )
( -268  -42  -267  )
( 260  91  -266  )
( -10  -234  -286  )
( -278  100  70  )
( 113  -225  195  )
( -152  130  243  )
( -272  103  -148  )
( 157  -130  -67  )
( -196  -89  207  )
( -138  104  -47  )
( -198  277  269  )
( 123  237  -12  )
( -58  52  -179  )
( -212  93  100  )
( -19  144  -0  )
( 215  -205  -85  )
( 157  -215  205  )
( 299  163  164  )
( -152  199  -23  )
( 273  -225  39  )
( -236  123  130  )
( 261  -191  149  )
( -140  202  -158  )
( 170  76  272  )
( -219  -53  -15  )
( -102  -290  -179  )
( -118  26  233  )
( 13  63  -100  )
( -142  90  3  )
( 190  -56  8  )
( 84  -154  -147  )
( 279  53  145  )
( -205  -226  -202  )
( -154  17  -10  )
( -37  -15  289  )
( 276  113  -293  )
( 233  89  -167  )
( -185  240  -130  )
( 299  -96  242  )
( 23  16  -9  )
( -204  19  -1  )
( -132  -0  199  )
( 38  -297  -73  )
( 39  -251  -95  )
( 36  -50  8  )
( 246  -133  155  )
( -69  -243  -14  )
( 50  105  -116  )
( 130  228  -4  )
( 266  162  180  )
( 51  187  -121  )
( -178  -127  195  )
( -237  -159  -239  )
( 289  -257  43  )
( -177  -183  275  )
( 133  32  -262  )
( 17  -273  241  )
( -30  13  -218  )
( 112  193  46  )
( -83  217  223  )
( 252  250  71  )
( -216  -50  284  )
( 195  231  -218  )
( 38  -131  287  )
( 80  27  -248  )
( 128  -157  104  )
( -188  -134  267  )
( 143  263  276  )
( 166  170  104  )
( 293  -299  -211  )
( -251  67  296  )
( 124  -269  232  )
( -11  -115  19  )
( 292  224  276  )
( 260  -163  258  )
( 154  -199  -270  )
( 138  239  193  )
( 94  -138  95  )
( 258  -38  86  )
( 8  -229  -46  )
( 248  195  241  )
( 22  164  -289  )
( 277  184  -119  )
( -24  -143  -93  )
( 90  -29  -244  )
( 267  -104  -237  )
( -74  102  -11  )
( 20  -117  269  )
( 33  -56  245  )
( -58  244  73  )
( -110  -134  -51  )
( -221  206  -17  )
( -177  17  -277  )
( 13  -98  228  )
( 18  -31  30  )
( -237  -140  271  )
( 230  200  22  )
( -142  -77  -137  )
( 70  -298  -36  )
( 257  100  -18  )
( 56  227  -254  )
( -75  -102  -206  )
( -95  296  63  )
( 202  54  192  )
( -140  267  127  )
( -5  253  263  )
( 127  5  128  )
( -123  -144  -241  )
( -42  -31  -54  )
( 115  16  -14  )
( 85  -146  -17  )
( 192  -121  -46  )
( 268  288  -150  )
( -296  32  86  )
( -185  92  258  )
( 248  109  -115  )
( -280  -116  -247  )
( 55  -96  165  )
( 17  -125  116  )
( -10  -212  203  )
( -197  -233  -140  )
( -252  150  -27  )
( -55  -145  -151  )
( 218  -189  -204  )
( -73  276  238  )
( -289  194  101  )
( -257  75  125  )
( 266  -127  -29  )
( -139  -291  271  )
( -98  107  -42  )
( 284  269  220  )
( 6  152  -9  )
( 192  -140  213  )
( 59  -33  -57  )
( 176  -248  -54  )
( -62  -31  -59  )
( -67  102  162  )
( 58  -219  178  )
( 107  298  -182  )
( 223  74  -69  )
( 53  -215  -221  )
( 8  -111  282  )
( -234  -196  -62  )
( 53  -28  104  )
( -143  27  39  )
( -263  -113  244  )
( -124  -191  -36  )
( -20  124  96  )
( -50  -163  -237  )
( -15  -244  -94  )
( -30  -118  -262  )
( 163  42  -24  )
( 89  183  286  )
( -166  -54  -18  )
( -50  -54  130  )
( -172  -98  144  )
( 261  -93  20  )
( 267  -138  4  )
( -9  -238  -151  )
( 169  -237  6  )
( 34  -221  113  )
( -35  -23  247  )
( -258  114  -152  )
( -20  57  -152  )
( 162  -249  196  )
( -273  -150  -55  )
( -218  -102  227  )
( -293  -257  236  )
( -127  -149  55  )
( 158  86  144  )
( -101  -45  -277  )
( -56  1  140  )
( -220  -5  -78  )
( 173  -68  -45  )
( -45  235  -267  )
( 70  214  -242  )
( -292  -177  -78  )
( -282  111  -6  )
( -91  227  -262  )
( -124  -275  -251  )
( 67  -158  -18  )
( -264  -82  136  )
( -274  -4  293  )
( -22  -91  193  )
( 3  -229  -202  )
( 92  108  163  )
( -296  241  233  )
( -257  282  67  )
( 242  58  -200  )
( -272  -95  165  )
( -138  1  78  )
( 118  19  201  )
( 261  -5  -76  )
( -78  28  -76  )
( -254  286  266  )
( 14  -286  -244  )
( -132  222  84  )
( 220  273  -111  )
( 127  240  -168  )
( -184  245  -18  )
( -144  -96  -62  )
( 132  245  -237  )
( 266  67  -287  )
( -216  -188  82  )
( 143  15  211  )
( 184  -64  -29  )
( -64  -279  -13  )
( 184  30  -92  )
( 146  192  -35  )
( 217  -2  -295  )
( 28  -167  -272  )
( -112  230  -93  )
( 141  -290  71  )
( -33  -58  257  )
( -169  -137  -195  )
( 21  -192  -288  )
( -185  9  240  )
( 58  -47  43  )
( -192  156  227  )
( -284  169  32  )
( -211  -17  -231  )
( -268  -204  54  )
( -174  156  46  )
( -267  -65  266  )
( -273  121  15  )
( 95  -199  -220  )
( -249  196  135  )
( -176  -195  -53  )
( 206  -139  -135  )
( 96  -297  -43  )
( 269  190  -166  )
( 222  -27  102  )
( 91  269  203  )
( -32  180  -135  )
( -185  -143  182  )
( 159  -12  105  )
( -135  -215  -6  )
( -109  -172  257  )
( -163  69  -71  )
( -119  -112  272  )
( 46  49  235  )
( -80  152  -40  )
( 291  125  -77  )
( -286  299  -294  )
( -275  219  259  )
( 293  -125  282  )
( 238  120  -203  )
( -290  -172  -209  )
( -104  170  -109  )
( -99  204  -109  )
( 38  208  286  )
( -282  -169  258  )
( -206  157  101  )
( 237  148  -261  )
( 29  73  -27  )
( 203  -30  -171  )
( 210  -225  -178  )
( -57  -46  61  )
( 11  53  239  )
( -270  -260  -296  )
( -163  -160  125  )
( 284  283  148  )
( -236  -92  -141  )
( -62  -69  -136  )
( -186  -170  -240  )
( -56  242  -267  )
( 50  87  -106  )
( -223  56  205  )
( -188  -258  -273  )
( -187  183  -11  )
( 217  -237  -90  )
( -99  279  -26  )
( -146  104  295  )
( -118  107  -251  )
( 195  -45  57  )
( 51  118  -261  )
( -134  -170  -147  )
( 258  149  262  )
( 36  -158  20  )
( 32  173  -232  )
( 94  -131  -14  )
( 99  157  161  )
( -37  271  -152  )
( -72  288  29  )
( -42  137  198  )
( -264  227  -161  )
( -134  156  286  )
( -226  43  -258  )
( -273  172  -283  )
( -115  -288  49  )
( 257  -92  248  )
( 83  -48  80  )
( 51  -15  246  )
( 95  217  65  )
( -11  8  298  )
( 105  -32  150  )
( -238  -288  47  )
( -220  -123  -132  )
( 181  -79  -148  )
( -31  -160  -119  )
( -127  -113  -16  )
( 286  48  62  )
( 3  214  -16  )
( 68  -66  -101  )
( -171  -250  23  )
( 78  -48  73  )
( 210  -51  -70  )
( 11  -263  46  )
( 60  108  275  )
( -71  -210  150  )
( 233  165  -293  )
( -5  194  286  )
( -68  -163  10  )
( -160  154  -214  )
( 290  -144  -221  )
( -199  62  93  )
( -124  220  288  )
( 82  -216  -18  )
( 107  205  -264  )
( -54  96  -138  )
( -138  -229  -77  )
( 197  263  109  )
( -8  -271  -210  )
( -166  -80  -113  )
( -254  -6  158  )
( -164  -20  225  )
( 166  48  -57  )
( -128  123  -46  )
( 147  -202  13  )
( 192  -49  -113  )
( 163  -267  -92  )
( 160  113  -250  )
( 23  -119  -163  )
( -152  270  173  )
( -234  82  -230  )
( 78  91  -241  )
( -33  -94  -28  )
( -295  -198  111  )
( 158  292  173  )
( -211  190  -235  )
( 25  113  256  )
( -47  -181  138  )
( -30  187  37  )
( -42  -83  -67  )
( 30  101  -202  )
( -26  14  -45  )
( -81  -252  7  )
( 145  264  -85  )
( -125  100  123  )
( 181  116  -249  )
( 202  -85  174  )
( -131  183  278  )
( -143  157  -173  )
( -159  34  -23  )
( -161  182  197  )
( 62  146  -164  )
( -245  27  -125  )
( 264  -298  31  )
( -196  -186  142  )
( 50  49  120  )
( -212  -33  -114  )
( 195  29  -25  )
( -34  128  129  )
( -83  0  -195  )
( -116  209  -248  )
( -230  -271  189  )
( -20  133  -62  )
( 237  -227  165  )
( -159  -125  -113  )
( -232  69  -21  )
( 215  50  94  )
( -80  213  271  )
( 106  21  -284  )
( 50  208  -186  )
( -191  293  195  )
( -273  -40  -136  )
( 139  -57  261  )
( -107  -282  -248  )
( 62  -277  168  )
( -20  -252  -215  )
( 155  39  233  )
( 99  -145  121  )
( 122  -171  117  )
( -84  104  60  )
( -201  92  -33  )
( -283  -0  200  )
( -228  -139  -93  )
( 169  298  -183  )
( 113  141  139  )
( 87  158  -181  )
( 180  276  -128  )
( -262  165  -2  )
( 215  -184  3  )
( 172  -280  -70  )
( -129  -244  248  )
( -7  -201  -291  )
( 207  41  -237  )
( 288  79  229  )
( 113  225  -293  )
( -69  139  -195  )
( -39  237  -18  )
( -202  199  144  )
( -224  -52  219  )
( 19  -105  12  )
( 99  23  13  )
( 51  -269  24  )
( -100  -167  -277  )
( -64  -275  -246  )
( -221  45  268  )
( 126  40  123  )
( -21  120  -267  )
( -8  -79  -275  )
( 108  46  -261  )
( -120  215  -166  )
( -107  -230  -253  )
( 212  207  44  )
( 287  274  -43  )
( 292  -188  -214  )
( -260  149  -298  )
( 7  98  202  )
( -235  -11  230  )
( 180  -282  157  )
( 203  -186  271  )
( 215  -274  -180  )
( 125  158  149  )
( 60  -275  223  )
( 27  -119  -89  )
( 43  -65  -231  )
( -185  -100  -54  )
( -50  -108  -10  )
( 173  187  0  )
( -295  -99  297  )
( -181  280  126  )
( 175  268  1  )
( 197  -110  41  )
( -292  -0  135  )
( -238  35  -47  )
( 72  264  67  )
( -136  52  1  )
( -242  237  -261  )
( -127  -62  277  )
( -83  246  183  )
( -220  -278  48  )
( 226  -82  290  )
( 24  -174  -19  )
( 293  10  -100  )
( -179  142  164  )
( 18  281  171  )
( 38  -204  187  )
( 185  -102  38  )
( -257  -88  190  )
( 8  33  -292  )
( -218  181  299  )
( 239  202  283  )
( -187  -176  -257  )
( -62  -165  -98  )
( 284  217  -152  )
( -178  208  59  )
( -255  -260  226  )
( 62  -125  232  )
( 80  -266  0  )
( -298  -289  -80  )
( -59  5  158  )
( -11  109  72  )
( -82  93  112  )
( -176  53  -195  )
( -100  26  -219  )
( 77  -133  -286  )
( 74  -9  60  )
( 81  -261  -88  )
( 30  74  -194  )
( -212  -142  138  )
( 46  26  -87  )
( -248  265  -16  )
( -55  204  -128  )
( -170  -266  250  )
( 269  5  -66  )
( 108  86  2  )
( -289  54  -172  )
( 8  -39  198  )
( 91  276  40  )
( 183  176  -103  )
( -36  298  56  )
( 195  -18  -54  )
( 16  -264  -224  )
( -99  -66  -229  )
( 289  -93  -176  )
( 209  236  291  )
( 62  -106  168  )
( 69  180  95  )
( -151  125  -175  )
( -155  -246  114  )
( -199  -19  -140  )
( 162  -256  111  )
( 44  -69  152  )
( -172  -71  45  )
( -69  244  -62  )
( -175  104  151  )
( 279  202  -34  )
( -166  265  55  )
( -167  -245  -246  )
( 187  -55  44  )
( -46  80  -28  )
( -53  -45  -115  )
( -188  -285  109  )
( -91  74  -10  )
( -284  -288  -236  )
( -45  174  205  )
( -112  -127  -217  )
( 99  84  -18  )
( -249  -199  -148  )
( 221  -34  -12  )
( 67  70  119  )
( 62  251  -290  )
( 104  22  220  )
( 247  238  -82  )
( 213  -170  296  )
( -21  -233  -129  )
( -138  -186  171  )
( -210  -295  -194  )
( -12  -171  -251  )
( 61  -178  28  )
( 184  -50  240  )
( 129  2  -44  )
( -182  -176  -8  )
( 143  240  158  )
( -220  237  60  )
( -61  231  -101  )
( 17  -230  -155  )
( -272  -201  100  )
( -227  148  -131  )
( 34  -161  274  )
( 203  128  251  )
( -137  85  -70  )
( -26  -106  -233  )
( -142  120  -270  )
( -0  224  -236  )
( -18  -199  -244  )
( 187  -58  211  )
( -299  -25  10  )
( 53  121  89  )
( -271  96  40  )
( 40  -9  101  )
( 268  -44  -88  )
( -213  71  16  )
( 129  219  148  )
( -74  -256  -104  )
