( -223  269  -202  )
( -20  -149  94  )
( 7  -16  61  )
( -240  -1  -259  )
( -166  39  132  )
( 183  9  251  )
( -16  -152  -64  )
( -219  80  -74  )
( -177  224  214  )
( 1  -138  -267  )
( -248  262  -131  )
( 7  -258  -99  )
( 247  -65  -185  )
( -108  52  -55  )
( 21  -257  175  )
( 291  -250  -52  )
( -258  -130  -68  )
( -191  101  -98  )
( 34  32  -57  )
( -253  226  -83  )
( 253  -266  -237  )
( 138  -244  277  )
( -207  -85  -173  )
( 239  254  98  )
( 281  178  52  )
( 251  -106  13  )
( -268  38  88  )
( 41  -17  -20  )
( -179  -65  -172  )
( -275  31  -106  )
( -177  -218  287  )
( -290  144  -29  )
( -199  -266  -118  )
( -19  -229  81  )
( -143  -29  49  )
( -30  58  -170  )
( -120  124  211  )
( -270  123  236  )
( -225  204  101  )
( 281  283  -81  )
( -108  220  -145  )
( -266  -83  7  )
( -202  166  -37  )
( -283  -32  168  )
( -102  -211  262  )
( -289  -217  171  )
( -287  -185  210  )
( 164  250  28  )
( 169  164  -215  )
( 195  44  203  )
( 258  -285  158  )
( -122  -130  -199  )
( -278  172  -2  )
( -75  -190  -149  )
( 273  194  262  )
( 116  -236  -263  )
( -20  24  267  )
( -161  -260  -26  )
( 273  114  -52  )
( -35  -150  215  )
( -290  -130  -250  )
( 208  -188  143  )
( -269  14  242  )
( 47  -179  -10  )
( 288  -234  -136  )
( -51  -110  -38  )
( 85  -12  252  )
( 163  -210  -240  )
( 146  -11  88  )
( -198  121  9  )
( 78  -86  -3  )
( -208  175  -220  )
( 44  65  99  )
( -23  -174  60  )
( 188  19  -137  )
( -209  -203  -9  )
( -51  297  -251  )
( 275  281  -161  )
( -271  -211  -169  )
( 280  225  -22  )
( -197  219  163  )
( -252  87  -58  )
( -161  40  -123  )
( -291  -105  -218  )
( 152  32  229  )
( -209  -116  -294  )
( -227  -274  -147  )
( -239  75  -136  )
( -276  -265  -48  )
( -168  111  -266  )
( 84  55  -232  )
( -215  196  -131  )
( -81  53  -279  )
( 69  105  55  )
( 210  240  224  )
( 77  -135  -17  )
( -239  215  -229  )
( -137  295  207  )
( 249  -68  -182  )
( 22  -189  -81  )
( -181  -74  -142  )
( -243  -58  201  )
( 23  230  -234  )
( 271  153  190  )
( -127  169  -150  )
( 138  -296  -21  )
( 76  -113  242  )
( -191  181  -90  )
( -135  217  50  )
( 175  -84  130  )
( 0  80  -6  )
( 13  -61  -145  )
( -205  -10  271  )
( -133  214  -78  )
( 223  -71  33  )
( 268  158  93  )
( 5  -269  -82  )
( 254  -294  -262  )
( -208  -288  225  )
( 70  251  -127  )
( -232  -289  39  )
( 95  255  28  )
( 66  227  275  )
( -219  47  276  )
( -50  -14  -40  )
( 124  155  62  )
( 101  157  -56  )
( -63  -121  -175  )
( 93  219  220  )
( 154  -31  -285  )
( 139  -268  163  )
( 182  -143  103  )
( -204  159  152  )
( -128  -175  155  )
( -270  137  -118  )
( -269  262  -188  )
( -268  3  185  )
( 279  -158  -162  )
( -15  -234  -52  )
( 248  93  49  )
( 197  -272  -0  )
( 146  -42  -112  )
( -99  286  -291  )
( -81  -179  -220  )
( 114  -25  23  )
( -80  -184  102  )
( -30  -20  77  )
( 131  188  -255  )
( 209  73  113  )
( 32  209  -266  )
( 99  -226  -141  )
( -91  -36  274  )
( 110  291  297  )
( -270  29  -229  )
( -267  -139  -231  )
( -228  151  41  )
( 81  165  36  )
( 64  192  -89  )
( -125  34  -287  )
( -136  -83  74  )
( 9  -254  -212  )
( -249  -71  -36  )
( -154  -182  187  )
( 159  -96  235  )
( 101  -124  -66  )
( 167  -241  -209  )
( 137  -81  166  )
( -172  -269  -99  )
( -42  -50  90  )
( -252  -260  -116  )
( 99  241  -227  )
( -251  -246  21  )
( 114  -71  124  )
( 237  47  166  )
( -2  270  288  )
( -245  -246  95  )
( 171  -19  -196  )
( 77  -53  -64  )
( 163  161  -49  )
( -207  -70  21  )
( -216  277  -36  )
( 105  -70  282  )
( -134  292  140  )
( 265  94  -297  )
( -261  -166  83  )
( -269  -242  -173  )
( -19  -85  285  )
( 68  -203  90  )
( -251  144  187  )
( -163  -31  -32  )
( -294  52  98  )
( 92  181  51  )
( -177  -94  274  )
( -33  252  -267  )
( 188  136  -267  )
( 0  -120  -190  )
( 96  -59  -272  )
( -132  -232  19  )
( 29  282  -35  )
( 113  -192  -129  )
( 209  -141  126  )
( 247  -254  214  )
( -207  -169  -98  )
( 128  -258  -50  )
( 232  265  256  )
( 265  38  244  )
( 93  -161  241  )
( 118  -99  148  )
( -141  19  -221  )
( -161  -173  -147  )
( -10  202  266  )
( 248  251  45  )
( 215  -72  -123  )
( 108  -210  58  )
( -33  124  180  )
( -153  -254  -260  )
( 296  -49  -147  )
( -94  51  -11  )
( 192  50  -262  )
( 220  138  219  )
( -171  -77  -100  )
( -227  -136  262  )
( 19  -87  282  )
( 110  217  271  )
( 62  -288  -42  )
( 241  149  -166  )
( 100  -72  231  )
( -289  21  -242  )
( 237  171  267  )
( 78  -185  77  )
( -241  -164  -67  )
( 37  203  155  )
( -228  -251  243  )
( -108  125  -64  )
( -169  -164  62  )
( 144  -17  -202  )
( -36  182  -118  )
( -252  -270  -2  )
( -65  -147  7  )
( 55  169  156  )
( 217  -286  -16  )
( 147  47  -81  )
( -264  -57  282  )
( -257  -7  133  )
( -143  6  190  )
( -289  -27  -266  )
( -34  -237  -239  )
( -156  97  153  )
( 38  -90  -131  )
( 75  252  124  )
( 165  101  -259  )
( 269  -48  128  )
( 296  240  -59  )
( 116  -239  122  )
( -47  219  71  )
( 171  -3  -286  )
( 145  -271  -61  )
( -63  37  -99  )
( -201  -26  -199  )
( 279  -151  -91  )
( 298  165  22  )
( -209  -71  180  )
( -263  246  40  )
( 127  -290  -89  )
( 77  28  -19  )
( -103  -101  -159  )
( -19  -261  -14  )
( -133  111  248  )
( -167  -96  64  )
( -220  -195  -100  )
( -289  30  74  )
( -263  -189  293  )
( 49  15  8  )
( -289  -71  -259  )
( 20  -247  -50  )
( -293  150  -57  )
( -26  -263  17  )
( 120  11  -111  )
( 1  101  289  )
( -260  -299  66  )
( -283  140  243  )
( -241  -74  -204  )
( -243  114  -93  )
( -46  -289  235  )
( 81  -236  98  )
( -126  16  -272  )
( -227  -269  -12  )
( 170  55  -221  )
( -156  -130  5  )
( 284  -196  -116  )
( 295  99  87  )
( 69  -153  -284  )
( 237  -6  230  )
( 257  180  -35  )
( -128  -287  -21  )
( 40  -261  120  )
( -129  -213  218  )
( 72  258  -43  )
( 96  -140  221  )
( 164  95  249  )
( 154  114  153  )
( 243  -286  -41  )
( -130  164  246  )
( 69  -82  -179  )
( -287  -239  -160  )
( 150  -211  -115  )
( 204  -103  199  )
( 157  -42  12  )
( -255  -163  238  )
( 65  276  -246  )
( 249  125  -123  )
( 282  -270  -113  )
( -295  100  -206  )
( 176  214  8  )
( 6  -177  70  )
( 52  -71  23  )
( -232  272  -189  )
( 275  -42  14  )
( 17  -144  122  )
( -77  278  -45  )
( -7  274  213  )
( 120  170  -122  )
( 4  235  143  )
( 148  244  -158  )
( 103  25  21  )
( -3  -72  -257  )
( 2  53  144  )
( -35  -56  205  )
( 164  -288  227  )
( 55  293  5  )
( 247  -4  254  )
( -154  60  -181  )
( 144  -278  -298  )
( 90  -17  99  )
( -221  14  23  )
( 115  -173  -254  )
( -269  -214  -55  )
( 257  222  -40  )
( -66  204  46  )
( 38  -66  270  )
( 85  281  -192  )
( -219  -161  253  )
( 67  -149  275  )
( 182  -223  23  )
( -92  284  106  )
( -267  123  -196  )
( 267  253  -66  )
( -2  -67  195  )
( -126  222  -237  )
( -64  12  -48  )
( -224  -274  249  )
( 241  212  -51  )
( 159  128  192  )
( 6  229  -151  )
( -125  -124  -289  )
( 86  -181  43  )
( -277  57  -261  )
( 119  -118  -216  )
( 73  179  90  )
( -276  -251  22  )
( -59  123  -250  )
( 1  -298  274  )
( -246  -151  -97  )
( -39  35  -289  )
( -122  264  -227  )
( -65  163  251  )
( -244  -208  159  )
( 60  -83  253  )
( 150  50  -285  )
( 75  -166  128  )
( -158  206  76  )
( -4  -61  35  )
( -90  16  22  )
( 193  6  102  )
( 214  -32  134  )
( -29  134  -178  )
( 97  -258  41  )
( 107  -253  -93  )
( 287  -66  176  )
( -186  100  204  )
( 72  179  244  )
( -78  -183  -77  )
( 101  249  265  )
( 102  -258  109  )
( 122  -259  -161  )
( -10  254  -294  )
( 117  -13  207  )
( -79  -78  214  )
( 115  -33  123  )
( -30  26  -276  )
( -146  -17  182  )
( 268  -88  72  )
( 179  290  63  )
( 156  152  -6  )
( -296  220  -49  )
( 289  -38  -275  )
( -283  182  -247  )
( 36  269  238  )
( 274  220  -112  )
( -122  38  198  )
( -284  -140  296  )
( -172  150  -50  )
( 273  158  -236  )
( 243  -221  38  )
( -98  85  -242  )
( -217  -148  -17  )
( 283  291  257  )
( 277  -79  -20  )
( 111  -280  -207  )
( 45  -109  -251  )
( 23  84  -199  )
( -48  20  127  )
( -32  169  11  )
( 177  139  -152  )
( -19  -38  -194  )
( -204  -125  122  )
( -112  -57  23  )
( 271  265  249  )
( -55  70  161  )
( 287  145  232  )
( -128  259  273  )
( 160  -110  -101  )
( -15  -243  227  )
( 118  14  63  )
( 17  230  274  )
( -145  151  91  )
( 244  153  39  )
( -113  -278  -283  )
( -172  -186  -275  )
( -81  -9  -8  )
( 252  27  156  )
( -87  31  182  )
( 285  -3  -195  )
( -191  -54  184  )
( 3  -194  143  )
( -4  139  94  )
( 171  -167  41  )
( -118  -30  -21  )
( 172  -80  171  )
( -271  -123  44  )
( 92  -55  48  )
( -239  172  -179  )
( -24  -15  -149  )
( -98  146  168  )
( -85  -287  -134  )
( -39  24  179  )
( 64  282  -113  )
( 179  197  -58  )
( 2  33  -178  )
( 7  264  -94  )
( -249  269  -53  )
( 62  15  230  )
( 194  148  -26  )
( -189  170  -43  )
( 222  -144  5  )
( -122  147  -48  )
( -146  99  95  )
( -136  215  -70  )
( -176  263  279  )
( 106  230  72  )
( 11  -158  -46  )
( -164  55  -23  )
( 137  -284  203  )
( 161  -203  217  )
( 111  -97  -106  )
( 155  -236  -30  )
( -61  -129  -165  )
( 61  -152  -37  )
( -34  -57  -269  )
( 243  242  4  )
( 264  -20  68  )
( 33  119  -296  )
( 282  -279  278  )
( 34  -221  190  )
( -80  -202  129  )
( 283  -194  235  )
( -149  -252  -12  )
( -31  -174  28  )
( 232  124  109  )
( 180  288  -124  )
( -50  -121  18  )
( 76  34  100  )
( 186  -254  126  )
( -55  -31  271  )
( 276  220  159  )
( -126  -101  255  )
( 77  208  286  )
( -49  -214  -165  )
( 221  141  122  )
( -221  -38  -240  )
( 187  232  265  )
( 27  140  211  )
( -251  -223  61  )
( -18  287  -280  )
( -199  -207  38  )
( 55  158  23  )
( -126  -55  -53  )
( 114  -58  -97  )
( -101  -263  -158  )
( -93  71  -174  )
( -60  188  61  )
( -249  280  -199  )
( -220  -173  -264  )
( 101  81  -289  )
( -64  58  47  )
( 137  292  -240  )
( 95  113  266  )
( -196  137  -216  )
( -195  -148  -11  )
( 176  -274  -51  )
( 174  275  194  )
( -228  155  111  )
( 71  -144  5  )
( 95  159  -297  )
( 291  87  91  )
( 218  64  184  )
( -272  211  214  )
( 217  -249  -280  )
( 196  262  -288  )
( -266  -29  295  )
( -107  118  -109  )
( 218  -286  -51  )
( 258  114  -128  )
( -260  -277  -149  )
( 80  187  -269  )
( 123  -203  -49  )
( -75  261  -278  )
( 156  140  123  )
( 172  154  201  )
( -40  -89  -108  )
( 88  32  -290  )
( -26  -123  -38  )
( -40  -176  -258  )
( 189  -254  152  )
( -60  263  49  )
( -131  75  -221  )
( -58  268  0  )
( 216  126  -169  )
( -120  177  91  )
( 10  271  150  )
( -202  -240  -133  )
( 298  -204  100  )
( -22  235  125  )
( 188  132  140  )
( -192  150  -50  )
( 157  -251  249  )
( -186  179  -212  )
( 211  -114  -239  )
( -193  163  72  )
( 213  -84  210  )
( -90  237  -114  )
( 15  -193  85  )
( 234  -109  276  )
( -252  256  167  )
( 188  108  143  )
( -96  283  111  )
( -88  51  99  )
( -92  -253  214  )
( -88  -65  35  )
( -87  33  -57  )
( -48  279  -211  )
( -265  7  -232  )
( -204  -123  -42  )
( 103  -270  -14  )
( 18  -141  -35  )
( -20  188  -269  )
( 245  179  53  )
( 45  102  -210  )
( -61  -18  199  )
( -30  -279  143  )
( -250  -11  -284  )
( 128  268  261  )
( 166  -244  -14  )
( -236  -254  69  )
( -95  -195  97  )
( -288  -267  225  )
( -200  8  44  )
( 3  103  54  )
( -217  88  -114  )
( 128  -0  297  )
( 65  -285  161  )
( -77  151  -190  )
( -259  -289  -14  )
( 270  140  -213  )
( -205  -104  241  )
( -135  101  2  )
( 80  -100  -18  )
( -45  25  189  )
( -256  140  287  )
( 207  -75  -164  )
( 108  -274  -202  )
( 184  -240  -229  )
( -297  -54  -122  )
( -61  241  -142  )
( 187  -16  54  )
( 153  189  -108  )
( 197  160  -44  )
( -198  -254  -248  )
( -44  -295  -253  )
( -35  159  -32  )
( -126  200  234  )
( -66  96  238  )
( -59  48  218  )
( -167  -5  -172  )
( -285  -39  -218  )
( 100  -165  203  )
( 184  -165  246  )
( 110  11  221  )
( -195  46  -120  )
( -188  113  110  )
( 88  -112  -42  )
( -290  221  -170  )
( 297  273  164  )
( -289  -26  33  )
( -219  -40  77  )
( 11  -27  71  )
( 216  -145  175  )
( -279  78  232  )
( 144  -58  82  )
( 35  -176  -185  )
( 56  -244  -100  )
( 206  218  294  )
( 18  -85  -159  )
( 177  -291  47  )
( -274  -5  87  )
( -246  1  -212  )
( -11  -24  126  )
( 172  -225  110  )
( -282  -48  -154  )
( -113  -175  127  )
( -11  -250  41  )
( -288  146  -167  )
( -11  19  128  )
( 63  -198  231  )
( -137  -261  234  )
( -261  -109  154  )
( -43  174  -91  )
( -218  196  81  )
( -22  49  -221  )
( -12  198  -188  )
( 207  -107  -255  )
( 175  38  -113  )
( 161  284  218  )
( 171  -256  6  )
( -234  204  176  )
( 103  -37  -294  )
( 280  -136  -247  )
( -40  -220  -259  )
( 20  143  -69  )
( 149  187  -124  )
( 159  24  144  )
( 267  -288  261  )
( 15  84  -242  )
( -81  177  -296  )
( 250  35  -1  )
( -44  -23  -53  )
( -269  155  223  )
( -114  20  -130  )
( -91  101  260  )
( -128  -234  -256  )
( 264  -23  -125  )
( -154  -178  -48  )
( -298  111  -215  )
( 224  -285  -137  )
( -167  -231  -127  )
( -30  -43  92  )
( 261  -282  -33  )
( -151  120  100  )
( 97  -168  -155  )
( 48  1  -227  )
( -180  -187  -232  )
( 130  28  21  )
( 51  -264  -132  )
( -282  -238  -125  )
( -231  -104  208  )
( -285  -286  -215  )
( -92  -45  158  )
( -22  -194  -158  )
( -122  139  136  )
( 88  48  77  )
( 190  -243  161  )
( -224  -133  -118  )
( 78  144  -130  )
( -24  -32  251  )
( -238  51  -31  )
( 181  -156  1  )
( -233  -180  75  )
( -142  233  211  )
( 299  -22  -66  )
( -271  150  91  )
( 81  -199  -63  )
( 141  -69  268  )
( 241  32  -94  )
( 189  243  102  )
( 284  -15  -194  )
( -143  -173  237  )
( 38  123  216  )
( -138  162  281  )
( 132  -57  187  )
( 219  101  -22  )
( 94  -298  -158  )
( 294  -147  12  )
( 192  221  -276  )
( -20  -38  -261  )
( 243  -85  -208  )
( -5  -34  -81  )
( 102  171  70  )
( -271  254  42  )
( 187  271  222  )
( 243  -139  155  )
( -31  -242  -162  )
( -218  113  -140  )
( -15  168  -103  )
( -228  263  82  )
( -182  -57  124  )
( 145  -278  77  )
( 108  -239  -212  )
( 2  53  -101  )
( 62  -135  260  )
( 239  -227  -259  )
( 162  -236  192  )
( -2  -25  -10  )
( 178  -185  -175  )
( -39  -213  -240  )
( 117  -285  205  )
( -221  -3  -55  )
( -180  -288  -289  )
( -205  40  226  )
( 294  182  266  )
( -210  -296  -80  )
( -257  -156  227  )
( 265  -291  -146  )
( -201  -274  204  )
( -224  249  45  )
( 167  225  -21  )
( -189  296  -257  )
( 60  50  56  )
( -191  235  95  )
( -52  173  66  )
( -101  -171  -91  )
( 268  -220  -189  )
( 164  -7  263  )
( -256  247  130  )
( -25  -36  -48  )
( -143  -127  214  )
( 224  -152  -223  )
( 124  38  138  )
( 246  -227  257  )
( 243  92  178  )
( 218  -176  51  )
( -38  254  -4  )
( -193  163  4  )
( -28  -297  -39  )
( -31  -297  -53  )
( -143  54  -252  )
( 129  146  -165  )
( 29  -5  -201  )
( 46  35  -122  )
( -37  -25  199  )
( 101  -295  -142  )
( -121  144  -86  )
( 286  118  114  )
( -112  99  -235  )
( -141  40  291  )
( -192  -26  -254  )
( 24  -266  -164  )
( 99  25  -186  )
( -97  230  -77  )
( 1  67  185  )
( 227  128  79  )
( 24  -219  -94  )
( 177  -96  68  )
( 191  41  101  )
( 56  -236  -161  )
( 197  -263  221  )
( -123  88  -260  )
( -36  115  -255  )
( -174  113  -72  )
( 90  -281  -68  )
( -164  -148  -153  )
( -155  232  69  )
( -203  295  -77  )
( 74  -161  -2  )
( -2  245  263  )
( -238  264  -131  )
( 130  59  299  )
( -293  98  273  )
( 246  221  -121  )
( 47  171  261  )
( 7  272  61  )
( 123  160  130  )
( 43  178  84  )
( -264  -36  67  )
( -156  -163  264  )
( -191  92  250  )
( -24  -285  213  )
( -116  49  -46  )
( -81  -2  132  )
( -22  220  170  )
( -204  -140  -74  )
( 8  -255  -258  )
( -226  258  2  )
( -177  78  -229  )
( -6  164  -259  )
( 285  -194  -266  )
( -219  196  77  )
( -13  -214  147  )
( -118  67  -33  )
( 134  35  39  )
( -221  -215  109  )
( 150  213  -178  )
( 238  -150  -162  )
( -294  105  169  )
( -187  201  -274  )
( -273  -98  26  )
( -133  -111  -182  )
( 84  -119  -239  )
( -73  52  -195  )
( -44  75  210  )
( 127  10  211  )
( 157  -285  18  )
( -265  -118  -95  )
( 279  -16  24  )
( -161  -227  56  )
( 97  146  242  )
( -256  231  158  )
( 108  211  145  )
( 60  -109  -233  )
( -11  -205  61  )
( 254  -135  63  )
( 58  49  36  )
( 94  -131  -210  )
( 159  255  86  )
( 154  112  256  )
( -245  72  -161  )
( -42  183  229  )
( -67  151  -187  )
( 202  -51  -255  )
( 202  218  -184  )
( 194  -84  180  )
( 201  -293  12  )
( -67  -144  -189  )
( 44  -264  195  )
( 185  92  -89  )
( -206  66  95  )
( -154  77  197  )
( 141  270  -217  )
( -75  16  -273  )
( -290  -95  -265  )
( 57  5  296  )
( 167  -109  -166  )
( -137  288  -197  )
( -251  219  85  )
( -255  -159  -224  )
( -104  -95  119  )
( -31  -278  -191  )
( 45  -293  68  )
( 227  -131  103  )
( -237  -173  -30  )
( 223  4  289  )
( 76  287  184  )
( 251  281  268  )
( 279  -1  -84  )
( 23  119  -10  )
( 85  -62  287  )
( 159  181  -241  )
( 25  -77  216  )
( 175  260  -236  )
( 105  -252  -56  )
( 16  70  8  )
( 281  137  75  )
( -108  -213  52  )
( -122  -268  248  )
( 110  -210  -140  )
( 88  117  251  )
( 123  -284  -258  )
( 240  -139  154  )
( 170  -278  243  )
( 45  135  124  )
( -137  40  -202  )
( 3  189  -27  )
( 213  233  -255  )
( 69  7  177  )
( -76  161  -216  )
( 55  137  -197  )
( 165  -44  -225  )
( -23  -197  239  )
( -72  -173  140  )
( 185  -84  42  )
( -189  194  70  )
( -127  -37  97  )
( 278  -73  -98  )
( 177  198  -255  )
( -209  -126  221  )
( 205  230  -286  )
( -114  131  -11  )
( -195  -61  33  )
( -289  -111  -280  )
( 122  -169  -20  )
( -262  -205  56  )
( -239  120  139  )
( 64  -184  243  )
( 186  146  107  )
( 9  126  120  )
( -17  -94  76  )
( 146  -151  97  )
( 253  233  183  )
( -72  185  219  )
( -120  203  -205  )
( 229  -19  -162  )
( -106  -158  -138  )
( -221  -134  56  )
( -147  134  3  )
( -276  -231  146  )
( 1  -130  290  )
( -252  144  112  )
( -235  165  35  )
( -179  -154  184  )
( -226  163  251  )
( 133  227  178  )
( -218  -36  -183  )
( 203  104  27  )
( 294  -142  -134  )
( -9  40  -239  )
( 31  -89  34  )
( 119  -163  124  )
( 95  -188  -74  )
( 245  -67  230  )
( -267  169  187  )
( -236  -147  172  )
( -295  123  -286  )
( 179  149  46  )
( 67  250  296  )
( -177  -231  -204  )
( 114  -67  120  )
( -7  158  -14  )
( -148  -9  129  )
( 15  -190  147  )
( -223  -289  -170  )
( 183  52  -198  )
( 254  -201  -54  )
( 140  175  241  )
( 298  146  2  )
( 150  235  -261  )
( -208  -195  -116  )
( 57  -41  -239  )
( 29  118  147  )
( 172  -257  93  )
( 255  251  -101  )
( 161  -220  163  )
( 234  107  243  )
( 56  -273  277  )
( 250  203  99  )
( -13  -267  75  )
( -13  -269  -275  )
( 221  -244  229  )
( 172  263  -270  )
( 80  -78  127  )
( 24  -77  182  )
( 81  -215  -147  )
( 73  121  280  )
( -114  -6  -146  )
( -217  -238  -156  )
( -142  94  163  )
( 55  -149  286  )
( -166  143  154  )
( -55  27  -243  )
( 196  -193  206  )
( -121  154  83  )
( 103  261  97  )
( 124  -227  292  )
( 284  -36  73  )
( -152  102  82  )
( 17  208  210  )
( 221  -5  -134  )
( -130  -108  -122  )
( 236  -117  -264  )
( -71  74  -248  )
( -170  75  69  )
( -107  204  53  )
( -283  279  37  )
( 21  102  46  )
( 132  -261  -3  )
( 97  231  -221  )
( -105  -237  43  )
( -112  -34  -182  )
( 94  -192  -276  )
( -103  -292  -228  )
( -0  229  43  )
( -202  -211  109  )
( -278  -218  -12  )
( 242  272  105  )
( 149  -113  134  )
( 245  294  227  )
( -233  -262  81  )
( 285  201  272  )
( -198  -80  67  )
( 88  229  -279  )
( 55  -211  -14  )
( 283  168  113  )
( -168  268  -182  )
( 258  233  -293  )
( -202  -144  83  )
( -107  75  -177  )
( 100  272  141  )
( 288  -221  224  )
( 280  222  -241  )
( 20  40  -166  )
( -7  -192  161  )
( 284  -55  48  )
( -15  206  107  )
( -33  -218  -102  )
( -121  160  287  )
( -296  256  -260  )
( -180  160  15  )
( -143  -48  -107  )
( 249  -55  256  )
( 47  208  -297  )
( 99  -277  -66  )
( -105  155  -267  )
( 208  -254  -25  )
( 242  -55  -296  )
( -277  279  259  )
( 46  -71  13  )
( 46  -173  15  )
( 138  -159  -167  )
( -194  -200  47  )
( -128  223  269  )
( -174  -103  38  )
( -5  -166  -10  )
( -28  279  -156  )
( 45  289  160  )
( -154  51  -262  )
( -230  -41  -84  )
( 243  198  112  )
( -13  245  214  )
( -91  165  182  )
( 92  -247  -122  )
( 160  -266  176  )
( 5  246  -251  )
( 166  -150  176  )
( -101  -100  286  )
( -294  -1  -89  )
( 130  -147  -135  )
( -161  272  155  )
( -236  237  59  )
( -77  39  -273  )
( 247  260  114  )
( -91  -79  -102  )
( -45  -82  -9  )
( 102  239  -0  )
( 54  189  -62  )
( 269  -143  9  )
( -189  289  153  )
( -20  -40  -65  )
( 29  -185  16  )
( 230  -7  -57  )
( -33  127  -243  )
( 269  28  -265  )
( 199  79  -175  )
( 97  -14  -276  )
( -150  123  -203  )
( -194  -35  -69  )
( -115  -172  -254  )
( -163  110  174  )
( -221  72  -215  )
( 247  94  33  )
( 54  278  243  )
( -199  -299  -257  )
( 92  -238  -67  )
( -272  99  223  )
( 218  17  73  )
( -57  274  -55  )
( 295  12  202  )
( -171  55  -36  )
( -50  33  -264  )
( 47  -212  248  )
( 269  159  -288  )
( 268  42  -251  )
( 292  -155  -74  )
( 223  -127  -161  )
( -76  264  -125  )
( 288  -217  -136  )
( 76  -296  6  )
( -100  5  -30  )
( 0  -27  -248  )
( 90  104  -146  )
( 56  16  214  )
( -3  -246  -270  )
( 193  212  30  )
( 151  -8  -172  )
( 127  -0  -36  )
( -156  273  -206  )
( -265  199  -73  )
( -156  290  172  )
( -256  -29  286  )
( 290  212  -142  )
( -63  268  -119  )
( -253  39  -28  )
( -206  -102  7  )
( 176  48  180  )
( -111  296  21  )
( -25  -287  144  )
( -68  -63  -46  )
( 141  231  -228  )
( -1  125  186  )
( 299  212  211  )
( 178  212  -159  )
( 31  46  54  )
( 26  -199  -207  )
( -208  -294  282  )
( -210  -151  99  )
( -258  216  299  )
( 138  -251  -285  )
( -16  -155  -102  )
( -120  198  -35  )
( 193  -209  61  )
( 112  42  -66  )
( -216  155  -282  )
( 253  36  -30  )
( -282  -203  -252  )
( 142  276  43  )
( 211  3  208  )
( 24  101  160  )
( 255  174  -34  )
( 224  44  -64  )
( 71  -65  127  )
( -190  -68  -260  )
( -165  22  293  )
( 89  -17  -138  )
( 61  -113  -67  )
( 189  -158  -206  )
( 213  -164  -132  )
( 163  68  13  )
( 3  52  61  )
( 218  -156  45  )
( 85  288  -61  )
( -117  110  40  )
( -21  -220  222  )
( 288  -139  285  )
( 180  168  74  )
( 87  -291  -190  )
( 138  161  -45  )
( 101  154  157  )
( 152  25  230  )
( 290  -235  164  )
( 275  -92  122  )
( 92  -108  -156  )
( -127  29  264  )
( -251  -91  103  )
( -259  80  153  )
( 38  -147  -110  )
( -186  -102  -238  )
( -37  209  -91  )
( -82  120  -278  )
( 231  -177  112  )
( 157  10  30  )
( -65  161  24  )
( 142  -234  -122  )
( 75  221  84  )
( -27  -175  -278  )
( -229  121  53  )
( -119  237  -24  )
( 15  239  95  )
( -24  -159  13  )
( 170  -180  108  )
( 98  182  141  )
( 164  151  -53  )
( 273  -244  8  )
( -165  178  85  )
( -13  92  3  )
( -63  221  18  )
( 68  295  -141  )
( 70  50  -284  )
( -112  -214  -178  )
( 163  -180  196  )
( 1  -23  -68  )
( -191  -232  252  )
( 121  252  -129  )
( -94  58  286  )
( -68  -191  74  )
( -151  -172  -84  )
( 229  117  148  )
( 286  -251  -1  )
( 140  285  -69  )
( 265  -292  -191  )
( -209  194  54  )
( 246  -212  29  )
( 255  3  -19  )
( 224  -90  95  )
( 181  -78  -46  )
( -101  -4  241  )
( -184  -50  -199  )
( 103  -142  289  )
( 252  -58  -206  )
( 80  -177  179  )
( 258  192  -82  )
( -61  29  -285  )
( 97  -286  160  )
( 51  -105  285  )
( -201  -135  -75  )
( -134  87  -159  )
( 57  62  -196  )
( 33  6  161  )
( 236  -169  -27  )
( -205  -44  202  )
( 130  265  -15  )
( 292  214  -197  )
( 160  -92  -180  )
( -78  -104  -21  )
( -265  46  18  )
( -70  283  185  )
( -16  -33  -51  )
( -223  -157  18  )
( -213  70  -42  )
( -78  -62  -291  )
( -96  -202  31  )
( 60  186  -125  )
( -243  -266  279  )
( 256  -53  -30  )
( -238  109  55  )
( -51  -31  -285  )
( -16  75  -287  )
( 295  259  -197  )
( -40  -116  100  )
( -98  29  -137  )
( -67  -21  -199  )
( 164  29  63  )
( 195  -3  -217  )
( -230  -37  133  )
( 54  177  -221  )
( -8  -145  137  )
( -39  152  280  )
( -272  64  -126  )
( -149  244  -165  )
( -97  -278  -101  )
( -268  124  -53  )
( 25  -40  291  )
( -274  -14  238  )
( 169  -1  -127  )
( 267  249  225  )
( 177  0  -88  )
( 109  -13  127  )
( 62  137  -270  )
( 46  -79  -28  )
( -244  -71  121  )
( -268  -97  44  )
( -122  -160  -285  )
( 10  -43  -77  )
( -160  -188  -239  )
( 233  70  72  )
( -188  47  -182  )
( -9  20  101  )
( -23  -50  143  )
( -85  3  285  )
( 167  71  3  )
( 68  -282  -25  )
( 290  1  51  )
( -140  23  -19  )
( 150  215  176  )
( -120  172  52  )
( -167  -228  67  )
( 35  -161  -105  )
( -218  254  -117  )
( 120  132  238  )
( 285  -194  -33  )
( 151  213  65  )
( 9  250  -168  )
( -69  -187  273  )
( -26  23  -79  )
( 10  -78  234  )
( 92  144  158  )
( 242  -90  5  )
( 29  250  -42  )
( -222  -113  72  )
( -139  -229  -121  )
( -10  30  95  )
( 125  182  137  )
( 118  -33  -258  )
( -202  1  -71  )
( -253  151  -254  )
