( -231  -230  249  )
( -79  54  -276  )
( -178  -192  133  )
( 72  124  -60  )
( -57  -249  154  )
( -171  -125  -96  )
( -95  -178  -52  )
( 29  -203  -233  )
( -291  -25  -261  )
( -66  184  -246  )
( -114  -232  -256  )
( -153  170  129  )
( 223  171  -157  )
( -127  -233  -150  )
( 160  -235  169  )
( -32  147  -108  )
( -281  -68  44  )
( -183  66  -256  )
( -56  -142  -240  )
( 59  -238  267  )
( 44  -42  -237  )
( -218  195  163  )
( 99  -116  271  )
( 108  -159  -260  )
( -291  32  154  )
( -214  -106  -172  )
( -257  -278  135  )
( -18  196  -200  )
( -73  283  -219  )
( -252  -30  -22  )
( -44  1  -72  )
( 12  220  165  )
( 103  73  127  )
( 89  -205  56  )
( -120  -256  -71  )
( -7  241  18  )
( -209  249  58  )
( -246  -189  -59  )
( -246  -69  266  )
( 242  -124  165  )
( 152  -63  -25  )
( -198  -70  -44  )
( 267  -258  -208  )
( 292  38  -1  )
( 205  262  -118  )
( -253  -239  -87  )
( 295  225  -237  )
( -7  14  290  )
( -82  -296  74  )
( 218  -130  -211  )
( 167  94  85  )
( 45  110  291  )
( -60  253  53  )
( -47  44  262  )
( 274  -123  -6  )
( -121  46  116  )
( 14  -111  -221  )
( -71  -179  176  )
( 205  155  -185  )
( -52  -190  -2  )
( 214  -250  -154  )
( -44  126  133  )
( 38  103  -187  )
( -262  -237  265  )
( -199  143  -198  )
( 141  -256  136  )
( 61  75  -118  )
( 113  -223  -50  )
( 45  193  32  )
( -151  -268  -9  )
( -274  20  -134  )
( -232  129  -9  )
( -113  -224  -95  )
( -289  -17  242  )
( -77  -3  281  )
( -94  -167  185  )
( 259  297  -126  )
( -242  138  -166  )
( 288  115  -137  )
( 252  105  -138  )
( -1  187  90  )
( 113  103  -85  )
( 53  80  173  )
( -276  -27  254  )
( 86  31  -74  )
( -172  -2  206  )
( 136  225  -85  )
( 299  -89  -71  )
( -210  -86  -25  )
( 117  186  -224  )
( 140  171  56  )
( 95  279  222  )
( -33  80  -83  )
( 70  233  -162  )
( -166  -34  -296  )
( -174  180  273  )
( 50  -31  64  )
( 77  -185  252  )
( 10  100  87  )
( 191  58  -86  )
( 234  229  -71  )
( -137  279  -225  )
( -132  -178  38  )
( 185  -102  295  )
( 7  150  -291  )
( -49  -298  -53  )
( 266  28  245  )
( 179  1  209  )
( 196  -276  258  )
( -231  -194  -273  )
( 40  131  -148  )
( 153  -232  73  )
( 130  -122  -182  )
( -16  -177  172  )
( -42  -241  -123  )
( -133  -220  -79  )
( -289  185  -57  )
( 49  164  -220  )
( 57  -126  183  )
( -275  -126  -211  )
( -148  -195  42  )
( 238  -102  -261  )
( -27  -206  297  )
( -223  103  -289  )
( 134  -271  -32  )
( 295  -205  -146  )
( -6  -228  140  )
( 145  165  -231  )
( -16  208  207  )
( 61  224  124  )
( -172  -72  -98  )
( -279  -14  167  )
( 90  82  -142  )
( 214  178  -239  )
( -38  182  27  )
( 275  222  256  )
( 33  223  -31  )
( 54  185  -212  )
( 84  -10  156  )
( -203  70  158  )
( 114  -102  155  )
( 70  -137  83  )
( -216  243  40  )
( 212  -161  51  )
( -156  -144  -287  )
( 256  -275  -286  )
( -160  102  192  )
( 208  22  -251  )
( 59  45  157  )
( 70  127  -274  )
( 292  75  -23  )
( 212  70  -241  )
( -260  96  -77  )
( 51  -199  103  )
( -9  236  206  )
( -26  -63  65  )
( 170  138  -165  )
( -250  152  269  )
( 135  198  232  )
( -20  116  -258  )
( -177  -161  269  )
( -3  -37  88  )
( 14  -208  -30  )
( -256  37  9  )
( 198  -226  -200  )
( -193  -90  242  )
( -155  80  -82  )
( 198  -16  -140  )
( 269  -178  -89  )
( -272  -239  214  )
( -254  -114  235  )
( -207  -52  162  )
( 265  -163  88  )
( -74  -286  241  )
( -60  28  -255  )
( -88  -147  70  )
( -167  286  -276  )
( 30  -278  7  )
( -152  213  -59  )
( 281  -73  172  )
( -245  130  -86  )
( -38  172  230  )
( -164  -124  -51  )
( 139  291  -194  )
( 184  94  203  )
( 280  -71  -246  )
( 137  10  238  )
( -59  -232  32  )
( 210  -152  268  )
( 70  294  190  )
( 4  66  159  )
( 171  246  -222  )
( 77  -188  280  )
( 259  287  -243  )
( 2  277  103  )
( -71  271  252  )
( -281  -17  -134  )
( 51  -28  290  )
( -144  213  156  )
( 251  156  57  )
( 6  -222  41  )
( -63  -222  83  )
( -90  -225  109  )
( -26  -178  -57  )
( -194  -72  193  )
( -228  169  292  )
( 2  29  182  )
( -24  202  0  )
( -119  -111  48  )
( 215  119  -162  )
( 68  -163  -199  )
( -195  128  -214  )
( -182  84  291  )
( 236  72  243  )
( -158  22  -204  )
( -233  252  208  )
( 298  -160  -94  )
( 204  31  24  )
( -26  250  -161  )
( 34  169  202  )
( 192  107  -216  )
( 33  -238  -14  )
( 4  191  -102  )
( 93  -257  137  )
( -84  -120  76  )
( -204  -17  54  )
( -51  -93  157  )
( -103  235  -70  )
( -205  -289  -1  )
( 223  -99  -277  )
( 74  159  181  )
( -177  271  -109  )
( -31  113  232  )
( 240  -166  180  )
( -289  172  169  )
( 149  -29  -12  )
( 271  269  -63  )
( -152  209  -228  )
( 214  113  282  )
( -108  -59  160  )
( 269  144  -225  )
( 17  94  -103  )
( 233  17  252  )
( 18  134  261  )
( 155  130  295  )
( -246  -217  -170  )
( 225  140  -133  )
( -231  140  -82  )
( 154  -67  -274  )
( -139  -201  235  )
( -30  233  -203  )
( -26  143  120  )
( 290  -287  8  )
( 55  138  184  )
( -68  -254  48  )
( 132  -235  -39  )
( 205  -111  184  )
( -288  16  0  )
( 25  255  -29  )
( 171  -146  -11  )
( -140  -33  -15  )
( -96  -230  -212  )
( 4  -272  125  )
( -7  -214  -14  )
( 24  -211  -70  )
( -85  72  25  )
( 278  275  -49  )
( 150  86  -271  )
( -40  -295  -54  )
( -175  -105  267  )
( 55  213  -259  )
( 47  290  -206  )
( 35  -95  -236  )
( 47  -8  179  )
( -19  246  -75  )
( 58  -18  74  )
( 106  154  36  )
( 254  -221  -70  )
( 62  143  160  )
( 51  -83  53  )
( 291  -20  -12  )
( -244  -68  -293  )
( 222  3  -68  )
( 275  -118  140  )
( -190  -144  -299  )
( -43  126  154  )
( -65  218  1  )
( -72  -52  -53  )
( -160  238  28  )
( 68  21  -96  )
( 63  -133  4  )
( 206  190  65  )
( 1  -66  272  )
( 267  -234  -251  )
( 120  186  -275  )
( 282  143  287  )
( 41  -116  -128  )
( -66  -254  239  )
( -236  44  -2  )
( -216  -9  124  )
( -187  -278  92  )
( 292  36  -107  )
( -147  -37  93  )
( -285  83  69  )
( 35  247  156  )
( 179  252  123  )
( -95  181  33  )
( 20  -168  6  )
( 67  -110  -199  )
( 45  109  248  )
( -206  278  -243  )
( 177  -176  96  )
( 210  -52  -287  )
( 273  178  -14  )
( 235  -86  71  )
( -151  269  -250  )
( 68  126  -150  )
( -100  -258  296  )
( -237  -71  250  )
( -207  -52  -157  )
( -282  217  208  )
( 59  -163  149  )
( 160  -13  83  )
( 233  -78  137  )
( 266  22  -51  )
( -17  71  178  )
( 263  -77  -234  )
( -239  88  228  )
( -97  59  -53  )
( 290  -295  -94  )
( -64  165  211  )
( -69  -225  37  )
( 23  148  37  )
( -169  87  -238  )
( -256  -255  -26  )
( -87  233  -6  )
( 273  219  52  )
( 115  46  174  )
( -157  -44  0  )
( 239  -58  -107  )
( 224  -260  81  )
( 218  -98  -215  )
( -116  55  272  )
( 185  159  288  )
( -74  -3  10  )
( 278  -251  -152  )
( -253  27  -279  )
( 178  -151  292  )
( 61  119  211  )
( 251  -150  205  )
( 163  -248  -80  )
( 297  11  -43  )
( -64  -137  -290  )
( 182  208  228  )
( 223  -260  104  )
( -22  44  -263  )
( 209  -90  118  )
( -139  -13  264  )
( -255  -209  -122  )
( -167  -192  200  )
( -89  275  -212  )
( -284  218  -159  )
( 118  274  -191  )
( 268  191  51  )
( -263  -240  164  )
( -61  0  185  )
( 234  273  -74  )
( 170  261  -54  )
( -265  59  212  )
( 276  159  -263  )
( 37  80  204  )
( -118  -37  208  )
( 54  126  187  )
( -68  249  75  )
( 85  -34  292  )
( 273  55  10  )
( 35  -220  29  )
( 75  -144  -87  )
( 82  -263  278  )
( 176  -209  -105  )
( 18  -216  -127  )
( 207  -76  -84  )
( -194  -116  -132  )
( 140  -292  251  )
( -18  -122  -170  )
( 122  22  76  )
( -299  -7  -242  )
( 148  -185  -181  )
( -262  154  -159  )
( 213  241  -73  )
( -28  129  -283  )
( 28  -151  -16  )
( 164  -106  -87  )
( 43  -257  81  )
( 94  -7  183  )
( 178  235  -11  )
( -287  -137  230  )
( 91  -165  -141  )
( 147  109  139  )
( -266  -98  52  )
( 100  147  -278  )
( -95  252  166  )
( -247  159  -55  )
( 74  -111  -292  )
( 296  -80  63  )
( 191  120  -279  )
( -170  38  -171  )
( -285  203  -185  )
( 276  -93  39  )
( 135  176  -78  )
( -248  -65  -103  )
( -222  189  67  )
( 50  220  162  )
( -39  105  272  )
( -63  -47  -68  )
( -145  -270  -105  )
( 214  -218  -160  )
( -203  199  284  )
( -55  -155  111  )
( 154  -191  -260  )
( -212  11  -207  )
( 299  32  80  )
( -118  36  190  )
( -100  94  16  )
( 123  -228  36  )
( -233  -200  97  )
( -265  -85  210  )
( -214  -147  164  )
( 191  247  48  )
( -187  122  -192  )
( -170  215  277  )
( -281  204  -26  )
( 149  -106  -142  )
( 13  -193  -272  )
( -251  291  65  )
( 242  123  -64  )
( -157  -142  45  )
( -43  -71  -127  )
( -212  -237  -132  )
( 53  71  167  )
( 122  -50  48  )
( -157  298  -287  )
( -59  252  120  )
( -192  90  -172  )
( -152  -89  84  )
( -43  3  144  )
( -296  203  -258  )
( 73  231  -69  )
( 30  -242  -107  )
( 226  -142  -125  )
( 169  -145  -146  )
( 174  -18  -250  )
( -150  118  143  )
( -0  176  84  )
( -108  -133  61  )
( -201  95  47  )
( -108  -42  260  )
( -106  -151  -153  )
( 102  39  -134  )
( -51  -109  -269  )
( -84  262  -117  )
( 123  136  68  )
( 143  196  -60  )
( -269  -54  -256  )
( -294  -235  283  )
( -164  108  25  )
( 122  55  129  )
( -151  -122  -107  )
( -1  111  144  )
( -102  59  247  )
( -220  -104  -228  )
( 296  -58  -290  )
( 191  -65  107  )
( 86  48  266  )
( 181  -190  214  )
( 290  18  -156  )
( -243  -253  109  )
( -185  -190  74  )
( 24  95  -121  )
( 60  58  299  )
( 241  -149  150  )
( 82  -223  -46  )
( 141  -146  -186  )
( 270  -194  -17  )
( 268  -189  27  )
( -22  183  -185  )
( 175  -138  25  )
( -157  -110  205  )
( -57  29  -153  )
( -37  97  240  )
( 218  -89  3  )
( -296  255  294  )
( -58  -81  -26  )
( 209  29  218  )
( 188  262  258  )
( 213  144  86  )
( 273  54  -11  )
( 250  -216  268  )
( -70  131  285  )
( -38  -98  -184  )
( 39  148  -94  )
( 168  192  208  )
( 221  -286  165  )
( -57  252  -287  )
( -46  -249  141  )
( 174  -91  -62  )
( -24  149  95  )
( 298  171  -10  )
( 231  20  196  )
( -230  175  -54  )
( -138  161  -139  )
( -174  29  -107  )
( -290  64  85  )
( -69  -231  -27  )
( 268  -122  -81  )
( -285  -258  -92  )
( 270  -52  125  )
( -29  -192  -116  )
( -266  223  165  )
( -203  263  -80  )
( 218  -226  -184  )
( 12  -160  265  )
( -72  -114  -243  )
( -34  51  22  )
( 171  -155  -76  )
( 283  66  -110  )
( 90  179  21  )
( 120  1  -231  )
( -264  210  -118  )
( -152  -183  36  )
( -285  -183  -271  )
( -102  214  32  )
( -85  24  -150  )
( -215  276  -133  )
( 261  -21  234  )
( 42  -170  -194  )
( 177  107  -48  )
( 154  102  -157  )
( 42  -137  -173  )
( 221  67  -256  )
( -4  -92  222  )
( -227  140  -231  )
( 215  -146  240  )
( -57  -254  33  )
( -116  95  229  )
( 220  -123  -189  )
( -283  -273  206  )
( 132  -244  -72  )
( -269  251  -102  )
( -100  183  51  )
( -113  -168  -99  )
( 284  236  -71  )
( -98  61  -278  )
( -49  -8  168  )
( -103  -185  -266  )
( -173  12  -285  )
( 178  160  -209  )
( 130  -108  68  )
( 293  -230  -5  )
( 8  287  -122  )
( 289  -217  79  )
( -123  22  232  )
( 159  -8  -11  )
( -204  -53  -87  )
( -39  283  114  )
( 108  -190  -121  )
( 194  -225  -164  )
( -287  -210  162  )
( 11  216  -19  )
( 145  18  -147  )
( 85  198  -69  )
( 50  -111  128  )
( -204  298  -123  )
( -155  -231  -49  )
( -82  198  -187  )
( -40  -232  -261  )
( 25  200  -98  )
( 188  -223  -80  )
( 121  124  128  )
( 95  -278  -184  )
( -92  -278  -169  )
( -88  -272  -291  )
( -236  -25  -2  )
( -38  107  214  )
( -221  271  -7  )
( -209  275  128  )
( -242  277  122  )
( -14  11  133  )
( -129  -173  -83  )
( 111  132  61  )
( -61  -144  204  )
( -60  -88  135  )
( 195  211  181  )
( 6  204  -54  )
( 71  189  -166  )
( 14  54  183  )
( -75  288  -238  )
( -188  86  73  )
( -151  -136  -59  )
( 69  134  256  )
( -240  -144  -132  )
( -193  2  204  )
( 244  -45  -142  )
( -225  -120  -71  )
( 217  -69  134  )
( 192  -94  -139  )
( 126  38  25  )
( -83  282  -22  )
( -292  -32  -210  )
( -268  185  19  )
( -116  47  195  )
( 5  131  154  )
( 183  -272  135  )
( -251  115  106  )
( 29  -152  -288  )
( -9  -198  234  )
( -46  156  -262  )
( 41  63  -238  )
( 205  -248  139  )
( -41  16  -211  )
( 81  -144  -25  )
( 201  -130  135  )
( 224  -197  264  )
( 185  298  64  )
( -287  -102  251  )
( -211  145  -255  )
( -47  -122  81  )
( -58  -80  190  )
( 58  47  28  )
( 154  285  -96  )
( -40  31  -111  )
( 12  91  -67  )
( -102  -280  -290  )
( -193  -51  94  )
( -62  118  -293  )
( -9  224  197  )
( 201  -182  -236  )
( 67  -284  -4  )
( 291  -73  89  )
( -93  60  -196  )
( -75  34  44  )
( -155  184  -7  )
( 23  -77  -18  )
( -108  -84  -253  )
( 299  -210  294  )
( -275  -29  -28  )
( 212  93  -59  )
( 30  153  -249  )
( 108  272  6  )
( -30  62  -112  )
( -131  -180  -128  )
( -274  133  282  )
( -275  48  294  )
( -167  131  -270  )
( 180  268  75  )
( 82  236  -0  )
( -21  38  251  )
( 59  -184  181  )
( 237  -98  123  )
( 134  -252  133  )
( 157  -111  241  )
( 9  206  280  )
( 165  189  -227  )
( 205  244  -265  )
( -58  289  -237  )
( -96  228  -246  )
( 237  -90  139  )
( 37  261  -158  )
( 137  160  262  )
( 236  -175  -231  )
( -192  49  18  )
( -288  -3  -238  )
( 105  -214  102  )
( 271  -277  -80  )
( 256  80  -181  )
( -190  -33  -95  )
( -120  17  -294  )
( 58  257  2  )
( 210  -200  71  )
( -170  -58  -167  )
( -82  52  175  )
( -149  133  -157  )
( -43  54  -272  )
( 289  -4  197  )
( -57  209  17  )
( -208  226  -163  )
( 197  -235  77  )
( -181  2  19  )
( 79  267  -271  )
( 263  -175  -41  )
( -28  -178  -201  )
( 59  -250  -117  )
( -44  46  -15  )
( -73  293  -71  )
( 218  274  198  )
( 287  -6  -106  )
( 26  151  -210  )
( 0  -32  163  )
( -219  270  -21  )
( -178  -270  138  )
( -175  84  -115  )
( 228  -18  100  )
( -93  184  -260  )
( -20  -66  -130  )
( 263  -191  -72  )
( 276  121  -146  )
( 112  -152  191  )
( 3  184  -96  )
( -73  -50  -262  )
( 194  25  -278  )
( -170  164  -73  )
( 71  103  -87  )
( -131  282  -77  )
( 129  45  155  )
( -3  66  193  )
( -226  -221  290  )
( -142  -207  -186  )
( -138  206  -165  )
( 202  209  -85  )
( -153  -248  -45  )
( -253  -152  -214  )
( -254  -54  -47  )
( 280  -260  -281  )
( -151  220  -13  )
( 39  220  -256  )
( 197  -181  166  )
( -115  98  -152  )
( -145  -115  -86  )
( -57  -112  168  )
( -138  97  88  )
( -203  -273  35  )
( -294  -278  -27  )
( -131  -150  141  )
( -92  -206  249  )
( 115  15  -165  )
( -89  -285  -138  )
( 61  -84  155  )
( 119  -100  -141  )
( -7  -57  -204  )
( -201  -86  29  )
( -293  39  -187  )
( -176  120  -220  )
( 254  -238  50  )
( -208  -60  -40  )
( -62  99  -127  )
( -35  270  -33  )
( 112  -172  171  )
( -188  -126  -87  )
( 166  231  -80  )
( 149  -83  139  )
( 289  -213  297  )
( -228  298  -125  )
( -134  83  -110  )
( -179  36  -88  )
( -130  120  -19  )
( 274  -266  -52  )
( 208  226  -3  )
( -189  -156  -104  )
( 225  -104  291  )
( -85  255  -110  )
( -84  -248  199  )
( 194  275  287  )
( -43  169  -5  )
( 145  -198  -169  )
( -178  196  -279  )
( 130  165  -160  )
( 142  -224  -106  )
( -129  260  -292  )
( -274  -32  -143  )
( 169  -53  116  )
( -177  -66  -233  )
( 67  -227  -88  )
( 291  246  -18  )
( 217  270  195  )
( 110  -225  239  )
( 249  246  105  )
( -298  35  10  )
( -135  285  109  )
( 116  -237  256  )
( 66  88  -128  )
( -43  146  -231  )
( 178  -92  39  )
( -0  -274  166  )
( 158  102  -182  )
( 139  282  52  )
( -106  271  30  )
( 51  -209  286  )
( 19  6  240  )
( -267  -198  253  )
( -29  83  127  )
( -240  156  241  )
( -63  217  162  )
( -130  245  226  )
( -177  141  272  )
( -292  -219  91  )
( 21  61  -63  )
( -247  293  68  )
( -115  -278  -70  )
( -26  267  212  )
( 45  22  -284  )
( -251  -254  -68  )
( 202  -274  227  )
( -220  -188  -290  )
( -112  -291  148  )
( -236  295  234  )
( -44  -219  -55  )
( -281  -211  -290  )
( -291  270  240  )
( -13  -219  -165  )
( 64  -48  -231  )
( -60  -87  -267  )
( -289  -267  124  )
( -10  -279  165  )
( 37  -242  73  )
( 119  93  -194  )
( 69  133  114  )
( -161  -18  -217  )
( 204  227  162  )
( -226  -13  -15  )
( -111  172  276  )
( 81  -186  9  )
( 134  -200  135  )
( 139  292  -100  )
( -183  138  -127  )
( -27  -284  281  )
( 15  -268  -126  )
( 278  -149  146  )
( 111  236  212  )
( 288  296  243  )
( 138  -296  20  )
( -105  96  -49  )
( 120  -134  27  )
( 234  132  168  )
( -124  -30  38  )
( -161  -73  68  )
( 299  -156  -261  )
( 67  -124  -41  )
( 144  135  229  )
( -188  -74  -269  )
( 139  186  -224  )
( -166  67  155  )
( -230  -271  -34  )
( -294  285  -119  )
( 50  -112  194  )
( 134  -84  -5  )
( 226  -281  -48  )
( 228  47  284  )
( -269  239  124  )
( -67  258  -142  )
( -206  -293  -108  )
( 200  -274  266  )
( -153  -78  77  )
( 265  136  84  )
( 24  72  126  )
( -4  266  296  )
( 55  -77  194  )
( 64  89  -41  )
( 297  290  94  )
( -165  72  290  )
( 56  217  28  )
( 179  -237  -83  )
( 242  -94  167  )
( 271  -148  -287  )
( -293  -250  225  )
( -223  -278  -46  )
( 168  95  -292  )
( -282  -254  -32  )
( -55  -232  -150  )
( 288  -264  -44  )
( 106  96  -214  )
( -126  106  -260  )
( 216  -244  102  )
( -234  249  77  )
( 171  225  277  )
( 27  79  180  )
( 186  26  168  )
( 130  8  136  )
( 257  -6  130  )
( 138  93  275  )
( -247  65  217  )
( -172  95  52  )
( -31  122  140  )
( -298  103  92  )
( -151  254  -26  )
( 88  -206  272  )
( 230  -41  47  )
( -214  101  -265  )
( 295  -235  156  )
( -90  -139  -19  )
( -200  -181  65  )
( -208  102  -100  )
( 227  -17  141  )
( 211  171  0  )
( 276  -201  82  )
( 35  252  -170  )
( -21  -83  255  )
( 27  -205  -215  )
( -47  -205  -35  )
( -101  -79  281  )
( -201  -34  -17  )
( 252  -261  104  )
( -13  194  -290  )
( 70  118  -196  )
( 4  215  -232  )
( -41  248  23  )
( -165  -147  12  )
( 62  -121  -166  )
( 35  -118  252  )
( 284  -270  -252  )
( -148  -221  -265  )
( -98  154  284  )
( -192  -240  -224  )
( -113  -289  -24  )
( 143  -36  44  )
( 105  144  53  )
( -205  -206  273  )
( 286  146  -49  )
( 226  222  -100  )
( -158  -36  -208  )
( -130  -90  -249  )
( -181  42  167  )
( 34  -49  221  )
( -78  -158  -174  )
( -137  -140  135  )
( -16  140  -286  )
( -83  -93  -45  )
( -25  19  218  )
( 15  -187  126  )
( 118  -294  -129  )
( -141  -184  31  )
( -226  14  -217  )
( 97  131  -119  )
( 176  132  71  )
( -186  -48  25  )
( -274  -69  -244  )
( 111  -183  -248  )
( 33  63  -133  )
( -5  -276  224  )
( -278  -76  11  )
( 193  -124  31  )
( -282  76  132  )
( 19  248  -272  )
( -154  -37  -268  )
( 244  222  -205  )
( -118  217  -68  )
( 131  -79  32  )
( 275  92  -130  )
( -163  -297  11  )
( 9  -208  26  )
( 214  34  -76  )
( -84  99  123  )
( -205  -30  -138  )
( -244  141  132  )
( 11  227  -49  )
( -53  -222  93  )
( -245  -200  295  )
( -159  222  -98  )
( -238  -250  168  )
( -23  -234  74  )
( 1  -270  86  )
( 135  -47  -196  )
( -265  171  -36  )
( 54  -214  -66  )
( -123  140  -174  )
( -4  68  -86  )
( -146  -194  -171  )
( 29  -153  276  )
( -273  203  211  )
( 47  -142  -41  )
( -155  268  133  )
( -131  202  53  )
( -299  197  -26  )
( -263  -144  295  )
( 97  204  186  )
( -65  117  214  )
( -156  -138  -31  )
( -69  137  -120  )
( -196  -185  71  )
( -7  -64  195  )
( 275  130  49  )
( 3  -1  78  )
( -81  -296  84  )
( -42  -85  88  )
( -60  -176  77  )
( 153  169  -20  )
( -70  -74  -84  )
( -120  14  201  )
( 203  115  -96  )
( -126  -32  34  )
( -294  74  89  )
( 93  -140  157  )
( 264  139  -156  )
( -169  -81  -233  )
( -0  -189  103  )
( -108  27  154  )
( 52  7  -271  )
( -84  -63  130  )
( -4  17  158  )
( -287  159  292  )
( -273  286  -81  )
( 174  -144  142  )
( -214  175  -31  )
( -112  -94  226  )
( -80  -33  -14  )
( 227  209  -135  )
( 174  212  -62  )
( 288  -144  242  )
( 176  147  -275  )
( 75  -268  37  )
( -200  -176  -212  )
( -13  -208  -207  )
( -174  -288  93  )
( -67  -227  -78  )
( -295  -45  73  )
( -232  -198  229  )
( 281  -258  -26  )
( -191  101  -93  )
( -258  204  -79  )
( -60  -254  115  )
( -100  -201  287  )
( 185  -215  -46  )
( -172  -250  6  )
( 207  -55  71  )
( -18  -273  116  )
( 156  -130  -1  )
( -78  -117  -257  )
( 42  20  153  )
( -59  212  6  )
( 211  -31  276  )
( 101  79  -131  )
( 187  238  218  )
( 146  -117  61  )
( -274  -4  -158  )
( -259  -201  -293  )
( 20  -16  -35  )
( -125  -126  -114  )
( 44  153  -192  )
( -53  -216  -95  )
( 24  259  3  )
( 214  -156  -31  )
( -153  287  26  )
( 0  -279  156  )
( 7  291  -249  )
( -86  231  -257  )
( 66  -94  -78  )
( 219  150  -69  )
( 95  -134  152  )
( -72  -25  -47  )
( 23  -191  -214  )
( 146  -284  168  )
( -195  141  237  )
( -78  44  -197  )
( 116  -31  -262  )
( 245  -281  23  )
( -239  -189  -44  )
( 162  -27  194  )
( -64  159  -210  )
( 171  -224  -240  )
( 139  -74  273  )
( -262  -170  17  )
( -59  -41  -53  )
( 221  93  -206  )
( 191  -6  269  )
( 225  -138  -239  )
( -286  -151  -109  )
( 169  159  185  )
( -219  151  -163  )
( -2  -35  -197  )
( 165  -250  -174  )
( -206  285  184  )
( -249  159  37  )
( -266  160  164  )
( 282  232  -148  )
( 37  -210  27  )
( 292  -105  -217  )
( -106  -34  -145  )
( 26  199  278  )
( -61  163  -224  )
( 95  -92  -133  )
( 278  -245  149  )
( -150  12  179  )
( 163  55  268  )
( 245  103  -23  )
( 45  -5  47  )
( 158  -95  -136  )
( 194  -253  -278  )
( -14  290  -37  )
( 17  213  105  )
( -32  8  -150  )
( -153  -177  -137  )
( 5  -57  218  )
( -111  -1  -244  )
( 61  148  245  )
( -110  174  -6  )
( 55  184  176  )
( -63  -151  -260  )
( 138  -224  -241  )
( -174  -245  -9  )
( 24  -195  223  )
( 78  -281  -28  )
( -269  -157  -296  )
( 42  75  143  )
( -145  81  144  )
( 235  160  135  )
( 230  13  47  )
( 182  -104  -107  )
( -91  -202  -209  )
( -56  -25  251  )
( 123  153  217  )
( 232  -128  -161  )
( 256  195  -92  )
( 136  274  -147  )
( 274  -294  -59  )
( 96  -272  93  )
( 134  5  -102  )
( 80  -39  128  )
( 272  213  -178  )
( 209  289  151  )
( -168  172  62  )
( 27  -212  46  )
( -120  88  248  )
( -196  32  86  )
( 270  61  -178  )
( -203  247  80  )
( -134  -72  273  )
( -283  33  217  )
( -194  -165  150  )
( -154  -97  -253  )
( 197  -119  -80  )
( -81  47  280  )
( 297  71  -94  )
( 174  272  216  )
( 71  91  -47  )
( -181  -147  -180  )
( 230  -213  1  )
( -191  -55  151  )
( 136  251  -241  )
( 223  -186  212  )
( 51  243  -167  )
( 86  -298  100  )
( -292  190  197  )
( -297  29  -9  )
( -127  -182  -46  )
( 214  17  259  )
( -148  124  -295  )
( 170  -77  4  )
( -226  -118  -83  )
( -266  -151  -292  )
( 70  46  -108  )
( -101  -228  -226  )
( 146  261  156  )
( 30  -29  -198  )
( 296  -182  -230  )
( -138  -195  95  )
( -184  -101  31  )
( 293  -297  -178  )
( -139  -11  1  )
( -45  -73  -96  )
( -105  -181  -86  )
( -2  -145  104  )
( 213  287  -49  )
( -264  -51  162  )
( -1  -108  -145  )
( 281  -55  221  )
( -129  -270  -6  )
( -259  197  -165  )
( 134  -145  217  )
( -292  217  296  )
( 109  183  148  )
( 133  -261  34  )
( -286  13  176  )
( 44  -47  125  )
( 212  237  -100  )
( -63  -110  -45  )
( 160  115  -30  )
( -160  -196  213  )
( -191  81  221  )
( -165  203  61  )
( -55  216  -102  )
( -205  299  -203  )
( -260  275  73  )
( 219  -263  -297  )
( 80  -198  -166  )
( 119  -181  -82  )
( -282  -224  -126  )
( 95  219  75  )
( 136  95  122  )
( -214  -221  -62  )
( 25  201  -72  )
( 194  7  -238  )
( -86  9  41  )
( -151  -77  64  )
( -34  -171  -149  )
( 147  14  -275  )
( -84  263  151  )
( -95  173  163  )
( -226  296  -250  )
( 282  -137  -240  )
( -165  205  -146  )
( 71  24  127  )
( -107  -179  -144  )
( -228  -67  192  )
( -0  12  283  )
( 138  -158  134  )
( 141  200  203  )
( -272  88  254  )
( 63  21  -23  )
( -85  -57  -63  )
( -58  -54  -53  )
( -183  140  48  )
( -203  293  -297  )
( 74  -243  -53  )
( -104  194  5  )
( -118  -181  -159  )
( 162  167  -115  )
( 78  4  112  )
( -233  -5  31  )
( -213  -33  -215  )
( -98  -203  186  )
( 97  -4  -17  )
( 116  -213  4  )
( 64  -126  84  )
( -299  86  0  )
( 116  236  173  )
( 188  -95  28  )
( 15  167  -102  )
( -266  -111  -219  )
( -46  18  245  )
( -262  104  22  )
( 188  259  -189  )
( 231  111  126  )
( -14  -16  67  )
( -34  -191  -253  )
( -175  -173  217  )
( 108  -152  225  )
( 103  -185  -243  )
( -52  -167  -194  )
( -203  -281  -205  )
( 95  10  256  )
( 46  -9  190  )
( -60  -220  103  )
( -197  40  -39  )
( -219  -10  35  )
( -11  -99  200  )
( -177  293  197  )
( -33  -257  -89  )
( -48  -11  147  )
( 12  258  -138  )
( 235  -17  -198  )
( -298  114  -142  )
( 267  -242  67  )
( -136  26  -109  )
( -56  146  -276  )
( 7  257  47  )
( 190  -233  -115  )
( -70  97  -292  )
( -278  -164  30  )
( -186  12  202  )
( -166  279  76  )
( -257  -192  172  )
( -85  191  68  )
( 44  0  -260  )
( 183  -244  118  )
( -58  -165  -85  )
( 69  54  -226  )
( -71  12  204  )
( -291  235  -66  )
( 159  75  -197  )
( -253  -267  94  )
( -11  34  -72  )
( 55  -155  -232  )
( 135  261  -207  )
( 0  161  -234  )
( 167  4  -100  )
( 252  296  132  )
( -228  -294  85  )
( -168  38  260  )
( -101  -148  -234  )
( 119  86  2  )
( -249  151  -37  )
( 127  -147  -295  )
