( -273  9  52  )
( 3  -279  41  )
( -79  -54  146  )
( -184  103  -173  )
( 63  130  126  )
( 240  262  -191  )
( -123  137  175  )
( 156  -111  129  )
( -262  208  -214  )
( -201  140  215  )
( 55  31  197  )
( -92  170  -253  )
( 100  185  -220  )
( 261  268  -184  )
( -49  -296  239  )
( -233  -74  73  )
( 83  -269  -175  )
( -23  267  -78  )
( 267  94  206  )
( -210  132  -22  )
( 43  -234  195  )
( -75  -137  -294  )
( -66  147  75  )
( 254  103  253  )
( 23  55  288  )
( -149  190  -68  )
( -219  233  277  )
( -79  -184  7  )
( -250  -58  242  )
( -32  97  -230  )
( -220  -147  -90  )
( 61  -62  105  )
( -56  1  19  )
( -76  38  222  )
( 271  -76  86  )
( -119  101  60  )
( 256  -20  273  )
( 87  -108  -120  )
( -43  29  132  )
( 97  127  240  )
( 59  -280  138  )
( -272  190  -175  )
( -225  -50  203  )
( 37  140  -299  )
( -92  153  116  )
( -238  -176  -248  )
( 180  216  -93  )
( -78  185  33  )
( -69  231  76  )
( 60  -55  -257  )
( 82  198  222  )
( -250  -206  -204  )
( -260  -200  -215  )
( 168  -41  224  )
( 160  13  6  )
( 271  -110  181  )
( 29  71  43  )
( -80  201  -299  )
( -61  -140  -134  )
( -89  -281  139  )
( 141  -190  -189  )
( 193  78  -42  )
( -235  105  43  )
( -295  191  105  )
( -258  -24  76  )
( -200  220  -170  )
( -36  226  14  )
( -167  248  251  )
( -63  215  -273  )
( 234  -177  -113  )
( 24  -185  -11  )
( 299  171  269  )
( -178  -241  -191  )
( 220  96  295  )
( 137  -203  82  )
( 148  275  97  )
( -156  -58  28  )
( -110  212  -161  )
( 46  288  -7  )
( -37  89  -92  )
( 66  -281  -65  )
( 24  -182  147  )
( 182  -173  -43  )
( -7  -53  174  )
( -85  -23  -168  )
( -236  -267  241  )
( -217  249  -285  )
( -293  159  -274  )
( -216  269  -299  )
( -259  30  63  )
( 160  -28  104  )
( 257  130  23  )
( -270  44  247  )
( 251  -112  -166  )
( -15  -102  6  )
( 180  173  -25  )
( -289  -62  -161  )
( -291  57  -181  )
( -88  61  3  )
( -165  190  232  )
( 272  215  -211  )
( -193  -217  266  )
( -62  -98  -277  )
( 265  -118  -257  )
( -50  -99  -167  )
( -283  55  22  )
( -241  -117  -297  )
( 101  36  38  )
( 154  180  -150  )
( 127  164  -87  )
( 236  -20  72  )
( -220  162  24  )
( 147  -54  -63  )
( 143  -92  215  )
( 51  264  -180  )
( -57  -17  -89  )
( -211  185  157  )
( -134  14  62  )
( 187  39  -162  )
( -55  -48  -0  )
( 120  -251  -2  )
( -10  189  78  )
( -227  276  62  )
( -140  271  287  )
( 265  184  50  )
( 254  -21  15  )
( 195  -111  -285  )
( 265  11  207  )
( 98  -244  129  )
( -240  -119  296  )
( 219  -30  -229  )
( -208  89  -175  )
( -161  207  -260  )
( 195  -187  103  )
( 54  190  -189  )
( -123  175  -33  )
( -256  -83  -28  )
( 240  -178  -134  )
( -267  -184  56  )
( -29  190  -275  )
( -266  256  -265  )
( -156  -162  -194  )
( 270  254  -185  )
( 100  19  279  )
( 112  -75  235  )
( -97  -103  77  )
( 290  49  276  )
( 295  -5  -246  )
( 82  -258  -48  )
( -205  -133  208  )
( 158  191  295  )
( -85  -31  -77  )
( -17  -249  287  )
( -174  139  -168  )
( 150  283  -91  )
( 201  259  -3  )
( -132  -279  -240  )
( -251  147  -223  )
( 226  132  112  )
( 249  253  -128  )
( -252  37  77  )
( -68  168  -170  )
( -129  119  166  )
( 80  248  200  )
( 266  79  235  )
( -183  -293  16  )
( -297  87  -147  )
( 54  171  -174  )
( 275  122  -36  )
( -53  52  274  )
( -244  162  98  )
( -298  59  65  )
( 284  -202  16  )
( -135  -140  -27  )
( -269  -234  -186  )
( -222  -282  89  )
( -116  -154  -44  )
( 108  119  98  )
( 201  -170  186  )
( 52  -34  195  )
( -71  232  -48  )
( 147  -229  253  )
( -224  158  233  )
( 205  97  -265  )
( -14  84  -185  )
( 10  206  219  )
( -67  -27  274  )
( -216  94  83  )
( -29  56  -12  )
( -84  -7  -142  )
( 105  -178  -76  )
( -163  126  -233  )
( 52  -239  -281  )
( -233  -131  69  )
( 251  106  -44  )
( 16  -113  22  )
( -235  77  -288  )
( 243  -48  205  )
( 229  32  -210  )
( 175  213  -297  )
( -163  236  -170  )
( 148  206  -191  )
( -22  -35  75  )
( -140  202  -76  )
( -173  103  291  )
( -122  -73  105  )
( 217  68  6  )
( 67  -51  122  )
( 27  -156  -143  )
( 222  -18  273  )
( -240  -0  -235  )
( -246  -70  -251  )
( -72  -134  146  )
( 200  152  -133  )
( 23  -30  -299  )
( 133  154  176  )
( -46  150  10  )
( 61  -263  -274  )
( 145  -66  -51  )
( -290  81  179  )
( 213  -62  144  )
( -235  -105  205  )
( 199  253  217  )
( 268  -226  -36  )
( 141  73  -14  )
( 44  -218  -6  )
( 16  -60  -274  )
( 299  228  -235  )
( 254  114  -4  )
( -173  244  -212  )
( 88  -162  -87  )
( 274  225  -76  )
( 102  43  -75  )
( -138  -33  -69  )
( 6  37  -95  )
( 252  -141  -226  )
( 59  133  219  )
( -54  -68  -299  )
( 225  70  -223  )
( -93  -281  266  )
( 99  -87  -24  )
( -269  -60  -260  )
( -170  122  -6  )
( -46  -56  -234  )
( -292  -152  -103  )
( 256  241  148  )
( -166  -248  56  )
( -98  -145  -186  )
( -195  172  -128  )
( -52  -191  -263  )
( -199  195  29  )
( 202  -119  228  )
( -296  -56  -52  )
( 159  261  -286  )
( -259  165  -24  )
( -102  -172  284  )
( -76  -222  -77  )
( 2  -201  -56  )
( -291  -218  -234  )
( -241  35  48  )
( 98  -94  216  )
( -202  199  103  )
( -256  -73  -221  )
( 236  104  -19  )
( -144  -250  -193  )
( -28  -40  -152  )
( 73  80  189  )
( 85  -271  -290  )
( 208  147  80  )
( 78  -284  -280  )
( 36  219  -193  )
( 17  -158  139  )
( 187  77  268  )
( -254  54  235  )
( -35  149  193  )
( 132  35  -171  )
( 135  -210  -77  )
( -30  -207  150  )
( -269  -234  111  )
( -43  -187  -66  )
( 184  -169  132  )
( 38  157  -156  )
( -12  -93  -221  )
( 186  -65  -178  )
( 6  15  220  )
( 194  -156  -41  )
( 6  221  -42  )
( 35  -188  -68  )
( -82  28  85  )
( 73  -199  60  )
( -64  -81  24  )
( 81  212  -193  )
( -18  -119  160  )
( -2  113  56  )
( 299  -111  -93  )
( -251  122  -125  )
( -109  -157  -24  )
( -3  -107  268  )
( 209  -129  39  )
( 30  123  133  )
( -55  182  -184  )
( -235  217  -184  )
( 282  -131  217  )
( 3  -42  -248  )
( -113  -110  276  )
( -87  140  -94  )
( -291  -178  195  )
( 274  -214  -117  )
( -250  153  6  )
( 191  208  199  )
( -16  -163  -126  )
( -166  62  288  )
( -225  252  28  )
( 135  -177  207  )
( -291  73  -200  )
( -150  -11  63  )
( 16  238  -199  )
( 142  -281  -165  )
( -234  11  127  )
( 49  214  99  )
( 102  250  -136  )
( 263  160  132  )
( -279  -136  205  )
( -81  -298  80  )
( 73  -244  119  )
( -48  -283  239  )
( 91  -184  -58  )
( 45  -97  -30  )
( -50  282  -177  )
( 120  23  -14  )
( -269  -108  156  )
( 293  41  -127  )
( -59  230  -215  )
( 213  -3  156  )
( -148  -292  144  )
( -11  188  220  )
( -256  -287  64  )
( 147  214  159  )
( -257  203  -43  )
( -162  -152  -14  )
( -299  -230  250  )
( -16  256  -209  )
( 64  -87  160  )
( -27  -96  66  )
( 21  157  -166  )
( 159  -292  -251  )
( -33  23  -106  )
( 297  -231  47  )
( 149  66  -9  )
( 247  -15  119  )
( 32  -12  278  )
( -73  108  38  )
( -54  29  171  )
( 56  32  -135  )
( -170  -190  161  )
( -198  176  -23  )
( 24  -81  221  )
( 117  176  -72  )
( -40  -84  239  )
( 91  163  -85  )
( 50  94  -96  )
( 25  -155  104  )
( 231  -275  -175  )
( 32  -131  254  )
( 106  -221  -84  )
( 288  -146  66  )
( -126  249  -16  )
( -212  -89  195  )
( -13  218  64  )
( 93  297  227  )
( 32  -195  -203  )
( -12  98  -9  )
( 226  293  279  )
( 231  -283  267  )
( 163  39  -96  )
( -240  62  -133  )
( 206  -213  -265  )
( 96  -192  -82  )
( 28  -124  46  )
( 234  91  156  )
( 268  -11  171  )
( 46  145  -147  )
( -155  -251  -117  )
( -157  194  74  )
( 95  -64  -157  )
( 86  -158  217  )
( -85  212  299  )
( -184  -217  -209  )
( 185  256  -102  )
( -115  23  114  )
( -206  58  -109  )
( 52  23  -13  )
( -11  -18  -195  )
( 59  -166  -145  )
( 239  -192  83  )
( 200  103  162  )
( 115  242  4  )
( 227  -68  13  )
( -208  291  -219  )
( -283  -98  -108  )
( 120  -282  -198  )
( -188  -11  -34  )
( 53  -5  -213  )
( 118  -180  -149  )
( -124  177  133  )
( -128  -201  40  )
( 79  -258  23  )
( -216  171  -157  )
( 219  136  108  )
( 121  149  3  )
( -198  189  31  )
( 103  295  63  )
( 136  122  -64  )
( -188  -108  -97  )
( -154  170  -58  )
( -109  216  -255  )
( -9  -298  227  )
( -236  58  240  )
( 247  -63  -82  )
( 193  46  204  )
( 184  -269  10  )
( 245  -234  103  )
( -156  -291  -257  )
( 64  201  -289  )
( 59  -261  82  )
( 31  145  296  )
( -18  -180  3  )
( -30  279  220  )
( -170  -224  109  )
( 101  -200  -201  )
( -239  186  231  )
( -207  7  -92  )
( -271  -115  279  )
( -164  -186  171  )
( 21  191  258  )
( -217  88  -79  )
( -212  -5  -288  )
( -228  -210  48  )
( -7  12  -31  )
( -59  -101  -118  )
( 38  -184  174  )
( 35  86  19  )
( 213  -76  -244  )
( -224  -56  166  )
( 167  62  -277  )
( -234  -127  -58  )
( 11  62  83  )
( 70  299  -23  )
( 49  118  40  )
( 135  234  89  )
( 26  -166  -105  )
( -152  -14  -93  )
( 20  224  -277  )
( 67  -274  113  )
( -152  118  296  )
( 225  -47  -230  )
( -44  103  21  )
( -32  3  122  )
( -123  6  -74  )
( 92  255  40  )
( -212  269  55  )
( 163  224  -233  )
( 11  124  35  )
( 33  -218  -81  )
( 153  -257  109  )
( -235  -161  -242  )
( 41  -227  52  )
( -212  -226  68  )
( -167  216  219  )
( -257  -216  -104  )
( 43  -179  -197  )
( -138  -84  -197  )
( -200  -246  17  )
( 1  214  -242  )
( -176  -51  210  )
( 275  -76  -130  )
( 43  126  -232  )
( -61  -99  -284  )
( -73  53  54  )
( 125  -71  -264  )
( -135  -287  -222  )
( 266  -157  -245  )
( -288  -146  274  )
( -26  6  292  )
( -251  -259  -249  )
( 252  116  63  )
( 27  -142  -81  )
( -122  -166  265  )
( -79  -111  158  )
( -193  -207  183  )
( -99  -246  242  )
( -95  173  26  )
( -231  77  -128  )
( 91  194  -289  )
( -135  188  48  )
( -140  -157  47  )
( -158  159  184  )
( -6  256  -118  )
( 278  -274  280  )
( -14  144  8  )
( -226  161  -229  )
( 235  -271  -76  )
( 275  165  -208  )
( 111  -247  -187  )
( -114  -164  -217  )
( -14  190  -271  )
( -212  98  -277  )
( -248  -64  -0  )
( -190  261  -19  )
( 213  111  298  )
( 9  -177  -193  )
( -158  16  169  )
( 138  176  192  )
( -109  0  188  )
( 221  110  58  )
( 80  175  182  )
( -118  194  107  )
( 92  -192  42  )
( 286  209  54  )
( -208  -232  -146  )
( -29  -205  156  )
( -232  -283  166  )
( -11  137  87  )
( 61  113  -262  )
( -271  -142  -11  )
( -225  -105  -178  )
( -167  -222  -51  )
( -28  166  171  )
( 2  -216  144  )
( 136  299  246  )
( -145  -71  254  )
( -67  -20  206  )
( 163  -11  -140  )
( 161  -212  76  )
( 20  131  251  )
( -189  72  80  )
( -29  -163  189  )
( -292  -56  212  )
( -264  45  -243  )
( 43  -199  238  )
( 25  -128  279  )
( 71  -258  239  )
( 6  -140  -161  )
( -178  246  106  )
( -47  -135  294  )
( 4  203  -95  )
( 286  225  37  )
( -34  -256  -210  )
( -194  39  -140  )
( -298  278  13  )
( -19  -290  -16  )
( -85  -245  -238  )
( 45  -159  -98  )
( -260  -67  196  )
( -136  -44  -167  )
( -18  185  128  )
( 174  297  -165  )
( -239  183  -243  )
( 58  139  -19  )
( -222  -196  -210  )
( -135  180  -30  )
( -2  -44  -157  )
( -210  97  113  )
( 147  238  -266  )
( 18  -2  9  )
( 10  -57  -146  )
( 189  52  108  )
( -294  212  122  )
( -145  -255  -3  )
( 197  219  76  )
( 148  144  -259  )
( 246  32  -296  )
( 196  -100  -86  )
( 12  72  -23  )
( -279  -119  188  )
( -32  223  -80  )
( 184  -238  -103  )
( 202  47  -252  )
( -130  270  213  )
( 98  294  132  )
( 178  66  20  )
( -165  183  87  )
( 243  140  -192  )
( 6  -275  -157  )
( 164  274  96  )
( 293  255  101  )
( 291  261  13  )
( -130  114  220  )
( 145  157  -190  )
( 206  120  234  )
( -110  -36  141  )
( -140  270  -118  )
( -73  -223  173  )
( 210  183  253  )
( -296  257  -179  )
( 140  267  143  )
( 45  -238  -213  )
( -217  -222  -296  )
( 238  197  -44  )
( -214  66  113  )
( 231  -103  197  )
( 87  78  210  )
( -24  78  -68  )
( 202  -27  -207  )
( -281  -102  146  )
( -88  -295  57  )
( 133  -274  30  )
( -35  -58  82  )
( -173  -70  -130  )
( 167  -45  22  )
( -44  -7  -215  )
( -169  -189  284  )
( -69  -242  -71  )
( 159  78  -98  )
( 6  -55  198  )
( -15  -252  -188  )
( -65  179  222  )
( 217  206  227  )
( 33  -171  45  )
( 51  -276  -6  )
( 9  -292  230  )
( -83  283  135  )
( -96  252  246  )
( -97  90  -88  )
( -0  294  -89  )
( -281  -59  268  )
( 190  -180  9  )
( -101  10  -40  )
( -7  -155  13  )
( -194  -259  55  )
( -75  -251  108  )
( -160  -295  -110  )
( -79  -112  205  )
( 115  -280  -232  )
( -227  -258  0  )
( -215  123  84  )
( -5  -171  -32  )
( -150  -266  249  )
( 214  142  98  )
( -138  217  186  )
( -246  291  51  )
( -246  243  176  )
( -138  183  261  )
( -96  134  -288  )
( -116  96  73  )
( -20  -256  248  )
( 130  -108  -97  )
( -159  133  80  )
( -264  -8  -130  )
( -283  -2  -19  )
( 81  -44  167  )
( -275  -153  -69  )
( -195  25  -120  )
( -239  215  -102  )
( -179  -104  -135  )
( 75  -122  -124  )
( 293  38  -273  )
( -52  149  -137  )
( 165  172  250  )
( 119  -148  279  )
( -167  -92  -7  )
( 144  124  -217  )
( -63  57  77  )
( 90  180  -170  )
( -17  -154  -221  )
( -186  -104  -152  )
( -115  -257  164  )
( -236  61  0  )
( 215  -62  210  )
( 280  108  -238  )
( -276  -203  -57  )
( -292  4  -242  )
( -2  147  239  )
( -227  -84  104  )
( 203  -289  -87  )
( -246  -240  -248  )
( 161  -292  79  )
( -13  75  189  )
( 94  -178  -78  )
( 198  -109  -15  )
( 206  -83  -169  )
( -199  -114  166  )
( 151  28  68  )
( -82  -5  77  )
( -285  176  251  )
( 164  -226  -214  )
( -121  86  289  )
( -134  127  53  )
( -122  -74  44  )
( 230  259  58  )
( 40  -204  258  )
( -60  -43  -49  )
( 34  171  -242  )
( 195  -259  -199  )
( -219  142  253  )
( 184  -18  128  )
( -191  -11  141  )
( -259  -142  -247  )
( -176  162  285  )
( -78  -27  297  )
( 251  37  -257  )
( -196  164  165  )
( -73  27  194  )
( -118  94  31  )
( 216  -46  191  )
( 182  195  -177  )
( 176  -60  99  )
( 157  -89  -116  )
( 137  122  -252  )
( -171  -260  169  )
( -158  -213  118  )
( -213  37  -85  )
( -29  269  84  )
( -258  4  98  )
( 283  -58  -5  )
( -207  283  -172  )
( 94  235  219  )
( 73  -251  211  )
( 290  57  180  )
( 80  157  173  )
( 140  250  291  )
( -168  47  129  )
( 226  245  -217  )
( -275  -176  -64  )
( 273  -128  225  )
( -120  -149  190  )
( -107  -162  43  )
( 173  50  -202  )
( 15  -140  239  )
( 25  -87  -5  )
( -286  -188  -79  )
( -162  295  183  )
( -214  -247  239  )
( -143  211  119  )
( -159  -283  -299  )
( -51  158  79  )
( -281  -81  35  )
( 10  -2  -218  )
( -162  147  140  )
( -188  -81  145  )
( 190  267  3  )
( -19  259  1  )
( -166  -297  205  )
( -66  234  196  )
( -129  -195  238  )
( 234  -252  -216  )
( -132  30  198  )
( -289  214  -193  )
( 242  135  -270  )
( 219  -31  -262  )
( 4  -278  263  )
( -10  -25  -244  )
( -142  -167  -171  )
( -252  201  -147  )
( -264  115  -262  )
( -8  161  232  )
( -90  -286  289  )
( 120  13  -294  )
( 249  -224  183  )
( 214  103  -17  )
( 105  123  -192  )
( 2  236  49  )
( -40  70  -48  )
( 155  -82  151  )
( -99  -192  237  )
( -274  260  58  )
( -163  -81  -117  )
( -280  266  -204  )
( 228  -111  -66  )
( -64  163  -168  )
( -13  -90  292  )
( -283  33  -144  )
( -161  117  4  )
( -55  -166  134  )
( 108  -216  269  )
( 120  -150  -51  )
( 216  215  -25  )
( 49  39  -152  )
( -264  190  -32  )
( 160  200  296  )
( 249  121  -255  )
( -136  -134  -70  )
( 152  260  185  )
( 267  -210  234  )
( -210  216  0  )
( 121  21  -287  )
( 66  168  273  )
( 3  -140  239  )
( 153  72  -275  )
( -220  224  101  )
( -206  -251  131  )
( -226  73  268  )
( -67  198  -100  )
( -117  158  130  )
( -180  -265  -57  )
( -288  -252  -126  )
( 34  -97  8  )
( -12  -29  261  )
( -14  -129  -50  )
( -240  -14  155  )
( 22  154  134  )
( -124  268  24  )
( -170  198  174  )
( -113  242  220  )
( -238  -276  121  )
( 6  -173  282  )
( 201  -246  -174  )
( 115  -49  -210  )
( 261  -219  -73  )
( -201  174  -164  )
( 251  48  189  )
( -237  -119  153  )
( 50  188  120  )
( 185  197  219  )
( -215  -248  33  )
( 225  140  204  )
( -226  244  -52  )
( 37  4  269  )
( 80  -124  55  )
( -287  292  -25  )
( -169  -217  -179  )
( -260  -262  -89  )
( -282  -68  73  )
( 172  286  1  )
( -43  239  145  )
( -196  -64  31  )
( -244  220  -212  )
( -244  -160  -13  )
( 257  -285  -287  )
( 119  -199  -99  )
( 228  106  10  )
( 215  166  -247  )
( -285  -136  -82  )
( -164  255  162  )
( -265  96  76  )
( -242  209  -125  )
( -271  -84  46  )
( 237  66  62  )
( -13  -69  83  )
( 219  193  78  )
( -227  111  271  )
( 274  -220  -240  )
( -94  202  -256  )
( 2  85  168  )
( -90  183  -295  )
( -97  142  70  )
( 153  -99  141  )
( -51  128  81  )
( -2  206  58  )
( 238  233  241  )
( -245  -264  -153  )
( -186  -18  -46  )
( -295  291  -137  )
( -140  225  -74  )
( -247  -40  -227  )
( -103  217  177  )
( 33  37  150  )
( 200  -55  -16  )
( 243  14  -106  )
( 116  -191  11  )
( -272  -15  -38  )
( -21  -238  -4  )
( -34  236  165  )
( -1  -132  -40  )
( -190  -196  -167  )
( 126  234  4  )
( -28  155  -135  )
( 203  -127  240  )
( 172  -225  -294  )
( -102  103  248  )
( 65  -14  81  )
( 103  -127  -283  )
( -26  25  -226  )
( -276  245  -159  )
( 204  157  -117  )
( -215  -143  243  )
( -277  141  -287  )
( 264  79  275  )
( -31  -50  174  )
( 68  170  248  )
( -277  182  285  )
( 191  -8  -254  )
( -238  214  1  )
( 50  -158  156  )
( 7  6  -161  )
( -163  -201  -43  )
( 249  -231  81  )
( 194  81  283  )
( 236  30  -39  )
( -233  -27  -263  )
( -188  225  -86  )
( 299  -257  -30  )
( 71  176  -38  )
( -53  -166  176  )
( 161  -4  37  )
( -278  -131  -26  )
( 22  -277  220  )
( -144  70  146  )
( 71  -173  9  )
( -166  234  211  )
( 155  -172  -269  )
( -30  -140  143  )
( -25  -54  231  )
( -37  -242  -247  )
( -45  7  -212  )
( -238  84  -49  )
( -135  69  -222  )
( -149  16  263  )
( 153  -0  -178  )
( 276  279  263  )
( -103  135  25  )
( -111  -224  260  )
( -70  146  175  )
( -202  -17  251  )
( 192  -126  93  )
( 14  47  -96  )
( -164  190  68  )
( -294  35  -88  )
( 204  -110  -220  )
( -238  14  -258  )
( -195  -130  -89  )
( -29  -18  284  )
( 97  -37  -0  )
( -231  1  -44  )
( 286  188  -55  )
( 58  -84  -64  )
( -295  178  -184  )
( -16  51  -36  )
( -28  60  179  )
( 19  167  -275  )
( 251  104  -177  )
( -105  -283  -17  )
( -153  -10  -299  )
( -268  -227  -265  )
( -208  -202  -229  )
( -65  -171  231  )
( 139  -278  -280  )
( -196  -20  -1  )
( 0  60  -156  )
( -162  -117  -240  )
( 125  39  188  )
( 147  146  -233  )
( 43  73  -36  )
( -176  173  241  )
( 32  -195  53  )
( -275  141  -119  )
( -160  178  65  )
( -157  -20  -259  )
( -199  241  261  )
( 183  -176  -195  )
( 267  146  -274  )
( -188  -78  -230  )
( 67  -218  267  )
( 44  117  -136  )
( 20  259  267  )
( 220  -86  -205  )
( 190  -30  -278  )
( 67  181  -138  )
( 298  -97  220  )
( 135  -78  68  )
( -76  -7  -235  )
( 51  219  271  )
( 261  123  89  )
( 292  -144  -90  )
( 272  -171  -220  )
( 177  -130  102  )
( 78  -0  -292  )
( -246  -283  69  )
( 182  -274  -32  )
( -24  -56  23  )
( 4  144  -123  )
( -157  -107  -134  )
( -246  18  -281  )
( 69  -70  -46  )
( -206  258  -204  )
( 247  203  -242  )
( 227  159  -6  )
( 45  -256  -161  )
( -286  218  -176  )
( 130  -138  -268  )
( 184  -81  80  )
( 8  91  -97  )
( -73  250  69  )
( 33  284  214  )
( -142  -59  113  )
( 95  212  -287  )
( 134  -225  173  )
( 218  -140  126  )
( 297  -139  42  )
( -21  80  -15  )
( 180  256  182  )
( -8  129  -120  )
( 42  0  65  )
( 47  -121  148  )
( 230  -59  -172  )
( 27  -60  -95  )
( 65  -199  -248  )
( 269  -36  216  )
( 41  -199  -40  )
( 132  193  -204  )
( 129  93  212  )
( -238  201  241  )
( -267  156  -274  )
( 232  -218  33  )
( 170  259  -197  )
( 204  -51  -230  )
( -239  42  287  )
( 10  296  173  )
( -198  -282  188  )
( 221  -132  255  )
( 196  -141  -89  )
( -74  294  -5  )
( 142  -32  -158  )
( 191  -64  247  )
( -47  -85  -224  )
( -252  -209  -135  )
( -203  -35  133  )
( 186  124  -70  )
( -149  131  226  )
( -264  166  137  )
( -286  -109  167  )
( 161  13  74  )
( 207  265  213  )
( 291  215  -112  )
( 293  -272  39  )
( -63  -179  -255  )
( -112  -229  16  )
( -188  -266  -62  )
( 79  136  -197  )
( -35  15  -165  )
( -118  -69  -193  )
( 278  107  -209  )
( -165  233  57  )
( 24  180  -113  )
( -5  -83  -2  )
( -247  169  258  )
( -92  -279  -116  )
( 104  294  -241  )
( -190  64  -259  )
( 188  221  -299  )
( 111  80  247  )
( -296  277  -187  )
( -6  113  15  )
( -299  -279  -218  )
( -32  -289  39  )
( 136  -182  -258  )
( 65  -296  38  )
( 186  290  -257  )
( 2  -235  -54  )
( -85  -189  236  )
( -11  -143  -86  )
( -183  -61  73  )
( 149  -72  76  )
( 107  -208  67  )
( 114  -231  -98  )
( -262  -41  269  )
( -21  -201  -186  )
( -122  31  164  )
( 228  79  261  )
( -190  -120  286  )
( -173  -8  -81  )
( 163  80  239  )
( 234  183  157  )
( -296  210  -148  )
( -134  0  -98  )
( 101  2  59  )
( -247  60  -134  )
( -147  -145  -235  )
( -230  184  -237  )
( -293  -234  270  )
( -149  -169  -178  )
( -284  -137  183  )
( -137  7  -213  )
( 245  -18  -146  )
( 179  -58  -186  )
( 28  -259  -251  )
( -199  -152  -267  )
( -207  -215  3  )
( -297  32  250  )
( 219  -125  116  )
( 179  297  204  )
( -221  -169  170  )
( -46  95  175  )
( -57  206  138  )
( 253  -218  122  )
( -89  166  95  )
( -69  75  148  )
( 142  126  122  )
( 171  236  -3  )
( 108  -84  -237  )
( -122  -151  -71  )
( 155  143  31  )
( 191  285  150  )
( 91  289  152  )
( 26  -150  222  )
( 148  -197  39  )
( 250  10  -23  )
( 127  135  -270  )
( 233  -4  -0  )
( 4  -175  174  )
( -234  -157  -180  )
( -247  113  4  )
( 240  238  266  )
( 131  153  87  )
( -15  133  56  )
( 228  125  -283  )
( -82  -246  205  )
( 162  -17  106  )
( 273  150  70  )
( 29  -113  -165  )
( -242  -7  45  )
( -251  -171  124  )
( -139  -135  -40  )
( 76  -10  202  )
( -195  -155  -133  )
( 28  285  178  )
( -61  236  62  )
( 240  175  20  )
( 60  141  40  )
( -230  137  -201  )
( -16  185  212  )
( -121  -212  170  )
( -5  -96  22  )
( 0  -16  -229  )
( 48  -99  -178  )
( -204  195  65  )
( -154  -96  180  )
( -34  -109  -158  )
( -262  -137  248  )
( 33  170  -155  )
( 43  269  -158  )
( 259  -29  217  )
( 20  140  -112  )
( -264  221  -89  )
( -82  -153  259  )
( 62  -299  101  )
( -245  151  -209  )
( -84  -156  220  )
( 54  -104  233  )
( -158  78  -156  )
( -255  -76  94  )
( -109  -146  -123  )
( 261  62  -288  )
( 51  85  187  )
( 154  299  142  )
( -26  2  9  )
( -2  -16  139  )
( 2  93  -49  )
( -61  9  -136  )
( 243  -294  81  )
( -294  276  255  )
( -33  -28  45  )
( -73  38  -193  )
( -124  -268  -32  )
( -133  57  146  )
( -172  245  -88  )
( 252  -115  50  )
( 108  280  -148  )
( -225  245  34  )
( -115  -1  -220  )
( 12  -222  66  )
( 269  167  -64  )
( 65  238  247  )
( -190  112  -89  )
( 248  -90  -166  )
( -111  62  -267  )
( 268  105  -83  )
( 282  122  35  )
( 163  -133  -52  )
( 83  130  -139  )
( -256  -144  -0  )
( 293  156  239  )
( -29  211  -114  )
( -37  70  11  )
( -49  -272  201  )
( -151  -45  -143  )
( -227  27  -41  )
( -3  -221  -194  )
( -184  -199  -8  )
( 239  224  241  )
( -29  86  -219  )
( 48  130  -72  )
( -192  281  96  )
( 237  157  133  )
( 292  -73  108  )
( -201  253  277  )
( -203  291  -106  )
( 109  -156  -229  )
( 181  -95  87  )
( -288  -298  -284  )
( 128  58  -0  )
( 144  -195  213  )
( 294  -27  123  )
( -231  50  290  )
( 135  -262  -192  )
( -205  208  200  )
( 276  -23  -3  )
( 191  264  58  )
( 282  79  210  )
( 133  24  149  )
( 14  211  37  )
( 261  -113  124  )
( 123  141  100  )
( 150  118  -79  )
( -220  173  240  )
( -162  253  -137  )
( 233  -77  234  )
( -213  61  244  )
( -233  124  -186  )
( -189  -43  213  )
( -89  136  20  )
( -238  -237  -280  )
( 158  -16  -26  )
( 54  70  246  )
( 149  -203  84  )
( -293  -93  -107  )
( -255  171  -132  )
( 116  196  -287  )
( -194  66  -29  )
( 163  276  142  )
( -3  -214  -233  )
( 72  -41  -147  )
( -57  -193  198  )
( -221  127  -152  )
( 78  99  80  )
( -178  90  229  )
( -14  -281  -235  )
( -244  -39  275  )
( 34  267  148  )
( 257  188  212  )
( 266  284  187  )
( 109  -103  138  )
( -261  101  55  )
( -221  -26  225  )
( -56  -3  -23  )
( -65  209  -291  )
( 188  -4  -178  )
( 228  -162  289  )
( -53  3  -39  )
( 248  -89  106  )
( -45  -109  -150  )
( 273  -197  98  )
( -6  -165  -143  )
( -50  -243  230  )
( -12  87  213  )
( 173  281  -41  )
( -220  240  -269  )
( -253  185  203  )
( -129  261  -131  )
( -157  162  -287  )
( 228  -215  227  )
( 136  -90  133  )
( 142  2  -60  )
( -241  -271  -141  )
( -76  1  218  )
( -233  -262  -138  )
( 12  -270  -274  )
( 82  179  -294  )
( 67  205  -154  )
( -159  242  113  )
( 26  -256  56  )
( 218  98  -254  )
( -152  37  181  )
( 126  156  -249  )
( -202  -45  20  )
( 243  86  -146  )
( -144  113  -14  )
( -284  89  -225  )
( -169  -272  -249  )
( 220  -60  -18  )
( -275  -260  61  )
( 100  -209  -206  )
( -289  236  127  )
( -247  45  -165  )
( -266  296  -127  )
( -44  -74  132  )
( -203  23  -112  )
( 1  117  -116  )
( -252  192  -121  )
( 201  -38  -153  )
( -55  253  261  )
