( 293  -191  -170  )
( 3  -280  119  )
( -51  -229  -166  )
( -57  239  -16  )
( 39  -3  -4  )
( 65  176  28  )
( -284  126  96  )
( -142  -259  109  )
( -108  -3  5  )
( 162  -105  -258  )
( -205  213  159  )
( 188  147  260  )
( 3  -221  -101  )
( 70  -67  -205  )
( -73  148  -158  )
( 98  -75  84  )
( 145  126  68  )
( 225  -263  240  )
( -92  -180  122  )
( -184  29  -270  )
( 31  -269  -249  )
( -135  -186  192  )
( 263  226  187  )
( 169  70  -230  )
( 187  -7  93  )
( -17  105  125  )
( 129  -16  260  )
( -292  41  -272  )
( -234  -167  -60  )
( 265  259  170  )
( 24  -291  -153  )
( 2  -185  161  )
( -177  -39  253  )
( -64  -258  292  )
( -70  -236  219  )
( 48  50  -120  )
( 281  -154  275  )
( 72  139  -82  )
( -215  138  42  )
( -124  -155  -296  )
( -17  -112  -18  )
( 157  -147  -54  )
( 102  12  -220  )
( -166  120  -62  )
( -284  -216  124  )
( -67  -182  -153  )
( 204  -154  -283  )
( 97  222  -66  )
( 175  15  138  )
( 81  12  -259  )
( 266  199  -144  )
( 75  -293  59  )
( -281  162  -88  )
( -230  -81  -169  )
( -166  -155  -264  )
( -234  242  -25  )
( -234  148  -283  )
( 72  75  297  )
( -254  269  277  )
( -180  -139  12  )
( -212  -116  170  )
( 37  136  69  )
( -16  -10  -56  )
( 102  7  226  )
( -31  38  115  )
( 58  277  -216  )
( 39  279  -158  )
( -208  102  227  )
( 102  265  290  )
( 207  -48  -285  )
( -286  -62  107  )
( -224  -255  -278  )
( 72  -282  185  )
( 185  -112  -58  )
( 285  13  229  )
( 21  -270  -13  )
( -157  -22  149  )
( -55  96  -115  )
( 137  -49  213  )
( 112  111  47  )
( 271  -137  4  )
( -192  296  231  )
( -210  26  24  )
( 42  -66  -72  )
( -51  160  236  )
( 92  -140  -218  )
( -93  -171  201  )
( -61  73  -121  )
( 276  -43  -22  )
( 92  258  -179  )
( -179  64  70  )
( -223  281  232  )
( 85  -44  -205  )
( 152  72  -286  )
( 167  -223  -274  )
( 114  -102  -166  )
( 270  -82  39  )
( 7  -47  64  )
( -10  -231  196  )
( 143  -99  -288  )
( -43  -299  -238  )
( 274  -227  -49  )
( -177  -246  -260  )
( -294  45  277  )
( 3  28  66  )
( -259  160  -136  )
( -192  243  -18  )
( -168  36  -266  )
( -0  34  121  )
( -212  -136  219  )
( 167  155  -143  )
( 26  165  163  )
( -299  -3  -27  )
( 140  160  -213  )
( 263  209  207  )
( 264  298  -177  )
( 277  -68  290  )
( 49  262  82  )
( 114  58  -140  )
( 87  -245  -260  )
( 161  151  70  )
( 72  31  -59  )
( 228  -296  -231  )
( 122  68  113  )
( 96  -137  -29  )
( 166  -19  56  )
( -114  171  -34  )
( -233  -203  -256  )
( 43  -233  -248  )
( -280  -109  257  )
( -98  -1  243  )
( -289  102  122  )
( -248  265  -98  )
( -92  -243  91  )
( -32  139  -147  )
( 200  -277  195  )
( 144  -108  -43  )
( -119  -81  -120  )
( -22  164  -169  )
( -73  104  67  )
( 89  -227  -149  )
( -155  79  214  )
( -286  -172  42  )
( 87  94  76  )
( 261  135  -48  )
( 228  123  240  )
( -14  -286  -123  )
( 17  104  287  )
( 138  247  275  )
( 160  123  222  )
( -48  19  90  )
( 95  167  -147  )
( 175  -293  -44  )
( -292  -34  -64  )
( -72  -113  56  )
( -127  -18  -279  )
( -0  -147  -203  )
( -36  151  270  )
( -35  77  215  )
( -292  -203  -96  )
( 120  -170  238  )
( -213  166  275  )
( 106  48  25  )
( -242  268  197  )
( 31  113  193  )
( -70  111  -196  )
( -227  214  234  )
( 75  235  241  )
( 163  120  -70  )
( -197  -75  133  )
( 67  -185  -274  )
( -138  -223  16  )
( 164  99  142  )
( 230  264  28  )
( -22  -198  115  )
( 241  -189  199  )
( -179  96  218  )
( -294  123  43  )
( -34  -21  237  )
( 207  -245  119  )
( 126  -67  -234  )
( -84  189  -264  )
( 5  101  285  )
( 172  -18  244  )
( -272  -71  116  )
( 298  290  -100  )
( 199  -131  -212  )
( 27  186  -133  )
( 245  -88  185  )
( -14  -186  298  )
( 1  95  295  )
( 129  49  14  )
( -107  148  275  )
( -30  -285  169  )
( -269  233  -282  )
( -25  -186  -261  )
( -56  20  -232  )
( 223  -186  -234  )
( 60  -37  -34  )
( -291  -31  -167  )
( 200  -127  0  )
( 257  63  73  )
( -290  193  123  )
( 173  -294  -53  )
( 128  256  198  )
( -68  -109  -81  )
( 165  209  -20  )
( -28  -247  -176  )
( -203  -193  1  )
( -161  -15  -109  )
( -151  195  -83  )
( 141  -125  249  )
( -47  201  42  )
( 139  -205  -179  )
( 223  4  243  )
( -46  274  171  )
( 48  167  -71  )
( -238  228  19  )
( 213  -246  257  )
( 265  -64  -125  )
( -131  33  -269  )
( 208  251  -38  )
( 78  195  -2  )
( -280  -260  -128  )
( -223  -24  -200  )
( -299  32  281  )
( -171  -118  222  )
( 177  -155  57  )
( 293  223  68  )
( -150  75  31  )
( 182  -6  -108  )
( -250  244  161  )
( 2  -126  72  )
( 176  181  -196  )
( -116  26  -286  )
( 4  -77  -97  )
( -17  -26  114  )
( 43  -206  102  )
( -172  7  92  )
( 170  -45  -287  )
( -172  58  -147  )
( 263  -110  -123  )
( 204  28  135  )
( -48  132  214  )
( 135  122  76  )
( -97  71  252  )
( -254  -92  123  )
( -166  -15  -85  )
( 27  115  129  )
( -78  -231  4  )
( -163  -209  -190  )
( 202  -180  204  )
( 43  212  198  )
( -114  27  -1  )
( -18  -215  -158  )
( -89  -93  185  )
( -294  -89  -132  )
( 162  75  119  )
( -24  -175  7  )
( 38  -245  -218  )
( -171  -297  -112  )
( 248  -116  -186  )
( 107  184  289  )
( -16  -200  233  )
( -73  -118  -193  )
( -81  -170  -196  )
( -155  175  200  )
( -280  76  -167  )
( 118  -250  -119  )
( -206  194  80  )
( 240  14  -29  )
( 7  -130  -186  )
( 203  228  -261  )
( 61  -220  50  )
( 89  135  -257  )
( 228  82  21  )
( 146  205  61  )
( 129  -24  4  )
( -57  -234  261  )
( -232  69  56  )
( -254  -222  -276  )
( -6  132  -223  )
( -155  246  -296  )
( -55  -236  279  )
( 235  -147  121  )
( 67  -191  -117  )
( -293  -222  -45  )
( -53  263  -144  )
( -44  -21  -60  )
( -133  -185  225  )
( 159  -37  143  )
( -164  33  -200  )
( 18  -221  -31  )
( 91  142  -89  )
( 156  -199  -296  )
( -101  45  -291  )
( -86  221  286  )
( 41  -92  -154  )
( -180  -139  261  )
( 91  273  111  )
( 45  255  186  )
( 45  -278  -145  )
( 59  106  108  )
( 134  112  297  )
( 132  248  -77  )
( 212  35  -30  )
( -86  164  279  )
( 173  -180  -275  )
( -218  296  -247  )
( 263  -137  -114  )
( -160  -202  18  )
( -180  -175  -251  )
( -151  -125  230  )
( -288  -268  134  )
( 272  -287  -170  )
( -20  -12  102  )
( -232  162  -280  )
( 122  136  210  )
( -37  -278  -35  )
( -85  -7  170  )
( -149  -178  -84  )
( -157  123  -102  )
( -197  -199  -185  )
( -99  160  -53  )
( -154  73  191  )
( -191  -118  -179  )
( 154  221  -254  )
( 36  -153  101  )
( 175  230  69  )
( 275  79  65  )
( -1  115  107  )
( -189  245  154  )
( -58  -284  159  )
( -81  111  86  )
( 98  -290  -239  )
( 51  191  -116  )
( -124  -222  250  )
( -153  -232  176  )
( 246  -135  -203  )
( 9  89  -69  )
( -164  118  -229  )
( -236  285  105  )
( 295  -180  -228  )
( 5  -12  -65  )
( 151  38  111  )
( -251  260  157  )
( 131  -101  -188  )
( 94  49  -279  )
( 262  118  250  )
( -235  -106  20  )
( 9  85  -168  )
( -276  48  155  )
( -103  70  193  )
( 200  -285  -190  )
( -67  126  100  )
( 208  -80  -172  )
( -88  -72  -110  )
( 166  1  -35  )
( 156  -163  171  )
( -131  -212  -146  )
( 183  278  -182  )
( 4  99  256  )
( 149  266  246  )
( -246  -50  -121  )
( -269  -297  128  )
( 71  205  -27  )
( 216  113  175  )
( -267  -263  -213  )
( -124  -128  17  )
( 33  296  194  )
( -119  228  215  )
( -97  264  -178  )
( -196  -38  166  )
( -146  -96  -154  )
( 275  -41  -200  )
( 247  85  -137  )
( -216  229  -156  )
( 176  -287  -104  )
( 49  -161  7  )
( 275  -296  208  )
( -11  289  128  )
( -186  96  -198  )
( -26  -285  224  )
( -297  -153  -268  )
( 223  222  233  )
( 26  90  -13  )
( -119  -287  -262  )
( -60  -38  -163  )
( -127  4  18  )
( -277  -75  106  )
( 187  -166  -290  )
( 296  -69  -53  )
( -202  -229  256  )
( -121  235  68  )
( -236  70  137  )
( -293  -246  29  )
( 109  83  71  )
( -94  -12  -76  )
( -271  42  -220  )
( 84  228  159  )
( 240  -179  -241  )
( -182  250  -240  )
( 291  257  -123  )
( 49  278  255  )
( -170  152  -106  )
( -136  -264  256  )
( -229  -33  103  )
( 192  -178  -120  )
( 234  27  98  )
( -207  167  -113  )
( 165  229  118  )
( 70  -297  68  )
( 234  87  -162  )
( 259  31  244  )
( -141  -183  -274  )
( 146  -209  171  )
( -162  116  98  )
( -277  -6  -225  )
( 19  -102  236  )
( -263  47  -20  )
( 143  -20  -283  )
( 267  -86  77  )
( 80  166  34  )
( -91  -86  -28  )
( 95  -167  -171  )
( 119  -298  -227  )
( -249  149  -56  )
( 167  146  -296  )
( 96  -252  46  )
( 275  208  268  )
( 68  186  143  )
( -173  278  291  )
( -34  65  -289  )
( -290  209  -38  )
( 172  -6  284  )
( -98  184  80  )
( -86  -275  -246  )
( 141  175  174  )
( -51  -5  166  )
( 297  30  -193  )
( 145  -45  296  )
( -37  10  -102  )
( 139  -151  217  )
( 152  -156  239  )
( -291  -7  80  )
( 277  -80  -123  )
( -265  219  -214  )
( 261  142  5  )
( -127  281  -267  )
( 47  -297  143  )
( -251  -109  200  )
( 120  166  38  )
( 187  38  -145  )
( -115  -155  213  )
( -192  70  94  )
( 281  285  93  )
( 297  -4  -68  )
( -151  -18  -2  )
( -179  -265  230  )
( 279  43  -136  )
( 191  94  -32  )
( 218  224  -289  )
( -44  -34  -265  )
( 225  8  33  )
( 190  59  -215  )
( 27  -273  -7  )
( 77  -62  -87  )
( 203  275  -127  )
( 136  -141  240  )
( 70  160  -269  )
( 63  190  76  )
( -43  -192  32  )
( 268  106  -134  )
( -33  65  63  )
( 136  167  -273  )
( 58  -74  114  )
( -270  123  -284  )
( 107  -192  -292  )
( -64  297  -240  )
( -148  -24  -135  )
( 251  -97  66  )
( -222  56  109  )
( -234  -242  -37  )
( -17  189  118  )
( -129  -211  238  )
( -278  -240  207  )
( 175  -140  -86  )
( 164  -268  190  )
( 250  -231  -170  )
( 125  75  -21  )
( -98  -6  -279  )
( -138  281  262  )
( 214  186  127  )
( -241  256  49  )
( -44  -32  -263  )
( -226  -71  132  )
( -82  27  -195  )
( -206  291  -95  )
( -193  122  -294  )
( -181  211  -105  )
( 17  29  -106  )
( 285  223  -260  )
( -4  173  -19  )
( 183  -272  -278  )
( -185  54  252  )
( 107  -293  -166  )
( 155  160  149  )
( -261  -179  -187  )
( 19  -1  -298  )
( 77  -276  10  )
( -195  256  81  )
( -200  -245  -214  )
( 232  -26  222  )
( 171  124  46  )
( 242  -229  -220  )
( 103  -202  157  )
( 296  -29  257  )
( 10  -204  -261  )
( 72  -214  168  )
( -183  -285  109  )
( -211  30  -183  )
( -2  -83  232  )
( -104  50  -89  )
( 213  -192  -281  )
( 197  -196  -230  )
( 83  275  -184  )
( 280  284  -160  )
( -218  111  173  )
( -87  -197  -37  )
( 48  -103  198  )
( -252  232  7  )
( -123  -75  -219  )
( 89  70  -291  )
( 155  104  86  )
( 86  -22  -165  )
( -246  -283  -203  )
( -265  -121  -279  )
( -37  -56  -44  )
( 68  -120  -203  )
( 42  -43  112  )
( 159  38  -280  )
( -240  -237  -154  )
( -46  224  81  )
( 236  10  -72  )
( 144  123  299  )
( 278  -123  181  )
( -8  -147  -274  )
( 278  -172  -272  )
( -215  -231  108  )
( 62  -204  -250  )
( -79  99  -222  )
( 83  -108  34  )
( -151  -232  -94  )
( 91  -281  252  )
( 270  -27  17  )
( -222  243  251  )
( -266  105  139  )
( -121  -129  -92  )
( 56  108  60  )
( 220  -140  253  )
( 54  -217  -183  )
( -213  -176  -200  )
( 42  39  -159  )
( -81  -171  183  )
( 41  155  -267  )
( -91  221  99  )
( -226  -43  197  )
( -134  -197  -238  )
( -251  39  181  )
( -81  -260  47  )
( 258  -160  -79  )
( 258  -39  -222  )
( 58  169  -46  )
( 209  -114  156  )
( -259  -185  112  )
( -294  -89  231  )
( -53  178  -168  )
( 159  14  219  )
( -208  -55  -278  )
( -150  268  190  )
( -296  199  -231  )
( -209  -114  -68  )
( -18  -126  -4  )
( 248  212  115  )
( 63  229  154  )
( -178  -31  20  )
( -120  164  61  )
( 26  28  144  )
( 129  57  -162  )
( -144  217  -258  )
( 1  -91  140  )
( 120  259  13  )
( 277  214  -224  )
( -200  203  -98  )
( -117  260  239  )
( 170  -138  233  )
( 258  90  -51  )
( -238  195  -285  )
( 234  -230  105  )
( -271  178  -273  )
( 88  -299  153  )
( -276  149  -296  )
( -164  -64  284  )
( 214  -295  -287  )
( 80  -97  253  )
( -22  -83  -261  )
( -196  -70  290  )
( 281  147  285  )
( 158  272  182  )
( -268  -164  34  )
( 173  113  148  )
( 116  -58  -1  )
( -225  -54  -131  )
( -186  31  261  )
( -198  158  15  )
( 175  -76  65  )
( -151  -207  108  )
( -275  181  -139  )
( 194  175  78  )
( -196  -43  226  )
( -51  31  81  )
( 144  -183  154  )
( 239  -202  -218  )
( 247  -210  270  )
( 208  -282  144  )
( 137  248  163  )
( 82  39  86  )
( 36  87  -181  )
( -111  37  -67  )
( -297  -245  102  )
( 58  -148  133  )
( -111  -144  -295  )
( 156  287  -56  )
( -265  -188  210  )
( -22  -65  187  )
( -201  -45  172  )
( 253  -211  -69  )
( -178  16  118  )
( -133  221  -180  )
( 86  -2  -188  )
( 253  108  -205  )
( -283  114  -263  )
( -144  11  -183  )
( -279  -226  -91  )
( -86  -10  -45  )
( -237  -126  2  )
( -247  197  -56  )
( -261  -268  146  )
( 158  277  118  )
( -222  108  224  )
( -168  77  -126  )
( 290  -55  -128  )
( -290  -179  -165  )
( 138  208  -132  )
( -203  157  -176  )
( -178  42  -147  )
( -153  -41  48  )
( 236  -219  -136  )
( -35  -86  21  )
( -175  -98  -151  )
( 148  44  54  )
( -196  -281  117  )
( 22  247  -174  )
( -232  -185  104  )
( 146  275  271  )
( -259  289  -149  )
( -293  -182  157  )
( 154  -8  -129  )
( 122  -118  -65  )
( -256  204  -120  )
( -241  -149  46  )
( 212  -259  -150  )
( 137  -182  -67  )
( -15  -128  181  )
( -105  -100  224  )
( 139  -188  -148  )
( 123  -263  -3  )
( -278  -248  125  )
( -202  56  -39  )
( -103  114  122  )
( -60  -288  140  )
( -56  -195  186  )
( 6  246  -171  )
( 115  -201  10  )
( -125  -90  -259  )
( -79  230  112  )
( 91  -59  272  )
( -243  295  -122  )
( 98  145  -77  )
( -242  -205  16  )
( -181  -222  53  )
( 145  202  -132  )
( -70  156  -228  )
( -115  -157  -165  )
( -265  256  -222  )
( -258  242  -225  )
( 39  282  -3  )
( 80  -121  -118  )
( 294  -190  -135  )
( 144  -48  163  )
( 266  -299  80  )
( 241  -4  239  )
( -23  -156  54  )
( 48  -69  -285  )
( -86  -166  -242  )
( -190  269  -119  )
( -215  -193  -169  )
( 37  263  250  )
( -44  296  80  )
( 18  86  219  )
( 140  229  -288  )
( -9  -97  -154  )
( 61  163  -158  )
( 158  -105  -61  )
( 245  43  26  )
( 98  -144  68  )
( -277  62  -10  )
( -205  238  191  )
( 257  219  252  )
( -294  -8  168  )
( 248  -267  -61  )
( 2  -116  258  )
( 206  -163  -126  )
( -37  95  -226  )
( 85  -77  187  )
( 286  8  -265  )
( -225  278  -242  )
( -140  150  30  )
( -250  -243  142  )
( -10  -194  -230  )
( 141  240  69  )
( -207  -27  -93  )
( -295  -22  233  )
( -280  45  132  )
( 102  -50  283  )
( 102  126  112  )
( 292  242  144  )
( -148  116  154  )
( 83  1  181  )
( 148  -56  28  )
( -186  -57  -219  )
( -134  156  -286  )
( -263  -214  -210  )
( 252  60  -262  )
( -243  -284  141  )
( 108  -48  107  )
( 125  -68  -12  )
( -38  -180  -173  )
( 71  -101  -258  )
( 213  -177  294  )
( 45  252  85  )
( -238  -98  47  )
( 208  71  214  )
( -230  -135  282  )
( -299  144  188  )
( -27  -147  185  )
( -186  -152  -128  )
( -79  -98  -43  )
( -101  279  -123  )
( 285  -251  -138  )
( 6  -169  242  )
( 179  -30  -189  )
( -120  20  -132  )
( -110  67  -293  )
( 197  88  153  )
( -296  -37  -103  )
( 245  73  189  )
( -233  146  -282  )
( -211  -230  170  )
( 256  -248  37  )
( 42  -256  83  )
( -190  10  289  )
( -134  -172  -126  )
( 264  -125  256  )
( -57  291  -1  )
( -208  283  -14  )
( 183  140  71  )
( 30  -177  -243  )
( -133  -296  5  )
( 265  -210  293  )
( 251  70  -275  )
( 272  -145  118  )
( 118  265  111  )
( 179  44  99  )
( 140  -259  46  )
( 287  281  -85  )
( -192  247  196  )
( -68  257  108  )
( -215  192  -266  )
( -164  41  -244  )
( -50  206  229  )
( -156  -235  118  )
( -101  -206  -254  )
( -261  240  -134  )
( -224  187  174  )
( 20  -286  57  )
( 79  292  248  )
( 52  -55  193  )
( -4  231  -265  )
( 153  -271  65  )
( -283  -293  212  )
( 98  -274  160  )
( -30  50  281  )
( 296  -282  262  )
( 217  5  235  )
( 299  -173  211  )
( -220  -35  247  )
( -78  -100  -55  )
( 285  -41  -106  )
( -276  -135  -197  )
( -298  -192  -99  )
( -48  -80  102  )
( -297  74  80  )
( -17  -123  51  )
( 49  -196  139  )
( -104  109  235  )
( -151  -228  57  )
( 75  22  189  )
( -85  268  264  )
( -80  291  -205  )
( -122  -281  -68  )
( -60  -77  -71  )
( -72  -179  -90  )
( -95  -263  -89  )
( -171  -52  260  )
( -167  -28  -253  )
( -49  87  131  )
( 79  -178  74  )
( -45  291  263  )
( -177  -66  -191  )
( -140  -99  -271  )
( -265  -150  147  )
( -81  -123  -33  )
( 97  -48  52  )
( -54  -27  178  )
( -290  -267  -8  )
( -85  237  -262  )
( -242  -48  26  )
( 136  -151  -29  )
( 230  -3  295  )
( -160  51  -103  )
( 137  -234  93  )
( -54  203  -99  )
( -7  47  274  )
( -179  118  -76  )
( -159  116  -108  )
( -196  121  -188  )
( 188  -198  157  )
( 190  -111  84  )
( 267  -120  -57  )
( -194  201  -100  )
( 277  -183  -247  )
( -140  157  -202  )
( -216  262  -123  )
( 142  109  -117  )
( -94  -177  -257  )
( -158  -113  207  )
( 63  -187  -119  )
( -185  -45  8  )
( -211  223  181  )
( -268  -265  96  )
( 255  -114  209  )
( -119  -254  -213  )
( 133  44  -275  )
( -75  183  -274  )
( -263  -34  -298  )
( -94  233  -106  )
( 255  171  -77  )
( 11  -165  228  )
( -44  -279  47  )
( 43  130  -62  )
( -131  182  227  )
( -169  17  240  )
( -26  -27  259  )
( -244  -241  -66  )
( -151  -42  -237  )
( 6  -225  -14  )
( -56  -214  291  )
( -114  -191  -258  )
( 97  177  167  )
( -12  108  -130  )
( 129  294  47  )
( 181  32  -98  )
( 48  43  -98  )
( 184  29  247  )
( -253  183  252  )
( 124  38  -27  )
( -237  263  124  )
( 33  50  258  )
( -216  142  191  )
( 65  -203  -232  )
( -83  -54  10  )
( -228  112  -262  )
( 270  214  67  )
( -11  -103  -274  )
( 139  157  -18  )
( 133  112  -66  )
( -57  -103  -282  )
( 243  113  178  )
( 33  -53  290  )
( 163  -198  -167  )
( -83  292  -1  )
( 129  76  125  )
( 287  -47  -227  )
( 77  -222  -179  )
( 279  170  23  )
( -190  35  128  )
( 39  258  96  )
( -136  140  -115  )
( -101  -149  75  )
( -44  -246  -119  )
( -258  -52  -8  )
( -287  35  236  )
( -264  166  279  )
( -139  -17  -27  )
( 78  -262  136  )
( 126  135  -14  )
( 15  -141  -144  )
( 199  -269  119  )
( -47  -28  256  )
( 295  267  46  )
( 154  20  -11  )
( 274  271  156  )
( -1  150  54  )
( -32  145  219  )
( -296  -245  -228  )
( 203  -213  -132  )
( 89  8  56  )
( 187  -19  -91  )
( 87  233  -57  )
( -130  -278  -57  )
( -50  -90  -139  )
( 149  -272  -261  )
( 263  -43  -219  )
( 48  -35  -86  )
( -264  -174  -25  )
( 241  -218  202  )
( 182  293  -167  )
( 26  -70  -229  )
( 117  -159  -184  )
( 193  95  116  )
( -53  -290  103  )
( 254  -140  -151  )
( 64  34  -225  )
( -279  139  -258  )
( 177  211  281  )
( -139  208  251  )
( -289  262  235  )
( 147  170  67  )
( -274  -166  -245  )
( -79  -118  -92  )
( -128  87  280  )
( -198  208  68  )
( -2  239  -77  )
( -85  -293  -19  )
( 220  -53  -63  )
( 274  -115  -148  )
( -87  66  -195  )
( -242  288  -17  )
( 289  -261  9  )
( -267  225  229  )
( 57  48  -243  )
( -248  125  -172  )
( 144  133  -249  )
( 163  -133  -192  )
( -277  -71  -12  )
( 250  -135  -117  )
( -226  62  119  )
( 219  211  288  )
( 87  -224  240  )
( -117  -66  -279  )
( 265  39  228  )
( 299  161  262  )
( 186  -197  3  )
( 86  87  225  )
( -186  -188  -272  )
( -248  265  110  )
( 68  22  14  )
( 86  -179  -219  )
( 189  -88  117  )
( 277  288  29  )
( 222  -85  18  )
( -95  278  -230  )
( -104  222  -257  )
( 235  297  -228  )
( 37  136  54  )
( -278  274  29  )
( -114  -217  -56  )
( -134  131  -282  )
( 218  208  47  )
( -154  -188  -269  )
( -299  -23  49  )
( 226  279  290  )
( -149  -50  -180  )
( -203  -135  -128  )
( 94  -225  9  )
( -46  165  -51  )
( 2  -286  -256  )
( 265  -6  8  )
( 178  278  -216  )
( 185  -274  -7  )
( -38  -168  179  )
( -282  129  269  )
( -188  206  298  )
( -63  -256  -196  )
( 215  104  -172  )
( -19  -116  -146  )
( 21  -240  -171  )
( -124  -188  -155  )
( -144  -64  245  )
( -142  -159  19  )
( 96  -47  -252  )
( -70  -143  179  )
( -264  -193  16  )
( -155  132  -267  )
( 274  -49  161  )
( 221  -164  233  )
( 163  172  215  )
( 66  -197  -137  )
( -171  -27  -184  )
( -160  -140  261  )
( -11  43  -91  )
( 203  -187  106  )
( 288  245  -228  )
( -235  -67  27  )
( 85  172  -69  )
( -126  35  103  )
( 163  207  -43  )
( -238  32  7  )
( 148  181  294  )
( 135  -239  208  )
( 90  190  -88  )
( 126  243  -14  )
( 188  178  61  )
( -27  26  178  )
( 91  -275  268  )
( -291  19  198  )
( -264  -274  133  )
( 282  -119  47  )
( 54  -64  -148  )
( 261  154  -98  )
( 11  -279  37  )
( 178  -269  -89  )
( -287  35  158  )
( -258  76  -104  )
( -195  -98  -178  )
( 47  229  -232  )
( 173  -68  -240  )
( -140  -214  274  )
( 271  -30  272  )
( -2  44  -297  )
( 39  -34  109  )
( 158  69  -266  )
( 75  -266  193  )
( 50  117  223  )
( -148  250  -117  )
( 47  146  -50  )
( -201  153  -106  )
( 95  204  53  )
( 107  -75  236  )
( -205  -175  259  )
( -191  -220  -143  )
( 129  -286  -238  )
( -279  -67  181  )
( 278  -275  139  )
( 18  89  287  )
( -200  35  -179  )
( 165  172  214  )
( -230  45  26  )
( -270  29  -60  )
( 73  -144  90  )
( -162  101  12  )
( 200  254  -277  )
( 57  -79  61  )
( 277  97  109  )
( 247  -280  155  )
( 247  246  -76  )
( 74  123  -259  )
( 103  3  -252  )
( -29  160  -192  )
( 126  -297  192  )
( -8  125  110  )
( -153  259  -289  )
( -164  186  52  )
( 53  -259  145  )
( -263  -110  -198  )
( 232  50  -271  )
( 91  -143  158  )
( 97  -272  111  )
( 1  60  28  )
( -197  -129  132  )
( -250  87  159  )
( 155  223  -289  )
( 196  81  -285  )
( -18  -280  -161  )
( -234  105  244  )
( -162  206  -40  )
( -34  -66  -177  )
( 215  241  -45  )
( -160  185  74  )
( 57  21  26  )
( -89  -5  -255  )
( 171  6  -153  )
( -259  -144  -109  )
( -231  -39  109  )
( 64  51  -225  )
( -156  -280  260  )
( -284  -245  114  )
( 182  -297  -32  )
( -103  -70  178  )
( 238  70  -80  )
( 24  -61  190  )
( 266  -259  -112  )
( -101  238  -258  )
( -83  259  283  )
( -288  -258  -98  )
( 102  -8  155  )
( -2  295  217  )
( 270  -293  87  )
( 165  43  -148  )
( 293  -243  158  )
( -128  -61  -234  )
( -27  234  107  )
( -82  -34  -187  )
( 281  15  283  )
( -235  233  -281  )
( 76  -173  179  )
( 208  199  -105  )
( -43  -74  -296  )
( -35  206  58  )
( -95  -71  65  )
( 48  261  116  )
( -181  -288  149  )
( -38  184  3  )
( 126  101  7  )
( 66  -180  -234  )
( 1  36  -53  )
( 134  198  -10  )
( 247  160  -230  )
( -67  -221  -113  )
( 139  -194  -284  )
( 57  213  -66  )
( 149  143  282  )
( 206  250  -47  )
( -139  287  199  )
( 291  267  292  )
( -40  -238  -101  )
( -16  231  -162  )
( -123  6  -62  )
( 239  75  240  )
( 271  -142  45  )
( -22  107  290  )
( -240  -114  -21  )
( -233  -78  53  )
( -80  -99  149  )
( -80  -53  -116  )
( -265  -187  241  )
( -37  -228  247  )
( -279  173  133  )
( 176  254  -289  )
( 238  55  -147  )
( 222  277  -114  )
( 248  -49  -16  )
( 237  -102  287  )
( -262  -167  -92  )
( -69  41  -215  )
( 299  -0  -195  )
( -143  206  -73  )
( -192  96  -82  )
( 255  -149  173  )
( 222  12  -93  )
( -145  116  -270  )
( -131  102  -19  )
( 240  164  194  )
( -258  -34  -134  )
( 232  -143  168  )
( -206  -195  229  )
( 55  -37  187  )
( 47  -145  -68  )
( 86  172  -232  )
( 222  164  -207  )
( -209  -62  113  )
( 34  -118  76  )
( 105  294  -125  )
( 277  88  -245  )
( -275  -109  149  )
( 203  -35  -57  )
( 186  232  -214  )
( -291  -64  265  )
( -7  -222  272  )
( 33  266  -10  )
( -170  271  30  )
( -19  202  151  )
( -294  -290  -196  )
( -236  207  124  )
( -232  240  274  )
( 119  125  -220  )
( -269  -39  -264  )
( 163  215  -92  )
( 152  224  -185  )
( 158  190  -89  )
( -191  -112  114  )
( -194  242  70  )
( -266  69  91  )
( -196  -3  -201  )
( 147  -168  -77  )
( -112  -187  -106  )
( 5  131  13  )
( -190  -114  160  )
( 72  -227  -40  )
( -191  -4  -277  )
( -30  284  280  )
( -171  197  -103  )
( -288  -155  -171  )
( -159  -87  91  )
( -154  -81  16  )
( -231  -260  193  )
( 204  -6  274  )
( -99  30  109  )
( -144  19  271  )
( -51  -225  17  )
( -97  -119  -110  )
( -258  249  39  )
( -85  -131  63  )
( -256  -260  79  )
( -43  164  -193  )
( 254  59  255  )
( -178  -12  -198  )
( 62  -134  265  )
( -93  268  154  )
( 28  -8  298  )
( 79  -55  -43  )
( -265  -85  210  )
( -277  128  123  )
( 46  58  -106  )
( -93  -83  107  )
( 149  253  242  )
( 68  -41  -13  )
( 199  -67  177  )
( 175  -293  41  )
( -293  287  -198  )
( 5  183  -212  )
( -27  244  116  )
( -271  -141  -144  )
( -78  -204  -219  )
( -32  149  231  )
( -209  -19  -271  )
( 173  269  206  )
( 168  75  114  )
( -180  188  256  )
( -9  -229  -27  )
( 173  244  -136  )
( -67  274  53  )
( -171  -203  -296  )
( 61  -168  -289  )
( 77  -2  84  )
( 8  85  298  )
( -176  -112  -14  )
( 290  286  -98  )
( 199  246  -187  )
( -208  152  -51  )
( 60  -292  -114  )
( -241  285  180  )
( -270  18  103  )
( -135  -198  -99  )
( 5  -180  -117  )
( 115  290  276  )
( -141  -152  222  )
( 287  147  189  )
( -268  265  38  )
( -81  -48  221  )
( 165  -64  -204  )
( -2  -181  -216  )
( -43  -142  -61  )
( 298  148  25  )
( -164  275  -240  )
( 28  162  -263  )
( 266  172  -204  )
( -276  291  258  )
( -171  -44  -156  )
( -15  194  -123  )
