( -227  -80  100  )
( 73  -230  153  )
( -20  -256  -168  )
( 288  292  -127  )
( -188  21  179  )
( -213  35  -239  )
( 117  20  -279  )
( -76  -164  -299  )
( 280  -105  -173  )
( -63  66  210  )
( 59  -188  -261  )
( 154  -60  -69  )
( 144  -263  -112  )
( -238  22  -36  )
( 134  213  -299  )
( 245  179  -81  )
( -289  104  -215  )
( 256  287  -82  )
( 91  154  167  )
( -94  182  210  )
( -175  12  196  )
( 156  -256  -48  )
( 147  -155  -134  )
( 91  -187  276  )
( 17  124  195  )
( 256  216  -85  )
( -147  40  -124  )
( 190  163  -114  )
( 8  -43  63  )
( 172  59  -44  )
( 196  147  -233  )
( 254  234  -228  )
( 275  7  4  )
( 112  -15  207  )
( 113  -7  249  )
( -299  -38  -157  )
( 105  113  -49  )
( -13  -40  192  )
( 299  -31  -260  )
( -117  29  203  )
( -92  -151  -97  )
( -104  274  -257  )
( 243  -85  -221  )
( -192  -41  -141  )
( 104  -153  -106  )
( -209  45  -262  )
( 254  -122  -21  )
( -133  -295  157  )
( 56  40  -86  )
( 210  -167  -115  )
( -185  195  71  )
( 11  16  0  )
( 174  -0  -267  )
( 242  229  27  )
( 285  -295  45  )
( -48  90  236  )
( 173  188  230  )
( -236  -36  -12  )
( 105  112  126  )
( 201  79  108  )
( 222  278  269  )
( 121  -183  -166  )
( -209  -274  -280  )
( 94  286  135  )
( -202  -236  -221  )
( -170  223  51  )
( 102  -81  -8  )
( -32  40  79  )
( 67  -286  195  )
( 225  153  -43  )
( -237  -202  -91  )
( -180  190  -265  )
( 143  65  15  )
( -233  -264  -176  )
( -180  -14  -290  )
( 280  189  -183  )
( 277  -166  272  )
( 223  -54  -170  )
( -227  -176  -258  )
( 100  221  107  )
( -0  206  52  )
( 262  299  -79  )
( 112  -113  -285  )
( 72  -290  51  )
( 206  -14  139  )
( -284  288  81  )
( -293  297  -107  )
( -264  221  -222  )
( -62  -89  276  )
( -18  -35  -121  )
( -126  11  -117  )
( -264  -257  -298  )
( -94  267  -57  )
( -140  0  -146  )
( 278  149  35  )
( 267  -223  -62  )
( -121  208  211  )
( -278  53  -140  )
( -155  -289  -169  )
( 188  -22  246  )
( 271  184  -204  )
( -0  -130  -137  )
( -256  -236  261  )
( 287  -40  15  )
( 267  30  -28  )
( -219  26  110  )
( -212  82  263  )
( 47  218  -268  )
( 89  129  233  )
( -28  107  -203  )
( -157  -144  21  )
( 172  248  -103  )
( -2  131  -288  )
( 1  105  159  )
( 205  218  35  )
( 222  208  -102  )
( -187  -213  -23  )
( 118  -290  -200  )
( -194  -7  94  )
( -111  -216  -115  )
( 282  244  80  )
( -117  -124  177  )
( 145  31  -132  )
( 275  208  121  )
( -150  -259  -216  )
( 115  218  -5  )
( 48  280  -192  )
( -227  -121  119  )
( 268  154  -41  )
( 1  -254  137  )
( -105  260  129  )
( -91  256  -261  )
( -96  -277  63  )
( 191  -286  -248  )
( 112  171  285  )
( 87  -267  -199  )
( 202  -211  -115  )
( 120  -72  -214  )
( 206  37  -287  )
( -221  -32  -16  )
( -247  -16  192  )
( 210  -162  71  )
( 260  -288  40  )
( -26  102  253  )
( 284  293  -158  )
( -254  -6  225  )
( 284  -33  -72  )
( -211  141  117  )
( -17  12  -89  )
( -114  -79  -46  )
( 152  -162  160  )
( -255  -56  -33  )
( 271  -185  234  )
( 242  195  208  )
( 237  -93  60  )
( -261  27  177  )
( -220  242  2  )
( -75  -149  -284  )
( -259  -230  -128  )
( 272  -60  66  )
( -207  20  100  )
( 228  259  -30  )
( -6  -51  83  )
( 295  -79  72  )
( -25  -105  64  )
( 173  150  -143  )
( 134  -238  -239  )
( 240  -24  66  )
( 10  136  107  )
( -58  16  -10  )
( 86  3  -299  )
( 228  88  -284  )
( -65  92  122  )
( -166  196  -267  )
( -125  -237  -234  )
( -92  -195  106  )
( 129  107  272  )
( 226  -299  43  )
( -263  -276  165  )
( 167  -276  216  )
( 72  193  207  )
( -289  -50  201  )
( 14  52  -40  )
( -95  -246  -290  )
( -125  -130  9  )
( -164  -229  189  )
( -8  177  -225  )
( 122  -137  87  )
( -35  291  -158  )
( -101  82  -73  )
( -248  102  -30  )
( 255  199  282  )
( 104  -147  -189  )
( 108  -30  48  )
( 228  -54  142  )
( 299  279  192  )
( -250  -63  -126  )
( 135  -107  97  )
( 99  60  282  )
( -28  253  136  )
( 207  155  -153  )
( -190  -20  209  )
( -244  -279  176  )
( 183  192  51  )
( -59  158  -282  )
( 229  -142  282  )
( -19  164  37  )
( -96  283  -295  )
( 180  -3  -283  )
( 154  82  88  )
( -93  -31  -237  )
( -38  -143  -171  )
( -103  121  -111  )
( -243  -198  152  )
( 256  -289  20  )
( 257  -128  -275  )
( 231  -114  -158  )
( -169  263  -272  )
( 147  -144  133  )
( 43  -170  -150  )
( 37  -63  -28  )
( 81  -195  -168  )
( 133  -205  69  )
( 151  33  -38  )
( -116  -115  106  )
( -200  201  282  )
( 92  -213  60  )
( -178  -267  -87  )
( 126  219  146  )
( 51  -204  293  )
( 108  -16  -250  )
( -139  -1  282  )
( -264  263  -129  )
( -23  -250  -86  )
( -262  -66  199  )
( 49  -40  297  )
( 271  -194  -119  )
( -81  -47  227  )
( 241  78  -32  )
( -192  182  -243  )
( 287  255  241  )
( -29  158  111  )
( -144  -32  -142  )
( 172  238  1  )
( 5  87  -204  )
( -129  217  258  )
( 298  -161  264  )
( -170  280  127  )
( 162  -127  -2  )
( -198  185  28  )
( -28  -175  -19  )
( -261  -174  -150  )
( 243  183  -197  )
( -126  169  -207  )
( -80  -145  48  )
( -147  -135  -164  )
( 170  -124  87  )
( -187  -17  183  )
( 171  -238  -169  )
( -240  -204  192  )
( 254  229  -247  )
( 123  -95  -222  )
( 14  -218  -226  )
( 156  26  -149  )
( 33  51  -276  )
( 231  278  1  )
( 250  -251  -56  )
( 50  -10  -102  )
( -264  67  129  )
( -86  -171  -264  )
( -27  -252  -233  )
( -45  292  295  )
( -226  -47  156  )
( 112  -159  47  )
( -15  -53  -145  )
( 170  -177  187  )
( 6  -144  -107  )
( 223  234  46  )
( -2  120  -75  )
( 188  248  -131  )
( 283  294  -124  )
( -144  253  124  )
( -136  -44  276  )
( -13  182  -152  )
( 275  94  220  )
( -0  237  -89  )
( -132  -80  -164  )
( 95  173  -106  )
( -248  124  129  )
( 76  239  119  )
( 84  -268  -240  )
( 281  291  159  )
( 30  2  185  )
( -145  -154  -50  )
( -166  229  144  )
( -128  284  -121  )
( -195  133  109  )
( -39  182  150  )
( -258  202  104  )
( -276  269  -182  )
( -196  286  -38  )
( 45  -125  74  )
( 203  224  217  )
( 298  -161  127  )
( -213  -53  -272  )
( 214  70  -86  )
( 173  7  193  )
( 255  17  -34  )
( 285  145  25  )
( -105  60  -154  )
( -92  193  130  )
( 200  -75  -190  )
( -80  -203  107  )
( -286  176  37  )
( 279  162  -74  )
( -48  -29  -122  )
( 226  280  -121  )
( -78  -195  -101  )
( 84  -200  273  )
( 89  -86  -130  )
( -284  282  -183  )
( -240  -117  -120  )
( 75  -196  -215  )
( -120  -63  44  )
( -82  71  277  )
( -145  -109  -41  )
( 153  -22  -53  )
( -98  187  96  )
( 10  -87  250  )
( -200  -40  -285  )
( -138  -64  -191  )
( -133  148  226  )
( 13  298  -154  )
( -14  84  -115  )
( -180  -163  -117  )
( 66  256  -195  )
( 81  -106  93  )
( 192  63  -87  )
( -76  -203  28  )
( 129  149  143  )
( -27  263  -290  )
( 86  -194  188  )
( -154  83  -144  )
( 183  -238  254  )
( 240  -131  294  )
( 264  208  -37  )
( -266  -167  105  )
( -291  -68  -116  )
( -233  -215  -196  )
( 134  -71  -259  )
( 62  -96  -161  )
( -39  66  -19  )
( 278  -127  190  )
( 98  -75  -37  )
( 187  16  169  )
( 191  274  -248  )
( -62  -83  137  )
( 162  -203  172  )
( -277  -161  239  )
( 289  -96  139  )
( -22  -293  143  )
( -254  137  -297  )
( 144  242  -40  )
( 157  103  123  )
( -253  -77  -156  )
( 139  8  -291  )
( -250  297  -286  )
( 76  -204  -186  )
( -113  123  247  )
( -69  103  -201  )
( 38  149  268  )
( -263  120  -282  )
( -186  242  18  )
( -164  143  -228  )
( 149  -177  63  )
( -209  174  240  )
( -118  200  56  )
( 9  -226  -282  )
( -164  119  -160  )
( 55  119  -184  )
( 170  70  108  )
( -137  13  84  )
( -192  -79  -237  )
( 27  -214  -51  )
( -50  -141  -2  )
( 276  -97  -1  )
( 112  172  -293  )
( 210  11  12  )
( 17  -18  -263  )
( 173  26  149  )
( -143  241  160  )
( 120  -159  -223  )
( 243  -23  292  )
( 275  -87  -294  )
( -47  14  258  )
( 135  155  -116  )
( -138  191  203  )
( -57  -56  50  )
( 131  -86  -228  )
( -184  -257  60  )
( 248  -172  -20  )
( 194  -275  188  )
( 112  135  -36  )
( 24  -257  -143  )
( -282  161  -194  )
( 137  134  -131  )
( -75  -223  -275  )
( -68  131  271  )
( 174  189  -95  )
( -137  -267  -174  )
( -48  43  264  )
( -274  27  130  )
( -232  -112  -64  )
( -267  109  40  )
( 60  80  276  )
( 43  157  138  )
( 139  -182  64  )
( 223  133  -294  )
( -217  -96  -292  )
( 23  275  190  )
( 126  -199  -193  )
( -149  -11  112  )
( 274  76  -69  )
( 293  -73  -0  )
( -160  139  84  )
( -146  -68  299  )
( 134  140  -244  )
( -175  -189  -214  )
( -75  -183  -114  )
( -257  -18  -91  )
( -17  209  -43  )
( 51  -284  -162  )
( 26  -193  162  )
( -166  50  118  )
( -11  -110  162  )
( -206  -35  252  )
( -195  -91  89  )
( 290  -115  149  )
( -140  293  63  )
( -108  93  -67  )
( -236  -52  111  )
( 238  -63  -36  )
( -9  -47  -123  )
( -185  -34  80  )
( -49  169  -117  )
( -123  -184  57  )
( -137  -188  -70  )
( 68  197  112  )
( 28  -111  280  )
( -251  -154  220  )
( 278  254  247  )
( -208  29  -218  )
( 286  -83  -3  )
( -16  -268  -224  )
( -133  -172  -168  )
( -288  119  -244  )
( -171  220  -107  )
( -240  -38  190  )
( -299  -268  -247  )
( -60  129  -287  )
( -79  96  -95  )
( -209  -132  -39  )
( -60  -270  -299  )
( -11  211  -260  )
( 118  -139  78  )
( 233  -194  19  )
( 18  -105  188  )
( -82  -246  212  )
( -115  288  -163  )
( -296  -18  2  )
( -42  200  -187  )
( 47  -9  -254  )
( 201  224  -160  )
( -257  -135  291  )
( -19  -86  -8  )
( 94  -149  -52  )
( -117  161  -195  )
( 219  -181  -93  )
( 262  247  -94  )
( 293  -194  -31  )
( 173  281  99  )
( -100  260  93  )
( 70  44  -50  )
( -285  40  54  )
( 21  -192  118  )
( -37  -243  -173  )
( 155  206  189  )
( 142  -198  119  )
( -135  2  -28  )
( 157  -31  -85  )
( 200  -96  7  )
( 52  29  91  )
( 244  256  -94  )
( 255  113  -187  )
( 69  81  -213  )
( -90  127  11  )
( -64  -225  -50  )
( -184  -72  -194  )
( 171  128  -39  )
( 257  42  187  )
( -255  106  156  )
( -26  237  171  )
( 226  -137  -111  )
( -220  87  -163  )
( -235  -174  251  )
( -61  235  -114  )
( -118  -172  47  )
( -285  283  -73  )
( 288  179  296  )
( 248  252  80  )
( 62  -158  227  )
( 246  32  -236  )
( 171  263  19  )
( -204  -124  -230  )
( -28  282  -1  )
( 87  -222  135  )
( -167  -136  259  )
( -50  237  250  )
( 204  246  59  )
( -244  96  9  )
( -177  -209  264  )
( -154  -103  86  )
( 133  -1  219  )
( -274  -59  33  )
( -200  -27  -0  )
( 86  -284  229  )
( 18  -116  -175  )
( 146  -157  290  )
( -139  -180  -157  )
( 296  -253  -126  )
( 28  184  295  )
( -24  -59  65  )
( 11  193  -59  )
( 51  -249  -238  )
( 117  -275  125  )
( -20  -170  -14  )
( -108  -248  -93  )
( 138  19  -283  )
( -199  20  -124  )
( 28  -139  289  )
( -54  -128  257  )
( 78  -152  -278  )
( 145  144  -290  )
( -110  -127  287  )
( 251  -51  21  )
( -191  -56  -0  )
( -216  293  -4  )
( -245  -170  -270  )
( -249  107  -171  )
( -137  -210  20  )
( 62  -94  96  )
( 268  -191  -69  )
( 166  136  -63  )
( 47  192  168  )
( 167  -29  50  )
( 242  -130  194  )
( 236  -84  85  )
( -159  247  -199  )
( 0  -160  247  )
( -8  -153  -84  )
( 67  -179  -83  )
( -200  98  -104  )
( 11  -105  -167  )
( 174  258  297  )
( -35  28  -213  )
( 298  138  -63  )
( 239  241  106  )
( 229  -86  213  )
( -247  -277  214  )
( -133  81  -212  )
( 106  68  279  )
( 41  172  -222  )
( 141  193  184  )
( -248  190  187  )
( -108  -90  -160  )
( 285  249  272  )
( 171  235  -121  )
( 240  -1  155  )
( 169  -115  -20  )
( 106  -286  48  )
( -46  82  57  )
( -20  -47  -92  )
( -245  175  31  )
( -183  -61  280  )
( 152  28  111  )
( 39  -115  44  )
( 96  112  66  )
( -21  154  -13  )
( -33  -166  -180  )
( 16  189  9  )
( 189  -285  75  )
( 269  -170  -108  )
( 184  145  187  )
( 226  222  -62  )
( 78  -111  -255  )
( 151  -241  -280  )
( 283  -272  -233  )
( -223  241  268  )
( 112  187  137  )
( -251  107  164  )
( -24  -46  -66  )
( 188  89  201  )
( -247  133  -127  )
( -184  -214  -190  )
( -229  -210  42  )
( 143  76  -216  )
( 259  175  -115  )
( -28  148  109  )
( -93  210  -60  )
( -198  96  -273  )
( -76  -92  293  )
( -168  153  204  )
( -177  137  -7  )
( 279  -232  -57  )
( 106  195  -12  )
( -262  199  -38  )
( -100  182  127  )
( 67  -210  -203  )
( -244  -284  131  )
( -50  132  112  )
( 206  -62  202  )
( -185  294  109  )
( 293  -233  112  )
( 210  -122  -5  )
( 133  148  -5  )
( -189  281  -7  )
( -27  -272  111  )
( 249  136  238  )
( -96  295  196  )
( 64  -190  -272  )
( -42  -247  -234  )
( 65  194  267  )
( 250  0  -236  )
( -156  -133  19  )
( -117  129  87  )
( -35  -286  -51  )
( 224  -183  -171  )
( 25  105  -50  )
( -98  -104  222  )
( -265  -46  -192  )
( 145  -177  -86  )
( 217  -41  -219  )
( 127  -155  163  )
( 272  -223  -230  )
( -267  185  -287  )
( 248  270  -21  )
( 65  19  -48  )
( -267  34  -167  )
( 245  261  -119  )
( 26  281  -188  )
( -224  144  217  )
( -69  186  176  )
( 298  205  255  )
( 218  209  -144  )
( 292  62  226  )
( -287  256  234  )
( -4  226  214  )
( 154  -281  -227  )
( 53  116  -128  )
( 98  119  -261  )
( -139  -7  36  )
( 25  36  -70  )
( -139  258  82  )
( -144  54  282  )
( -37  -189  -222  )
( -183  74  22  )
( -98  -163  173  )
( 235  124  -236  )
( -6  -235  -108  )
( -291  -120  -126  )
( 255  150  52  )
( -19  -236  264  )
( 291  -66  30  )
( -24  -271  42  )
( 109  268  -182  )
( -5  -15  -205  )
( 152  285  -280  )
( -244  174  -198  )
( -286  -274  2  )
( 282  148  -289  )
( 48  8  34  )
( -205  -296  -71  )
( -263  225  -45  )
( 21  -256  -247  )
( 1  -180  -133  )
( 119  183  149  )
( 158  60  -264  )
( 197  -67  -124  )
( 0  -257  144  )
( 228  0  39  )
( 246  -262  105  )
( -212  -120  -141  )
( 201  241  -288  )
( -136  189  81  )
( -62  -102  -198  )
( 127  -77  -90  )
( 58  270  53  )
( 254  -177  -12  )
( 68  -161  -140  )
( -36  90  -96  )
( -133  -134  -59  )
( -99  104  -98  )
( -22  176  151  )
( -104  -197  -42  )
( -39  -256  -148  )
( 138  40  266  )
( -42  -220  140  )
( -254  246  97  )
( 61  52  124  )
( -261  -78  -272  )
( -40  14  55  )
( -101  298  289  )
( -53  241  -166  )
( -150  -245  208  )
( 235  237  8  )
( -185  12  186  )
( 174  -21  -159  )
( -150  29  -278  )
( 299  35  -282  )
( 39  -83  -267  )
( -77  214  267  )
( 190  298  103  )
( 183  265  -29  )
( -188  208  -108  )
( -133  -19  -297  )
( 62  96  -34  )
( -103  226  217  )
( -283  -5  28  )
( -87  234  -57  )
( 76  114  285  )
( -41  -57  -231  )
( -185  163  229  )
( 298  -91  -248  )
( 177  49  60  )
( 80  81  -19  )
( 68  211  155  )
( 260  -209  226  )
( -46  75  -193  )
( -108  -199  156  )
( -215  211  -248  )
( -180  -17  -256  )
( -198  -220  -199  )
( 160  -147  228  )
( -127  283  -40  )
( -94  -283  27  )
( 121  -257  47  )
( 161  -228  -3  )
( 102  71  -178  )
( -122  189  -98  )
( -252  -223  174  )
( -187  40  213  )
( -72  34  204  )
( 63  -61  -82  )
( -32  168  -115  )
( 133  76  244  )
( -135  -118  34  )
( 188  15  99  )
( -287  -24  66  )
( 198  185  109  )
( 197  141  40  )
( -143  135  -167  )
( 291  -109  -196  )
( -200  -276  161  )
( 162  -7  -44  )
( 126  177  29  )
( -247  215  -117  )
( 85  -154  -251  )
( 73  -165  -12  )
( -76  -79  -96  )
( 215  -43  114  )
( 29  -179  -145  )
( -17  -145  179  )
( 46  133  -198  )
( -175  -150  154  )
( -128  267  -272  )
( -26  -66  -161  )
( 160  179  240  )
( -39  153  -181  )
( 162  176  290  )
( 258  118  197  )
( -28  67  -69  )
( 279  104  275  )
( -159  -110  -23  )
( -6  116  191  )
( -85  -20  242  )
( -218  -229  245  )
( 162  56  -141  )
( 20  274  109  )
( -253  203  -45  )
( -7  -195  142  )
( -165  184  -53  )
( 116  -5  292  )
( -226  -57  -101  )
( -114  -59  -262  )
( 104  -9  -113  )
( -156  29  236  )
( -98  264  227  )
( 291  -287  -22  )
( -289  12  39  )
( -242  37  -91  )
( 135  -270  180  )
( -293  131  10  )
( 163  135  -150  )
( -254  64  -274  )
( 128  -123  -137  )
( -175  148  -134  )
( 219  56  -200  )
( -104  294  -296  )
( -123  65  -256  )
( -272  50  -104  )
( 175  154  81  )
( -273  -94  -21  )
( 182  -126  -142  )
( 150  258  -31  )
( -82  -152  261  )
( 156  176  -97  )
( -29  -155  -154  )
( -31  33  -260  )
( 114  -145  -217  )
( -28  27  -189  )
( -218  -159  190  )
( 277  12  -89  )
( -233  274  -205  )
( 173  28  -125  )
( 213  -263  -147  )
( 165  -244  177  )
( -223  -103  265  )
( -30  175  -129  )
( -234  -114  5  )
( 86  -32  12  )
( 222  -131  -229  )
( 205  169  153  )
( 163  -240  267  )
( 8  274  -88  )
( 115  163  -266  )
( -269  82  -37  )
( -192  -124  -54  )
( 78  272  -192  )
( 61  -127  -39  )
( -78  181  3  )
( -170  -137  -44  )
( 161  -44  5  )
( 79  -277  -269  )
( 74  219  107  )
( 142  -46  -166  )
( 170  -218  202  )
( 210  217  -97  )
( -216  -213  -84  )
( 175  -179  273  )
( -265  -167  -58  )
( -183  -40  273  )
( -171  278  255  )
( 43  -206  207  )
( -57  31  -281  )
( -240  0  -183  )
( 34  95  -137  )
( 240  279  -145  )
( 165  -115  84  )
( -178  -37  -12  )
( -9  -36  -292  )
( -44  -109  18  )
( 13  -191  215  )
( 114  -54  -248  )
( -2  262  79  )
( 1  -297  265  )
( -199  -190  104  )
( 175  -55  -249  )
( -135  -268  141  )
( 187  184  -7  )
( 84  -91  -126  )
( 175  -150  -170  )
( -278  219  70  )
( -125  271  2  )
( -109  171  -296  )
( -226  288  -7  )
( -27  273  73  )
( -290  85  62  )
( -180  -246  -21  )
( 25  34  115  )
( 24  -68  245  )
( 156  75  0  )
( 228  -174  -271  )
( -17  137  133  )
( -241  148  -280  )
( -50  121  278  )
( 138  182  4  )
( -270  -30  263  )
( -212  66  238  )
( 5  -202  -214  )
( 85  -179  75  )
( -124  36  -279  )
( -37  58  -298  )
( 250  -246  -194  )
( 144  -276  116  )
( -263  219  43  )
( -31  -136  29  )
( -242  -121  -274  )
( -123  -148  193  )
( -224  -23  73  )
( 253  -147  15  )
( 264  -263  -244  )
( 173  127  -236  )
( 175  -90  110  )
( 92  228  -208  )
( -62  -121  299  )
( 262  -286  -108  )
( -270  257  -33  )
( -219  -35  203  )
( -284  267  149  )
( -210  -50  -75  )
( -5  -240  -42  )
( -11  -88  248  )
( 93  67  -189  )
( -38  -7  -66  )
( -172  212  154  )
( 136  234  -130  )
( 141  -16  -26  )
( 62  -29  -120  )
( 33  -147  21  )
( -56  -198  -223  )
( -108  -52  223  )
( -178  264  -275  )
( 158  4  28  )
( 3  31  71  )
( 47  194  -272  )
( 195  245  90  )
( 69  107  172  )
( 172  138  110  )
( 219  -239  -167  )
( 185  -218  235  )
( 270  -107  211  )
( -238  220  -260  )
( 215  101  -21  )
( 41  -140  110  )
( -168  -262  204  )
( -247  100  133  )
( 176  -247  -4  )
( 155  94  -120  )
( -120  286  -10  )
( 52  -143  242  )
( 77  -181  -201  )
( 262  239  197  )
( -183  -15  82  )
( 289  290  230  )
( 33  191  -90  )
( 179  -290  -294  )
( -89  -297  128  )
( 18  -32  39  )
( 137  214  155  )
( -103  294  178  )
( -10  15  -162  )
( -44  207  298  )
( -153  116  -212  )
( -271  292  -117  )
( 8  57  -92  )
( 24  -114  43  )
( -207  -148  -292  )
( -13  -177  -8  )
( -126  43  -3  )
( 181  -118  88  )
( -135  25  270  )
( 276  -100  -177  )
( 112  170  187  )
( 289  -137  -29  )
( 250  276  -251  )
( -257  225  -111  )
( 165  270  -126  )
( 69  -52  163  )
( 95  -211  -94  )
( 32  35  -9  )
( 269  41  -1  )
( -148  -290  -45  )
( -218  -68  -151  )
( -119  -62  -157  )
( 255  235  285  )
( -143  245  87  )
( 162  40  261  )
( 140  147  282  )
( -10  -194  -29  )
( 83  -193  -61  )
( 71  151  204  )
( 164  78  26  )
( -256  15  177  )
( -239  -148  108  )
( -208  -143  -75  )
( -288  -87  44  )
( 163  267  -141  )
( 161  230  -149  )
( -20  73  -131  )
( -112  -245  -107  )
( 68  -113  84  )
( -9  -82  2  )
( -181  -174  117  )
( -148  -130  236  )
( 34  -295  291  )
( 155  -195  151  )
( 153  256  -159  )
( 220  -25  262  )
( 165  268  -113  )
( -204  -197  162  )
( 94  22  -294  )
( 118  -35  -68  )
( 299  -228  109  )
( 291  -3  16  )
( -143  -170  268  )
( 221  212  173  )
( -62  -5  -65  )
( -262  48  -95  )
( 93  -25  -262  )
( -94  185  -66  )
( 279  -213  248  )
( 6  -195  -186  )
( 48  -260  -201  )
( -234  87  -75  )
( -61  -228  126  )
( 299  292  147  )
( 65  -159  27  )
( 228  255  244  )
( 103  106  -250  )
( -268  286  -129  )
( 47  18  256  )
( -107  -138  -122  )
( 242  -128  106  )
( -37  145  -228  )
( 268  44  296  )
( -167  -23  -40  )
( -52  -38  -295  )
( -17  280  143  )
( 12  -177  47  )
( -114  -251  55  )
( 177  199  142  )
( 276  267  240  )
( 281  4  -217  )
( 292  211  -242  )
( -297  229  -40  )
( 248  -125  -89  )
( 299  -76  86  )
( 59  246  -55  )
( -28  90  -273  )
( 7  -27  -273  )
( -275  219  177  )
( -241  167  -264  )
( 167  -248  30  )
( -75  -189  -33  )
( 254  260  83  )
( -248  26  -257  )
( 178  -122  146  )
( -227  -96  288  )
( -204  -212  246  )
( -289  -277  -234  )
( 179  18  -184  )
( 280  -53  -219  )
( 283  -168  42  )
( -226  159  204  )
( 262  -227  238  )
( -54  85  -4  )
( 21  63  -16  )
( -249  -143  -67  )
( -51  -299  -9  )
( -109  -135  43  )
( 281  -177  138  )
( 91  -269  -51  )
( 177  -148  -57  )
( -248  128  -297  )
( -147  285  1  )
( -293  -103  93  )
( -273  225  -248  )
( -123  -164  189  )
( -242  -195  -31  )
( -169  197  -57  )
( -223  -44  88  )
( 260  -134  130  )
( -182  274  284  )
( -246  -91  -17  )
( 98  182  -201  )
( 178  199  238  )
( 266  -100  -192  )
( 287  213  -268  )
( -117  127  0  )
( -250  55  46  )
( 131  -107  19  )
( 196  -173  -273  )
( -143  -141  278  )
( 110  -222  99  )
( -222  1  -270  )
( 13  -89  -153  )
( -140  161  -75  )
( -290  -126  190  )
( -114  -7  -39  )
( 266  127  61  )
( 237  -293  -23  )
( -181  -253  -23  )
( 129  -249  237  )
( 200  87  -163  )
( 256  -31  253  )
( -230  -206  246  )
( 258  228  -80  )
( 36  -75  162  )
( 286  -127  277  )
( -20  -268  52  )
( -88  -75  -204  )
( -296  26  -153  )
( 238  48  -32  )
( 63  161  -182  )
( 170  -163  -288  )
( -224  -257  -200  )
( 75  223  -193  )
( -256  -73  175  )
( -290  -278  256  )
( -189  -110  200  )
( -214  189  -66  )
( 99  -168  292  )
( -42  -80  197  )
( -30  -76  292  )
( 68  -31  270  )
( -87  -92  -265  )
( 213  -52  85  )
( -49  -212  -213  )
( -44  -91  -252  )
( 242  -160  98  )
( 239  137  167  )
( -93  -188  136  )
( 95  -20  158  )
( -246  3  201  )
( -251  -278  44  )
( 148  257  -13  )
( 294  213  238  )
( 108  159  278  )
( 252  52  68  )
( 33  -112  -69  )
( -113  -170  -41  )
( -60  268  48  )
( 188  257  -211  )
( 40  99  208  )
( 256  148  61  )
( -110  -214  -296  )
( 108  198  -130  )
( -244  -233  -93  )
( -198  -270  -213  )
( -142  229  292  )
( -142  -247  -205  )
( -47  84  -140  )
( 81  -182  142  )
( -285  -51  172  )
( -59  -214  215  )
( -280  1  -251  )
( -284  -244  209  )
( -219  -113  108  )
( -234  -11  -263  )
( -239  -53  206  )
( -136  -278  158  )
( -119  5  -35  )
( -174  233  266  )
( 75  255  241  )
( -205  16  -271  )
( 244  114  92  )
( 268  -240  195  )
( 108  133  16  )
( -62  28  267  )
( 109  -142  -264  )
( -261  -38  -65  )
( 3  -207  291  )
( 194  -75  -118  )
( -151  -240  159  )
( -210  -264  9  )
( -246  214  -112  )
( 53  141  -55  )
( 44  -1  -199  )
( -158  103  -173  )
( 262  89  76  )
( -175  231  151  )
( -177  -49  149  )
( 81  -245  298  )
( -187  -105  51  )
( 21  -109  48  )
( 131  225  -137  )
( -99  -46  -292  )
( 106  -103  56  )
( 219  39  -287  )
( 227  61  177  )
( 35  -214  -34  )
( -67  -124  132  )
( -71  226  -106  )
( 53  -159  -141  )
( 155  206  -266  )
( 108  -1  53  )
( -250  174  101  )
( 27  -198  -283  )
( -34  264  -17  )
( -123  -292  -125  )
( 259  105  171  )
( 188  270  2  )
( -2  -216  -115  )
( 261  -158  212  )
( 182  120  281  )
( -167  97  151  )
( 180  -38  -94  )
( -162  295  -192  )
( -238  -224  292  )
( 118  270  64  )
( 220  -57  211  )
( 79  252  -88  )
( -148  126  -163  )
( -182  104  94  )
( -159  93  252  )
( -201  292  -235  )
( 292  -89  283  )
( 282  276  211  )
( -162  -23  64  )
( -215  -272  165  )
( -169  -52  113  )
( -93  137  15  )
( 177  131  -241  )
( -126  122  -84  )
( 27  71  -156  )
( -229  267  184  )
( -30  -124  -262  )
( -173  -275  223  )
( -79  -245  185  )
( 22  71  -268  )
( 65  -220  70  )
( -262  -143  74  )
( 73  134  194  )
( -82  42  121  )
( -169  125  87  )
( 13  -201  133  )
( 66  -121  -225  )
( -17  -36  -87  )
( 3  31  -149  )
( -169  -33  -117  )
( 211  13  -173  )
( 189  202  -243  )
( -4  181  -80  )
( -36  194  -24  )
( -82  -129  253  )
( 250  261  -47  )
( -43  -100  228  )
( 27  63  -203  )
( 232  218  207  )
( -255  -87  299  )
( 296  -201  -17  )
( -2  -217  35  )
( 262  -47  -297  )
( -229  190  -4  )
( 209  -253  127  )
( -299  3  152  )
( -202  -281  31  )
( 118  -52  -297  )
( -175  -239  249  )
( -285  -289  -205  )
( -147  256  73  )
( 12  237  58  )
( -92  -63  158  )
( 243  -55  27  )
( 158  -151  241  )
( -79  277  97  )
( 174  -126  -130  )
( -58  -193  -257  )
( 190  199  -184  )
( -26  -122  17  )
( -73  185  199  )
( 225  220  78  )
( -296  178  147  )
( -35  121  299  )
( 137  -153  -11  )
( -189  -182  -279  )
( 51  -204  -255  )
( 170  -66  47  )
( 34  -226  -42  )
( -152  -42  122  )
( 176  -67  108  )
( 30  -56  -228  )
( -96  -193  141  )
( -112  -49  -158  )
( -127  -72  226  )
( -44  -239  -296  )
( -261  36  -146  )
( 114  -36  80  )
( 109  -255  -114  )
( 97  43  -248  )
( 174  186  44  )
