( 170  -199  -83  )
( 106  83  226  )
( 299  -124  -209  )
( 180  -248  -75  )
( 254  -31  -173  )
( 257  35  -210  )
( -252  182  -208  )
( -228  249  -251  )
( 179  -183  -28  )
( -150  82  -43  )
( 167  261  -163  )
( 267  10  166  )
( -199  87  224  )
( -138  -11  103  )
( 199  287  216  )
( -43  -163  259  )
( -230  -123  222  )
( 239  107  -280  )
( -116  -270  -59  )
( 208  -141  -216  )
( 289  -147  -281  )
( -127  -67  35  )
( -136  -17  35  )
( 212  100  1  )
( -87  -171  16  )
( -193  71  -163  )
( 88  -122  269  )
( 197  172  -29  )
( 166  288  -22  )
( 201  214  -99  )
( -40  140  -74  )
( 186  296  -77  )
( -196  -292  -126  )
( -196  -40  -243  )
( -155  -153  7  )
( 79  -178  -126  )
( 212  -35  3  )
( -72  81  26  )
( -26  -51  80  )
( 191  152  297  )
( 197  -181  261  )
( -207  150  218  )
( -88  -97  41  )
( 298  23  -75  )
( 180  -204  184  )
( -228  168  251  )
( -154  -24  209  )
( -182  -57  6  )
( -232  158  266  )
( 10  180  286  )
( -132  110  -90  )
( 67  4  251  )
( -184  167  -87  )
( 191  134  24  )
( -221  -236  -15  )
( -63  223  -220  )
( 75  154  -104  )
( 166  -132  -183  )
( 62  295  -221  )
( -7  201  186  )
( -69  -247  48  )
( -18  137  240  )
( 211  -33  228  )
( 20  185  285  )
( 288  112  200  )
( -113  57  124  )
( -152  127  102  )
( -150  169  -147  )
( -299  60  186  )
( -2  -208  252  )
( 133  -273  41  )
( -196  -155  150  )
( 218  -288  73  )
( -7  160  16  )
( 112  -177  90  )
( -62  -135  186  )
( 13  226  267  )
( 230  -270  268  )
( 215  194  141  )
( 77  -86  286  )
( 202  242  115  )
( -24  -0  111  )
( -292  -142  -41  )
( -86  298  65  )
( 211  -6  -298  )
( -224  34  -282  )
( 84  -279  -212  )
( 175  75  -104  )
( -293  59  -169  )
( -241  -251  -288  )
( 4  -99  -258  )
( -86  238  70  )
( 215  -76  35  )
( -292  49  91  )
( -106  -164  -61  )
( 282  210  -138  )
( 110  195  -120  )
( -198  267  -32  )
( -65  -68  -186  )
( -76  23  7  )
( 33  60  -163  )
( 276  81  -37  )
( -92  174  -202  )
( 185  79  -239  )
( 12  -208  181  )
( 98  284  -238  )
( -159  -244  175  )
( -86  243  193  )
( -202  164  -92  )
( -187  55  6  )
( -73  212  126  )
( -87  91  -217  )
( -173  57  -35  )
( 175  -287  77  )
( -218  -51  151  )
( 74  -246  -239  )
( 169  4  292  )
( -2  -263  -16  )
( 88  120  -274  )
( 234  -59  -193  )
( 86  153  188  )
( -56  213  130  )
( 241  -32  5  )
( -113  -3  -11  )
( 155  -9  283  )
( -174  196  94  )
( 13  230  -279  )
( -175  -261  -31  )
( -4  225  10  )
( -101  42  275  )
( 98  -31  -148  )
( 84  157  -239  )
( -206  50  -211  )
( 250  -12  225  )
( -116  207  145  )
( 225  -270  -99  )
( -141  -4  -109  )
( -242  282  191  )
( -194  258  96  )
( -103  88  294  )
( 127  173  129  )
( 55  -52  107  )
( -166  274  85  )
( 159  -140  40  )
( -1  -276  -50  )
( 263  -182  291  )
( -276  -65  155  )
( -69  -70  -161  )
( -34  -93  -56  )
( 170  235  97  )
( -45  46  82  )
( -223  -174  242  )
( -162  218  -154  )
( 72  -212  16  )
( -155  -31  -184  )
( -179  -209  -32  )
( 4  56  242  )
( 238  -154  202  )
( -149  -116  248  )
( -282  15  -234  )
( 0  -14  -280  )
( -220  125  10  )
( -65  189  -176  )
( -253  163  128  )
( -245  -43  119  )
( 111  273  -3  )
( -164  -180  74  )
( 189  262  -0  )
( 260  -144  258  )
( -88  265  -251  )
( -270  -81  75  )
( 3  200  281  )
( 71  -294  227  )
( -185  -161  -256  )
( 129  91  184  )
( 258  -85  203  )
( 5  -15  22  )
( 19  -38  -62  )
( 193  86  240  )
( 183  -168  -293  )
( -1  -214  -51  )
( 297  110  -214  )
( -172  149  -21  )
( 234  0  148  )
( -254  212  174  )
( 38  -20  267  )
( 97  234  66  )
( -127  -241  121  )
( -297  -179  39  )
( -7  -42  -273  )
( 280  147  -233  )
( 58  -132  -66  )
( 235  -262  -35  )
( -21  -211  163  )
( -205  291  -7  )
( -219  -46  22  )
( -2  185  -35  )
( -14  133  -266  )
( 9  158  146  )
( -231  30  -106  )
( -21  114  -211  )
( 6  -282  163  )
( 9  -72  -183  )
( -181  63  178  )
( -103  -49  14  )
( -141  213  124  )
( -211  126  -29  )
( -187  278  101  )
( 75  66  186  )
( 226  -85  174  )
( 68  -87  -263  )
( -200  -293  -292  )
( -90  -184  39  )
( 275  30  -81  )
( 213  -22  151  )
( -157  -22  -121  )
( -115  -299  167  )
( 76  35  -80  )
( -199  62  89  )
( -268  -18  109  )
( 254  -58  -134  )
( -78  2  -205  )
( -255  -204  254  )
( 201  -40  199  )
( 82  32  -198  )
( 96  263  136  )
( 120  -118  274  )
( 182  -116  110  )
( 195  -33  -169  )
( 116  -193  295  )
( -235  -69  -252  )
( 207  -20  -244  )
( -296  228  -122  )
( -151  -6  25  )
( 40  -111  70  )
( 143  274  -183  )
( 19  -289  -261  )
( -259  -69  253  )
( -248  191  202  )
( -26  66  60  )
( 227  4  130  )
( -242  -32  -45  )
( 219  -33  -81  )
( 161  10  -188  )
( -200  292  20  )
( -108  -24  55  )
( 147  233  216  )
( -99  -112  251  )
( 52  -287  -252  )
( 168  299  32  )
( -249  79  -269  )
( 117  51  -265  )
( 106  -192  -38  )
( -135  -100  -287  )
( -170  11  39  )
( 228  75  44  )
( -0  -259  -1  )
( 202  53  -141  )
( -176  -135  27  )
( 247  224  274  )
( 82  -229  -67  )
( 295  59  -174  )
( -221  136  160  )
( 76  197  85  )
( 91  134  -13  )
( 121  -284  -170  )
( 36  -176  -74  )
( 63  64  17  )
( -161  252  32  )
( -236  101  27  )
( 249  23  -179  )
( 140  258  -123  )
( 8  -37  -169  )
( -139  253  -56  )
( -227  -151  171  )
( 115  -70  -93  )
( -70  -233  178  )
( 97  -176  -127  )
( -1  156  3  )
( -270  -126  -35  )
( 80  -214  146  )
( -182  -170  201  )
( -256  249  77  )
( 89  -111  165  )
( 228  -134  167  )
( 187  -247  130  )
( -99  -235  113  )
( 13  247  42  )
( -279  -147  -291  )
( -11  246  -118  )
( -176  -86  -134  )
( -242  278  -287  )
( -159  297  -195  )
( -69  -263  135  )
( -37  -64  9  )
( 236  172  155  )
( 268  230  64  )
( -48  -172  79  )
( 141  -211  -89  )
( 135  -41  64  )
( -128  299  -245  )
( -71  34  163  )
( 227  85  -132  )
( -123  -55  182  )
( -161  164  80  )
( 88  -232  -186  )
( -153  -210  59  )
( -173  -28  -199  )
( -86  197  5  )
( -253  95  -221  )
( -299  -197  289  )
( -50  59  -82  )
( -118  62  -115  )
( 213  -263  146  )
( 250  -27  -108  )
( 76  162  -55  )
( -41  298  160  )
( 79  -283  108  )
( -112  104  217  )
( -58  209  -4  )
( -114  -74  -187  )
( 85  29  10  )
( 103  -183  -212  )
( -116  -199  268  )
( -32  -142  24  )
( -99  135  -40  )
( 114  174  -169  )
( -30  -222  115  )
( 219  -87  209  )
( -212  -169  -289  )
( -227  -138  208  )
( -111  -134  -299  )
( -2  -248  29  )
( 223  164  -0  )
( -271  -262  -169  )
( -28  -93  -228  )
( -64  -35  197  )
( -87  -173  -202  )
( -65  -180  -242  )
( -11  -47  -137  )
( 14  246  -220  )
( -270  -31  107  )
( -260  21  -108  )
( 129  -205  243  )
( -261  -89  -75  )
( 179  -93  207  )
( 98  6  -70  )
( -16  -267  85  )
( -185  104  -155  )
( -160  -10  110  )
( -183  68  7  )
( 151  263  -214  )
( -13  66  -11  )
( -289  -283  163  )
( 90  0  288  )
( -130  -28  -212  )
( -289  -223  -7  )
( -232  -233  15  )
( -20  210  239  )
( 124  -186  -295  )
( 205  -214  296  )
( -179  -111  214  )
( 186  -2  -243  )
( -140  95  -290  )
( 14  123  201  )
( 86  -25  33  )
( 24  8  -164  )
( -47  252  87  )
( 124  159  58  )
( -138  154  11  )
( -62  79  228  )
( 141  106  137  )
( 170  -297  -3  )
( -217  155  206  )
( -243  -97  -63  )
( -29  -248  4  )
( -140  -6  251  )
( 34  48  292  )
( -155  115  -186  )
( 93  47  -222  )
( -163  64  297  )
( 24  -261  274  )
( -287  201  26  )
( 244  144  96  )
( 97  -71  246  )
( 256  242  148  )
( -129  242  -92  )
( 181  151  -38  )
( -57  -59  -122  )
( -143  -152  8  )
( -42  -78  -247  )
( -259  125  37  )
( 25  -72  229  )
( -57  -191  155  )
( -108  -133  -201  )
( -278  -283  131  )
( -170  56  176  )
( 182  294  181  )
( 246  289  197  )
( 185  -214  -9  )
( 153  279  -201  )
( 60  251  42  )
( 195  264  72  )
( -294  112  282  )
( -28  138  22  )
( -282  -186  298  )
( 86  283  -131  )
( 12  19  186  )
( -237  155  169  )
( 189  -22  -218  )
( -233  18  31  )
( 244  25  -34  )
( 183  -288  -144  )
( -262  174  -264  )
( 72  -230  -144  )
( -162  127  187  )
( -24  253  36  )
( 95  251  -160  )
( 233  218  -17  )
( 251  95  6  )
( -160  -157  -209  )
( 204  18  215  )
( 200  -6  -230  )
( -204  143  21  )
( 65  163  233  )
( -140  199  105  )
( -57  -140  -36  )
( 183  -52  150  )
( 198  -296  166  )
( -240  39  223  )
( 2  -113  245  )
( 208  180  116  )
( 283  -18  139  )
( -148  4  207  )
( 106  97  136  )
( -62  -172  -86  )
( 187  72  244  )
( -272  192  -37  )
( -117  74  -17  )
( -184  80  257  )
( -193  165  -162  )
( 81  173  274  )
( -115  -60  252  )
( 281  187  -25  )
( -28  18  -196  )
( -119  114  -196  )
( 230  154  255  )
( 8  -262  277  )
( -263  -184  -59  )
( 202  -288  147  )
( 15  265  -135  )
( 81  -19  11  )
( -83  228  46  )
( 199  -200  299  )
( 58  113  -88  )
( -164  -269  6  )
( -152  126  -35  )
( 117  -278  -258  )
( 26  -45  -114  )
( -42  167  30  )
( 99  -23  -287  )
( 239  -194  27  )
( -216  2  -248  )
( 85  299  -228  )
( -68  106  266  )
( 189  -61  168  )
( 228  112  75  )
( -25  -282  163  )
( 117  164  -236  )
( -157  193  -293  )
( -42  155  -109  )
( -149  267  -57  )
( -174  212  -242  )
( -205  12  228  )
( -138  7  243  )
( -8  168  -265  )
( 157  -272  -36  )
( 254  -166  252  )
( -1  -187  -245  )
( 26  225  -92  )
( 297  18  -160  )
( 276  -286  160  )
( 138  -47  -94  )
( -8  131  163  )
( 258  -180  19  )
( -60  -213  -150  )
( -176  -283  -224  )
( 163  78  84  )
( -207  -262  101  )
( -283  -23  12  )
( -135  -238  -116  )
( 164  280  -193  )
( 228  -117  -131  )
( 266  -205  108  )
( 196  -202  -107  )
( -6  85  -288  )
( -280  82  -296  )
( 65  249  -194  )
( 112  -105  183  )
( -161  -178  -102  )
( 240  -214  -45  )
( 201  -251  -233  )
( 123  224  -164  )
( -36  270  -172  )
( -119  116  91  )
( 45  -219  215  )
( -219  270  -8  )
( -240  -236  -279  )
( 63  -136  13  )
( 11  281  157  )
( -10  154  -22  )
( 216  -297  -80  )
( 193  -298  -63  )
( 174  -186  -22  )
( -97  213  -208  )
( -115  147  26  )
( 227  276  179  )
( -52  32  103  )
( 178  -229  234  )
( -65  -215  -100  )
( -161  -8  -67  )
( -170  -161  -144  )
( 145  203  -179  )
( 288  -56  -22  )
( -135  -287  -254  )
( -228  231  69  )
( -197  151  -120  )
( -5  -219  -21  )
( -170  -279  140  )
( 271  -87  -274  )
( 193  57  -282  )
( -273  -225  -204  )
( -38  -212  -22  )
( 256  -231  218  )
( -60  34  -198  )
( -84  -154  148  )
( -213  249  68  )
( 41  174  -284  )
( -289  -188  -155  )
( 93  -102  -82  )
( 74  -164  -147  )
( 216  -172  -122  )
( 211  45  -111  )
( -235  222  -206  )
( 111  -256  162  )
( 76  -114  193  )
( -28  202  -72  )
( -37  276  124  )
( -281  -292  -89  )
( -101  182  -125  )
( 75  219  -3  )
( -213  -48  -62  )
( -30  -60  -57  )
( -89  -59  29  )
( -171  -30  -79  )
( -288  -98  -151  )
( 92  -277  -132  )
( 176  18  -240  )
( 80  -22  103  )
( -149  -215  191  )
( -115  -118  194  )
( 187  -132  284  )
( 26  -75  48  )
( 197  -210  -104  )
( -273  -299  22  )
( 270  -6  -214  )
( 135  283  -187  )
( -249  152  28  )
( -149  58  -207  )
( -247  -183  -270  )
( 157  -7  206  )
( -10  -112  -258  )
( 135  222  228  )
( 288  170  194  )
( -276  129  -221  )
( -225  -209  97  )
( 44  30  -34  )
( -255  156  -144  )
( -270  -15  -154  )
( 227  222  225  )
( 30  62  277  )
( 126  -41  -85  )
( 217  297  -103  )
( 91  -152  142  )
( 250  -117  -162  )
( 299  -6  255  )
( 38  166  -22  )
( -10  38  66  )
( -225  -123  27  )
( -151  223  -20  )
( 73  61  -223  )
( -179  259  294  )
( -78  146  -258  )
( 140  -155  -160  )
( 275  -194  -297  )
( 78  -253  -161  )
( 216  -76  122  )
( -103  -188  276  )
( -146  2  192  )
( 258  -33  -97  )
( 201  -263  -52  )
( -44  -104  96  )
( -277  -18  -292  )
( 41  255  139  )
( -253  132  87  )
( 150  -82  52  )
( -270  159  202  )
( 27  -196  214  )
( -148  259  -117  )
( 178  -218  13  )
( -103  181  22  )
( -214  -31  -36  )
( -23  -143  183  )
( -255  -265  217  )
( 65  198  -187  )
( -109  -214  46  )
( 71  145  94  )
( -89  48  46  )
( 165  190  293  )
( -65  -234  167  )
( 220  182  247  )
( 138  12  166  )
( -271  132  10  )
( 118  61  42  )
( 200  -204  295  )
( 219  -255  258  )
( -20  -72  161  )
( 238  -190  -142  )
( -243  285  -297  )
( -145  194  255  )
( -218  -81  43  )
( 287  149  -102  )
( 51  -299  -138  )
( -61  -53  43  )
( 99  -9  -287  )
( 95  6  13  )
( 28  37  146  )
( 279  -203  -46  )
( 255  -227  -145  )
( -3  -22  -64  )
( 259  226  -232  )
( -258  -279  13  )
( 6  -287  -188  )
( 194  151  -21  )
( -293  46  16  )
( 290  -238  -268  )
( -20  271  -158  )
( 222  26  234  )
( -83  230  -118  )
( 73  -249  17  )
( 16  -184  -225  )
( 79  -88  38  )
( -23  186  216  )
( 82  -114  -125  )
( 116  -125  6  )
( 75  -35  122  )
( 200  -229  254  )
( -63  215  -133  )
( -92  -31  53  )
( 221  182  -282  )
( 238  91  -255  )
( 139  -200  71  )
( -118  -173  -94  )
( 81  -221  233  )
( -199  47  126  )
( 98  280  -264  )
( -152  199  256  )
( 64  -246  186  )
( -230  -75  99  )
( 159  -104  195  )
( 258  267  98  )
( 86  -6  289  )
( 91  164  -80  )
( 104  98  -134  )
( 192  -141  11  )
( -264  -199  -198  )
( 126  -1  -11  )
( 126  292  -179  )
( 60  13  58  )
( 291  -30  212  )
( -125  175  192  )
( 209  131  138  )
( -86  -23  130  )
( -263  205  2  )
( 276  -41  -79  )
( 49  -187  -68  )
( -203  23  -102  )
( 242  36  -97  )
( 158  197  -7  )
( 228  49  -126  )
( 42  -82  -94  )
( -178  -279  119  )
( 286  89  122  )
( -88  223  -84  )
( 179  254  61  )
( 273  10  -168  )
( -42  196  -266  )
( 150  185  101  )
( -225  -89  -149  )
( -294  215  110  )
( 107  72  -71  )
( 142  -39  -180  )
( -46  108  71  )
( -71  -280  86  )
( 8  82  -251  )
( -162  -19  -138  )
( -265  31  111  )
( -246  285  -63  )
( -86  -108  -122  )
( -119  -164  -246  )
( -231  128  204  )
( -218  -294  236  )
( 275  21  161  )
( 184  261  -161  )
( -162  193  155  )
( -86  220  222  )
( -283  255  -267  )
( 198  23  81  )
( -114  115  -59  )
( -220  159  250  )
( 4  -195  -43  )
( -62  23  -241  )
( -37  130  119  )
( 8  -154  -86  )
( -87  -229  -94  )
( 291  131  27  )
( 24  239  -156  )
( 21  -205  -87  )
( 290  160  229  )
( -15  71  -38  )
( -186  246  -205  )
( -248  135  246  )
( 233  248  240  )
( -111  163  107  )
( -271  -267  -69  )
( -99  68  49  )
( -183  192  80  )
( -281  126  31  )
( 121  253  -173  )
( -176  -96  10  )
( -264  122  270  )
( -119  -76  218  )
( -114  289  -147  )
( 231  102  -40  )
( -237  232  -298  )
( 286  147  57  )
( 39  -202  -94  )
( 198  -93  -20  )
( 282  -113  258  )
( -66  199  -38  )
( 185  -31  -109  )
( 83  -20  6  )
( -232  -298  40  )
( 196  -24  -111  )
( -87  -70  -75  )
( -56  111  -237  )
( -234  -52  -31  )
( 181  -154  -212  )
( 46  297  173  )
( 159  112  258  )
( -225  -153  -28  )
( -48  257  -237  )
( 206  -124  -177  )
( -49  182  -202  )
( -40  -268  254  )
( -200  47  124  )
( 88  179  27  )
( -250  -237  -16  )
( 231  19  -248  )
( 217  92  -220  )
( -57  229  65  )
( -177  292  35  )
( 230  295  85  )
( -81  -218  -274  )
( -235  63  231  )
( -262  224  195  )
( 242  38  -42  )
( -28  179  110  )
( -19  -27  -86  )
( 9  -241  -200  )
( -5  -32  143  )
( 127  -268  -41  )
( 80  -171  37  )
( 75  -168  -241  )
( -147  191  -199  )
( 253  -206  159  )
( 257  -295  47  )
( -63  -238  -203  )
( 117  -54  -166  )
( 42  -232  124  )
( 253  272  155  )
( 86  -91  -87  )
( 191  60  -152  )
( 117  -231  -35  )
( -183  -21  -230  )
( -77  121  -176  )
( 163  -205  109  )
( -188  -160  45  )
( 279  -116  56  )
( 66  124  108  )
( 167  -175  270  )
( 278  -174  -134  )
( 34  177  -273  )
( -282  -279  -259  )
( 138  -27  56  )
( -8  37  -163  )
( -165  -88  169  )
( 217  296  115  )
( 125  -242  189  )
( -299  -165  -224  )
( 245  -104  -67  )
( -12  -65  -145  )
( -90  266  -140  )
( 179  -105  26  )
( -252  65  -75  )
( -109  -163  287  )
( 71  -72  -255  )
( 241  275  223  )
( -163  -239  -125  )
( -74  -44  -294  )
( -229  -146  -209  )
( -118  -35  237  )
( 131  -125  -57  )
( -140  149  -33  )
( -213  -36  -186  )
( 63  38  36  )
( 135  -93  -196  )
( 241  271  118  )
( -120  153  252  )
( -8  172  199  )
( 166  9  149  )
( 29  -199  -261  )
( 156  35  -21  )
( 54  229  -184  )
( -182  -102  -280  )
( -22  84  -73  )
( 251  -143  130  )
( -185  150  -92  )
( -186  -95  238  )
( -89  -234  277  )
( -211  259  -172  )
( -55  -69  -246  )
( -241  -52  165  )
( 293  -274  267  )
( -18  -81  37  )
( -164  -162  256  )
( 205  -245  -237  )
( 127  111  -152  )
( 211  196  -10  )
( 242  -260  -54  )
( -115  238  127  )
( -229  114  84  )
( 156  -286  -12  )
( -4  -126  197  )
( 138  -106  -221  )
( -25  149  110  )
( 111  -253  -26  )
( 168  -274  -82  )
( 262  43  -297  )
( -89  -289  -185  )
( 159  -124  138  )
( 21  -132  -251  )
( 99  7  44  )
( -285  179  -106  )
( 194  -299  273  )
( -64  112  294  )
( -127  -178  -166  )
( -230  246  122  )
( -258  270  -32  )
( -203  -194  -12  )
( -263  176  239  )
( -158  -42  84  )
( -34  -114  -144  )
( -192  80  -86  )
( -245  -114  146  )
( 188  -234  -297  )
( 174  -62  -67  )
( 252  -11  195  )
( 171  -1  -252  )
( 181  -239  -33  )
( 48  221  -202  )
( 7  -158  -119  )
( -203  -169  -193  )
( -165  -128  82  )
( 1  0  -2  )
( -214  -131  38  )
( -248  252  -80  )
( 119  295  26  )
( 145  -284  19  )
( -165  291  293  )
( -249  106  -103  )
( -252  -249  6  )
( -250  35  -150  )
( 218  -72  177  )
( -225  189  104  )
( 5  272  -0  )
( 102  -98  -241  )
( 273  229  -31  )
( 278  -115  -168  )
( -254  50  -9  )
( 91  -196  110  )
( -79  -215  -251  )
( -189  238  -291  )
( -287  72  285  )
( -151  -287  152  )
( 195  -274  184  )
( 263  100  -298  )
( 78  187  146  )
( 112  243  287  )
( -217  162  -53  )
( 270  -76  -279  )
( 101  296  184  )
( -124  95  136  )
( 48  -129  24  )
( -58  -252  221  )
( 84  194  -93  )
( -287  264  -79  )
( 161  176  -76  )
( -269  157  189  )
( 98  129  -113  )
( 120  -222  176  )
( -238  -218  244  )
( -173  -61  -165  )
( 0  -134  -252  )
( -216  -180  17  )
( -252  -132  114  )
( 141  85  -224  )
( -90  -3  288  )
( 232  -239  -116  )
( -64  -261  -260  )
( -237  217  -251  )
( -197  1  -36  )
( 292  -31  -37  )
( 129  222  -138  )
( -150  -162  -243  )
( 227  -85  88  )
( -226  -35  -72  )
( 41  224  -245  )
( -295  -281  -98  )
( -20  137  -71  )
( 254  -99  61  )
( -242  -13  48  )
( 174  231  -272  )
( 202  187  168  )
( 48  -155  60  )
( -155  281  47  )
( 207  214  -287  )
( 156  -270  187  )
( -38  63  223  )
( 113  217  97  )
( 95  -176  -202  )
( -203  -50  53  )
( 16  -234  130  )
( -111  -97  -11  )
( 149  -183  -76  )
( -275  258  -28  )
( -95  196  171  )
( -121  -190  -241  )
( -291  127  -294  )
( 189  184  -4  )
( -255  281  159  )
( -187  105  299  )
( -87  43  -229  )
( -58  149  83  )
( -49  -77  -94  )
( 275  83  220  )
( 65  266  -264  )
( -92  -297  293  )
( -284  -202  46  )
( 31  170  292  )
( -227  -210  158  )
( 120  249  -26  )
( -217  176  -44  )
( 97  -263  234  )
( -213  172  132  )
( -101  106  23  )
( 119  96  -249  )
( -158  -143  -128  )
( 124  -16  244  )
( 32  67  -45  )
( -131  111  48  )
( 26  45  217  )
( -41  -54  263  )
( -2  13  283  )
( 21  -266  119  )
( 53  -198  237  )
( -144  -227  200  )
( -52  -257  -239  )
( -262  96  193  )
( -63  -216  -6  )
( 200  -258  -296  )
( 133  142  -194  )
( 163  -119  50  )
( 2  156  149  )
( 73  24  -30  )
( -88  200  93  )
( -194  -263  56  )
( 60  -183  280  )
( 166  86  278  )
( 33  -121  62  )
( -204  -89  71  )
( 124  97  -62  )
( -246  284  -52  )
( -249  164  168  )
( 18  47  94  )
( -8  92  -50  )
( -88  -55  -215  )
( 265  -75  112  )
( -34  79  -287  )
( -215  -208  161  )
( -37  258  55  )
( 262  -90  196  )
( 151  230  -89  )
( -152  115  -259  )
( -61  -298  -69  )
( -286  11  241  )
( -108  140  210  )
( 188  256  -230  )
( -269  -200  199  )
( 127  -284  -46  )
( -62  -18  53  )
( -201  -208  -172  )
( 208  -33  201  )
( 172  197  23  )
( -220  -217  -26  )
( 286  -252  43  )
( -49  279  -97  )
( -87  48  -282  )
( -52  -283  94  )
( 298  -15  237  )
( -118  17  271  )
( -177  231  -122  )
( -73  -57  202  )
( -121  -101  -132  )
( 21  -50  275  )
( -193  -234  -238  )
( 247  142  8  )
( -126  160  -87  )
( -123  -178  -142  )
( -40  -205  227  )
( 18  -92  -78  )
( -243  79  -92  )
( 242  244  264  )
( 295  -216  84  )
( 246  179  28  )
( 270  -239  -65  )
( -261  -46  104  )
( -186  -224  -16  )
( 190  -99  -255  )
( -112  -14  -216  )
( 182  -101  147  )
( -251  118  239  )
( -152  157  219  )
( -118  296  -92  )
( 253  9  227  )
( -105  -279  132  )
( -13  101  238  )
( 211  153  -111  )
( 228  155  194  )
( -61  156  -165  )
( -244  -11  65  )
( -289  207  226  )
( -9  -180  110  )
( 181  -96  -134  )
( 101  15  -90  )
( 227  66  -104  )
( 233  -239  21  )
( -180  135  68  )
( 292  59  169  )
( -178  291  -32  )
( 230  -259  -0  )
( -221  -113  -293  )
( -18  185  299  )
( 195  -22  -80  )
( 184  -13  -30  )
( 207  212  147  )
( 155  -43  223  )
( -264  203  -222  )
( -245  -193  43  )
( 88  188  -218  )
( 214  -284  -230  )
( 251  293  -182  )
( 240  74  -194  )
( 222  -283  208  )
( -105  171  -246  )
( -290  -37  68  )
( -168  -178  53  )
( -217  -138  -23  )
( -166  57  267  )
( 2  117  -215  )
( 15  -7  220  )
( 20  -42  -177  )
( -285  -159  -121  )
( -198  81  151  )
( 87  294  28  )
( -151  90  -139  )
( 94  -289  -202  )
( -144  56  -271  )
( -158  153  -191  )
( 139  -30  -91  )
( 277  19  -68  )
( -8  202  -78  )
( 216  -188  117  )
( 9  219  -274  )
( -11  -131  53  )
( 169  -240  -44  )
( -154  298  -259  )
( 130  65  184  )
( -26  -141  71  )
( 78  200  298  )
( 2  -262  218  )
( 253  -271  28  )
( 250  -126  -114  )
( 182  287  -295  )
( -69  -225  252  )
( 89  -155  -199  )
( 186  248  -159  )
( 199  153  -275  )
( 78  20  -247  )
( 296  257  36  )
( 61  -160  125  )
( -86  176  10  )
( 162  111  -193  )
( 187  212  -125  )
( 295  -135  -174  )
( -257  91  247  )
( -53  -258  -279  )
( 68  -49  9  )
( 274  -262  138  )
( 239  4  -17  )
( 274  -179  -249  )
( 70  -272  57  )
( 15  -252  129  )
( 235  193  296  )
( -55  10  58  )
( -128  -225  168  )
( 172  68  -220  )
( -221  234  -149  )
( -247  227  90  )
( -88  -238  277  )
( 194  60  -208  )
( 76  249  49  )
( -232  -8  -284  )
( -219  -116  87  )
( -43  -89  -199  )
( -296  -21  247  )
( -54  161  120  )
( -122  -86  13  )
( -201  207  -126  )
( 205  -94  74  )
( -179  -80  100  )
( 152  173  213  )
( 39  -88  -240  )
( -166  37  205  )
( -269  206  -195  )
( 229  148  139  )
( 65  81  169  )
( -24  -63  182  )
( 120  -2  215  )
( -265  3  70  )
( -143  -76  229  )
( 230  213  -50  )
( 93  158  -97  )
( -234  -134  291  )
( 43  277  -259  )
( 92  186  67  )
( 38  -162  180  )
( -5  253  35  )
( 8  71  -118  )
( 110  -275  221  )
( 153  235  46  )
( -34  -12  111  )
( 90  -264  2  )
( -15  -293  -70  )
( 27  -296  111  )
( -183  272  -210  )
( -0  -81  4  )
( 279  -154  -106  )
( -178  -55  -247  )
( 240  -69  -229  )
( 133  47  -247  )
( 134  118  -40  )
( 39  -289  255  )
( -243  233  -294  )
( -295  -66  -132  )
( -64  -267  214  )
( 125  -42  -128  )
( 157  -130  106  )
( -104  -220  182  )
( 265  -170  242  )
( 93  135  294  )
( -64  95  -21  )
( 52  237  -216  )
( 251  141  298  )
( 18  -92  213  )
( 96  -190  127  )
( 274  182  -75  )
( -25  26  189  )
( 60  267  -29  )
( 200  -15  -210  )
( 180  -86  7  )
( -240  -122  -44  )
( 130  232  -140  )
( 154  -162  -269  )
( 31  147  186  )
( 12  -284  22  )
( -204  284  -226  )
( -28  9  -254  )
( -240  85  233  )
( 266  -214  185  )
( -49  -205  146  )
( -201  -285  -299  )
( -285  243  24  )
( 50  -171  -265  )
( 59  -3  95  )
( -20  -283  -149  )
( 224  -9  -160  )
( -154  81  250  )
( 234  88  102  )
( 282  226  -67  )
( 140  -221  196  )
( -199  38  155  )
( -19  90  2  )
( -212  181  4  )
( -280  147  -287  )
( 293  246  -221  )
( -285  273  86  )
( -49  88  284  )
( -32  -201  -277  )
( -72  16  93  )
( -93  284  169  )
( 79  297  250  )
( 269  -176  174  )
( 162  295  68  )
( 104  148  -203  )
( -182  -9  -157  )
( 66  213  76  )
( -272  12  280  )
( 221  211  -47  )
( 23  104  -132  )
( 290  192  -292  )
( -253  299  238  )
( -234  17  -281  )
( -57  -286  127  )
( -91  183  60  )
( -135  -6  -117  )
( 151  255  -296  )
( -172  245  -188  )
( 27  -170  212  )
( 268  5  -65  )
( 18  -183  115  )
( -5  150  -216  )
( -76  -268  -93  )
( 192  70  -29  )
( 106  278  -187  )
( 137  -112  -82  )
( -39  -276  267  )
( 76  203  51  )
( -114  -221  -137  )
( 66  -296  248  )
( -155  -24  176  )
( 274  -151  -273  )
( 238  72  77  )
( -272  -31  -232  )
( 144  -121  -258  )
( 23  195  45  )
( -228  278  223  )
( 44  -248  47  )
( 261  151  -114  )
( -223  169  219  )
( 36  290  88  )
( -280  -233  120  )
( 229  77  35  )
( -259  154  178  )
( -239  15  -287  )
( -284  -83  298  )
( -151  -78  95  )
( 221  -232  -166  )
( 51  91  -143  )
( 57  188  -263  )
( 279  -225  -3  )
