( 172  78  158  )
( -247  -76  -19  )
( 175  -284  -44  )
( 35  33  -165  )
( -111  -6  -265  )
( 134  41  93  )
( -116  198  -227  )
( 207  26  -152  )
( -15  -217  114  )
( 134  -18  -183  )
( -125  -179  -122  )
( -175  244  45  )
( 84  87  89  )
( 176  -164  -295  )
( 87  169  -260  )
( 135  45  290  )
( 222  110  -238  )
( -92  -145  116  )
( -36  168  160  )
( 120  156  -46  )
( -200  51  106  )
( -163  -251  -19  )
( -208  -203  -295  )
( 126  -220  -63  )
( -273  -226  -163  )
( -234  173  -276  )
( 236  265  171  )
( 72  20  -0  )
( -283  85  -247  )
( 82  -246  -164  )
( 177  51  167  )
( 267  50  268  )
( 84  113  245  )
( -193  148  106  )
( -196  -259  224  )
( -3  -61  -244  )
( 254  286  -251  )
( -115  -124  9  )
( -73  191  162  )
( 127  -33  -109  )
( 195  252  262  )
( 178  -138  169  )
( 136  58  -272  )
( -146  -129  -175  )
( 80  279  -249  )
( -258  -150  229  )
( -119  63  143  )
( 158  -65  67  )
( 276  -219  -16  )
( 202  162  144  )
( -44  -133  0  )
( 247  -98  -286  )
( 1  -181  163  )
( 132  -237  250  )
( -23  272  136  )
( 279  -69  220  )
( 175  254  -98  )
( -72  -281  66  )
( 46  124  278  )
( 235  -165  248  )
( 280  -204  35  )
( -78  200  196  )
( -45  186  268  )
( 93  76  -215  )
( 95  157  129  )
( 272  268  90  )
( -215  -286  -275  )
( 86  51  -181  )
( 278  74  -122  )
( -69  5  295  )
( 234  -255  -98  )
( -62  -105  42  )
( -272  294  187  )
( -279  -28  29  )
( -284  -299  183  )
( -69  163  160  )
( -29  158  -194  )
( 213  -175  26  )
( -110  -224  -163  )
( -177  80  21  )
( -38  76  -129  )
( -283  194  -261  )
( -82  -121  270  )
( -89  127  177  )
( 123  -238  216  )
( 80  -276  -118  )
( 110  169  -206  )
( -136  207  256  )
( -253  -64  23  )
( 223  139  18  )
( -198  118  -32  )
( -222  -242  134  )
( 57  216  251  )
( 100  -130  124  )
( -87  55  251  )
( -1  -154  -77  )
( -150  296  -105  )
( -39  -204  135  )
( 279  -105  287  )
( -141  297  -86  )
( -271  110  -190  )
( -239  245  -9  )
( 157  -148  -19  )
( 152  198  224  )
( -164  -80  65  )
( -10  266  180  )
( -270  -239  158  )
( -163  125  -94  )
( -278  43  289  )
( -121  159  -29  )
( -25  -151  -277  )
( -271  -88  -198  )
( -126  -102  169  )
( 206  -104  21  )
( -217  -255  193  )
( 253  210  110  )
( -223  36  -76  )
( 31  210  -59  )
( -98  138  50  )
( 79  4  76  )
( 15  -254  155  )
( -139  -164  190  )
( 223  266  27  )
( 3  -65  -41  )
( 40  -274  -59  )
( -250  232  -166  )
( 238  -195  -189  )
( -220  284  -245  )
( 91  177  34  )
( 178  -194  -155  )
( -219  -55  246  )
( -223  240  -273  )
( 30  -142  -56  )
( -105  217  245  )
( 78  -207  -236  )
( -41  184  -267  )
( -91  251  124  )
( -44  251  128  )
( -90  -60  -147  )
( -186  144  274  )
( 187  255  -111  )
( -68  96  -80  )
( 194  -145  -100  )
( 57  -221  16  )
( 79  -286  275  )
( -65  -82  -23  )
( 122  -12  -184  )
( 108  147  -167  )
( -28  -221  -38  )
( 125  170  149  )
( -109  93  -189  )
( 226  71  32  )
( -190  144  8  )
( -54  137  263  )
( 150  45  -138  )
( -229  -84  208  )
( -274  97  -113  )
( -11  18  -13  )
( 216  289  -239  )
( -245  194  286  )
( 20  -124  -60  )
( -156  -197  268  )
( -268  -223  -57  )
( -259  256  -140  )
( -49  265  42  )
( -128  124  89  )
( 97  80  133  )
( 133  -103  -226  )
( -299  -270  107  )
( 260  -193  299  )
( 128  -199  259  )
( 284  185  -1  )
( -152  43  160  )
( 275  280  -124  )
( 60  -192  -194  )
( -223  -225  237  )
( -210  7  143  )
( -44  -285  38  )
( -22  101  -275  )
( 124  -107  -46  )
( -63  -211  191  )
( -82  42  -168  )
( -134  -198  48  )
( 160  -162  220  )
( -120  274  96  )
( 41  -216  99  )
( 59  173  -38  )
( 294  -244  115  )
( 151  280  -153  )
( 33  64  207  )
( 285  -82  -91  )
( 203  -138  -180  )
( -139  -153  -275  )
( -165  117  156  )
( 98  155  244  )
( 230  170  287  )
( -118  -97  194  )
( -150  -249  83  )
( 89  284  295  )
( -64  -50  31  )
( -204  -104  -165  )
( 220  -250  92  )
( -51  -9  163  )
( -283  -28  -4  )
( 153  -226  -296  )
( 57  247  -265  )
( 111  -4  -236  )
( -67  -294  -125  )
( 292  -8  -161  )
( 141  -131  -270  )
( -98  203  -54  )
( -80  154  297  )
( 7  13  146  )
( -169  51  -163  )
( 115  9  -15  )
( -292  -0  19  )
( -223  13  -158  )
( -177  -55  -132  )
( 217  158  155  )
( -109  -247  -187  )
( 5  -120  -28  )
( -21  -183  -264  )
( -27  112  -47  )
( -215  -285  186  )
( -235  28  -281  )
( 270  241  -132  )
( 298  217  115  )
( -252  25  234  )
( -112  -142  285  )
( -247  129  -243  )
( 49  218  299  )
( 200  -89  -37  )
( 114  295  294  )
( 260  -91  208  )
( -185  264  63  )
( 227  121  -162  )
( -113  -263  -77  )
( -14  -282  150  )
( 255  160  295  )
( -240  3  11  )
( -173  -108  -13  )
( -39  -187  -149  )
( -164  127  132  )
( 93  59  24  )
( -83  277  246  )
( -278  -42  -5  )
( -179  -71  -155  )
( -161  -196  78  )
( -230  161  -148  )
( 270  -48  -49  )
( 276  -5  -197  )
( -201  222  -195  )
( 172  -166  -285  )
( 292  9  213  )
( -189  -46  -204  )
( 298  208  1  )
( 98  -222  -179  )
( -11  -65  -296  )
( -185  95  27  )
( -282  -158  293  )
( 45  289  235  )
( 147  271  -238  )
( -214  -16  151  )
( 89  90  105  )
( -148  -11  -219  )
( -232  113  8  )
( -277  -133  -268  )
( 15  -66  140  )
( -106  -10  87  )
( -287  -244  143  )
( -294  291  -8  )
( 190  27  180  )
( 117  -210  -93  )
( -7  68  238  )
( 86  -127  -298  )
( 189  46  -265  )
( 141  229  -75  )
( -171  159  -182  )
( -265  277  205  )
( -101  12  90  )
( 45  259  -231  )
( -252  -226  70  )
( 56  112  34  )
( -14  -250  38  )
( -248  -223  83  )
( -211  -234  4  )
( -42  193  -169  )
( 273  124  -195  )
( -270  -172  -245  )
( -144  255  227  )
( -287  279  -288  )
( -124  196  -136  )
( -266  130  298  )
( -63  -167  254  )
( 78  -193  -184  )
( -226  -289  -200  )
( -271  -119  -84  )
( -133  -272  253  )
( -126  0  -292  )
( -84  140  -136  )
( -243  -136  147  )
( -92  101  -25  )
( -235  260  -134  )
( -50  62  34  )
( 90  207  -53  )
( -84  -94  -31  )
( 145  -8  6  )
( -157  140  231  )
( -274  -24  32  )
( 147  -169  11  )
( -175  73  -187  )
( -22  209  -17  )
( 93  -12  -157  )
( -110  -281  -104  )
( -213  60  274  )
( 122  258  -196  )
( -275  166  99  )
( 174  -121  -59  )
( 246  -247  -162  )
( -134  259  -287  )
( -239  -280  -102  )
( -59  -178  269  )
( -62  193  56  )
( 196  -83  218  )
( 274  -292  132  )
( 90  -10  190  )
( 227  -128  -290  )
( -160  -209  -132  )
( -236  -242  -221  )
( -293  -182  -28  )
( 66  92  18  )
( 111  -261  281  )
( -284  -273  -31  )
( -29  -296  -279  )
( -294  -131  -79  )
( 101  -157  -289  )
( -241  91  -98  )
( 263  252  186  )
( -158  -253  -58  )
( 32  -224  -194  )
( 155  158  26  )
( 33  152  63  )
( -38  -210  -88  )
( -152  245  49  )
( 207  -79  204  )
( -185  -258  286  )
( 264  -280  41  )
( 65  256  120  )
( 260  8  101  )
( 234  123  227  )
( 285  -204  216  )
( 103  -268  -158  )
( 60  70  -53  )
( -122  49  -109  )
( 237  174  242  )
( -31  82  -99  )
( -161  -179  245  )
( -194  223  190  )
( -185  263  165  )
( -107  -66  -59  )
( -199  158  -44  )
( 274  -249  -75  )
( 33  209  215  )
( 118  -180  -21  )
( 31  134  -143  )
( 130  152  221  )
( 45  44  39  )
( -4  5  288  )
( 73  -71  173  )
( -103  179  -16  )
( -173  -227  -66  )
( -267  -188  -54  )
( 253  -284  207  )
( 72  -147  -201  )
( -179  166  -253  )
( 113  204  -298  )
( -167  91  -224  )
( 155  -136  216  )
( 194  120  276  )
( 269  -61  130  )
( 100  1  18  )
( 296  289  -266  )
( -167  -112  177  )
( -222  -48  239  )
( 67  53  -20  )
( -112  100  -256  )
( -239  -184  290  )
( 233  43  -79  )
( 227  -109  -7  )
( -210  153  254  )
( 109  -8  -170  )
( -178  74  -232  )
( -78  207  222  )
( -131  244  -26  )
( 192  -81  17  )
( -285  266  243  )
( -88  -67  -289  )
( -262  -131  293  )
( 159  36  176  )
( 106  130  -155  )
( -47  258  263  )
( 93  10  282  )
( -23  113  3  )
( -2  -200  -11  )
( 256  191  96  )
( -188  69  -290  )
( -147  -185  266  )
( -28  252  52  )
( 124  -94  291  )
( -172  70  69  )
( 277  -223  218  )
( -96  262  3  )
( 140  76  182  )
( -43  -113  66  )
( -292  54  -175  )
( -81  53  89  )
( -257  215  197  )
( -80  235  82  )
( -152  -138  50  )
( 5  20  -145  )
( 271  -50  -261  )
( -136  -179  6  )
( -203  -261  -137  )
( -221  224  -277  )
( 14  -199  -179  )
( -93  -0  -34  )
( -160  227  -237  )
( 69  -106  -108  )
( -158  299  156  )
( -170  -180  34  )
( 262  -61  -231  )
( 266  -53  -63  )
( -211  -119  -212  )
( -23  -190  -154  )
( 242  165  260  )
( 178  -108  141  )
( -104  -202  272  )
( 261  -184  149  )
( 282  121  -227  )
( -206  -156  -213  )
( -82  184  119  )
( -87  135  111  )
( -62  -79  -3  )
( -268  -68  -263  )
( 122  -271  -265  )
( 45  97  -26  )
( -86  234  188  )
( -31  178  28  )
( -54  -200  -125  )
( -119  -116  -156  )
( -233  216  -29  )
( -12  232  -67  )
( -83  -118  35  )
( 106  -286  -277  )
( -44  41  -67  )
( 105  -94  -205  )
( -58  202  245  )
( -176  -47  -63  )
( 200  238  29  )
( -220  -284  -257  )
( 188  -173  9  )
( -200  -103  -108  )
( 110  1  -273  )
( 174  -11  -253  )
( 215  -28  9  )
( 223  104  -180  )
( -178  -261  -193  )
( -128  129  -64  )
( 247  268  -223  )
( -132  39  -45  )
( 16  -198  -172  )
( 142  76  164  )
( -284  -140  -51  )
( 148  -293  34  )
( -3  251  -277  )
( 296  134  -196  )
( 136  -36  130  )
( 185  -154  -249  )
( 24  -175  230  )
( 204  -229  117  )
( 150  -252  -89  )
( -261  -231  13  )
( 183  278  127  )
( 264  275  -64  )
( 63  108  154  )
( 60  187  101  )
( -194  -150  199  )
( 231  -128  274  )
( -113  -225  -206  )
( 72  67  -181  )
( 201  -103  97  )
( -216  -163  -227  )
( -55  -158  -257  )
( -132  -194  -203  )
( 93  -281  -164  )
( 224  -30  146  )
( 127  43  257  )
( -61  233  235  )
( -119  -263  -185  )
( 277  -63  11  )
( -188  109  -165  )
( -61  20  85  )
( 178  172  -290  )
( 193  -244  232  )
( -122  -103  4  )
( -143  -45  276  )
( -276  54  269  )
( 207  -40  -141  )
( -287  225  -27  )
( -140  65  -37  )
( 257  -107  -205  )
( 117  79  -133  )
( -102  -277  279  )
( -172  193  -218  )
( -20  -248  -255  )
( -81  8  -202  )
( -115  -218  93  )
( -90  -186  -124  )
( 42  163  73  )
( -160  -177  71  )
( 127  210  -278  )
( 273  154  137  )
( -133  148  -200  )
( 282  283  -120  )
( -257  -122  135  )
( -18  -100  -77  )
( -204  109  254  )
( 33  -32  -180  )
( -55  -172  -69  )
( -235  208  193  )
( 229  263  -198  )
( -18  -110  -287  )
( 18  -136  248  )
( -213  -182  104  )
( 51  182  -90  )
( 265  -219  176  )
( 286  -17  -101  )
( 64  2  -279  )
( 4  286  -90  )
( -204  -198  -299  )
( -14  -145  111  )
( 175  293  -160  )
( 272  101  138  )
( -118  119  101  )
( 249  -7  -37  )
( 197  192  203  )
( -277  -77  -88  )
( 63  107  280  )
( -120  -180  -27  )
( -84  128  170  )
( 31  67  46  )
( -211  68  -38  )
( 243  -177  9  )
( 114  146  -177  )
( 160  296  -182  )
( -207  -39  208  )
( -142  -86  261  )
( 295  -207  126  )
( 236  9  170  )
( -171  257  233  )
( -16  35  259  )
( -280  -84  52  )
( -162  -135  75  )
( -155  39  -223  )
( 197  -210  -177  )
( -199  -225  -63  )
( -47  136  -225  )
( 182  41  281  )
( -71  -198  -112  )
( -272  -239  -128  )
( -21  180  89  )
( -45  -108  -269  )
( -117  -163  -285  )
( -283  -141  114  )
( 15  252  -261  )
( -273  214  -125  )
( -255  128  27  )
( -11  94  281  )
( 39  -72  193  )
( 267  249  -164  )
( -50  -38  102  )
( 156  -216  -24  )
( 37  -143  -223  )
( 233  -23  87  )
( -241  83  7  )
( -31  97  26  )
( 60  146  286  )
( -184  205  -281  )
( -197  -216  242  )
( 76  -190  170  )
( 216  134  -141  )
( 138  -233  48  )
( -156  197  28  )
( 256  -226  295  )
( -174  -71  288  )
( 128  199  213  )
( -149  251  -35  )
( -291  178  211  )
( -297  -172  101  )
( -86  -114  43  )
( -21  -137  143  )
( -155  86  -84  )
( -121  257  -87  )
( -40  115  296  )
( -49  -281  -156  )
( -243  -66  129  )
( -216  45  -123  )
( -249  -60  -102  )
( -210  257  129  )
( 213  -4  -13  )
( -37  293  -261  )
( -287  -75  159  )
( -282  -153  213  )
( 36  -271  -110  )
( -109  -143  -153  )
( 72  -236  274  )
( 70  90  -123  )
( -56  260  11  )
( -174  49  -10  )
( 275  32  -169  )
( -124  -120  186  )
( -157  160  -128  )
( -228  -282  -249  )
( -237  118  18  )
( 96  -266  275  )
( -126  -17  -153  )
( 230  89  290  )
( -19  249  77  )
( 170  -23  -255  )
( -250  -189  118  )
( 196  -114  -123  )
( -19  -261  -240  )
( -17  -0  278  )
( 48  124  220  )
( 281  -214  279  )
( -235  106  -258  )
( 94  -71  -187  )
( -207  -126  -83  )
( -271  47  191  )
( 76  228  -295  )
( 263  255  23  )
( 40  -230  -115  )
( 78  -276  233  )
( -43  54  279  )
( -137  -221  -34  )
( -266  -87  209  )
( 3  237  -248  )
( 217  235  140  )
( 291  124  242  )
( 42  -74  298  )
( -114  284  293  )
( -226  177  12  )
( 295  -33  280  )
( -64  135  39  )
( 244  -115  218  )
( -156  8  -163  )
( -18  249  83  )
( -281  -160  17  )
( -95  144  152  )
( -272  -91  -74  )
( 225  20  99  )
( 80  150  -149  )
( -28  215  166  )
( 203  -269  -25  )
( -31  206  65  )
( 155  147  138  )
( 66  -113  -170  )
( 27  32  -26  )
( -66  279  97  )
( 275  225  -43  )
( 51  -257  -50  )
( -289  -226  157  )
( -227  67  -280  )
( 72  -117  -156  )
( -90  226  -134  )
( -224  172  216  )
( -296  188  33  )
( -242  204  -154  )
( -105  187  211  )
( 285  149  155  )
( -138  -288  42  )
( -200  -101  2  )
( 31  163  -148  )
( 63  -217  249  )
( -135  -103  188  )
( 53  76  -153  )
( -229  -87  -212  )
( 180  204  154  )
( -257  -183  253  )
( -154  52  -8  )
( 104  -282  19  )
( -202  269  -221  )
( 55  -223  285  )
( -10  282  -89  )
( 12  76  -10  )
( 155  239  216  )
( -233  -207  -65  )
( -255  -283  211  )
( -161  221  244  )
( -218  191  -134  )
( -193  -272  -299  )
( 33  284  -153  )
( -96  286  225  )
( -242  -251  136  )
( -82  -293  -277  )
( 204  16  2  )
( -79  -17  81  )
( 19  -203  -171  )
( -87  92  124  )
( 95  224  -18  )
( -79  137  226  )
( -75  140  161  )
( 228  -258  123  )
( 195  -48  -104  )
( 283  272  -296  )
( 269  37  150  )
( -100  -196  163  )
( -127  -290  -72  )
( -194  268  101  )
( -212  57  48  )
( 207  264  -33  )
( 83  40  -222  )
( -153  -184  158  )
( 274  -193  -13  )
( -162  4  -214  )
( 287  -56  -237  )
( -241  -114  271  )
( 166  217  -43  )
( 241  65  201  )
( -208  -10  60  )
( -166  277  -82  )
( -237  70  -96  )
( -87  161  116  )
( 119  -31  -159  )
( -107  102  -292  )
( -165  78  234  )
( 237  -97  252  )
( 31  58  1  )
( 199  -48  210  )
( 147  226  225  )
( -238  -110  65  )
( 173  249  235  )
( -251  -65  156  )
( 5  -262  -63  )
( 271  29  -234  )
( -39  16  17  )
( 261  259  -51  )
( -23  209  -66  )
( -118  266  130  )
( -216  -160  -161  )
( -179  -244  -276  )
( -228  205  151  )
( -115  -279  -1  )
( 135  165  167  )
( 245  -166  -18  )
( 56  -113  -55  )
( 286  -20  86  )
( 123  -259  -49  )
( -96  -102  19  )
( -7  141  -232  )
( -286  75  131  )
( -30  45  224  )
( 102  -48  7  )
( -177  -216  249  )
( 229  82  110  )
( -0  258  29  )
( -159  251  86  )
( 202  198  -237  )
( 251  -252  60  )
( 206  113  -282  )
( -213  97  -61  )
( -67  -80  -258  )
( -125  154  -33  )
( 238  -43  290  )
( -114  -56  66  )
( -33  -111  -199  )
( 6  175  250  )
( -221  -183  58  )
( 79  166  -143  )
( -256  208  160  )
( 296  -203  -280  )
( 292  82  -0  )
( 50  -198  -24  )
( 247  -55  -16  )
( -101  253  -125  )
( -175  295  -203  )
( 116  272  -281  )
( -204  209  -28  )
( -149  -79  124  )
( 226  -153  162  )
( -162  263  -120  )
( -93  218  -73  )
( 211  194  147  )
( 263  -258  -280  )
( -56  -40  251  )
( 155  262  -74  )
( 136  -166  -65  )
( 235  9  192  )
( -232  -273  -62  )
( 38  -187  85  )
( 79  -269  168  )
( -292  -36  100  )
( 227  -116  213  )
( -216  -51  -284  )
( 292  227  125  )
( 156  -245  65  )
( 154  -202  -225  )
( 189  55  -91  )
( 155  60  -223  )
( 34  -1  70  )
( -277  -116  46  )
( 99  185  146  )
( 65  -202  -57  )
( -215  271  30  )
( 40  -239  4  )
( 272  -0  -197  )
( 68  -137  -5  )
( 35  -23  -257  )
( -27  126  -277  )
( 251  -81  239  )
( -189  190  122  )
( 115  -162  231  )
( 43  167  260  )
( 88  5  -200  )
( -101  204  292  )
( -55  -111  247  )
( 46  91  251  )
( -37  -219  -207  )
( -67  -42  263  )
( -162  -241  56  )
( 32  214  176  )
( 51  152  -99  )
( 278  50  -289  )
( -96  -36  -52  )
( -5  289  1  )
( -194  -206  -276  )
( -55  -178  227  )
( 45  -100  -192  )
( 44  136  242  )
( -274  161  -61  )
( 135  218  72  )
( -141  242  31  )
( 179  -101  227  )
( -166  58  59  )
( -86  -69  -125  )
( -33  212  -253  )
( -142  294  87  )
( -253  -244  114  )
( -55  272  95  )
( 69  -151  -39  )
( -220  284  84  )
( 233  -254  -21  )
( -150  115  28  )
( -236  -79  -226  )
( -264  -275  -237  )
( -67  -48  106  )
( -80  -148  42  )
( -253  -34  -205  )
( 191  -149  155  )
( 272  31  71  )
( 102  186  -141  )
( -153  25  -40  )
( -147  -114  66  )
( -13  -153  56  )
( 96  29  -25  )
( -59  209  237  )
( -104  134  130  )
( 255  -126  241  )
( -231  -176  -39  )
( 35  -135  -207  )
( 114  70  -226  )
( -52  151  -208  )
( -43  56  -26  )
( -86  142  244  )
( 19  282  -277  )
( -224  -59  -211  )
( 6  -116  -225  )
( 94  24  93  )
( -147  -219  -286  )
( -112  -185  -134  )
( 36  99  65  )
( 116  192  258  )
( 147  40  156  )
( 262  -93  72  )
( -235  -56  199  )
( 292  -147  229  )
( -241  21  -125  )
( 22  37  30  )
( -25  210  178  )
( 276  -134  -277  )
( 225  -74  -76  )
( -110  204  59  )
( 92  -3  142  )
( 233  -72  88  )
( 97  -121  -6  )
( -212  -142  264  )
( -1  -42  -31  )
( 34  -259  -162  )
( -237  -185  205  )
( 182  -160  127  )
( -206  263  270  )
( 236  -160  -282  )
( 294  -285  97  )
( -172  112  253  )
( 213  -98  275  )
( -206  246  -52  )
( -48  267  212  )
( 196  -291  39  )
( -160  202  -44  )
( -130  -153  297  )
( 58  71  245  )
( -263  -192  294  )
( 231  -101  -234  )
( 199  70  291  )
( -132  32  232  )
( -123  101  -287  )
( -114  143  100  )
( 205  217  268  )
( -285  -105  112  )
( 296  194  -150  )
( -175  244  21  )
( -17  251  -193  )
( -65  -26  -24  )
( 213  -171  95  )
( 117  3  -271  )
( -279  205  -278  )
( 92  -252  -37  )
( 142  -66  268  )
( -26  -21  76  )
( 122  10  69  )
( -26  -58  120  )
( -234  -69  84  )
( 62  19  107  )
( 102  66  -72  )
( -41  168  -74  )
( 288  -276  -224  )
( -162  136  -229  )
( -238  -9  -147  )
( 108  91  -15  )
( -87  -246  40  )
( 39  288  -238  )
( 62  -140  259  )
( 117  9  56  )
( -193  -126  110  )
( -57  103  11  )
( 273  -28  56  )
( 121  92  119  )
( 49  1  88  )
( 48  276  123  )
( 184  -271  222  )
( 286  192  174  )
( -268  141  223  )
( 283  -248  234  )
( 79  285  -120  )
( -282  -113  -108  )
( -55  0  169  )
( -0  -232  289  )
( -4  278  206  )
( 127  -44  28  )
( 85  238  -139  )
( -276  169  -252  )
( 20  283  -261  )
( 167  -40  130  )
( -11  -124  -192  )
( -48  265  -169  )
( 118  -69  -255  )
( -158  -259  172  )
( -278  220  -247  )
( 291  153  -225  )
( 130  32  -192  )
( -39  -281  -101  )
( -267  -49  63  )
( -143  9  -46  )
( 249  -4  -66  )
( 280  231  178  )
( 62  -71  -151  )
( -235  -129  -3  )
( -56  141  77  )
( -26  -129  -157  )
( 230  286  95  )
( -200  -29  28  )
( -69  154  -62  )
( 299  240  74  )
( -126  121  -200  )
( 33  199  -223  )
( -205  0  167  )
( -230  -150  -121  )
( -23  91  -144  )
( -234  -83  184  )
( 292  289  202  )
( 238  126  172  )
( -33  34  -209  )
( 146  113  177  )
( 201  212  -217  )
( -261  -232  -267  )
( 61  292  283  )
( 181  -191  54  )
( 126  124  -251  )
( -233  41  -214  )
( -16  161  290  )
( -279  -173  -68  )
( -41  278  181  )
( -288  63  -269  )
( -279  175  293  )
( -183  143  273  )
( 125  -199  153  )
( 97  -213  30  )
( 13  86  284  )
( 141  113  -108  )
( 4  -141  -189  )
( 285  80  -294  )
( -154  202  -147  )
( 245  194  60  )
( 244  177  -15  )
( 211  48  -8  )
( 60  -9  -271  )
( -92  -134  -242  )
( -280  -224  -27  )
( 249  -160  296  )
( 245  -126  -51  )
( -38  213  133  )
( 264  -99  283  )
( -166  90  -88  )
( -166  272  -246  )
( 49  -191  207  )
( -31  104  258  )
( -138  -194  207  )
( 278  97  292  )
( -273  -93  114  )
( -28  144  -99  )
( 140  -280  43  )
( -228  243  -134  )
( -235  -225  -177  )
( -122  -21  -44  )
( 84  -200  139  )
( 286  -226  -44  )
( 132  -259  229  )
( -204  -2  -221  )
( -81  -245  -61  )
( 264  37  -214  )
( -80  -49  -31  )
( 280  225  -296  )
( 205  295  -169  )
( 19  15  -248  )
( -93  106  -194  )
( -63  171  -77  )
( 261  88  -264  )
( 100  160  -164  )
( -124  114  170  )
( 32  106  59  )
( -85  234  -11  )
( 147  77  -137  )
( -25  276  -210  )
( -37  185  273  )
( -71  -116  -297  )
( 195  -189  53  )
( 212  10  -214  )
( -0  -268  147  )
( -89  11  -58  )
( 62  269  65  )
( -235  296  286  )
( -131  -63  -251  )
( 27  -198  -274  )
( 295  62  258  )
( 63  240  -122  )
( 288  144  -17  )
( 20  88  -236  )
( -268  -243  155  )
( -237  100  189  )
( -277  131  -101  )
( -23  290  217  )
( 282  -160  -137  )
( -112  30  218  )
( -19  172  96  )
( -285  122  283  )
( 102  -36  -70  )
( 41  292  73  )
( -102  267  -198  )
( -108  91  -54  )
( 84  -157  186  )
( -147  281  -111  )
( -18  105  -76  )
( 291  -219  -67  )
( -184  34  -148  )
( 293  -22  -93  )
( 237  -217  -251  )
( -146  -219  -9  )
( 242  281  -89  )
( -119  -215  129  )
( -13  -93  -297  )
( -263  -159  -237  )
( -92  212  -73  )
( 155  100  -297  )
( -207  -281  -30  )
( -231  201  150  )
( -97  15  -218  )
( -178  -59  -164  )
( -221  252  -247  )
( 157  -130  161  )
( -8  242  -92  )
( -176  173  237  )
( 108  -272  -291  )
( -269  -142  271  )
( 29  -61  -164  )
( -268  30  239  )
( 265  46  208  )
( -150  -45  36  )
( 289  187  -231  )
( -156  -38  -87  )
( -226  -70  -200  )
( -92  11  -49  )
( 52  173  10  )
( -167  -203  -14  )
( 249  -197  -245  )
( -69  -63  93  )
( -159  251  -286  )
( -69  62  -213  )
( -78  40  29  )
( -233  26  -187  )
( 265  -107  105  )
( -66  -123  -159  )
( 294  227  199  )
( -208  289  199  )
( 282  296  89  )
( 96  -210  -36  )
( -55  270  -11  )
( 287  246  251  )
( -194  248  239  )
( 212  265  -115  )
( 44  -65  -91  )
( 85  -255  281  )
( 227  32  187  )
( 90  -140  -128  )
( 117  198  37  )
( 79  -274  -167  )
( -66  44  47  )
( -94  -72  148  )
( -90  213  111  )
( 69  289  22  )
( -110  -114  -212  )
( 249  206  260  )
( 190  -229  -242  )
( 119  -124  -199  )
( 121  -294  279  )
( 194  -171  289  )
( 65  229  -57  )
( -220  61  -201  )
( -72  -244  -18  )
( -245  -234  -45  )
( 42  80  -32  )
( -194  -166  -47  )
( 246  -201  4  )
( -21  -224  40  )
( -56  229  -82  )
( -226  10  -38  )
( -261  -141  117  )
( -147  -99  54  )
( 141  200  70  )
( -256  127  48  )
( 258  -78  148  )
( 234  -112  182  )
( -170  -206  -274  )
( -189  5  -69  )
( -71  295  -10  )
( 197  39  34  )
( 134  -148  38  )
( 20  -28  51  )
( -30  -77  2  )
( 41  13  -109  )
( -291  -177  -145  )
( 220  40  -261  )
( 289  -24  -220  )
( 232  82  228  )
( 106  -22  81  )
( -40  -143  -50  )
( -27  79  59  )
( -173  159  198  )
( -62  -233  -283  )
( 130  -282  -147  )
( -76  -149  66  )
( 104  14  -78  )
( -101  -85  -218  )
( 279  179  228  )
( -62  277  223  )
( -105  136  7  )
( 292  283  67  )
( 81  129  161  )
( 258  -132  -67  )
( -55  132  236  )
( 108  157  -190  )
( -260  -169  -227  )
( 135  -185  1  )
( 95  -101  -168  )
( 79  201  140  )
( 228  174  155  )
( 243  -217  22  )
( 142  -226  -72  )
( 206  236  -103  )
( 42  -134  -215  )
( 8  -3  9  )
( -289  -150  166  )
( -104  -273  -173  )
( -251  42  -281  )
( -245  291  150  )
( 289  -14  142  )
( 24  -56  262  )
( 184  -70  -270  )
( 179  -23  63  )
( -164  -119  -294  )
( 254  36  -93  )
( 221  263  230  )
( 51  -223  -168  )
( -126  81  -49  )
( -172  85  257  )
( -103  170  63  )
( -219  -173  -163  )
( 158  -113  -131  )
( -183  -189  15  )
( 181  138  134  )
( 196  105  -6  )
( 111  -47  -184  )
( 242  -220  -241  )
( 150  271  0  )
( 139  278  -261  )
( -188  -190  -111  )
( 222  -291  134  )
( -49  -77  -56  )
( 38  51  -78  )
( 156  -249  139  )
( -23  -96  4  )
( -262  45  229  )
( -93  -234  -242  )
( 88  -104  -21  )
( 12  41  66  )
( -137  -278  6  )
( -63  172  293  )
( -261  40  -151  )
( -293  99  155  )
( -286  246  215  )
( 89  -123  -41  )
( 32  -59  124  )
( 292  -260  -243  )
( -17  169  -245  )
( 26  -102  -54  )
( -87  -139  -216  )
( -118  -62  251  )
( -43  163  -164  )
( -196  183  50  )
( 188  240  -247  )
( 58  -222  -83  )
( 277  265  44  )
( 236  114  -136  )
( -247  40  3  )
( 21  -60  141  )
( 134  204  -20  )
( 46  -41  151  )
( -243  -82  -92  )
( -288  85  296  )
( -251  233  -199  )
( 32  222  171  )
( 141  168  14  )
( -272  -70  245  )
( -105  57  203  )
( 295  -113  69  )
( 64  189  286  )
( 50  -121  260  )
( -107  -174  13  )
( -2  159  -199  )
( 11  -163  -175  )
( 201  145  108  )
( -76  -51  -68  )
( -59  265  82  )
( 232  -129  105  )
( 82  196  -225  )
( 148  -135  -204  )
( 221  229  135  )
( 221  -126  169  )
( -75  74  175  )
( 121  -271  -268  )
( 299  -20  43  )
( 264  -140  -174  )
