( 294  87  -180  )
( 14  -32  -238  )
( -68  -288  181  )
( 30  -81  93  )
( -205  -211  127  )
( 244  -248  -108  )
( -16  -177  81  )
( -268  -260  -82  )
( 227  103  145  )
( -120  159  -12  )
( -144  -69  -262  )
( -131  -268  147  )
( 108  -123  -288  )
( 2  184  51  )
( -75  -243  -52  )
( 30  120  -59  )
( 13  -225  202  )
( 12  -119  45  )
( 3  -216  194  )
( -153  -234  -157  )
( -258  -103  -260  )
( -127  -44  -188  )
( 197  -299  -53  )
( -238  62  54  )
( 35  99  178  )
( -219  -0  194  )
( 10  -155  26  )
( 231  -198  -258  )
( 53  -226  -34  )
( -130  -292  -159  )
( -264  -236  -55  )
( -99  -14  -126  )
( -2  -276  -219  )
( -25  -177  7  )
( -87  -271  40  )
( -113  -254  -153  )
( -105  -104  42  )
( -62  247  -57  )
( -286  -72  -213  )
( 67  71  -33  )
( 76  -168  -32  )
( 248  -140  -41  )
( 196  80  -157  )
( 140  -295  -298  )
( -60  -119  64  )
( -59  226  192  )
( -131  -270  -78  )
( 218  123  23  )
( 143  116  89  )
( -167  -0  19  )
( -178  -94  175  )
( 249  -61  121  )
( -89  264  199  )
( 95  -9  270  )
( -49  -24  6  )
( -27  241  224  )
( -74  -238  127  )
( -158  152  137  )
( -188  -17  183  )
( -51  -85  133  )
( 58  128  122  )
( 7  6  217  )
( -16  62  -44  )
( 23  -279  -1  )
( 126  -125  85  )
( 121  44  104  )
( 272  -153  -290  )
( -14  254  -265  )
( -192  275  132  )
( 240  137  158  )
( 230  -133  88  )
( 155  226  209  )
( 218  -53  -44  )
( -23  -9  -184  )
( -43  -147  29  )
( -287  -207  162  )
( -182  -266  264  )
( 220  58  -200  )
( -73  -45  -77  )
( -241  117  232  )
( 49  27  42  )
( -199  254  187  )
( -247  -91  125  )
( -298  180  -204  )
( -106  51  119  )
( 73  52  -270  )
( 65  -89  126  )
( 203  119  -29  )
( -66  160  -22  )
( -127  142  -146  )
( -186  267  -265  )
( 44  -87  -193  )
( -156  -183  260  )
( 152  207  -215  )
( -273  22  218  )
( -257  -196  -165  )
( 25  -63  -245  )
( 253  280  200  )
( -202  -30  -117  )
( -59  -57  -27  )
( 170  -174  61  )
( -73  1  -168  )
( 165  -0  207  )
( -39  173  289  )
( 245  102  -241  )
( 229  -255  200  )
( 170  236  -80  )
( -237  208  187  )
( -31  -215  -199  )
( -273  198  -142  )
( 236  -226  288  )
( 242  32  -47  )
( 241  30  183  )
( 213  163  299  )
( 121  144  -169  )
( -145  125  -193  )
( -111  -54  191  )
( -293  -108  -149  )
( -220  182  194  )
( -253  169  35  )
( 263  -191  -288  )
( -65  259  -112  )
( 282  -50  236  )
( 285  88  2  )
( -94  -25  115  )
( 208  47  -219  )
( -32  241  66  )
( -76  53  -298  )
( 221  205  165  )
( -129  235  136  )
( 117  -90  -181  )
( 147  130  -36  )
( 30  -59  50  )
( 14  201  -270  )
( 217  34  282  )
( -9  -111  7  )
( 131  48  -238  )
( 86  136  -98  )
( -105  22  -219  )
( -269  -232  -88  )
( -15  -6  164  )
( 123  116  164  )
( -195  -2  297  )
( -184  -29  146  )
( -248  -88  -175  )
( -16  -194  -63  )
( -81  -252  -5  )
( -62  278  -232  )
( -138  -95  -232  )
( -106  229  -28  )
( -107  -270  -118  )
( 102  97  198  )
( -61  196  101  )
( -143  -46  53  )
( -24  -179  266  )
( 233  -4  287  )
( -66  132  -215  )
( 97  33  -206  )
( 192  279  149  )
( -242  -156  37  )
( -242  298  27  )
( 231  -255  145  )
( 176  -183  -17  )
( -60  -49  -249  )
( -179  -171  145  )
( -185  -72  -90  )
( -228  162  190  )
( -26  -50  -11  )
( 159  -181  -287  )
( -55  -242  104  )
( -258  99  144  )
( 273  -19  -8  )
( 249  295  -91  )
( -245  -141  17  )
( 197  -241  -243  )
( -60  -25  -218  )
( -293  -286  -242  )
( -243  134  -79  )
( 2  114  -269  )
( 221  -234  135  )
( 138  150  156  )
( -12  159  -84  )
( 58  -48  268  )
( -111  -218  52  )
( 52  92  -121  )
( -125  209  -25  )
( -210  -43  -84  )
( -199  -224  244  )
( 89  -33  262  )
( -254  -25  -177  )
( -4  -171  63  )
( 62  117  218  )
( 88  -179  -294  )
( -149  261  -117  )
( -107  175  -37  )
( 135  49  122  )
( -17  -120  95  )
( 84  62  73  )
( -250  -166  37  )
( -149  -60  -193  )
( 246  67  182  )
( -81  -269  -99  )
( 38  -9  -126  )
( -146  -163  182  )
( 288  189  273  )
( -238  -28  47  )
( 141  21  -190  )
( 39  -186  -273  )
( -97  -225  91  )
( -277  -196  -102  )
( -255  274  191  )
( 82  -178  279  )
( 262  -51  58  )
( 274  -90  -291  )
( -74  -70  -96  )
( -27  -12  5  )
( -275  -115  116  )
( -165  -30  -238  )
( 93  196  59  )
( -101  -107  186  )
( -57  111  -120  )
( 34  -51  -222  )
( -135  229  127  )
( 222  -121  -48  )
( -37  -100  -107  )
( -267  -180  -182  )
( 287  -273  65  )
( -81  78  217  )
( -208  123  -6  )
( -207  -16  167  )
( 166  272  -101  )
( 220  131  -213  )
( 47  -219  70  )
( -175  -88  -250  )
( -275  -153  -258  )
( -281  -272  45  )
( -64  -51  -16  )
( -194  -222  -297  )
( 133  -62  73  )
( 2  -223  234  )
( 160  -40  -168  )
( -17  72  -1  )
( -232  104  265  )
( -120  -177  -77  )
( 240  -256  79  )
( 61  260  -81  )
( -268  -32  74  )
( 189  -287  166  )
( 239  -283  263  )
( 279  115  212  )
( -278  135  23  )
( -85  226  -38  )
( 39  143  -146  )
( -251  154  -232  )
( -250  161  -72  )
( -216  251  246  )
( 206  104  265  )
( -8  -184  -30  )
( 88  -171  -22  )
( 74  -8  -175  )
( 173  -51  -218  )
( -253  -290  144  )
( -185  -178  -164  )
( -31  -18  -68  )
( -27  197  5  )
( 219  -255  -165  )
( 244  272  -151  )
( -8  193  98  )
( 249  55  -0  )
( -240  104  218  )
( -1  10  -147  )
( -177  -42  13  )
( -167  172  -101  )
( -287  116  84  )
( -78  -263  -80  )
( 280  28  297  )
( 75  276  -180  )
( 140  259  33  )
( 243  -49  -107  )
( 72  -192  68  )
( -149  252  46  )
( 33  -82  -98  )
( -125  -208  -83  )
( 148  -180  -23  )
( -273  30  296  )
( -146  -121  -246  )
( 145  -185  -222  )
( 216  -179  -178  )
( 108  -8  -119  )
( 158  -274  244  )
( -22  172  170  )
( 190  -33  285  )
( -49  -102  -94  )
( 181  51  -265  )
( -182  -298  46  )
( -85  -95  287  )
( -54  297  -17  )
( 224  88  279  )
( 4  98  203  )
( 111  -16  -235  )
( 11  -13  224  )
( 45  -177  -167  )
( -247  -278  -16  )
( -202  -259  248  )
( -121  101  -96  )
( -56  274  78  )
( -130  142  189  )
( 148  -287  19  )
( -161  2  -119  )
( 238  225  93  )
( -110  -209  -268  )
( -284  -272  290  )
( 202  105  64  )
( -154  218  162  )
( 17  85  103  )
( 95  72  157  )
( -210  139  115  )
( 126  263  -180  )
( 114  -222  159  )
( -39  -229  82  )
( -276  -274  -255  )
( -160  62  -23  )
( -100  94  230  )
( 28  -149  -97  )
( -291  -164  176  )
( -30  -117  11  )
( 213  -105  142  )
( -240  231  64  )
( -237  238  -293  )
( -17  10  -298  )
( -45  149  189  )
( -141  -41  -269  )
( -289  212  -10  )
( -133  131  -244  )
( -230  231  204  )
( 143  -6  -50  )
( 197  251  -20  )
( -175  -256  129  )
( 23  111  100  )
( -68  288  284  )
( 198  218  143  )
( 190  -26  48  )
( 172  -286  -180  )
( 107  158  -288  )
( 101  -196  -20  )
( -143  70  -151  )
( -287  73  -292  )
( -100  -190  119  )
( -152  126  -184  )
( 46  -130  -116  )
( 162  129  -103  )
( -143  -105  68  )
( 20  158  -57  )
( -208  -88  222  )
( -48  -262  -295  )
( 30  277  -23  )
( 97  -20  11  )
( -237  -158  -6  )
( 110  203  206  )
( 85  -148  29  )
( 20  54  -230  )
( -52  3  -95  )
( -216  -27  -259  )
( -146  170  -267  )
( 233  48  229  )
( 294  298  234  )
( 210  -297  170  )
( 265  -161  238  )
( -68  -0  -103  )
( -85  225  -216  )
( -278  239  160  )
( 36  62  -258  )
( 212  83  -297  )
( -249  165  151  )
( -157  -282  117  )
( 158  -278  -67  )
( 257  162  -144  )
( -248  -96  -99  )
( 108  -4  107  )
( -132  42  143  )
( -220  136  150  )
( 170  -288  298  )
( -182  -20  280  )
( 59  294  138  )
( -249  -96  -282  )
( 56  24  -286  )
( -219  -161  3  )
( -5  -125  63  )
( 226  -17  266  )
( -14  130  -31  )
( -269  130  146  )
( 126  93  192  )
( 298  -163  -84  )
( 21  -74  87  )
( -279  -31  5  )
( 237  10  18  )
( 271  71  -209  )
( -98  213  -4  )
( -299  -242  -76  )
( -238  290  -2  )
( -217  101  -242  )
( 191  299  -150  )
( -173  208  -267  )
( 110  93  -8  )
( -232  15  -199  )
( 113  -138  225  )
( -54  -240  244  )
( -211  -275  18  )
( -207  -229  36  )
( -3  150  -51  )
( 245  67  175  )
( 141  231  190  )
( 102  283  94  )
( 50  194  -189  )
( 249  -219  157  )
( -13  -42  296  )
( -204  154  -202  )
( 25  257  -167  )
( -50  285  -218  )
( -49  7  -56  )
( -85  16  -163  )
( -264  -59  -157  )
( -27  46  -8  )
( 159  166  -171  )
( -292  -97  80  )
( -107  -189  -66  )
( 186  -152  146  )
( -269  248  153  )
( -47  186  -240  )
( 160  -134  149  )
( 3  62  -9  )
( 9  258  284  )
( -83  136  196  )
( -130  252  -131  )
( -146  18  226  )
( 227  74  271  )
( -183  44  33  )
( -1  46  81  )
( 219  -135  -152  )
( 268  -222  286  )
( -209  -175  231  )
( -33  -256  -153  )
( 292  188  198  )
( -54  225  -161  )
( -136  156  181  )
( 179  51  194  )
( 3  228  -61  )
( 225  -285  -12  )
( -154  -26  19  )
( 207  213  -174  )
( -31  248  134  )
( -231  140  15  )
( 217  -3  -262  )
( -29  -174  -79  )
( -107  61  138  )
( -55  212  205  )
( 224  210  108  )
( -165  -48  53  )
( -252  -96  -20  )
( -41  -136  259  )
( -141  164  259  )
( -246  -2  -37  )
( 260  298  -169  )
( -235  -233  -252  )
( 4  -1  160  )
( 290  136  -276  )
( -212  33  50  )
( -111  -277  -208  )
( 216  150  -37  )
( 180  -291  -124  )
( 86  -115  235  )
( 11  164  -27  )
( -112  264  -273  )
( 70  -62  -163  )
( -18  -31  203  )
( -66  -158  148  )
( -111  -271  -70  )
( 88  -248  139  )
( 136  81  115  )
( -121  -134  -78  )
( -50  279  -137  )
( 136  -233  -55  )
( -240  265  159  )
( -40  98  -292  )
( 147  -274  155  )
( 295  -283  -173  )
( 175  113  299  )
( -256  -44  -289  )
( 204  -250  194  )
( 298  9  124  )
( -94  259  237  )
( 267  230  202  )
( 256  297  -138  )
( 249  219  -64  )
( 47  232  -155  )
( 222  277  187  )
( 180  -100  -102  )
( 187  262  -232  )
( -129  136  273  )
( -83  -278  286  )
( -12  -201  242  )
( -124  -187  -132  )
( 1  -204  -89  )
( 170  -202  140  )
( 195  70  -40  )
( -247  251  232  )
( -262  -261  76  )
( -16  -108  143  )
( 130  25  -80  )
( 52  65  -158  )
( -60  -47  -46  )
( -27  -282  222  )
( -3  -213  -171  )
( -102  231  -224  )
( -249  -88  -164  )
( 272  36  -215  )
( -277  13  246  )
( -70  -288  270  )
( -274  144  -170  )
( -287  -24  273  )
( 84  -180  170  )
( 16  299  121  )
( -55  -73  -257  )
( 2  97  152  )
( 24  80  236  )
( 99  118  -149  )
( -110  -143  150  )
( 110  261  -113  )
( 291  -166  -217  )
( -202  -29  -134  )
( 184  -177  296  )
( 69  255  203  )
( -21  89  -117  )
( 160  -59  -129  )
( 285  -65  -284  )
( 117  185  225  )
( 205  206  15  )
( 179  73  57  )
( -5  132  166  )
( 131  64  -210  )
( -83  -201  -147  )
( 252  -274  215  )
( 228  285  -236  )
( 204  264  163  )
( 96  -262  121  )
( -27  252  203  )
( -132  -178  113  )
( -67  -286  141  )
( 121  -152  -115  )
( 57  99  -209  )
( -96  -40  -172  )
( -71  6  1  )
( -196  -124  -17  )
( 191  -151  -11  )
( 63  91  -135  )
( 228  75  -127  )
( -132  11  116  )
( -175  -98  59  )
( -35  -235  231  )
( 96  -298  -260  )
( 95  161  191  )
( 129  -26  144  )
( -219  42  160  )
( -45  258  271  )
( -147  -88  -5  )
( -34  -259  103  )
( 188  -111  220  )
( 248  50  84  )
( 80  244  -61  )
( 58  30  -237  )
( -3  -206  207  )
( -93  63  -55  )
( -278  -279  -148  )
( 227  -121  269  )
( 177  132  -221  )
( 37  -65  17  )
( -33  45  -35  )
( -53  203  -194  )
( 214  -239  235  )
( 3  -225  166  )
( 55  46  -56  )
( -261  178  -21  )
( 14  102  202  )
( 235  19  10  )
( -133  -188  121  )
( 180  83  -273  )
( -13  -189  -50  )
( -241  164  246  )
( -49  195  -267  )
( -53  222  10  )
( -293  213  -101  )
( 180  1  -50  )
( -204  252  -175  )
( 210  -231  276  )
( -57  -206  194  )
( -86  28  -81  )
( 98  126  -299  )
( 183  -88  -148  )
( 257  -4  230  )
( 169  -71  240  )
( 177  -36  157  )
( -252  112  225  )
( 181  -8  -41  )
( -49  135  85  )
( 106  269  -112  )
( 249  64  19  )
( -258  257  16  )
( 282  -140  180  )
( -13  56  -268  )
( 174  159  77  )
( 157  229  -53  )
( -225  27  2  )
( -166  -46  182  )
( 222  44  231  )
( -19  -7  240  )
( -189  145  -253  )
( -24  251  -94  )
( -204  -70  155  )
( 73  -290  54  )
( -222  -258  -270  )
( 56  251  225  )
( 251  253  267  )
( 83  -243  -237  )
( 124  -231  -18  )
( 227  90  -98  )
( 128  110  -288  )
( -106  190  113  )
( -135  -59  76  )
( -254  -89  154  )
( -261  94  119  )
( -78  214  158  )
( -163  -185  -25  )
( 155  2  237  )
( -147  -95  -82  )
( -195  -239  33  )
( 117  -269  -75  )
( -66  -231  296  )
( 195  -140  202  )
( -48  138  -36  )
( 194  150  -230  )
( -175  -172  25  )
( 131  136  296  )
( 220  114  271  )
( -266  -262  157  )
( 288  -244  -7  )
( -230  16  -268  )
( 51  -81  115  )
( 241  -230  -72  )
( 61  260  80  )
( -206  49  -219  )
( -10  146  -222  )
( 6  268  24  )
( 169  -197  6  )
( 21  -83  222  )
( -36  46  210  )
( -205  -137  125  )
( -23  289  271  )
( 11  -95  297  )
( -137  -27  -83  )
( -29  103  -196  )
( 21  186  -87  )
( -289  -21  -171  )
( 52  -229  -262  )
( -47  -63  184  )
( -62  -18  264  )
( -290  194  -101  )
( 166  -19  171  )
( -222  203  55  )
( 134  -122  22  )
( -193  173  -85  )
( -213  -88  238  )
( -28  -157  -282  )
( 41  -48  -250  )
( -108  215  40  )
( 264  178  44  )
( -17  -67  -25  )
( 149  235  -77  )
( -131  -110  287  )
( 257  108  147  )
( -12  -11  134  )
( -181  -271  -208  )
( 182  -288  99  )
( 156  -298  -121  )
( -128  228  -183  )
( 93  -242  -202  )
( 120  264  257  )
( -70  140  11  )
( 86  187  120  )
( -212  -94  193  )
( 125  -278  260  )
( 290  41  -284  )
( -265  212  -172  )
( 242  162  79  )
( -146  -45  -60  )
( -212  -103  236  )
( 170  246  -206  )
( -51  134  284  )
( 100  113  -8  )
( 221  74  -61  )
( -259  178  27  )
( 206  60  109  )
( 99  155  -248  )
( -193  116  160  )
( -155  -125  236  )
( 224  32  277  )
( 231  -168  280  )
( 103  -145  223  )
( -55  41  158  )
( 152  -135  -195  )
( -258  87  185  )
( -120  -108  -86  )
( -181  -86  109  )
( 290  -298  -270  )
( 118  -281  121  )
( -186  55  -146  )
( -295  119  234  )
( 276  271  -162  )
( 151  -22  146  )
( 159  -214  -105  )
( -56  146  35  )
( 251  -187  2  )
( -6  -223  133  )
( -60  68  -57  )
( 55  -217  -119  )
( 22  -60  34  )
( 176  -177  136  )
( -1  58  -208  )
( -151  -1  -245  )
( 79  -200  249  )
( -243  93  52  )
( 272  168  130  )
( -17  -83  242  )
( -213  229  43  )
( 135  -141  212  )
( -281  -17  -73  )
( 250  21  -72  )
( 148  -257  235  )
( 135  156  -121  )
( -153  210  268  )
( 82  51  20  )
( 168  -43  73  )
( -101  -69  59  )
( 237  104  -156  )
( 23  66  -238  )
( 83  -223  -220  )
( 299  196  61  )
( -73  267  256  )
( 146  -52  30  )
( -206  -190  181  )
( 61  188  -178  )
( 83  37  -258  )
( 76  40  17  )
( 237  -90  -85  )
( -256  107  -100  )
( 72  99  -100  )
( -145  105  210  )
( -86  152  156  )
( 204  235  200  )
( 207  25  118  )
( -279  -228  -131  )
( 28  197  34  )
( -179  182  -263  )
( 113  88  -45  )
( 226  -161  -6  )
( -221  -175  -2  )
( 89  106  -179  )
( -64  295  -117  )
( 132  54  25  )
( 112  -137  -140  )
( 133  64  216  )
( -202  14  42  )
( -211  -179  -49  )
( -146  85  -226  )
( -103  -27  -101  )
( 227  10  204  )
( 61  255  -144  )
( 222  239  -20  )
( -38  -169  -137  )
( -117  85  -185  )
( -133  -269  -239  )
( -82  -185  -154  )
( 108  26  298  )
( -24  -185  297  )
( -65  267  298  )
( -212  179  168  )
( -132  222  285  )
( 257  -154  -264  )
( 137  101  -20  )
( 81  -246  -139  )
( 137  -69  261  )
( 122  -53  110  )
( 291  1  -4  )
( -255  44  -3  )
( 227  247  180  )
( 274  -219  -32  )
( -124  -216  91  )
( -78  105  -229  )
( -272  124  -235  )
( -170  142  226  )
( 89  -169  -42  )
( -259  -47  131  )
( 20  -116  282  )
( 158  257  32  )
( -241  -116  -250  )
( 216  34  -171  )
( 214  -204  0  )
( -266  119  259  )
( 50  96  114  )
( 191  -119  -204  )
( 86  33  67  )
( -217  15  188  )
( 101  -55  91  )
( 264  44  -143  )
( 59  -157  -217  )
( 148  294  28  )
( 50  232  242  )
( 23  -22  -225  )
( 42  243  -99  )
( -283  -299  242  )
( 101  -58  -198  )
( 252  -51  221  )
( -185  299  -79  )
( -175  163  -178  )
( 259  299  292  )
( -236  36  111  )
( 103  81  -233  )
( -191  -89  -193  )
( 74  -192  73  )
( -41  150  129  )
( -128  194  67  )
( -82  -141  -191  )
( 264  -198  -177  )
( 274  85  87  )
( 159  258  288  )
( -143  211  -157  )
( -58  -100  -272  )
( -121  -110  235  )
( -14  -22  -271  )
( -285  87  101  )
( -111  -233  205  )
( -128  -198  137  )
( -266  102  -97  )
( -61  -43  20  )
( 68  238  48  )
( -195  -101  13  )
( -90  -197  -103  )
( 242  189  104  )
( 47  81  -209  )
( 254  -243  -21  )
( -188  2  -130  )
( -193  177  -49  )
( -116  249  1  )
( -181  -109  -95  )
( -281  169  153  )
( -134  -271  203  )
( -181  -174  -135  )
( 112  -173  -15  )
( -54  287  233  )
( 6  -24  -259  )
( 260  -268  -204  )
( -120  140  29  )
( 255  -172  -155  )
( -170  -85  47  )
( 259  -299  -163  )
( 236  -96  -47  )
( 55  233  286  )
( 107  166  152  )
( -260  -5  -44  )
( 198  227  -120  )
( 39  143  -286  )
( -92  258  81  )
( -193  208  271  )
( -126  37  -124  )
( 278  -176  -196  )
( 141  270  23  )
( -4  69  27  )
( 271  191  120  )
( -13  51  -158  )
( 78  196  -14  )
( -147  89  -21  )
( -119  168  57  )
( 130  -172  -195  )
( 135  117  169  )
( 258  77  -282  )
( 30  -217  -55  )
( 208  237  -184  )
( 69  248  -104  )
( 14  -120  -72  )
( 72  -215  161  )
( 3  -238  -247  )
( -200  74  13  )
( -218  -84  241  )
( -124  -26  141  )
( -129  -141  189  )
( 265  -147  -223  )
( 87  -244  198  )
( 234  61  -264  )
( -283  103  -122  )
( -284  54  8  )
( 226  -147  -5  )
( 173  294  -223  )
( 7  299  -22  )
( -276  -201  139  )
( 183  -118  -62  )
( -74  200  -17  )
( 185  90  175  )
( 190  156  259  )
( 247  255  136  )
( -66  95  -129  )
( -249  -53  -82  )
( 139  -38  72  )
( 61  93  -70  )
( 33  -81  174  )
( -283  87  289  )
( -293  6  280  )
( -244  -120  -269  )
( 133  -276  50  )
( 68  -267  -13  )
( 168  36  -199  )
( 296  35  -192  )
( 216  -245  47  )
( -230  -5  -59  )
( -276  -159  -290  )
( 298  -6  -25  )
( 251  -277  54  )
( 172  11  -170  )
( 8  291  -40  )
( 139  -132  -226  )
( 224  -248  18  )
( 10  -40  125  )
( -264  150  130  )
( 166  -106  -54  )
( 285  -22  -282  )
( 5  -127  -8  )
( -216  -33  -99  )
( -62  279  246  )
( 22  -104  -43  )
( -257  -112  268  )
( -45  -258  42  )
( 279  -231  -250  )
( 296  -62  -293  )
( -296  142  117  )
( -187  -138  -10  )
( -57  -220  249  )
( 173  -190  1  )
( -102  -58  -14  )
( 221  -294  -145  )
( -117  157  -217  )
( -32  106  -243  )
( 222  -21  -182  )
( -134  214  262  )
( 105  -169  197  )
( -156  237  129  )
( -253  20  169  )
( -240  -136  -181  )
( -153  91  181  )
( -212  31  96  )
( 62  -41  -215  )
( -267  -253  175  )
( -21  -224  103  )
( -69  -32  -0  )
( 174  90  -248  )
( -264  -189  29  )
( 260  109  95  )
( -62  -219  -124  )
( -284  212  -18  )
( -271  144  251  )
( 188  -109  -270  )
( 138  223  295  )
( 270  179  129  )
( 48  -186  65  )
( 89  121  85  )
( 210  257  -140  )
( -192  129  121  )
( 169  240  -147  )
( 210  80  -271  )
( 165  -40  136  )
( -226  -96  -188  )
( 20  -91  236  )
( -154  284  -31  )
( -225  185  -137  )
( 245  161  -103  )
( -0  -195  73  )
( -227  260  -194  )
( -297  291  28  )
( -180  175  14  )
( -49  203  93  )
( -102  204  -126  )
( -165  122  -224  )
( 114  -116  -108  )
( -218  -184  -216  )
( -41  71  131  )
( -248  225  38  )
( 269  -120  -183  )
( -157  -213  -222  )
( -4  3  237  )
( 117  -209  -107  )
( -34  -177  109  )
( 241  266  -219  )
( -274  -217  -181  )
( -0  271  -41  )
( -5  260  -193  )
( -35  99  -196  )
( 54  242  -166  )
( 90  133  62  )
( -246  220  -0  )
( -137  162  28  )
( 52  213  243  )
( 104  168  240  )
( -83  -224  -91  )
( 286  -99  103  )
( -43  -133  74  )
( -128  70  166  )
( -216  -3  -144  )
( -165  -54  -114  )
( 10  53  268  )
( 196  69  293  )
( 195  106  -117  )
( 284  -223  -110  )
( 272  -286  233  )
( -14  249  162  )
( -163  293  206  )
( -20  197  -272  )
( 217  -250  142  )
( 130  -230  -143  )
( 127  -206  -182  )
( 7  -71  298  )
( 247  -0  139  )
( -124  199  -177  )
( -278  -237  -200  )
( -199  -247  118  )
( -35  39  197  )
( -28  194  199  )
( 14  -84  246  )
( -261  -190  -295  )
( 61  15  148  )
( -134  143  -4  )
( -205  246  -7  )
( -108  -106  180  )
( -231  112  177  )
( -8  -112  -220  )
( 44  254  158  )
( 34  -112  -110  )
( -207  101  196  )
( 26  -37  -201  )
( -183  -102  -181  )
( 59  -297  -94  )
( 69  -250  204  )
( -139  -242  227  )
( 204  -202  -210  )
( -94  213  -6  )
( 221  243  148  )
( 31  155  -77  )
( -296  -280  -153  )
( 6  267  -224  )
( -157  270  -98  )
( 144  -114  -265  )
( 122  -260  -192  )
( 191  60  -97  )
( 297  146  237  )
( 247  248  -263  )
( -23  -21  -268  )
( -263  70  -186  )
( -8  -181  -85  )
( -79  35  13  )
( 33  197  -64  )
( -72  -282  -104  )
( 70  -36  71  )
( -21  44  127  )
( 110  -140  -265  )
( 107  90  -72  )
( 83  -50  -102  )
( -173  -16  -254  )
( 103  154  -220  )
( 182  -51  -276  )
( 66  -57  -224  )
( -176  -82  114  )
( -221  -275  19  )
( -265  31  -165  )
( 25  185  -134  )
( -42  -22  -281  )
( -100  2  241  )
( -89  -38  -258  )
( -120  173  -166  )
( -21  -136  92  )
( 53  -273  262  )
( 186  290  -204  )
( 77  -32  79  )
( -14  120  -203  )
( -102  -152  -227  )
( 24  245  -51  )
( -31  202  -281  )
( 168  234  17  )
( 176  118  239  )
( 213  -240  225  )
( -103  -164  89  )
( 139  -82  -136  )
( -279  -199  -53  )
( 221  -259  -289  )
( 138  -149  -159  )
( -63  214  -225  )
( -16  -170  -14  )
( -287  -277  -195  )
( -249  33  94  )
( 25  -67  -196  )
( -232  -34  186  )
( -211  -169  297  )
( -123  -56  -234  )
( -126  193  150  )
( 108  -271  170  )
( 195  -116  -170  )
( 112  -26  226  )
( -298  -152  -162  )
( -299  213  164  )
( -161  -211  46  )
( 23  86  220  )
( -14  -285  235  )
( -78  234  172  )
( 229  -233  112  )
( 259  -100  -179  )
( 210  182  20  )
( 211  -235  151  )
( -145  142  -167  )
( -180  -224  -241  )
( -90  292  -208  )
( -192  295  241  )
( -53  -251  -74  )
( 211  -96  191  )
( 134  146  163  )
( -77  -268  220  )
( -240  53  228  )
( 55  -174  257  )
( 117  -65  -20  )
( -3  -157  21  )
( 72  -97  176  )
( -254  65  98  )
( -270  -171  -168  )
( -53  71  -180  )
( 206  226  166  )
( 163  -227  33  )
( -162  -183  27  )
( -72  88  166  )
( -185  170  -86  )
( -74  1  7  )
( -60  54  126  )
( -50  192  128  )
( 166  -234  232  )
( 202  -45  -181  )
( -158  5  -270  )
( 291  -120  -116  )
( -166  -261  -194  )
( 269  -246  -2  )
( 286  183  -217  )
( -253  217  232  )
( 254  97  -265  )
( 256  -292  33  )
( -200  -222  231  )
( 106  266  10  )
( -223  -81  -211  )
( 2  259  -71  )
( -292  -106  -64  )
( -93  123  -128  )
( 98  83  59  )
( 0  3  251  )
( 33  -120  -4  )
( -55  185  20  )
( -75  261  -162  )
( 256  -155  111  )
( 92  123  190  )
( -39  147  -273  )
( 233  148  166  )
( -71  226  -174  )
( 283  246  286  )
( 173  -32  138  )
( -125  16  72  )
( -288  243  169  )
( -205  -224  -201  )
( 40  -73  196  )
( -239  183  -166  )
( 188  26  249  )
( -89  -35  -92  )
( -71  -163  169  )
( 37  -106  -26  )
( -165  -54  -95  )
( -272  -111  57  )
( 120  238  71  )
( 101  -244  139  )
( -223  120  -166  )
( -287  0  78  )
( -133  -263  -159  )
( 119  266  -79  )
( 267  -131  -245  )
( 29  -194  -273  )
( -195  -231  168  )
( 151  -33  -64  )
( 22  -36  -214  )
( 261  -271  38  )
( -168  -284  98  )
( -70  -103  -179  )
( -199  282  145  )
( -126  -219  113  )
( -212  156  -132  )
( 244  -26  -140  )
( -211  120  -17  )
( -119  -110  36  )
( 82  48  -67  )
( -209  -41  -181  )
( 27  288  -67  )
( -224  264  -161  )
( -98  5  211  )
( 31  -235  -171  )
( -240  -184  -105  )
( -67  59  -259  )
( -54  -149  -2  )
( -184  197  142  )
( 169  -214  -273  )
( 246  -286  106  )
( -43  -243  18  )
( 233  105  -222  )
( 38  57  94  )
( -171  0  48  )
( 189  -114  -82  )
( -22  3  -278  )
( -81  155  17  )
( 224  107  226  )
( -110  90  -73  )
( 57  -39  168  )
( -254  -2  187  )
( 179  161  296  )
( -217  51  133  )
( -196  -289  65  )
( -202  -148  89  )
( 105  -61  -21  )
( -122  -261  -115  )
( 88  -49  114  )
( -73  -43  281  )
( -259  -146  -105  )
( 247  -87  242  )
( -236  182  170  )
( 167  -136  184  )
( 29  -143  -104  )
( 219  -82  79  )
( -118  -157  152  )
( -234  -265  88  )
( -96  -179  77  )
( 262  -15  182  )
( 56  174  -4  )
( -65  -33  184  )
( -49  -264  224  )
( -290  -24  121  )
( 200  83  -220  )
( -199  -123  160  )
( -226  -271  -107  )
( -57  -228  -19  )
( -46  -223  56  )
( -43  274  -27  )
( 37  160  -245  )
( -289  146  -129  )
( 214  -154  -190  )
( -261  279  -182  )
( -143  -217  -282  )
( 135  -172  112  )
( 149  -288  -198  )
( 12  152  10  )
( 57  -62  -297  )
( -74  70  111  )
( -37  212  -215  )
( 114  141  48  )
( 101  -183  -171  )
( 20  101  96  )
( 136  -74  268  )
( -185  241  -133  )
( 137  -176  172  )
( 198  -199  -136  )
( -42  -13  -287  )
( -265  -278  -152  )
( 155  -127  180  )
( 80  296  -87  )
( -74  -24  53  )
( -208  70  157  )
( 175  -147  116  )
