( -107  279  13  )
( -76  142  124  )
( -280  -189  136  )
( -179  -38  -255  )
( -213  -233  -224  )
( 166  130  124  )
( 21  117  281  )
( -248  -273  -198  )
( 297  237  -287  )
( -17  189  62  )
( -253  96  -48  )
( -30  -189  226  )
( -174  162  149  )
( 171  217  140  )
( -195  137  12  )
( -249  -132  -73  )
( 186  235  47  )
( -180  203  -214  )
( -88  -110  101  )
( -244  35  -27  )
( -189  71  12  )
( -70  127  88  )
( 85  -161  94  )
( 69  -277  87  )
( 78  167  237  )
( -297  -74  -13  )
( -277  148  99  )
( 140  51  297  )
( -49  210  -202  )
( 29  78  -283  )
( -103  -234  -144  )
( -169  79  -99  )
( 19  167  125  )
( -100  -238  -181  )
( 282  118  55  )
( -299  131  108  )
( -256  168  260  )
( -160  -186  -255  )
( -39  -155  92  )
( -265  116  -70  )
( -225  284  122  )
( 6  147  284  )
( -151  233  215  )
( 132  -206  184  )
( -257  201  -164  )
( -49  237  -107  )
( 289  288  -50  )
( -73  90  -52  )
( 76  229  39  )
( 169  -246  15  )
( -239  -243  221  )
( 288  -231  110  )
( 92  -184  100  )
( 231  120  -259  )
( -100  261  -294  )
( 230  156  271  )
( 211  208  12  )
( -244  255  -199  )
( -156  -292  214  )
( 49  -240  -93  )
( 70  -198  -111  )
( -27  100  74  )
( -231  17  -176  )
( -71  180  -279  )
( 266  -247  105  )
( -113  -47  -244  )
( 105  -45  -192  )
( -195  -150  -70  )
( 253  -291  -83  )
( 204  -106  83  )
( 74  29  -107  )
( 269  -214  151  )
( 11  188  -292  )
( 18  28  226  )
( 197  277  -166  )
( 288  238  -263  )
( 261  273  -64  )
( -183  -260  -277  )
( -229  290  -240  )
( -292  98  243  )
( -5  -9  177  )
( 242  77  -194  )
( -272  119  -185  )
( -32  -207  -31  )
( 48  56  -261  )
( -55  -101  -77  )
( -49  -112  268  )
( -138  -10  -159  )
( 284  -195  -176  )
( -74  -230  -47  )
( -167  60  -103  )
( 278  -258  -180  )
( 294  -18  -290  )
( -265  135  26  )
( 272  -193  -114  )
( 170  257  -249  )
( -43  259  -100  )
( -198  188  256  )
( 271  -219  -29  )
( 67  -105  107  )
( 46  -93  -185  )
( 4  26  -37  )
( 274  27  -248  )
( 77  -176  -81  )
( 247  -177  -190  )
( 126  -197  -83  )
( 197  -200  -239  )
( 275  281  148  )
( 9  157  -137  )
( -32  282  -42  )
( -178  -45  201  )
( 15  128  -141  )
( 119  -84  289  )
( 102  -215  -248  )
( -158  -217  22  )
( 241  20  55  )
( 197  34  6  )
( -198  -189  186  )
( 51  234  71  )
( -298  63  183  )
( 219  -164  -237  )
( -73  140  210  )
( -111  -88  110  )
( 272  -136  2  )
( 139  73  144  )
( 107  -159  -59  )
( -16  -280  -210  )
( 116  -45  -178  )
( 79  293  239  )
( 40  54  -72  )
( -55  108  -245  )
( -105  77  -237  )
( -106  -32  84  )
( 54  189  47  )
( -79  -114  237  )
( -283  -50  -255  )
( -99  205  -136  )
( -33  251  159  )
( -33  81  39  )
( -86  19  -193  )
( -161  282  -208  )
( -52  -276  56  )
( -51  -172  168  )
( -257  -251  -127  )
( 150  195  259  )
( 118  287  198  )
( -268  -201  90  )
( -47  -227  -121  )
( -25  -275  -49  )
( -178  -234  -159  )
( 1  -254  238  )
( 284  -222  -229  )
( 41  -133  -28  )
( 26  21  290  )
( 38  18  -278  )
( -187  225  -45  )
( -248  -160  224  )
( 82  79  -296  )
( -180  254  32  )
( 138  258  182  )
( 135  36  -256  )
( 24  169  198  )
( 198  -120  -82  )
( -247  32  78  )
( -109  108  182  )
( 175  -272  98  )
( -169  -76  184  )
( -283  199  -204  )
( 5  -110  -101  )
( 144  -256  245  )
( -182  -192  -268  )
( -37  -80  249  )
( -92  -136  -1  )
( -124  -158  -206  )
( 45  5  100  )
( 44  -32  -250  )
( -266  11  164  )
( 62  -167  -91  )
( 236  -55  -94  )
( 277  -143  177  )
( -24  158  -288  )
( 74  -44  187  )
( 247  -28  -32  )
( 19  234  58  )
( 228  -156  -259  )
( 151  138  -272  )
( -225  129  127  )
( -294  193  209  )
( 4  183  -137  )
( -281  -131  -247  )
( 213  -124  -170  )
( 254  194  -268  )
( -217  -146  -137  )
( -96  173  36  )
( 263  203  -215  )
( 155  38  -49  )
( 5  -247  20  )
( -164  -16  -80  )
( 106  170  -225  )
( 210  -290  100  )
( -126  -169  -26  )
( -79  241  -47  )
( -221  62  0  )
( -134  152  -68  )
( 140  -20  51  )
( -132  286  184  )
( -161  -30  -26  )
( 224  -271  -164  )
( -194  234  159  )
( -76  50  281  )
( -88  -148  242  )
( -135  -236  -96  )
( 118  -146  275  )
( 59  -217  162  )
( 217  -13  -234  )
( 129  95  -4  )
( -25  149  -24  )
( 250  229  219  )
( 118  -201  254  )
( 229  -248  37  )
( -15  80  159  )
( -17  93  110  )
( -143  165  52  )
( -157  257  151  )
( 36  -29  -287  )
( 299  242  184  )
( -297  -223  -54  )
( -210  138  -9  )
( -257  271  24  )
( 25  -103  -277  )
( -168  -162  268  )
( -102  -282  63  )
( 26  -285  -136  )
( 272  -56  173  )
( 1  196  -134  )
( -293  -126  81  )
( -182  210  -104  )
( -252  -99  -246  )
( -112  -63  -261  )
( 259  -135  148  )
( -253  160  258  )
( -181  172  -37  )
( -229  -126  197  )
( -288  164  286  )
( 165  46  75  )
( -241  -122  -136  )
( -182  156  50  )
( -276  -138  -29  )
( 248  236  -69  )
( -22  -147  -228  )
( -54  -286  -75  )
( -160  -110  148  )
( -34  -274  -176  )
( -227  -240  39  )
( 280  -36  108  )
( -14  101  160  )
( 112  -30  -159  )
( -26  -2  -43  )
( 199  -0  245  )
( 203  -113  39  )
( 150  -75  -137  )
( 294  156  -265  )
( -89  97  -225  )
( 281  34  -263  )
( -45  56  -182  )
( 194  25  -238  )
( -232  15  209  )
( -140  -265  19  )
( -255  227  281  )
( 228  -239  -23  )
( -186  30  -297  )
( 129  60  -223  )
( 260  234  0  )
( -132  -82  -265  )
( -261  285  45  )
( 169  78  90  )
( -173  -133  -81  )
( -228  -98  240  )
( 124  -252  -53  )
( 171  -2  207  )
( 126  -199  -184  )
( -80  137  -72  )
( 219  -2  -86  )
( 195  290  -132  )
( -215  183  248  )
( -183  -46  -24  )
( 87  -2  -55  )
( 100  127  -158  )
( 249  -0  141  )
( -244  224  97  )
( -241  131  88  )
( -22  -162  -247  )
( 12  183  116  )
( 229  284  1  )
( -199  -167  -39  )
( 237  -85  -166  )
( 5  249  -149  )
( 85  88  57  )
( 130  -36  -141  )
( -208  73  -91  )
( 39  -223  -210  )
( 152  -132  29  )
( -27  124  264  )
( -232  192  -28  )
( 29  201  -136  )
( 125  -126  -157  )
( 123  192  277  )
( -56  -156  36  )
( -92  -223  -91  )
( -25  -41  -136  )
( -161  140  10  )
( 283  137  -270  )
( -273  -173  37  )
( 10  -259  -60  )
( -233  -203  17  )
( 74  251  -20  )
( -100  -111  271  )
( -175  80  234  )
( -255  89  -63  )
( -20  -251  -108  )
( -146  -165  288  )
( -14  -272  -176  )
( -1  -10  -294  )
( 182  65  -178  )
( 19  158  -73  )
( -292  -34  256  )
( 292  -111  102  )
( 277  5  194  )
( 71  -134  -102  )
( 23  76  -261  )
( 34  167  218  )
( -124  -14  184  )
( -254  117  252  )
( -133  268  -4  )
( 55  95  -29  )
( -120  -144  92  )
( -92  214  -153  )
( 50  -18  45  )
( 196  -252  176  )
( -250  278  29  )
( -18  104  204  )
( 16  200  0  )
( 217  -137  213  )
( 130  280  -294  )
( 131  -91  257  )
( 10  63  262  )
( -60  29  -91  )
( 291  156  290  )
( 91  -126  -33  )
( -243  -219  66  )
( 170  227  -73  )
( -1  82  -81  )
( 64  -7  9  )
( -137  -85  -130  )
( 124  207  -136  )
( -226  -28  211  )
( 11  99  157  )
( -171  -276  -236  )
( 154  -299  -267  )
( -198  32  -119  )
( 111  -58  162  )
( -285  -201  62  )
( -236  92  -246  )
( 108  21  67  )
( 287  262  -14  )
( -68  2  -241  )
( -218  -254  -163  )
( -260  -156  98  )
( -269  80  -154  )
( 212  214  61  )
( 195  -189  -221  )
( 238  47  150  )
( -207  -152  8  )
( -85  -133  -22  )
( -51  -255  79  )
( -53  93  196  )
( -85  -278  105  )
( -204  -73  259  )
( -264  95  71  )
( 152  -75  60  )
( -54  -52  27  )
( -60  255  -286  )
( -34  185  105  )
( -294  124  170  )
( 282  227  -258  )
( 25  153  194  )
( -217  240  -253  )
( 209  54  188  )
( 226  6  -21  )
( -272  10  76  )
( -21  206  -61  )
( 247  -139  265  )
( -91  174  1  )
( -134  39  -105  )
( 225  -128  30  )
( -111  -241  -110  )
( -202  -156  -173  )
( -133  78  -29  )
( 47  -126  109  )
( 47  -189  -130  )
( -275  -196  -7  )
( -3  -191  -185  )
( -221  -225  278  )
( -92  66  -79  )
( 188  161  173  )
( -256  237  207  )
( -30  194  84  )
( 80  226  -205  )
( 215  245  -139  )
( -146  -57  23  )
( 148  27  33  )
( -116  -269  -202  )
( 214  86  175  )
( -80  23  128  )
( 12  -144  -115  )
( -31  0  13  )
( 113  6  147  )
( -153  -237  223  )
( -251  -74  95  )
( 25  -213  -143  )
( 137  -216  20  )
( -7  128  -99  )
( 66  -146  -142  )
( -168  212  12  )
( -189  -97  -140  )
( 103  -15  276  )
( 202  -1  -217  )
( -161  136  -189  )
( -274  -96  281  )
( 54  -60  273  )
( 208  -293  13  )
( -274  -75  -48  )
( -270  -18  -161  )
( 51  173  222  )
( -282  -266  161  )
( -90  -41  2  )
( 275  31  -270  )
( -257  197  -98  )
( -106  273  21  )
( 91  159  172  )
( 126  113  -271  )
( -269  47  106  )
( 37  106  -58  )
( -33  -11  -22  )
( 177  151  277  )
( -276  -261  -185  )
( 172  -153  290  )
( 41  261  102  )
( 102  139  -286  )
( -224  -70  -206  )
( 20  -6  -294  )
( -135  -151  -72  )
( 182  -108  154  )
( 45  77  241  )
( -202  11  264  )
( 153  -98  -68  )
( -108  85  174  )
( 35  198  -24  )
( 111  179  32  )
( -37  90  -200  )
( -60  -226  93  )
( 224  175  49  )
( 74  262  29  )
( -242  106  -179  )
( 236  -269  -223  )
( -77  -102  219  )
( -44  -156  198  )
( -63  150  -192  )
( -229  263  -35  )
( -119  -184  -155  )
( 17  -265  -144  )
( 213  -150  93  )
( -159  -74  11  )
( 257  -99  -132  )
( -259  166  -23  )
( 122  -234  -129  )
( -204  -129  -254  )
( -146  -185  -217  )
( -240  215  -52  )
( 206  72  -232  )
( -215  6  46  )
( -156  8  54  )
( 269  -136  30  )
( -39  46  289  )
( -28  -40  214  )
( -38  173  190  )
( -149  -196  221  )
( 158  -212  119  )
( -205  32  102  )
( -221  139  119  )
( 267  -9  250  )
( 5  44  -108  )
( 163  -224  -69  )
( -76  -261  -179  )
( 142  -270  50  )
( 108  -107  -275  )
( 111  182  18  )
( -262  -52  246  )
( -52  48  -249  )
( 154  237  -168  )
( 220  30  292  )
( 26  -210  7  )
( -262  -75  -225  )
( -187  -100  191  )
( 5  -40  76  )
( -57  91  -125  )
( -176  209  275  )
( -250  -219  146  )
( -115  -124  153  )
( 241  -58  19  )
( -140  -0  -172  )
( 19  151  -137  )
( -4  47  -30  )
( 14  -110  5  )
( -64  294  299  )
( -32  -176  153  )
( -204  246  -19  )
( -155  -170  289  )
( 52  -53  -268  )
( -124  269  -110  )
( 223  -73  -234  )
( 35  272  41  )
( -285  -128  -163  )
( -66  295  280  )
( -283  126  105  )
( -226  -153  228  )
( 225  -45  182  )
( -14  159  12  )
( -186  -95  269  )
( -90  -197  -73  )
( 104  -106  46  )
( -9  3  194  )
( -28  -239  2  )
( -147  262  83  )
( 152  156  -181  )
( 273  -94  132  )
( -173  265  -7  )
( -255  -185  183  )
( 60  160  -263  )
( 93  36  -113  )
( 218  -137  52  )
( 163  175  195  )
( 223  54  -129  )
( -161  145  -119  )
( -29  -238  -93  )
( -247  190  -17  )
( 87  -153  -79  )
( 109  -121  124  )
( -189  238  -195  )
( -124  9  -266  )
( -148  -89  274  )
( -200  21  239  )
( 22  -296  -30  )
( 134  76  -287  )
( 266  178  -113  )
( 218  -23  -166  )
( -296  27  162  )
( -107  66  -178  )
( 40  -140  228  )
( -41  15  198  )
( 216  104  -100  )
( 66  -231  20  )
( -240  256  -277  )
( 64  -175  -265  )
( -176  91  139  )
( 8  141  78  )
( 48  33  174  )
( 159  292  291  )
( -11  -13  -298  )
( 153  -278  4  )
( 48  222  161  )
( 253  147  218  )
( -71  -69  7  )
( -33  10  231  )
( -136  -294  -123  )
( -83  -60  -16  )
( -182  -168  233  )
( -252  149  273  )
( 280  -83  -189  )
( 163  217  -62  )
( 84  232  -215  )
( -166  286  -30  )
( -291  232  -292  )
( -213  -30  21  )
( 174  176  -28  )
( -208  -170  126  )
( -144  -87  -198  )
( 140  269  161  )
( -103  -20  -97  )
( -82  8  -238  )
( -44  -24  75  )
( 127  -190  118  )
( 152  -43  -243  )
( -203  -220  255  )
( -100  -32  -111  )
( -205  182  141  )
( 194  -86  125  )
( -251  -54  -168  )
( -217  287  -104  )
( -73  149  90  )
( -101  130  -185  )
( 172  99  -138  )
( -215  -186  -235  )
( 195  133  16  )
( 243  23  -109  )
( 247  33  -1  )
( 134  185  -69  )
( -232  153  12  )
( 10  -127  -242  )
( -282  -22  119  )
( -226  252  -9  )
( -0  103  -173  )
( 161  -111  -27  )
( 127  -123  -217  )
( -35  181  218  )
( -39  -116  -136  )
( 161  -91  -118  )
( -158  -241  284  )
( -257  162  -254  )
( 1  -252  -61  )
( 119  -76  65  )
( -216  -15  -17  )
( -41  135  -236  )
( -204  -71  -192  )
( 68  -33  55  )
( 171  239  117  )
( 58  -272  288  )
( 214  -82  -28  )
( 174  157  -85  )
( 219  4  192  )
( 18  -38  -47  )
( -11  -118  -162  )
( -63  130  -74  )
( -193  44  128  )
( 273  -78  -137  )
( 113  -273  241  )
( 237  -114  -282  )
( -99  68  -148  )
( 14  140  115  )
( 44  85  215  )
( 97  -30  188  )
( -227  158  -29  )
( -206  -106  219  )
( 208  -257  269  )
( 265  289  119  )
( 88  -194  148  )
( -106  -71  237  )
( -186  178  106  )
( -95  -145  61  )
( 202  -135  -279  )
( 18  104  63  )
( -236  -74  -266  )
( -241  215  255  )
( -78  101  297  )
( -179  206  -49  )
( -228  97  -48  )
( 56  146  -247  )
( -297  269  -299  )
( 158  -114  -97  )
( -227  130  -34  )
( 89  -18  120  )
( 176  -8  293  )
( -268  -137  -93  )
( 80  -99  -278  )
( -79  160  -242  )
( -45  -33  -299  )
( -134  257  -282  )
( -215  28  -51  )
( -78  -256  -167  )
( -112  205  157  )
( 251  -129  33  )
( -132  38  -127  )
( -107  188  295  )
( 233  181  127  )
( -292  -226  151  )
( -5  29  92  )
( 101  -262  -81  )
( -90  270  57  )
( -276  -128  -163  )
( 5  -8  -223  )
( 282  -33  -3  )
( 119  -207  -49  )
( 110  180  -277  )
( -53  183  -74  )
( -66  217  -72  )
( -9  -242  -227  )
( -292  107  -96  )
( 98  -227  -296  )
( 121  -189  107  )
( 207  154  -133  )
( -254  -65  -78  )
( 220  44  138  )
( -27  -67  204  )
( -263  18  95  )
( 293  -98  -280  )
( -285  77  33  )
( -57  -96  -27  )
( 141  154  -213  )
( 248  48  125  )
( -178  -175  136  )
( -214  -272  -292  )
( -94  15  266  )
( 217  -73  -119  )
( 27  -169  -173  )
( -135  -220  -184  )
( 240  -93  -121  )
( -265  -193  260  )
( 146  21  -212  )
( 99  -147  -55  )
( -285  227  132  )
( 161  -75  127  )
( 98  -25  235  )
( -85  -293  -75  )
( 5  223  -12  )
( 278  -140  -5  )
( 106  94  228  )
( 209  -76  -112  )
( 10  -265  203  )
( -97  -160  201  )
( -238  -100  69  )
( -83  -78  24  )
( 154  271  -187  )
( -175  14  289  )
( -189  -89  192  )
( -135  -25  283  )
( -228  275  6  )
( -169  299  11  )
( 125  253  -65  )
( -284  91  -30  )
( 180  177  -244  )
( -64  79  240  )
( 141  98  -270  )
( -121  59  -145  )
( -52  -108  172  )
( -238  -275  -8  )
( -31  189  -56  )
( 227  -178  176  )
( -60  -145  -15  )
( -177  46  30  )
( -83  158  144  )
( -2  41  103  )
( 13  129  160  )
( -32  -104  -129  )
( 210  178  -47  )
( -271  125  -154  )
( -0  136  279  )
( 286  -162  -123  )
( 266  182  -57  )
( -284  76  -149  )
( 284  119  84  )
( 293  54  84  )
( 37  31  288  )
( 41  4  15  )
( 120  232  216  )
( -269  -105  -275  )
( -66  47  85  )
( -6  106  13  )
( -67  -213  14  )
( 124  -79  250  )
( 236  281  180  )
( -92  83  34  )
( -78  22  151  )
( -197  -299  211  )
( 251  -169  59  )
( -53  -30  -223  )
( -42  194  144  )
( 105  118  -100  )
( -238  -175  292  )
( 99  -56  32  )
( 120  92  278  )
( -225  -94  -82  )
( 132  266  261  )
( 205  85  284  )
( 59  251  -219  )
( -296  -79  159  )
( -8  -36  191  )
( 185  -253  -163  )
( -32  250  195  )
( -241  212  101  )
( 203  -23  3  )
( -297  270  -248  )
( -12  137  72  )
( 210  -15  46  )
( 172  215  38  )
( 292  96  -63  )
( -46  -70  -192  )
( 88  -267  111  )
( 115  -216  106  )
( -276  130  -105  )
( 59  94  222  )
( -250  7  -266  )
( 151  51  257  )
( -101  -128  -22  )
( 269  262  -51  )
( 252  -183  -123  )
( 275  -299  -52  )
( 52  61  -32  )
( 190  -24  53  )
( 92  -171  116  )
( 39  250  -216  )
( -122  22  163  )
( 230  -29  218  )
( 250  193  65  )
( -291  -102  -103  )
( 8  -165  -130  )
( -56  -108  49  )
( 229  -137  -16  )
( 39  277  148  )
( 204  -295  -135  )
( 45  170  -27  )
( 125  -54  279  )
( -175  263  38  )
( 20  -111  -252  )
( -259  178  175  )
( -137  101  223  )
( -266  9  -86  )
( -87  -12  47  )
( 21  -55  -133  )
( -154  160  -16  )
( -109  42  -253  )
( 94  239  285  )
( -139  166  255  )
( 196  140  -102  )
( 251  194  276  )
( -169  93  -265  )
( 60  -57  -1  )
( 161  -292  95  )
( -53  14  -271  )
( 227  111  -146  )
( 207  164  192  )
( -32  280  -124  )
( -298  -221  -55  )
( -132  -206  274  )
( -211  80  90  )
( -1  5  50  )
( -132  105  -242  )
( -85  30  -90  )
( 210  -293  -188  )
( -15  169  -138  )
( -281  97  -152  )
( 238  245  -199  )
( -283  194  174  )
( 241  138  116  )
( -238  -41  -205  )
( 142  38  241  )
( 228  268  297  )
( 150  -129  -66  )
( -61  -141  277  )
( -248  -66  -234  )
( 6  52  -256  )
( -260  -255  -282  )
( -159  250  161  )
( -252  -271  213  )
( -144  -129  -206  )
( 240  -121  -87  )
( 87  -289  13  )
( -233  -89  -247  )
( 75  -112  159  )
( -43  -162  -21  )
( -196  149  -5  )
( 58  -156  295  )
( -117  162  -127  )
( 201  141  185  )
( 255  201  150  )
( 66  191  13  )
( -108  44  -233  )
( 262  -153  279  )
( 61  289  207  )
( -280  -240  -241  )
( 119  49  -79  )
( 129  252  -201  )
( 14  138  -30  )
( -258  27  -171  )
( 125  -30  -255  )
( -59  -96  -55  )
( -249  101  -69  )
( -224  24  240  )
( 252  -97  -135  )
( -242  129  -74  )
( -245  -44  112  )
( 176  -239  -159  )
( 98  29  -205  )
( -132  245  85  )
( 180  -158  258  )
( 99  -183  100  )
( 12  200  269  )
( -153  -144  185  )
( 186  150  -261  )
( 159  -118  281  )
( 88  275  92  )
( 60  -144  19  )
( 191  -213  -59  )
( 236  195  235  )
( 270  119  241  )
( 166  -193  26  )
( 281  -157  -299  )
( -201  219  267  )
( 190  37  260  )
( -77  -124  121  )
( 13  -109  178  )
( 201  208  66  )
( -21  260  87  )
( -148  102  -151  )
( 63  -160  -57  )
( -103  -188  -183  )
( -290  241  113  )
( -201  -114  -128  )
( -298  122  83  )
( -59  129  -294  )
( -151  54  -289  )
( 236  3  -274  )
( 220  92  -246  )
( -207  -150  275  )
( 103  -108  19  )
( -228  -132  71  )
( -214  -239  -95  )
( -91  57  -119  )
( 42  -107  21  )
( 91  -244  -74  )
( -199  -257  292  )
( 125  92  202  )
( -63  273  286  )
( 154  -123  230  )
( 187  -134  72  )
( -154  -67  127  )
( -63  -219  271  )
( -148  -2  20  )
( 72  230  32  )
( 78  271  174  )
( -85  200  -8  )
( 192  281  -55  )
( 1  237  34  )
( 25  -295  -15  )
( -52  269  64  )
( -28  -264  262  )
( 233  131  287  )
( -5  -32  275  )
( 100  23  225  )
( -10  61  -2  )
( 182  -248  151  )
( -78  121  -151  )
( -204  -286  -251  )
( -167  -143  -81  )
( -80  275  -242  )
( 76  -194  -93  )
( -75  -229  -130  )
( -291  -128  -145  )
( -280  -150  3  )
( -86  -222  181  )
( 225  -286  -236  )
( 238  -296  9  )
( -182  245  -277  )
( -201  147  -290  )
( 96  -39  -103  )
( -5  -26  -190  )
( -164  17  112  )
( 125  5  238  )
( 266  150  -151  )
( 281  -133  243  )
( 68  -139  -146  )
( -205  -5  70  )
( -46  225  261  )
( -149  298  295  )
( -37  -67  -175  )
( 289  -138  161  )
( 289  -211  -297  )
( -23  -203  195  )
( 96  194  -223  )
( -183  -212  47  )
( -115  27  -81  )
( -52  112  -274  )
( 113  109  -170  )
( 122  -56  -265  )
( -167  -175  -28  )
( 224  98  21  )
( -39  -214  -24  )
( 41  -159  -101  )
( 248  218  -69  )
( -267  82  -249  )
( -275  126  -135  )
( -227  -225  -172  )
( 170  -279  -42  )
( -161  -71  76  )
( 154  23  -175  )
( 55  161  -102  )
( 50  234  216  )
( 56  -109  136  )
( 198  49  -83  )
( -279  100  28  )
( -270  -168  71  )
( -128  -106  216  )
( -285  -288  245  )
( -250  -253  66  )
( 79  162  -95  )
( 48  -261  89  )
( -209  18  59  )
( -221  152  -107  )
( 51  -244  -24  )
( 163  -236  216  )
( -59  191  -250  )
( -87  56  148  )
( 226  249  -221  )
( -60  56  -277  )
( -54  -9  -181  )
( 211  163  -209  )
( 45  69  50  )
( -282  149  176  )
( -202  3  237  )
( 215  243  -255  )
( -21  237  25  )
( -245  73  260  )
( -96  2  112  )
( 256  238  114  )
( 161  278  -56  )
( 115  -135  -178  )
( 41  214  -69  )
( -17  -236  11  )
( 279  -61  203  )
( 250  -118  218  )
( -105  -190  20  )
( -50  123  -19  )
( -35  -112  -14  )
( 77  -146  280  )
( -20  -174  -159  )
( 189  -227  -130  )
( -275  10  263  )
( -199  272  230  )
( -142  -94  243  )
( -146  293  235  )
( -60  171  -167  )
( -17  80  -147  )
( 81  -113  101  )
( -71  154  32  )
( 100  9  221  )
( 145  228  -163  )
( 181  -253  -137  )
( 61  -293  -132  )
( 197  131  288  )
( 39  -268  190  )
( 260  -184  -128  )
( 261  -166  171  )
( 290  240  42  )
( 94  -5  -267  )
( -166  13  123  )
( -26  33  27  )
( 131  20  0  )
( 73  97  101  )
( -184  -292  114  )
( -226  80  -77  )
( -21  73  63  )
( 257  -285  191  )
( -278  -155  -44  )
( -132  -179  -36  )
( 104  270  180  )
( -146  -167  212  )
( -176  -136  -70  )
( -140  -122  246  )
( 153  -234  70  )
( 186  134  56  )
( -233  120  69  )
( 115  -40  255  )
( -138  -226  290  )
( 9  -154  -223  )
( -4  160  -158  )
( -159  -2  170  )
( 138  -267  103  )
( -112  158  -102  )
( 87  -40  70  )
( 166  -5  179  )
( 190  271  -119  )
( 91  -121  61  )
( -0  -263  -107  )
( 118  -60  -216  )
( -276  -31  -280  )
( -91  -255  62  )
( -41  -265  -16  )
( 133  39  208  )
( 263  -91  -169  )
( -145  -11  238  )
( 72  264  -13  )
( 72  96  208  )
( 44  119  18  )
( -97  163  214  )
( -22  70  -17  )
( 177  -10  -5  )
( -266  -262  -156  )
( -19  -152  -174  )
( 143  -202  -268  )
( 209  -237  262  )
( 232  116  239  )
( -249  -230  277  )
( -21  -192  -156  )
( 283  -276  -153  )
( 50  -268  4  )
( 164  -138  -287  )
( -294  40  -251  )
( 251  -238  233  )
( -147  -105  -264  )
( -216  -284  24  )
( 139  36  -214  )
( 15  -106  -119  )
( 241  224  188  )
( 277  274  -280  )
( -216  -195  250  )
( 162  244  -237  )
( -206  -233  -207  )
( 246  20  176  )
( -88  119  -39  )
( 101  -186  -87  )
( -63  -67  71  )
( -0  -181  -108  )
( 288  59  -102  )
( 161  -10  139  )
( -272  -79  -106  )
( 29  148  138  )
( 278  -235  52  )
( -132  -250  -232  )
( 159  151  85  )
( -6  -47  -254  )
( 205  52  143  )
( -211  -51  36  )
( -242  10  116  )
( -225  273  -207  )
( -288  7  -107  )
( 230  -149  188  )
( 139  -112  106  )
( 274  147  -265  )
( 213  278  -187  )
( 76  -86  -220  )
( -109  -178  58  )
( 204  239  -139  )
( -283  90  -135  )
( 240  -282  -24  )
( -104  109  -98  )
( -88  -148  100  )
( 62  -45  -179  )
( -167  235  -36  )
( 64  -275  -35  )
( -299  -267  -149  )
( 102  -37  115  )
( -220  -99  292  )
( -33  -279  -140  )
( -229  268  137  )
( -141  109  -225  )
( -287  29  252  )
( 277  246  61  )
( -61  -73  147  )
( -59  258  109  )
( -121  289  220  )
( 186  -224  197  )
( 268  229  -160  )
( -279  115  -105  )
( 293  -105  -35  )
( 192  -9  -213  )
( -31  90  178  )
( -198  -206  223  )
( 226  101  296  )
( -245  -284  -214  )
( 22  246  -113  )
( -136  -269  -117  )
( 271  -188  -247  )
( 140  -85  -156  )
( 169  -0  165  )
( -163  232  186  )
( 14  220  -112  )
( 230  -117  268  )
( -247  -57  -32  )
( -237  -23  -126  )
( 164  -96  116  )
( 86  200  48  )
( 233  -30  -102  )
( -297  137  -182  )
( 131  -267  -111  )
( 150  -41  62  )
( 28  148  -101  )
( -13  269  -141  )
( -240  -67  244  )
( 31  -67  -128  )
( -61  264  -258  )
( -40  30  -270  )
( -230  21  17  )
( 241  54  -41  )
( -78  -135  88  )
( -265  202  155  )
( 12  -92  59  )
( 18  -152  -91  )
( -222  -16  98  )
( -103  -140  -40  )
( -271  92  -176  )
( -272  -238  91  )
( -40  -145  162  )
( 120  -26  204  )
( 187  131  54  )
( 154  118  -166  )
( 180  289  67  )
( -86  195  -81  )
( 282  -141  -160  )
( -107  -55  -94  )
( 161  125  185  )
( 223  -188  88  )
( -144  -163  262  )
( -198  44  -66  )
( -264  106  -219  )
( -46  -246  -59  )
( -160  229  -178  )
( 147  -16  190  )
( 225  275  291  )
( -168  96  -12  )
( 172  -242  136  )
( -269  227  22  )
( -156  288  -201  )
( 129  130  167  )
( -5  -41  -281  )
( 185  174  -230  )
( 216  -262  -48  )
( 285  -101  -92  )
( -268  94  57  )
( 84  -188  226  )
( 161  180  53  )
( 29  159  -191  )
( 186  145  264  )
( -32  282  -174  )
( 274  227  268  )
( -58  136  117  )
( -5  292  -57  )
( 214  -2  -277  )
( 257  45  36  )
( -55  192  88  )
( 239  299  199  )
( 111  10  224  )
( 211  -1  -256  )
( 99  249  -221  )
( 166  -262  79  )
( -105  -112  -202  )
( 22  -266  -55  )
( 247  264  296  )
( -143  78  -231  )
( 103  -199  -213  )
( 157  -106  154  )
( 239  -53  199  )
( 95  -84  -223  )
( -237  99  180  )
( 241  -212  -131  )
( 50  148  214  )
( -276  -145  -284  )
( -76  -23  -34  )
( 19  100  -254  )
( -27  46  16  )
( -19  27  159  )
( 265  46  234  )
( -90  290  -162  )
( -101  28  -280  )
( -41  30  125  )
( -49  -269  -28  )
( 12  -33  -79  )
( 298  -12  149  )
( -36  -267  -228  )
( 101  -26  160  )
( -53  -109  -124  )
( -273  240  -271  )
( -125  0  286  )
( -274  -102  209  )
( -70  296  -174  )
( 87  -193  -194  )
( -255  46  119  )
( -145  -83  -36  )
( 51  -150  207  )
( 165  208  -294  )
( -22  264  -220  )
( 70  -259  22  )
( 228  -99  107  )
( -53  237  127  )
( -56  -90  -94  )
( -276  -73  -39  )
( 95  26  -166  )
( 48  -297  247  )
( -284  -124  -228  )
( -231  12  -245  )
( 87  -242  12  )
( 132  -190  -229  )
( -295  -261  211  )
