( 198  -168  -292  )
( 95  183  15  )
( -227  -48  -199  )
( 3  -26  -29  )
( -276  -113  -176  )
( -275  218  -191  )
( -244  75  218  )
( -258  245  161  )
( -244  243  -10  )
( 203  -3  -216  )
( 208  86  232  )
( -20  -186  -141  )
( -90  -58  194  )
( 114  -157  230  )
( -242  88  78  )
( 254  -37  212  )
( 96  106  -276  )
( 281  -258  -235  )
( 154  140  -26  )
( 201  117  111  )
( -107  8  55  )
( -280  86  -220  )
( -183  126  -87  )
( 24  -242  -86  )
( -216  -206  286  )
( -46  -74  -246  )
( 103  -178  52  )
( -93  -146  227  )
( 196  -289  12  )
( 10  -178  84  )
( 225  21  -283  )
( -224  203  179  )
( -246  19  -163  )
( 31  137  -56  )
( 139  24  -85  )
( -131  157  134  )
( -281  -139  81  )
( -156  264  -219  )
( -125  -67  -214  )
( 124  111  -109  )
( 259  -185  -264  )
( 140  255  184  )
( -205  121  -294  )
( 86  76  231  )
( 42  215  -21  )
( -75  206  52  )
( 202  -143  236  )
( -132  133  84  )
( -30  171  -176  )
( 77  275  -173  )
( 54  265  281  )
( 128  290  227  )
( 276  -119  57  )
( -153  157  254  )
( -246  35  -135  )
( -257  208  97  )
( 69  -86  -209  )
( -131  -0  -95  )
( 222  95  132  )
( 108  196  59  )
( 29  -174  -195  )
( 257  88  -142  )
( 294  115  -229  )
( -272  246  -232  )
( 225  -298  6  )
( 14  -241  -141  )
( 3  156  -187  )
( -101  97  -37  )
( -20  54  4  )
( -217  -8  44  )
( -93  125  66  )
( -273  8  77  )
( -50  275  14  )
( -247  -68  -161  )
( -228  -191  -232  )
( 177  141  -259  )
( 86  -105  -250  )
( 226  -179  34  )
( 23  122  -55  )
( 276  16  187  )
( 118  -231  -295  )
( -65  -242  -106  )
( -226  180  25  )
( 193  195  -26  )
( 100  107  -41  )
( -10  -147  -238  )
( -206  253  -205  )
( -38  -127  -164  )
( -275  -254  29  )
( -219  -285  -84  )
( 43  -216  -275  )
( -77  171  246  )
( 244  -54  260  )
( -59  248  193  )
( 2  287  117  )
( 207  -111  -103  )
( -7  101  211  )
( -29  -163  -287  )
( -292  30  -296  )
( 192  -45  102  )
( 19  167  -27  )
( -10  -2  -157  )
( -64  -159  -56  )
( -259  -60  -256  )
( 21  -184  -163  )
( -15  -27  -208  )
( -45  -97  217  )
( 75  100  218  )
( 132  -104  103  )
( 213  240  -179  )
( 241  -199  -37  )
( 218  219  -230  )
( -11  -285  213  )
( -161  -174  126  )
( 139  295  -94  )
( 291  242  200  )
( -252  159  37  )
( -227  -70  130  )
( -157  287  295  )
( -202  246  110  )
( -104  -92  -82  )
( -54  -170  296  )
( 177  -292  -102  )
( -293  -121  -150  )
( 88  15  -65  )
( -131  136  191  )
( 97  102  -84  )
( -143  277  267  )
( -170  -59  -60  )
( -234  201  1  )
( 107  248  -282  )
( -87  107  224  )
( -43  -224  286  )
( 157  -42  247  )
( -269  108  153  )
( 112  72  205  )
( -88  -126  248  )
( 266  -139  -195  )
( -79  187  -126  )
( -81  79  -250  )
( 17  193  296  )
( -70  -162  65  )
( 48  197  59  )
( 275  -212  239  )
( -46  -22  196  )
( -174  -157  -155  )
( -189  54  -220  )
( -27  221  175  )
( 116  1  79  )
( 31  229  -224  )
( -23  191  190  )
( -102  72  226  )
( -151  -142  -269  )
( -87  -84  -69  )
( 262  78  248  )
( -144  -103  29  )
( -81  115  -268  )
( -237  -123  278  )
( 298  -83  23  )
( 166  269  198  )
( 104  -179  42  )
( 183  50  27  )
( 18  -119  -59  )
( -72  -227  80  )
( -258  -218  41  )
( -157  -274  159  )
( -43  -122  -109  )
( -7  30  -98  )
( -257  282  -209  )
( -94  142  -36  )
( 88  159  211  )
( -7  -288  -53  )
( 254  0  -145  )
( -79  149  286  )
( -57  -155  49  )
( -294  148  117  )
( 278  238  87  )
( -69  270  54  )
( 202  238  -22  )
( 45  229  -278  )
( 254  -35  151  )
( -108  294  138  )
( 74  125  -256  )
( -62  -275  -228  )
( -156  214  219  )
( 183  60  250  )
( -76  -94  296  )
( 36  79  182  )
( -250  -286  -151  )
( 111  -288  167  )
( 284  241  250  )
( -89  -47  221  )
( 60  -91  273  )
( -203  136  259  )
( -247  -70  299  )
( -224  -207  3  )
( 203  41  -247  )
( -163  188  -281  )
( -166  -265  59  )
( 52  -146  201  )
( -170  -1  -116  )
( 32  177  -159  )
( 170  -106  -92  )
( 298  -93  -143  )
( -230  232  -182  )
( -86  59  -30  )
( 218  -223  67  )
( -160  -14  -60  )
( 5  167  -233  )
( -90  -230  139  )
( -1  59  -164  )
( -293  183  184  )
( 86  -145  82  )
( 113  273  -292  )
( -46  44  137  )
( 262  -5  204  )
( 195  -280  196  )
( 153  -170  -172  )
( 97  -200  -193  )
( -80  -129  227  )
( 280  51  -114  )
( 203  34  273  )
( -254  -28  -288  )
( -40  -43  86  )
( -42  -186  -298  )
( -124  59  13  )
( 205  221  -87  )
( 204  -206  199  )
( 265  -292  259  )
( 35  -38  -150  )
( 38  80  118  )
( -207  14  -128  )
( 123  -205  113  )
( 208  211  261  )
( -288  -39  -213  )
( 110  21  64  )
( -134  51  245  )
( 174  200  -187  )
( 4  53  -8  )
( 182  -242  -210  )
( 53  -252  188  )
( 238  182  136  )
( -275  261  166  )
( 92  -165  224  )
( -200  271  193  )
( 132  189  -85  )
( -281  -216  -67  )
( 67  -90  290  )
( -33  21  -221  )
( 64  263  -220  )
( 51  -284  -294  )
( -73  -292  -226  )
( -294  -27  159  )
( -108  214  -276  )
( -68  -292  -263  )
( 81  131  241  )
( -131  -143  -236  )
( 165  -44  183  )
( 148  -199  -238  )
( -116  230  76  )
( -283  73  142  )
( 170  -98  100  )
( 48  216  -125  )
( 174  -58  -37  )
( -168  -31  184  )
( -195  -116  -274  )
( 20  -173  143  )
( 78  249  159  )
( 60  -71  98  )
( -82  13  -6  )
( -35  -116  -175  )
( 84  291  -47  )
( -260  -269  273  )
( -216  295  -187  )
( -210  -278  41  )
( -275  199  -121  )
( -281  -111  218  )
( -298  -52  -53  )
( -255  196  -63  )
( -143  5  253  )
( -145  96  -45  )
( -294  102  11  )
( -128  -154  99  )
( -152  223  -250  )
( 16  -74  227  )
( 164  77  -282  )
( 191  193  196  )
( -9  103  188  )
( -6  -93  85  )
( 22  68  108  )
( 41  -159  27  )
( 221  -79  -189  )
( 147  230  -140  )
( 289  146  67  )
( 82  -216  -125  )
( -255  -229  11  )
( 86  27  -222  )
( 266  -21  59  )
( 181  205  247  )
( -130  40  -169  )
( -294  230  5  )
( 280  151  209  )
( -277  234  -248  )
( -225  -91  -195  )
( 50  282  -266  )
( -236  -136  166  )
( 64  -178  184  )
( -83  -21  -270  )
( -207  -243  252  )
( -278  55  -199  )
( -231  28  120  )
( 171  -43  70  )
( -264  -2  -282  )
( 209  -196  -178  )
( -266  -145  62  )
( -260  40  -102  )
( -31  240  198  )
( 203  62  -82  )
( 224  -259  226  )
( 68  115  31  )
( 258  162  196  )
( 254  93  275  )
( -39  279  192  )
( 217  166  85  )
( 166  -77  -210  )
( -175  66  -70  )
( 38  -98  -152  )
( -264  -14  -73  )
( 232  -185  274  )
( 175  207  38  )
( -51  -195  55  )
( 119  132  -275  )
( -163  -206  -74  )
( 90  189  -123  )
( 132  13  15  )
( -201  -43  -41  )
( -87  -190  284  )
( 64  20  7  )
( -239  -103  -270  )
( 187  259  234  )
( 163  -236  -73  )
( 243  96  168  )
( -164  -172  -221  )
( 45  -294  101  )
( 277  -290  -284  )
( -33  -286  3  )
( 117  15  -133  )
( -298  201  245  )
( 184  -159  -251  )
( 28  188  -255  )
( 267  -284  249  )
( 114  177  -99  )
( -18  -167  -67  )
( -219  223  39  )
( -143  60  -147  )
( -190  -299  73  )
( -258  -109  -62  )
( -219  -105  170  )
( 290  172  94  )
( -105  103  -90  )
( 104  -154  236  )
( 105  -278  -275  )
( 291  208  271  )
( -153  173  -189  )
( 119  -230  -152  )
( 234  153  -47  )
( -0  86  146  )
( 269  27  278  )
( 73  -237  242  )
( -252  176  -133  )
( 167  -47  146  )
( 172  -175  228  )
( 121  247  190  )
( 186  -42  -21  )
( 111  84  -239  )
( -260  163  249  )
( 151  82  155  )
( 88  -0  25  )
( 66  -198  -284  )
( -256  259  -297  )
( 70  -41  182  )
( -81  13  140  )
( -95  -285  151  )
( -132  125  -192  )
( 11  41  -224  )
( 203  122  291  )
( -127  -142  -264  )
( -242  -250  -257  )
( 173  -260  26  )
( 55  41  289  )
( 80  295  -218  )
( 243  155  4  )
( 294  220  203  )
( 225  117  -104  )
( 205  -226  259  )
( -135  277  -245  )
( -55  218  -103  )
( -107  -195  -44  )
( -193  -234  -216  )
( -46  -96  -255  )
( 99  -257  -172  )
( 47  200  20  )
( 212  278  -204  )
( -185  -101  38  )
( 137  87  281  )
( -274  263  246  )
( -257  134  114  )
( -36  58  -154  )
( -190  90  65  )
( -43  -277  -124  )
( -136  290  160  )
( 157  -52  285  )
( 76  -220  171  )
( -193  236  -204  )
( 199  -224  56  )
( -85  -218  296  )
( 134  -50  33  )
( -1  -297  11  )
( 236  -108  277  )
( -103  210  75  )
( 150  -254  -122  )
( 71  156  187  )
( -286  202  92  )
( 46  -23  -63  )
( 127  -25  -217  )
( 262  204  -177  )
( -0  271  174  )
( 241  -137  213  )
( 97  89  -94  )
( 83  32  -21  )
( 134  44  -24  )
( -182  270  277  )
( -282  104  -152  )
( -231  -74  180  )
( -254  288  -150  )
( -72  111  241  )
( -231  144  76  )
( -39  -69  -191  )
( 170  -122  51  )
( 71  -283  -1  )
( 236  81  133  )
( 123  -242  272  )
( 183  -59  29  )
( 145  -125  15  )
( 121  223  -179  )
( 239  -163  -86  )
( -134  -182  88  )
( -270  -74  -139  )
( 196  -156  189  )
( 79  199  -75  )
( 112  137  -27  )
( -183  -247  257  )
( 196  241  205  )
( 110  -172  84  )
( 260  91  146  )
( -180  -184  77  )
( 23  -238  29  )
( -175  54  22  )
( -62  234  -254  )
( -240  208  75  )
( 218  -55  -75  )
( -33  -223  -204  )
( -67  96  -157  )
( 180  157  -26  )
( 76  -78  52  )
( 221  201  -91  )
( 247  261  -25  )
( -132  -30  -231  )
( -7  -194  75  )
( 96  -210  194  )
( 89  291  -45  )
( -40  -43  -132  )
( -114  38  -221  )
( -10  -242  121  )
( -194  79  144  )
( -49  -85  84  )
( 21  -8  -164  )
( 228  -180  253  )
( -258  -185  125  )
( 256  -110  216  )
( -25  -184  -5  )
( -213  -23  -6  )
( -62  148  -114  )
( 278  105  122  )
( 140  -29  241  )
( 169  145  91  )
( 178  75  -127  )
( -239  -153  -23  )
( 70  -86  231  )
( 158  249  -156  )
( -118  -265  -184  )
( 284  -64  -204  )
( 125  -1  142  )
( 62  23  207  )
( 144  -106  199  )
( 285  -241  -186  )
( -139  27  237  )
( 106  -63  75  )
( 76  17  43  )
( 54  155  -159  )
( 87  -299  -146  )
( -41  -16  283  )
( -176  142  -52  )
( -146  -32  128  )
( 141  -131  260  )
( 186  -220  -240  )
( 126  240  121  )
( 40  99  83  )
( -87  177  141  )
( 245  285  163  )
( -253  -4  -284  )
( 292  -26  191  )
( -70  -166  137  )
( 248  -27  -135  )
( -284  87  244  )
( 75  186  231  )
( -138  -215  -259  )
( -107  196  -71  )
( -262  188  264  )
( -7  -33  215  )
( -223  203  230  )
( -57  4  125  )
( 185  -215  18  )
( -255  256  241  )
( -258  91  -87  )
( 219  -41  -257  )
( 2  280  -84  )
( 228  -97  -88  )
( -123  -199  -37  )
( 13  188  -20  )
( -230  -138  4  )
( 72  108  -77  )
( -263  25  76  )
( -263  290  -18  )
( 82  125  288  )
( -61  -166  -124  )
( -95  -118  -225  )
( -46  -206  -113  )
( 110  103  -212  )
( -181  -81  -254  )
( 258  -0  212  )
( -54  -222  112  )
( 251  240  264  )
( 259  -57  54  )
( 125  -279  175  )
( 193  276  161  )
( -273  218  179  )
( -89  -293  258  )
( 256  -113  -291  )
( 4  208  -213  )
( -129  217  210  )
( -127  -76  -95  )
( 34  -246  -196  )
( -26  -155  -106  )
( 145  -85  263  )
( -93  231  223  )
( -199  -123  94  )
( 11  -253  111  )
( -251  186  -219  )
( -256  298  -212  )
( 115  -112  -281  )
( 147  187  96  )
( -285  -178  253  )
( -60  288  237  )
( 292  245  210  )
( -215  19  228  )
( 102  279  173  )
( -79  16  -164  )
( 232  292  -49  )
( 201  43  -214  )
( 103  36  44  )
( 164  -136  261  )
( 185  -133  269  )
( -63  165  72  )
( 99  132  -125  )
( -89  42  -125  )
( -160  135  200  )
( -180  -273  -213  )
( 140  -239  -277  )
( -228  -188  81  )
( 269  -271  288  )
( -213  -47  154  )
( -137  114  229  )
( -163  195  -250  )
( 96  296  206  )
( 150  -176  -269  )
( 181  93  252  )
( -47  -22  -170  )
( -182  231  11  )
( -283  -194  109  )
( -266  281  -198  )
( -146  22  -164  )
( 177  106  -52  )
( 218  -27  -203  )
( 63  20  -245  )
( 85  -108  197  )
( 182  -0  288  )
( -83  254  39  )
( 206  225  128  )
( -215  170  -246  )
( -86  -191  158  )
( 113  -255  -221  )
( 94  -190  206  )
( 165  119  252  )
( 112  68  -53  )
( -72  -165  -295  )
( 70  217  -165  )
( 71  -166  39  )
( 181  -184  -100  )
( 15  -299  83  )
( -106  103  292  )
( 81  -242  282  )
( 100  179  11  )
( 253  -63  54  )
( 259  -29  -229  )
( -139  109  48  )
( 76  262  248  )
( 209  112  -30  )
( 79  -167  -59  )
( -122  117  106  )
( 197  -115  56  )
( -6  3  -99  )
( -266  283  -159  )
( 128  156  -266  )
( -41  12  -80  )
( 126  82  -268  )
( -245  -29  71  )
( 42  -201  -286  )
( -153  -46  -134  )
( 281  -222  -53  )
( 288  202  -14  )
( -31  -192  -288  )
( -50  257  -141  )
( 218  97  -210  )
( 177  41  67  )
( -91  81  -52  )
( 6  -126  217  )
( -239  -128  -87  )
( -63  263  287  )
( -88  -116  -215  )
( -81  78  -38  )
( 101  -266  79  )
( 25  283  184  )
( -7  90  -163  )
( 288  -71  45  )
( -273  289  -67  )
( -239  -164  13  )
( -188  -271  28  )
( -191  288  -239  )
( -95  274  -68  )
( -294  113  -85  )
( 111  51  -169  )
( -220  55  -189  )
( 246  229  52  )
( -32  78  -253  )
( 56  130  -5  )
( 243  -168  187  )
( 208  233  -103  )
( 53  74  114  )
( -194  132  61  )
( 100  -185  171  )
( -154  239  145  )
( -14  -228  -134  )
( -26  95  180  )
( -55  92  238  )
( -19  -33  -248  )
( 87  219  138  )
( 264  242  36  )
( 210  -281  -284  )
( -164  172  289  )
( -30  -291  51  )
( 181  239  286  )
( -248  110  179  )
( 130  -173  126  )
( 106  -70  -191  )
( 250  61  297  )
( 195  207  -130  )
( -246  220  259  )
( -146  -49  -74  )
( -64  -185  95  )
( 254  -75  -281  )
( 117  -18  -269  )
( -124  -47  40  )
( -34  249  31  )
( 52  118  70  )
( 10  -269  -214  )
( 66  -209  -271  )
( -199  -249  -171  )
( -118  167  140  )
( -225  5  -284  )
( -126  90  143  )
( -213  87  -241  )
( 291  -252  -175  )
( 33  -297  205  )
( 166  179  102  )
( 35  -121  -171  )
( 208  280  -46  )
( -179  120  -9  )
( 240  96  228  )
( 66  175  219  )
( 169  287  -53  )
( -73  232  195  )
( 86  145  138  )
( 277  -167  -10  )
( -60  -58  -207  )
( 288  76  136  )
( 54  65  46  )
( -47  -31  99  )
( 151  234  99  )
( 24  -299  -216  )
( -1  132  -19  )
( 170  -239  124  )
( 233  -85  43  )
( -36  -3  54  )
( 8  214  -249  )
( -28  -242  -29  )
( -189  -266  -107  )
( 293  -101  -105  )
( -82  261  -238  )
( -2  -23  198  )
( -160  -189  -10  )
( 4  5  53  )
( -70  -30  -90  )
( 96  56  211  )
( -203  -136  -284  )
( 244  122  259  )
( -107  -269  -184  )
( 8  93  191  )
( 158  208  202  )
( -168  181  34  )
( -164  88  276  )
( 253  187  -72  )
( -132  66  282  )
( -245  -185  111  )
( 76  -178  195  )
( 113  294  -132  )
( -234  79  -52  )
( 25  282  159  )
( -103  267  -179  )
( -194  -44  -41  )
( -220  217  28  )
( -238  -272  -239  )
( -231  -122  -42  )
( 193  98  141  )
( 299  9  26  )
( -206  -40  189  )
( 259  195  111  )
( -62  -123  24  )
( 243  85  164  )
( 8  -94  169  )
( -88  243  55  )
( 44  -177  -34  )
( -124  206  -9  )
( 125  165  -284  )
( 107  72  283  )
( 8  45  -28  )
( 165  282  -250  )
( 298  -233  34  )
( 164  214  -99  )
( 129  -60  218  )
( -194  11  240  )
( 198  -166  -268  )
( 122  -129  167  )
( -78  187  270  )
( 217  231  60  )
( -65  153  94  )
( -290  126  -212  )
( 166  -88  65  )
( -127  67  -238  )
( -246  141  -112  )
( -87  209  -17  )
( 227  -51  -61  )
( -136  164  208  )
( -67  -232  148  )
( -156  36  -164  )
( 53  115  199  )
( 117  -236  -245  )
( 15  -284  -168  )
( 146  -104  284  )
( -204  -70  277  )
( -70  -280  7  )
( 127  -292  196  )
( 216  119  26  )
( 110  -23  68  )
( -121  0  -207  )
( -165  -20  95  )
( -266  -77  -62  )
( -273  155  -55  )
( 228  177  -27  )
( -78  148  92  )
( 267  11  -261  )
( -45  -159  -142  )
( -94  -112  41  )
( 151  -115  263  )
( -253  227  163  )
( 254  183  -162  )
( 1  -288  11  )
( -185  277  -179  )
( -114  -258  -131  )
( 296  -264  -100  )
( -133  -64  56  )
( 236  291  -153  )
( -241  -77  240  )
( 116  -206  -231  )
( 76  92  -268  )
( 111  -249  -201  )
( -64  -230  186  )
( 67  33  -85  )
( 49  -298  -293  )
( 240  104  -56  )
( 257  16  -223  )
( -76  -159  -214  )
( 154  -261  128  )
( -169  -117  -240  )
( 23  64  -131  )
( 141  -36  -291  )
( -192  78  235  )
( -93  289  274  )
( 202  97  193  )
( 105  87  270  )
( 129  -182  -226  )
( -19  145  -80  )
( 22  -123  152  )
( 99  152  -119  )
( 174  -27  -271  )
( -240  223  64  )
( 259  -171  267  )
( 285  -265  -191  )
( 243  76  -59  )
( -86  126  -111  )
( 68  -219  88  )
( -157  136  155  )
( -287  137  -229  )
( 175  -128  -223  )
( -260  -136  97  )
( -297  51  213  )
( -144  297  197  )
( 18  62  262  )
( -98  -125  -297  )
( 163  43  -129  )
( 251  11  167  )
( -206  -65  -122  )
( -284  197  225  )
( 37  -292  -157  )
( -236  -227  5  )
( 25  102  13  )
( -117  -178  -271  )
( 65  -274  -231  )
( -296  162  -180  )
( 295  -239  -30  )
( -149  -97  -277  )
( 73  -181  -94  )
( 237  -36  -188  )
( -262  -89  -107  )
( -263  -5  -195  )
( -234  51  -120  )
( 278  290  -206  )
( 96  -287  45  )
( 161  -119  -77  )
( -132  -152  268  )
( 145  156  166  )
( 142  217  -280  )
( -118  122  -168  )
( 98  -259  169  )
( 156  -85  195  )
( -47  -37  -20  )
( 233  -123  -156  )
( -76  -228  -246  )
( 25  238  132  )
( 101  -152  -154  )
( 89  66  63  )
( -217  223  247  )
( 73  35  -255  )
( 14  41  -151  )
( 256  0  55  )
( -42  -220  -165  )
( 218  145  152  )
( 137  125  69  )
( 271  -211  73  )
( 94  -106  136  )
( 121  -68  177  )
( -90  16  212  )
( 174  -24  97  )
( -270  -244  -255  )
( 237  -14  279  )
( 99  258  286  )
( -74  237  -288  )
( -271  -212  283  )
( 108  -134  29  )
( 107  -225  118  )
( -277  248  -280  )
( -61  -159  180  )
( -29  -75  131  )
( 151  158  -52  )
( 195  132  259  )
( 173  -133  -292  )
( 63  -28  -271  )
( -230  -121  -8  )
( -275  -273  5  )
( -37  -69  -80  )
( 51  274  184  )
( -154  144  110  )
( 255  -143  212  )
( 8  -135  -261  )
( 186  115  -292  )
( 196  83  12  )
( -150  172  266  )
( 242  -260  216  )
( 154  -243  171  )
( -67  -206  118  )
( 248  186  8  )
( -110  135  130  )
( 80  90  -243  )
( 79  265  89  )
( -261  -133  -290  )
( -243  -97  19  )
( -224  290  144  )
( 279  114  -193  )
( 202  20  18  )
( -256  223  207  )
( 238  93  29  )
( -25  24  -293  )
( -116  -109  -236  )
( 201  -151  96  )
( -156  277  79  )
( -217  52  -131  )
( -140  -94  121  )
( 60  -234  -266  )
( -124  -234  -163  )
( 15  240  -18  )
( -86  -121  297  )
( -281  94  -282  )
( 219  9  -218  )
( 70  -248  74  )
( -0  -203  86  )
( 101  277  -257  )
( 1  -64  18  )
( -171  -0  -258  )
( 77  195  229  )
( 248  -133  291  )
( 292  -170  -146  )
( 266  -119  -208  )
( 73  -63  -74  )
( -71  -99  -47  )
( -101  -63  141  )
( 98  -17  -89  )
( 246  210  189  )
( 248  289  -297  )
( -134  -31  298  )
( 275  -280  23  )
( 56  -63  297  )
( -298  113  38  )
( -49  -128  -192  )
( 103  -62  227  )
( 4  169  184  )
( 284  84  -281  )
( -283  -179  -201  )
( 153  90  158  )
( -247  24  -50  )
( 29  -200  26  )
( -161  287  -184  )
( 185  -0  157  )
( -267  66  175  )
( -66  -100  297  )
( 52  137  -274  )
( -83  239  -207  )
( -264  121  171  )
( 66  273  142  )
( -79  -15  57  )
( 277  138  -78  )
( -295  100  139  )
( -49  280  -54  )
( -35  68  -86  )
( 234  152  218  )
( -280  -296  243  )
( 161  -22  210  )
( -132  75  167  )
( 2  -136  -69  )
( 16  -109  -141  )
( 21  -293  -44  )
( -296  33  204  )
( -228  24  66  )
( 284  45  65  )
( 164  -153  -159  )
( -209  -16  261  )
( 201  -1  -216  )
( 103  -119  46  )
( 43  -13  86  )
( 126  -73  -254  )
( 171  -93  66  )
( -104  -107  -32  )
( 27  129  123  )
( -65  261  -215  )
( 190  -216  278  )
( 50  212  133  )
( -224  -176  -190  )
( 293  218  -190  )
( -199  -109  -174  )
( -170  106  -61  )
( 185  -170  78  )
( -201  242  -45  )
( -112  239  -187  )
( -226  -7  -16  )
( -107  240  -91  )
( 217  -103  86  )
( -256  47  -222  )
( 24  220  141  )
( -12  -104  26  )
( 290  215  210  )
( -8  203  -170  )
( 139  156  -251  )
( -161  8  233  )
( 165  -41  -280  )
( -223  -5  107  )
( 159  31  -257  )
( 133  -147  54  )
( -132  17  -0  )
( 290  -213  -161  )
( 30  -62  -208  )
( 142  -73  40  )
( 193  70  -47  )
( -237  181  253  )
( -145  205  -243  )
( 103  249  111  )
( -264  125  -9  )
( 120  225  104  )
( 25  137  34  )
( -67  -0  -199  )
( -91  283  -45  )
( -144  -10  -16  )
( -162  -2  96  )
( 290  55  -59  )
( -137  51  -270  )
( -126  -200  52  )
( 217  145  -28  )
( 196  96  -151  )
( 44  204  175  )
( -102  -134  7  )
( 16  -231  -11  )
( 259  -258  -298  )
( -275  -249  -185  )
( -234  -1  -202  )
( 56  111  -205  )
( 92  -75  126  )
( -21  290  170  )
( 2  254  -139  )
( 241  271  -286  )
( 212  -179  5  )
( -179  -94  174  )
( 139  274  272  )
( 38  -8  -296  )
( 281  -124  264  )
( 285  -92  -245  )
( 207  92  283  )
( -222  -30  293  )
( -47  -246  -224  )
( -4  232  -215  )
( -151  -34  212  )
( 125  189  284  )
( -105  49  -118  )
( -23  249  -254  )
( 273  172  131  )
( -181  223  211  )
( 33  -89  -287  )
( -121  -268  59  )
( 180  113  198  )
( 137  -159  -157  )
( -176  -227  -159  )
( 140  -79  -177  )
( -4  -41  -100  )
( -191  -295  -184  )
( 162  53  -148  )
( -133  -15  -254  )
( -142  -27  275  )
( 255  108  -287  )
( 214  -162  82  )
( 114  32  119  )
( 71  -49  -221  )
( 148  -234  82  )
( 72  172  -237  )
( 3  -168  -216  )
( -74  -22  -39  )
( -71  0  269  )
( -298  -92  53  )
( 99  296  90  )
( -210  -273  -37  )
( 6  -96  193  )
( 118  -204  -254  )
( -80  -50  -235  )
( -163  268  -76  )
( 229  -36  -155  )
( -272  -68  93  )
( 125  253  -179  )
( 88  48  20  )
( 134  -207  -101  )
( 3  -298  274  )
( -99  -97  258  )
( -149  -112  -77  )
( 251  82  263  )
( -208  -57  -77  )
( 256  -286  52  )
( -8  -289  91  )
( 243  -218  52  )
( 134  101  -224  )
( -26  247  43  )
( 254  120  -141  )
( 223  204  1  )
( -100  95  -244  )
( -297  164  123  )
( -84  -103  -251  )
( -203  -86  231  )
( 257  -100  -39  )
( 106  113  -231  )
( -182  204  277  )
( 12  100  -10  )
( 86  -136  -156  )
( -286  133  72  )
( 88  -31  51  )
( -98  -23  -170  )
( 154  -194  -195  )
( -209  -84  -115  )
( -224  182  225  )
( -129  -61  41  )
( -205  -137  -47  )
( 214  -39  8  )
( 88  163  -1  )
( 145  153  12  )
( 171  129  219  )
( -200  25  299  )
( 30  -40  4  )
( -279  -43  -248  )
( 65  -211  -219  )
( -205  -231  232  )
( 122  -285  243  )
( 239  -265  132  )
( -110  78  22  )
( -193  -240  97  )
( 55  65  95  )
( -187  -206  -227  )
( -26  264  76  )
( 279  174  -223  )
( 218  44  -62  )
( -81  -99  -289  )
( -224  -229  77  )
( -158  -194  126  )
( -51  -221  -52  )
( -24  -12  -224  )
( -253  -147  -179  )
( 72  290  130  )
( -292  -167  -278  )
( 223  34  -293  )
( 89  240  109  )
( -291  148  -42  )
( -248  -278  190  )
( 211  92  -187  )
( -58  -65  -9  )
( 260  -284  205  )
( 45  -79  -218  )
( 5  -22  -25  )
( -98  106  280  )
( 98  -251  -31  )
( 4  -88  -73  )
( -176  -11  -111  )
( 57  -77  -221  )
( -245  198  141  )
( -63  -123  96  )
( -94  100  140  )
( -158  64  222  )
( 40  207  -209  )
( -173  162  -299  )
( -230  -181  -269  )
( 117  -109  -265  )
( 250  -183  -132  )
( 235  172  144  )
( 173  266  -172  )
( -196  111  185  )
( 265  127  104  )
( -34  -62  -282  )
( -175  -17  119  )
( 0  -118  179  )
( 290  -115  -33  )
( 129  263  284  )
( -280  100  -246  )
( -278  -260  -49  )
( 17  33  -256  )
( 12  -126  -26  )
( 0  238  -120  )
( 7  13  -71  )
( -268  185  262  )
( 27  112  292  )
( -31  -63  215  )
( 257  -48  118  )
( 232  -75  -49  )
( -138  -9  -197  )
( -246  -291  107  )
( 199  -291  278  )
( -30  -47  -148  )
( 228  134  296  )
( 289  -217  185  )
( 6  278  -74  )
( -89  -22  -124  )
( -171  248  -9  )
( -110  214  -198  )
( -237  -228  -272  )
( -132  231  218  )
( 265  -145  152  )
( 261  -19  -209  )
( 89  279  -252  )
( 258  243  -223  )
( 40  293  -181  )
( 133  38  -5  )
( -9  286  -210  )
( -263  -176  -62  )
( 84  142  -145  )
( 225  -138  131  )
( 177  290  81  )
( 20  -150  -31  )
( 67  127  257  )
( -242  227  -18  )
( -233  281  -51  )
( -216  131  -158  )
( 168  -297  -273  )
( 206  255  -200  )
( 38  -288  33  )
( -88  24  -241  )
( 171  -187  -208  )
( 97  -121  192  )
( 21  -234  282  )
( 116  233  241  )
( -122  126  280  )
( 230  -10  -206  )
( -17  -208  -201  )
( -11  39  -223  )
( 31  162  91  )
( 215  247  128  )
( 133  204  207  )
( -239  -246  118  )
( 40  69  -194  )
( 286  -182  16  )
( -160  1  -193  )
( -164  209  -138  )
( 230  147  245  )
( -21  181  165  )
( -131  -240  -207  )
( 291  -213  233  )
( 68  41  285  )
( 189  133  203  )
( 223  -89  -18  )
( 184  26  -139  )
( 100  202  69  )
( -11  139  -125  )
( 191  -142  79  )
( -172  282  123  )
( -296  198  -178  )
( 155  173  120  )
( -189  64  -270  )
( -207  148  262  )
( 110  -156  -147  )
( 112  -54  -47  )
( 227  122  136  )
( -38  127  214  )
( -247  -258  268  )
( 132  105  -244  )
( -273  83  195  )
( 10  -80  -160  )
( 257  271  -71  )
( 163  -158  -14  )
( 237  -170  298  )
( 291  -49  -57  )
( -127  221  256  )
( -22  -179  65  )
( -244  173  87  )
( 63  225  -165  )
( 240  -206  -67  )
( -166  -223  189  )
( 138  91  236  )
( -278  97  139  )
( -275  -283  206  )
( -137  209  186  )
( -221  -188  200  )
( -295  -158  153  )
