( 0  173  70  )
( 97  219  294  )
( -141  239  -50  )
( -220  -96  -164  )
( 281  35  -242  )
( -7  -220  -281  )
( -117  -67  -51  )
( 38  282  241  )
( 137  -156  98  )
( 157  24  -213  )
( 168  -150  37  )
( 217  208  -41  )
( 89  -26  194  )
( 129  155  -116  )
( 222  -272  -284  )
( 73  -82  -38  )
( 123  -226  -223  )
( 134  -230  65  )
( 229  -265  148  )
( 28  -219  -36  )
( 161  285  58  )
( -189  288  -87  )
( 254  -24  -39  )
( -132  159  127  )
( -135  186  266  )
( -125  -63  -41  )
( 168  246  12  )
( -189  198  -231  )
( 241  -172  170  )
( 286  126  -176  )
( 185  -197  186  )
( -35  188  37  )
( -14  136  168  )
( -154  257  238  )
( 200  -220  50  )
( 197  -43  -242  )
( -71  91  -106  )
( -123  -4  58  )
( 282  -106  128  )
( -144  139  222  )
( 157  -46  -189  )
( -287  92  -127  )
( -256  57  246  )
( 81  278  -60  )
( 223  54  -271  )
( -122  -93  32  )
( 131  -191  89  )
( 106  -194  -226  )
( 89  198  -214  )
( -49  -240  -31  )
( -272  -237  -276  )
( -22  20  210  )
( -83  211  -107  )
( -135  -112  96  )
( 272  -235  29  )
( 41  -261  -122  )
( 205  -240  -70  )
( -233  -119  -208  )
( -44  -243  83  )
( -206  224  34  )
( -116  -233  162  )
( 34  192  -236  )
( 257  178  -110  )
( 266  -25  -10  )
( 133  291  -129  )
( -14  -35  105  )
( 150  283  -98  )
( 262  -25  -8  )
( 271  109  -45  )
( -130  14  27  )
( 233  94  274  )
( -143  -94  3  )
( 51  27  -24  )
( -158  209  202  )
( 176  -64  159  )
( 159  18  -197  )
( 236  133  64  )
( -271  126  -130  )
( 254  -233  -226  )
( 183  205  -216  )
( 234  290  -64  )
( 36  14  45  )
( -46  239  293  )
( -80  115  108  )
( -292  -289  223  )
( -0  -262  57  )
( -58  -171  -212  )
( -36  168  80  )
( -23  186  -196  )
( 79  -41  -157  )
( 133  -249  141  )
( -279  58  -201  )
( -58  -39  239  )
( -299  -163  -213  )
( 183  -4  252  )
( 209  200  -197  )
( 6  125  91  )
( -197  247  67  )
( 157  221  290  )
( -285  -105  -232  )
( -96  -125  -172  )
( 44  32  -12  )
( -98  89  223  )
( -193  -159  -41  )
( 291  -41  -262  )
( 173  -137  -266  )
( 137  -83  89  )
( 201  -118  -259  )
( -105  -228  -298  )
( 258  -290  70  )
( -224  277  284  )
( -65  296  180  )
( 233  -237  283  )
( 158  -292  -123  )
( -10  -291  -133  )
( 298  136  4  )
( -131  -264  169  )
( 107  -66  -132  )
( -280  89  -177  )
( -46  215  -167  )
( 62  -148  248  )
( 87  -140  25  )
( 53  -45  -43  )
( -13  -275  -2  )
( -128  -0  -71  )
( -271  -272  275  )
( -71  -180  -280  )
( 261  246  297  )
( 244  228  -46  )
( -248  8  -227  )
( -193  43  -36  )
( 153  234  -243  )
( -240  238  -172  )
( -52  218  295  )
( 135  67  230  )
( -72  206  -268  )
( 174  -249  -109  )
( 78  250  -257  )
( 233  -285  -196  )
( -87  -228  -183  )
( 47  264  -50  )
( 107  198  252  )
( 128  147  -31  )
( 173  283  -61  )
( 121  -65  286  )
( 245  -56  186  )
( -250  74  102  )
( -50  37  -293  )
( 286  208  -57  )
( 128  18  -96  )
( -154  254  -280  )
( 228  125  89  )
( 66  185  246  )
( -254  -255  193  )
( -157  -180  141  )
( -192  -103  -244  )
( 57  -6  -131  )
( 95  -241  -108  )
( 91  -130  59  )
( -209  -23  -40  )
( 144  292  148  )
( -105  255  -160  )
( -2  18  264  )
( 26  -79  -30  )
( -158  -89  -264  )
( -219  119  132  )
( -125  -127  107  )
( -37  -85  152  )
( 5  274  -42  )
( 23  -153  -57  )
( -233  -169  -160  )
( 2  -177  80  )
( -91  -62  100  )
( -95  109  282  )
( -123  -296  96  )
( -111  -90  -45  )
( 31  -259  111  )
( 270  198  -154  )
( -164  -276  49  )
( 203  113  -73  )
( -241  -75  117  )
( 272  91  -67  )
( -10  -207  -120  )
( -91  -252  -96  )
( -67  -291  197  )
( 212  -163  66  )
( 95  -247  -198  )
( 56  -269  -169  )
( -168  248  46  )
( -96  11  111  )
( 219  -183  136  )
( 283  -235  -74  )
( -186  -160  -36  )
( 290  239  -87  )
( -92  290  0  )
( 153  60  206  )
( 282  58  122  )
( -271  177  -92  )
( -215  -81  -258  )
( 269  -191  -274  )
( -17  103  -50  )
( -194  53  281  )
( 162  248  39  )
( -246  -282  74  )
( -142  256  58  )
( -282  84  -36  )
( -160  212  -240  )
( 110  -92  -222  )
( 90  -180  -48  )
( -5  -186  -191  )
( -271  -11  -233  )
( 278  87  236  )
( 187  44  -34  )
( 129  294  66  )
( 234  -107  -71  )
( 107  -91  -160  )
( -30  -112  78  )
( -162  69  -187  )
( -162  36  -2  )
( 246  -1  -102  )
( 81  -173  -233  )
( 222  -221  -75  )
( 9  204  243  )
( 251  -1  128  )
( -15  272  -254  )
( 65  -53  -129  )
( 143  -118  -48  )
( -259  269  -143  )
( 146  -170  -9  )
( -94  -73  191  )
( 219  164  119  )
( 184  122  114  )
( -32  -194  -21  )
( 44  -122  -217  )
( -281  -154  282  )
( 36  -285  204  )
( 90  295  81  )
( -274  156  242  )
( -242  -186  -79  )
( 248  -276  57  )
( -285  -199  144  )
( -240  268  230  )
( 297  -110  -128  )
( 48  68  240  )
( -255  225  139  )
( -102  -3  220  )
( 263  43  153  )
( 203  274  112  )
( 225  -42  -231  )
( 287  88  185  )
( -186  168  -252  )
( -167  -176  217  )
( 274  -267  244  )
( -170  -42  -189  )
( 286  113  205  )
( -292  26  -199  )
( 117  64  25  )
( -192  -227  -141  )
( -217  147  -280  )
( 114  280  158  )
( -216  153  176  )
( 43  36  -113  )
( 55  245  242  )
( 115  133  -148  )
( -53  -83  -194  )
( 190  153  -189  )
( -53  -170  188  )
( 125  -93  -266  )
( -150  -267  -135  )
( 264  -253  -194  )
( 102  258  299  )
( -116  47  -41  )
( 259  216  125  )
( 148  -211  0  )
( -213  45  -126  )
( -1  -216  53  )
( -137  143  37  )
( -55  -157  -186  )
( -231  196  174  )
( 189  -206  -97  )
( -234  217  285  )
( 153  18  235  )
( 11  -252  -120  )
( 237  211  -138  )
( -149  85  -275  )
( -182  -217  71  )
( -109  266  -51  )
( -184  -252  -164  )
( 207  -65  258  )
( -130  243  129  )
( -265  233  -241  )
( 49  48  104  )
( -98  -161  207  )
( 109  -59  -156  )
( 209  258  11  )
( -298  148  187  )
( 294  -45  222  )
( -116  -278  243  )
( 12  50  -238  )
( -111  -179  -133  )
( 216  35  -80  )
( -298  283  25  )
( 44  24  31  )
( 115  -175  -252  )
( 94  44  190  )
( -61  70  -232  )
( -226  -208  268  )
( 137  -174  -255  )
( 182  -1  -212  )
( 91  -24  -273  )
( 264  58  128  )
( 183  189  -17  )
( 263  184  -164  )
( 16  -22  -253  )
( -156  45  98  )
( 101  -53  -246  )
( 3  81  170  )
( 15  165  -243  )
( 123  273  188  )
( 280  127  146  )
( -186  -177  7  )
( 144  -68  277  )
( -36  5  91  )
( 265  -94  8  )
( 36  200  253  )
( -86  -178  -273  )
( 217  -285  180  )
( -246  -293  -285  )
( 115  -78  -225  )
( -263  290  71  )
( -282  -260  198  )
( -92  117  -283  )
( 169  11  71  )
( -134  -3  -145  )
( -43  174  50  )
( -242  -125  165  )
( -133  -272  190  )
( -257  91  -205  )
( 287  -145  -275  )
( 80  296  -285  )
( -9  241  250  )
( -134  14  -276  )
( -168  -180  164  )
( 222  91  -177  )
( -84  -181  -216  )
( 253  -237  -14  )
( 216  -185  -167  )
( 8  -205  -96  )
( -95  17  266  )
( 294  296  66  )
( -8  -297  -14  )
( -109  -15  297  )
( -284  5  209  )
( 253  31  281  )
( -4  -8  299  )
( 51  48  -88  )
( -89  -67  -190  )
( -177  -239  80  )
( 26  -288  51  )
( -54  125  162  )
( 192  -215  -214  )
( -165  -92  -188  )
( -96  -61  -77  )
( -30  -209  -99  )
( 263  266  281  )
( -152  -130  -221  )
( 99  -237  -216  )
( -249  -263  162  )
( -194  -126  -148  )
( -295  -72  164  )
( -156  193  -144  )
( 165  221  -173  )
( 212  -242  38  )
( 62  -81  165  )
( 22  281  -123  )
( 144  98  -96  )
( -182  128  67  )
( 237  -177  119  )
( 77  -281  -158  )
( -183  64  191  )
( 252  176  84  )
( 48  -42  -143  )
( -251  -82  1  )
( -77  89  15  )
( 284  -263  244  )
( 237  265  -65  )
( 163  -293  198  )
( -290  -221  -43  )
( -130  -5  -103  )
( 172  -110  62  )
( 47  289  -214  )
( 179  275  -189  )
( 194  276  -161  )
( 156  -230  181  )
( -129  246  273  )
( 88  235  189  )
( -221  120  296  )
( -224  240  -109  )
( 92  11  71  )
( 176  20  -104  )
( -241  -112  -265  )
( 75  197  -265  )
( -7  46  -0  )
( -89  62  280  )
( 150  -226  128  )
( -59  112  26  )
( -272  -240  45  )
( 120  -276  270  )
( 197  -62  96  )
( -253  112  -42  )
( 22  218  203  )
( 229  16  -20  )
( 67  -287  205  )
( 65  132  -188  )
( -146  -8  -235  )
( 100  -209  135  )
( -186  188  -2  )
( -136  -261  200  )
( 193  140  192  )
( 122  -69  263  )
( 82  206  -281  )
( -24  -86  -23  )
( 225  38  -146  )
( -208  -178  299  )
( -246  24  165  )
( 177  230  87  )
( 97  -30  -245  )
( -244  -84  152  )
( 56  285  -105  )
( -299  9  -204  )
( 185  157  32  )
( 200  198  -233  )
( 198  68  -33  )
( -180  95  -191  )
( 141  -231  -53  )
( 63  199  -95  )
( 274  152  -108  )
( -242  287  213  )
( 186  180  276  )
( -115  -168  -234  )
( -65  212  -100  )
( -272  -244  -220  )
( -262  21  -263  )
( -120  -212  42  )
( -30  219  -109  )
( 264  160  32  )
( 129  -69  -276  )
( -132  295  90  )
( 168  68  206  )
( -10  -194  -262  )
( -6  -85  5  )
( -63  -14  -75  )
( -89  154  -108  )
( 216  -64  -292  )
( 87  -96  -162  )
( 127  256  -240  )
( 127  -289  -44  )
( -150  -53  213  )
( -3  -181  -219  )
( 35  -183  -293  )
( 30  215  91  )
( 113  156  251  )
( -38  -297  -138  )
( 1  -271  272  )
( 38  -29  -181  )
( 169  298  236  )
( -264  150  -15  )
( 151  -51  147  )
( 118  -64  -182  )
( 186  -167  -142  )
( -11  -212  120  )
( -271  248  -185  )
( 90  -253  106  )
( 203  -46  -7  )
( -213  169  -250  )
( 196  230  -106  )
( 33  -169  24  )
( -216  138  -86  )
( 246  -37  22  )
( -173  227  208  )
( 249  -14  265  )
( 133  285  -143  )
( -109  -31  -159  )
( -224  -266  -82  )
( -139  96  -290  )
( -35  -206  38  )
( 54  -221  262  )
( 116  240  -296  )
( 65  -28  77  )
( -66  -114  110  )
( 215  81  7  )
( 53  278  -220  )
( -90  146  -12  )
( -39  220  99  )
( 233  138  -103  )
( -42  93  -176  )
( 199  250  -13  )
( 294  -1  266  )
( 204  44  298  )
( 179  -41  -0  )
( 69  35  -233  )
( -289  -172  15  )
( -2  79  171  )
( -10  -250  247  )
( -40  -221  -71  )
( -191  245  -264  )
( -295  185  225  )
( 67  295  142  )
( 190  -208  263  )
( -28  -100  -193  )
( 89  146  -56  )
( 180  -47  -137  )
( 253  -105  137  )
( -156  -40  -144  )
( 282  197  35  )
( 182  -17  -54  )
( -91  -135  -269  )
( -223  -59  -282  )
( 54  270  60  )
( -46  -41  -149  )
( 184  -240  -235  )
( -127  235  129  )
( -292  -196  -263  )
( -264  -239  33  )
( 255  -222  -280  )
( 23  295  -173  )
( -113  245  289  )
( 299  -50  57  )
( -206  -210  -167  )
( 283  191  -98  )
( 183  290  -87  )
( 259  -273  -95  )
( 203  287  -99  )
( -289  126  204  )
( 144  -159  -259  )
( 69  277  39  )
( 280  -74  225  )
( 264  -198  -260  )
( 119  -77  264  )
( -65  34  130  )
( -218  -193  41  )
( -248  -160  -115  )
( -157  -231  32  )
( -215  -181  286  )
( -265  -95  121  )
( 39  -249  -7  )
( 282  278  -268  )
( -235  -299  -41  )
( -156  152  39  )
( 157  75  -32  )
( 213  -34  -156  )
( -167  150  292  )
( -156  259  -65  )
( -130  89  -221  )
( 167  -164  -240  )
( -227  137  101  )
( 233  -19  -172  )
( 4  -70  -273  )
( -40  -21  -59  )
( 118  86  149  )
( 144  105  84  )
( -15  -227  -223  )
( 63  141  -157  )
( -188  -273  198  )
( -177  -5  -180  )
( 27  -153  175  )
( -290  -145  60  )
( 267  -223  -151  )
( -143  -234  -41  )
( -51  -194  -92  )
( -201  126  -111  )
( 189  234  -135  )
( 49  182  257  )
( 148  142  -7  )
( 180  68  -173  )
( -227  143  246  )
( 22  188  133  )
( 191  -188  -235  )
( 65  93  272  )
( 12  60  215  )
( 192  -199  269  )
( 152  170  54  )
( -33  1  298  )
( 299  232  -143  )
( 34  -125  -273  )
( -20  -183  -295  )
( 65  51  -97  )
( 273  284  235  )
( 193  -29  291  )
( 20  -188  126  )
( -53  -275  -104  )
( 181  289  -174  )
( -250  -130  264  )
( 203  191  -280  )
( -66  -245  -253  )
( -50  47  174  )
( 141  -207  -24  )
( 174  -32  247  )
( 188  39  41  )
( -1  13  5  )
( 174  -37  240  )
( -100  -240  245  )
( 132  73  -291  )
( -34  -194  247  )
( 149  129  -151  )
( 242  113  -132  )
( 140  -40  -128  )
( 78  -292  -169  )
( -149  261  -58  )
( 205  -12  213  )
( 175  82  -238  )
( 198  85  257  )
( 217  260  -290  )
( -57  -59  283  )
( 14  22  226  )
( 80  -40  -217  )
( 78  -174  -89  )
( -145  -47  42  )
( -65  134  240  )
( -273  47  182  )
( -20  159  -277  )
( -246  -103  -295  )
( -184  -21  71  )
( 120  -250  26  )
( -24  -148  -130  )
( 63  136  270  )
( 179  18  43  )
( -132  244  152  )
( 74  156  -185  )
( -183  253  -169  )
( -100  286  280  )
( 288  100  164  )
( 187  -27  -281  )
( 64  222  -28  )
( 280  -43  101  )
( 111  123  199  )
( -221  297  152  )
( -228  -280  -180  )
( 217  64  186  )
( 169  -78  113  )
( 28  156  -222  )
( -149  229  -273  )
( -68  146  -16  )
( 214  184  -124  )
( -21  -255  264  )
( -182  -230  -155  )
( -289  -266  -268  )
( 93  240  262  )
( -136  -205  -55  )
( 84  -112  -209  )
( -234  197  38  )
( 89  -134  111  )
( -177  -298  -37  )
( -98  -51  273  )
( -218  -64  149  )
( -200  236  108  )
( -91  154  -265  )
( 99  -72  223  )
( 56  -228  -98  )
( -297  87  241  )
( -291  133  -80  )
( -95  -225  -222  )
( 1  -232  -119  )
( 227  166  289  )
( -52  32  -107  )
( 161  -153  165  )
( 32  -124  278  )
( -94  143  147  )
( 75  143  -8  )
( 45  -287  -218  )
( -221  103  183  )
( -153  174  -39  )
( 202  -132  138  )
( -126  23  291  )
( 114  22  -36  )
( 114  14  299  )
( -193  74  -150  )
( 243  139  -85  )
( 240  -79  -207  )
( 282  -61  116  )
( -8  -59  35  )
( -84  4  87  )
( 271  -110  162  )
( 222  31  52  )
( -111  -166  -142  )
( -110  -81  291  )
( 247  118  121  )
( 168  101  -46  )
( 256  47  -96  )
( 242  -231  140  )
( -292  -178  -144  )
( -172  -169  -174  )
( -287  -134  -32  )
( 76  61  225  )
( -200  194  283  )
( 52  -88  137  )
( 131  220  -166  )
( 173  -97  -216  )
( -47  -192  257  )
( 202  -161  42  )
( -149  -271  157  )
( 50  251  139  )
( -224  -83  237  )
( -96  -255  -256  )
( -278  205  -21  )
( 66  -105  128  )
( -116  247  -86  )
( 172  -158  35  )
( -127  43  -14  )
( 160  280  16  )
( -40  -54  223  )
( -251  266  -80  )
( 137  -173  -185  )
( 94  -247  -276  )
( 3  -259  208  )
( 203  -144  -60  )
( -0  -148  -50  )
( 117  96  217  )
( 252  -217  -49  )
( -65  85  109  )
( 52  87  -295  )
( -159  218  151  )
( 219  -24  134  )
( 11  -276  -228  )
( -47  -151  220  )
( -203  -30  -238  )
( -112  -142  118  )
( 36  171  -121  )
( -6  -246  226  )
( 247  74  -69  )
( -286  250  -222  )
( -164  261  64  )
( 1  262  140  )
( 177  290  124  )
( 2  -24  -137  )
( -291  -15  228  )
( -243  219  197  )
( 254  144  232  )
( -120  -32  -64  )
( 74  102  -21  )
( -43  102  -187  )
( -33  -103  7  )
( -217  -255  6  )
( -1  -299  228  )
( 133  212  -122  )
( -194  242  -20  )
( -172  -179  70  )
( -168  283  114  )
( 196  -205  -278  )
( 38  216  34  )
( -208  275  81  )
( -241  -296  -125  )
( 273  270  250  )
( 215  -252  174  )
( -44  -202  -265  )
( -256  209  269  )
( -142  5  -66  )
( -69  32  161  )
( -298  -236  -47  )
( -74  -45  158  )
( -155  185  -2  )
( 215  212  237  )
( 120  -249  262  )
( -289  -236  136  )
( 30  152  -219  )
( -28  136  283  )
( -109  -0  210  )
( -192  288  208  )
( 249  154  233  )
( -173  138  174  )
( 262  -151  -196  )
( -212  -279  -73  )
( -112  -266  179  )
( 125  -257  -126  )
( 60  185  -30  )
( 57  -10  -116  )
( -177  103  -287  )
( -156  -159  -149  )
( 18  49  275  )
( -160  209  0  )
( -49  -33  120  )
( -3  247  12  )
( -219  -277  72  )
( 106  -285  107  )
( 291  -93  -102  )
( -226  -189  -296  )
( -122  77  291  )
( 86  16  37  )
( -93  291  -257  )
( 175  -139  47  )
( 47  -118  157  )
( 159  248  -36  )
( 246  223  -76  )
( 243  -56  293  )
( 60  -251  1  )
( 151  -24  94  )
( -161  -250  200  )
( 208  154  90  )
( 7  -280  -173  )
( -29  -5  -276  )
( 248  255  -26  )
( -255  105  -72  )
( 50  -83  -95  )
( -24  -72  -47  )
( -206  -147  -92  )
( 138  -189  226  )
( -251  225  -176  )
( 218  -235  7  )
( 39  155  -222  )
( 247  -76  286  )
( -59  -25  83  )
( -293  189  -253  )
( 293  266  245  )
( -296  -195  266  )
( 108  231  219  )
( -172  -190  -106  )
( -31  259  170  )
( 44  0  -109  )
( -246  -224  -144  )
( -70  121  291  )
( -74  -72  258  )
( -169  280  71  )
( -101  -93  -94  )
( -190  -188  -69  )
( 42  183  6  )
( -6  25  -128  )
( -146  -97  -202  )
( 7  261  -231  )
( 223  -158  211  )
( 287  193  -87  )
( 106  272  154  )
( 225  -233  243  )
( 56  25  -120  )
( -218  -198  42  )
( 102  -67  -17  )
( -194  58  -177  )
( 144  -60  46  )
( 266  114  62  )
( 115  -9  143  )
( 108  -220  -196  )
( 180  -19  178  )
( -143  -94  154  )
( 187  -7  232  )
( -155  104  89  )
( -208  -43  262  )
( -90  106  12  )
( 87  10  -180  )
( -123  162  -278  )
( -242  184  147  )
( -12  161  -296  )
( 68  230  143  )
( -271  237  173  )
( 192  -78  264  )
( 286  -100  -51  )
( 56  -275  -174  )
( -111  -237  0  )
( -138  -150  166  )
( -193  -269  126  )
( -140  218  43  )
( -184  -74  -0  )
( -191  -277  -22  )
( -270  230  43  )
( -122  262  141  )
( -262  78  -54  )
( 284  -266  -237  )
( -190  -47  83  )
( 107  197  199  )
( -263  -239  -216  )
( 40  -252  89  )
( 257  6  -273  )
( -209  113  225  )
( 156  8  187  )
( 237  137  285  )
( -148  -13  -146  )
( -199  235  -261  )
( 273  -265  -105  )
( -180  266  -185  )
( 65  -220  -119  )
( -98  -23  228  )
( -26  82  -206  )
( 171  -229  -277  )
( -160  -264  146  )
( -112  -41  180  )
( -237  -64  120  )
( -201  -190  -276  )
( 37  -204  167  )
( 56  -43  -6  )
( 245  -75  164  )
( 11  177  -162  )
( -21  238  204  )
( 12  292  83  )
( -102  -92  -180  )
( 157  28  -255  )
( -169  -232  101  )
( -248  17  -120  )
( 7  -203  0  )
( -55  -14  -204  )
( -213  280  201  )
( -213  153  2  )
( -96  -201  197  )
( -173  -205  81  )
( -147  -270  -297  )
( -126  43  -33  )
( 46  98  -247  )
( -26  29  -159  )
( -85  117  4  )
( -149  189  -268  )
( 226  -75  98  )
( -217  60  166  )
( 249  250  82  )
( -116  -217  -231  )
( 175  205  133  )
( 85  -62  192  )
( -39  103  112  )
( -179  -107  -204  )
( 12  241  155  )
( 146  -275  -243  )
( -288  237  -257  )
( 57  155  7  )
( 122  211  39  )
( -225  -272  -176  )
( 47  119  -7  )
( -2  -146  -50  )
( -127  80  132  )
( 237  150  113  )
( -167  -100  93  )
( -125  -253  6  )
( 258  -179  169  )
( 238  -279  159  )
( 106  -185  -67  )
( -264  -51  -78  )
( -185  63  -140  )
( 258  -158  185  )
( -90  -286  54  )
( 189  -50  -193  )
( 135  73  222  )
( 281  -25  -50  )
( -97  -4  -52  )
( 150  234  -0  )
( -89  14  170  )
( -124  -170  84  )
( 254  -272  -6  )
( -38  -54  -151  )
( -260  -170  132  )
( -184  -263  297  )
( -277  205  175  )
( -110  -15  47  )
( 276  -118  -223  )
( -196  -37  -109  )
( -237  -136  -102  )
( 15  10  -119  )
( -101  112  56  )
( 193  221  215  )
( 23  -186  -194  )
( -226  257  68  )
( -50  68  288  )
( 154  -131  -55  )
( 94  -127  68  )
( 211  -174  -29  )
( -45  122  233  )
( 274  248  52  )
( -37  -21  134  )
( 82  -210  31  )
( -251  52  285  )
( 115  242  -178  )
( 151  -204  149  )
( 99  29  162  )
( -223  -194  -233  )
( -48  112  186  )
( 228  -234  -67  )
( -190  -279  10  )
( -169  -144  -222  )
( -151  -291  234  )
( -196  -10  56  )
( 169  -128  119  )
( 258  -51  -97  )
( 257  -142  15  )
( 43  221  -126  )
( 129  227  233  )
( 142  107  111  )
( -227  61  -24  )
( -200  136  -194  )
( 145  -3  -222  )
( -136  -192  299  )
( 204  -293  -168  )
( 198  -294  46  )
( -82  296  -149  )
( 249  291  -166  )
( -120  -148  -205  )
( 83  -269  -16  )
( 188  156  -39  )
( 184  -241  240  )
( 55  -194  -262  )
( -146  -72  -145  )
( 299  0  -130  )
( 191  137  -132  )
( -13  299  277  )
( 61  161  67  )
( -49  41  -293  )
( -18  198  221  )
( -102  -99  84  )
( 22  -47  158  )
( -221  -286  183  )
( 87  -271  -113  )
( 48  222  211  )
( -62  123  212  )
( 15  216  242  )
( 259  -9  182  )
( 111  -41  149  )
( -10  244  136  )
( -157  296  -288  )
( -259  129  203  )
( 266  27  142  )
( 141  273  -49  )
( -238  -134  258  )
( -224  281  -280  )
( 46  188  260  )
( -204  -91  -275  )
( 182  -104  114  )
( -284  13  192  )
( 46  159  227  )
( -270  82  -35  )
( -287  282  14  )
( 87  -240  250  )
( -31  -61  46  )
( -266  178  -107  )
( 165  42  -200  )
( 190  -237  -61  )
( -246  14  243  )
( -197  19  88  )
( 256  -135  -182  )
( 299  185  -236  )
( -13  121  -257  )
( 208  -100  49  )
( -254  63  -244  )
( -62  10  54  )
( -243  296  162  )
( -136  273  -28  )
( 228  217  -174  )
( 84  -229  252  )
( -109  -233  -289  )
( 3  38  11  )
( 6  -186  -208  )
( -125  83  -179  )
( 277  102  207  )
( 70  140  227  )
( 283  193  -5  )
( -150  79  251  )
( -244  -21  216  )
( 150  104  -117  )
( 181  229  78  )
( 24  -248  114  )
( 82  -138  -192  )
( -182  -43  99  )
( 205  19  -290  )
( 130  93  -182  )
( -57  -72  -282  )
( -263  231  -255  )
( 6  -39  -131  )
( -233  24  293  )
( 108  289  -4  )
( -21  -154  -193  )
( 110  83  -220  )
( 14  -295  133  )
( 200  -10  -26  )
( 225  35  -153  )
( 37  261  188  )
( 43  29  -243  )
( -25  -101  -133  )
( -17  171  56  )
( 299  -273  -182  )
( -200  -91  -227  )
( 49  -70  -81  )
( -36  -245  20  )
( -136  226  -65  )
( -13  -136  259  )
( 251  24  267  )
( 8  -69  -153  )
( 244  -54  191  )
( -38  40  90  )
( 288  -8  83  )
( -283  -232  -136  )
( 294  228  -56  )
( -62  223  -142  )
( -56  100  -176  )
( -220  280  71  )
( 88  -202  85  )
( -78  -83  -182  )
( 190  108  -38  )
( 13  -222  -257  )
( 101  286  216  )
( 295  171  -100  )
( 285  120  -85  )
( 96  -245  -61  )
( 220  -91  234  )
( -256  -37  282  )
( -106  -258  -277  )
( 130  -242  -144  )
( 257  -92  -214  )
( 243  58  -41  )
( -56  -205  14  )
( -33  -114  -205  )
( -84  -297  -281  )
( -215  165  171  )
( 3  135  -77  )
( 291  -288  -63  )
( -218  -182  186  )
( -217  -175  -246  )
( -209  24  -161  )
( -31  141  -171  )
( -20  170  93  )
( -83  -67  -31  )
( 62  167  42  )
( -97  165  18  )
( 137  -71  97  )
( -90  136  -96  )
( 228  250  -130  )
( -195  -138  23  )
( -139  -187  -170  )
( -159  74  284  )
( 241  96  33  )
( -25  74  -16  )
( -154  -117  186  )
( -2  247  -132  )
( -140  161  207  )
( 221  69  242  )
( 81  -116  -141  )
( 193  61  -230  )
( 258  -254  -86  )
( -70  -217  148  )
( 105  25  -145  )
( 97  -199  -190  )
( 259  239  -134  )
( -290  -281  -256  )
( 236  -26  59  )
( -248  -234  148  )
( 285  -0  -261  )
( -279  -152  241  )
( -273  170  -278  )
( 242  140  15  )
( -143  217  293  )
( -66  229  83  )
( 238  -62  177  )
( -122  44  -260  )
( -167  180  -38  )
( 157  131  254  )
( 139  18  236  )
( 260  -242  237  )
( -247  -291  -99  )
( -36  -110  275  )
( -183  203  -128  )
( -261  90  226  )
( 59  -104  -42  )
( -219  -82  -217  )
( 98  -137  -216  )
( 289  -168  -267  )
( -73  -80  -58  )
( -270  -31  65  )
( 62  -109  35  )
( -53  239  205  )
( 126  -291  59  )
( -192  -64  -241  )
( 76  -98  -283  )
( -185  200  -65  )
( 230  -116  151  )
( -146  -216  228  )
( 101  -64  279  )
( -22  131  -204  )
( 286  276  68  )
( -116  -296  293  )
( -96  -23  -289  )
( -254  -105  270  )
( -123  177  -109  )
( -258  158  -247  )
( 110  196  -23  )
( 206  -246  -59  )
( -35  -14  176  )
( -183  83  185  )
( -198  -215  197  )
( 41  296  204  )
( -52  -77  -102  )
( -158  -219  -67  )
( 179  136  4  )
( -269  185  42  )
( -166  -138  146  )
( -146  128  -34  )
( -225  -141  96  )
( 156  -153  -217  )
( 139  -69  -157  )
( -84  -132  148  )
( 45  229  -296  )
( 47  -202  -98  )
( -123  -173  -81  )
( 217  -253  291  )
( 79  -155  130  )
( -198  -91  -271  )
( -192  213  131  )
( -141  127  123  )
( -257  -178  -205  )
( -147  244  90  )
( -260  -184  278  )
( 197  223  -121  )
( -285  63  103  )
( 196  220  172  )
( 178  -44  -74  )
( -102  -160  -175  )
( -39  -270  -194  )
( -43  -160  240  )
( 115  -75  47  )
( 115  60  -16  )
( -152  -80  -70  )
( -171  249  -298  )
( -283  268  166  )
( -57  167  -54  )
( -210  -32  -79  )
( 50  275  183  )
( 60  -217  -103  )
( 43  -231  166  )
( -69  -53  277  )
( -274  -126  156  )
( -67  120  269  )
( 79  -161  98  )
( 162  -4  219  )
( -24  184  154  )
( 35  42  -241  )
( 294  167  23  )
( -139  81  -136  )
( 78  265  14  )
( 28  145  -69  )
( -67  -113  115  )
( -60  33  -247  )
( 174  132  -249  )
( 78  -127  93  )
( 261  83  -278  )
( -74  191  294  )
( 152  123  169  )
( -174  -17  151  )
( 61  202  122  )
( 126  49  194  )
( 95  0  287  )
( -197  141  -30  )
( -139  222  193  )
( 244  15  -219  )
( 285  -233  -114  )
( -232  -124  -34  )
( -20  274  170  )
( -80  252  45  )
( -35  -213  34  )
( 195  89  -166  )
( -222  141  -268  )
( 120  -96  180  )
( 57  248  266  )
( 185  51  -279  )
( -221  148  -23  )
( 219  -248  131  )
( 278  -85  178  )
( 103  299  170  )
( 52  254  -244  )
( -246  -72  267  )
( 255  270  126  )
( -29  -290  -52  )
( -149  3  -179  )
( 34  -51  -69  )
( 283  -149  176  )
( -93  -39  281  )
( 285  -175  236  )
( -126  238  93  )
( 22  278  148  )
( -290  152  -91  )
( -288  163  -253  )
( -188  119  226  )
( -85  234  -220  )
( 135  284  -128  )
( -225  -113  217  )
( 245  -11  -172  )
( 16  170  256  )
( 140  150  216  )
( 11  32  -231  )
( 111  -33  -28  )
( -201  -75  4  )
( 39  -96  10  )
