( 66  -109  205  )
( 152  139  -92  )
( 44  -59  138  )
( -174  235  -76  )
( 130  -98  -283  )
( -258  123  70  )
( 129  -13  30  )
( 69  111  221  )
( -57  263  -241  )
( 177  -104  -250  )
( -249  255  27  )
( -122  161  -247  )
( 80  269  -3  )
( 135  215  204  )
( -100  -152  131  )
( 256  208  18  )
( 258  84  -193  )
( -8  111  -47  )
( 265  242  -28  )
( 231  -197  22  )
( 245  -197  35  )
( 234  68  -223  )
( 143  -125  68  )
( -76  36  115  )
( -291  -266  6  )
( -234  -279  -136  )
( 61  -283  198  )
( -125  -239  82  )
( -86  146  241  )
( 218  16  -163  )
( -80  44  -242  )
( -294  -86  156  )
( 57  -159  -265  )
( -174  -270  -241  )
( -148  161  -106  )
( 103  26  288  )
( -83  150  6  )
( 145  -92  263  )
( -129  -135  -191  )
( -218  -132  -283  )
( 213  -268  278  )
( -148  -225  154  )
( -256  109  -188  )
( 89  -250  139  )
( -41  -208  299  )
( 58  291  24  )
( -271  -81  55  )
( 140  -7  -198  )
( -13  108  -0  )
( -244  -17  220  )
( -210  189  -33  )
( 165  110  -207  )
( -122  252  -158  )
( -130  -19  -14  )
( 87  -168  107  )
( -29  -230  -45  )
( -183  166  204  )
( 282  20  -158  )
( 71  -256  164  )
( -226  197  36  )
( -47  185  -203  )
( -281  -219  -204  )
( 236  -76  -222  )
( -150  -93  109  )
( -147  53  118  )
( -195  250  -95  )
( 260  196  22  )
( -3  288  256  )
( -91  158  -62  )
( 278  48  -34  )
( 35  231  -239  )
( -56  -230  59  )
( -30  -132  118  )
( 21  -54  234  )
( -168  253  249  )
( -209  76  294  )
( 266  -247  26  )
( -151  -204  229  )
( -149  -91  -177  )
( -26  48  -52  )
( 150  67  -190  )
( 54  28  238  )
( 146  -244  228  )
( 294  262  81  )
( -168  -70  -161  )
( -179  134  -238  )
( 220  -224  -88  )
( -106  295  -70  )
( -229  39  -256  )
( -115  -256  225  )
( 260  29  -177  )
( 154  272  283  )
( 19  1  198  )
( -227  -109  -265  )
( 110  98  -136  )
( -120  151  -289  )
( 199  211  -282  )
( 96  139  176  )
( 201  -285  242  )
( -93  -78  -57  )
( 270  -51  138  )
( -37  -110  23  )
( 143  289  -123  )
( -241  -239  -79  )
( 194  -240  -201  )
( -56  71  102  )
( 125  -88  -173  )
( 219  -54  66  )
( 89  7  -191  )
( 220  75  191  )
( -283  92  5  )
( -15  -18  107  )
( 234  199  -123  )
( 125  245  -30  )
( -179  -285  -227  )
( -168  99  -78  )
( -48  -65  90  )
( -213  -226  217  )
( -128  85  -195  )
( -124  211  -140  )
( 46  -17  156  )
( -246  -61  -224  )
( 175  293  -16  )
( 146  163  252  )
( 152  45  104  )
( 217  7  158  )
( 21  108  -10  )
( -255  60  -112  )
( -193  208  -274  )
( -92  16  261  )
( 108  -201  -124  )
( 169  -104  232  )
( 125  75  -98  )
( -178  -64  86  )
( -23  -83  52  )
( -93  -57  -219  )
( -168  289  -146  )
( 223  187  -115  )
( -81  -86  202  )
( -189  -197  -163  )
( 80  239  -24  )
( -116  -197  0  )
( -42  -251  -172  )
( 204  139  261  )
( -79  -72  242  )
( 82  224  197  )
( -281  138  38  )
( -55  262  212  )
( 254  -146  -266  )
( -132  -197  -3  )
( -239  12  -214  )
( 292  -152  -105  )
( 15  -288  -24  )
( -35  -27  -92  )
( 166  239  -187  )
( -15  -58  83  )
( 276  -37  160  )
( -203  -227  76  )
( 97  -205  -40  )
( -7  -143  -265  )
( 232  147  53  )
( -255  21  -278  )
( -159  -3  -140  )
( 81  253  -84  )
( 258  -84  -181  )
( -110  121  -270  )
( 296  -293  -48  )
( -91  -277  -251  )
( -85  56  -112  )
( 60  -244  81  )
( 138  -163  110  )
( -196  289  -194  )
( 119  -226  29  )
( -287  104  -56  )
( -290  -84  -291  )
( 274  150  297  )
( -180  177  27  )
( -73  -290  202  )
( -129  124  73  )
( -254  -88  149  )
( 115  124  16  )
( -161  45  -183  )
( -220  -0  -1  )
( -295  -101  -9  )
( -103  -107  32  )
( -58  -127  73  )
( -57  53  167  )
( 174  -223  -28  )
( 80  -245  -266  )
( 56  -248  121  )
( 257  266  -293  )
( 98  -253  237  )
( 149  89  -255  )
( 239  -117  132  )
( 63  101  -276  )
( -46  51  -253  )
( 122  80  -6  )
( 204  -72  250  )
( -27  -7  199  )
( 150  273  280  )
( -117  -240  176  )
( -214  135  -17  )
( -45  32  212  )
( 55  -199  157  )
( -44  64  119  )
( -21  -296  -3  )
( 69  -220  -261  )
( 213  -31  -217  )
( 116  88  -91  )
( -213  -120  238  )
( -24  -82  -286  )
( 219  283  83  )
( -157  -28  202  )
( -121  -223  4  )
( 103  -118  135  )
( -186  169  -268  )
( -11  173  -164  )
( 98  195  -5  )
( 83  -12  -180  )
( 183  -268  262  )
( 291  128  -79  )
( 153  -88  -258  )
( 218  261  -45  )
( -218  194  -32  )
( -283  255  -151  )
( -125  188  -135  )
( 163  -154  262  )
( -283  -276  246  )
( -178  -30  4  )
( 286  -112  116  )
( -90  28  152  )
( -12  -249  -237  )
( -289  86  -71  )
( 174  -205  177  )
( 207  -94  26  )
( 267  184  -218  )
( -59  119  -298  )
( 106  85  204  )
( -179  -186  283  )
( 209  67  216  )
( 80  155  37  )
( 223  150  -251  )
( 42  6  -131  )
( 274  191  -47  )
( -201  220  -5  )
( 273  -133  -38  )
( 180  -22  297  )
( 191  113  -158  )
( 263  -112  121  )
( 100  206  -191  )
( -133  -149  82  )
( 73  -28  -84  )
( 31  208  28  )
( -218  -274  -271  )
( -87  -293  -117  )
( 270  65  84  )
( 65  94  248  )
( 107  299  109  )
( -295  -97  -30  )
( 44  31  -52  )
( 250  292  -285  )
( 84  -6  199  )
( -153  246  90  )
( -270  109  -52  )
( 45  -178  -183  )
( 18  10  -40  )
( -109  -90  91  )
( 37  -273  133  )
( 166  -271  -260  )
( 169  116  -235  )
( -98  249  -242  )
( -31  15  -272  )
( -137  172  -52  )
( -145  -46  -282  )
( -265  158  297  )
( -233  2  96  )
( -154  116  -284  )
( 0  192  63  )
( 114  194  -77  )
( 98  -107  -231  )
( -98  219  -91  )
( 244  169  -120  )
( -37  -259  -72  )
( -121  -67  -200  )
( -15  187  -276  )
( -22  110  -266  )
( 164  168  -42  )
( -230  179  25  )
( -109  209  -0  )
( -93  203  113  )
( 173  298  -208  )
( -176  -240  253  )
( 168  -179  289  )
( 249  237  -172  )
( 268  102  126  )
( -21  23  59  )
( 6  169  -0  )
( -186  57  254  )
( -201  -88  -194  )
( 217  -166  -132  )
( 283  129  137  )
( -182  -187  -92  )
( 127  255  281  )
( 171  -68  -20  )
( 208  -63  293  )
( 277  -271  -157  )
( -5  267  -215  )
( 246  108  -3  )
( -194  -158  106  )
( 188  106  -11  )
( -193  48  -153  )
( -79  245  123  )
( 261  122  154  )
( 100  45  -24  )
( 61  -176  221  )
( -12  52  -66  )
( 72  -138  -212  )
( 88  -20  289  )
( 297  -102  125  )
( 198  -173  168  )
( 145  153  -143  )
( -71  298  88  )
( -2  112  -258  )
( 147  -199  0  )
( -166  89  -82  )
( 289  -66  201  )
( -153  46  205  )
( 173  -161  -52  )
( -157  186  -235  )
( -194  215  -212  )
( 222  274  154  )
( 260  7  283  )
( -243  -195  -291  )
( -169  -21  184  )
( -55  -126  48  )
( -54  -187  -186  )
( -7  190  67  )
( 110  65  -133  )
( 214  -52  20  )
( 225  -219  48  )
( -258  216  240  )
( -240  144  -128  )
( 258  30  -143  )
( -158  141  103  )
( 90  299  272  )
( 231  279  -258  )
( -225  65  259  )
( -97  -7  210  )
( 23  -217  -279  )
( -96  47  -78  )
( -280  -27  -82  )
( -224  -22  8  )
( 264  287  -122  )
( 45  -275  -38  )
( -99  -11  -64  )
( -94  131  228  )
( 221  77  25  )
( -250  12  46  )
( -150  206  99  )
( 55  -18  196  )
( -237  30  -186  )
( -157  282  -40  )
( 206  62  -285  )
( -148  59  137  )
( -159  244  -87  )
( 170  132  256  )
( -260  -67  -58  )
( 17  -13  69  )
( 173  -165  143  )
( 250  121  194  )
( 291  -14  47  )
( -233  152  141  )
( -114  -62  218  )
( -11  -239  191  )
( -145  -285  80  )
( -93  -241  91  )
( 240  259  112  )
( 130  7  -195  )
( -2  202  -100  )
( 163  184  247  )
( 3  -247  -15  )
( -105  -246  -84  )
( 58  170  161  )
( -1  -222  -26  )
( -278  259  -162  )
( -242  202  -231  )
( 188  -82  -278  )
( 191  -107  -173  )
( 218  145  -195  )
( 295  32  -251  )
( 230  14  196  )
( 125  -242  159  )
( -133  -160  162  )
( 75  61  -178  )
( -260  -269  287  )
( -72  -33  238  )
( -153  264  238  )
( -114  -119  -24  )
( -107  -47  -142  )
( -13  273  263  )
( -190  -8  -189  )
( 66  -141  283  )
( -63  264  -153  )
( 138  88  70  )
( 212  243  -139  )
( 90  8  129  )
( 250  5  295  )
( -110  131  -229  )
( 46  -247  283  )
( -124  -298  299  )
( 208  31  -265  )
( -240  228  -29  )
( 139  249  272  )
( 147  293  -278  )
( 51  -151  -201  )
( -150  165  -81  )
( 289  -179  -290  )
( 203  -126  125  )
( 179  -175  250  )
( -58  118  -174  )
( 205  283  -139  )
( -27  -39  275  )
( -61  173  -238  )
( 50  153  -299  )
( -216  49  -268  )
( -120  175  -119  )
( 25  209  120  )
( -116  25  142  )
( 56  -288  150  )
( -8  177  299  )
( 257  -182  105  )
( -210  -123  -132  )
( 243  -175  -23  )
( -256  -139  -246  )
( -166  226  -231  )
( 194  243  -284  )
( -134  282  275  )
( -141  130  151  )
( -208  -211  175  )
( -45  -258  -152  )
( 159  -278  -167  )
( 106  151  282  )
( -156  191  171  )
( 70  -267  233  )
( 155  -24  35  )
( 83  238  -274  )
( -264  7  -299  )
( 167  -293  193  )
( 248  -44  -162  )
( -129  -61  -167  )
( 269  67  75  )
( 215  126  -70  )
( 99  244  -209  )
( 185  -270  -215  )
( 49  -135  8  )
( 164  126  38  )
( -264  271  -216  )
( -149  -241  23  )
( 93  171  -106  )
( 92  -279  -146  )
( -18  -224  -253  )
( 54  13  295  )
( 216  225  -93  )
( -253  204  279  )
( -17  -94  -113  )
( -160  296  192  )
( -236  -138  -269  )
( 71  -236  -222  )
( 232  234  270  )
( 146  233  -139  )
( 29  289  228  )
( 96  281  1  )
( -267  246  -276  )
( 179  -227  -37  )
( -243  104  -103  )
( 153  104  -201  )
( -126  -129  -32  )
( -202  -232  -133  )
( 243  -290  90  )
( -115  -164  -239  )
( 197  287  257  )
( -114  110  -125  )
( -230  -161  245  )
( -243  105  -68  )
( 245  63  -251  )
( 240  65  -104  )
( -171  20  97  )
( 29  275  -167  )
( 274  297  198  )
( -181  28  132  )
( 157  -122  109  )
( 253  52  -185  )
( 74  -277  -280  )
( 110  168  8  )
( 156  42  -228  )
( 174  221  -81  )
( -228  -113  96  )
( 137  -259  -107  )
( -19  234  203  )
( 194  -182  -101  )
( 145  94  147  )
( 289  -125  -60  )
( -14  -238  276  )
( 135  -96  67  )
( 84  274  -40  )
( -239  185  -221  )
( 51  176  39  )
( -91  152  34  )
( 140  -277  -192  )
( -158  -47  -45  )
( 121  -193  -15  )
( -226  98  88  )
( 135  -159  -148  )
( -63  -181  -159  )
( 92  -227  265  )
( 157  -41  289  )
( 168  -271  34  )
( -118  72  78  )
( 109  -170  -261  )
( 63  -293  246  )
( -32  -247  -23  )
( -214  -184  -10  )
( 229  -297  -86  )
( -129  -41  110  )
( 93  73  -98  )
( 166  -210  -160  )
( 123  -116  135  )
( -16  -52  111  )
( 153  -58  -92  )
( 199  230  186  )
( -75  -118  140  )
( 47  131  -72  )
( -134  -57  233  )
( -87  -191  249  )
( -105  247  277  )
( -122  -198  4  )
( 211  128  85  )
( 274  4  -130  )
( -293  238  -31  )
( -113  -2  214  )
( -241  152  295  )
( 203  26  51  )
( -113  163  -280  )
( -82  -298  295  )
( -34  10  -160  )
( -24  -152  -176  )
( 7  75  -195  )
( -248  -250  174  )
( -37  -165  -47  )
( -71  -65  -176  )
( -64  42  -40  )
( -9  131  -71  )
( -103  182  -209  )
( 122  213  255  )
( 28  79  -225  )
( -104  -259  204  )
( -291  -288  -173  )
( -66  180  -134  )
( -77  63  22  )
( -259  -53  -56  )
( -4  209  200  )
( 152  -37  -149  )
( -82  152  95  )
( 291  -238  -126  )
( 271  137  44  )
( 74  48  -62  )
( 98  -32  194  )
( -112  -214  -175  )
( 281  -112  -291  )
( 21  -48  253  )
( 230  190  -248  )
( -156  -118  11  )
( -83  265  -292  )
( -27  204  -191  )
( 210  -227  -262  )
( -299  -18  213  )
( -139  211  272  )
( 221  -2  153  )
( 211  -76  98  )
( 278  287  -237  )
( 280  -82  -285  )
( 0  -103  189  )
( -48  142  283  )
( -262  -197  -287  )
( -289  -159  204  )
( -132  147  86  )
( 88  -189  -295  )
( 210  -14  250  )
( -61  175  -214  )
( -237  -275  20  )
( -44  118  -189  )
( 74  -1  -200  )
( -229  -227  33  )
( -258  -214  -144  )
( 262  192  277  )
( 162  296  -223  )
( 132  299  154  )
( -15  52  -196  )
( -288  -13  -186  )
( -134  -232  -211  )
( -15  -21  176  )
( -26  -159  63  )
( -187  -240  -230  )
( 215  12  -79  )
( -211  114  -285  )
( 160  26  -296  )
( 182  -299  137  )
( -145  -274  278  )
( 239  193  194  )
( -130  50  243  )
( 165  -38  -44  )
( -265  -75  -178  )
( 271  -224  134  )
( -185  -130  -175  )
( 39  -155  212  )
( 83  -62  -261  )
( 228  97  -232  )
( -150  297  -152  )
( -151  -15  -5  )
( -154  228  -254  )
( 72  37  -117  )
( -37  -226  107  )
( 177  196  30  )
( -135  29  -225  )
( 231  17  91  )
( -283  -66  86  )
( -125  -257  -118  )
( -205  237  -204  )
( -71  -274  105  )
( 128  -19  -23  )
( -211  275  -178  )
( 168  12  229  )
( -42  15  -68  )
( -268  53  194  )
( 112  -70  65  )
( -17  98  216  )
( 199  97  -105  )
( 235  -149  -133  )
( 1  100  -153  )
( -270  -210  -153  )
( 270  220  -46  )
( 196  18  -77  )
( 226  -184  -115  )
( -124  -65  -25  )
( -242  225  -115  )
( -1  100  112  )
( 32  53  -223  )
( -216  108  41  )
( 269  8  -258  )
( 215  -128  52  )
( 251  141  137  )
( -43  -150  -23  )
( -131  26  5  )
( -183  -49  121  )
( -168  227  210  )
( -261  -97  63  )
( 251  -265  175  )
( -52  130  211  )
( 35  263  143  )
( 243  -250  -31  )
( 249  254  156  )
( 104  73  -44  )
( 206  -175  86  )
( -241  -271  -244  )
( 135  142  271  )
( -12  80  279  )
( 265  -98  -135  )
( -233  -170  294  )
( 109  -207  67  )
( 80  -47  218  )
( 274  -270  -214  )
( -212  -288  137  )
( -128  54  153  )
( 266  184  -162  )
( -209  60  5  )
( 82  283  62  )
( 179  145  241  )
( -137  -283  -95  )
( 189  -249  -253  )
( 38  206  -284  )
( -227  -33  14  )
( -267  -179  -47  )
( -138  140  26  )
( -138  -76  -185  )
( -83  99  131  )
( -252  -28  92  )
( -294  14  -57  )
( 60  -241  216  )
( -123  209  218  )
( 82  -137  -43  )
( -210  107  -136  )
( -62  275  -248  )
( -53  189  -0  )
( 115  -53  -126  )
( -164  274  72  )
( 53  111  -59  )
( 188  -195  -77  )
( 19  212  18  )
( 62  -79  -51  )
( -118  127  -133  )
( 100  -97  -247  )
( -296  48  -98  )
( -213  -12  231  )
( 88  -238  -22  )
( 82  216  265  )
( -88  -200  43  )
( -119  262  -94  )
( 32  -210  295  )
( -195  -248  -277  )
( 263  -191  -80  )
( -201  -223  -274  )
( 279  193  -19  )
( -95  -137  179  )
( 16  265  -117  )
( -100  -103  226  )
( -295  -237  203  )
( -150  -72  15  )
( 137  122  3  )
( -118  -92  -136  )
( 54  -208  28  )
( 205  -225  35  )
( -133  -297  -261  )
( 296  184  -129  )
( 104  97  216  )
( 289  62  -272  )
( -245  52  85  )
( 60  119  103  )
( 5  -69  103  )
( -266  -29  142  )
( -75  -89  -115  )
( -186  -259  71  )
( -42  -146  -149  )
( -134  129  -281  )
( 155  -80  -121  )
( 106  -204  -78  )
( -198  85  176  )
( 17  -167  82  )
( -28  44  -120  )
( 154  8  -128  )
( 242  -147  203  )
( 72  -145  299  )
( 53  28  262  )
( 189  125  226  )
( 20  -16  190  )
( 268  -182  38  )
( 254  -134  -110  )
( 174  -223  252  )
( -107  279  -288  )
( 79  -220  -221  )
( -143  47  82  )
( -82  164  -109  )
( -136  -57  -2  )
( -270  -137  102  )
( 170  69  52  )
( 46  199  -48  )
( -64  -259  43  )
( -178  235  180  )
( -9  -10  -167  )
( 67  -157  201  )
( -224  79  284  )
( 23  237  47  )
( 84  -181  48  )
( 86  -189  55  )
( 221  6  140  )
( 11  -82  155  )
( -46  -122  13  )
( 237  100  -281  )
( 297  -90  288  )
( 147  -9  75  )
( -259  -190  -193  )
( -63  191  -178  )
( -6  48  -79  )
( -43  -194  -14  )
( 34  -170  -124  )
( 32  94  -297  )
( 225  76  -49  )
( -270  -82  59  )
( -99  -251  262  )
( 63  190  212  )
( 132  -205  265  )
( -91  -227  -267  )
( 110  -148  -117  )
( 6  176  167  )
( -122  217  -64  )
( -129  -104  -31  )
( 190  -232  -154  )
( 219  -280  189  )
( 79  66  184  )
( -115  -77  -29  )
( 248  -160  -79  )
( 184  31  -103  )
( 0  -295  -27  )
( -257  244  270  )
( -65  222  -280  )
( -286  -67  259  )
( 170  229  178  )
( 124  123  -259  )
( 139  95  179  )
( -250  15  -222  )
( -72  97  -132  )
( -151  110  -14  )
( -1  -31  171  )
( -207  283  -128  )
( 16  244  -92  )
( 108  -250  -12  )
( -273  67  171  )
( 147  281  -28  )
( 27  153  -258  )
( 171  32  51  )
( 205  253  -88  )
( -175  251  -45  )
( -69  126  -167  )
( -114  181  -170  )
( -195  257  -241  )
( 127  -157  -189  )
( -93  28  172  )
( -115  236  93  )
( -252  238  -254  )
( -209  132  -196  )
( 13  178  26  )
( -176  -95  -120  )
( -137  -172  186  )
( -116  202  131  )
( -88  10  93  )
( 269  -50  263  )
( -291  -294  130  )
( -218  123  230  )
( -203  141  -274  )
( 20  202  115  )
( -237  -259  210  )
( 0  -43  -219  )
( 231  -66  -107  )
( 31  -143  -150  )
( -231  -203  87  )
( 26  -222  85  )
( 251  -47  285  )
( 171  -89  68  )
( 56  -213  87  )
( 299  -189  162  )
( 80  15  153  )
( 292  43  -48  )
( 218  257  127  )
( 32  169  194  )
( -152  7  -123  )
( -299  -126  -263  )
( 45  -166  7  )
( -55  -299  146  )
( 34  -155  -283  )
( -166  -1  -139  )
( -239  -26  35  )
( 274  264  80  )
( 99  -79  118  )
( -7  -131  195  )
( -74  169  131  )
( -141  80  256  )
( 134  -221  161  )
( 204  -21  -112  )
( -169  46  283  )
( 70  -69  -128  )
( 23  -3  -196  )
( 277  -79  -87  )
( -284  124  -222  )
( -68  -215  -223  )
( -196  -62  239  )
( 263  -211  -181  )
( 151  -259  -119  )
( 273  70  11  )
( -14  67  -263  )
( 245  117  33  )
( -107  -163  143  )
( -278  -169  -181  )
( -103  165  16  )
( -193  -297  -291  )
( -104  100  60  )
( -217  18  -258  )
( 111  -115  78  )
( 34  173  -157  )
( -111  253  296  )
( -67  23  -126  )
( 297  -184  -195  )
( 257  45  160  )
( 238  130  -42  )
( -49  269  -175  )
( 106  136  -19  )
( -65  -282  -183  )
( 172  -122  110  )
( 153  -222  20  )
( 227  260  202  )
( 223  -112  62  )
( -123  180  288  )
( 0  -29  55  )
( 130  -21  -113  )
( -54  132  -195  )
( -1  -277  -230  )
( -85  -196  44  )
( 164  -288  -115  )
( 78  -150  276  )
( -171  -276  -295  )
( 167  234  -162  )
( -80  45  232  )
( -223  -20  12  )
( -289  -152  -285  )
( -283  -291  -140  )
( -225  178  -79  )
( -196  50  -122  )
( 130  -65  143  )
( 107  131  -73  )
( -153  114  148  )
( -215  274  46  )
( 37  -19  70  )
( -107  -140  114  )
( -12  7  86  )
( -135  13  224  )
( 208  -255  110  )
( 161  -128  272  )
( 283  192  29  )
( -166  200  41  )
( 200  195  -289  )
( -210  -65  269  )
( 186  162  -209  )
( -28  241  194  )
( 215  179  -268  )
( 54  -174  -131  )
( -6  -150  -299  )
( 186  94  -70  )
( -262  152  -78  )
( 88  -78  -201  )
( 101  114  -72  )
( 158  -6  127  )
( 210  112  213  )
( -60  -208  142  )
( 185  224  -140  )
( -266  256  100  )
( -178  46  -56  )
( -177  -258  229  )
( -44  220  -194  )
( -39  106  -183  )
( 204  202  285  )
( 215  209  -289  )
( -81  268  -123  )
( 43  288  233  )
( 91  -159  -207  )
( 103  201  238  )
( -64  232  -65  )
( 251  55  140  )
( -210  67  -58  )
( -130  252  118  )
( -180  -191  46  )
( -49  -45  -112  )
( 262  38  -234  )
( -202  -57  -248  )
( 36  -50  49  )
( -224  54  277  )
( 263  -32  -206  )
( -24  204  -263  )
( -119  40  -57  )
( -150  190  -123  )
( 213  -98  -40  )
( -247  203  -28  )
( -279  2  273  )
( -73  -218  4  )
( 62  299  170  )
( -146  -95  213  )
( -210  67  42  )
( -21  -286  48  )
( 201  -164  -263  )
( -177  79  -107  )
( 119  117  6  )
( -289  212  273  )
( -49  -114  47  )
( -124  -225  -79  )
( 274  2  205  )
( 184  -266  -143  )
( 232  -119  247  )
( 180  96  -23  )
( -148  295  161  )
( 271  -126  239  )
( 157  2  109  )
( 289  44  -85  )
( -114  -193  -123  )
( 96  134  -69  )
( -126  122  -224  )
( -147  -167  -29  )
( 38  174  30  )
( 170  -0  93  )
( -59  202  -6  )
( -129  85  -134  )
( -265  -129  185  )
( 232  97  20  )
( -198  -21  127  )
( 276  187  -95  )
( 203  82  144  )
( -185  54  70  )
( -165  -144  220  )
( 116  98  229  )
( 225  189  -12  )
( 132  196  28  )
( 218  144  263  )
( 65  97  -57  )
( -99  -245  -65  )
( 251  71  -106  )
( 190  110  -204  )
( -70  -132  150  )
( -14  -281  -57  )
( -14  -203  -89  )
( -113  235  218  )
( -87  -294  -230  )
( 79  -163  -183  )
( 57  -172  -237  )
( 100  -17  37  )
( 2  -190  58  )
( 226  252  -115  )
( -8  -206  -187  )
( -125  -243  -127  )
( 243  -264  154  )
( 72  227  153  )
( 298  85  253  )
( 154  -295  -234  )
( -283  154  -192  )
( -126  59  210  )
( 3  -248  158  )
( -16  -162  129  )
( -54  224  -198  )
( -42  -94  278  )
( -203  159  107  )
( -273  -260  78  )
( -285  -17  230  )
( 260  -280  185  )
( -284  270  251  )
( -19  -38  288  )
( 175  76  -162  )
( 145  -130  -86  )
( -205  167  199  )
( 171  -180  -9  )
( 79  -262  29  )
( -91  -254  78  )
( 286  245  106  )
( -265  -13  146  )
( 97  1  -282  )
( -282  -49  54  )
( 161  -141  75  )
( -77  -165  -3  )
( 148  284  92  )
( -101  292  207  )
( -64  61  78  )
( -154  209  -202  )
( -181  146  -157  )
( 278  187  -294  )
( 154  -49  -6  )
( 281  -120  -82  )
( 231  -47  59  )
( -216  -178  -257  )
( 53  175  17  )
( -299  150  114  )
( -132  59  -212  )
( 279  141  -104  )
( -150  -62  -167  )
( 131  -237  124  )
( 187  -133  233  )
( -193  27  83  )
( 198  -31  40  )
( 158  180  18  )
( -27  57  -222  )
( 45  144  22  )
( -24  245  289  )
( 149  -103  -294  )
( -148  69  289  )
( -107  6  -158  )
( 226  -255  -258  )
( -30  -99  155  )
( 86  -215  -224  )
( -263  -14  36  )
( -59  -296  258  )
( 120  -141  132  )
( 270  -207  267  )
( 53  -116  -257  )
( -199  242  -28  )
( -1  -123  -296  )
( 269  -77  160  )
( -218  -117  -98  )
( -4  -151  -246  )
( 280  75  -133  )
( 207  -277  37  )
( 156  214  -135  )
( 160  71  198  )
( 153  44  52  )
( -164  193  154  )
( 6  103  -46  )
( 170  -55  265  )
( -294  -104  -93  )
( 60  250  172  )
( -32  262  -190  )
( -129  -120  37  )
( -270  -255  -94  )
( 199  -58  -145  )
( -135  -238  -99  )
( 229  -31  250  )
( 216  -257  60  )
( 271  114  -225  )
( -91  -214  269  )
( -215  -256  164  )
( -224  -222  -236  )
( -33  -144  -63  )
( 277  -252  197  )
( -237  18  34  )
( 269  92  8  )
( 24  -283  -191  )
( -138  -227  44  )
( 163  -187  -105  )
( 19  289  176  )
( 95  -261  199  )
( 155  -283  189  )
( -75  -236  -240  )
( -94  -156  -174  )
( 193  284  82  )
( 284  -127  51  )
( 171  128  44  )
( 172  -273  251  )
( -241  136  -101  )
( -260  274  299  )
( -97  10  -204  )
( 272  162  -264  )
( -231  -4  35  )
( -160  180  -0  )
( -50  205  -260  )
( -82  299  -101  )
( 142  6  9  )
( -238  -271  284  )
( 110  94  104  )
( -259  99  133  )
( 190  40  -105  )
( -161  -105  -245  )
( -277  -250  -212  )
( -5  -154  -184  )
( -169  254  36  )
( 158  290  -90  )
( 84  44  239  )
( -12  -19  -75  )
( 196  -75  262  )
( 178  265  148  )
( -118  253  -248  )
( -230  168  264  )
( 256  226  -218  )
( 81  -157  6  )
( 21  -286  158  )
( 212  -194  -79  )
( -224  242  -181  )
( -108  -299  -90  )
( 63  -95  100  )
( -218  86  215  )
( -199  295  -223  )
( -71  141  -133  )
( 271  253  -261  )
( 269  -186  113  )
( -93  174  -289  )
( -80  10  217  )
( 238  103  -277  )
( -118  -240  77  )
( 182  74  18  )
( 119  256  292  )
( 160  220  141  )
( 93  6  218  )
( 115  165  114  )
( -94  164  -79  )
( -153  222  2  )
( -259  250  -287  )
( 189  138  -66  )
( 141  67  -34  )
( 223  -37  61  )
( -94  -166  -168  )
( -99  67  220  )
( -221  210  -179  )
( 191  155  157  )
( 22  207  240  )
( -212  176  5  )
( -128  -295  -29  )
( 239  -56  -244  )
( -218  63  16  )
( -208  -263  133  )
( -163  -184  -47  )
( -37  -214  -26  )
( -42  -169  224  )
( 75  120  215  )
( 227  -250  -40  )
( 124  -232  -208  )
( -60  -289  -236  )
( -259  81  19  )
( -225  -234  -70  )
( -30  -99  -294  )
( 102  250  -24  )
( 241  295  -15  )
( -235  -77  -80  )
( -207  50  16  )
( 186  95  255  )
( -258  135  -157  )
( 277  -248  52  )
( -291  43  -211  )
( 274  -72  219  )
( -147  -56  109  )
( 250  -210  -186  )
( 105  -199  -198  )
( 183  -189  163  )
( 281  274  -2  )
( -230  -145  -285  )
( -246  135  -103  )
( 68  59  4  )
( -159  43  266  )
( -141  -137  -192  )
( -105  287  -259  )
( 292  24  120  )
( 47  121  296  )
( 179  -132  -172  )
( 295  134  125  )
( 199  -268  -287  )
( -139  -31  6  )
( 286  -8  -199  )
( 135  158  -8  )
( 29  141  7  )
( 35  179  32  )
( 19  -287  2  )
( 241  -145  260  )
( 286  229  -269  )
( 27  237  90  )
( -97  26  -3  )
( -194  19  -69  )
( 189  151  14  )
( 67  12  -299  )
( -192  74  26  )
( 219  248  -83  )
( -162  -270  -253  )
( -165  164  193  )
( -11  -17  -233  )
( -280  -197  15  )
( -56  -80  173  )
( -175  -203  207  )
( 237  -191  104  )
( -76  -188  -250  )
( 225  -186  -151  )
( 174  -258  -205  )
( 20  169  92  )
( -223  148  225  )
( -220  252  105  )
( -110  170  9  )
( 119  201  -36  )
( -76  74  -71  )
( -28  -237  -91  )
( 290  -24  -239  )
( -137  296  71  )
( 42  -55  -17  )
( -91  -230  241  )
( 91  -41  -150  )
( 287  -99  135  )
( 124  284  283  )
( -266  290  -173  )
( 199  -160  256  )
( -166  211  -274  )
( -103  148  -253  )
( 271  205  -26  )
( 281  -264  165  )
( 46  141  -61  )
( -145  13  51  )
( 282  117  207  )
( 75  -143  -171  )
( -29  -168  92  )
( 136  241  -57  )
( 55  117  119  )
( -22  84  -101  )
( -94  -35  153  )
( 213  -220  43  )
( -22  -83  232  )
( -228  -280  209  )
( 206  286  210  )
( 172  89  60  )
( 186  -230  -23  )
( -115  137  -99  )
( 265  -175  -165  )
( 160  -247  -201  )
( -264  -212  9  )
( 265  -257  179  )
( -282  -108  -225  )
( 29  7  120  )
