( -280  -64  236  )
( -194  42  -278  )
( 239  19  -235  )
( 295  219  89  )
( 46  -198  131  )
( -117  245  218  )
( 42  -5  234  )
( 205  223  274  )
( -133  -213  -92  )
( 98  206  -13  )
( -246  267  -265  )
( 25  22  50  )
( 293  -127  184  )
( -294  6  -104  )
( -149  120  53  )
( -202  119  -105  )
( -9  213  214  )
( 182  155  200  )
( 211  -156  -134  )
( -16  -246  -155  )
( -260  -144  37  )
( -132  -253  -283  )
( -275  -126  185  )
( 260  130  285  )
( -69  -218  130  )
( 215  21  160  )
( -187  156  -224  )
( 87  227  -86  )
( 184  0  267  )
( 284  -15  192  )
( -203  -153  -54  )
( 121  130  208  )
( -186  82  -230  )
( 292  197  172  )
( 96  102  206  )
( 99  55  66  )
( -110  157  14  )
( -51  -243  -77  )
( -175  292  -21  )
( -226  102  262  )
( 299  275  -16  )
( -221  56  -271  )
( 283  -23  -27  )
( 7  45  247  )
( -148  -118  -13  )
( -45  112  208  )
( 11  -244  44  )
( -207  -59  197  )
( 162  -156  -143  )
( -168  285  -176  )
( 124  25  -228  )
( -59  36  -56  )
( 98  105  -224  )
( -145  227  195  )
( 132  269  85  )
( 56  270  41  )
( 121  -77  267  )
( 243  224  -236  )
( -95  52  -194  )
( 51  195  -4  )
( 271  -148  -196  )
( -255  -208  -171  )
( 156  -78  281  )
( 287  -6  220  )
( -38  -242  77  )
( -138  -266  -290  )
( 210  23  140  )
( -209  -277  75  )
( 213  102  -163  )
( 131  -137  120  )
( -125  -174  -286  )
( -113  133  -43  )
( -249  -186  45  )
( 234  243  148  )
( -130  -264  167  )
( -10  283  -140  )
( 266  -9  -265  )
( -263  -173  -6  )
( 63  26  -168  )
( 116  -38  295  )
( -7  -238  286  )
( 7  242  131  )
( -63  -40  272  )
( 4  -269  67  )
( -268  -293  -20  )
( -253  -165  198  )
( -281  -142  -27  )
( -96  -102  -37  )
( -288  -162  -15  )
( -241  97  162  )
( -227  -240  -257  )
( -10  -201  -44  )
( 241  167  24  )
( 180  179  177  )
( 259  -66  156  )
( 215  84  -59  )
( 63  -8  -77  )
( -188  221  283  )
( -56  -81  -13  )
( -170  53  -195  )
( 203  -22  175  )
( -139  -77  -44  )
( -91  97  190  )
( 20  292  259  )
( 6  45  -203  )
( -149  280  104  )
( -187  261  -99  )
( 253  -159  -1  )
( 281  156  176  )
( 2  -228  -165  )
( -21  236  -37  )
( 129  -216  14  )
( 35  -237  -206  )
( -295  254  -160  )
( -259  -211  -256  )
( -18  261  -258  )
( 204  71  -279  )
( 264  98  287  )
( 200  79  -158  )
( 55  127  -275  )
( 247  51  -41  )
( 33  -138  228  )
( -208  -85  -62  )
( 169  103  258  )
( 157  -183  -53  )
( 127  153  191  )
( -255  -214  114  )
( 82  225  55  )
( 125  137  -38  )
( -40  57  194  )
( 219  -145  239  )
( -31  -197  221  )
( -33  -192  37  )
( -179  231  -123  )
( -298  -118  88  )
( 77  -152  -260  )
( -213  198  243  )
( -19  -282  219  )
( 58  208  -204  )
( 228  254  -229  )
( -285  159  -132  )
( -122  -89  -193  )
( 152  -71  213  )
( -41  198  -124  )
( 124  -244  -261  )
( -101  20  -262  )
( 273  -133  -245  )
( -83  -226  -189  )
( -147  -207  -211  )
( -246  -136  132  )
( -268  209  -259  )
( 170  -48  -218  )
( 138  274  22  )
( 1  -188  -116  )
( 222  69  87  )
( 122  -279  -198  )
( 266  -52  -100  )
( -155  204  -220  )
( -78  214  -170  )
( -188  -237  230  )
( 178  -277  -92  )
( 168  -119  -97  )
( 125  -297  100  )
( -84  -54  170  )
( -163  243  -27  )
( -114  3  183  )
( -288  175  49  )
( -60  187  -139  )
( 251  -252  -131  )
( -112  -114  59  )
( 112  138  73  )
( -196  123  -23  )
( 293  -170  -147  )
( -216  -182  102  )
( -251  -136  231  )
( -11  185  -39  )
( 151  -244  -8  )
( 142  -284  102  )
( -158  139  181  )
( 184  60  -224  )
( -120  -36  213  )
( -189  269  -184  )
( 187  235  222  )
( -140  -3  -57  )
( -291  -2  14  )
( -231  147  126  )
( 286  46  -82  )
( 220  114  -211  )
( 112  228  -12  )
( -112  -214  -254  )
( 43  287  200  )
( 146  -141  -126  )
( -0  65  203  )
( 240  -296  276  )
( -137  -287  288  )
( 77  -122  147  )
( -160  -284  290  )
( 75  237  -111  )
( -219  -275  -165  )
( -64  -70  -171  )
( -116  174  3  )
( 123  -29  -225  )
( -103  3  99  )
( -200  297  -66  )
( 31  299  248  )
( 249  88  91  )
( 252  293  -81  )
( -168  -28  -1  )
( 257  210  -30  )
( -286  100  130  )
( -24  -43  -95  )
( -239  93  298  )
( 201  -222  187  )
( -162  -120  103  )
( -45  -198  154  )
( -1  -65  -112  )
( -164  29  -129  )
( 116  19  -0  )
( -290  -272  -283  )
( 120  134  -154  )
( -170  5  24  )
( -233  -80  78  )
( -59  -261  -289  )
( -43  13  232  )
( -102  24  -218  )
( 227  147  -66  )
( 57  4  -165  )
( 204  -248  -44  )
( -140  183  -201  )
( -151  -44  97  )
( -80  -118  134  )
( 42  -294  -206  )
( -259  213  80  )
( 61  -67  -250  )
( 46  263  139  )
( 287  11  115  )
( 117  -235  172  )
( -162  168  -99  )
( -125  -85  -180  )
( 279  107  -40  )
( -28  37  184  )
( -237  125  -277  )
( -259  -293  18  )
( 291  1  214  )
( -251  -73  96  )
( 141  -292  150  )
( -110  -246  -209  )
( -243  -78  91  )
( 232  32  204  )
( -4  -226  -284  )
( 202  228  -98  )
( 275  272  252  )
( -272  -252  94  )
( 132  -174  -165  )
( 100  -223  292  )
( -227  254  34  )
( -47  -155  -3  )
( 137  -4  188  )
( 7  -26  -267  )
( 146  -172  -199  )
( 125  -298  -200  )
( -20  61  -228  )
( -108  168  -280  )
( -43  73  228  )
( -180  220  33  )
( 182  -108  -163  )
( -96  134  -83  )
( 106  -293  128  )
( 226  141  -193  )
( 161  -112  106  )
( -91  -14  50  )
( -141  32  -104  )
( 226  -67  -231  )
( -276  -119  -248  )
( -144  146  -233  )
( 247  -60  -12  )
( -30  258  293  )
( -299  38  212  )
( 268  151  122  )
( 46  -219  206  )
( -246  -105  -64  )
( 294  -228  119  )
( 242  192  67  )
( 221  -105  23  )
( 297  -106  188  )
( -172  -267  -266  )
( -189  113  183  )
( 52  258  -191  )
( 126  -32  72  )
( 120  -50  -261  )
( -178  83  -151  )
( 169  -103  130  )
( -209  -138  45  )
( 115  -206  218  )
( -273  -14  -210  )
( 127  -165  247  )
( -292  107  -208  )
( -198  53  -75  )
( -292  -251  -142  )
( 108  -39  37  )
( -120  -252  -218  )
( 48  -269  37  )
( -109  48  -285  )
( 85  -76  103  )
( -96  -127  -233  )
( -265  178  43  )
( 254  250  114  )
( 99  -272  88  )
( 251  -189  201  )
( 74  129  83  )
( 117  184  83  )
( -284  -167  139  )
( 189  -135  175  )
( -270  -31  254  )
( -187  8  -143  )
( -117  289  49  )
( 161  179  78  )
( -221  1  -287  )
( -113  79  5  )
( -257  -214  17  )
( 69  -22  -206  )
( -149  43  -11  )
( -102  -159  -78  )
( 69  42  -50  )
( -97  281  -209  )
( -237  103  20  )
( 44  -115  75  )
( 233  -85  152  )
( 274  68  -224  )
( -172  -298  125  )
( -241  294  -242  )
( 226  -63  106  )
( -105  120  112  )
( -139  63  -280  )
( -64  -121  -223  )
( -291  1  -44  )
( -111  73  189  )
( 59  78  66  )
( 95  -174  -5  )
( -121  96  127  )
( 140  202  -271  )
( -171  -134  -299  )
( -64  218  136  )
( -284  -44  173  )
( 256  -24  -35  )
( -159  -24  -283  )
( -257  142  -250  )
( -148  -119  -256  )
( -61  -247  69  )
( -158  -232  -179  )
( 179  220  -134  )
( -125  131  -254  )
( -227  295  214  )
( 176  106  -147  )
( 270  -91  -233  )
( -268  180  33  )
( 119  69  -99  )
( -66  -68  149  )
( -114  119  -143  )
( -74  -24  205  )
( -123  -50  270  )
( 165  276  -261  )
( -223  -269  -161  )
( -237  -89  -241  )
( 207  241  -201  )
( 7  -249  -198  )
( -156  114  -64  )
( 230  126  87  )
( -251  97  103  )
( -202  234  96  )
( 186  -85  -149  )
( -281  164  -156  )
( 276  -221  -65  )
( 257  186  -45  )
( -61  212  -211  )
( 70  -250  -91  )
( -50  -253  91  )
( -83  -172  -6  )
( 81  -57  27  )
( 203  268  205  )
( 217  290  -171  )
( -285  -34  -52  )
( 146  213  -155  )
( 200  -196  105  )
( -13  -141  12  )
( -211  89  -273  )
( -256  -87  19  )
( -203  -206  146  )
( 205  113  -19  )
( 141  -46  -195  )
( 263  99  269  )
( -295  37  215  )
( -99  37  -217  )
( 266  215  138  )
( -179  -239  -213  )
( 273  -244  -247  )
( -254  -16  93  )
( 287  18  -167  )
( 25  255  168  )
( -258  -54  -83  )
( 219  -226  246  )
( -9  -219  278  )
( 116  38  41  )
( -286  239  299  )
( -17  248  -29  )
( -141  58  181  )
( -148  69  -234  )
( 14  -258  -152  )
( 252  93  -264  )
( -32  164  221  )
( 213  -153  181  )
( -269  57  239  )
( -127  133  -20  )
( -37  98  135  )
( -263  45  67  )
( 208  -145  -133  )
( 259  92  -283  )
( -16  -207  52  )
( -167  128  -40  )
( 287  -13  -128  )
( -130  280  -219  )
( -51  173  100  )
( -18  -146  -157  )
( 152  168  270  )
( -63  -59  -191  )
( -28  162  131  )
( 16  -43  196  )
( 121  149  -91  )
( 73  -224  232  )
( 169  -150  -99  )
( 22  281  -203  )
( 209  293  263  )
( -247  62  195  )
( 220  -192  145  )
( -26  -173  -160  )
( -40  90  123  )
( 197  -71  -50  )
( -289  98  299  )
( 187  -118  15  )
( -172  -290  122  )
( -81  204  -4  )
( -245  -236  184  )
( 25  179  66  )
( 297  -281  205  )
( -193  -284  273  )
( 252  -101  -61  )
( 167  131  -47  )
( -98  89  282  )
( -265  204  -55  )
( -95  -44  159  )
( -181  -95  117  )
( 269  -279  157  )
( -100  -184  -264  )
( -162  180  -160  )
( -51  60  -272  )
( 192  -96  172  )
( 288  -88  218  )
( -259  36  133  )
( 135  25  -47  )
( -26  -203  295  )
( -165  292  22  )
( -32  -134  -248  )
( -208  -121  81  )
( -200  235  215  )
( -36  -257  58  )
( -288  -2  -154  )
( 150  -147  297  )
( 130  -129  -236  )
( -181  -67  -129  )
( 259  -188  253  )
( 69  57  107  )
( -91  -60  96  )
( -52  -255  -164  )
( 173  253  -225  )
( 259  -113  -288  )
( 188  -294  123  )
( 29  264  -209  )
( 186  -73  131  )
( -220  189  -134  )
( 225  -145  -86  )
( -14  95  -228  )
( -67  37  263  )
( 24  170  -116  )
( -281  -218  21  )
( 93  296  250  )
( -98  232  18  )
( -261  241  214  )
( 46  210  206  )
( -124  59  -222  )
( 288  132  -217  )
( -208  -63  163  )
( -56  275  -32  )
( 141  176  -138  )
( 242  16  77  )
( 91  -134  -144  )
( 138  -213  74  )
( 31  -187  -98  )
( -74  81  -299  )
( -77  211  3  )
( 47  -269  -88  )
( -156  263  -289  )
( -259  188  22  )
( -195  -277  166  )
( -57  26  -281  )
( -81  -272  299  )
( 22  -88  -299  )
( 291  -168  -102  )
( 83  -231  242  )
( 154  146  -263  )
( 3  147  87  )
( -124  -237  -62  )
( -118  9  60  )
( -204  -188  282  )
( 82  13  235  )
( 130  -113  -29  )
( -221  -180  -163  )
( 167  192  59  )
( 244  -271  253  )
( -62  -18  -11  )
( -268  253  -35  )
( -218  33  -239  )
( 255  101  93  )
( -175  198  -72  )
( -267  -298  -294  )
( -265  -217  -34  )
( 227  163  239  )
( -189  28  -101  )
( 16  -185  22  )
( -102  -276  -76  )
( -239  -69  127  )
( 72  298  276  )
( 272  95  -15  )
( -186  97  68  )
( 257  299  -219  )
( -226  184  95  )
( 46  -157  -201  )
( -202  130  -6  )
( 211  141  196  )
( -152  -26  -259  )
( -161  131  -145  )
( 242  15  273  )
( -193  -66  -286  )
( 149  -239  236  )
( 266  172  42  )
( -81  101  22  )
( 178  -133  -43  )
( -4  176  11  )
( -283  -166  90  )
( -112  109  -6  )
( -21  -11  -276  )
( -132  -66  -46  )
( 90  -135  85  )
( 83  -18  -290  )
( 203  -280  -16  )
( -252  65  -273  )
( -138  -235  206  )
( -45  133  -111  )
( -274  -240  99  )
( -22  162  73  )
( 180  -48  150  )
( 63  -247  -202  )
( 79  -268  -224  )
( -169  32  215  )
( -44  30  -54  )
( 67  -154  95  )
( 25  -107  78  )
( 22  86  272  )
( -167  64  -30  )
( 296  -179  150  )
( -295  -138  -185  )
( -42  29  -291  )
( 257  2  -27  )
( 198  -130  -111  )
( -172  123  206  )
( -118  -33  56  )
( 75  -76  255  )
( -57  94  32  )
( 222  278  -36  )
( 32  -212  219  )
( -71  119  -204  )
( 254  231  119  )
( 242  -193  -156  )
( -27  -170  -132  )
( 39  -157  -162  )
( 171  293  -42  )
( -93  110  135  )
( -146  -230  53  )
( -113  72  186  )
( -112  39  -205  )
( 121  162  29  )
( -133  283  -180  )
( -226  121  -201  )
( -164  83  185  )
( -30  -18  246  )
( -251  31  -78  )
( 45  -252  -0  )
( -117  86  -29  )
( 53  88  196  )
( -60  72  70  )
( 30  -204  -168  )
( 42  -185  54  )
( 173  -160  267  )
( 115  -283  51  )
( -79  -148  211  )
( 181  170  47  )
( -63  165  38  )
( 116  16  -73  )
( -135  -152  -166  )
( -11  252  10  )
( 86  163  -295  )
( -11  225  -95  )
( 49  -31  -267  )
( 72  58  -189  )
( -102  169  242  )
( -170  71  37  )
( -71  233  -165  )
( -89  -249  -299  )
( 184  191  276  )
( 54  237  238  )
( 190  -46  -292  )
( 206  20  144  )
( 194  -101  10  )
( 121  193  -57  )
( 61  104  137  )
( -125  117  25  )
( 181  35  -93  )
( 136  138  185  )
( -130  137  -68  )
( -33  299  15  )
( -133  276  -74  )
( -209  -178  258  )
( -225  -144  246  )
( 296  84  118  )
( 140  20  -229  )
( -66  181  -259  )
( -17  48  -167  )
( -226  -185  269  )
( 94  -32  -74  )
( 132  -99  -220  )
( 15  213  279  )
( -230  -232  -278  )
( 172  -219  -242  )
( 187  -54  -129  )
( 60  -82  -160  )
( -294  175  285  )
( 32  -284  -257  )
( 17  -11  282  )
( -46  -111  -19  )
( 173  115  179  )
( 186  8  20  )
( -215  -197  253  )
( 252  -256  -27  )
( 292  177  -116  )
( -199  171  -65  )
( -83  177  258  )
( -287  -229  198  )
( -186  275  184  )
( -297  -170  180  )
( 201  150  -290  )
( 103  106  181  )
( 298  270  292  )
( -89  296  -277  )
( -188  228  128  )
( -190  -205  170  )
( -23  50  -160  )
( 297  212  224  )
( -197  67  290  )
( 276  182  -76  )
( 169  -82  112  )
( -126  -177  231  )
( 106  223  -152  )
( 267  -114  95  )
( 14  -194  143  )
( -157  -275  -238  )
( -9  -126  265  )
( 55  35  226  )
( -236  154  18  )
( 284  -258  178  )
( 216  192  -49  )
( 114  -71  79  )
( 148  123  -194  )
( -80  -227  192  )
( 130  -4  58  )
( -228  -116  -292  )
( -44  37  25  )
( -15  -255  -272  )
( 31  -122  -109  )
( -82  142  -272  )
( -110  16  77  )
( 275  -9  -280  )
( 235  -194  217  )
( 143  38  71  )
( 219  85  296  )
( 172  292  -293  )
( -263  19  237  )
( 107  270  -148  )
( 9  90  -216  )
( -2  257  -239  )
( -112  -252  -55  )
( -294  272  -286  )
( -161  -63  -117  )
( 92  -182  -213  )
( 285  -143  138  )
( 81  56  -248  )
( 63  -81  -234  )
( 12  11  -115  )
( 268  119  -10  )
( -295  211  233  )
( -48  -268  234  )
( 263  -196  224  )
( 15  47  280  )
( 6  234  -52  )
( 235  46  -125  )
( -115  175  -287  )
( -248  29  11  )
( -90  -204  -113  )
( 127  -86  -23  )
( -0  -243  23  )
( 97  -277  -193  )
( -126  55  166  )
( 165  -1  8  )
( -284  253  73  )
( -126  263  -93  )
( -34  71  -213  )
( -263  -215  19  )
( -183  -58  213  )
( -97  -89  112  )
( -267  14  109  )
( 290  -6  135  )
( -110  -11  -238  )
( 4  59  266  )
( -68  156  225  )
( 237  182  -0  )
( -8  225  -269  )
( -21  -200  68  )
( 103  140  -211  )
( 136  -284  282  )
( -135  19  -184  )
( -78  98  245  )
( -50  202  261  )
( -276  -144  -268  )
( -53  165  204  )
( -37  108  -213  )
( -270  -66  -225  )
( 24  -250  -210  )
( 75  50  18  )
( 238  -197  -9  )
( 187  84  -230  )
( -34  -205  -268  )
( -293  -70  -202  )
( -39  -26  -129  )
( -116  -37  -115  )
( -185  142  -5  )
( -43  -58  292  )
( 135  241  50  )
( -222  182  146  )
( -250  -93  24  )
( 188  -7  91  )
( 61  -39  -178  )
( -199  74  139  )
( -270  -55  -126  )
( 58  289  224  )
( 34  -15  224  )
( -169  117  -127  )
( -176  280  113  )
( 220  -54  158  )
( -15  -72  109  )
( 118  290  -97  )
( -4  133  178  )
( 258  -291  219  )
( -259  -51  -197  )
( -176  156  -192  )
( 200  111  -293  )
( -255  -77  34  )
( -161  -241  -190  )
( -283  -263  -294  )
( 74  68  -57  )
( -29  -226  -90  )
( -158  204  -264  )
( -28  135  190  )
( 11  88  -269  )
( 42  -271  274  )
( 159  -141  -196  )
( 67  -238  32  )
( -172  -294  167  )
( -58  123  -122  )
( 153  -85  -44  )
( -61  162  -62  )
( -191  -117  259  )
( 207  144  192  )
( -63  -233  -248  )
( -238  -65  211  )
( 214  -274  -263  )
( -229  47  -200  )
( 163  55  189  )
( -126  287  205  )
( 220  -47  216  )
( -160  -237  97  )
( -223  274  -158  )
( -40  53  69  )
( 84  -79  169  )
( 111  142  -84  )
( -66  6  227  )
( 253  -87  62  )
( -265  296  299  )
( 225  143  95  )
( 235  -146  36  )
( -189  136  -167  )
( -61  9  -161  )
( 225  -167  -23  )
( 3  272  174  )
( 52  -182  271  )
( -218  257  -162  )
( 121  -205  -128  )
( -96  156  117  )
( -51  230  73  )
( 114  104  -218  )
( -172  -170  -277  )
( 97  31  -264  )
( 150  27  123  )
( -198  73  -4  )
( -116  -207  224  )
( -224  -77  -220  )
( 74  -58  -138  )
( -112  297  -88  )
( -19  292  -72  )
( 191  60  29  )
( 276  208  -279  )
( -127  150  92  )
( -264  -167  -256  )
( 293  -19  39  )
( -135  -190  84  )
( 292  -176  -177  )
( -73  -108  -76  )
( -203  -64  72  )
( -186  160  190  )
( 197  268  215  )
( -245  -122  272  )
( 216  -294  272  )
( 230  160  295  )
( -243  -133  170  )
( -233  -77  -17  )
( -131  -129  -3  )
( 99  184  -6  )
( -69  -41  143  )
( -116  136  -115  )
( -217  -233  -127  )
( 127  -297  -215  )
( -70  99  -54  )
( 144  -42  212  )
( 93  -71  -66  )
( -110  -180  -196  )
( 193  264  241  )
( 161  -68  284  )
( 165  167  -86  )
( -101  227  297  )
( -10  -144  47  )
( 72  167  177  )
( 12  54  276  )
( -204  42  -19  )
( -23  -18  -263  )
( 279  105  -13  )
( 97  215  -114  )
( 276  -0  -242  )
( 158  178  -295  )
( 75  -139  235  )
( -181  196  -86  )
( 188  -91  -265  )
( 96  190  -11  )
( -184  -50  71  )
( 237  83  -115  )
( -138  -247  -9  )
( 236  103  -173  )
( -249  71  75  )
( -255  -30  191  )
( 231  61  -196  )
( -47  -275  -224  )
( 52  -130  139  )
( 247  230  17  )
( -130  -25  -157  )
( -277  292  -108  )
( 25  -152  198  )
( -2  -286  -188  )
( 52  -41  -210  )
( 84  -174  183  )
( -272  -204  -33  )
( -222  84  100  )
( 187  168  -291  )
( 187  271  249  )
( 239  -102  -0  )
( -159  -77  69  )
( 35  -57  -259  )
( -254  -288  59  )
( 255  -144  149  )
( 196  216  -291  )
( -72  -281  -185  )
( 239  -230  -30  )
( -67  47  -195  )
( 117  -226  19  )
( 223  132  29  )
( -93  291  -197  )
( 228  -291  -74  )
( -187  -205  -215  )
( -275  241  229  )
( -100  2  136  )
( 47  -189  -86  )
( 134  279  -174  )
( 135  -84  -92  )
( 10  130  -14  )
( 229  -278  63  )
( 15  57  -9  )
( -108  4  38  )
( 24  82  170  )
( -129  151  66  )
( -221  -59  -270  )
( 106  -175  -249  )
( 193  26  7  )
( -167  240  139  )
( 218  87  -64  )
( 284  9  259  )
( -36  94  137  )
( -154  -227  -65  )
( 103  297  131  )
( -290  111  -34  )
( -113  -219  -76  )
( 159  280  85  )
( 116  288  57  )
( 270  263  240  )
( 174  -7  -280  )
( 260  -16  256  )
( 101  -81  69  )
( 48  -106  0  )
( -51  -267  294  )
( -168  101  97  )
( 154  288  -56  )
( -164  -68  -102  )
( 191  218  230  )
( -53  -124  141  )
( 26  -35  249  )
( 97  -25  151  )
( 189  284  -57  )
( 118  -107  -111  )
( 148  -281  200  )
( 196  -92  -297  )
( 2  237  189  )
( -32  -272  117  )
( 250  -196  -191  )
( 65  193  -265  )
( -48  99  -202  )
( -90  -164  -243  )
( 189  -173  -254  )
( 133  -183  37  )
( 75  138  283  )
( -282  -2  267  )
( 297  50  229  )
( 125  -160  234  )
( 235  -232  -115  )
( 133  89  -213  )
( -54  -235  273  )
( 69  -61  -153  )
( -291  7  -194  )
( -67  270  -172  )
( 125  140  -94  )
( 220  -155  64  )
( 51  54  242  )
( 35  259  -189  )
( 15  -184  119  )
( 68  151  271  )
( 238  -116  249  )
( 125  -81  -198  )
( -174  169  -88  )
( 135  -298  294  )
( 230  -181  -260  )
( 288  -221  296  )
( 102  -17  218  )
( 118  47  -12  )
( 167  178  -150  )
( 32  -193  229  )
( 198  -113  87  )
( -20  81  78  )
( 230  89  -157  )
( -126  -191  145  )
( -37  17  -232  )
( 92  190  -177  )
( -204  -37  -78  )
( -97  -55  213  )
( -280  -14  -158  )
( 46  -267  149  )
( -203  119  -281  )
( 55  -155  -174  )
( 113  -164  -156  )
( 92  226  -11  )
( 211  292  226  )
( -223  47  -253  )
( 39  -262  -259  )
( -133  -137  175  )
( 139  241  292  )
( -134  285  -64  )
( 253  262  173  )
( -81  -196  -64  )
( -61  292  230  )
( 121  -168  117  )
( 103  -253  -269  )
( -136  -252  111  )
( -94  -178  23  )
( 205  -207  -272  )
( -169  -41  -182  )
( -141  -70  200  )
( 6  111  -222  )
( -270  -59  -203  )
( -116  -298  5  )
( 195  259  77  )
( -280  -27  -249  )
( -13  223  136  )
( 15  -296  208  )
( 228  75  279  )
( 54  125  77  )
( -111  271  286  )
( 145  -242  -131  )
( -141  -270  290  )
( -176  -90  260  )
( 107  188  -54  )
( 23  -3  2  )
( -52  63  60  )
( -266  -91  -212  )
( -273  163  257  )
( -221  215  197  )
( -254  -255  1  )
( -282  129  -162  )
( -32  8  91  )
( -51  -189  133  )
( -225  152  207  )
( -170  134  -292  )
( -275  -19  -288  )
( 238  68  -169  )
( -179  -63  139  )
( -115  -169  -223  )
( 225  -10  -31  )
( 175  212  63  )
( -70  283  -51  )
( -143  -127  7  )
( -5  232  -139  )
( -76  209  177  )
( -291  -295  -108  )
( 260  25  -35  )
( 65  113  240  )
( 15  262  -219  )
( 221  67  -137  )
( 93  39  182  )
( 190  159  -138  )
( -245  -299  -44  )
( -290  110  68  )
( 24  -99  -163  )
( 105  -97  -190  )
( 161  66  127  )
( 209  -155  -151  )
( -54  225  -80  )
( -251  10  170  )
( -212  -238  270  )
( -5  109  39  )
( -69  71  -40  )
( -122  -217  -297  )
( 156  -133  40  )
( -242  34  -123  )
( 202  -69  68  )
( 94  18  16  )
( -234  -62  103  )
( -283  -7  25  )
( 154  40  273  )
( 108  -165  297  )
( -296  265  168  )
( -267  -25  -290  )
( -262  -14  154  )
( -152  62  -73  )
( 125  -272  -114  )
( -62  -68  104  )
( 17  -266  132  )
( 248  83  -113  )
( 44  216  203  )
( 163  194  -199  )
( 66  164  110  )
( 270  99  5  )
( -266  68  -181  )
( -110  164  50  )
( -281  121  -273  )
( 271  -120  -213  )
( 126  -215  72  )
( 295  141  -38  )
( -76  287  -115  )
( -194  -241  -130  )
( -28  152  -232  )
( 169  -88  -233  )
( -166  18  274  )
( 229  -77  -280  )
( 32  -46  -159  )
( -241  228  -41  )
( 197  93  -25  )
( 197  196  165  )
( 126  -117  107  )
( -63  72  -152  )
( -39  -8  162  )
( 77  287  70  )
( -256  273  -113  )
( -101  234  172  )
( 214  -183  61  )
( 63  -169  -260  )
( -29  -157  -185  )
( -131  -9  263  )
( 41  108  -191  )
( -183  205  -107  )
( 111  10  221  )
( 44  -183  -262  )
( -161  -105  44  )
( 169  25  82  )
( -249  -248  41  )
( -209  -221  -192  )
( -67  -21  -143  )
( -83  186  -32  )
( 203  151  -240  )
( 249  47  50  )
( 165  -77  -199  )
( 64  -75  -181  )
( -197  16  12  )
( -28  -220  -149  )
( 228  -172  49  )
( 158  257  -220  )
( 42  -18  -181  )
( -242  130  89  )
( 294  -286  223  )
( -266  198  -238  )
( -294  -269  192  )
( -48  -193  98  )
( 160  187  193  )
( -107  95  129  )
( 80  257  82  )
( 278  -203  -73  )
( 46  -159  278  )
( -180  0  138  )
( 184  -107  181  )
( 201  -51  246  )
( -251  70  -60  )
( 191  96  -269  )
( 161  265  -66  )
( -296  183  236  )
( 46  -90  -216  )
( 139  -8  124  )
( 248  -250  165  )
( -284  -269  146  )
( 41  -167  -138  )
( 41  168  -208  )
( 203  -9  -276  )
( -183  -28  91  )
( 53  184  174  )
( 201  -50  -128  )
( 31  231  -122  )
( 21  176  75  )
( -211  151  -29  )
( -52  16  -258  )
( -36  -299  38  )
( 125  -62  -82  )
( 127  -45  53  )
( -143  -157  -10  )
( 238  -116  298  )
( -133  67  263  )
( 123  -235  -250  )
( 71  -257  35  )
( -23  -43  297  )
( -124  -28  116  )
( -243  250  212  )
( 119  110  -218  )
( -76  -230  -181  )
( -221  172  201  )
( 69  208  162  )
( -263  -241  -246  )
( -148  -185  -129  )
( 259  239  145  )
( 147  -160  -172  )
( 7  -283  -110  )
( 154  146  -162  )
( -107  -236  205  )
( -281  -95  139  )
( -230  -90  265  )
( -242  -158  19  )
( -221  -90  -107  )
( -278  17  -74  )
( -36  287  -227  )
( -176  88  -207  )
( -141  92  224  )
( -106  12  78  )
( -20  57  274  )
( -123  -102  122  )
( -10  -229  107  )
( -254  40  250  )
( 79  68  -187  )
( -86  -83  220  )
( 71  248  -131  )
( 132  227  12  )
( -224  188  -150  )
( -37  -271  -239  )
( -241  -10  -298  )
( -133  -60  -24  )
( 38  -122  139  )
( -215  -52  -42  )
( 293  41  115  )
( 291  -259  124  )
( -190  147  -125  )
( 64  -125  -27  )
( -105  185  70  )
( -267  -292  -92  )
( 267  -69  196  )
( 246  298  -210  )
( 288  166  -273  )
( 29  10  -289  )
( -27  24  -147  )
( -193  -155  287  )
( -207  32  -76  )
( 56  231  142  )
( 45  -97  -265  )
( 151  54  -66  )
( 289  -75  -235  )
( -276  -52  -224  )
( 221  67  -14  )
( -106  -226  283  )
( 156  70  163  )
( 53  255  -7  )
( -126  142  -170  )
( 183  33  -279  )
( -26  147  -216  )
( -177  65  111  )
( 175  -73  78  )
( -56  247  195  )
( -114  255  209  )
( -138  199  180  )
( -63  -88  -149  )
( -180  -271  -130  )
( -24  141  157  )
( 130  194  -181  )
( 168  29  32  )
( -139  62  -252  )
( 33  -4  -135  )
( 46  261  -285  )
( 158  -138  -19  )
( 90  -207  -25  )
( -227  -80  -163  )
( -234  -190  115  )
( 203  -250  -125  )
( -135  -220  -263  )
( -103  -299  89  )
( -77  175  234  )
( -33  -181  108  )
( -53  -163  -72  )
( -235  -29  -293  )
( 164  -85  -128  )
( -196  -259  149  )
( 236  -255  88  )
( 246  -133  105  )
( -106  -54  -252  )
( -240  246  -7  )
( 181  157  195  )
( 63  -240  -11  )
( -118  -19  81  )
( -119  240  -24  )
( -9  -142  274  )
( 53  -87  -40  )
( -41  293  174  )
( -174  -172  133  )
( -165  296  189  )
( -298  -183  55  )
( -86  -39  -47  )
( 191  238  199  )
( 292  -245  -203  )
( -290  9  277  )
( 42  295  -31  )
( -221  -185  -261  )
( -65  -211  -268  )
( 198  58  -298  )
( -206  24  54  )
( 222  3  -202  )
( -287  -250  -189  )
( -88  -237  148  )
( -182  41  92  )
