( -240  -277  -99  )
( 182  52  113  )
( 55  -94  -162  )
( 291  109  106  )
( -294  57  -254  )
( -80  -119  -73  )
( 22  282  -56  )
( -181  -255  108  )
( -284  261  -212  )
( -295  250  -209  )
( -251  220  -261  )
( -74  172  187  )
( -52  -125  -91  )
( 3  195  -201  )
( 283  -242  152  )
( 35  -225  76  )
( -163  182  71  )
( -29  -14  137  )
( -62  -255  213  )
( 21  -131  -89  )
( 112  87  -244  )
( -53  -153  35  )
( 272  220  280  )
( 2  223  -35  )
( -1  -28  -253  )
( 219  57  194  )
( -145  -135  -31  )
( -120  284  294  )
( 241  -14  52  )
( -214  84  101  )
( -174  135  -143  )
( 120  66  -266  )
( -51  274  -242  )
( 113  -15  -193  )
( -147  -76  -172  )
( 136  -70  100  )
( -261  -5  -132  )
( 140  -100  53  )
( 31  -27  -247  )
( -83  -118  -260  )
( 57  -204  130  )
( 271  -22  -33  )
( -100  113  -75  )
( 32  239  -288  )
( 65  165  109  )
( 49  -236  188  )
( -219  111  68  )
( 108  155  177  )
( 43  159  -136  )
( -244  211  -256  )
( 137  -270  287  )
( -54  100  -0  )
( -183  -135  -54  )
( 250  0  92  )
( -95  -179  56  )
( -232  137  35  )
( -221  -244  -203  )
( -177  230  -55  )
( 270  182  184  )
( 195  -153  -251  )
( -245  31  -287  )
( 131  287  -292  )
( 153  254  227  )
( -173  145  -127  )
( 17  -255  158  )
( 112  180  -3  )
( -290  149  -293  )
( -216  -288  -11  )
( 13  173  -30  )
( 35  232  289  )
( 219  227  -90  )
( 178  -216  220  )
( -65  213  -279  )
( -161  -125  136  )
( 71  219  20  )
( -257  197  -297  )
( 65  -113  -259  )
( 166  206  -296  )
( 275  -153  116  )
( 164  38  -57  )
( -156  100  43  )
( 139  247  265  )
( -69  -252  170  )
( -172  136  -105  )
( 178  296  -53  )
( -255  -270  -57  )
( -69  -206  96  )
( -100  -105  264  )
( 154  -263  200  )
( 28  199  -230  )
( 247  209  -85  )
( -90  48  203  )
( 56  96  115  )
( -86  258  161  )
( 158  -186  -76  )
( -277  -136  87  )
( 32  -210  -29  )
( -188  251  127  )
( 152  13  284  )
( -269  24  66  )
( 150  -274  -179  )
( -110  -215  226  )
( 132  267  -22  )
( -172  -233  -229  )
( -81  -160  -33  )
( 80  -28  -226  )
( 159  -236  293  )
( -49  -26  86  )
( 66  40  -103  )
( -9  -253  57  )
( 289  -113  291  )
( -36  -90  42  )
( -2  187  276  )
( -89  87  80  )
( 117  296  -209  )
( -274  -36  -294  )
( 25  -155  141  )
( -253  146  237  )
( 156  257  -117  )
( -186  33  297  )
( -121  -7  -218  )
( 288  -29  207  )
( -220  114  289  )
( 283  -288  -210  )
( -222  246  82  )
( 151  -281  -202  )
( 52  -296  298  )
( 71  240  228  )
( 92  263  269  )
( 231  47  105  )
( 154  40  248  )
( -279  298  -256  )
( -78  59  179  )
( 259  -90  147  )
( 33  -266  286  )
( -114  209  -19  )
( 116  274  59  )
( 25  69  137  )
( 264  211  -181  )
( 232  -5  124  )
( 260  -59  139  )
( 102  -39  -74  )
( 72  149  -279  )
( 28  104  -179  )
( -123  -277  33  )
( 221  -254  229  )
( -266  -178  36  )
( -285  230  225  )
( -195  -221  -202  )
( -200  -161  88  )
( -172  -107  -111  )
( -288  -167  204  )
( 22  -36  -20  )
( -147  166  95  )
( 253  119  -294  )
( 274  174  248  )
( -130  158  -16  )
( -66  -186  263  )
( 292  -269  204  )
( 134  39  190  )
( -76  287  -160  )
( -61  -186  -263  )
( 154  -1  -149  )
( -62  270  -190  )
( 140  246  -48  )
( 293  -54  175  )
( 94  237  136  )
( 38  -28  114  )
( -250  263  273  )
( 226  118  -202  )
( 127  164  -227  )
( -280  -258  42  )
( -49  297  257  )
( -132  185  272  )
( -175  -272  -288  )
( -26  -296  130  )
( -43  -232  -79  )
( -288  221  -78  )
( 106  -209  -189  )
( -136  60  71  )
( -233  -167  198  )
( 246  -66  -6  )
( 87  6  -292  )
( 175  -233  168  )
( 22  -269  -9  )
( 100  -243  107  )
( 78  144  -114  )
( 41  14  204  )
( 59  182  -77  )
( 134  -57  -205  )
( 2  31  89  )
( -275  261  108  )
( 217  228  -151  )
( 75  74  294  )
( 8  54  -144  )
( 296  28  185  )
( 281  -71  165  )
( -230  168  -196  )
( 107  -270  299  )
( -84  11  131  )
( 157  294  186  )
( 235  -266  279  )
( 29  41  -219  )
( -133  103  147  )
( -37  17  68  )
( 245  -135  -174  )
( -278  -88  -126  )
( -31  -213  144  )
( 112  -81  98  )
( -74  -292  -195  )
( 99  -262  -113  )
( 267  -10  97  )
( 248  259  -146  )
( -7  211  286  )
( 215  199  201  )
( 291  -180  -93  )
( -129  177  -232  )
( -181  -277  -189  )
( -220  -240  231  )
( -292  63  256  )
( 37  -29  -246  )
( -134  90  -89  )
( -295  106  205  )
( 141  -299  -152  )
( 109  -210  119  )
( -276  -123  1  )
( -241  208  -249  )
( 169  69  269  )
( 297  228  -0  )
( 29  -220  -88  )
( 195  281  -196  )
( 277  77  163  )
( 232  281  -141  )
( 254  -289  17  )
( 78  285  -45  )
( -8  232  -82  )
( -204  216  -14  )
( -180  105  38  )
( -235  -211  140  )
( -123  -278  169  )
( -147  -113  -163  )
( -111  -238  204  )
( 242  -280  84  )
( -147  -274  32  )
( -107  0  280  )
( 52  -48  -175  )
( -241  74  -284  )
( -164  79  -13  )
( -138  -283  -58  )
( 154  -287  135  )
( 160  296  217  )
( -43  -141  -212  )
( -10  151  78  )
( 257  250  -102  )
( 24  143  12  )
( 130  -19  235  )
( -26  274  -115  )
( -135  148  153  )
( -284  12  -183  )
( -242  189  247  )
( 98  -278  -152  )
( 37  -146  242  )
( -96  99  -69  )
( -201  112  173  )
( -226  -187  -110  )
( -127  97  -268  )
( -187  206  274  )
( 239  26  -39  )
( 263  240  -125  )
( 50  -131  -134  )
( -272  159  -15  )
( 27  -15  215  )
( 55  50  189  )
( -113  -12  58  )
( 52  298  63  )
( -272  165  237  )
( 206  72  -88  )
( 114  -148  180  )
( 40  97  172  )
( 189  -90  -229  )
( -63  -231  129  )
( 173  -266  -211  )
( -10  -139  49  )
( 174  -286  182  )
( 250  253  185  )
( -258  199  90  )
( 7  -269  45  )
( -40  -193  -110  )
( -217  81  228  )
( -264  168  -106  )
( 244  -234  -112  )
( -95  257  -201  )
( -98  -107  267  )
( -161  -296  194  )
( -183  -12  291  )
( -69  -180  -22  )
( -131  -230  98  )
( 268  78  175  )
( 285  287  -239  )
( 133  18  -220  )
( 121  35  -75  )
( -184  258  192  )
( 18  26  -58  )
( -52  -69  -127  )
( -273  226  -242  )
( -280  -82  259  )
( 87  -159  -88  )
( -166  55  -259  )
( 274  -154  -294  )
( -76  -239  64  )
( 177  82  -198  )
( -147  166  206  )
( -3  -235  296  )
( -221  -103  139  )
( 171  130  -150  )
( -76  248  37  )
( 265  -267  178  )
( -39  128  96  )
( -109  161  113  )
( -106  128  167  )
( -4  -120  136  )
( 265  -101  -194  )
( -273  -249  34  )
( 107  -225  -205  )
( 228  81  119  )
( -148  105  9  )
( 233  -214  -130  )
( -33  -87  47  )
( 71  -252  -83  )
( -44  -268  38  )
( 130  -213  263  )
( 44  166  -111  )
( -7  -145  -163  )
( 77  -94  153  )
( -5  -247  -232  )
( 44  -268  71  )
( -138  -77  58  )
( 116  -256  245  )
( -161  -197  -251  )
( 292  -20  196  )
( -217  -37  -20  )
( 37  78  -152  )
( 29  236  -229  )
( 144  -112  196  )
( -234  -50  67  )
( 142  186  -298  )
( -67  294  -90  )
( 165  136  -58  )
( -56  -112  -21  )
( 202  171  -266  )
( -266  138  275  )
( 18  47  114  )
( -251  12  57  )
( 192  -37  292  )
( -221  -264  16  )
( 181  171  -118  )
( 262  175  7  )
( -87  -36  89  )
( -130  138  -94  )
( 124  84  132  )
( -167  191  -218  )
( -270  -61  -267  )
( 101  154  -180  )
( 35  267  161  )
( -96  -52  -83  )
( 226  186  -123  )
( -292  -102  164  )
( 176  171  -28  )
( 297  -252  -16  )
( 226  -124  214  )
( -271  9  -78  )
( 117  -221  4  )
( -8  -280  -65  )
( 89  -91  -23  )
( 93  203  106  )
( 10  291  -87  )
( -20  -277  -144  )
( 231  17  155  )
( -204  5  246  )
( -66  172  162  )
( -77  -132  54  )
( 79  159  -278  )
( 40  102  -178  )
( 256  275  -41  )
( -70  -106  -245  )
( -15  96  20  )
( 172  67  288  )
( 18  223  47  )
( 72  -249  109  )
( -152  -153  -4  )
( -92  -23  163  )
( 199  243  74  )
( 202  23  -170  )
( -41  203  -55  )
( -199  -36  -261  )
( -117  -211  -169  )
( 183  119  101  )
( -203  -231  -11  )
( -77  32  206  )
( 238  -170  -178  )
( 17  166  16  )
( -220  -205  71  )
( 209  160  193  )
( -13  187  -275  )
( -64  -51  -281  )
( -185  191  208  )
( 93  -69  122  )
( -149  238  -50  )
( -158  -34  -114  )
( 1  42  -126  )
( 20  -143  -236  )
( 129  115  -54  )
( -149  139  213  )
( 40  72  -294  )
( -68  113  166  )
( 15  -277  -76  )
( 297  -79  198  )
( 83  131  -136  )
( 105  236  179  )
( 70  190  52  )
( -212  -100  -142  )
( 275  90  85  )
( 296  -39  174  )
( 192  211  -230  )
( -121  187  -84  )
( 69  -148  -298  )
( 111  -261  -264  )
( -80  -186  -117  )
( -210  -31  218  )
( 123  224  -142  )
( -247  267  -32  )
( 298  -189  -3  )
( 222  281  244  )
( -136  -256  221  )
( 280  -126  -121  )
( 118  -52  166  )
( -64  -237  -294  )
( 213  -214  158  )
( -29  -20  -282  )
( -162  -58  280  )
( -3  195  -36  )
( 41  98  -48  )
( 156  -204  -198  )
( -0  -214  110  )
( -119  26  250  )
( 167  -275  -43  )
( -89  288  -188  )
( 22  -33  69  )
( -0  -195  -154  )
( -63  -200  -259  )
( 220  166  5  )
( 150  164  279  )
( 1  201  -133  )
( -110  182  213  )
( -283  -289  -291  )
( 106  -206  170  )
( 239  -6  -244  )
( 253  -30  215  )
( 89  166  -237  )
( -291  -259  -72  )
( 295  -287  101  )
( 144  -72  246  )
( -213  -102  83  )
( -262  -267  10  )
( 97  111  21  )
( 249  -293  -211  )
( 219  121  252  )
( -201  94  -252  )
( -8  125  214  )
( 209  -249  124  )
( 137  -127  -257  )
( 123  -121  -256  )
( -52  255  -256  )
( 23  -243  172  )
( 62  201  155  )
( 96  -85  -33  )
( -35  39  -216  )
( -277  105  -281  )
( -160  50  -148  )
( 185  -257  -147  )
( 40  105  139  )
( -274  125  262  )
( 215  128  221  )
( 262  -190  55  )
( 81  83  12  )
( -151  -131  123  )
( 214  -212  -152  )
( -260  -224  -41  )
( -69  -285  35  )
( 35  -159  269  )
( 87  218  -258  )
( 262  -131  225  )
( 210  -204  96  )
( 43  -109  274  )
( -68  249  -160  )
( 107  22  -187  )
( 228  -80  -206  )
( 264  206  -203  )
( -129  239  -67  )
( 45  -132  113  )
( -4  184  90  )
( 155  216  1  )
( 175  75  33  )
( 111  -116  259  )
( 19  270  32  )
( 110  144  20  )
( 88  267  226  )
( -155  107  -131  )
( 225  243  -51  )
( 12  -167  287  )
( -194  138  185  )
( 217  -208  -68  )
( -152  -16  284  )
( -290  270  -284  )
( -88  200  -43  )
( -37  -141  -27  )
( -82  -260  -50  )
( -28  -73  131  )
( -237  123  -1  )
( -152  180  -284  )
( -175  -245  -34  )
( 161  -181  -103  )
( -232  -223  -189  )
( 224  -6  286  )
( -135  113  250  )
( 208  151  117  )
( -192  -186  33  )
( -23  153  55  )
( -295  273  80  )
( -211  218  181  )
( -110  58  17  )
( -223  -0  104  )
( 258  221  264  )
( 184  298  223  )
( 9  139  -103  )
( 194  -136  -12  )
( -194  -78  -261  )
( 178  225  -96  )
( 90  127  141  )
( -269  215  -226  )
( -179  -170  72  )
( 23  -6  -40  )
( -295  24  -29  )
( 203  57  -142  )
( 291  98  -169  )
( -151  -104  -88  )
( 297  -46  -293  )
( 198  226  79  )
( -49  -263  45  )
( 69  -43  76  )
( -170  -49  20  )
( 230  -138  -117  )
( 27  253  -183  )
( -218  115  244  )
( 18  -167  15  )
( -126  255  -270  )
( -167  -95  12  )
( 76  225  -219  )
( 18  131  -233  )
( -6  -67  -182  )
( 252  -210  253  )
( -235  263  39  )
( -183  -93  -203  )
( 282  -80  -75  )
( 195  -226  29  )
( 6  -233  -238  )
( -273  175  73  )
( 198  -69  35  )
( 2  180  108  )
( -55  -285  157  )
( -155  -70  -260  )
( -115  111  162  )
( -40  -180  86  )
( -156  225  -128  )
( 110  185  194  )
( 33  -267  68  )
( 24  203  -49  )
( 285  239  1  )
( -295  81  142  )
( -245  112  -173  )
( -193  181  -76  )
( -91  -53  6  )
( 178  123  259  )
( 252  -270  -77  )
( -22  92  231  )
( 290  142  59  )
( -28  -109  -178  )
( -77  155  163  )
( 98  -84  121  )
( -272  -184  264  )
( 172  197  -293  )
( 276  -52  206  )
( -265  190  41  )
( 25  26  99  )
( 199  219  74  )
( 60  103  51  )
( -147  154  -152  )
( -34  96  170  )
( 43  -71  -183  )
( -283  154  212  )
( 224  -229  -280  )
( -72  -161  175  )
( -15  197  -165  )
( 53  240  -273  )
( -271  78  -233  )
( 19  -1  292  )
( -270  68  79  )
( -100  96  -284  )
( 131  -24  83  )
( -133  191  -140  )
( -20  -137  -113  )
( 191  -141  57  )
( 51  59  -197  )
( -50  163  44  )
( 94  54  -154  )
( 282  147  -208  )
( 279  286  -134  )
( 157  161  204  )
( -175  147  288  )
( 251  211  107  )
( 293  -147  -148  )
( 123  -215  -134  )
( -250  98  -123  )
( -154  -2  -253  )
( 254  178  -249  )
( 58  51  116  )
( 8  -254  18  )
( -160  37  55  )
( 188  70  257  )
( 62  217  210  )
( -254  95  141  )
( 221  -97  121  )
( -82  40  169  )
( 89  140  191  )
( -160  -37  28  )
( -213  -121  -209  )
( 192  -43  -208  )
( -37  -162  100  )
( -105  -249  -250  )
( -284  258  -254  )
( -22  100  -230  )
( -116  40  -172  )
( -239  109  176  )
( -231  -274  220  )
( 58  141  -50  )
( -209  -196  126  )
( -92  -219  43  )
( 270  -178  -193  )
( -235  279  -89  )
( 259  -126  19  )
( -127  260  233  )
( -113  119  -179  )
( 46  16  -84  )
( -103  -211  35  )
( -74  229  95  )
( -163  272  -246  )
( -64  -272  298  )
( -234  69  293  )
( 108  -227  140  )
( 235  182  110  )
( -288  -29  194  )
( -225  34  -57  )
( -175  102  83  )
( -209  151  -141  )
( -199  -136  79  )
( -2  82  -150  )
( -257  -274  -167  )
( 272  41  -112  )
( -12  41  -32  )
( 133  -256  77  )
( 201  11  109  )
( 193  216  230  )
( -141  -85  -37  )
( 156  -201  -73  )
( -187  -160  -164  )
( 185  18  295  )
( 78  -12  169  )
( -94  -101  -140  )
( -113  227  -260  )
( 288  -35  -193  )
( 180  133  -150  )
( 194  -198  269  )
( 88  136  -185  )
( -36  173  -69  )
( 0  -233  -205  )
( -261  -66  3  )
( -249  116  -288  )
( -282  -53  247  )
( 131  -109  -67  )
( -194  -199  -280  )
( -288  30  -112  )
( -270  -102  -122  )
( -194  60  114  )
( -93  183  200  )
( -140  -218  268  )
( -100  -86  -217  )
( 67  -115  136  )
( -170  -232  35  )
( 32  139  277  )
( 250  110  -246  )
( -152  -164  -107  )
( 135  -278  -125  )
( -138  66  27  )
( 33  78  -65  )
( -279  153  -67  )
( -26  94  -266  )
( 293  103  27  )
( -84  -21  223  )
( 243  -222  216  )
( 120  -88  33  )
( -26  -146  253  )
( -22  265  270  )
( 262  -23  266  )
( -250  133  -88  )
( -61  59  20  )
( 158  -280  130  )
( 182  296  -242  )
( 226  -291  61  )
( -49  -195  -275  )
( -60  182  -260  )
( 234  -275  -273  )
( 166  48  187  )
( 204  -63  195  )
( -225  -24  -48  )
( 176  -32  -6  )
( 32  115  83  )
( -74  267  13  )
( -244  -299  242  )
( 220  -162  202  )
( 238  41  261  )
( 144  191  145  )
( 36  -272  124  )
( 236  250  291  )
( -31  35  -282  )
( 30  -112  61  )
( 144  223  -225  )
( -293  179  83  )
( -184  239  -233  )
( 54  -34  -114  )
( -18  -253  213  )
( 21  -80  -251  )
( 170  259  -293  )
( 239  98  291  )
( 76  268  -115  )
( -180  126  -162  )
( 186  -63  -168  )
( 272  -146  223  )
( -281  12  226  )
( 234  59  -148  )
( -1  -79  23  )
( -54  -217  -292  )
( 101  -199  4  )
( 81  64  102  )
( -49  110  112  )
( -30  251  7  )
( 42  -288  -91  )
( -239  -134  215  )
( 203  -286  -160  )
( -159  56  -48  )
( -230  86  255  )
( 170  -17  293  )
( 25  -206  -272  )
( 276  -218  157  )
( 175  266  -8  )
( 121  114  144  )
( -131  -210  -145  )
( 115  -238  -104  )
( -125  134  -60  )
( -203  -175  259  )
( 4  -225  -65  )
( 208  84  158  )
( -190  211  239  )
( 121  -165  -78  )
( 214  -123  -189  )
( -206  -274  137  )
( 173  143  84  )
( -51  138  45  )
( -152  214  -62  )
( -253  220  129  )
( -283  260  -273  )
( 231  -288  168  )
( -88  -148  195  )
( -48  -245  -37  )
( -27  -10  294  )
( 10  -187  58  )
( -226  36  -104  )
( -290  262  294  )
( 101  46  -228  )
( 85  -124  140  )
( -190  192  -245  )
( -78  187  284  )
( -113  244  245  )
( 79  -89  258  )
( -151  -269  -131  )
( -247  -286  117  )
( -299  -270  -4  )
( -234  293  134  )
( -19  203  -42  )
( 75  -227  -24  )
( -52  65  242  )
( -173  -125  -64  )
( 21  188  12  )
( 78  190  138  )
( 248  -137  -21  )
( -181  174  -154  )
( -20  -76  -68  )
( -76  -44  214  )
( 58  212  245  )
( -64  58  -200  )
( 20  15  34  )
( 284  51  -116  )
( -145  173  -208  )
( -18  -119  148  )
( -80  -286  7  )
( -91  112  -13  )
( 288  -293  -55  )
( 212  112  -79  )
( -126  -131  -270  )
( -123  -197  -273  )
( 192  159  5  )
( 58  105  161  )
( 126  53  -173  )
( 43  154  -182  )
( 139  229  125  )
( -91  248  -251  )
( -204  286  -10  )
( -202  -169  8  )
( 245  216  -127  )
( 134  146  220  )
( 101  148  -30  )
( -17  61  -96  )
( 270  -107  55  )
( 179  81  -13  )
( -85  118  74  )
( 221  211  22  )
( 197  255  -133  )
( -10  9  -41  )
( -180  75  3  )
( -18  191  -178  )
( 209  -296  154  )
( 102  96  -256  )
( 223  -175  -83  )
( -129  -280  -126  )
( -79  8  -194  )
( -78  206  -41  )
( -60  -36  -161  )
( 22  -152  265  )
( 194  180  -38  )
( 234  260  -237  )
( 222  102  -292  )
( 207  250  218  )
( 248  -148  -257  )
( -122  130  176  )
( 221  -276  176  )
( 69  112  12  )
( -38  115  -118  )
( -182  34  -57  )
( 150  -89  -30  )
( -63  119  -238  )
( 135  65  249  )
( 224  201  -119  )
( 126  -280  138  )
( -253  -205  -139  )
( 45  12  -13  )
( 177  232  155  )
( -37  -277  -50  )
( 93  -231  226  )
( 295  -193  76  )
( -240  -274  -206  )
( 31  204  150  )
( 269  53  -265  )
( -289  105  -128  )
( -154  16  84  )
( -0  -180  99  )
( 13  12  -204  )
( -113  -16  34  )
( 213  82  26  )
( -257  106  76  )
( 9  148  208  )
( -61  202  -14  )
( -59  -147  151  )
( -127  -126  209  )
( -181  -58  -65  )
( 73  -257  273  )
( -275  -256  217  )
( 189  29  73  )
( 219  136  129  )
( -178  -44  14  )
( 93  75  97  )
( -86  -198  -295  )
( -127  141  172  )
( -254  -145  -277  )
( 248  -8  -233  )
( 142  -201  -4  )
( -13  -271  -280  )
( 97  -221  -193  )
( -249  -181  -210  )
( -264  262  -221  )
( 187  65  -4  )
( -164  239  177  )
( 5  -271  -295  )
( 214  -201  -268  )
( -84  211  -52  )
( 19  146  160  )
( 162  221  -39  )
( -195  78  -16  )
( -153  -247  -282  )
( -70  94  46  )
( -259  -176  200  )
( 67  3  106  )
( 33  -292  -41  )
( -1  262  10  )
( 260  -93  117  )
( 297  -220  173  )
( 109  178  -267  )
( 189  -84  22  )
( -1  -194  -145  )
( 208  110  48  )
( 133  -37  -293  )
( 155  190  -74  )
( -84  -2  -110  )
( -38  264  -28  )
( -94  206  236  )
( 74  211  223  )
( 9  115  21  )
( 254  49  -260  )
( -8  -31  195  )
( 275  -252  -73  )
( 209  -216  -82  )
( -285  132  115  )
( 127  75  -157  )
( -186  172  -78  )
( 213  -74  -36  )
( -183  -191  -252  )
( -16  -195  45  )
( 237  -111  79  )
( -290  296  39  )
( -88  -159  6  )
( 63  -281  245  )
( -88  -189  44  )
( 94  -89  134  )
( 15  290  256  )
( 292  -39  252  )
( -145  -263  142  )
( 233  48  -40  )
( 157  -219  78  )
( 252  234  -105  )
( 181  23  -160  )
( -37  31  -267  )
( -21  -28  -188  )
( 287  -92  69  )
( 51  91  288  )
( -210  29  101  )
( -255  -14  207  )
( 75  -161  279  )
( 25  -92  13  )
( 53  -5  -67  )
( 157  78  -231  )
( 145  132  -283  )
( 183  -109  -152  )
( 12  41  133  )
( 31  39  277  )
( -92  -155  166  )
( 119  -61  -141  )
( 52  103  -20  )
( -270  -63  -256  )
( -254  264  38  )
( -132  -131  -48  )
( 268  -173  211  )
( -72  186  64  )
( 291  44  183  )
( 97  235  -81  )
( -258  -1  -15  )
( -57  260  137  )
( 60  -105  186  )
( 153  161  112  )
( -177  -248  249  )
( 211  15  -294  )
( 80  40  -182  )
( 200  -211  -236  )
( 99  -79  -132  )
( -227  299  -297  )
( 269  41  63  )
( 223  -35  295  )
( 1  159  -143  )
( 264  -289  -231  )
( 203  2  -110  )
( -185  -52  173  )
( 44  233  181  )
( -86  287  -96  )
( -110  245  14  )
( -194  206  -292  )
( -113  170  258  )
( -113  -59  201  )
( -263  31  -27  )
( 114  -278  230  )
( -275  50  -159  )
( -22  -67  -17  )
( 252  162  -223  )
( 68  221  201  )
( -282  191  -83  )
( 22  -186  121  )
( -150  -248  161  )
( 72  -45  40  )
( 20  -7  186  )
( 69  -145  220  )
( -131  -209  -35  )
( -248  128  11  )
( -134  236  -56  )
( 174  205  61  )
( -121  -246  -113  )
( -259  -74  -200  )
( 11  -152  -286  )
( -258  -80  237  )
( 199  -200  -139  )
( -173  126  -185  )
( 94  -137  -223  )
( 298  -101  -54  )
( 227  285  -171  )
( -251  -79  215  )
( 30  -198  -120  )
( -80  -250  -280  )
( 214  -16  -118  )
( -180  179  -222  )
( -290  221  39  )
( -263  175  105  )
( -130  10  1  )
( -92  -104  252  )
( 102  100  -132  )
( -104  -111  -94  )
( -203  -105  169  )
( 128  -43  4  )
( -127  158  199  )
( 77  -292  83  )
( 96  -108  101  )
( -117  228  214  )
( -169  -5  28  )
( -233  -17  62  )
( 58  -175  245  )
( 88  54  239  )
( -237  -99  -94  )
( 34  2  -226  )
( 126  65  -266  )
( -21  -274  178  )
( -259  269  -41  )
( 144  16  -218  )
( 210  -250  -186  )
( 193  267  -288  )
( 43  259  -167  )
( -180  248  95  )
( -245  229  -156  )
( -240  137  -12  )
( -38  249  135  )
( -110  -238  -125  )
( -214  -58  -138  )
( -296  21  76  )
( 114  -116  -247  )
( -114  115  -251  )
( -158  55  143  )
( -35  -200  -24  )
( -71  14  5  )
( 28  -248  274  )
( -145  241  -3  )
( 183  91  -58  )
( -185  51  -129  )
( 141  224  -294  )
( 3  -230  93  )
( -46  -229  215  )
( 32  65  -241  )
( 126  -136  -134  )
( -109  295  -111  )
( -240  -267  127  )
( 171  -115  85  )
( 212  -167  141  )
( 204  1  -271  )
( 16  -268  -122  )
( 53  64  -61  )
( -148  -295  150  )
( -243  44  -50  )
( 133  -295  152  )
( 261  171  -103  )
( 12  -267  -269  )
( -183  -7  -0  )
( -4  236  -113  )
( -16  75  -99  )
( 279  -159  88  )
( -244  81  -229  )
( -4  299  229  )
( 141  -289  -286  )
( -241  202  -33  )
( 197  221  -241  )
( 45  90  -164  )
( -195  277  155  )
( 233  -214  52  )
( -198  -265  194  )
( 192  59  263  )
( -70  99  264  )
( 78  -200  73  )
( 195  -78  -60  )
( -104  -12  -218  )
( 100  212  66  )
( -173  14  133  )
( 242  289  -102  )
( 246  139  -81  )
( -288  -61  209  )
( -42  -243  -284  )
( -197  -232  -204  )
( -95  -120  -287  )
( 258  -167  203  )
( 42  -178  60  )
( 127  -161  -65  )
( -234  142  -191  )
( -282  -215  167  )
( -126  45  180  )
( 233  201  36  )
( 115  -101  93  )
( -33  -132  129  )
( -43  151  -299  )
( -161  -6  276  )
( 281  -293  -244  )
( 58  21  -184  )
( 112  93  -262  )
( 88  173  -289  )
( 265  -278  -30  )
( -46  203  -239  )
( 73  -127  279  )
( -254  -153  278  )
( 182  49  214  )
( 185  -296  176  )
( -141  -237  -213  )
( -151  166  -25  )
( 91  -53  -162  )
( -186  141  206  )
( -27  -7  237  )
( 239  228  -162  )
( 77  78  274  )
( -203  -28  -20  )
( -87  102  295  )
( -82  -219  -17  )
( -265  71  -194  )
( 82  -195  -262  )
( -251  96  28  )
( -271  57  -184  )
( 81  -167  -93  )
( 104  129  -297  )
( -252  -73  132  )
( 216  229  -209  )
( 109  77  168  )
( -65  -294  187  )
( -180  -217  -186  )
( 244  65  232  )
( -103  61  111  )
( 105  -12  277  )
( 155  94  -128  )
( -66  -140  157  )
( 183  276  -39  )
( 36  -87  -260  )
( -230  -112  233  )
( -67  237  91  )
( -104  -202  179  )
( 28  125  -5  )
( -271  -12  15  )
( -136  37  264  )
( 191  23  58  )
( -161  -22  -147  )
( -20  198  78  )
( -133  -227  254  )
( 257  265  173  )
( -253  235  -91  )
( 226  -138  158  )
( 47  -219  230  )
( 236  133  154  )
( 92  299  -230  )
( -171  -164  223  )
( 234  223  1  )
( 14  59  -156  )
( -19  134  296  )
( -10  -134  -242  )
( 254  278  -71  )
( 150  -153  235  )
( 65  57  -295  )
( 83  126  -231  )
( 224  41  144  )
( 277  253  278  )
( 279  -11  -35  )
( -97  -185  150  )
( 103  44  51  )
( -178  -77  -288  )
( 93  -227  -238  )
( 190  -10  176  )
( -210  -58  -150  )
( 106  202  197  )
( -261  -115  159  )
( -117  -279  97  )
( -23  -8  115  )
( -224  -125  -297  )
( -127  114  -36  )
( 98  271  -40  )
( -205  -37  -274  )
( 67  -58  -201  )
( -23  -278  275  )
( -254  -236  121  )
( 187  -75  -114  )
( -50  -19  254  )
( 147  -225  206  )
( 159  34  245  )
( -68  -191  121  )
( -185  -97  -49  )
( -72  -215  242  )
( 93  177  87  )
( -138  21  144  )
( -42  -221  -23  )
( -289  -119  56  )
( 28  254  86  )
( 236  269  -282  )
( -162  39  -154  )
( 105  23  195  )
( 118  -236  -176  )
( -21  51  -36  )
( -79  31  -24  )
( -174  -148  51  )
( -11  83  -161  )
( -168  138  -10  )
( 244  50  210  )
( -94  258  154  )
( 228  89  215  )
( -170  19  -236  )
( -69  -85  71  )
( -103  201  -94  )
( 111  189  139  )
( -126  -208  155  )
( 138  103  -170  )
( 44  223  -187  )
( -142  -237  94  )
( 2  -63  -54  )
( -106  177  258  )
( 200  -231  283  )
( 256  202  119  )
( 90  96  155  )
( 259  -37  -285  )
( -296  132  5  )
( 70  181  -161  )
( -61  -171  129  )
( 139  -55  -53  )
( -60  -248  -193  )
( 79  245  -224  )
( -250  -284  -133  )
( 293  2  85  )
( -264  104  -94  )
( 252  -280  -184  )
( -216  134  -79  )
( -83  8  -23  )
( -61  -84  34  )
( 76  -47  -127  )
( -221  10  187  )
( -103  -163  194  )
( 230  141  166  )
( 135  -274  -70  )
( -208  159  -295  )
( -7  -101  -278  )
( 161  -29  131  )
( 287  -169  -242  )
( -253  108  120  )
( -210  26  -266  )
( 267  -205  -75  )
( 70  271  107  )
( 262  -6  225  )
( -161  -198  156  )
( -22  -247  209  )
( 168  -236  -187  )
( -184  -34  -209  )
( 137  266  61  )
( 211  -40  26  )
( -172  280  -166  )
( -15  64  151  )
( 99  -18  -43  )
( 227  -166  -288  )
( 103  -140  28  )
( -189  -268  -0  )
( 287  108  240  )
( 37  149  -265  )
