( 138  135  99  )
( 212  106  -144  )
( 272  160  78  )
( -278  134  194  )
( 237  -272  9  )
( 101  -282  212  )
( -258  295  -45  )
( -84  -47  290  )
( -276  176  -151  )
( -205  286  -107  )
( 233  164  -288  )
( 142  -177  -208  )
( -228  238  145  )
( 267  206  -228  )
( 109  -232  -225  )
( -157  163  196  )
( 133  -75  87  )
( -101  172  -215  )
( 156  69  -85  )
( 248  -71  246  )
( -171  -110  186  )
( 87  -88  185  )
( 276  256  124  )
( 67  63  294  )
( -293  260  150  )
( 126  251  -117  )
( -217  -135  202  )
( -16  -153  21  )
( -274  258  -235  )
( -230  210  76  )
( 134  -36  294  )
( -281  144  -188  )
( -34  -71  -143  )
( 245  -30  -282  )
( 25  67  147  )
( 0  -85  217  )
( -126  -36  266  )
( 230  -25  274  )
( 105  -152  133  )
( -205  180  -133  )
( -261  -276  -78  )
( 176  290  -238  )
( -71  -29  -258  )
( -196  187  156  )
( -253  245  -103  )
( 118  199  -243  )
( 92  -83  -273  )
( 83  216  196  )
( 52  -137  -17  )
( -53  -284  -98  )
( 231  268  258  )
( -140  283  55  )
( 195  -196  -226  )
( -74  -227  -234  )
( 69  144  -205  )
( -142  -217  -119  )
( 127  227  256  )
( 79  188  -6  )
( -201  51  -138  )
( -29  -185  -197  )
( -170  -111  -183  )
( -35  81  26  )
( 37  205  99  )
( 241  116  -60  )
( -110  -200  7  )
( 237  -258  77  )
( 86  120  -77  )
( -255  -107  285  )
( 245  -141  -164  )
( -116  228  85  )
( 30  -33  192  )
( -283  -104  -156  )
( 207  -240  239  )
( 1  153  163  )
( 251  142  128  )
( 45  176  -16  )
( -59  -117  -205  )
( -259  -189  -185  )
( -4  -198  -249  )
( 201  -23  221  )
( 148  -212  245  )
( -58  153  -98  )
( 140  -213  -115  )
( -31  -114  200  )
( 65  -10  251  )
( -101  16  287  )
( 93  -159  184  )
( 282  30  147  )
( -31  138  64  )
( 102  -174  204  )
( 40  -249  -30  )
( -77  -78  265  )
( 115  -113  28  )
( 84  198  216  )
( 68  3  -261  )
( -184  -261  14  )
( -1  204  50  )
( 27  13  -254  )
( 277  227  79  )
( 224  -146  -40  )
( 0  -63  103  )
( 107  201  79  )
( -239  51  194  )
( 218  -143  9  )
( -109  -245  46  )
( 161  34  -115  )
( 138  81  -168  )
( -41  -74  -81  )
( -193  143  -65  )
( 169  145  102  )
( 102  -222  101  )
( -50  130  -80  )
( 146  208  110  )
( -149  -84  -15  )
( 117  41  208  )
( -5  168  55  )
( -147  74  -252  )
( -252  65  -286  )
( 173  137  -145  )
( -135  -154  27  )
( 48  200  288  )
( 233  -156  57  )
( -264  -115  -104  )
( -287  -222  -198  )
( -31  -274  -193  )
( 225  129  -288  )
( -94  -16  -132  )
( 104  180  -141  )
( -8  246  -24  )
( -87  64  221  )
( 209  -55  117  )
( 98  -4  193  )
( -205  65  126  )
( -192  101  -13  )
( 278  -20  -219  )
( -284  -70  -19  )
( -296  75  -79  )
( 284  57  275  )
( 82  223  240  )
( 6  99  192  )
( 216  205  -149  )
( -273  168  -163  )
( 228  98  230  )
( 67  262  -177  )
( -21  -246  -136  )
( -153  271  -296  )
( -80  207  -147  )
( -219  -16  -232  )
( -35  -159  24  )
( -224  95  279  )
( -130  -287  8  )
( -240  48  -297  )
( 82  130  -80  )
( 152  143  136  )
( -68  225  235  )
( 155  129  -31  )
( -284  -221  263  )
( 51  256  212  )
( -240  -217  -30  )
( 146  254  -182  )
( -125  -0  -19  )
( -128  256  30  )
( 86  -4  146  )
( -133  -156  226  )
( 270  -296  142  )
( 272  -2  -296  )
( 262  227  -224  )
( 102  -142  -284  )
( 131  55  185  )
( -233  -93  243  )
( -266  112  -51  )
( 184  -21  -94  )
( -199  151  277  )
( 230  270  38  )
( -22  -184  38  )
( 99  287  -159  )
( 218  -111  97  )
( -85  45  -223  )
( -39  -6  185  )
( -185  212  -239  )
( 50  139  -75  )
( 67  47  -179  )
( 152  -188  -241  )
( 139  200  -107  )
( -124  -189  109  )
( 145  -102  -270  )
( -271  171  151  )
( -208  17  141  )
( -156  -80  149  )
( 273  105  259  )
( -11  -6  143  )
( -231  -82  -9  )
( -211  241  96  )
( -93  212  -148  )
( 167  233  -168  )
( -69  -226  270  )
( -249  165  -50  )
( -90  163  -125  )
( 13  -85  -255  )
( -285  -152  -298  )
( 94  64  297  )
( -231  -80  291  )
( -80  247  -66  )
( -221  287  256  )
( -9  235  76  )
( 131  286  234  )
( 128  -136  70  )
( -238  -225  -44  )
( -197  -101  -63  )
( 169  -35  -151  )
( -168  -162  293  )
( -41  -31  133  )
( -290  62  130  )
( -81  -253  -231  )
( 293  -144  -131  )
( 88  -148  -251  )
( -279  -90  -273  )
( -126  140  24  )
( 106  -143  -284  )
( 186  275  -142  )
( 23  -198  270  )
( -237  -17  -293  )
( -207  147  -130  )
( 158  195  -96  )
( -154  137  295  )
( 65  -91  -172  )
( -106  -271  -79  )
( -197  179  -73  )
( 182  -251  -7  )
( -295  -49  231  )
( 21  -28  -297  )
( 193  -207  146  )
( 47  155  121  )
( 78  -117  130  )
( -40  -299  204  )
( 70  293  297  )
( 275  -181  162  )
( 7  84  151  )
( -128  267  -117  )
( 40  -46  -60  )
( 16  159  73  )
( -254  157  168  )
( 218  -186  147  )
( 29  -267  -221  )
( -192  127  253  )
( 13  -243  116  )
( -85  234  -265  )
( -150  136  130  )
( -108  144  -157  )
( 189  -50  -232  )
( 49  -284  -117  )
( -281  235  -107  )
( 253  -45  -187  )
( 207  212  91  )
( -211  -207  -80  )
( 176  37  200  )
( -116  -1  121  )
( -55  173  181  )
( 298  -1  231  )
( -101  177  116  )
( 50  -215  190  )
( 229  268  -297  )
( -248  251  -173  )
( 265  210  60  )
( -215  278  -262  )
( -234  100  252  )
( 285  205  -197  )
( -167  248  229  )
( -282  -171  90  )
( 235  -163  -193  )
( -102  -103  130  )
( 8  214  271  )
( -149  129  -55  )
( 227  159  152  )
( -216  -188  97  )
( 214  189  145  )
( -267  98  121  )
( 211  292  -215  )
( 282  -267  -241  )
( -209  -238  -178  )
( -173  -194  -232  )
( 154  -281  257  )
( 4  -284  -99  )
( 21  -242  163  )
( -246  42  -86  )
( 281  224  -237  )
( -68  -18  -230  )
( -204  -247  -60  )
( -190  156  76  )
( 50  41  -294  )
( 255  156  -6  )
( 194  275  47  )
( -119  -124  -232  )
( -202  -148  -288  )
( 182  -20  167  )
( 255  170  147  )
( 134  -60  -95  )
( 140  -263  288  )
( -264  68  -193  )
( 141  140  -41  )
( -85  10  51  )
( -62  280  215  )
( 124  -60  -163  )
( 166  170  -277  )
( 95  -78  265  )
( -224  -131  16  )
( 2  247  223  )
( -75  -168  178  )
( -129  -127  169  )
( -222  -123  247  )
( 247  135  -187  )
( -26  -169  -255  )
( -114  -206  -172  )
( 3  -104  -230  )
( 254  -72  240  )
( 290  -35  0  )
( -235  188  -128  )
( 274  -177  -180  )
( -283  287  259  )
( -76  -280  190  )
( 136  -200  -164  )
( -93  20  84  )
( 251  -26  -288  )
( 239  -230  -145  )
( 190  258  -74  )
( -135  -150  -146  )
( 296  151  106  )
( -234  -45  262  )
( -281  173  -161  )
( 144  -177  61  )
( 224  62  -170  )
( 260  266  -103  )
( -80  69  70  )
( -117  -203  70  )
( 40  -295  85  )
( 5  2  -42  )
( -255  -87  -51  )
( 121  5  184  )
( 197  -281  -52  )
( 202  -117  -137  )
( 69  224  27  )
( -179  130  190  )
( -96  185  16  )
( 202  40  298  )
( 216  180  -78  )
( 219  124  -181  )
( -196  -108  169  )
( 25  58  -13  )
( 39  133  138  )
( -297  150  -258  )
( 60  73  10  )
( 85  25  -139  )
( -287  225  -125  )
( -21  264  180  )
( 29  241  104  )
( -245  146  232  )
( -210  59  231  )
( 73  -125  57  )
( 150  -12  -233  )
( 79  180  -152  )
( 268  -101  21  )
( 267  -233  245  )
( 258  -55  -24  )
( 187  -165  85  )
( 88  120  -200  )
( -115  79  -253  )
( 53  293  45  )
( -160  139  18  )
( 278  48  171  )
( 217  273  101  )
( -27  -194  -274  )
( -135  133  -265  )
( -214  125  -62  )
( -100  128  227  )
( 249  9  185  )
( -105  -238  265  )
( -208  189  210  )
( -65  33  181  )
( 21  -26  -129  )
( -4  19  -280  )
( -57  -91  -50  )
( -147  -181  -228  )
( 189  -194  -76  )
( 193  -221  -233  )
( 240  47  124  )
( 211  -18  -99  )
( -229  -12  -116  )
( 266  -130  -63  )
( -63  -3  129  )
( 249  -187  243  )
( 229  252  -113  )
( -102  111  -104  )
( -73  24  -211  )
( -51  -222  241  )
( 152  -296  -260  )
( -297  -262  -163  )
( -278  18  -276  )
( 145  -139  27  )
( 129  286  26  )
( -259  -34  -211  )
( -105  35  256  )
( -235  -247  92  )
( 129  -280  -236  )
( -66  -187  -249  )
( -200  34  241  )
( 276  -97  70  )
( 117  294  210  )
( 270  104  238  )
( 209  -40  191  )
( 32  -143  -97  )
( 11  -271  -209  )
( 30  -5  51  )
( -204  92  71  )
( 179  249  258  )
( 156  221  -224  )
( 163  -252  -129  )
( -92  -32  40  )
( 116  82  210  )
( -134  278  -81  )
( -70  55  -233  )
( -10  -231  -161  )
( -116  296  -247  )
( -253  -51  81  )
( -39  31  172  )
( -124  -257  4  )
( -36  138  -271  )
( 165  -297  -0  )
( -176  145  271  )
( 110  296  21  )
( -194  113  265  )
( -177  -56  188  )
( 249  183  -275  )
( -129  -36  259  )
( 154  94  39  )
( -97  -236  -90  )
( -55  177  278  )
( -90  -191  -68  )
( -1  -98  138  )
( -83  -167  -40  )
( -167  -214  183  )
( -45  80  -49  )
( 293  -5  -203  )
( -130  291  -297  )
( -193  218  210  )
( -164  -184  157  )
( 28  -239  -281  )
( 105  221  -258  )
( 288  243  -177  )
( -52  280  -168  )
( 9  -233  -120  )
( -99  -38  270  )
( -78  142  190  )
( 165  -141  -162  )
( 91  171  -252  )
( -159  -132  -203  )
( -297  -55  -247  )
( -25  194  -82  )
( 186  165  233  )
( 51  208  55  )
( -45  -6  -12  )
( 292  170  222  )
( 89  -157  172  )
( -293  49  271  )
( -170  -261  -198  )
( -213  15  160  )
( 56  102  -222  )
( 16  -245  -297  )
( -53  79  166  )
( 249  -246  -240  )
( 52  259  287  )
( 220  83  185  )
( 37  -228  98  )
( -299  200  131  )
( -15  -83  232  )
( 207  -112  -288  )
( 198  263  -229  )
( -175  266  70  )
( 193  -161  -82  )
( -0  291  180  )
( -205  158  -201  )
( -199  142  160  )
( -44  -76  -230  )
( 186  223  -259  )
( -12  89  112  )
( -160  -208  -147  )
( -200  -61  136  )
( 165  41  78  )
( -193  172  168  )
( 49  -274  60  )
( 31  -270  201  )
( -270  213  -201  )
( 28  -122  46  )
( -218  238  117  )
( -44  257  -196  )
( -67  153  97  )
( -201  -94  -148  )
( -246  -22  46  )
( 82  80  159  )
( 131  -43  53  )
( -168  45  169  )
( -214  -52  26  )
( 205  16  271  )
( -175  179  -221  )
( -225  137  41  )
( 174  -134  -109  )
( -3  -88  69  )
( 112  -71  258  )
( -144  280  -248  )
( 173  -233  295  )
( 42  65  206  )
( 104  195  217  )
( -193  8  159  )
( -228  124  161  )
( 76  130  237  )
( 115  232  -180  )
( -38  -238  -10  )
( 273  180  155  )
( -76  221  -162  )
( 16  -207  -200  )
( 169  -197  -5  )
( -227  129  146  )
( 293  -3  -76  )
( -218  6  -36  )
( 250  -243  173  )
( -216  -39  132  )
( 13  5  97  )
( -3  2  188  )
( -104  171  -61  )
( 25  -157  -147  )
( 259  -220  -227  )
( -11  109  142  )
( -213  165  -134  )
( 235  -32  -176  )
( 105  -92  -157  )
( 151  285  273  )
( 104  -250  -279  )
( 221  233  128  )
( -188  58  -39  )
( 205  298  -294  )
( 199  147  -24  )
( 216  214  -60  )
( 211  183  140  )
( 118  -78  -232  )
( 177  -298  145  )
( -188  -77  -160  )
( 27  -2  -119  )
( -280  -239  63  )
( -259  -26  -168  )
( -258  -198  -23  )
( -255  -168  264  )
( 52  6  46  )
( -216  -112  -225  )
( -238  -266  -249  )
( -61  -18  -216  )
( -204  253  -258  )
( -185  59  104  )
( 210  114  -112  )
( -232  -174  15  )
( 218  179  135  )
( 152  138  71  )
( 88  32  -203  )
( -16  180  183  )
( -210  -32  -22  )
( -237  214  280  )
( -256  120  -211  )
( -43  -137  -143  )
( -143  177  176  )
( -108  -231  258  )
( -62  108  -114  )
( 299  271  -162  )
( 277  223  -135  )
( 226  153  -257  )
( -49  59  251  )
( -84  286  51  )
( -215  37  148  )
( -164  -246  -285  )
( -13  49  -181  )
( 37  36  77  )
( 293  20  -228  )
( 103  173  249  )
( 55  -249  -86  )
( -158  253  86  )
( 102  -205  96  )
( -107  273  159  )
( -95  8  -60  )
( 228  85  282  )
( 24  -197  185  )
( -210  -98  220  )
( -137  -257  138  )
( -179  -35  122  )
( -128  44  228  )
( 90  92  143  )
( -54  26  113  )
( 170  -279  37  )
( 216  -255  208  )
( 202  -255  204  )
( 137  -298  229  )
( 230  76  238  )
( 176  32  242  )
( -94  292  -273  )
( -193  118  10  )
( -148  282  -285  )
( -1  -119  -103  )
( 162  -260  -175  )
( -262  -216  -136  )
( -139  87  267  )
( 66  -154  181  )
( 110  93  210  )
( -103  138  -34  )
( -188  34  57  )
( 34  98  -242  )
( 144  -191  297  )
( 198  81  259  )
( 62  -203  81  )
( 54  -101  261  )
( 122  260  -246  )
( 174  -136  117  )
( 162  -88  143  )
( 19  38  100  )
( 289  113  -268  )
( -227  187  13  )
( 76  133  -11  )
( 136  -299  -51  )
( 23  -39  -187  )
( -213  78  -237  )
( 246  116  145  )
( -128  -135  -21  )
( 262  110  -236  )
( -191  134  -214  )
( 267  -64  186  )
( -177  126  221  )
( -3  134  182  )
( 48  24  30  )
( 84  55  180  )
( -163  -243  45  )
( -237  -214  276  )
( 39  170  -252  )
( -186  -191  -242  )
( 86  270  -248  )
( -126  57  219  )
( 45  -127  -221  )
( 151  170  -252  )
( -263  105  -273  )
( 127  249  -28  )
( 28  -96  -46  )
( -55  222  183  )
( 156  -37  73  )
( -57  285  -210  )
( -106  -274  44  )
( -255  146  -95  )
( -280  1  110  )
( -239  -181  -153  )
( 113  -289  -128  )
( 183  167  168  )
( -29  163  283  )
( 59  -98  11  )
( -31  -96  -111  )
( -295  28  -186  )
( -91  94  75  )
( -191  -267  31  )
( 56  143  -168  )
( 198  -120  130  )
( 241  85  -242  )
( 75  58  -283  )
( -223  129  227  )
( 55  -106  122  )
( -177  -108  151  )
( -83  282  259  )
( 114  -191  271  )
( -119  -93  -211  )
( -13  -64  -205  )
( -91  174  233  )
( 139  -100  142  )
( 206  -286  271  )
( -288  235  -29  )
( -89  -17  -188  )
( -204  240  -183  )
( 186  255  293  )
( -13  42  5  )
( -29  117  -131  )
( 291  190  -251  )
( 283  -273  -115  )
( -68  -205  -219  )
( -200  -150  97  )
( -63  -283  -269  )
( 231  228  -182  )
( 2  -224  167  )
( -228  108  -253  )
( -58  -128  -163  )
( 285  53  35  )
( -129  -101  274  )
( -190  -77  -195  )
( -170  -209  11  )
( 172  28  -176  )
( 296  -259  241  )
( -60  -139  -91  )
( 125  -52  -260  )
( 236  -183  -91  )
( -27  -227  -109  )
( 222  241  265  )
( 190  218  -250  )
( -142  163  -21  )
( 244  176  -47  )
( -88  -139  -180  )
( 31  -88  99  )
( 68  87  172  )
( 297  -30  -40  )
( -259  -113  81  )
( 247  -245  -115  )
( -156  17  55  )
( -281  -16  147  )
( 249  101  -58  )
( 73  135  17  )
( -143  27  89  )
( -294  36  -259  )
( -43  156  238  )
( 43  -272  -184  )
( -24  230  226  )
( 123  103  -81  )
( 228  294  -265  )
( -171  149  138  )
( 265  -40  158  )
( -181  283  -68  )
( 222  -257  -5  )
( -11  -133  5  )
( 56  257  -250  )
( 205  -290  96  )
( -273  -20  -255  )
( 27  220  94  )
( -290  -34  -37  )
( -107  -77  86  )
( -212  231  -162  )
( 23  168  255  )
( 163  -158  166  )
( -51  -101  282  )
( -261  -125  -49  )
( 145  102  -159  )
( 190  296  155  )
( 142  -1  48  )
( -110  -157  215  )
( 198  89  -35  )
( -272  -266  -289  )
( -192  -230  -298  )
( -74  61  46  )
( 210  154  269  )
( -21  129  -40  )
( 212  199  109  )
( 147  -262  -235  )
( -106  -234  279  )
( 281  -143  283  )
( -16  -45  138  )
( 261  -123  137  )
( -48  221  21  )
( -293  -94  -248  )
( 27  -87  -259  )
( 253  210  -7  )
( 103  -141  270  )
( -110  -93  249  )
( -246  207  -151  )
( -142  -216  136  )
( -45  181  -112  )
( -122  -46  79  )
( -8  -230  254  )
( 293  -59  220  )
( 285  274  -154  )
( -1  266  -58  )
( -37  5  241  )
( -46  174  -190  )
( -149  226  -268  )
( 292  17  -208  )
( -43  81  12  )
( 237  -12  118  )
( 218  67  -273  )
( 89  -139  -65  )
( 148  88  -289  )
( -138  -182  -240  )
( 284  -209  -11  )
( -299  125  -72  )
( 51  -278  182  )
( 33  -30  -37  )
( 239  283  150  )
( 12  64  -87  )
( -203  210  -236  )
( 260  -291  281  )
( -151  16  26  )
( 246  -255  -136  )
( -253  27  -110  )
( 133  4  -210  )
( 62  101  96  )
( -122  128  -188  )
( -269  76  -26  )
( 142  179  -203  )
( 257  -247  86  )
( -181  -40  182  )
( 194  -91  211  )
( -129  184  -183  )
( 8  -156  299  )
( -121  59  43  )
( -83  296  177  )
( -67  -282  -211  )
( 194  -2  -189  )
( -55  -149  24  )
( -122  -151  197  )
( -241  -293  214  )
( -82  261  -17  )
( -16  -223  -289  )
( 261  65  36  )
( -159  -290  -29  )
( 247  -131  253  )
( -201  25  285  )
( -151  260  266  )
( -178  -196  84  )
( 231  7  132  )
( -103  52  183  )
( -79  210  247  )
( 32  13  -50  )
( -151  -74  -42  )
( 113  174  -52  )
( 34  78  -90  )
( -7  -92  112  )
( 108  -177  -3  )
( 124  104  -74  )
( 231  212  -165  )
( 282  -188  -255  )
( -102  39  205  )
( -87  132  -255  )
( 126  -281  243  )
( -56  156  154  )
( -231  40  189  )
( -140  86  -38  )
( 285  -38  -272  )
( -245  -27  212  )
( -89  -64  289  )
( 28  -2  249  )
( 241  33  116  )
( -178  -29  -0  )
( -27  173  230  )
( 81  39  -263  )
( -62  34  -27  )
( -210  -173  -288  )
( 36  231  137  )
( -294  -137  158  )
( -123  -210  -219  )
( 35  89  -8  )
( -115  181  -273  )
( 61  -281  172  )
( 133  -195  227  )
( -86  160  14  )
( 89  -193  -180  )
( 23  64  -284  )
( -191  -1  -289  )
( -96  -259  -165  )
( -158  -84  130  )
( 82  192  -21  )
( -80  125  243  )
( 165  262  -90  )
( 235  -52  -239  )
( -158  -179  213  )
( -257  -256  -45  )
( 15  -265  -90  )
( 44  -90  -195  )
( 88  264  -195  )
( 56  280  -7  )
( 232  -11  -193  )
( 233  239  135  )
( 182  176  95  )
( -144  -49  255  )
( -134  231  146  )
( 81  273  181  )
( -186  161  -248  )
( 119  -122  298  )
( -275  78  41  )
( 141  -233  167  )
( -215  211  169  )
( -237  -88  -165  )
( -154  131  -166  )
( 113  151  208  )
( 54  245  -40  )
( -255  258  163  )
( 65  -142  -265  )
( -55  -212  -233  )
( 95  17  -203  )
( 255  -212  137  )
( 206  -56  87  )
( -78  -286  233  )
( -38  203  -293  )
( 25  256  219  )
( -93  75  -232  )
( 105  -72  -288  )
( -2  -93  27  )
( 231  -68  271  )
( 199  238  -77  )
( 271  114  -204  )
( -110  148  -176  )
( 32  -42  86  )
( 164  98  -288  )
( 214  217  -80  )
( 126  -197  104  )
( 114  -8  90  )
( -212  208  60  )
( 65  -70  -239  )
( 217  57  246  )
( 41  89  -214  )
( -36  135  15  )
( 24  -250  178  )
( -49  -172  -165  )
( 218  -118  -33  )
( -217  27  184  )
( -90  178  22  )
( 277  110  246  )
( 278  54  -24  )
( -69  -106  -85  )
( 269  -46  165  )
( -149  -187  -13  )
( 210  67  -93  )
( -119  189  173  )
( 158  117  -53  )
( -127  -236  284  )
( -42  -101  -297  )
( 155  97  79  )
( 38  -22  76  )
( -23  -25  122  )
( 271  -129  201  )
( -189  245  146  )
( -27  59  -267  )
( 102  170  232  )
( 145  -213  192  )
( 116  -97  258  )
( 234  24  71  )
( 55  185  -106  )
( 158  21  -228  )
( 195  -280  -247  )
( 235  172  13  )
( 10  280  -153  )
( 69  -270  107  )
( 73  -114  275  )
( 108  -193  -102  )
( -262  91  -230  )
( -1  -49  -122  )
( 215  -12  42  )
( 282  -216  153  )
( -119  268  -150  )
( 108  -64  259  )
( -63  -119  291  )
( 78  -56  37  )
( -96  165  172  )
( 244  -101  278  )
( -67  -273  149  )
( 196  58  22  )
( 169  -38  56  )
( 174  -275  -182  )
( -25  -46  -130  )
( 99  -96  279  )
( -261  245  -44  )
( 145  -104  177  )
( -89  -223  -247  )
( -222  -217  76  )
( -112  -264  297  )
( 37  -5  183  )
( -111  234  -238  )
( 138  287  276  )
( -202  269  -6  )
( -33  -1  61  )
( -225  -209  -162  )
( -42  235  -136  )
( -194  -68  -210  )
( -85  159  -78  )
( 268  67  -70  )
( 291  -175  -198  )
( -115  -111  238  )
( -18  43  83  )
( 81  97  118  )
( 293  278  130  )
( -225  -37  198  )
( 235  -13  226  )
( -237  -245  -243  )
( -9  -33  -260  )
( 274  -49  -39  )
( -66  222  207  )
( 109  53  -24  )
( 33  -213  172  )
( -266  -287  -39  )
( -89  -18  -28  )
( -48  50  -126  )
( -129  45  -119  )
( 168  70  -92  )
( -114  -210  -26  )
( -91  150  -70  )
( 127  261  -170  )
( -146  18  258  )
( -167  144  -121  )
( 204  -82  -270  )
( -270  184  82  )
( -30  -117  -137  )
( -245  -236  -162  )
( -165  131  129  )
( -259  -2  -141  )
( 163  -69  134  )
( -0  105  -243  )
( 12  288  240  )
( -11  117  194  )
( 294  -53  205  )
( 199  -251  -220  )
( -137  -182  -1  )
( 145  -224  160  )
( -167  10  22  )
( -261  -237  -83  )
( -229  -128  294  )
( -160  142  72  )
( -2  -19  -267  )
( -171  -123  -219  )
( 35  83  84  )
( 295  138  -99  )
( 292  -274  286  )
( -171  -115  20  )
( -160  262  -288  )
( 62  -47  73  )
( -26  -269  170  )
( -145  -227  215  )
( -34  136  -61  )
( -103  132  247  )
( 113  -208  246  )
( -226  21  -199  )
( 39  98  294  )
( 234  76  -121  )
( 145  258  53  )
( -218  -290  14  )
( 164  -266  -272  )
( -140  271  -182  )
( 261  285  -241  )
( -236  -80  214  )
( -159  -247  -91  )
( -30  -132  265  )
( 279  64  210  )
( -72  109  162  )
( -146  -27  -201  )
( 263  251  136  )
( 227  -31  198  )
( -176  299  153  )
( 158  -89  -115  )
( -156  285  -167  )
( -152  30  -56  )
( -22  103  87  )
( 144  50  65  )
( 254  -116  207  )
( -67  -122  59  )
( 186  -79  -273  )
( -35  141  -63  )
( -277  -263  -288  )
( 276  -169  -162  )
( 66  -130  71  )
( -290  63  163  )
( 102  -220  165  )
( -296  -230  -297  )
( 68  282  -264  )
( -155  -183  -127  )
( -176  221  -298  )
( -41  104  -278  )
( -242  252  264  )
( 168  -272  72  )
( 242  -281  175  )
( -34  -265  -186  )
( 236  43  263  )
( -235  12  117  )
( -256  -206  123  )
( -260  245  -88  )
( 276  -1  -265  )
( -250  -58  153  )
( -242  43  113  )
( 249  42  206  )
( -106  191  79  )
( -174  136  -190  )
( 255  -51  -219  )
( 39  195  247  )
( -81  164  -140  )
( 225  -220  -200  )
( 37  -189  198  )
( -91  -195  -96  )
( 195  -230  -59  )
( 294  199  -258  )
( 239  -163  -272  )
( -36  125  -212  )
( 14  277  -43  )
( -201  -99  -209  )
( 81  -29  -35  )
( -104  289  -223  )
( 138  -27  -278  )
( -76  6  -162  )
( -256  35  13  )
( 6  -7  285  )
( -265  250  -220  )
( 6  102  -288  )
( 51  -82  12  )
( -30  -74  -233  )
( -102  178  231  )
( 60  -97  -75  )
( -294  132  -123  )
( 229  148  -125  )
( 8  227  88  )
( -224  59  -66  )
( -258  23  224  )
( 165  -275  -88  )
( 17  -190  158  )
( -25  -108  240  )
( 126  -62  -8  )
( -276  -24  -86  )
( -74  -86  17  )
( -253  -135  -186  )
( -32  224  176  )
( 290  -82  89  )
( 266  134  -278  )
( 72  -39  12  )
( -157  63  159  )
( -188  116  -299  )
( 293  -142  -5  )
( 51  -42  -241  )
( -120  -16  240  )
( 150  74  141  )
( -273  119  225  )
( 176  230  -44  )
( 27  -4  282  )
( -175  142  -260  )
( -292  191  -168  )
( -89  192  52  )
( -283  220  -141  )
( 71  128  -21  )
( -200  5  11  )
( -214  -179  -212  )
( 86  -200  32  )
( -171  240  -67  )
( 235  -179  -2  )
( -109  199  274  )
( 134  -132  -196  )
( 226  -111  183  )
( -208  113  65  )
( -236  164  -181  )
( 13  -227  -81  )
( -204  -209  109  )
( 60  -220  54  )
( 117  95  101  )
( 160  -72  265  )
( 91  130  -204  )
( 37  25  -112  )
( -98  209  -261  )
( -195  286  -58  )
( 257  -193  -54  )
( -50  45  141  )
( -134  8  -38  )
( -203  193  -147  )
( -120  -94  -273  )
( 169  4  127  )
( -282  -191  -197  )
( -188  -139  -0  )
( -193  -88  48  )
( -39  111  83  )
( 86  -192  291  )
( 173  -1  -83  )
( 217  162  -119  )
( 174  -251  245  )
( 289  100  -79  )
( -124  47  -235  )
( -269  211  200  )
( -155  30  252  )
( -111  -157  175  )
( 17  69  -208  )
( -129  -92  -142  )
( -79  45  -194  )
( -231  38  -241  )
( -178  -129  -266  )
( -248  -138  92  )
( -30  29  158  )
( -137  65  -110  )
( -270  -90  -13  )
( -286  188  112  )
( -147  89  -35  )
( -118  -148  262  )
( -219  215  -182  )
( -202  58  10  )
( -179  -174  2  )
( -289  11  263  )
( 176  211  109  )
( 198  55  200  )
( -261  -281  -101  )
( -120  151  -153  )
( -252  -121  272  )
( 179  293  21  )
( -131  227  87  )
( -125  206  283  )
( -275  -94  285  )
( -291  -222  -240  )
( -191  -179  -169  )
( -159  251  -122  )
( -194  -45  -107  )
( 212  39  -245  )
( -57  -76  -208  )
( -223  283  -224  )
( -185  -298  178  )
( 209  281  103  )
( -217  90  -128  )
( 207  61  34  )
( -253  61  207  )
( -236  90  -45  )
( -275  36  -214  )
( -145  -77  -285  )
( 212  271  211  )
( -218  155  -185  )
( 259  -179  -228  )
( 31  137  -45  )
( 25  257  247  )
( -87  291  18  )
( -292  -222  -60  )
( 76  -142  293  )
( -148  152  -293  )
( -271  234  6  )
( -60  -263  107  )
( -201  -3  76  )
( 168  -186  269  )
( -147  -173  -283  )
( 43  149  -299  )
( 69  -247  -40  )
( 124  -33  211  )
( 188  250  -62  )
( -261  20  -37  )
( -216  298  -87  )
( 99  199  -297  )
( -116  -204  236  )
( 27  66  67  )
( -51  198  -94  )
( -221  -294  -296  )
( 105  103  -61  )
( -115  -33  -299  )
( 146  208  175  )
( 160  -164  -124  )
( 278  -104  66  )
( 123  -299  -200  )
( -272  -117  -97  )
( 110  -90  4  )
( 284  80  -75  )
( 25  192  -223  )
( -176  10  239  )
( 116  266  291  )
( 258  2  49  )
( -89  134  -190  )
( 197  -7  -28  )
( 139  197  155  )
( 198  1  -248  )
( -244  230  0  )
( 83  -113  73  )
( -35  -243  -91  )
( 179  -249  -65  )
( -201  208  57  )
( 197  25  -6  )
( 208  -78  -7  )
( -257  -280  -34  )
( 83  -32  -271  )
( 270  229  -96  )
( -58  -151  -280  )
( 294  -135  -94  )
( 194  40  -50  )
( 254  123  205  )
( 108  -55  -67  )
( -98  0  -142  )
( -123  -19  234  )
( 48  261  214  )
( 164  63  187  )
( 296  -133  49  )
( 133  -256  17  )
( -151  -195  179  )
( -216  -225  263  )
( -163  -123  226  )
( -284  -292  -206  )
( -85  -109  -134  )
( -252  80  -297  )
( 69  -151  121  )
( -41  -173  196  )
( -104  150  -223  )
( -200  187  237  )
( 32  66  297  )
( -267  -22  140  )
( -205  -87  -126  )
( -95  263  157  )
