( -239  128  90  )
( -81  -200  -80  )
( -159  279  134  )
( 62  127  -72  )
( -277  -5  166  )
( 24  131  90  )
( -191  232  56  )
( -2  80  96  )
( 222  -86  -133  )
( 246  -77  202  )
( -66  -33  -238  )
( -98  -189  -2  )
( 55  -200  -107  )
( -16  -263  -119  )
( -36  202  113  )
( 27  210  -222  )
( -75  81  106  )
( 24  -26  268  )
( -227  216  226  )
( 162  -210  -137  )
( -109  -46  -172  )
( 4  0  -136  )
( -195  17  -200  )
( 123  -83  -16  )
( -41  36  223  )
( -112  25  109  )
( -230  -40  119  )
( -294  163  -94  )
( -5  -239  246  )
( 126  1  -111  )
( -98  22  267  )
( -205  136  -56  )
( -87  -282  263  )
( -34  67  86  )
( 213  -238  91  )
( -112  -51  121  )
( -181  63  -175  )
( -70  -18  34  )
( 72  39  270  )
( -164  149  117  )
( 6  -118  266  )
( 154  -28  254  )
( -35  295  285  )
( -10  47  120  )
( -232  156  -259  )
( -133  49  -241  )
( 84  -293  -170  )
( -205  126  -233  )
( 122  -163  -103  )
( 180  -187  -176  )
( 82  280  293  )
( 275  -130  -43  )
( -160  -88  -133  )
( -197  254  147  )
( 105  30  290  )
( -103  -283  57  )
( 126  169  151  )
( -72  231  82  )
( 225  259  -264  )
( -4  297  -108  )
( 148  -197  -12  )
( -25  -247  -234  )
( -219  171  189  )
( 284  179  218  )
( 25  194  76  )
( -187  -252  90  )
( -100  -127  -275  )
( -4  -213  35  )
( 34  -284  -192  )
( -260  -32  -126  )
( -90  -5  63  )
( 145  -196  46  )
( 236  -286  -257  )
( 122  42  -226  )
( 81  -0  -192  )
( -291  191  -187  )
( 68  159  9  )
( 158  126  229  )
( -40  -113  -134  )
( -117  284  -161  )
( -72  243  -56  )
( -138  -25  233  )
( 134  -270  -275  )
( -164  -163  -135  )
( -198  37  -165  )
( -250  -184  131  )
( -92  -251  -144  )
( -1  -215  -101  )
( 195  126  -205  )
( -284  -293  179  )
( -101  198  -173  )
( 23  271  81  )
( 278  -219  112  )
( -204  22  -54  )
( -181  -146  149  )
( -20  -296  -203  )
( 272  -87  -177  )
( -100  255  -286  )
( -112  18  -281  )
( 174  -182  188  )
( -297  -28  182  )
( 52  -192  -102  )
( -12  -259  -295  )
( 235  203  166  )
( 192  200  -229  )
( 244  -162  76  )
( -37  290  -224  )
( -121  -84  189  )
( 266  21  194  )
( -253  112  136  )
( -185  -67  -286  )
( -276  -188  -171  )
( -293  -195  241  )
( -6  296  123  )
( -55  -41  -126  )
( -111  -59  0  )
( -114  68  -119  )
( 247  80  -33  )
( 135  -105  71  )
( 272  187  104  )
( 227  30  -218  )
( 12  135  183  )
( -145  35  -168  )
( -125  -254  118  )
( 78  -138  257  )
( 257  145  31  )
( 142  69  -48  )
( 244  -93  -67  )
( 285  -269  142  )
( -146  36  196  )
( 247  26  -226  )
( -261  -208  -184  )
( -13  -45  -114  )
( -133  -94  -17  )
( -38  -282  223  )
( 54  205  91  )
( 14  -204  9  )
( -119  83  -32  )
( -180  2  -298  )
( -69  11  -191  )
( 298  -85  -199  )
( 224  235  -229  )
( 22  100  180  )
( -192  273  183  )
( -249  -174  131  )
( 137  -38  131  )
( -14  -186  253  )
( 187  119  250  )
( 223  -238  -126  )
( 216  -143  178  )
( -165  3  -73  )
( 107  25  -168  )
( -114  161  252  )
( 97  295  7  )
( 8  103  -22  )
( -15  -65  -74  )
( 232  149  -271  )
( 216  -8  -12  )
( -214  -261  -207  )
( 160  177  -69  )
( 229  -139  240  )
( 195  260  -8  )
( 269  -57  -97  )
( 50  -268  40  )
( -221  -296  206  )
( 105  -151  -155  )
( -260  98  64  )
( -77  -135  153  )
( -49  -270  -243  )
( 294  124  245  )
( -83  -145  -272  )
( 26  169  115  )
( 80  -177  -48  )
( 204  196  -207  )
( -63  -5  -262  )
( 36  56  234  )
( -186  87  7  )
( -37  47  -34  )
( 142  181  259  )
( 56  -297  213  )
( -45  -72  293  )
( 82  -112  -93  )
( 291  221  151  )
( 256  -14  173  )
( -249  -114  -42  )
( -186  -298  -286  )
( -95  164  -34  )
( -298  243  69  )
( -191  -72  -264  )
( 191  -292  244  )
( -112  -114  271  )
( 153  49  -97  )
( -265  -293  -127  )
( 243  127  222  )
( -119  260  100  )
( -199  -72  195  )
( -106  -292  -136  )
( -119  190  69  )
( -277  -172  -35  )
( -10  105  -91  )
( -118  265  -26  )
( 245  -285  197  )
( 92  -203  -76  )
( -61  37  -279  )
( -101  -184  -99  )
( 187  -231  -154  )
( -85  137  161  )
( 235  210  -56  )
( 273  -270  191  )
( -280  156  157  )
( -169  -175  278  )
( -254  -122  15  )
( 199  -164  271  )
( -241  83  -199  )
( 227  -2  77  )
( 50  -262  -131  )
( 146  -237  101  )
( -46  -227  -289  )
( 86  -135  -267  )
( 142  -1  -172  )
( 149  226  100  )
( 210  -91  5  )
( 256  212  71  )
( 292  -275  -21  )
( 22  146  3  )
( 236  81  -118  )
( -154  286  -189  )
( 169  209  -200  )
( 92  180  125  )
( -292  180  187  )
( 233  -277  266  )
( -209  -46  237  )
( -31  -220  95  )
( -80  283  225  )
( -45  -53  -209  )
( -7  -46  107  )
( 119  -253  103  )
( -79  -205  -164  )
( -255  23  64  )
( 299  70  255  )
( 49  -40  -222  )
( -225  -160  204  )
( 147  -63  -212  )
( -67  -227  100  )
( 66  -112  -36  )
( -24  -119  -196  )
( 108  -139  172  )
( -33  151  -48  )
( -125  60  -96  )
( 18  -258  -12  )
( 170  -135  -263  )
( 124  -128  -277  )
( 101  -281  -81  )
( -250  205  231  )
( -254  -104  -290  )
( 219  -242  -113  )
( -36  44  274  )
( -14  -109  -245  )
( -112  -23  -231  )
( -164  -163  -220  )
( -83  145  -153  )
( 275  190  219  )
( 227  11  -108  )
( 160  -180  46  )
( -194  295  -19  )
( -97  -286  -127  )
( -16  -230  287  )
( 125  -56  116  )
( -286  -67  -186  )
( -159  -163  -236  )
( 80  -19  -44  )
( 264  107  48  )
( 5  221  183  )
( -186  276  -264  )
( -187  110  -290  )
( -151  218  154  )
( 232  80  -45  )
( -21  215  -263  )
( 254  3  119  )
( -111  -243  -80  )
( -72  245  -56  )
( -228  95  99  )
( -297  -172  -156  )
( 130  -214  -185  )
( -249  -47  17  )
( 91  187  -49  )
( -13  167  -277  )
( 135  -265  -83  )
( -1  77  -167  )
( -206  208  32  )
( 56  -96  -89  )
( 32  223  224  )
( 71  -85  62  )
( -177  -102  -97  )
( 277  156  163  )
( -287  10  223  )
( -90  -247  -28  )
( 245  203  129  )
( -276  82  203  )
( -127  268  -169  )
( 132  204  5  )
( 287  -20  295  )
( -87  -158  60  )
( -15  -195  17  )
( -72  279  -78  )
( -152  -84  -294  )
( 198  -110  -264  )
( -53  17  99  )
( -225  -144  6  )
( -150  -137  0  )
( -2  -196  -246  )
( -83  124  222  )
( 254  78  -186  )
( -64  -160  -15  )
( -280  -48  -228  )
( -228  -89  -40  )
( -234  -74  151  )
( 40  -275  201  )
( -223  117  -211  )
( -124  44  191  )
( -27  -208  -171  )
( -17  152  -61  )
( -175  -282  74  )
( -69  110  -48  )
( -225  -277  -187  )
( -203  254  -46  )
( 105  78  253  )
( 35  -113  -73  )
( -298  -67  141  )
( -234  -203  107  )
( 155  27  219  )
( 295  -153  -28  )
( -229  -37  -49  )
( 254  193  -130  )
( 99  57  -155  )
( 190  -159  41  )
( -197  178  63  )
( -258  -75  -229  )
( 22  -183  -161  )
( -265  -245  67  )
( -81  267  242  )
( -200  224  -97  )
( -151  -168  44  )
( -241  -292  -200  )
( 295  -83  -271  )
( 170  122  109  )
( 220  20  121  )
( -120  -87  -251  )
( -267  239  181  )
( 134  109  172  )
( 21  -43  -148  )
( 90  125  287  )
( -264  242  81  )
( 23  -237  254  )
( -297  -77  200  )
( -25  59  -134  )
( 212  -7  -55  )
( 239  -41  -118  )
( 145  -236  12  )
( 51  -20  266  )
( -210  153  -19  )
( -114  -88  241  )
( 6  74  193  )
( 120  -116  -58  )
( -259  121  299  )
( -210  -288  -219  )
( 139  -192  -34  )
( -287  -229  55  )
( -108  241  50  )
( -87  117  -9  )
( 196  -176  105  )
( 263  -120  -220  )
( -26  -204  -181  )
( -53  -196  206  )
( -178  88  -35  )
( 263  -124  -224  )
( 48  -170  283  )
( -254  126  -62  )
( -209  188  5  )
( -91  -43  -2  )
( 215  113  -0  )
( 119  -154  219  )
( -145  124  -260  )
( -89  172  -60  )
( -245  -202  222  )
( -244  -42  15  )
( -36  60  -144  )
( 150  -89  -28  )
( 216  -193  -102  )
( 29  39  103  )
( 254  -217  -170  )
( -30  -245  -25  )
( 186  -70  -264  )
( -260  179  29  )
( 209  -161  186  )
( -115  -47  -226  )
( -34  8  -19  )
( 92  145  -173  )
( -116  -94  -170  )
( -25  5  -6  )
( 256  84  228  )
( -199  55  -250  )
( -282  -53  205  )
( -239  109  173  )
( 213  39  -291  )
( 65  -35  200  )
( -65  -128  257  )
( -20  -144  223  )
( -211  -59  174  )
( 38  296  230  )
( -49  172  52  )
( -287  -249  202  )
( 89  81  177  )
( -87  209  124  )
( 221  94  244  )
( -166  260  -47  )
( -75  208  125  )
( -48  -20  236  )
( -187  116  -62  )
( 123  88  -260  )
( 79  282  -263  )
( -258  -73  -159  )
( -251  -88  -163  )
( -278  141  -119  )
( 282  -239  -118  )
( 115  -73  -215  )
( 20  -161  133  )
( -273  204  -70  )
( -110  157  38  )
( 124  -60  -25  )
( -6  16  53  )
( -93  -101  -198  )
( 299  37  -118  )
( 133  27  156  )
( -74  -146  -206  )
( 22  -103  262  )
( -193  16  -5  )
( 188  -225  34  )
( -276  -244  -291  )
( 100  -150  299  )
( 227  -170  -103  )
( 68  34  -13  )
( -71  -296  116  )
( -264  197  115  )
( -164  -254  -156  )
( 295  1  -110  )
( 297  -151  206  )
( -219  206  75  )
( -244  -6  -243  )
( -15  178  230  )
( -218  -118  -117  )
( 5  138  182  )
( 236  216  141  )
( -140  27  -35  )
( 75  103  -173  )
( 215  4  12  )
( 220  -274  -81  )
( -56  106  189  )
( -226  -18  43  )
( 127  -275  53  )
( 174  123  -129  )
( 246  11  137  )
( -164  -185  -207  )
( 240  -20  -13  )
( 107  180  -228  )
( -91  262  -239  )
( -15  133  230  )
( -83  155  22  )
( -281  -146  181  )
( -167  147  -122  )
( -91  203  -260  )
( -40  -252  -76  )
( 140  -178  182  )
( 18  28  -246  )
( -198  257  -113  )
( -217  8  -182  )
( 296  -145  -261  )
( 247  -10  261  )
( -41  -181  217  )
( 85  203  286  )
( 211  9  -165  )
( 114  -176  112  )
( -180  277  -138  )
( -23  154  101  )
( 293  -104  185  )
( -241  203  -118  )
( -249  169  241  )
( 290  187  184  )
( -181  126  228  )
( -243  -145  -128  )
( -67  233  131  )
( -166  227  -100  )
( -216  -100  -70  )
( -127  255  35  )
( -66  97  -194  )
( 49  -223  114  )
( -249  17  -201  )
( -91  -16  -259  )
( -182  -251  -188  )
( -160  -133  -108  )
( 4  226  -185  )
( -185  -97  -105  )
( -218  222  -161  )
( 163  -47  36  )
( -67  -163  -165  )
( -294  131  -37  )
( 285  219  -53  )
( -131  43  -255  )
( -61  180  -137  )
( -166  -272  -135  )
( -166  235  -245  )
( -28  290  268  )
( 47  -292  263  )
( -222  -51  214  )
( -210  -194  224  )
( -155  -245  5  )
( 98  -113  -288  )
( 128  188  -167  )
( 46  -43  25  )
( -88  -45  -236  )
( -205  66  -110  )
( -137  40  -237  )
( -274  54  -81  )
( -238  147  -123  )
( -234  212  -27  )
( -255  -121  -71  )
( 217  -19  224  )
( 59  -96  -229  )
( -181  259  167  )
( -277  232  48  )
( -77  -68  230  )
( -68  -180  -34  )
( -68  174  281  )
( 81  168  245  )
( 53  -175  -138  )
( 199  46  -26  )
( 36  69  217  )
( -115  -276  -260  )
( -245  -156  -243  )
( -164  42  272  )
( -115  -223  -224  )
( -106  286  15  )
( -171  57  31  )
( -292  -118  84  )
( -136  -58  63  )
( -283  134  133  )
( 293  242  -179  )
( -277  14  -136  )
( 78  125  -170  )
( 205  102  70  )
( -238  -282  159  )
( 185  -246  46  )
( -205  -39  -18  )
( -31  114  -295  )
( 36  -111  -219  )
( -33  200  10  )
( 220  -149  -43  )
( 19  190  216  )
( -247  -270  147  )
( 120  243  144  )
( -35  -286  148  )
( 231  101  268  )
( -199  271  139  )
( -3  201  171  )
( -203  188  -37  )
( -22  292  -46  )
( -152  -18  184  )
( 97  152  162  )
( 60  15  192  )
( 276  299  -194  )
( 71  -195  -133  )
( -16  157  204  )
( 107  -149  -48  )
( 121  80  131  )
( -23  -251  70  )
( -296  -243  -223  )
( 158  -242  29  )
( -66  -39  185  )
( 7  -271  38  )
( 133  -228  -167  )
( -222  -244  -42  )
( -163  -9  97  )
( 125  208  -289  )
( 73  191  209  )
( -153  -184  78  )
( -260  -295  100  )
( 226  -124  -148  )
( 189  111  239  )
( -101  90  -197  )
( 26  211  -208  )
( -63  243  -126  )
( 3  -139  -66  )
( 250  -91  -254  )
( 187  -39  -201  )
( -104  157  282  )
( -0  -256  -101  )
( 162  201  181  )
( -24  -173  -273  )
( -22  -182  -97  )
( 8  195  -176  )
( -246  148  -213  )
( -277  -28  -141  )
( -143  125  0  )
( -6  38  -80  )
( 151  130  -66  )
( 229  -129  25  )
( -225  -261  -130  )
( -50  -93  -194  )
( 154  -46  156  )
( -223  -94  -9  )
( -123  -192  111  )
( 44  289  205  )
( -291  186  77  )
( -263  12  -213  )
( 178  295  169  )
( -249  -51  -148  )
( -92  213  187  )
( -29  -278  219  )
( 11  170  -199  )
( 130  211  -266  )
( -21  -82  102  )
( 285  -44  -199  )
( 58  -2  265  )
( -36  139  177  )
( 290  -255  -245  )
( -138  149  -95  )
( -20  -155  85  )
( 222  227  -236  )
( 165  -31  194  )
( 293  -49  -292  )
( 66  -143  -20  )
( -271  -211  -142  )
( 259  235  -255  )
( 270  -227  -2  )
( 99  -124  -116  )
( 250  -208  121  )
( -69  265  -165  )
( 21  -242  272  )
( -88  -146  -186  )
( 53  56  -218  )
( 24  -23  -78  )
( 110  64  -69  )
( -25  -107  49  )
( -298  -233  -37  )
( -16  56  92  )
( 105  -261  28  )
( 219  89  169  )
( 83  -187  -11  )
( -193  -299  -41  )
( -290  -161  -257  )
( 73  52  113  )
( 164  83  65  )
( -272  263  -189  )
( 68  75  -190  )
( -110  -67  42  )
( -79  63  32  )
( -26  76  -48  )
( 265  -28  -243  )
( -97  156  -254  )
( -51  -197  63  )
( 41  -250  -261  )
( -212  -204  254  )
( 201  163  -170  )
( -100  -217  208  )
( -89  -201  246  )
( -297  -159  126  )
( 83  270  -257  )
( 225  -48  -69  )
( 266  235  49  )
( -141  18  231  )
( 238  -286  -176  )
( 144  62  -61  )
( 288  114  16  )
( 52  -132  187  )
( 214  295  -216  )
( 131  -247  38  )
( -287  283  -259  )
( -123  5  -179  )
( 157  66  -69  )
( 75  188  12  )
( 89  93  48  )
( 5  -19  -126  )
( 189  -254  -271  )
( 103  -46  251  )
( -160  -40  161  )
( -194  208  179  )
( -94  -272  -84  )
( -17  116  286  )
( -91  290  130  )
( -112  -222  -163  )
( -146  112  65  )
( 62  -105  -120  )
( -9  177  -51  )
( -22  -159  -180  )
( 54  272  61  )
( -276  46  55  )
( -88  183  -130  )
( 176  -112  -94  )
( 42  295  203  )
( 271  209  -119  )
( 194  -52  185  )
( 162  150  -260  )
( -218  -136  58  )
( -57  -273  -241  )
( -171  14  -118  )
( -150  73  56  )
( 189  -36  -254  )
( -48  71  139  )
( 275  -46  -267  )
( 57  77  267  )
( -254  117  -189  )
( 241  206  -269  )
( -213  145  -57  )
( -173  -240  297  )
( 291  -151  0  )
( -298  67  -90  )
( -199  -251  -144  )
( -32  173  112  )
( -53  66  -45  )
( -164  -138  -219  )
( 205  -117  -87  )
( 205  190  -58  )
( 267  -47  -26  )
( 90  -7  -202  )
( 183  -137  -170  )
( 113  -138  -55  )
( 119  175  219  )
( -250  12  236  )
( 69  168  -274  )
( 223  156  173  )
( 164  23  -60  )
( -23  -215  -183  )
( 109  -149  56  )
( -176  100  -60  )
( 45  -143  125  )
( 228  -259  175  )
( 135  14  -262  )
( -149  -47  -293  )
( 48  -263  120  )
( 272  -72  -12  )
( 240  -149  175  )
( 158  267  -174  )
( 98  -255  -274  )
( 290  80  -59  )
( 34  267  -40  )
( 75  -6  -132  )
( 133  287  -275  )
( 112  -131  -50  )
( 54  -225  287  )
( 275  125  146  )
( -260  234  269  )
( -280  43  69  )
( -181  156  183  )
( 115  182  -41  )
( -176  142  -123  )
( 63  -85  225  )
( -49  61  21  )
( -189  -258  132  )
( 129  -173  22  )
( -241  -223  215  )
( 53  -215  -116  )
( 168  152  -198  )
( 77  267  100  )
( -82  233  -6  )
( -114  264  231  )
( -135  26  293  )
( -296  -88  -222  )
( -240  13  -205  )
( -256  -231  -33  )
( 199  213  140  )
( 257  274  253  )
( 104  -282  70  )
( -228  -211  138  )
( -92  252  -291  )
( -3  -36  -211  )
( -101  39  -229  )
( -142  -287  259  )
( -86  -159  104  )
( -230  139  91  )
( 200  -39  -49  )
( 103  189  -194  )
( -166  102  -212  )
( 52  62  -102  )
( -233  -113  -8  )
( 226  270  -291  )
( -193  256  245  )
( -38  -140  52  )
( 64  -98  -70  )
( -11  -264  113  )
( 55  15  -134  )
( -262  -138  215  )
( 89  290  -161  )
( -0  -140  227  )
( 104  -138  59  )
( -221  262  98  )
( -128  -264  -278  )
( 8  -192  206  )
( -167  -168  261  )
( -295  197  117  )
( -229  -50  -209  )
( -131  -285  51  )
( 139  -227  -82  )
( -135  -221  -37  )
( 90  116  -175  )
( 118  257  153  )
( -34  -61  -271  )
( 167  281  -206  )
( 194  34  172  )
( 258  -239  -238  )
( -265  285  298  )
( 68  40  -143  )
( 166  90  220  )
( 68  143  -90  )
( -223  -27  215  )
( -194  -88  -292  )
( -141  42  -284  )
( -240  31  -201  )
( 181  139  -59  )
( -290  90  169  )
( -162  23  -53  )
( -78  -98  238  )
( 265  296  297  )
( -259  -121  102  )
( 203  195  -219  )
( 227  259  -187  )
( -118  -16  -188  )
( 157  -123  277  )
( -7  283  -15  )
( 191  24  38  )
( 185  159  172  )
( 182  -275  288  )
( 74  -25  40  )
( 86  79  -11  )
( -192  -101  -168  )
( -118  -82  145  )
( 219  -134  -31  )
( 170  -16  203  )
( 16  14  249  )
( -193  51  -263  )
( -12  155  -44  )
( 50  -34  -121  )
( -282  -189  -109  )
( 199  134  -104  )
( -219  -141  197  )
( -64  -62  -176  )
( 286  94  9  )
( 151  36  138  )
( 210  182  124  )
( 42  224  199  )
( 159  106  -259  )
( 22  2  -239  )
( 106  21  54  )
( -47  293  -249  )
( -6  238  -122  )
( -50  74  241  )
( -161  -66  -60  )
( -102  170  -272  )
( -105  83  -283  )
( -107  -176  -104  )
( 276  -158  -163  )
( -17  -258  -140  )
( 182  -153  -121  )
( -296  -53  -211  )
( 270  61  -11  )
( 14  -77  -8  )
( -6  222  -129  )
( 45  191  104  )
( -240  12  296  )
( 169  -126  146  )
( -50  -132  -268  )
( 145  -107  -61  )
( -264  -216  21  )
( -89  -22  54  )
( 66  -221  175  )
( -138  -278  -157  )
( -19  -297  277  )
( -68  -225  -274  )
( 39  72  219  )
( 5  -117  294  )
( -70  40  57  )
( -102  69  -244  )
( 94  -28  97  )
( -37  -204  177  )
( 212  205  230  )
( 72  53  238  )
( -210  256  -253  )
( 210  -256  131  )
( -63  23  198  )
( 237  -131  278  )
( -282  -133  147  )
( 295  -256  22  )
( 57  235  121  )
( 171  -146  -112  )
( 232  -144  195  )
( -92  57  -113  )
( -96  -168  33  )
( 135  -165  -200  )
( 233  41  -5  )
( -113  104  -5  )
( -82  -272  277  )
( -176  -143  199  )
( 165  217  105  )
( 51  263  -135  )
( 107  10  -270  )
( -86  135  -250  )
( 278  -159  100  )
( -245  280  -254  )
( -52  61  -134  )
( 55  -228  -208  )
( 223  144  106  )
( 102  -46  -185  )
( -53  -176  54  )
( -200  -176  -279  )
( -135  179  103  )
( 257  15  -179  )
( -248  -141  106  )
( 90  23  -37  )
( 232  33  -299  )
( 49  -221  28  )
( -114  -37  165  )
( -249  227  -161  )
( 244  -253  -248  )
( -218  114  -62  )
( 150  125  -266  )
( -265  126  128  )
( 164  -46  106  )
( 293  -295  -148  )
( 210  112  226  )
( 62  -285  205  )
( 45  -183  -197  )
( 27  -41  -186  )
( -259  35  -253  )
( -245  -234  288  )
( -219  -283  106  )
( -272  155  -104  )
( -52  -65  283  )
( 192  10  234  )
( 9  147  -241  )
( 161  281  95  )
( 168  284  -102  )
( 98  290  23  )
( 253  -296  42  )
( -86  192  -46  )
( 104  113  227  )
( 49  -161  -92  )
( -27  -43  178  )
( 109  222  237  )
( -219  -90  60  )
( -74  223  108  )
( -188  -170  -297  )
( 138  -84  -203  )
( 130  205  230  )
( 220  -39  -46  )
( 52  283  -227  )
( -85  -120  166  )
( 211  -202  142  )
( 277  -234  62  )
( 284  -115  -283  )
( 114  89  -10  )
( -284  -118  239  )
( 240  172  -206  )
( 8  1  -142  )
( -84  235  295  )
( 264  4  -135  )
( 193  59  229  )
( -212  58  -166  )
( 189  97  10  )
( 21  -154  -293  )
( -23  80  -206  )
( 3  -50  259  )
( -172  49  281  )
( 58  214  251  )
( 223  131  180  )
( -127  262  -281  )
( -259  21  163  )
( 270  15  259  )
( 58  148  -189  )
( 166  -261  -263  )
( 59  271  44  )
( 221  -131  289  )
( -259  -75  -268  )
( -144  -225  -31  )
( 214  43  -95  )
( 6  -158  196  )
( -102  61  24  )
( -113  -285  99  )
( -170  -257  80  )
( 21  148  13  )
( 146  -123  -282  )
( 69  -202  -290  )
( 39  46  -259  )
( -275  -269  40  )
( -148  -11  165  )
( -202  -74  79  )
( -75  -36  271  )
( -231  -12  -111  )
( -285  260  -236  )
( 284  166  126  )
( -50  12  -181  )
( -240  -15  110  )
( -37  -237  204  )
( -17  230  -20  )
( -157  -238  75  )
( -7  -37  228  )
( -218  58  13  )
( -86  -187  -71  )
( 14  -197  218  )
( 38  -280  -222  )
( -161  181  52  )
( 95  -265  -297  )
( 200  -268  260  )
( -197  225  222  )
( 106  248  175  )
( 173  234  -288  )
( -55  174  238  )
( -233  135  -91  )
( -147  24  -288  )
( -79  130  226  )
( -40  260  263  )
( -10  224  81  )
( -163  115  -235  )
( 169  -11  285  )
( -273  -167  215  )
( -50  245  166  )
( 215  89  96  )
( 129  65  81  )
( 30  68  43  )
( 275  214  109  )
( -261  -3  226  )
( -198  11  287  )
( 229  -110  -235  )
( 114  -252  -57  )
( 153  -53  137  )
( 153  -228  -42  )
( -269  -206  -81  )
( -268  -40  -175  )
( 7  245  -146  )
( -172  -82  -239  )
( -30  -250  261  )
( 63  -146  -297  )
( 80  149  53  )
( -209  253  -10  )
( -292  298  209  )
( -258  86  -36  )
( -54  298  -188  )
( 284  26  -249  )
( 42  186  -213  )
( 65  -165  -45  )
( -254  12  121  )
( 120  -92  168  )
( 195  261  248  )
( -93  -157  17  )
( 105  60  287  )
( -145  122  -178  )
( -179  -56  -65  )
( -207  115  130  )
( -189  41  -225  )
( 237  291  48  )
( 190  -271  -260  )
( 79  286  224  )
( -149  284  -259  )
( 166  -60  153  )
( -61  -5  83  )
( -297  182  -268  )
( -127  92  286  )
( 85  -108  5  )
( 30  -241  -288  )
( -262  -253  -195  )
( -166  36  162  )
( -52  -266  -171  )
( -243  -211  263  )
( 215  184  -42  )
( -269  -38  -57  )
( -295  -62  -100  )
( 90  -208  -113  )
( -219  -206  -1  )
( -68  59  111  )
( -46  -208  -55  )
( -202  -222  20  )
( -210  -139  -251  )
( 172  182  251  )
( 110  244  266  )
( -80  237  -177  )
( 92  -280  -147  )
( -238  -27  200  )
( 189  -62  -74  )
( -234  -249  -80  )
( -263  -206  79  )
( 202  271  -103  )
( -166  -189  -285  )
( -212  -189  -191  )
( -70  172  102  )
( -115  235  299  )
( -272  -116  165  )
( -85  -247  56  )
( 222  33  275  )
( -118  74  92  )
( -171  248  149  )
( -91  -132  67  )
( 277  77  -231  )
( -34  162  -191  )
( -55  -283  -177  )
( 61  -33  32  )
( 208  -234  -136  )
( -133  169  -62  )
( -79  -269  -25  )
( -180  -170  258  )
( -244  227  149  )
( -202  89  -289  )
( 156  -174  -285  )
( -29  41  100  )
( 230  204  -0  )
( 258  -32  -123  )
( -167  6  38  )
( -6  -70  -129  )
( -247  -89  -38  )
( 30  -28  -237  )
( 122  113  213  )
( 108  -174  -286  )
( -80  116  192  )
( -60  85  -105  )
( 296  -243  148  )
( -256  -173  -82  )
( 127  246  -71  )
( -125  -233  283  )
( -192  95  161  )
( 10  -170  173  )
( -248  -170  249  )
( 265  247  88  )
( -65  129  202  )
( 99  -153  284  )
( -104  103  -105  )
( 282  177  22  )
( -162  -149  -154  )
( -242  -177  -110  )
( -3  -33  -156  )
( 256  -9  125  )
( -114  220  68  )
( 7  -92  -158  )
( -170  -253  61  )
( 251  146  -150  )
( 224  145  -157  )
( -221  -85  203  )
( 133  239  -87  )
( 268  -239  -246  )
( -169  138  -173  )
( -191  -187  -209  )
( -63  -122  18  )
( -80  178  268  )
( -280  -43  -161  )
( 260  -8  258  )
( 253  76  169  )
( -241  285  -202  )
( 34  -59  281  )
( 114  -42  58  )
( -59  198  -154  )
( 152  251  -76  )
( 129  54  -133  )
( 255  -81  -168  )
( 233  -18  -147  )
( -22  -86  92  )
( -110  11  -140  )
( 167  -18  -109  )
( -31  -97  -175  )
( 231  -116  -183  )
( 299  31  -264  )
( -103  -123  182  )
( -129  -64  271  )
( 152  138  129  )
( 99  -201  -76  )
( -251  -256  16  )
( -204  89  157  )
( 25  -82  208  )
( -45  -262  129  )
( -185  -293  97  )
( -61  -32  -204  )
( -36  274  -137  )
( -3  -287  278  )
( -208  -182  -107  )
( 281  -243  -275  )
( -282  178  -264  )
( -288  63  -233  )
( -211  119  -84  )
( 170  93  192  )
( -51  -38  81  )
( -287  141  293  )
( 46  184  -5  )
( 220  -165  28  )
( 232  94  -85  )
( 5  -7  -187  )
( 131  -286  115  )
( -46  257  -117  )
( 163  166  93  )
( 224  6  -282  )
( -58  225  285  )
( 50  -16  -40  )
( 128  -217  -45  )
( -23  32  6  )
( 110  196  30  )
( 263  297  -14  )
( -8  -56  85  )
( 20  -276  210  )
( -68  -49  134  )
( -261  -36  -231  )
( 287  267  146  )
( -232  195  9  )
( 38  -225  244  )
( 40  -170  112  )
( -205  229  -150  )
( 237  -78  121  )
( 61  -151  138  )
( 217  -183  197  )
( 179  -243  -83  )
( 229  120  51  )
( 149  -59  -154  )
( -79  -16  130  )
( 180  63  -279  )
( 277  212  -144  )
( 225  131  295  )
( -142  -132  -225  )
( 206  121  17  )
( -146  160  -78  )
( 181  -231  296  )
( 210  -220  -278  )
( -272  67  247  )
( 38  -179  -237  )
( -287  -175  -93  )
( 29  -171  -175  )
( 134  -234  262  )
( 129  -93  66  )
( 261  150  215  )
( 26  118  149  )
( 260  280  38  )
( 172  -233  34  )
( -51  283  -170  )
( -82  -281  -56  )
( -103  63  -241  )
( -135  -96  198  )
( -96  -291  41  )
( -257  -243  -270  )
( 146  299  113  )
( 265  113  128  )
( 199  -40  67  )
( 139  -16  -293  )
( -230  188  -238  )
( -189  -190  -286  )
( -25  -13  281  )
( -158  24  68  )
( -3  279  -264  )
( -22  250  -289  )
( -49  130  134  )
( -194  -100  -96  )
( 86  254  -151  )
( -218  -17  -299  )
( 29  58  47  )
( -100  126  220  )
( -237  -80  187  )
( 198  285  121  )
( -221  51  -130  )
( -34  -123  -202  )
( -18  -177  -75  )
( 77  202  275  )
( 35  219  -271  )
( -287  -25  181  )
( -257  -242  163  )
( -49  -171  210  )
( 294  168  284  )
( -239  176  -138  )
( 11  -89  -10  )
( -167  103  -119  )
( -162  7  25  )
( -240  -155  107  )
( -136  276  48  )
( 163  42  242  )
( 74  55  150  )
( -201  -120  59  )
( 58  54  -238  )
( 99  290  202  )
( -84  -175  278  )
( -200  73  -3  )
( 264  259  -101  )
