( -249  -181  -201  )
( -52  -230  -296  )
( -255  187  276  )
( -142  163  193  )
( 197  -79  187  )
( -3  189  -142  )
( -245  199  -46  )
( 113  86  -227  )
( -116  -213  -263  )
( -144  -4  137  )
( -204  -185  99  )
( -106  296  241  )
( -2  148  -293  )
( -291  -193  -114  )
( -283  62  -298  )
( -291  189  207  )
( -243  -16  -253  )
( -105  0  -12  )
( -287  88  116  )
( -183  -76  33  )
( -249  245  -75  )
( 62  233  -115  )
( -39  -8  269  )
( -102  -61  254  )
( 54  -116  -253  )
( -36  79  -59  )
( 153  150  -250  )
( -248  151  -190  )
( 87  -207  -282  )
( 257  248  36  )
( -277  161  -156  )
( 1  212  -102  )
( 87  -288  121  )
( 228  157  -73  )
( 168  -139  -84  )
( -276  131  -106  )
( 100  -199  143  )
( -101  137  54  )
( 214  166  143  )
( -30  -26  -235  )
( 285  227  156  )
( 156  208  -291  )
( 273  -44  124  )
( -159  -227  -96  )
( 127  239  261  )
( -83  297  21  )
( -22  275  200  )
( -124  -104  -198  )
( -125  -246  10  )
( 56  -242  -233  )
( 212  -92  -28  )
( -108  218  95  )
( -48  -49  203  )
( 2  109  172  )
( 227  58  -272  )
( 71  -233  191  )
( -267  60  -208  )
( 184  191  202  )
( -185  236  102  )
( -264  284  -278  )
( -59  -120  -190  )
( 96  -212  121  )
( -67  -249  -178  )
( 86  203  190  )
( 151  131  223  )
( -152  104  82  )
( -20  142  158  )
( 129  -112  -10  )
( -122  -280  -298  )
( -261  -4  -67  )
( -128  298  -75  )
( -175  22  -147  )
( -239  -299  -89  )
( -36  24  125  )
( 273  44  299  )
( 188  51  297  )
( -32  -195  -243  )
( -203  136  42  )
( -188  -283  -10  )
( 47  -152  -53  )
( -177  -87  -238  )
( -282  286  -229  )
( 102  -136  293  )
( -119  296  173  )
( -87  -109  -239  )
( 39  -177  115  )
( -219  92  276  )
( -25  -190  -17  )
( 145  -58  75  )
( -209  -38  65  )
( 166  198  150  )
( -167  236  292  )
( 59  26  -292  )
( -152  49  0  )
( 118  -210  272  )
( 234  130  -118  )
( 228  105  -3  )
( -130  69  85  )
( -216  -98  125  )
( -47  -97  96  )
( 287  -207  84  )
( -172  28  188  )
( 201  -220  159  )
( -34  256  -15  )
( -176  -170  -45  )
( 60  246  -52  )
( -179  -292  -82  )
( 204  -84  -169  )
( 247  -154  -19  )
( 45  -257  7  )
( 121  152  -95  )
( 35  -171  176  )
( -50  96  138  )
( -259  279  -62  )
( -7  126  173  )
( 138  73  75  )
( 268  237  -286  )
( 235  219  -32  )
( -54  -109  -23  )
( -155  232  18  )
( 237  211  -180  )
( -89  31  9  )
( 173  -28  47  )
( 84  153  -228  )
( -218  -114  -267  )
( -280  104  193  )
( 245  43  113  )
( -290  -146  -162  )
( 171  -139  145  )
( 7  181  153  )
( 118  -289  13  )
( 2  277  275  )
( -61  -59  -3  )
( 285  90  -14  )
( -108  -136  -239  )
( 151  26  -289  )
( -260  -56  -89  )
( 225  250  42  )
( -58  -13  -272  )
( -142  221  -166  )
( 286  36  -157  )
( -252  226  283  )
( -89  242  -148  )
( -254  -227  145  )
( -203  242  65  )
( 211  -108  111  )
( -227  -281  112  )
( 108  -100  192  )
( 282  120  -103  )
( 77  -50  -161  )
( -244  30  -196  )
( 46  133  221  )
( 78  245  -256  )
( -217  -233  -95  )
( -231  -234  90  )
( 125  295  -244  )
( 284  5  126  )
( 293  170  269  )
( 156  121  -287  )
( -275  46  -76  )
( -295  -173  -236  )
( 133  26  -251  )
( 18  253  -222  )
( -115  33  294  )
( -227  -276  -41  )
( -191  -283  -17  )
( -204  -287  63  )
( -168  -295  -21  )
( 295  52  -187  )
( 230  -246  38  )
( 250  210  64  )
( 204  37  131  )
( -96  100  -184  )
( -45  -210  -99  )
( -23  233  -94  )
( 60  242  -264  )
( -253  -245  283  )
( 219  46  -248  )
( -245  120  -71  )
( 117  -295  15  )
( 223  86  296  )
( 239  -99  27  )
( 255  -267  -97  )
( 38  -128  -41  )
( -126  94  -249  )
( 49  278  -253  )
( -244  -164  115  )
( -299  252  5  )
( 178  121  -175  )
( -25  237  274  )
( 216  -94  -182  )
( 289  -184  -129  )
( 38  -281  -178  )
( -102  -245  273  )
( 200  23  -292  )
( 258  185  238  )
( -166  -28  125  )
( -161  220  136  )
( -111  -294  112  )
( -56  -293  272  )
( -116  49  -114  )
( -73  -126  -254  )
( -86  209  78  )
( -246  72  269  )
( 116  64  226  )
( 164  -214  -137  )
( -20  -285  99  )
( -66  288  269  )
( 63  68  -154  )
( 246  -228  -208  )
( -96  -82  288  )
( -127  27  -267  )
( 285  -122  -297  )
( -138  244  -194  )
( -117  257  275  )
( -269  -124  -23  )
( -256  -84  -221  )
( -167  -50  -66  )
( -72  28  -292  )
( 47  55  129  )
( 226  86  49  )
( -146  -126  249  )
( 116  258  -222  )
( -246  -142  71  )
( 75  195  -254  )
( -81  90  33  )
( 27  92  -37  )
( 106  220  193  )
( 192  -235  -61  )
( 227  -232  -148  )
( 244  -86  -51  )
( -170  -140  -59  )
( -135  -83  -112  )
( 192  -132  -171  )
( 276  225  251  )
( -256  270  173  )
( -290  254  -122  )
( -9  81  -257  )
( 222  286  -186  )
( -45  26  260  )
( -251  268  -120  )
( -71  -258  145  )
( -273  158  -284  )
( -272  257  -239  )
( 237  -127  7  )
( 140  147  -109  )
( 63  95  -71  )
( -211  291  -192  )
( -158  -72  -259  )
( -223  81  246  )
( 222  -254  -221  )
( -68  -198  -207  )
( 222  -46  22  )
( 249  -109  -152  )
( 223  207  222  )
( 73  1  279  )
( 156  -66  -175  )
( 194  -223  136  )
( 76  291  95  )
( 240  248  -115  )
( 237  -48  -280  )
( -201  -155  -64  )
( 221  -194  289  )
( 245  -162  10  )
( 215  210  -259  )
( 76  -207  -253  )
( -181  95  -89  )
( 186  -185  58  )
( -1  104  -256  )
( 62  -129  -266  )
( 16  -247  27  )
( 247  -96  75  )
( -231  205  -64  )
( -175  0  -297  )
( 54  -293  31  )
( 58  -110  -287  )
( 125  62  172  )
( 284  -244  -90  )
( 73  -35  -299  )
( -261  -139  192  )
( -68  -298  -99  )
( 114  96  -170  )
( 110  23  77  )
( -152  -284  214  )
( -25  291  250  )
( -84  114  191  )
( -299  56  -94  )
( -5  16  190  )
( 85  -162  -264  )
( -234  -76  -78  )
( -34  -130  210  )
( 144  -296  -200  )
( 80  95  222  )
( -84  10  -77  )
( 246  -78  -1  )
( -113  -244  -108  )
( -37  -124  253  )
( 106  12  -177  )
( 230  -147  184  )
( -212  284  52  )
( -46  -175  -201  )
( -228  42  -298  )
( -112  -24  -1  )
( -145  20  -173  )
( 27  64  -189  )
( -210  -68  62  )
( -198  -184  228  )
( 157  -258  225  )
( -79  -185  4  )
( -30  -163  -208  )
( -288  -11  167  )
( -6  -58  -43  )
( 249  36  -200  )
( 79  -211  -30  )
( -188  -297  227  )
( -35  -6  113  )
( 113  -19  -196  )
( -105  141  256  )
( -229  -168  125  )
( -298  -51  41  )
( -298  224  149  )
( 91  203  172  )
( 251  -110  171  )
( -18  162  17  )
( 294  -256  170  )
( 171  62  -134  )
( -130  -17  158  )
( 6  -81  110  )
( 1  223  -26  )
( 25  15  -70  )
( -167  54  155  )
( -54  -148  -264  )
( 269  215  -31  )
( -106  -111  -46  )
( -123  -144  62  )
( -231  -126  279  )
( 271  135  95  )
( -93  -134  -185  )
( 199  -118  -38  )
( -101  191  -125  )
( -110  -283  125  )
( -233  218  -27  )
( 104  295  268  )
( -67  84  -146  )
( 52  -19  85  )
( -269  -211  -0  )
( 151  -58  -180  )
( -45  -74  -236  )
( -5  10  -194  )
( 171  -101  279  )
( 61  -287  -219  )
( 121  -252  -93  )
( -43  68  -298  )
( 214  56  -60  )
( 183  172  -92  )
( 246  1  -99  )
( -111  119  -99  )
( 231  -205  -79  )
( -224  -291  295  )
( -36  -130  -126  )
( -75  -266  -190  )
( -118  151  64  )
( -199  -47  -107  )
( 219  95  -196  )
( -185  108  -24  )
( -212  210  299  )
( -233  257  -64  )
( 73  91  -133  )
( 139  264  246  )
( -188  -258  -71  )
( -296  -9  -159  )
( -3  135  -272  )
( -262  -266  156  )
( 249  166  234  )
( 238  -152  -28  )
( 116  12  -182  )
( -193  -16  -122  )
( 272  -165  177  )
( 218  -80  -129  )
( 26  -67  24  )
( 96  -28  119  )
( 196  -239  -120  )
( -262  -299  -178  )
( -211  236  -32  )
( -186  165  -201  )
( 172  -40  166  )
( -181  204  -114  )
( 14  122  25  )
( 187  -223  -211  )
( -103  190  -180  )
( 121  -207  -122  )
( -76  134  -215  )
( -82  207  -101  )
( 211  250  -151  )
( -220  278  96  )
( 7  90  -245  )
( 274  -10  -248  )
( 155  60  148  )
( 217  145  75  )
( -209  30  -107  )
( 3  179  24  )
( 255  -172  143  )
( 96  291  -68  )
( -156  6  217  )
( 177  269  276  )
( -95  19  77  )
( -108  -179  -13  )
( 75  -211  191  )
( -263  218  65  )
( -98  -116  92  )
( 170  -218  261  )
( 116  -141  -262  )
( -216  -184  -275  )
( -68  138  -187  )
( 48  -165  -298  )
( -44  202  -153  )
( -199  -272  -145  )
( -45  -177  64  )
( -78  2  -102  )
( 104  -122  23  )
( -135  254  198  )
( -160  117  -166  )
( 298  104  -222  )
( -144  125  91  )
( 45  89  -299  )
( -178  61  -171  )
( -159  -229  266  )
( -248  35  -0  )
( -260  -141  -168  )
( 35  68  150  )
( 250  57  -248  )
( -23  -175  95  )
( -172  -13  -266  )
( 147  4  78  )
( -121  185  -94  )
( -20  23  -29  )
( 45  107  -86  )
( -179  286  12  )
( 140  139  -10  )
( 67  155  158  )
( 174  248  -36  )
( 124  58  238  )
( 274  106  148  )
( -103  -142  157  )
( -266  167  271  )
( 295  -175  -100  )
( 148  254  -31  )
( -39  -112  -185  )
( -149  -168  71  )
( -227  173  -211  )
( 41  188  150  )
( -271  231  -71  )
( 201  225  138  )
( 33  -49  198  )
( -275  158  167  )
( -169  226  -94  )
( 49  -110  78  )
( 34  106  -269  )
( -245  290  -299  )
( 283  196  -281  )
( -53  -285  -149  )
( -12  99  244  )
( 60  169  -234  )
( 128  -61  18  )
( -288  -23  -170  )
( 235  14  -75  )
( 249  163  -285  )
( -151  -83  41  )
( -132  290  -150  )
( -128  214  -191  )
( 121  240  -8  )
( 192  154  -209  )
( -25  88  212  )
( 64  184  -195  )
( -130  -183  143  )
( -84  -105  -20  )
( 239  225  66  )
( -168  11  -274  )
( -142  -164  -44  )
( -102  -118  -62  )
( -213  271  152  )
( 207  -116  161  )
( 133  113  -253  )
( -15  -272  -60  )
( 152  281  211  )
( 73  297  -77  )
( 98  -258  62  )
( 77  1  72  )
( -97  -218  161  )
( 159  32  71  )
( 68  -265  -277  )
( -252  -55  83  )
( -175  -219  -70  )
( 135  25  61  )
( -123  -109  -79  )
( 29  68  -127  )
( -238  199  224  )
( -154  -59  -71  )
( -179  23  -201  )
( 155  -167  -267  )
( 113  46  293  )
( 296  -254  -128  )
( 137  224  -101  )
( 153  28  -143  )
( -148  85  -236  )
( 200  -18  105  )
( -259  218  -7  )
( -156  205  -225  )
( 110  -214  242  )
( -111  -17  -156  )
( 294  143  257  )
( -97  -140  66  )
( -92  -84  259  )
( -167  -67  51  )
( 102  199  44  )
( 247  -124  121  )
( -149  -179  64  )
( -88  234  -214  )
( 41  -266  -279  )
( 26  -278  -183  )
( 42  -85  -265  )
( -210  -292  -23  )
( -228  -203  -1  )
( -270  -289  99  )
( 177  41  -6  )
( 151  -95  157  )
( 229  119  218  )
( -230  176  50  )
( 32  269  -218  )
( 196  -110  11  )
( -170  156  119  )
( 51  246  277  )
( -35  161  258  )
( 18  26  -228  )
( 76  -48  103  )
( 297  -28  -169  )
( 274  60  31  )
( 60  -233  -143  )
( 201  111  -188  )
( -107  -113  146  )
( -208  160  -190  )
( -44  -210  -23  )
( 197  -264  -261  )
( -126  -263  70  )
( -214  9  -170  )
( 191  -50  291  )
( 227  -140  249  )
( -51  230  209  )
( 184  -77  -173  )
( -84  192  259  )
( -243  -135  3  )
( 256  140  99  )
( 139  -269  -33  )
( -268  182  -51  )
( 191  231  110  )
( 113  283  108  )
( 189  -220  201  )
( -25  83  -61  )
( 36  -161  228  )
( -77  -89  -141  )
( -189  157  -32  )
( -24  279  -121  )
( 86  43  -143  )
( -286  221  -59  )
( 232  -262  -197  )
( 280  202  160  )
( -138  -273  -16  )
( -258  -139  -210  )
( -140  -238  11  )
( 96  93  -80  )
( 124  -176  -293  )
( 288  -110  209  )
( 14  -62  276  )
( 218  186  -202  )
( 286  174  14  )
( -30  -23  44  )
( 18  -172  130  )
( -61  -35  152  )
( -77  136  -139  )
( 299  -86  151  )
( -58  61  -83  )
( -21  -187  102  )
( -138  221  -130  )
( -295  137  202  )
( -121  111  -148  )
( -234  -258  149  )
( 109  -83  76  )
( -60  137  -66  )
( 67  53  -83  )
( -207  220  -88  )
( -208  -193  277  )
( -44  281  293  )
( -144  -142  240  )
( -62  274  -265  )
( 43  -171  127  )
( 186  233  244  )
( -266  110  -121  )
( 240  39  80  )
( -159  218  -253  )
( 257  -262  6  )
( 107  72  12  )
( 104  -278  97  )
( -36  206  -155  )
( 49  130  -287  )
( 186  -86  -213  )
( -157  -182  103  )
( -198  263  293  )
( 65  -23  -250  )
( -21  134  -195  )
( 159  19  -124  )
( -124  -163  236  )
( 84  297  10  )
( -136  -96  77  )
( -86  -242  -42  )
( 120  -90  192  )
( -95  -2  -248  )
( -85  -193  -17  )
( -98  108  94  )
( -170  -183  176  )
( -193  -56  176  )
( 139  -286  -164  )
( -71  20  -281  )
( -256  -92  253  )
( -183  206  -254  )
( 173  -127  258  )
( 121  274  281  )
( 98  -91  250  )
( 169  -176  49  )
( 287  -86  69  )
( -148  -161  -124  )
( 291  242  -250  )
( 9  -151  134  )
( -256  -2  43  )
( 259  -120  167  )
( 154  46  168  )
( -154  78  -168  )
( -119  -32  -255  )
( 26  -69  -49  )
( 62  -202  113  )
( 21  143  -65  )
( -98  62  -40  )
( -140  175  221  )
( -33  183  219  )
( -155  -195  -62  )
( 179  -23  77  )
( -164  96  99  )
( 54  6  165  )
( -144  23  -257  )
( 287  87  -189  )
( 193  294  61  )
( 239  265  42  )
( -108  55  80  )
( 74  -52  28  )
( -204  -18  -136  )
( -151  -167  145  )
( 132  -126  -190  )
( 33  220  -276  )
( 172  -28  -189  )
( 84  -93  -8  )
( -121  238  108  )
( 43  -121  -181  )
( -222  203  82  )
( -18  -225  -26  )
( -19  154  204  )
( 242  146  247  )
( 152  -136  -229  )
( -108  299  -77  )
( -299  241  251  )
( 259  -135  6  )
( -21  292  169  )
( -83  -129  -259  )
( 60  142  78  )
( 62  -126  88  )
( -143  171  136  )
( -152  -189  -50  )
( 114  21  -273  )
( -113  132  -91  )
( 294  -60  204  )
( 229  -53  278  )
( 270  289  -48  )
( 197  -122  -209  )
( 73  -165  267  )
( -130  237  282  )
( 21  -157  175  )
( 292  -95  -114  )
( 26  -242  -169  )
( 93  233  -130  )
( -83  -44  253  )
( 227  -76  -200  )
( 21  283  -227  )
( 153  -43  268  )
( -75  -132  -18  )
( -92  74  120  )
( -187  -14  134  )
( -58  48  202  )
( -289  136  52  )
( 24  87  -277  )
( -285  121  89  )
( -169  186  -110  )
( 8  -109  242  )
( -156  14  288  )
( 250  -50  -290  )
( 298  201  -11  )
( -126  -180  -115  )
( -235  28  44  )
( -72  26  -100  )
( -120  -189  -133  )
( 116  -1  140  )
( -134  -234  119  )
( 14  84  -256  )
( -185  -66  184  )
( 172  231  -133  )
( -94  -186  -17  )
( 161  -107  178  )
( -116  -9  174  )
( -169  111  -26  )
( 155  29  -39  )
( -194  159  -27  )
( -234  151  -268  )
( -148  247  -45  )
( 16  -68  -264  )
( 199  -28  114  )
( 70  -63  156  )
( -61  -204  195  )
( 158  -18  213  )
( -248  -190  238  )
( -287  267  231  )
( -54  -199  217  )
( -252  215  -151  )
( 172  147  -275  )
( 5  -165  -144  )
( -184  -76  75  )
( -201  292  -204  )
( -3  91  -258  )
( 72  249  -202  )
( 204  -91  156  )
( 235  -125  -23  )
( 100  167  42  )
( -267  -128  2  )
( 119  -185  -221  )
( -56  222  25  )
( 260  -9  -188  )
( -175  6  -250  )
( -236  261  54  )
( 152  242  -248  )
( -52  -215  -125  )
( 184  217  -63  )
( 243  172  -103  )
( -199  -166  -185  )
( -166  -269  -3  )
( -282  14  -13  )
( -20  -226  239  )
( 157  -244  141  )
( -232  286  -236  )
( 85  163  258  )
( 180  -201  -120  )
( 91  -289  251  )
( 8  -256  -199  )
( -39  -47  147  )
( -108  116  55  )
( 214  -267  163  )
( 72  289  -139  )
( 3  169  48  )
( 103  -134  -292  )
( 40  214  -135  )
( 251  -48  -182  )
( -106  -269  58  )
( -129  -149  2  )
( -145  123  -57  )
( 273  234  176  )
( 217  -54  -123  )
( 243  0  109  )
( -285  23  -162  )
( -236  -145  141  )
( 244  70  59  )
( 131  74  182  )
( -223  33  213  )
( -220  6  101  )
( 154  96  256  )
( 125  -256  -120  )
( -280  -175  -5  )
( 78  253  168  )
( 159  22  0  )
( -195  279  134  )
( 134  166  68  )
( -24  -60  -33  )
( -199  -197  165  )
( 58  237  -4  )
( -293  209  -292  )
( 144  65  173  )
( 246  -84  -151  )
( -51  238  44  )
( -138  -142  106  )
( -160  41  -203  )
( -185  174  297  )
( 153  -225  38  )
( 5  278  80  )
( -232  280  211  )
( 59  230  -297  )
( 47  135  22  )
( 73  -116  240  )
( 239  169  136  )
( -78  177  -223  )
( 143  -109  -232  )
( 297  -96  -25  )
( -236  142  89  )
( -198  -197  168  )
( -224  -57  253  )
( -156  164  184  )
( -296  -198  181  )
( 262  -67  184  )
( -92  -128  -78  )
( -74  -36  -177  )
( -161  296  -3  )
( -187  214  18  )
( 2  -133  -296  )
( -278  138  -26  )
( 82  -144  -5  )
( 216  -43  -248  )
( 147  -49  175  )
( -201  -173  184  )
( 266  -251  -58  )
( 29  66  -140  )
( -121  -265  218  )
( -76  19  -18  )
( 273  103  -178  )
( 245  -58  -246  )
( -298  -71  279  )
( -161  91  164  )
( 129  36  149  )
( -119  207  -278  )
( 106  194  -52  )
( -268  -250  -181  )
( -2  49  -255  )
( -113  53  160  )
( 73  139  -295  )
( -235  154  215  )
( 72  145  -54  )
( -240  277  -101  )
( 111  -139  123  )
( 89  -298  213  )
( -268  -77  -131  )
( -45  -248  48  )
( -10  -77  -224  )
( 72  228  -77  )
( -22  -84  -196  )
( 212  65  172  )
( 281  -60  -122  )
( 174  179  -133  )
( -24  73  46  )
( -115  -93  174  )
( -98  -44  176  )
( 284  104  44  )
( 96  -210  127  )
( 13  -181  -244  )
( 135  -161  -106  )
( -202  -82  287  )
( 26  -168  -60  )
( 167  -238  55  )
( 279  65  114  )
( -149  -55  -150  )
( -261  166  -69  )
( 69  -26  -295  )
( -234  153  28  )
( -201  228  99  )
( 156  77  166  )
( 195  -127  50  )
( 253  -6  -215  )
( 102  -72  -116  )
( -246  -44  208  )
( 164  44  41  )
( 110  -13  -55  )
( -8  10  23  )
( -266  -286  -77  )
( -299  90  251  )
( 177  -287  -78  )
( -220  -288  240  )
( -167  -128  -259  )
( -196  -272  102  )
( -155  -49  209  )
( -95  -101  134  )
( -47  -220  -119  )
( -19  -207  99  )
( 206  8  -245  )
( 254  -296  -126  )
( 101  -245  -239  )
( 101  295  -18  )
( -267  225  5  )
( -266  -112  -66  )
( 36  194  255  )
( -150  3  1  )
( 251  142  116  )
( 18  264  39  )
( 297  -3  287  )
( -151  118  216  )
( -132  250  261  )
( 66  -87  -180  )
( 270  -5  -244  )
( 256  152  151  )
( -200  83  -176  )
( -232  -219  -106  )
( 166  -178  118  )
( -123  146  -273  )
( -103  -242  167  )
( -139  -24  -297  )
( -1  -86  128  )
( -287  -2  -40  )
( 261  -176  -25  )
( -102  260  61  )
( 245  149  -287  )
( 101  221  -296  )
( 247  -153  -116  )
( 187  -170  -13  )
( -255  -123  -180  )
( -218  199  -297  )
( -299  -152  -223  )
( 42  148  212  )
( 200  -69  -34  )
( -107  10  -280  )
( 74  213  233  )
( -268  -165  -100  )
( -151  -17  -117  )
( -142  -127  72  )
( 193  34  120  )
( 131  -280  272  )
( -89  -46  -24  )
( 3  -76  282  )
( 239  105  -294  )
( -173  -201  229  )
( 195  -40  72  )
( -5  -84  -280  )
( -263  -95  -82  )
( 282  71  -1  )
( 18  189  150  )
( 58  242  114  )
( 242  157  -99  )
( -191  -88  -185  )
( 159  294  225  )
( 173  178  -100  )
( 23  -186  18  )
( -156  -177  253  )
( -147  -243  -178  )
( -108  162  -26  )
( 23  -261  -206  )
( 213  -94  -269  )
( 253  178  188  )
( 70  227  -86  )
( -199  125  -240  )
( -288  161  251  )
( -88  -123  244  )
( 182  211  229  )
( 281  -295  250  )
( -258  -223  222  )
( 76  -15  39  )
( 112  -270  233  )
( -53  -141  -187  )
( -210  -167  222  )
( 81  -41  -74  )
( -96  52  -291  )
( -141  -271  65  )
( -148  139  112  )
( 254  205  89  )
( 157  -129  166  )
( -79  -273  -172  )
( -55  -27  86  )
( -7  167  -228  )
( -298  -219  -245  )
( 161  -226  -231  )
( 194  -244  27  )
( -36  87  -216  )
( -231  99  -293  )
( -121  -239  -106  )
( -28  -192  226  )
( 240  2  146  )
( 269  -241  -47  )
( -94  -153  -120  )
( -196  -167  -65  )
( 191  -289  199  )
( -274  290  -145  )
( 104  96  -74  )
( 199  -213  -76  )
( -153  -124  -145  )
( -61  -262  280  )
( -242  11  229  )
( -89  26  213  )
( 120  65  161  )
( 153  139  -298  )
( 146  66  94  )
( -66  -42  -219  )
( -52  -140  -161  )
( -95  -183  -221  )
( 24  68  5  )
( 239  -177  269  )
( 265  218  -43  )
( -128  -70  -137  )
( -25  -295  21  )
( 240  166  -174  )
( -165  -249  -227  )
( -28  266  13  )
( 21  -119  -163  )
( -290  -190  285  )
( 39  283  -158  )
( 217  69  -232  )
( -55  -272  -123  )
( -148  241  237  )
( 63  -44  -173  )
( -261  -275  3  )
( 185  -192  73  )
( -295  20  16  )
( 200  93  178  )
( -41  239  278  )
( 7  17  222  )
( 63  -45  -33  )
( 243  -211  -260  )
( -68  232  -272  )
( -110  38  125  )
( -241  264  36  )
( -290  -196  265  )
( 262  -120  255  )
( -171  112  -49  )
( 157  117  -87  )
( -268  -298  -75  )
( -38  -63  40  )
( 235  -258  43  )
( 121  36  278  )
( -31  -52  231  )
( -96  106  -226  )
( -7  105  169  )
( 201  -293  116  )
( 185  -101  -45  )
( 120  81  -205  )
( 150  -164  -148  )
( 101  -296  151  )
( -205  -220  -140  )
( -9  -73  -27  )
( -75  39  161  )
( -266  145  25  )
( 67  -292  -113  )
( 282  172  243  )
( 101  -228  -84  )
( -292  257  77  )
( -293  217  -70  )
( 37  69  -237  )
( -165  -122  141  )
( -261  215  35  )
( 76  -99  254  )
( -262  -111  -275  )
( -229  20  24  )
( 73  -116  224  )
( -154  176  55  )
( -66  -206  -0  )
( -272  -111  -136  )
( -141  -148  -238  )
( -18  32  89  )
( -247  121  -296  )
( -145  -7  246  )
( -75  20  10  )
( -93  239  -254  )
( 131  -167  137  )
( -298  45  -108  )
( 27  -149  84  )
( 99  245  -133  )
( 216  -277  240  )
( -155  -137  -2  )
( 12  -105  108  )
( -134  -218  -264  )
( 95  -209  75  )
( -261  197  83  )
( 249  279  293  )
( 157  -90  165  )
( 31  235  -191  )
( -14  -233  164  )
( 261  299  -63  )
( 179  -82  272  )
( 292  250  61  )
( -241  198  -74  )
( -24  102  142  )
( -149  -186  152  )
( 259  209  -152  )
( 191  -57  -294  )
( 105  -253  -150  )
( -192  39  37  )
( 45  55  -165  )
( 245  -214  -294  )
( 60  221  -147  )
( 285  145  53  )
( 267  -115  56  )
( -297  -17  -246  )
( 254  -118  110  )
( 278  -194  -259  )
( -121  8  75  )
( 43  -37  -140  )
( 282  85  30  )
( -265  83  -201  )
( -25  257  109  )
( 135  -56  -238  )
( -53  -279  123  )
( -270  -4  203  )
( 129  -4  -50  )
( -153  -164  273  )
( 30  -59  206  )
( -159  202  106  )
( -167  -9  -234  )
( -113  -219  -176  )
( -270  294  -158  )
( -236  -28  -176  )
( 82  69  -183  )
( -226  238  124  )
( 11  275  211  )
( 131  -214  -218  )
( 250  -222  91  )
( 217  100  -288  )
( -81  -11  -282  )
( -64  264  284  )
( 127  -234  -10  )
( -213  -291  -143  )
( 299  225  -136  )
( -4  -108  -23  )
( 30  -47  141  )
( 21  -113  -226  )
( -126  9  -226  )
( 256  -21  -280  )
( -223  214  179  )
( -38  238  204  )
( -36  -267  -221  )
( 146  -259  59  )
( -78  -57  217  )
( 273  180  293  )
( -30  -86  249  )
( 165  -135  250  )
( 166  191  -172  )
( -113  285  -156  )
( -148  120  177  )
( -232  -9  242  )
( 129  54  277  )
( -58  240  231  )
( -144  231  -128  )
( 86  228  231  )
( 2  -15  121  )
( 247  -123  132  )
( 143  -137  243  )
( 145  -144  -288  )
( 258  128  185  )
( 194  85  259  )
( -198  -94  -195  )
( 49  284  212  )
( -212  -161  -24  )
( 263  -252  91  )
( 169  -244  -193  )
( 105  -107  165  )
( -170  233  64  )
( 219  -91  236  )
( -121  -245  54  )
( 67  -280  215  )
( -178  -249  253  )
( 181  139  -86  )
( -19  -84  65  )
( -87  -126  -40  )
( -256  -202  147  )
( 260  -11  -19  )
( 100  -13  -67  )
( 59  -29  -36  )
( -8  -82  29  )
( 44  224  -156  )
( -242  253  149  )
( 149  -166  -2  )
( -109  -82  38  )
( 63  92  273  )
( 46  -113  177  )
( 155  -172  247  )
( -165  299  232  )
( -107  73  147  )
( 2  16  -274  )
( -136  -67  -287  )
( -223  221  153  )
( 288  -84  229  )
( -74  -237  243  )
( 186  139  200  )
( 122  252  -68  )
( -275  257  252  )
( 95  185  -163  )
( 160  203  296  )
( -225  -96  -261  )
( -137  120  -294  )
( -245  129  -273  )
( 295  113  0  )
( 242  44  -18  )
( -169  186  165  )
( -202  292  280  )
( -195  293  100  )
( -105  76  -285  )
( -269  127  -184  )
( -286  -220  208  )
( -138  182  -153  )
( 102  185  -78  )
( 10  130  -114  )
( -189  105  242  )
( 251  -148  -131  )
( -166  -176  -87  )
( -246  263  -296  )
( -223  225  76  )
( -45  -190  -57  )
( 196  163  -156  )
( -265  121  -208  )
( -237  -92  -175  )
( 0  90  66  )
( -253  200  289  )
( -51  -191  236  )
( -235  152  96  )
( 181  120  69  )
( -99  181  228  )
( -50  123  276  )
( -272  127  -100  )
( 75  -172  167  )
( -276  -131  139  )
( -200  189  111  )
( 19  -290  -159  )
( -41  -249  -203  )
( 26  -270  -70  )
( 155  -285  -20  )
( -126  25  -76  )
( 244  10  89  )
( 42  -148  -116  )
( 42  -225  213  )
( 259  174  -239  )
( 54  -141  -66  )
( -291  196  -297  )
( 130  194  -85  )
( 140  -248  -23  )
( -125  -53  -247  )
( -201  -68  -75  )
( 50  204  -12  )
( -289  70  198  )
( -282  -218  192  )
( -243  -17  -258  )
( -296  -219  -115  )
( -156  8  -74  )
( 79  297  -259  )
( -18  -177  164  )
( 87  -147  -217  )
( 13  289  204  )
( -108  -151  38  )
( 54  248  174  )
( -98  -109  -75  )
( -80  203  88  )
( -181  202  127  )
( 103  -169  -270  )
( -264  17  -60  )
( 269  44  267  )
( 97  -140  -275  )
( -281  -105  -84  )
( -272  -239  -67  )
( 214  -180  143  )
( -109  5  -267  )
( -39  -71  72  )
( -155  -88  -53  )
( 235  -63  36  )
( -64  -73  157  )
( -67  -183  79  )
( 249  62  -151  )
( -67  133  -102  )
( -106  -159  -21  )
( -177  9  -189  )
( -29  -48  -269  )
( -11  -68  32  )
( 1  146  271  )
( 50  276  64  )
( -25  59  -137  )
( 50  289  -212  )
( 154  240  211  )
( -59  -221  -26  )
( 259  -250  17  )
( 75  90  69  )
( -18  60  -192  )
( -112  111  97  )
( -38  72  6  )
( 209  85  33  )
( -15  -149  110  )
( -44  -205  170  )
( -246  242  -285  )
( -149  -16  116  )
