( -210  27  -73  )
( 247  242  -205  )
( 298  -295  -56  )
( -181  -238  259  )
( 252  202  163  )
( -188  -284  -70  )
( 108  145  -0  )
( -22  146  211  )
( 104  -73  283  )
( -19  -211  -91  )
( -113  -28  9  )
( -161  -150  -240  )
( -102  184  -298  )
( -293  142  -75  )
( 137  -108  -239  )
( -107  -100  115  )
( 218  27  -1  )
( 255  -297  292  )
( 225  -205  268  )
( -257  100  -296  )
( -13  267  -211  )
( 150  229  272  )
( -258  282  -49  )
( -52  -229  -99  )
( -296  15  156  )
( -141  -15  -135  )
( 236  -100  204  )
( 280  162  -240  )
( 104  -27  35  )
( -256  -48  49  )
( -69  44  -76  )
( -88  -20  -173  )
( 53  -159  299  )
( 137  234  60  )
( 195  -187  287  )
( 224  -52  -240  )
( 284  -109  -78  )
( -171  -127  -270  )
( -148  -157  -106  )
( 251  -278  229  )
( -131  280  80  )
( 242  141  -125  )
( 230  -12  -77  )
( 189  -69  41  )
( -163  -269  26  )
( 159  -47  269  )
( 164  56  -36  )
( -23  -68  235  )
( -92  -113  244  )
( -201  235  253  )
( -171  -84  -7  )
( -244  -29  196  )
( 108  -232  -69  )
( -92  -183  -179  )
( -247  -254  -138  )
( -115  -145  -264  )
( -279  -92  -268  )
( 26  -30  -167  )
( 185  161  -206  )
( -99  -176  -191  )
( 259  -184  -207  )
( -57  236  -208  )
( 187  -282  119  )
( 69  96  -253  )
( 183  266  -105  )
( 128  77  -170  )
( -199  -34  52  )
( 126  -276  230  )
( 17  122  192  )
( 178  -91  -264  )
( 202  83  85  )
( 22  209  -182  )
( -297  -21  156  )
( -275  -288  133  )
( -82  -97  -30  )
( 235  61  2  )
( 197  -146  -104  )
( 160  -155  183  )
( 174  24  112  )
( 132  116  46  )
( -154  224  -185  )
( 198  96  36  )
( 161  176  251  )
( -31  -71  -33  )
( 226  -74  235  )
( -37  21  -100  )
( -133  -190  21  )
( -150  -99  250  )
( -97  -148  -190  )
( 59  -168  180  )
( -248  -183  106  )
( -163  -175  -24  )
( -53  -78  -23  )
( 101  -150  23  )
( -60  -273  187  )
( -156  142  -204  )
( -177  63  182  )
( 182  243  -42  )
( -264  268  97  )
( 94  26  -125  )
( -298  34  -173  )
( 217  -51  93  )
( 268  -175  -169  )
( 177  -2  -88  )
( 294  -25  159  )
( -168  43  72  )
( 140  -200  -152  )
( -18  77  -62  )
( 105  172  231  )
( 89  -127  -9  )
( 95  97  223  )
( 105  29  19  )
( 57  -69  16  )
( -83  233  -85  )
( -28  104  82  )
( -221  12  104  )
( 266  6  195  )
( 58  85  -15  )
( -145  36  -233  )
( 132  -117  -230  )
( -149  213  162  )
( 20  75  95  )
( -80  121  -41  )
( -4  -248  251  )
( 218  -224  -258  )
( 201  250  175  )
( 119  264  -67  )
( 184  108  -54  )
( 294  -81  0  )
( -7  -257  162  )
( -105  16  -29  )
( -49  -227  -238  )
( -184  274  159  )
( -97  85  84  )
( 203  98  274  )
( 32  162  -149  )
( 131  -291  -288  )
( 176  283  -89  )
( 288  -71  227  )
( -126  -109  -89  )
( 130  245  -151  )
( 180  -63  -74  )
( -87  189  283  )
( 84  -292  -201  )
( 296  -196  206  )
( 84  8  172  )
( -142  177  237  )
( 147  1  251  )
( 52  273  -84  )
( -232  102  173  )
( -41  42  25  )
( 209  -22  -161  )
( 223  212  43  )
( 63  -155  -296  )
( 132  -28  287  )
( -237  49  -105  )
( 265  -161  -29  )
( -130  -64  18  )
( -297  145  -244  )
( 21  -100  -102  )
( -255  -50  -140  )
( -204  190  39  )
( 104  -177  -91  )
( 243  276  216  )
( 190  4  -228  )
( -295  -218  -57  )
( 91  233  -247  )
( 9  68  -195  )
( 259  208  -178  )
( -215  -50  -49  )
( 88  -180  -38  )
( 152  -115  -16  )
( -272  -122  -199  )
( -54  -258  283  )
( -61  44  261  )
( 55  30  15  )
( -18  34  6  )
( -240  -10  -279  )
( -1  -187  36  )
( -96  -162  -172  )
( -18  -294  197  )
( -160  196  217  )
( -94  223  -266  )
( 126  -171  -179  )
( -59  84  -172  )
( 268  -5  234  )
( 268  -60  3  )
( -116  -176  41  )
( 121  -184  -146  )
( -247  163  -250  )
( -278  24  -51  )
( -91  -22  2  )
( -163  -285  123  )
( 151  -155  248  )
( 176  117  153  )
( 222  -274  -288  )
( 250  289  229  )
( -234  50  -95  )
( 257  -226  169  )
( -189  69  148  )
( 18  161  19  )
( 242  -281  -57  )
( -12  253  -125  )
( -5  -46  117  )
( -288  -245  -105  )
( 281  -122  -56  )
( -261  86  -208  )
( -63  233  -257  )
( -134  -216  -258  )
( 77  133  -115  )
( -36  142  -42  )
( -13  -39  -73  )
( 203  75  -57  )
( 136  -211  93  )
( -50  -243  -64  )
( -123  139  -221  )
( 112  -135  290  )
( -28  9  148  )
( 120  68  213  )
( -118  223  217  )
( 297  6  264  )
( 282  -149  87  )
( 102  -218  -239  )
( -227  3  -240  )
( 145  -3  -126  )
( 12  -113  -197  )
( -163  -142  213  )
( 249  132  -20  )
( 34  -217  153  )
( -33  -246  -189  )
( 270  -88  108  )
( -0  -145  -286  )
( 29  225  -299  )
( -163  -299  -120  )
( -169  168  -243  )
( -4  28  246  )
( 16  -179  69  )
( -205  294  12  )
( -119  101  141  )
( -287  -293  226  )
( -266  -81  -77  )
( 167  215  -116  )
( -272  13  233  )
( 227  199  -237  )
( -213  177  -26  )
( -51  166  133  )
( -161  146  228  )
( -129  169  114  )
( -230  6  95  )
( -270  -283  -67  )
( 270  190  -29  )
( -96  24  57  )
( 17  -269  -66  )
( 31  286  40  )
( 71  -291  -47  )
( -51  -118  -104  )
( -243  4  190  )
( 79  275  -287  )
( -240  116  124  )
( 7  139  48  )
( 109  227  -232  )
( -56  -278  -242  )
( -87  -51  -262  )
( -144  -211  -62  )
( 152  -96  166  )
( -146  -246  -281  )
( 215  -178  -50  )
( 55  -86  -22  )
( -152  -208  129  )
( -99  35  -95  )
( 169  -232  51  )
( -194  193  58  )
( 289  136  -99  )
( 106  -59  257  )
( -229  -8  -149  )
( 294  -239  201  )
( 33  -143  61  )
( 260  -299  -165  )
( -147  -184  -66  )
( -158  -117  258  )
( 28  -87  -125  )
( 150  21  288  )
( -67  -297  -244  )
( -161  -187  269  )
( -79  -111  104  )
( 4  266  -7  )
( -2  99  -165  )
( 298  254  -41  )
( 202  -101  -294  )
( -154  -101  33  )
( 47  105  283  )
( 269  -199  -131  )
( 85  230  -245  )
( -91  113  -40  )
( 193  280  -63  )
( -141  -226  -47  )
( -97  271  -12  )
( -182  -27  170  )
( 60  181  -229  )
( -15  -257  193  )
( 157  -266  231  )
( -167  38  -105  )
( -122  230  -180  )
( 31  112  107  )
( 146  -59  278  )
( 271  -48  21  )
( 46  244  -57  )
( 179  67  233  )
( -250  155  -135  )
( 266  -237  -51  )
( 215  -195  175  )
( -88  -224  195  )
( -229  -215  -39  )
( -65  0  266  )
( -262  -228  -157  )
( 15  -117  48  )
( 122  -271  -292  )
( -232  153  89  )
( 79  -53  -87  )
( 58  230  249  )
( 70  175  127  )
( 23  -72  -240  )
( -285  68  51  )
( 123  44  -67  )
( 18  -280  107  )
( -225  -255  -57  )
( 146  -275  133  )
( -58  -192  245  )
( 284  297  -19  )
( 242  -154  262  )
( 109  -85  -32  )
( -221  -237  -159  )
( 284  77  110  )
( -278  277  105  )
( -148  132  264  )
( -245  -26  3  )
( -211  -152  -77  )
( -245  -216  291  )
( -58  -245  -206  )
( 224  -137  -60  )
( 264  13  -278  )
( 148  -146  -115  )
( -267  215  65  )
( 149  -106  210  )
( -152  -108  156  )
( -159  227  162  )
( 177  -31  -103  )
( -11  -129  -81  )
( -183  -67  -70  )
( -272  33  -224  )
( -153  -249  166  )
( -201  192  -155  )
( 146  -10  -278  )
( 56  -284  -130  )
( 74  25  144  )
( -61  91  247  )
( -57  -155  149  )
( -292  -170  278  )
( -142  -150  -292  )
( 230  199  257  )
( 54  31  151  )
( -256  -94  99  )
( -84  -69  -277  )
( -263  -253  -80  )
( 259  137  181  )
( -222  150  24  )
( -9  26  -109  )
( -139  -289  195  )
( 220  -132  157  )
( 24  29  5  )
( 205  32  -64  )
( -154  183  -137  )
( -53  257  245  )
( 25  0  -210  )
( 200  197  117  )
( -142  -294  47  )
( -66  -238  185  )
( 32  -242  -239  )
( -219  148  -183  )
( -127  145  -189  )
( 73  -286  -36  )
( -154  -102  -86  )
( -260  -184  -261  )
( 276  26  217  )
( -238  -212  -292  )
( 221  -210  200  )
( 220  180  -169  )
( 182  42  4  )
( -55  40  -237  )
( -135  -269  93  )
( 277  -3  272  )
( 239  -102  284  )
( -219  -145  -129  )
( -129  -294  -148  )
( 154  92  -246  )
( -8  74  86  )
( 170  -176  10  )
( -229  -46  -34  )
( -203  -223  -242  )
( 215  236  -230  )
( -267  256  -13  )
( 75  -47  -219  )
( -15  -62  -104  )
( 21  -139  -29  )
( 93  -277  -101  )
( 12  74  -234  )
( -48  -294  273  )
( -66  232  263  )
( -107  194  -13  )
( -13  253  50  )
( -165  -293  120  )
( -27  -220  80  )
( 255  8  -14  )
( 256  -142  -10  )
( 234  102  167  )
( -287  57  25  )
( 181  -67  85  )
( 26  132  -57  )
( -242  253  -58  )
( -157  -130  272  )
( 33  -31  16  )
( -187  185  -207  )
( -181  104  74  )
( 126  68  184  )
( 66  59  298  )
( -111  -275  -41  )
( -146  167  18  )
( 12  90  -60  )
( -1  46  -195  )
( 93  -90  25  )
( -161  6  -0  )
( 34  245  275  )
( -124  -218  243  )
( -22  62  201  )
( 266  206  199  )
( -53  39  75  )
( -29  76  -231  )
( -286  260  6  )
( -253  -114  -165  )
( 186  162  122  )
( -51  42  -158  )
( -191  -259  -195  )
( 296  257  -281  )
( -188  175  -132  )
( -177  -106  -111  )
( 275  171  -109  )
( -174  -206  -19  )
( -295  -140  -52  )
( 231  -146  113  )
( -216  -288  113  )
( -21  -190  6  )
( 98  -79  -125  )
( 199  189  -100  )
( -225  -170  -135  )
( 130  237  -33  )
( -106  52  153  )
( -191  151  -18  )
( 160  104  -294  )
( -52  199  -239  )
( 291  44  -259  )
( 96  -69  17  )
( -120  22  20  )
( -284  183  -78  )
( -291  91  -101  )
( -179  -35  -150  )
( 54  52  -6  )
( -271  -104  141  )
( 6  63  92  )
( 224  228  -137  )
( -197  -292  -173  )
( -92  -221  235  )
( 263  -84  -12  )
( -233  171  34  )
( 298  -73  -113  )
( -171  -255  -264  )
( -148  243  -80  )
( 102  261  -151  )
( 208  -170  -264  )
( 6  220  -204  )
( 55  -8  129  )
( 263  196  248  )
( 43  220  -215  )
( 167  -272  -296  )
( -43  -28  -7  )
( 82  215  -59  )
( 44  -265  -38  )
( 49  207  136  )
( -254  -163  158  )
( 273  34  8  )
( 50  -249  -156  )
( -222  99  -50  )
( 30  194  230  )
( -187  -89  5  )
( -231  -168  -134  )
( 195  65  225  )
( 189  -47  -158  )
( 73  214  44  )
( -234  189  159  )
( -36  -33  101  )
( -138  -170  -117  )
( -263  -283  262  )
( 18  -117  238  )
( -95  -111  115  )
( -259  -88  41  )
( -130  161  -241  )
( -227  -253  256  )
( 237  134  79  )
( 214  295  -152  )
( -194  -207  -238  )
( 291  282  248  )
( -88  226  -222  )
( -170  233  -287  )
( -84  -157  242  )
( 199  -31  -249  )
( 25  -22  -240  )
( -31  -191  -234  )
( 70  178  144  )
( -225  150  -20  )
( -197  -122  295  )
( -52  219  -245  )
( -122  -109  -88  )
( 185  -116  -285  )
( -236  24  179  )
( -298  138  -208  )
( 9  -256  -182  )
( 27  -88  -79  )
( 19  -139  -189  )
( -104  -36  98  )
( 115  171  183  )
( 187  -92  110  )
( 135  -236  -294  )
( 19  -160  -288  )
( -249  -289  -251  )
( -279  -64  -20  )
( 261  -248  -116  )
( -170  -185  -0  )
( 258  65  -88  )
( -273  281  288  )
( -30  -121  -135  )
( 261  97  -152  )
( 143  -44  191  )
( 163  289  -106  )
( -256  -202  -265  )
( 297  -242  -135  )
( -253  -166  -287  )
( 185  -29  5  )
( 44  -253  -48  )
( 78  -135  -17  )
( -266  -160  51  )
( -288  78  189  )
( -294  -260  16  )
( 205  239  -287  )
( 294  179  175  )
( 135  269  125  )
( -217  267  -72  )
( 96  128  -253  )
( -233  141  131  )
( 236  148  127  )
( 274  -252  166  )
( -244  -45  -46  )
( 166  -109  -37  )
( -7  210  138  )
( -139  77  -203  )
( 78  65  -287  )
( 159  1  -67  )
( -16  132  -299  )
( 46  81  -80  )
( 186  -123  -80  )
( -2  53  -128  )
( -297  179  105  )
( 201  22  0  )
( -250  -196  -39  )
( -89  -182  118  )
( -167  -254  -112  )
( 152  108  -137  )
( -152  -203  -291  )
( -282  -65  287  )
( -18  84  -59  )
( 260  -185  87  )
( 138  261  201  )
( 235  -246  -182  )
( 267  -262  -11  )
( -177  153  296  )
( 123  70  263  )
( 126  280  194  )
( 281  -156  -282  )
( -258  -190  -37  )
( -208  -47  114  )
( 222  -180  183  )
( -251  -194  -229  )
( 136  -203  -157  )
( 15  132  259  )
( -207  -298  164  )
( 248  -176  212  )
( -196  -126  143  )
( -53  77  99  )
( -166  193  249  )
( -277  93  -117  )
( -290  208  -184  )
( -66  203  -74  )
( 231  -255  124  )
( 50  -52  45  )
( 282  82  -250  )
( -82  -89  16  )
( 292  270  258  )
( -152  291  -196  )
( -214  -1  -57  )
( 160  221  -159  )
( 82  -164  190  )
( -56  274  -44  )
( -234  -272  -43  )
( 54  -276  150  )
( -24  293  140  )
( -139  87  204  )
( -50  199  76  )
( 173  -232  -144  )
( -205  252  282  )
( -235  199  109  )
( 45  -146  123  )
( 148  -87  45  )
( 103  82  -97  )
( -50  184  73  )
( 25  -194  279  )
( 238  246  -122  )
( -80  137  -45  )
( -252  98  -38  )
( 10  264  209  )
( -267  177  -56  )
( 13  -262  -186  )
( -127  -108  -247  )
( 121  62  -66  )
( 205  210  177  )
( 30  72  277  )
( -290  -89  -220  )
( -28  205  206  )
( -257  -142  -262  )
( -52  93  -284  )
( 103  190  147  )
( -243  -122  56  )
( -197  -112  209  )
( -26  -20  221  )
( 186  -256  -229  )
( -44  148  228  )
( 79  -212  -288  )
( -299  247  -209  )
( -110  149  -205  )
( 18  -244  33  )
( -279  63  295  )
( 80  -187  250  )
( -116  -4  38  )
( 227  -212  144  )
( -166  -151  0  )
( 187  -108  -212  )
( 288  -158  180  )
( 191  -225  -153  )
( 240  194  85  )
( -28  -234  -160  )
( -22  -187  164  )
( -237  -138  200  )
( -74  -130  259  )
( -298  114  -31  )
( -235  -248  109  )
( 186  297  117  )
( 94  -260  -48  )
( 7  173  -144  )
( 164  -218  237  )
( -25  -214  69  )
( -178  -102  114  )
( 193  285  97  )
( -81  -278  -164  )
( -267  86  226  )
( 59  -111  267  )
( -169  -2  -264  )
( 195  -8  218  )
( 91  75  220  )
( -9  -155  -18  )
( -70  -109  161  )
( -144  -0  -53  )
( 177  45  96  )
( 24  -164  285  )
( 59  165  250  )
( 260  190  26  )
( -235  -262  -52  )
( 143  170  -272  )
( 268  -193  -12  )
( 205  106  -195  )
( 231  202  156  )
( -255  -155  254  )
( -67  -53  -39  )
( 197  -5  -33  )
( -67  159  -273  )
( -35  291  259  )
( 11  221  180  )
( -149  182  257  )
( -2  -272  -220  )
( -263  -102  -151  )
( -220  200  -264  )
( -232  -62  -46  )
( -5  254  -125  )
( 176  196  -183  )
( -72  -119  100  )
( 110  -180  -236  )
( 293  -176  -298  )
( -2  250  -176  )
( -153  111  183  )
( 217  214  -93  )
( 66  269  96  )
( 81  5  -12  )
( -214  -123  -236  )
( 213  57  -197  )
( 127  27  -281  )
( -241  -251  -196  )
( 1  74  270  )
( 279  231  192  )
( 120  -268  -135  )
( 171  50  -133  )
( -38  180  -233  )
( 73  -133  28  )
( 197  175  184  )
( 119  -89  -78  )
( -259  122  281  )
( -44  -223  17  )
( -146  -141  -137  )
( -81  -188  249  )
( 258  159  209  )
( -242  -19  -197  )
( -193  197  -12  )
( 156  189  -15  )
( 66  15  -282  )
( -160  -90  -109  )
( 221  271  114  )
( -152  56  -14  )
( -27  141  70  )
( -39  3  6  )
( -155  -195  -100  )
( -20  265  -52  )
( 38  57  270  )
( 40  240  81  )
( 119  221  81  )
( -137  -253  -247  )
( -34  107  102  )
( 152  -29  55  )
( 220  -70  225  )
( 113  -159  51  )
( 134  69  -288  )
( -246  -135  -244  )
( -23  10  -235  )
( 142  24  134  )
( -269  -257  105  )
( 255  -192  116  )
( 51  -99  235  )
( -247  37  163  )
( 257  191  37  )
( 139  -149  241  )
( -7  -262  -140  )
( 271  194  243  )
( 61  251  -174  )
( 100  150  -82  )
( 298  -170  -90  )
( 266  261  -298  )
( 192  -290  -14  )
( 196  56  274  )
( 251  -278  -288  )
( -255  -146  -238  )
( -200  -171  269  )
( -299  49  -25  )
( -183  -20  -24  )
( 272  77  221  )
( -26  -7  -239  )
( 182  -175  -208  )
( 294  43  -22  )
( 124  16  -126  )
( -160  149  -287  )
( 4  239  -296  )
( -163  -67  -166  )
( 182  -265  63  )
( 283  -204  297  )
( 138  90  -58  )
( 139  296  -173  )
( 38  -290  -73  )
( 103  -299  202  )
( -296  19  -94  )
( 192  -246  161  )
( -15  -282  35  )
( 225  240  -88  )
( 139  -150  -250  )
( -224  -236  -277  )
( -119  -59  -213  )
( 61  -79  -205  )
( 249  87  -110  )
( 110  -85  -152  )
( 78  -145  -134  )
( 285  -143  -23  )
( -96  -198  -117  )
( 295  -64  223  )
( 77  21  -249  )
( 43  -148  106  )
( 72  -268  277  )
( 128  -177  -59  )
( 271  277  192  )
( -53  127  -221  )
( -296  -165  214  )
( -110  178  45  )
( 70  23  149  )
( 153  -43  2  )
( -251  -27  -87  )
( -4  -86  141  )
( 74  -3  140  )
( -112  -89  250  )
( 226  179  -119  )
( 137  59  -283  )
( -80  -67  270  )
( 7  247  8  )
( 194  -167  242  )
( -262  -40  -95  )
( 0  -215  240  )
( -131  33  22  )
( -178  -222  12  )
( 29  -160  -284  )
( 275  50  94  )
( -121  297  -92  )
( -3  66  243  )
( -171  -263  250  )
( -229  -144  -246  )
( 163  168  15  )
( -231  12  -134  )
( -22  -200  297  )
( -79  277  68  )
( -140  -117  -70  )
( -85  270  255  )
( -35  40  179  )
( 127  230  17  )
( -203  -244  -247  )
( -172  77  37  )
( -28  -256  -51  )
( 234  120  185  )
( -259  80  174  )
( 237  -159  -210  )
( 1  -113  -51  )
( -138  26  -193  )
( -261  58  159  )
( -118  -162  259  )
( 242  276  252  )
( -38  193  -184  )
( 136  267  93  )
( -81  112  -157  )
( -157  131  95  )
( 101  239  -216  )
( -3  -100  -164  )
( 178  236  -253  )
( -185  -52  -166  )
( -176  63  134  )
( 9  -195  138  )
( 245  -194  253  )
( -241  -186  -0  )
( -237  209  63  )
( 98  262  -172  )
( -70  -254  -214  )
( 273  240  245  )
( -122  222  200  )
( 111  159  128  )
( -65  28  265  )
( 89  122  -279  )
( 159  -121  -253  )
( -248  -126  40  )
( 56  -138  -37  )
( 283  67  225  )
( 167  -15  -155  )
( 169  -279  -29  )
( 68  212  165  )
( -28  266  -240  )
( 52  -145  -188  )
( 194  246  -105  )
( 216  177  -193  )
( -192  -213  153  )
( -159  -228  275  )
( -194  -102  275  )
( 113  -240  157  )
( 75  216  123  )
( -296  191  -170  )
( 27  -26  36  )
( 274  -51  -295  )
( 251  -52  -294  )
( -110  107  -76  )
( -248  101  42  )
( 260  -109  -176  )
( 52  -151  -78  )
( 191  41  224  )
( 4  -187  -268  )
( 180  -237  -250  )
( -5  90  -49  )
( 110  -112  -48  )
( 12  29  -39  )
( 189  -151  -277  )
( 80  287  -48  )
( -209  171  -123  )
( -29  291  -33  )
( -107  185  21  )
( 50  -231  -78  )
( -144  -247  -29  )
( 34  297  104  )
( 247  -181  -187  )
( -129  -282  271  )
( -257  -221  -277  )
( 279  -281  -141  )
( 267  -70  219  )
( -139  -110  17  )
( -177  -230  147  )
( -150  203  -219  )
( -73  57  81  )
( -171  55  202  )
( 121  162  178  )
( -85  156  81  )
( -12  -243  97  )
( -242  60  -3  )
( -208  -218  -265  )
( -138  -240  74  )
( 8  156  -171  )
( -278  -16  241  )
( -33  -266  -237  )
( 182  -143  -176  )
( 135  42  -186  )
( 224  239  292  )
( 263  239  285  )
( -185  210  -281  )
( -189  143  62  )
( 50  137  19  )
( -201  12  173  )
( -35  55  -197  )
( -270  166  -233  )
( -223  -266  282  )
( 127  -179  243  )
( 157  241  -83  )
( -232  -291  225  )
( -228  -241  -299  )
( -13  234  105  )
( -285  -172  136  )
( 121  193  -267  )
( 86  180  36  )
( 248  86  176  )
( 269  -195  293  )
( 61  80  111  )
( 13  126  -127  )
( 2  93  90  )
( 147  224  45  )
( 215  42  -140  )
( -3  -163  205  )
( -100  250  28  )
( 273  216  -179  )
( -50  -33  -105  )
( 297  -146  265  )
( -169  123  -253  )
( -264  -228  -180  )
( 6  -74  -227  )
( 168  -227  231  )
( 198  219  -67  )
( 196  -222  -167  )
( -46  278  182  )
( 143  240  179  )
( 195  172  230  )
( 219  -108  289  )
( 141  184  221  )
( -176  -289  127  )
( 28  -246  -181  )
( -198  -182  -70  )
( 114  -63  24  )
( -239  240  68  )
( 184  266  -208  )
( 240  -196  134  )
( -46  -140  -278  )
( 226  -193  -296  )
( 115  -278  -102  )
( 12  234  -131  )
( -112  239  -131  )
( 286  -265  62  )
( 204  263  -189  )
( -236  97  102  )
( 219  -45  -105  )
( 134  20  149  )
( -245  -144  213  )
( 9  -5  192  )
( -66  184  -230  )
( -80  -61  -259  )
( -111  -252  126  )
( 239  146  -266  )
( -125  -144  -209  )
( 68  201  219  )
( 69  -22  271  )
( 233  186  126  )
( 6  176  -40  )
( -72  85  -75  )
( -148  -66  126  )
( -145  -28  135  )
( 111  21  -234  )
( -43  187  -190  )
( 48  264  -199  )
( -257  -159  -141  )
( 9  214  93  )
( -161  38  -113  )
( 55  -65  9  )
( 264  -249  -25  )
( -252  248  -285  )
( 102  -215  143  )
( -91  175  110  )
( -71  -246  -42  )
( -5  202  289  )
( 150  -34  -247  )
( -278  146  -8  )
( -162  -290  -78  )
( -165  19  -23  )
( -245  -105  177  )
( -152  -19  164  )
( -11  -42  -64  )
( -168  -127  202  )
( -240  120  -200  )
( 262  187  -228  )
( -296  -112  -213  )
( -27  192  210  )
( 237  -257  95  )
( 67  -267  46  )
( 38  -200  57  )
( -15  61  137  )
( 227  -174  285  )
( -135  156  -141  )
( -98  -296  198  )
( 128  77  222  )
( 32  -25  196  )
( -63  265  -183  )
( 268  -96  -196  )
( 299  -217  228  )
( -123  -259  276  )
( -228  -179  -281  )
( -94  -275  -180  )
( 168  230  -93  )
( -257  75  -153  )
( 13  -89  65  )
( 116  -32  142  )
( -83  94  254  )
( -244  132  -124  )
( -72  232  153  )
( 70  -258  -201  )
( -264  -28  253  )
( 68  146  71  )
( 277  161  50  )
( 162  -148  -10  )
( 90  228  289  )
( -42  214  58  )
( -83  239  88  )
( 208  -161  124  )
( -107  174  -141  )
( -92  281  -105  )
( -267  201  159  )
( 154  -96  -198  )
( -19  -121  135  )
( 214  -86  -115  )
( 273  219  107  )
( 11  181  60  )
( 5  98  51  )
( 25  11  -273  )
( 160  259  -299  )
( 107  -30  178  )
( 132  17  80  )
( 30  105  178  )
( -26  -192  41  )
( 235  -259  79  )
( 247  282  144  )
( -75  -205  214  )
( -221  -164  58  )
( 140  -95  288  )
( -58  -293  286  )
( -236  -56  -68  )
( -211  47  -150  )
( -68  166  141  )
( 60  254  230  )
( -246  53  -49  )
( 189  221  -30  )
( 243  -24  -86  )
( 115  -258  -231  )
( -217  248  90  )
( 5  108  235  )
( -176  -203  -76  )
( -84  36  -38  )
( -28  -188  -164  )
( -67  243  136  )
( 35  -19  -107  )
( -181  176  -60  )
( -263  70  -109  )
( -4  -65  -2  )
( 155  295  10  )
( -147  97  250  )
( 10  -73  172  )
( 67  -213  270  )
( 165  41  200  )
( -261  32  188  )
( -273  -276  -73  )
( -210  0  75  )
( 117  -195  299  )
( 203  243  142  )
( -106  -275  273  )
( -126  -294  50  )
( 219  -245  -234  )
( 28  -21  -160  )
( -11  -260  265  )
( 296  -85  190  )
( 17  59  245  )
( -113  -204  -266  )
( 69  -144  -60  )
( 162  83  218  )
( -262  250  107  )
( -286  55  -218  )
( 180  60  -296  )
( 86  -57  -271  )
( 256  -282  -280  )
( -210  -197  -144  )
( -79  278  -154  )
( -22  -35  12  )
( 29  -259  -40  )
( 14  131  266  )
( 146  -112  260  )
( 218  -87  239  )
( -156  -170  -60  )
( 52  122  184  )
( -155  -17  -33  )
( -179  16  -181  )
( -190  0  -284  )
( -225  123  -45  )
( -230  -87  222  )
( 160  -25  138  )
( 158  168  223  )
( -43  181  -240  )
( 97  -31  -107  )
( 238  297  -221  )
( -141  -101  -253  )
( 134  -63  -298  )
( -269  -246  -290  )
( -34  -220  31  )
( -60  -141  290  )
( 58  -180  -281  )
( -12  -104  -33  )
( -100  -56  -227  )
( 65  -158  233  )
( -235  261  105  )
( -131  148  275  )
( 280  233  -170  )
( -113  -233  16  )
( 62  34  130  )
( -162  47  165  )
( 115  249  15  )
( 92  260  -155  )
( -238  14  -296  )
( 251  111  195  )
( 184  66  -112  )
( 139  -150  254  )
( 181  289  130  )
( -44  -9  141  )
( 228  8  -151  )
( 93  226  -77  )
( 78  -284  -62  )
( -124  147  -293  )
( 194  48  221  )
( -23  94  175  )
( 7  180  197  )
( -32  -154  -78  )
( 1  58  283  )
( 208  -227  238  )
( -154  174  -277  )
( 88  75  -188  )
( 185  -154  155  )
( 88  57  105  )
( 221  250  -137  )
( 212  -72  -262  )
( 224  -102  -290  )
( 224  -221  138  )
( 198  214  -86  )
( 78  -158  215  )
( 264  77  -83  )
( -159  -190  245  )
( 293  -147  -4  )
( 266  -184  -39  )
( 267  12  -130  )
( 219  -153  -186  )
( -72  21  298  )
( -124  -228  97  )
( 24  0  245  )
( 119  -277  -113  )
( -152  0  168  )
( -101  -71  -32  )
( 91  -183  -117  )
( -166  37  197  )
( -210  -4  135  )
( 70  139  -109  )
( -51  217  34  )
( 167  200  163  )
( 133  -103  -256  )
( -48  199  20  )
( 120  119  141  )
( -2  -111  -269  )
( 249  -39  26  )
( 133  -99  33  )
( -25  153  112  )
( -72  105  154  )
( -120  267  40  )
( -170  258  -198  )
( 86  299  43  )
( -170  -95  -210  )
( 164  189  -77  )
( 123  266  -251  )
( -263  203  25  )
( -118  132  -264  )
( 95  68  -50  )
( 144  64  -287  )
( 266  133  233  )
( -97  -161  16  )
( -157  42  -225  )
( -235  290  94  )
( 80  122  70  )
( -64  -11  -230  )
( 95  287  7  )
( 197  258  -65  )
( 229  12  287  )
( 62  267  -226  )
( 138  227  118  )
( -104  -132  -68  )
( -135  -132  -63  )
( 160  96  -101  )
( 90  -151  34  )
( -259  41  -208  )
( 266  -130  -147  )
( 171  -218  -184  )
( -24  140  -75  )
( 103  162  -252  )
( 109  -293  -101  )
( 166  -219  38  )
( -204  157  275  )
( -182  -44  47  )
( 188  -69  -241  )
( 232  29  217  )
( -82  132  2  )
( -138  -72  -296  )
( 232  248  -42  )
( -70  -297  199  )
( 160  -5  187  )
( 258  -11  -77  )
( -151  -275  -155  )
( -271  207  -4  )
( 139  -211  241  )
( 169  -294  -283  )
( -271  165  -183  )
( 259  -35  -167  )
( -256  -77  -146  )
( -191  282  -141  )
( -175  115  182  )
( 263  -133  0  )
( -17  -266  -34  )
( -46  190  -110  )
( 264  -85  -148  )
( 12  -196  -156  )
( 2  -15  173  )
( -69  40  -59  )
( -172  -48  -47  )
( -234  140  238  )
( -273  226  -121  )
( 152  -293  -280  )
( -169  -227  -209  )
( 242  276  -152  )
( 135  -74  -256  )
( 68  51  -154  )
( -286  116  181  )
( -102  -188  -126  )
( -247  -105  249  )
( -44  185  253  )
( -230  -137  99  )
( -170  -55  69  )
( 186  -86  -17  )
( -217  179  56  )
( -275  -132  -188  )
( -8  249  -245  )
( 250  -245  -171  )
( -75  204  -179  )
( 125  -84  155  )
( 159  91  76  )
