( -44  286  -240  )
( 158  -234  -110  )
( -15  69  193  )
( 216  59  -287  )
( 189  217  155  )
( -164  126  297  )
( 120  -107  157  )
( 266  75  -228  )
( -209  258  -270  )
( 73  61  24  )
( -281  215  96  )
( -185  181  -127  )
( 261  252  -276  )
( -262  -289  -269  )
( -100  -20  -195  )
( 175  154  -198  )
( 160  229  -267  )
( -234  22  -244  )
( -295  -130  68  )
( 213  -99  -75  )
( -283  109  -252  )
( -167  41  265  )
( -203  -72  63  )
( -298  -107  250  )
( 290  34  -78  )
( -291  8  -266  )
( 144  -110  -216  )
( 138  129  -110  )
( -132  -285  -178  )
( 249  125  57  )
( 251  230  104  )
( 285  66  -103  )
( 241  -52  -204  )
( -255  -163  257  )
( 32  102  215  )
( -92  -223  -185  )
( 112  205  -159  )
( 70  -151  -85  )
( -35  57  -33  )
( 259  -279  23  )
( -147  -207  244  )
( 66  -181  -55  )
( -197  -58  64  )
( -261  -169  -36  )
( -279  -273  5  )
( -44  21  190  )
( 243  226  -298  )
( -73  -254  208  )
( 74  -75  -18  )
( 281  -6  -19  )
( -77  12  -139  )
( -37  214  171  )
( 130  -95  -181  )
( 274  -0  157  )
( 226  -268  -279  )
( 5  -147  168  )
( 250  -264  276  )
( -286  -200  -294  )
( 129  -272  -277  )
( -179  280  121  )
( -201  -240  252  )
( -16  283  220  )
( 224  -194  -274  )
( 206  -158  -79  )
( -148  172  27  )
( 296  216  -232  )
( 162  49  -205  )
( 170  284  223  )
( 118  17  -27  )
( -143  70  263  )
( -196  -95  195  )
( -44  296  -109  )
( -104  -163  -77  )
( -271  -288  183  )
( -19  237  -75  )
( 280  -32  -38  )
( -185  -92  -189  )
( 77  84  -51  )
( -143  -3  -152  )
( -43  -73  -261  )
( 228  297  231  )
( -4  288  59  )
( -80  95  202  )
( 272  -265  48  )
( -165  282  -92  )
( -155  -134  167  )
( -172  10  78  )
( -10  -174  112  )
( 123  246  86  )
( 106  -114  -289  )
( 286  217  108  )
( 10  23  68  )
( -38  -113  35  )
( -149  -200  55  )
( -223  247  79  )
( -139  40  177  )
( 62  82  285  )
( 181  228  -254  )
( 134  200  -120  )
( -131  -203  -42  )
( 86  -287  66  )
( 207  114  -163  )
( 152  -270  62  )
( -168  211  -77  )
( -67  9  -149  )
( -262  134  243  )
( -92  226  -296  )
( -281  222  -56  )
( 296  62  -74  )
( 182  -205  125  )
( 98  -68  -295  )
( -293  65  112  )
( 127  -124  26  )
( 152  -213  -97  )
( 272  123  222  )
( 246  185  -147  )
( 97  210  0  )
( 162  252  -250  )
( 176  278  189  )
( -203  -139  287  )
( 96  197  -104  )
( -279  17  -31  )
( 26  224  -236  )
( 79  3  -209  )
( 5  -46  153  )
( -228  -160  -260  )
( -19  -255  266  )
( -259  173  -282  )
( 233  -289  -295  )
( 164  5  80  )
( 263  -260  -247  )
( 3  -34  292  )
( -51  249  -236  )
( 217  215  -61  )
( 274  -269  -74  )
( -205  237  33  )
( 40  188  194  )
( 187  199  102  )
( 70  -171  83  )
( -288  -145  -55  )
( -253  -14  80  )
( -155  -127  -238  )
( 131  -291  -125  )
( -24  -41  -66  )
( 153  274  -241  )
( 28  185  -121  )
( -159  10  -275  )
( -233  -89  52  )
( -140  107  275  )
( 279  -192  206  )
( 251  212  17  )
( -195  48  284  )
( -291  -276  25  )
( 47  -202  213  )
( -36  169  -201  )
( -152  -236  -172  )
( 95  170  -269  )
( 77  -210  -157  )
( -214  152  -102  )
( -177  160  86  )
( -220  87  -244  )
( 238  103  -290  )
( -260  271  -298  )
( 211  5  -138  )
( -251  -29  -234  )
( -76  -4  -111  )
( 217  -202  -172  )
( 189  86  108  )
( -144  -206  14  )
( 68  -267  -169  )
( -55  178  136  )
( 24  80  70  )
( -268  93  255  )
( -266  71  -224  )
( 195  -44  -241  )
( -29  -39  112  )
( -149  61  62  )
( -215  108  -280  )
( -107  -56  32  )
( 254  191  32  )
( -85  55  282  )
( -214  74  -103  )
( 263  24  -289  )
( -234  -283  -15  )
( 192  171  -189  )
( 178  -110  159  )
( 82  -170  -227  )
( 153  -143  -114  )
( -284  -264  121  )
( 2  161  238  )
( -235  82  274  )
( 258  34  -203  )
( 139  49  -219  )
( -78  169  30  )
( 191  176  17  )
( -177  -145  233  )
( -235  186  -55  )
( 253  155  -257  )
( -240  170  -122  )
( -164  -81  -125  )
( 140  158  -223  )
( 216  -70  25  )
( 141  292  -172  )
( -85  136  213  )
( 46  -243  289  )
( 265  244  -15  )
( 223  277  -244  )
( 192  217  146  )
( -281  -220  -32  )
( -133  106  80  )
( -108  -241  -116  )
( -121  -210  -40  )
( 208  229  -143  )
( 48  -197  -261  )
( 94  123  -292  )
( 214  -298  -141  )
( -14  190  77  )
( -263  277  129  )
( 74  -283  -138  )
( 162  -147  8  )
( -33  -198  224  )
( -163  -140  207  )
( -174  -159  -249  )
( -73  25  -114  )
( -87  -0  -48  )
( -62  243  -67  )
( -0  -215  179  )
( 172  224  244  )
( 39  249  -167  )
( -281  254  -53  )
( -289  -278  51  )
( -127  204  -173  )
( -244  -184  -296  )
( -0  -184  91  )
( 298  -181  -70  )
( 58  46  -93  )
( -229  -281  224  )
( 251  -295  59  )
( 98  -138  58  )
( -240  123  56  )
( -4  -265  -271  )
( -8  288  29  )
( -51  150  129  )
( 23  98  -213  )
( 192  -200  185  )
( 188  152  216  )
( -28  112  -174  )
( 130  98  212  )
( 247  296  212  )
( 133  -213  -218  )
( -238  -173  66  )
( -21  -49  -253  )
( 190  64  50  )
( 59  -261  -205  )
( 210  -203  -230  )
( 56  -15  4  )
( -136  19  266  )
( -211  197  71  )
( 29  -11  157  )
( 261  175  149  )
( -63  -230  29  )
( -144  -208  45  )
( -248  57  171  )
( -206  -291  241  )
( 252  175  -64  )
( 192  -68  -17  )
( 122  -26  246  )
( -225  -22  227  )
( -228  152  132  )
( -237  152  -251  )
( 105  -245  -240  )
( 33  129  -58  )
( -93  -85  -193  )
( 205  135  41  )
( -77  -294  125  )
( 127  190  -62  )
( 214  245  -284  )
( -63  -169  -227  )
( 262  -80  261  )
( 193  51  -295  )
( 142  -28  259  )
( 160  25  19  )
( -185  267  105  )
( 121  211  137  )
( -59  283  43  )
( 228  239  -131  )
( -33  -269  76  )
( 266  195  167  )
( -34  291  -237  )
( -12  113  -145  )
( -255  164  55  )
( 167  -153  -108  )
( -271  -180  7  )
( -44  217  -250  )
( 179  120  -30  )
( -75  -174  -114  )
( 80  35  135  )
( -124  -12  194  )
( 281  14  125  )
( 197  144  121  )
( 71  76  204  )
( -268  108  -98  )
( -29  -126  161  )
( 218  152  -159  )
( -81  -7  -38  )
( 195  100  -161  )
( -16  112  -48  )
( 111  15  -242  )
( -263  252  93  )
( -85  72  -162  )
( 105  -37  -103  )
( -217  127  87  )
( -96  -158  169  )
( 7  244  50  )
( 246  156  105  )
( -198  271  -257  )
( 271  262  -177  )
( 192  138  166  )
( 158  196  -101  )
( -7  185  -47  )
( 54  137  100  )
( -20  -178  -140  )
( 234  -149  -211  )
( -81  -269  -209  )
( -208  -128  89  )
( -66  -152  -279  )
( 217  67  -68  )
( 153  -191  150  )
( -81  158  25  )
( -214  15  140  )
( 110  88  -180  )
( 165  -196  -267  )
( -85  76  195  )
( 32  48  68  )
( -121  175  215  )
( -29  53  -163  )
( 199  174  131  )
( -131  208  -6  )
( 213  -102  -117  )
( -47  108  -201  )
( -192  72  125  )
( 266  -95  -35  )
( 101  -209  -143  )
( -145  -144  -227  )
( -17  156  -1  )
( -232  -154  -28  )
( 206  -143  20  )
( 27  -114  234  )
( -11  56  68  )
( -198  270  173  )
( 101  -11  -37  )
( -140  198  200  )
( -102  45  -182  )
( 195  -292  -72  )
( 59  26  66  )
( -243  183  160  )
( 196  -220  256  )
( 176  -111  -53  )
( -203  194  176  )
( -176  -150  -223  )
( 91  -249  171  )
( 49  -185  -12  )
( -45  31  121  )
( -200  229  -109  )
( 256  -155  24  )
( -232  -108  -131  )
( 127  -126  86  )
( 121  174  -14  )
( -224  295  -139  )
( -154  -275  -122  )
( -295  101  -216  )
( -259  165  7  )
( 291  11  290  )
( -26  -52  -176  )
( 297  230  -283  )
( -215  -29  -206  )
( -223  199  -31  )
( -216  -275  85  )
( 65  -227  38  )
( 260  220  128  )
( 112  142  169  )
( -207  -83  -10  )
( 107  15  -5  )
( 253  179  -32  )
( -142  150  -125  )
( 10  -50  255  )
( -154  250  -169  )
( -94  -1  -262  )
( 48  77  40  )
( 269  131  -243  )
( -291  -71  4  )
( -190  289  231  )
( -123  184  -205  )
( 96  110  189  )
( -285  175  -205  )
( -168  -298  166  )
( -30  -91  -239  )
( 250  -294  -177  )
( -228  -9  -248  )
( -97  203  64  )
( -7  239  175  )
( 224  50  -133  )
( -289  -105  37  )
( 86  -146  238  )
( -251  -102  -54  )
( -178  32  -177  )
( -224  -14  176  )
( -204  -181  -11  )
( 117  127  153  )
( 6  163  -161  )
( -59  267  -110  )
( 52  269  -22  )
( -18  40  -80  )
( 219  -103  -115  )
( 108  -13  -269  )
( -61  -161  -1  )
( -265  -137  -298  )
( -265  -126  -260  )
( -298  272  -156  )
( -173  -27  -268  )
( 63  72  -143  )
( 45  -88  141  )
( 113  276  -288  )
( -109  -226  -176  )
( 98  284  -171  )
( 236  190  -188  )
( 139  -143  -262  )
( -214  241  242  )
( -143  68  -230  )
( -268  -162  -107  )
( 22  -184  -231  )
( 271  230  -74  )
( -175  -10  227  )
( 40  -150  -130  )
( -163  226  277  )
( 122  -266  -60  )
( 87  -249  289  )
( 51  125  289  )
( 75  -130  -9  )
( -51  -29  -131  )
( 171  280  87  )
( 75  135  60  )
( -293  -297  289  )
( -158  -95  270  )
( -211  -144  -47  )
( 243  52  -223  )
( 138  129  297  )
( -0  -135  -177  )
( 23  -19  -247  )
( -220  -173  67  )
( 140  211  -132  )
( -268  -147  -133  )
( 249  34  81  )
( 123  27  -167  )
( 18  296  247  )
( -126  -181  -184  )
( 72  -194  134  )
( 265  132  -145  )
( 74  129  16  )
( 260  47  -86  )
( -21  217  167  )
( -85  -149  120  )
( 162  -259  -206  )
( 193  -188  -218  )
( -88  -216  -25  )
( -150  -239  117  )
( -174  -80  69  )
( -199  -264  281  )
( -128  -123  -105  )
( 155  108  229  )
( 71  -95  31  )
( -224  45  -258  )
( -280  7  70  )
( 289  39  241  )
( -204  -298  -9  )
( 257  -70  -31  )
( -102  -124  -59  )
( -28  3  -24  )
( -179  129  20  )
( -205  162  -56  )
( 280  -288  -202  )
( -38  236  279  )
( 18  76  -163  )
( 208  196  -227  )
( -161  -158  -141  )
( -78  -244  -47  )
( -28  -250  -29  )
( -177  135  -90  )
( -118  269  104  )
( -73  82  258  )
( -131  -251  -63  )
( 24  -135  74  )
( 290  -246  282  )
( 269  146  -28  )
( -164  -221  130  )
( 145  2  -191  )
( 137  149  -10  )
( -129  21  249  )
( -176  -160  186  )
( -17  -126  14  )
( 281  111  29  )
( 108  -87  -245  )
( 69  140  -102  )
( 96  196  254  )
( 187  139  -202  )
( -12  217  51  )
( 104  -218  70  )
( 251  -207  -192  )
( 145  -259  -295  )
( -203  221  -230  )
( -280  -36  -212  )
( -33  -112  -245  )
( -178  281  36  )
( 157  -262  272  )
( -227  -260  107  )
( 277  -57  30  )
( 211  -40  244  )
( 229  -87  -200  )
( 151  -152  39  )
( 189  -93  17  )
( 147  274  142  )
( -210  198  85  )
( -209  295  -35  )
( -92  119  -115  )
( 289  134  -100  )
( -283  -57  75  )
( 81  121  35  )
( 146  100  -175  )
( 292  -268  -139  )
( -276  198  -256  )
( -26  252  -161  )
( 167  64  -20  )
( 292  72  9  )
( -111  25  268  )
( 132  -108  -186  )
( -257  274  -178  )
( 281  -242  258  )
( 279  261  91  )
( 105  119  -175  )
( -126  -204  -280  )
( -236  -293  -201  )
( 117  -115  176  )
( -9  -264  -104  )
( -166  -64  -155  )
( -121  77  -52  )
( 59  -202  -132  )
( -96  -249  -171  )
( 92  -127  13  )
( 59  -186  -269  )
( 56  32  234  )
( 140  270  226  )
( 248  -215  268  )
( 264  -137  -286  )
( -275  -25  -189  )
( -271  -16  202  )
( -165  142  -20  )
( -19  -192  50  )
( 50  217  -36  )
( 32  -91  75  )
( -120  -38  -224  )
( 292  -204  -251  )
( 138  89  237  )
( 38  288  -130  )
( -271  -98  26  )
( 218  118  69  )
( 249  182  -42  )
( -60  -297  283  )
( -68  -32  -84  )
( -6  294  30  )
( -1  279  -165  )
( 67  91  -213  )
( 290  115  14  )
( -255  -297  171  )
( 63  -136  159  )
( 233  71  69  )
( 121  106  -240  )
( -101  -199  -24  )
( 223  -116  53  )
( -50  149  -251  )
( 148  -214  -1  )
( 261  46  -121  )
( -8  252  78  )
( 149  219  -280  )
( -142  172  -16  )
( -85  -270  -267  )
( 296  241  130  )
( 41  257  -2  )
( -132  -276  285  )
( 123  105  -133  )
( 194  272  -23  )
( 213  78  13  )
( 212  286  89  )
( 96  26  -270  )
( -38  -248  274  )
( 71  141  -59  )
( 148  6  -9  )
( -102  -274  235  )
( 273  -211  -176  )
( 97  164  -28  )
( -18  231  210  )
( 231  -272  291  )
( -160  -24  -194  )
( 295  92  186  )
( 82  30  112  )
( -237  110  232  )
( 239  -194  -183  )
( -120  -290  -4  )
( 224  46  41  )
( -91  250  -195  )
( 102  251  17  )
( 206  -220  78  )
( -260  228  163  )
( -19  -283  -164  )
( 209  86  -187  )
( 123  -109  -193  )
( 181  -35  80  )
( -141  -19  -181  )
( -229  -289  10  )
( -176  -233  -69  )
( -250  40  -273  )
( -292  45  31  )
( -159  -95  -241  )
( -186  58  61  )
( 148  -202  -222  )
( -16  226  74  )
( 274  261  111  )
( 206  -74  88  )
( 130  104  -279  )
( 171  195  144  )
( -263  65  -197  )
( 36  257  -41  )
( -238  -72  -286  )
( -284  212  -21  )
( 68  -107  173  )
( -289  60  -245  )
( 133  82  158  )
( 214  -271  96  )
( 296  -299  108  )
( -273  206  -181  )
( -30  -88  114  )
( 235  193  58  )
( 185  -233  -1  )
( 161  263  -225  )
( -0  32  -73  )
( 77  -120  100  )
( -28  -126  182  )
( -91  -285  -234  )
( 213  -225  -173  )
( 129  229  -243  )
( 0  109  182  )
( 3  123  207  )
( -99  167  -278  )
( 128  259  181  )
( -234  -142  58  )
( -18  -45  -208  )
( 144  198  -261  )
( 62  -253  -155  )
( -131  45  5  )
( -62  -28  138  )
( 100  -206  -110  )
( 253  -250  199  )
( -52  14  -203  )
( -256  151  -116  )
( 133  181  75  )
( -143  77  32  )
( 156  -168  239  )
( -116  254  149  )
( 105  193  251  )
( -100  205  -85  )
( -281  -235  -263  )
( -211  -218  -209  )
( -149  239  -208  )
( -264  3  -24  )
( -246  -225  216  )
( 155  232  -233  )
( 13  44  -3  )
( -158  109  198  )
( -153  -2  -267  )
( -16  -236  -147  )
( -39  -54  -228  )
( 145  -21  -98  )
( 116  -218  -53  )
( 282  -203  -269  )
( -220  261  -216  )
( 276  127  -136  )
( 172  -22  46  )
( 142  154  -190  )
( 66  -100  -132  )
( -267  122  51  )
( 148  242  -118  )
( -238  -155  1  )
( -204  195  -199  )
( -49  -194  -138  )
( 259  98  84  )
( -240  -269  -113  )
( 281  18  -27  )
( 236  72  133  )
( 144  -112  207  )
( 138  91  112  )
( -150  -136  202  )
( 34  -151  -134  )
( 58  98  -32  )
( 55  -117  230  )
( 44  -39  -16  )
( -143  238  -132  )
( -233  139  211  )
( 80  -188  154  )
( 25  -224  -76  )
( 162  21  -251  )
( 165  58  -161  )
( -136  -295  -33  )
( 6  -57  -91  )
( 149  125  -178  )
( -166  -108  241  )
( -232  48  288  )
( 121  12  298  )
( -21  -123  109  )
( 95  203  153  )
( -4  156  -176  )
( 108  -223  -228  )
( 143  67  -118  )
( 137  18  -89  )
( 115  -295  31  )
( 156  261  239  )
( -135  58  -25  )
( 7  -118  250  )
( 98  -276  234  )
( -91  88  -81  )
( -144  32  -265  )
( 70  -39  -130  )
( -236  -60  231  )
( -189  187  -287  )
( 213  197  287  )
( -51  271  60  )
( 176  129  247  )
( -37  -143  -30  )
( -21  -58  -91  )
( -104  -186  -62  )
( -68  92  7  )
( 168  -55  -299  )
( 40  -175  110  )
( 218  44  140  )
( -221  -61  -140  )
( -120  -253  -298  )
( 13  216  -0  )
( -212  245  -25  )
( -145  -226  272  )
( 114  2  178  )
( 187  45  -148  )
( 105  -123  -221  )
( 111  -69  -191  )
( -264  169  219  )
( -211  12  -216  )
( -22  265  -81  )
( 144  136  79  )
( -166  -204  -290  )
( -161  -107  -41  )
( -260  261  130  )
( 217  -185  -34  )
( -193  7  285  )
( -274  95  -223  )
( 51  32  73  )
( 155  200  -105  )
( 196  119  19  )
( -5  -7  -109  )
( 234  -179  -163  )
( 179  119  -8  )
( 299  152  -196  )
( -233  -237  -138  )
( -131  50  -36  )
( -222  -93  176  )
( -213  -157  -182  )
( 242  -69  9  )
( 111  167  60  )
( -24  -42  -119  )
( -120  -295  39  )
( -17  120  55  )
( -134  -45  20  )
( 40  -161  -117  )
( 224  -127  218  )
( -235  -167  -71  )
( -68  224  -92  )
( -122  198  -166  )
( 148  -65  -143  )
( -83  43  8  )
( -74  -190  41  )
( 156  32  -109  )
( -196  40  208  )
( 211  246  -299  )
( 84  -62  15  )
( -126  -209  -85  )
( -143  -249  51  )
( 5  -54  289  )
( 90  -202  153  )
( -135  -62  70  )
( -153  228  -293  )
( 272  33  53  )
( -165  -218  -191  )
( -24  -98  79  )
( -39  -200  -140  )
( -197  182  -264  )
( 160  162  -214  )
( -28  -203  -80  )
( -78  -139  143  )
( 119  178  125  )
( -247  -114  202  )
( 178  80  -25  )
( -110  103  181  )
( -107  -46  267  )
( 10  85  41  )
( -267  260  68  )
( -238  98  -166  )
( -179  -38  -134  )
( -44  -93  19  )
( 291  39  65  )
( -29  -64  189  )
( -276  -29  -203  )
( -76  -85  -21  )
( -50  -37  89  )
( 98  -198  61  )
( -98  269  -1  )
( -193  -246  -162  )
( -5  -70  121  )
( 56  107  -196  )
( -159  -178  -170  )
( -264  -96  56  )
( -54  129  290  )
( 212  272  -176  )
( 112  298  241  )
( -170  9  259  )
( -159  -95  -297  )
( -153  91  121  )
( -250  -37  5  )
( -292  100  -122  )
( 270  -64  219  )
( -204  -174  -65  )
( -130  35  206  )
( 118  74  -253  )
( 77  -282  182  )
( 295  228  186  )
( 257  242  -199  )
( -90  -157  156  )
( -188  -116  -283  )
( -182  81  -183  )
( -214  -239  -177  )
( 104  277  -121  )
( -244  131  -11  )
( -32  106  153  )
( 34  -118  -88  )
( -41  245  -52  )
( 90  -77  -189  )
( 272  -210  -287  )
( -245  31  -165  )
( -57  -28  -61  )
( -118  -134  138  )
( 173  260  148  )
( -41  -154  -176  )
( -68  -84  -121  )
( 101  -207  -34  )
( -212  50  -8  )
( 238  179  227  )
( 55  -41  201  )
( 141  -81  148  )
( 212  268  -233  )
( -214  143  111  )
( 1  -36  -296  )
( -55  -194  -114  )
( 294  -290  246  )
( -224  205  -198  )
( -289  47  -163  )
( 62  151  155  )
( 291  298  -35  )
( -233  70  202  )
( 137  -90  293  )
( 118  40  38  )
( 160  -47  -163  )
( -264  -173  -187  )
( -220  -254  -63  )
( 295  -134  -74  )
( -205  -175  -101  )
( -32  -269  -182  )
( 157  155  -67  )
( 212  138  185  )
( 73  60  181  )
( -191  257  -115  )
( 212  -281  268  )
( -21  36  -13  )
( 180  -170  -187  )
( -187  -224  -259  )
( 1  -49  -211  )
( 255  257  -262  )
( 163  -50  143  )
( -90  136  125  )
( -157  116  81  )
( -191  132  133  )
( 260  -60  -293  )
( -196  -162  230  )
( 28  -268  -213  )
( 165  -114  274  )
( 238  178  -173  )
( -148  -245  227  )
( -267  -276  26  )
( 44  -53  260  )
( 168  -18  -54  )
( -85  162  -249  )
( 8  110  2  )
( 256  -12  76  )
( 123  246  -210  )
( 219  -118  237  )
( -91  265  -27  )
( 176  -50  -204  )
( -50  -80  298  )
( 125  -97  -235  )
( -59  -197  250  )
( 64  -127  235  )
( -281  85  54  )
( -8  130  140  )
( -120  103  249  )
( 9  -235  84  )
( -26  275  143  )
( 51  -10  -19  )
( 265  245  203  )
( -277  257  143  )
( 215  -12  -281  )
( -254  -225  -137  )
( 71  -115  -267  )
( 29  278  -261  )
( 208  -31  142  )
( -225  -210  -15  )
( 185  -277  24  )
( -82  66  -259  )
( -197  -281  223  )
( -209  -188  -124  )
( -66  -221  -92  )
( -72  242  228  )
( 203  281  1  )
( -66  113  -213  )
( 258  -242  -144  )
( 188  252  -134  )
( -268  -116  176  )
( 58  -133  -107  )
( -26  102  259  )
( 92  160  -118  )
( 176  285  77  )
( 27  239  243  )
( -229  -68  264  )
( 149  72  -96  )
( -188  32  -82  )
( -177  80  -204  )
( 44  -177  28  )
( -272  -280  157  )
( -242  -35  -146  )
( -19  -294  74  )
( 283  28  -55  )
( 6  -67  37  )
( 36  53  -157  )
( -184  87  -152  )
( -233  217  62  )
( 274  -165  -129  )
( -103  173  -110  )
( 98  -224  -132  )
( -138  -114  -131  )
( -94  -93  20  )
( 295  -296  206  )
( 207  77  145  )
( 224  26  24  )
( -278  -160  225  )
( -161  289  -235  )
( -104  -172  -150  )
( -27  291  170  )
( 103  0  127  )
( -225  -156  -272  )
( -200  71  -53  )
( -16  73  123  )
( 111  63  46  )
( -97  -266  -49  )
( 182  -94  132  )
( 179  75  -80  )
( 238  -263  -20  )
( -60  271  -108  )
( -18  88  44  )
( -214  -30  168  )
( -90  -180  62  )
( 93  -26  54  )
( -107  46  -105  )
( 0  48  150  )
( -21  110  85  )
( 144  56  -198  )
( 163  -43  -298  )
( -298  145  239  )
( 222  225  -69  )
( 60  -283  -84  )
( 24  -6  -52  )
( 251  -237  55  )
( 5  120  -249  )
( 254  213  206  )
( 290  117  255  )
( 57  256  54  )
( 240  83  143  )
( -254  164  202  )
( -225  -4  -46  )
( 146  -40  80  )
( 62  -267  -224  )
( -55  295  48  )
( 250  -42  -115  )
( -275  209  -176  )
( 205  70  -195  )
( -287  223  227  )
( -242  240  -214  )
( 4  -93  43  )
( -50  -225  174  )
( 167  -175  -187  )
( 0  97  184  )
( 70  292  13  )
( 18  -197  -70  )
( 35  -157  76  )
( 18  -269  45  )
( 103  -283  -56  )
( -285  273  -47  )
( 60  53  -174  )
( -202  98  194  )
( -242  121  10  )
( 97  283  184  )
( 25  251  271  )
( -249  -221  270  )
( 257  -286  -106  )
( -204  206  -140  )
( 57  -124  -152  )
( -165  -126  -144  )
( 197  161  177  )
( -173  273  185  )
( 191  -270  -243  )
( 252  -50  73  )
( -99  -202  -66  )
( 238  -258  273  )
( 85  219  164  )
( -2  86  -282  )
( -84  161  154  )
( 33  -296  -239  )
( -36  -242  -31  )
( -69  -270  -36  )
( -100  277  -89  )
( 124  -180  -87  )
( 122  -120  -105  )
( 269  140  -285  )
( 136  -267  -22  )
( -197  -137  89  )
( 158  -153  42  )
( -39  259  -65  )
( -30  -211  -287  )
( -127  70  175  )
( 115  191  -134  )
( 155  280  230  )
( -38  -288  205  )
( 298  -35  270  )
( -45  -176  275  )
( 131  -8  164  )
( 167  200  -71  )
( 211  66  -255  )
( -204  187  148  )
( 67  -179  -241  )
( 68  -273  -199  )
( -175  -131  -159  )
( -172  -96  71  )
( -12  80  -0  )
( 104  173  254  )
( -49  140  161  )
( 54  -158  260  )
( -119  184  2  )
( 25  73  -281  )
( 1  212  -250  )
( 244  83  144  )
( 93  38  168  )
( 283  106  48  )
( 196  -247  13  )
( -258  -54  -176  )
( 143  241  36  )
( -177  -176  -248  )
( -224  14  41  )
( -281  -68  -102  )
( 137  -246  231  )
( 41  259  -249  )
( 231  198  136  )
( 173  -238  -138  )
( -157  38  12  )
( 254  -284  106  )
( 172  122  49  )
( -205  82  -31  )
( -135  189  76  )
( 24  -113  55  )
( 255  287  -76  )
( -235  238  -200  )
( 52  -29  -32  )
( 45  251  -278  )
( 268  252  -138  )
( 60  -296  13  )
( 202  -258  -195  )
( -266  148  -79  )
( 217  295  90  )
( -203  -259  242  )
( -290  88  -107  )
( -98  222  -42  )
( -289  157  142  )
( 28  -241  40  )
( -234  -192  -210  )
( 191  298  87  )
( 86  -179  -32  )
( 289  -9  19  )
( -16  134  -119  )
( -21  260  -55  )
( -232  216  -291  )
( 201  129  270  )
( -146  -29  -267  )
( 47  -283  -202  )
( 203  44  -10  )
( 35  295  223  )
( 202  138  160  )
( 277  -195  -135  )
( 33  284  -119  )
( 52  172  -174  )
( 288  217  -239  )
( 18  2  276  )
( -90  -120  276  )
( -232  268  -75  )
( -102  -236  -73  )
( -126  -11  -215  )
( 201  -261  -277  )
( -275  -220  -252  )
( -296  -280  -131  )
( 101  -140  91  )
( 15  -90  119  )
( -82  217  164  )
( -179  86  -145  )
( -163  37  289  )
( -253  157  219  )
( -96  -65  -44  )
( -62  -93  -133  )
( 270  272  207  )
( 164  -258  -39  )
( -38  -286  -110  )
( -234  -209  5  )
( 147  -99  88  )
( -259  -176  -100  )
( -113  85  -20  )
( 15  269  40  )
( -296  -86  37  )
( -99  -164  127  )
( -121  -207  286  )
( 49  -83  5  )
( 174  -249  198  )
( 160  -267  -95  )
( 31  65  212  )
( -25  -165  -71  )
( 120  49  -132  )
( -195  -131  255  )
( -224  55  -128  )
( -166  -211  289  )
( -172  5  281  )
( -50  -69  268  )
( 19  69  192  )
( 38  -185  28  )
( 27  166  55  )
( 222  242  42  )
( 272  165  -0  )
( 37  -113  59  )
( 169  -11  -295  )
( -105  67  -255  )
( -51  176  -35  )
( -23  -0  241  )
( 228  -273  188  )
( 42  269  157  )
( -73  -277  12  )
( -28  162  -103  )
( -173  252  282  )
( -204  -51  -294  )
( -4  154  201  )
( -277  187  -217  )
( -196  139  211  )
( -42  281  -285  )
( 268  -253  -235  )
( -79  104  119  )
( -80  -283  -57  )
( 161  217  198  )
( 101  188  -214  )
( 117  97  250  )
( -109  4  146  )
( -61  -116  -174  )
( -47  134  -219  )
( 206  -69  87  )
( -252  -263  -100  )
( 84  81  -175  )
( -2  113  290  )
( 157  -56  -169  )
( 254  -48  172  )
( 211  -212  52  )
( -183  -184  -90  )
( 209  97  -122  )
( -213  -4  182  )
( -20  -282  137  )
( -285  254  88  )
( 278  -102  -29  )
( 200  -201  76  )
( 93  -227  106  )
( -246  -295  -258  )
( 211  153  -16  )
( 123  25  -221  )
( -57  291  163  )
( -91  -265  -73  )
( 66  36  -131  )
( -223  22  -176  )
( 56  244  227  )
( -71  -102  -89  )
( 122  -10  135  )
( -298  -231  41  )
( 225  272  -145  )
( -23  -281  46  )
( 282  170  73  )
( 217  -172  108  )
( 172  -238  -54  )
( -234  183  -161  )
( 18  -172  -196  )
( 132  184  240  )
( 192  -174  -254  )
( 29  33  193  )
( -225  218  200  )
( -12  -264  -118  )
( -128  206  -16  )
( -216  111  157  )
( -253  247  60  )
( -78  -17  -257  )
( -117  211  43  )
( -138  70  207  )
( 293  -266  -223  )
( 194  -137  -45  )
( 70  -61  -59  )
( -183  198  -180  )
( -44  187  176  )
( 246  -237  118  )
( -42  -139  274  )
( 159  -6  246  )
( -68  86  -52  )
( -6  -16  -12  )
( 32  -278  223  )
( -273  -105  -73  )
( 5  40  -258  )
( -189  11  106  )
( 181  -235  -5  )
( -203  -233  -259  )
( 281  -202  -134  )
( -105  241  248  )
( 144  24  -188  )
( -49  -253  113  )
( -81  -233  -49  )
( -211  161  270  )
( 195  83  -42  )
( -278  106  -113  )
( -34  -274  -280  )
( -293  222  -239  )
( -295  -162  -248  )
( 258  -216  -260  )
( 174  -176  84  )
( -100  -276  -56  )
( -150  -291  194  )
( 153  -99  -276  )
( 212  82  55  )
( 279  97  191  )
( 153  -104  146  )
( 150  -256  -7  )
( -196  143  -175  )
( -203  213  -74  )
( 204  -179  -11  )
( -54  -201  -234  )
( -268  292  -214  )
( 151  149  -98  )
( -41  -123  -124  )
( 220  155  -201  )
( -48  260  -93  )
( -267  295  50  )
( -153  -16  206  )
( 245  108  263  )
( -253  -32  -19  )
