( 3  -107  -263  )
( -36  4  -229  )
( 153  -41  -216  )
( -190  -95  157  )
( 285  218  -34  )
( -236  67  -48  )
( 53  -113  134  )
( -101  -121  -273  )
( 205  -126  268  )
( 284  269  187  )
( 268  -259  53  )
( -171  -88  46  )
( -184  -75  19  )
( 88  -157  -126  )
( -260  55  -91  )
( -67  -226  -222  )
( 136  132  74  )
( 219  213  -274  )
( -10  -68  25  )
( -87  -176  272  )
( 47  33  -195  )
( -171  136  277  )
( -146  -66  234  )
( -146  34  -118  )
( 19  108  242  )
( 193  65  -263  )
( 224  212  137  )
( 18  -77  249  )
( -241  -58  186  )
( -180  -125  -248  )
( -132  -289  -151  )
( 165  103  -11  )
( 110  -189  -284  )
( -8  143  67  )
( -211  -114  -262  )
( -255  -24  277  )
( 269  -174  220  )
( 175  -82  -243  )
( 207  99  282  )
( 132  -164  -101  )
( 223  118  -225  )
( 176  244  144  )
( -126  -57  -127  )
( -126  20  -175  )
( -110  -68  -141  )
( 233  -38  -31  )
( -84  193  -157  )
( 179  57  -241  )
( -258  -275  -227  )
( 190  -266  -162  )
( 151  100  -2  )
( -217  292  51  )
( 192  7  133  )
( -13  -66  -53  )
( 88  -190  -25  )
( -77  125  -3  )
( -199  -148  205  )
( 10  114  -3  )
( 294  -282  134  )
( 219  43  110  )
( -95  245  -221  )
( -257  -269  -299  )
( 229  -218  -161  )
( 39  179  -165  )
( -146  -69  292  )
( -274  -58  249  )
( -56  88  117  )
( 116  -131  -255  )
( 175  -194  -260  )
( 134  -132  -126  )
( 259  -100  210  )
( -73  260  -159  )
( 299  136  147  )
( 193  -89  109  )
( -124  -178  -173  )
( 38  17  -181  )
( -236  3  252  )
( -88  -134  160  )
( -53  35  -115  )
( 163  -114  -69  )
( 141  -228  296  )
( 294  -221  40  )
( 75  -51  -112  )
( -88  -135  -185  )
( -198  -292  -10  )
( -128  -90  54  )
( -210  13  -266  )
( -255  262  127  )
( 135  -211  -2  )
( -71  -90  133  )
( 280  177  233  )
( -162  299  98  )
( -5  -123  -288  )
( 285  254  -178  )
( -253  170  -236  )
( 276  83  -78  )
( -103  150  39  )
( 219  -89  -254  )
( -143  -33  191  )
( -193  -37  245  )
( -231  51  -202  )
( -102  -168  22  )
( 233  -234  -251  )
( -270  172  229  )
( -258  -167  70  )
( 105  -149  -32  )
( -209  51  273  )
( -256  -281  214  )
( -242  139  245  )
( -162  63  22  )
( -109  98  -188  )
( 285  65  -274  )
( 168  -116  -77  )
( -122  -279  -83  )
( 66  159  30  )
( 158  181  -297  )
( 135  18  -181  )
( 267  -12  -220  )
( 201  274  69  )
( -69  -49  75  )
( -60  2  133  )
( -144  260  -189  )
( -124  -235  -57  )
( -285  171  -186  )
( 209  148  -101  )
( -201  -15  -19  )
( 94  157  91  )
( 112  77  262  )
( -115  -226  -214  )
( 220  -258  9  )
( 172  19  -243  )
( 114  -269  21  )
( -215  205  43  )
( 3  230  -201  )
( -30  71  -162  )
( 265  -293  -125  )
( 172  -126  294  )
( -140  0  90  )
( -28  -293  250  )
( -223  154  113  )
( 19  -236  -93  )
( 211  -254  108  )
( -262  199  -243  )
( -41  81  34  )
( 250  -179  133  )
( -9  -222  197  )
( 88  -210  -181  )
( 131  -132  134  )
( -278  195  -122  )
( -41  283  26  )
( 243  32  244  )
( -145  -207  -163  )
( 10  137  -19  )
( -50  -25  66  )
( 76  121  255  )
( 175  -134  108  )
( -264  -55  206  )
( 218  177  142  )
( -34  -175  -137  )
( -30  -230  7  )
( 161  190  207  )
( 190  -61  -241  )
( -218  169  -23  )
( 31  -228  -83  )
( -183  -221  197  )
( -136  244  141  )
( -138  -260  -223  )
( -87  -11  -101  )
( -266  177  -242  )
( 188  205  -93  )
( 181  121  224  )
( 90  -291  -223  )
( -162  -265  -209  )
( -37  -141  150  )
( 219  53  -172  )
( -40  179  -214  )
( -202  233  -252  )
( 29  -68  -58  )
( 92  251  -245  )
( -241  -258  -228  )
( -136  -156  39  )
( 158  -10  -66  )
( 68  -206  184  )
( -121  -9  280  )
( -265  -64  -14  )
( 120  63  148  )
( 267  -129  204  )
( 71  239  251  )
( 75  201  5  )
( -94  -174  168  )
( -79  -61  246  )
( 105  -65  95  )
( -1  -231  163  )
( -39  118  -45  )
( -7  150  -239  )
( 216  80  -55  )
( 86  203  175  )
( -194  195  -170  )
( -180  -79  78  )
( -186  55  -47  )
( 60  -227  -14  )
( 115  -299  -31  )
( -243  -9  40  )
( -277  241  236  )
( -203  -264  36  )
( 31  -21  -218  )
( 121  -140  296  )
( 26  -196  -102  )
( -124  276  12  )
( 195  262  211  )
( 97  -277  -257  )
( 58  182  143  )
( -48  26  -35  )
( 57  59  -222  )
( 200  38  55  )
( -62  -92  30  )
( 11  201  -103  )
( 228  39  61  )
( -190  55  45  )
( -169  299  -186  )
( -224  -202  134  )
( 219  -216  -122  )
( 173  -180  195  )
( 233  40  -163  )
( -203  261  25  )
( -210  -298  -267  )
( -146  -148  175  )
( 103  -281  167  )
( 54  119  157  )
( 172  -250  -95  )
( -124  144  -52  )
( 6  62  -217  )
( -206  2  148  )
( 148  -179  268  )
( -114  -54  -170  )
( -255  24  -262  )
( 85  123  59  )
( 239  272  77  )
( 65  171  107  )
( 16  8  -216  )
( -180  171  -98  )
( -283  19  -187  )
( -226  -231  -121  )
( -83  -298  -100  )
( 269  -289  -123  )
( -106  145  262  )
( 62  -95  277  )
( -49  -73  -231  )
( 204  -101  -93  )
( -5  98  279  )
( 32  -272  -206  )
( -50  179  -284  )
( -265  217  63  )
( -55  -75  -86  )
( -264  21  -147  )
( -194  -176  -222  )
( 241  140  -201  )
( 64  70  277  )
( -280  -221  85  )
( 49  -83  -108  )
( -108  261  -187  )
( -53  84  -252  )
( -129  -84  20  )
( 204  248  -69  )
( 288  -273  -125  )
( 193  293  -149  )
( 33  206  142  )
( 93  -222  190  )
( 58  261  -129  )
( 279  188  -65  )
( 31  -45  135  )
( -257  37  -83  )
( -198  -283  -22  )
( -203  -234  4  )
( -180  144  254  )
( 220  -162  -202  )
( -129  49  -154  )
( -133  130  -18  )
( 215  -110  -99  )
( 1  -154  -26  )
( -147  -107  164  )
( 73  -123  262  )
( -205  -194  37  )
( -171  -189  -128  )
( -168  -157  170  )
( -286  145  -134  )
( -141  -238  6  )
( 85  45  -46  )
( -285  -121  -52  )
( -174  233  287  )
( 63  147  116  )
( 82  53  145  )
( -205  -3  -27  )
( -233  -41  167  )
( -187  178  274  )
( -181  -50  -213  )
( -182  45  244  )
( 170  160  -113  )
( -160  177  -108  )
( -30  -193  198  )
( -171  -240  -135  )
( 106  85  14  )
( 28  -113  2  )
( -21  -177  -211  )
( 283  -99  -23  )
( -163  -60  -38  )
( 197  -292  -57  )
( 209  208  -105  )
( -153  249  -3  )
( -124  163  -191  )
( -196  -220  -21  )
( 178  -106  -120  )
( -201  93  162  )
( -24  51  250  )
( 140  -190  124  )
( -34  173  278  )
( 256  59  -279  )
( -64  193  -206  )
( -292  -211  195  )
( 184  -88  64  )
( 212  -35  -170  )
( -116  -264  7  )
( -70  7  -157  )
( 113  63  93  )
( -107  86  -194  )
( 208  172  -275  )
( -83  -212  -234  )
( -257  -116  -194  )
( -10  205  -247  )
( -228  189  105  )
( 134  195  101  )
( -169  -149  -108  )
( -111  -172  -294  )
( -93  160  251  )
( -28  273  -269  )
( 233  101  178  )
( 76  -157  -106  )
( -156  63  -41  )
( -122  -91  -225  )
( 148  16  -292  )
( -43  111  -88  )
( 186  -216  -42  )
( -243  69  -163  )
( 55  90  57  )
( -283  278  228  )
( -11  68  -216  )
( -145  88  -295  )
( 238  124  -55  )
( -10  22  225  )
( -97  123  169  )
( 134  -153  -242  )
( 251  -141  -219  )
( 287  36  77  )
( -94  -121  149  )
( 249  -163  177  )
( 88  -279  50  )
( 157  173  161  )
( -63  -264  89  )
( -138  232  15  )
( 90  -210  211  )
( 1  -64  -251  )
( 248  -17  222  )
( 167  -99  182  )
( 255  -141  13  )
( 235  -294  -65  )
( 129  114  -6  )
( -88  -207  -171  )
( -246  135  -100  )
( -254  72  -77  )
( 95  44  -276  )
( -130  26  48  )
( -135  -111  -272  )
( -259  -14  239  )
( 86  -103  -268  )
( 292  -134  256  )
( -71  -13  -165  )
( 34  -255  -153  )
( -223  -200  -298  )
( 284  69  -167  )
( -198  234  -38  )
( -181  -274  -113  )
( 146  134  -195  )
( -205  -72  221  )
( -222  9  164  )
( 262  188  -100  )
( -121  -15  183  )
( 33  185  282  )
( 244  -54  119  )
( -57  -230  246  )
( -8  291  160  )
( -117  57  -271  )
( 2  183  -247  )
( -33  139  -80  )
( 145  -168  218  )
( 16  -186  175  )
( 266  -32  -259  )
( -169  -141  27  )
( -171  84  -228  )
( -92  -168  -219  )
( -237  250  42  )
( 220  -31  -255  )
( -273  -170  260  )
( 162  177  295  )
( -293  -208  144  )
( 148  107  -192  )
( -204  -294  108  )
( -110  -13  -107  )
( -172  -274  232  )
( 57  -143  -29  )
( -295  55  -25  )
( 154  189  91  )
( -139  174  221  )
( 200  26  184  )
( 88  169  94  )
( -68  46  276  )
( -247  -251  110  )
( 201  46  69  )
( -284  -252  -23  )
( 170  169  230  )
( -191  -200  267  )
( 0  -268  184  )
( -103  9  16  )
( -98  -181  277  )
( -70  62  -296  )
( -156  294  250  )
( -29  51  -74  )
( 157  -73  -279  )
( -89  -272  0  )
( -245  55  -178  )
( 185  -298  73  )
( 278  -88  158  )
( 110  -179  -48  )
( 245  257  -292  )
( -33  35  -22  )
( 9  -255  258  )
( -217  283  261  )
( 269  -156  281  )
( -286  -148  -158  )
( -270  -296  -266  )
( 46  -272  23  )
( 31  243  111  )
( -193  -103  -5  )
( 178  -131  244  )
( 20  46  47  )
( 269  -66  227  )
( -73  -271  219  )
( -263  -61  100  )
( -44  -276  261  )
( 210  -34  145  )
( -130  123  -265  )
( 278  247  -170  )
( -52  147  -63  )
( 22  -150  29  )
( -208  170  225  )
( 109  103  81  )
( -276  -257  129  )
( -110  242  -196  )
( -41  -18  -211  )
( -251  -161  -176  )
( 70  170  -298  )
( -62  -7  70  )
( -206  -266  -27  )
( -234  172  230  )
( 168  -119  15  )
( 225  19  230  )
( -130  -97  -209  )
( 203  -236  -109  )
( -183  -129  144  )
( 69  -14  -75  )
( 35  123  144  )
( -205  65  -247  )
( -266  6  -138  )
( 136  67  -181  )
( 55  202  -171  )
( 237  -223  -291  )
( 248  -102  -193  )
( -293  227  90  )
( 271  250  -146  )
( -42  -283  -178  )
( -252  -164  103  )
( 77  262  129  )
( 276  61  93  )
( 64  -44  186  )
( 65  6  162  )
( 221  271  118  )
( 175  89  -101  )
( 127  258  -16  )
( -231  174  139  )
( -39  285  -100  )
( 153  -53  4  )
( -53  186  257  )
( -192  -162  19  )
( 277  97  68  )
( -96  -78  -135  )
( -153  -204  190  )
( -160  288  240  )
( 282  254  -60  )
( 155  202  -63  )
( 202  -36  115  )
( -24  207  197  )
( 43  194  -165  )
( 31  -32  168  )
( -258  -38  123  )
( -96  163  31  )
( -234  164  -170  )
( 135  46  -94  )
( -56  48  114  )
( 72  269  60  )
( -126  168  71  )
( 30  -270  -198  )
( 34  219  94  )
( 230  -269  -238  )
( -141  -79  -41  )
( 101  -265  54  )
( -249  -3  -229  )
( -98  -58  -124  )
( 92  135  121  )
( 290  -77  236  )
( -147  -55  -74  )
( 238  -170  72  )
( -180  -49  -110  )
( -187  -278  -35  )
( 123  42  287  )
( 31  -117  -284  )
( 91  -33  -124  )
( 231  -263  191  )
( -66  51  215  )
( -173  -31  182  )
( 40  -254  176  )
( 84  -106  -1  )
( 114  -6  -58  )
( -110  -195  -289  )
( 91  1  -208  )
( -90  -36  -257  )
( -93  -193  107  )
( 25  294  55  )
( -91  39  131  )
( 123  88  102  )
( 267  204  43  )
( -66  11  -266  )
( -24  102  115  )
( -167  227  143  )
( -88  -60  -25  )
( 139  -90  101  )
( -191  234  64  )
( -192  -288  15  )
( 155  101  -74  )
( -191  168  86  )
( 39  -4  -50  )
( -8  149  -196  )
( -61  -224  152  )
( -171  285  -136  )
( -281  -253  -92  )
( 34  168  -16  )
( -240  -200  -248  )
( -24  263  -220  )
( 129  -216  -87  )
( 150  -255  254  )
( -12  113  -66  )
( 180  124  7  )
( -212  -234  -88  )
( 29  83  -106  )
( -168  104  -30  )
( -69  -183  139  )
( -230  -288  116  )
( 114  207  -69  )
( 98  10  -200  )
( 221  21  157  )
( -148  34  297  )
( -174  -123  285  )
( -20  297  -150  )
( -137  -118  -2  )
( 259  -174  -120  )
( -224  -122  -171  )
( 230  -220  193  )
( 53  280  52  )
( 19  -223  131  )
( 196  288  -164  )
( 207  -148  232  )
( -215  263  299  )
( 4  -78  42  )
( 31  -126  278  )
( -241  16  159  )
( -234  -163  151  )
( 186  -181  -18  )
( 232  -245  -197  )
( 185  41  53  )
( -41  -24  262  )
( -29  55  67  )
( 69  239  281  )
( -167  -298  -184  )
( 138  277  -249  )
( 135  -17  -27  )
( 55  -30  -99  )
( -0  -101  65  )
( 59  218  83  )
( -145  40  143  )
( -136  -270  -289  )
( 266  -128  -227  )
( 293  -120  210  )
( -168  -62  -130  )
( 295  -240  231  )
( 131  -5  72  )
( -262  207  81  )
( -1  -117  -265  )
( -159  -281  -97  )
( 132  -260  21  )
( -277  -234  239  )
( -109  -268  -225  )
( -168  -170  -208  )
( -45  -60  -53  )
( 3  -172  -295  )
( -255  65  -235  )
( -249  -246  152  )
( 152  269  -212  )
( 292  211  55  )
( -154  195  -290  )
( -237  203  45  )
( 273  267  -136  )
( 277  17  2  )
( -213  292  -168  )
( 118  241  27  )
( 269  82  127  )
( 234  -5  257  )
( -263  179  -220  )
( 33  276  -91  )
( -163  -46  -175  )
( -251  -97  -164  )
( -30  -288  159  )
( 278  -229  195  )
( 81  -108  288  )
( 91  -192  45  )
( 266  179  -137  )
( 258  264  -220  )
( 23  254  -143  )
( -248  271  -200  )
( 244  -292  -173  )
( 6  47  140  )
( -297  184  -229  )
( -3  -156  -208  )
( 131  -69  -166  )
( -45  -89  170  )
( -75  89  -278  )
( 250  196  -178  )
( -152  121  -50  )
( -88  -172  5  )
( -169  -261  175  )
( 152  -13  -162  )
( -112  86  -238  )
( 98  179  -91  )
( 121  245  -46  )
( -172  234  248  )
( -154  -62  -87  )
( -254  84  270  )
( -53  279  67  )
( -111  -119  -47  )
( -171  141  -61  )
( 230  -250  97  )
( 228  -71  -157  )
( 155  -85  -83  )
( -283  -19  -87  )
( 22  155  202  )
( 150  -79  -222  )
( 86  -153  -263  )
( -71  -286  64  )
( 158  20  -263  )
( 78  119  -47  )
( -32  229  -66  )
( -13  -281  102  )
( -60  -29  275  )
( 274  78  -106  )
( 132  118  -138  )
( -73  -218  123  )
( 140  70  -290  )
( -50  89  180  )
( 266  100  93  )
( -177  -221  -151  )
( 160  85  -254  )
( -166  -250  255  )
( 182  -224  275  )
( -272  -27  274  )
( 216  97  -194  )
( -7  -166  220  )
( 99  243  -84  )
( 92  141  140  )
( -205  -10  71  )
( -239  -104  152  )
( -280  -205  155  )
( -44  189  242  )
( -94  -167  106  )
( 86  10  5  )
( -279  -291  83  )
( 253  -299  -100  )
( -135  67  2  )
( 215  -142  -155  )
( -143  -116  -15  )
( 295  115  193  )
( 99  -272  132  )
( 22  -154  -275  )
( -105  -79  -262  )
( 204  193  118  )
( 71  265  -188  )
( -229  204  273  )
( 87  202  261  )
( -219  31  264  )
( 61  58  111  )
( -18  28  230  )
( 276  -130  11  )
( 19  150  215  )
( -228  -250  -108  )
( -40  46  -61  )
( 123  -58  140  )
( 130  107  -293  )
( -171  -246  -88  )
( -196  -174  -49  )
( 85  -195  -218  )
( -158  214  131  )
( 3  -98  76  )
( 12  159  -46  )
( 114  111  -258  )
( 276  -190  -171  )
( 214  -94  195  )
( -133  278  -73  )
( -187  -261  71  )
( -106  -147  -53  )
( -116  -107  -258  )
( 152  272  -199  )
( -65  -63  125  )
( 44  -206  -130  )
( -244  279  106  )
( 5  155  -71  )
( -237  279  261  )
( -216  -148  -260  )
( 160  -192  145  )
( 238  -63  -254  )
( -59  -265  78  )
( -191  102  -226  )
( 19  240  -257  )
( -205  -274  -276  )
( -142  -93  216  )
( -276  -245  -165  )
( -221  91  -48  )
( -168  138  84  )
( 54  94  -31  )
( -155  -43  -245  )
( 77  -183  0  )
( -121  -86  28  )
( -95  178  -90  )
( 24  15  256  )
( -296  292  174  )
( -213  252  -121  )
( 260  -178  289  )
( 23  271  -242  )
( 3  -15  -267  )
( 162  87  -71  )
( -284  179  265  )
( 4  27  127  )
( -153  -86  206  )
( -185  254  -152  )
( -213  55  -280  )
( -63  102  260  )
( 142  -50  -155  )
( -123  -246  82  )
( 129  134  192  )
( -29  -4  194  )
( 184  -231  -121  )
( 14  -143  -199  )
( -206  -278  -90  )
( -142  -246  151  )
( 136  275  -75  )
( 70  228  215  )
( 253  15  -247  )
( -96  -71  -298  )
( 145  25  255  )
( 172  -243  -64  )
( -51  210  44  )
( -90  -269  83  )
( -289  77  134  )
( -78  -10  183  )
( -229  -8  12  )
( 87  298  51  )
( -30  123  134  )
( -209  -10  -20  )
( -180  148  209  )
( -238  -20  250  )
( 284  11  -128  )
( -68  219  176  )
( -119  24  168  )
( 272  -128  -156  )
( 270  239  -18  )
( 84  -76  -195  )
( 116  236  113  )
( 25  215  230  )
( -215  -169  -56  )
( 208  -0  93  )
( -185  293  -57  )
( 108  -262  -209  )
( -299  217  149  )
( 171  -299  -126  )
( -280  -284  -296  )
( 39  -257  31  )
( 3  -153  142  )
( 20  -24  -273  )
( -240  92  98  )
( -205  189  -23  )
( 17  71  -29  )
( -298  127  284  )
( 202  -108  -117  )
( -102  -96  -266  )
( 148  44  -11  )
( 126  178  208  )
( 283  173  146  )
( 117  149  -243  )
( 137  214  -262  )
( 152  295  -25  )
( -213  -285  38  )
( 231  79  -162  )
( 78  -132  -254  )
( 75  252  -257  )
( -187  5  51  )
( 3  281  50  )
( -162  176  -47  )
( -182  -145  223  )
( 103  -254  -68  )
( -250  -97  284  )
( 122  -66  199  )
( 286  7  174  )
( -233  83  -286  )
( 109  180  95  )
( -31  57  -165  )
( 284  -104  192  )
( 244  -26  -122  )
( 191  73  6  )
( 24  -133  -280  )
( -227  220  -10  )
( 283  -58  218  )
( -284  -263  -138  )
( -71  138  -167  )
( 116  176  63  )
( 158  197  -41  )
( 19  -132  150  )
( -72  64  217  )
( -151  -257  110  )
( 198  267  284  )
( -49  172  -160  )
( 102  34  201  )
( -87  -225  182  )
( -218  264  -212  )
( 240  213  -79  )
( -85  259  -52  )
( -196  82  59  )
( 223  267  -176  )
( 272  230  -86  )
( -27  23  267  )
( -285  -189  40  )
( 286  -191  -107  )
( -7  -99  -116  )
( -183  124  155  )
( 64  74  194  )
( 262  -211  -159  )
( 291  109  244  )
( -42  159  -153  )
( -33  273  -77  )
( -274  215  102  )
( -224  78  125  )
( 68  -216  -295  )
( 295  -8  -211  )
( 16  17  -203  )
( 175  139  -74  )
( -286  -107  -200  )
( -20  83  234  )
( 132  290  -182  )
( 114  -272  246  )
( -46  254  291  )
( -252  -169  -240  )
( 195  5  187  )
( -87  4  137  )
( -123  -146  -265  )
( -245  -70  -32  )
( -178  65  -273  )
( 251  -19  173  )
( -191  60  231  )
( 19  -106  259  )
( -239  -251  128  )
( 52  -168  -289  )
( 27  -42  -7  )
( 63  -256  -107  )
( 288  28  195  )
( -111  -277  19  )
( 230  297  -289  )
( -205  74  -19  )
( -239  296  -245  )
( -219  -21  -53  )
( -42  216  168  )
( -112  -158  -179  )
( 28  -156  246  )
( -146  -285  -147  )
( -209  -261  177  )
( -51  28  120  )
( 165  217  57  )
( 90  129  124  )
( -215  101  5  )
( 22  -201  198  )
( -207  154  259  )
( 228  241  -205  )
( -120  212  -5  )
( -282  -234  28  )
( -231  -128  258  )
( -179  -140  -299  )
( -289  281  156  )
( 20  -67  -251  )
( -203  191  167  )
( 152  91  -119  )
( 7  -227  60  )
( -75  -21  123  )
( -224  102  223  )
( -148  230  235  )
( -39  -40  -4  )
( -87  -99  -118  )
( 89  -155  137  )
( -31  -258  23  )
( 45  -259  -32  )
( -52  192  238  )
( 295  34  192  )
( 277  68  43  )
( -155  -76  128  )
( -232  -143  -33  )
( 186  75  43  )
( 288  -109  -64  )
( -73  94  -194  )
( 277  89  -42  )
( -72  -117  163  )
( 12  11  -283  )
( 222  -195  -116  )
( -167  213  -20  )
( 118  -185  109  )
( -143  160  -109  )
( -29  87  -248  )
( 12  164  -96  )
( 98  29  2  )
( 166  5  139  )
( 260  65  -49  )
( 56  -244  131  )
( 186  -40  -258  )
( 245  -165  -233  )
( 282  -28  -156  )
( -29  -35  -57  )
( 26  -235  7  )
( -169  -204  193  )
( -17  -47  -130  )
( -204  3  -252  )
( -266  -245  41  )
( 28  -94  147  )
( 17  171  184  )
( 267  -45  121  )
( 251  267  126  )
( 62  88  -256  )
( 89  62  -229  )
( 199  -228  78  )
( -25  -256  -55  )
( -199  -163  -230  )
( -116  -285  -211  )
( -224  -189  -53  )
( -231  286  91  )
( 172  -160  288  )
( 254  -99  89  )
( -215  -245  -237  )
( 242  -236  -46  )
( -86  -198  -238  )
( 182  -148  -257  )
( -65  -144  -60  )
( 155  156  2  )
( 174  263  151  )
( 48  -277  264  )
( -13  215  104  )
( 186  -41  115  )
( 193  168  -212  )
( -262  -176  -161  )
( -104  -32  245  )
( -66  215  168  )
( 236  -229  35  )
( 152  -278  -208  )
( 133  -207  -130  )
( 266  199  202  )
( -92  -142  -188  )
( -88  -49  -52  )
( -260  -235  -56  )
( -175  110  275  )
( -76  -178  -46  )
( -167  187  -221  )
( -79  21  142  )
( -68  -275  -193  )
( -187  -150  -193  )
( 258  -229  -273  )
( 124  49  6  )
( 87  -214  143  )
( -76  84  -201  )
( -160  119  -61  )
( 8  -193  239  )
( -98  -81  -43  )
( -104  232  -152  )
( 213  -134  10  )
( 116  -195  119  )
( 265  75  144  )
( -135  -94  136  )
( 173  -287  79  )
( 60  240  49  )
( -195  12  -245  )
( -192  -202  -113  )
( -42  -145  -181  )
( -235  175  257  )
( 172  286  4  )
( 204  216  81  )
( -161  132  -187  )
( 261  298  156  )
( -60  -6  -110  )
( 168  -177  -53  )
( 241  -60  226  )
( 177  -102  214  )
( -230  89  8  )
( -237  -31  239  )
( 21  -119  -64  )
( -285  -283  224  )
( 294  298  271  )
( 9  285  -53  )
( 241  -21  86  )
( -50  205  -228  )
( 86  214  -142  )
( -40  -275  122  )
( 174  -228  143  )
( -243  -38  -7  )
( -25  79  293  )
( -232  -11  -241  )
( 238  233  118  )
( 39  -108  235  )
( -59  -34  1  )
( -252  -205  88  )
( -31  -89  273  )
( 38  -106  -215  )
( 293  208  -76  )
( -45  11  155  )
( -270  -255  133  )
( 3  198  -108  )
( 51  241  -141  )
( 265  56  -233  )
( 41  43  -112  )
( -220  82  155  )
( -78  164  205  )
( -6  -92  -2  )
( 211  -261  104  )
( 277  188  -39  )
( 42  289  -104  )
( -110  -87  -235  )
( -250  229  -87  )
( 171  -8  205  )
( -184  -283  264  )
( 46  -114  183  )
( 140  113  -295  )
( -113  199  290  )
( -275  120  -151  )
( -23  287  250  )
( 29  -123  -145  )
( -254  116  -82  )
( -2  -282  -169  )
( 205  125  128  )
( 203  -217  -278  )
( -104  -236  -209  )
( 213  -205  -254  )
( 197  89  -31  )
( 232  -271  48  )
( 125  -81  45  )
( -100  130  -181  )
( 106  26  -67  )
( -40  92  34  )
( 49  -190  -9  )
( -2  -39  123  )
( -94  58  -16  )
( 115  -181  -250  )
( -29  -265  -227  )
( 251  -30  -296  )
( -115  89  -0  )
( -86  -236  101  )
( -79  108  131  )
( -116  123  105  )
( -186  214  176  )
( 158  -184  -140  )
( -227  -141  240  )
( 58  249  128  )
( -94  188  -184  )
( -153  105  78  )
( -131  105  -290  )
( 244  -195  -150  )
( 289  -155  -140  )
( 30  -36  88  )
( -255  35  23  )
( -16  -242  44  )
( -32  176  -200  )
( -252  289  -74  )
( 32  -226  123  )
( 47  -282  -138  )
( 173  56  73  )
( 10  -127  140  )
( -61  -235  195  )
( 226  -267  -83  )
( -23  -282  6  )
( -254  -18  135  )
( 120  -248  -289  )
( 263  -30  -73  )
( 5  -234  100  )
( 105  -71  -111  )
( 5  -70  -213  )
( 75  137  245  )
( 235  188  193  )
( -72  -60  -193  )
( 44  -232  192  )
( 12  -205  -138  )
( -188  246  -260  )
( -186  114  212  )
( 129  86  -10  )
( 221  262  -46  )
( 178  -141  -279  )
( 192  147  -91  )
( -35  -157  292  )
( -170  -77  248  )
( -63  58  60  )
( 220  111  205  )
( 95  82  -206  )
( -101  -160  -37  )
( 185  -103  117  )
( 233  90  264  )
( -299  -28  258  )
( -61  -198  -152  )
( -167  -294  -149  )
( -175  -297  144  )
( 168  131  26  )
( 35  -251  -126  )
( -194  236  -230  )
( 147  281  -38  )
( 245  30  -13  )
( 64  17  7  )
( 69  -257  -292  )
( -257  -148  208  )
( -14  -51  -298  )
( -2  -277  -132  )
( -54  61  145  )
( -173  261  -181  )
( 83  -27  180  )
( 257  -184  9  )
( 69  -244  -99  )
( 145  -44  -2  )
( 156  221  244  )
( -127  -170  -247  )
( -188  -165  -152  )
( 218  111  160  )
( 76  -104  265  )
( 246  -177  239  )
( 248  -136  -37  )
( -225  -163  -107  )
( 280  -70  121  )
( -114  -104  158  )
( 111  131  230  )
( 40  165  15  )
( 206  201  -42  )
( 98  111  230  )
( 114  288  -219  )
( 293  -24  -217  )
( 140  253  -111  )
( -226  -63  249  )
( 19  -32  132  )
( -277  88  154  )
( -189  -48  -20  )
( 239  172  78  )
( 31  121  60  )
( 20  -160  139  )
( -57  141  128  )
( -87  -62  -40  )
( 22  -23  54  )
( -63  200  -210  )
( 100  -35  -66  )
( 43  286  -36  )
( -223  -293  -166  )
( -169  243  -249  )
( -90  216  299  )
( 71  -262  109  )
( 58  -11  -45  )
( 270  109  -213  )
( 159  -68  182  )
( 83  -179  -177  )
( 172  266  273  )
( -47  236  -188  )
( -96  -167  249  )
( 249  -147  242  )
( -2  157  -246  )
( -8  -291  -273  )
( 149  62  68  )
( 43  205  117  )
( 274  208  -242  )
( 9  -208  52  )
( -128  200  32  )
( -138  -74  -61  )
( 113  295  287  )
( 77  -63  184  )
( -196  272  -103  )
( 248  199  85  )
( -7  104  274  )
( 254  -75  -131  )
( -281  -161  146  )
( -93  173  53  )
( 168  -259  -177  )
( 121  -183  32  )
( 156  -238  -31  )
( -299  -219  98  )
( -229  -172  225  )
( 4  -102  119  )
( 128  112  44  )
( 282  82  226  )
( 106  243  -164  )
( 124  143  84  )
( 199  -173  248  )
( 299  -95  33  )
( 150  -161  271  )
( 43  56  53  )
( -147  -4  175  )
( -81  -99  31  )
( -212  -47  19  )
( 173  -228  -103  )
( -69  32  -26  )
( -198  -142  226  )
( 64  -251  148  )
( -164  134  -202  )
( -135  -216  -118  )
( -198  -27  -181  )
( -204  -21  143  )
( -267  -131  -171  )
( 155  -140  -221  )
( 7  143  -181  )
( -159  -81  129  )
( -81  25  16  )
( -167  -215  -121  )
( -176  197  -177  )
( 182  58  125  )
( -225  238  44  )
( -154  -202  113  )
( -9  234  -285  )
( -137  61  -10  )
( 243  9  -123  )
( -30  75  -296  )
( 262  -226  239  )
( 46  -67  -237  )
( 107  103  113  )
( -71  -183  -68  )
( 75  104  -52  )
( -123  18  297  )
( 110  169  200  )
( -101  -280  -56  )
( -35  51  -89  )
( 261  41  32  )
( 40  -248  139  )
( -2  46  196  )
( 155  -213  270  )
( -102  124  98  )
( -189  162  -155  )
( 94  -263  -123  )
( 204  225  -11  )
( 290  -132  98  )
( 205  -111  254  )
( 63  -166  158  )
( -138  23  -61  )
( 105  -137  180  )
( -271  -233  -294  )
( -11  -279  -190  )
( -257  230  -152  )
( 40  22  121  )
( -116  -177  -103  )
( 185  45  86  )
( 204  246  -105  )
( -8  -132  58  )
( -43  -296  -292  )
( -85  -68  262  )
( 21  248  -184  )
( 195  -56  44  )
