( 135  101  125  )
( 257  -244  13  )
( -122  59  -75  )
( 126  253  -16  )
( -30  -280  240  )
( 148  -32  -157  )
( -35  -299  -77  )
( 165  -244  -52  )
( -209  163  -49  )
( 153  -52  -58  )
( -10  -127  51  )
( 23  -245  -260  )
( -175  106  17  )
( -94  -252  165  )
( -191  176  -57  )
( 46  73  -238  )
( 68  -282  245  )
( -4  -255  8  )
( 202  141  98  )
( -46  93  -184  )
( 268  -97  106  )
( -104  -64  287  )
( -13  10  -77  )
( 85  77  132  )
( -145  203  280  )
( -293  297  203  )
( 120  -169  217  )
( 130  20  -149  )
( 28  66  -292  )
( 226  -251  65  )
( 260  -29  -247  )
( 126  -15  245  )
( -283  198  244  )
( 206  -119  169  )
( -211  150  -233  )
( 297  190  156  )
( -162  -9  66  )
( 77  -252  -224  )
( 68  7  -28  )
( 160  20  226  )
( 218  278  -189  )
( -188  -193  192  )
( 120  101  287  )
( 102  167  260  )
( 63  182  -29  )
( 285  252  120  )
( 289  136  -58  )
( 9  148  238  )
( -27  0  -141  )
( -144  10  290  )
( 104  217  -272  )
( -278  -134  262  )
( 247  257  -206  )
( 104  -181  245  )
( 109  211  80  )
( 60  -116  -23  )
( 116  61  157  )
( -209  -47  274  )
( 49  0  273  )
( -287  152  -231  )
( 13  30  -261  )
( 147  -135  249  )
( -1  232  294  )
( -229  -177  90  )
( 256  139  21  )
( -158  164  -29  )
( -165  -238  -42  )
( 180  -268  161  )
( 131  267  -163  )
( 73  -123  118  )
( 38  -236  -13  )
( 210  141  -148  )
( 84  44  204  )
( 124  -183  -11  )
( -69  57  43  )
( 61  41  169  )
( -278  252  122  )
( 291  -295  -227  )
( -243  -285  229  )
( 92  199  172  )
( 72  296  -112  )
( 42  -210  -108  )
( -172  41  -145  )
( 22  16  -38  )
( -11  -12  -62  )
( -66  -13  -119  )
( 9  225  -223  )
( 197  201  257  )
( 207  94  -60  )
( 36  -224  -274  )
( -7  104  219  )
( 16  -205  -40  )
( -31  274  -55  )
( -113  -216  109  )
( 14  -228  106  )
( 250  -152  101  )
( -227  -2  199  )
( -135  -194  -253  )
( 9  269  -29  )
( -189  -226  -51  )
( 95  -196  -103  )
( 248  266  -296  )
( -247  128  244  )
( 166  261  287  )
( 183  -284  -41  )
( 123  10  122  )
( 255  -102  -226  )
( -230  -206  -124  )
( -254  -279  -4  )
( 256  -63  18  )
( -218  143  -233  )
( 146  -180  -2  )
( -255  -245  150  )
( 143  99  -213  )
( 238  -55  286  )
( 118  123  97  )
( -15  -225  -58  )
( -241  24  -32  )
( -257  225  90  )
( -258  252  -38  )
( 121  -124  244  )
( 89  157  -183  )
( 226  -272  265  )
( -86  -96  129  )
( 221  119  -111  )
( 229  -268  160  )
( -113  16  -63  )
( 194  94  256  )
( 5  9  191  )
( -286  -61  -88  )
( 289  -109  -118  )
( -268  -267  -39  )
( -185  279  -147  )
( -273  -208  -215  )
( -153  -126  -71  )
( -19  -28  -72  )
( -139  -8  89  )
( 256  -190  -53  )
( 179  74  111  )
( -107  -180  65  )
( -298  -171  -173  )
( -117  257  9  )
( 98  251  -236  )
( -128  143  -252  )
( -86  134  0  )
( -241  -225  -211  )
( 299  -241  -154  )
( -159  243  6  )
( 292  134  111  )
( 283  165  -270  )
( 282  -299  -90  )
( -268  -49  -28  )
( -169  -119  -217  )
( 254  -171  -176  )
( -228  -30  -294  )
( 87  -67  -65  )
( 102  -206  -139  )
( -251  36  -299  )
( 19  -213  239  )
( -225  -83  -105  )
( -247  -233  -19  )
( 101  161  -5  )
( -129  134  153  )
( -96  125  264  )
( 65  114  -214  )
( -75  -270  -232  )
( -222  100  -202  )
( 8  190  213  )
( 16  80  -173  )
( -255  253  -214  )
( 182  -100  -252  )
( -109  -288  169  )
( 248  -252  -12  )
( 282  -114  177  )
( -141  239  40  )
( -187  235  -143  )
( -4  -194  -100  )
( 260  -14  -53  )
( 204  -137  -298  )
( -129  67  -109  )
( -238  20  24  )
( -102  81  -22  )
( -48  70  -104  )
( -102  -156  -49  )
( 286  175  27  )
( -169  243  -222  )
( 177  -166  -82  )
( 140  268  120  )
( 258  243  -181  )
( -0  277  41  )
( 151  -2  -37  )
( -144  -197  36  )
( 205  274  87  )
( -54  186  -75  )
( 291  197  209  )
( -48  62  -22  )
( 292  138  -228  )
( 158  -38  -3  )
( 159  -237  46  )
( -109  95  107  )
( -236  105  230  )
( 245  206  176  )
( 190  -9  -116  )
( 258  0  -131  )
( -128  137  -100  )
( -279  -1  -281  )
( -100  65  160  )
( -30  -235  18  )
( -60  -28  -194  )
( -243  -174  71  )
( -243  153  -231  )
( 126  82  53  )
( 271  90  235  )
( 274  116  -107  )
( -258  -186  286  )
( -191  67  195  )
( -191  -184  225  )
( 88  11  146  )
( 53  -213  -35  )
( 157  65  293  )
( 241  -281  -164  )
( -263  -274  -37  )
( 299  -246  203  )
( 127  26  258  )
( -233  -76  127  )
( -160  64  -182  )
( -48  279  61  )
( 183  -217  -253  )
( -14  -266  24  )
( -263  -65  54  )
( -11  251  -261  )
( -35  -58  -139  )
( -59  -155  -45  )
( 174  191  185  )
( -145  -250  -28  )
( 75  -241  34  )
( -298  -137  113  )
( 287  75  221  )
( -55  98  17  )
( -107  -270  287  )
( 195  179  -180  )
( 281  67  203  )
( 151  -57  -0  )
( -226  -197  -279  )
( -27  230  -158  )
( 190  123  -90  )
( -174  -118  66  )
( 74  238  -129  )
( 219  -241  171  )
( 101  116  39  )
( 291  -41  44  )
( 283  -256  16  )
( 120  117  249  )
( -2  -270  -100  )
( 266  36  -243  )
( 249  -287  -96  )
( -211  -154  -276  )
( -63  150  108  )
( -11  69  96  )
( -89  -119  128  )
( 4  21  244  )
( -73  132  219  )
( -19  -45  11  )
( 108  179  245  )
( 123  73  132  )
( 170  -158  -165  )
( -55  -89  -186  )
( 134  -211  -85  )
( 83  146  60  )
( -253  242  -120  )
( -23  27  184  )
( 147  -218  -188  )
( -259  166  97  )
( 59  -103  -20  )
( 181  34  -54  )
( -231  -9  199  )
( 288  49  -144  )
( 190  227  5  )
( -264  -119  240  )
( 178  234  -34  )
( 50  -279  -20  )
( -181  -189  212  )
( -147  -46  -150  )
( -210  190  -120  )
( 17  -150  -131  )
( -225  138  68  )
( 224  -116  232  )
( -132  184  -284  )
( 198  135  -128  )
( 66  2  -273  )
( 69  86  -268  )
( -201  -103  -236  )
( -262  -53  247  )
( -233  -136  297  )
( -84  -162  115  )
( -211  286  -163  )
( -213  125  293  )
( -79  -6  -155  )
( 67  192  -143  )
( -255  -4  -81  )
( 152  -38  -185  )
( -63  3  -133  )
( 114  -92  189  )
( 119  -244  -121  )
( -280  276  -36  )
( -259  92  101  )
( -162  81  195  )
( 28  -245  -149  )
( -249  219  247  )
( -154  -165  -87  )
( -174  -10  -260  )
( -299  143  -69  )
( -168  133  -42  )
( 213  283  -279  )
( 9  162  -289  )
( -268  121  160  )
( -244  -144  172  )
( -183  270  34  )
( 161  169  50  )
( 216  -283  5  )
( -128  -68  284  )
( -226  22  64  )
( 70  264  124  )
( -36  -154  -239  )
( 169  -35  -22  )
( 98  38  63  )
( -160  156  26  )
( -254  -182  -23  )
( 152  278  -218  )
( 85  -110  -106  )
( -58  -0  -264  )
( -16  64  -203  )
( -190  138  -4  )
( 88  -248  -255  )
( -122  97  -284  )
( 19  221  298  )
( 182  -11  97  )
( -130  -32  -183  )
( 14  114  122  )
( 25  13  180  )
( 161  255  70  )
( -250  94  184  )
( -121  166  140  )
( 79  -69  212  )
( 271  -290  253  )
( -244  -114  12  )
( 299  -3  -54  )
( -142  -182  -254  )
( -37  105  178  )
( -155  35  291  )
( -99  130  -202  )
( -89  -90  -158  )
( 295  -165  -142  )
( -277  216  299  )
( 7  -43  53  )
( -34  243  245  )
( -162  -59  15  )
( 123  186  6  )
( 96  159  28  )
( -235  109  245  )
( -97  164  144  )
( 250  -149  21  )
( -189  8  145  )
( -261  16  142  )
( 188  100  27  )
( 34  238  -245  )
( -245  39  -143  )
( -253  222  -213  )
( 32  -18  125  )
( -292  -144  120  )
( -157  -66  -150  )
( -53  242  209  )
( -208  16  14  )
( 295  -223  -22  )
( 115  281  -255  )
( 207  264  -105  )
( 275  282  28  )
( -89  -26  144  )
( 34  287  282  )
( -149  -170  49  )
( 142  -7  240  )
( -41  -166  215  )
( 229  -154  144  )
( 77  268  259  )
( -286  -258  -278  )
( -185  111  -148  )
( 244  -242  -26  )
( -258  174  45  )
( 96  -289  -238  )
( 46  33  229  )
( -176  -15  188  )
( -147  -6  -292  )
( 296  -125  -293  )
( -95  -71  181  )
( -238  -104  134  )
( -174  -91  -247  )
( -64  22  -162  )
( 37  33  -173  )
( -49  0  187  )
( -27  -296  174  )
( 229  -110  182  )
( 202  -147  -121  )
( 288  -298  -183  )
( 265  187  126  )
( -254  114  292  )
( 259  233  -93  )
( 133  36  117  )
( -99  88  221  )
( -30  175  109  )
( -67  -105  197  )
( -284  7  160  )
( -54  220  -96  )
( -216  256  277  )
( -25  -142  -292  )
( -258  5  134  )
( -160  -33  90  )
( 138  293  221  )
( -1  -102  -144  )
( -276  43  250  )
( -131  273  -126  )
( -31  156  -202  )
( -39  -207  238  )
( 183  162  75  )
( 64  -134  276  )
( -298  -73  -247  )
( -194  289  212  )
( -199  152  194  )
( -212  -64  54  )
( -0  245  140  )
( -76  287  229  )
( -289  4  149  )
( -279  -7  -172  )
( -28  253  266  )
( -18  28  -215  )
( -247  -31  -250  )
( -167  -40  44  )
( -21  -192  -73  )
( 94  -164  104  )
( -7  232  44  )
( 268  278  87  )
( -277  -206  154  )
( -222  -213  -190  )
( -30  -104  248  )
( 35  -133  -277  )
( 255  -280  258  )
( -125  -153  -108  )
( 99  28  -151  )
( 96  16  188  )
( -30  117  270  )
( 115  -82  207  )
( -62  229  -7  )
( 52  -248  249  )
( -167  69  124  )
( 292  -84  288  )
( 104  60  241  )
( -122  48  187  )
( 41  259  120  )
( -116  -287  -144  )
( 61  163  62  )
( 90  242  139  )
( 62  222  -196  )
( -0  30  56  )
( 170  13  -121  )
( 243  -271  86  )
( -186  195  -76  )
( -131  -200  12  )
( 273  106  24  )
( 103  84  260  )
( 226  -47  -291  )
( 225  283  -143  )
( -174  -217  118  )
( -111  -269  -254  )
( -233  251  162  )
( 289  229  170  )
( -124  -213  98  )
( 35  19  242  )
( -119  57  -77  )
( 133  109  -82  )
( 232  192  293  )
( -277  -25  -54  )
( 68  67  -69  )
( 37  71  -256  )
( -138  40  111  )
( -33  123  265  )
( -102  -41  270  )
( -127  -128  179  )
( -271  -256  2  )
( 294  104  -145  )
( 8  153  240  )
( -209  286  -249  )
( -299  124  -198  )
( 211  -80  123  )
( -5  89  -33  )
( 205  -110  -273  )
( -270  -241  -93  )
( -159  188  -282  )
( -244  -273  87  )
( -111  59  171  )
( -146  124  -36  )
( 96  -2  -242  )
( 169  33  198  )
( 251  106  -9  )
( -190  -180  2  )
( 18  -189  -193  )
( -37  71  229  )
( -276  -185  -263  )
( -209  -290  -279  )
( 63  -237  -93  )
( 72  -41  -291  )
( 272  150  180  )
( 18  139  248  )
( -152  167  -214  )
( 52  -236  -76  )
( 84  -183  -163  )
( -87  55  -135  )
( -167  245  92  )
( 35  104  19  )
( -153  194  -226  )
( 190  268  236  )
( 145  -28  156  )
( 202  273  254  )
( -143  -40  213  )
( -28  93  238  )
( 275  21  -141  )
( -9  -295  -274  )
( -68  116  129  )
( -108  -76  -173  )
( 78  -17  -242  )
( -153  182  -147  )
( -226  -11  203  )
( -123  -29  102  )
( -106  283  284  )
( -251  -13  172  )
( -107  -141  -80  )
( 173  299  206  )
( 181  145  -194  )
( 57  -153  -226  )
( -116  152  77  )
( -232  257  -31  )
( 13  -279  73  )
( -273  -173  151  )
( 293  161  -40  )
( -88  -227  -104  )
( -226  -70  -216  )
( 2  -115  214  )
( -8  195  -51  )
( 139  -25  216  )
( -218  114  -119  )
( -9  -224  41  )
( 243  105  -297  )
( 190  49  -44  )
( 3  251  -106  )
( 112  -144  280  )
( -168  -229  280  )
( -56  175  -44  )
( 17  -57  227  )
( -293  -113  -91  )
( 248  106  216  )
( 282  246  -77  )
( -98  -36  58  )
( -71  -43  -104  )
( 50  55  -252  )
( 57  291  -108  )
( 122  -238  14  )
( -128  -260  161  )
( -145  16  116  )
( -56  -155  262  )
( 42  -227  -76  )
( -246  -141  -23  )
( -180  -233  -12  )
( -249  19  124  )
( -39  -183  272  )
( 176  -32  152  )
( -203  -46  275  )
( -14  292  -64  )
( -151  -108  -134  )
( -5  -62  265  )
( 232  -10  -95  )
( 30  -290  27  )
( 54  -142  223  )
( 182  16  258  )
( 6  -216  -210  )
( -25  194  -30  )
( -157  -234  -88  )
( -167  -95  247  )
( 258  252  -177  )
( -10  28  -154  )
( -179  148  -117  )
( 230  192  -58  )
( -137  -186  -222  )
( -243  151  1  )
( 115  -190  16  )
( -113  -196  -272  )
( -80  -299  111  )
( 229  -57  -33  )
( 64  -38  112  )
( 265  -4  185  )
( 233  -167  -291  )
( -238  161  211  )
( -293  272  207  )
( -259  142  -277  )
( 231  -125  -237  )
( 224  254  -78  )
( -169  -236  159  )
( 262  232  -178  )
( -216  -251  -252  )
( 29  -130  -151  )
( -62  -51  -177  )
( 40  205  196  )
( 87  -112  92  )
( 275  54  -261  )
( 220  -133  -180  )
( 96  183  -4  )
( 45  -279  56  )
( -176  185  -279  )
( 77  83  34  )
( 63  172  -117  )
( 177  3  129  )
( 79  261  124  )
( 31  -285  -234  )
( 179  -215  229  )
( 88  -65  -55  )
( 121  -238  -144  )
( -171  168  271  )
( -151  110  247  )
( 175  -226  60  )
( 226  -248  -18  )
( 238  -290  232  )
( 257  -88  -224  )
( -271  56  294  )
( -186  219  124  )
( 1  190  -137  )
( 128  38  -32  )
( -7  -65  153  )
( 91  228  249  )
( -58  102  -114  )
( -168  -245  69  )
( 250  241  272  )
( -200  201  286  )
( 238  -286  -292  )
( -122  -245  259  )
( 251  58  -47  )
( -78  53  190  )
( 27  -93  141  )
( -248  288  255  )
( -223  6  39  )
( -24  111  214  )
( 168  51  255  )
( 200  -139  273  )
( 63  170  -255  )
( 187  -171  -77  )
( -221  -256  -114  )
( -167  151  149  )
( -140  -215  -4  )
( -25  11  -1  )
( 49  95  -232  )
( -166  -230  61  )
( 228  -191  64  )
( 183  137  -39  )
( -229  221  -67  )
( 53  57  217  )
( -79  -172  124  )
( -31  203  78  )
( -44  -161  -205  )
( -1  -10  116  )
( -229  256  -176  )
( 157  214  -148  )
( 85  297  -144  )
( -225  171  236  )
( 177  -17  -67  )
( 70  -173  -210  )
( 167  7  -180  )
( -134  -176  56  )
( 173  221  142  )
( -208  249  -97  )
( 109  -62  105  )
( 4  -76  -53  )
( 143  207  264  )
( 157  -282  -85  )
( -218  252  -48  )
( 218  -59  36  )
( 2  -247  152  )
( 293  -151  -292  )
( 241  -63  -133  )
( 180  123  -76  )
( -33  155  193  )
( -239  -18  251  )
( 58  -270  105  )
( 134  235  19  )
( -84  12  -273  )
( 135  -220  254  )
( -181  -58  -120  )
( 23  -258  -13  )
( 120  -69  -123  )
( -252  -265  -172  )
( -123  156  -116  )
( 103  -266  -28  )
( 231  -96  240  )
( -186  292  -273  )
( 115  -112  -95  )
( -14  -73  -237  )
( 274  294  -6  )
( -294  220  -189  )
( -91  31  -168  )
( 287  -288  75  )
( -240  -204  90  )
( -69  13  110  )
( 237  118  -281  )
( -145  -138  -43  )
( -96  53  -119  )
( -136  -43  -213  )
( -187  189  296  )
( 114  198  118  )
( 176  -284  -291  )
( -6  -212  -150  )
( -47  34  200  )
( -117  146  164  )
( 91  -148  67  )
( 245  -53  37  )
( 38  20  -126  )
( -151  89  150  )
( 66  188  158  )
( -49  146  8  )
( -297  -28  -99  )
( 104  280  1  )
( -20  -203  -142  )
( 140  -117  78  )
( -275  -104  -188  )
( -68  60  249  )
( 116  -274  -277  )
( 118  170  128  )
( 103  289  -17  )
( -121  200  -42  )
( 114  187  185  )
( -164  142  -121  )
( 223  45  -192  )
( 146  177  -2  )
( 151  288  133  )
( -165  194  -250  )
( 247  52  260  )
( 237  92  -189  )
( 298  219  53  )
( -183  -178  -227  )
( -48  174  79  )
( 193  128  -79  )
( -82  264  183  )
( 168  -84  87  )
( -145  -159  267  )
( 54  235  293  )
( 15  90  103  )
( -279  202  94  )
( -295  156  -157  )
( 142  -32  -46  )
( -26  -6  -17  )
( -92  -23  46  )
( 221  -200  109  )
( 42  -255  176  )
( 128  221  178  )
( -201  -274  -28  )
( -118  -4  -237  )
( 44  151  -51  )
( -31  -49  18  )
( 183  0  71  )
( -231  -30  -236  )
( 102  -49  -189  )
( -0  14  -285  )
( -54  -15  -274  )
( 122  184  76  )
( 77  -14  -5  )
( 194  -105  175  )
( 141  89  -288  )
( -120  196  -189  )
( 282  112  -82  )
( -40  218  -95  )
( -287  -156  -219  )
( 115  -128  202  )
( 100  237  2  )
( -211  115  -254  )
( 99  273  -180  )
( -187  55  137  )
( -212  -225  257  )
( 100  -56  -226  )
( -29  -138  -262  )
( -5  -285  152  )
( -225  -289  129  )
( -182  22  29  )
( 135  176  90  )
( 273  200  -177  )
( 279  209  43  )
( -141  -102  -133  )
( 252  174  -111  )
( 189  -194  -205  )
( -32  86  11  )
( 260  244  15  )
( -115  14  -4  )
( -204  -98  -247  )
( 51  203  -57  )
( -286  -183  264  )
( 239  -260  -188  )
( 236  192  -111  )
( 126  95  -16  )
( 41  90  -37  )
( 255  -177  216  )
( -232  -219  -124  )
( -49  -268  -294  )
( -95  28  -41  )
( 174  134  258  )
( 179  -180  2  )
( -40  -57  -267  )
( -165  57  -19  )
( 42  -7  70  )
( 57  157  -288  )
( 107  -30  -184  )
( 145  -182  -55  )
( -266  -156  138  )
( 159  -125  -137  )
( 220  42  236  )
( -113  253  -62  )
( 123  279  74  )
( 164  -134  -143  )
( 65  256  62  )
( 15  -80  -185  )
( -183  -202  -49  )
( -83  159  95  )
( -21  225  236  )
( 4  211  -208  )
( 100  -262  9  )
( -278  -109  1  )
( -30  -97  -37  )
( 165  -214  223  )
( 266  277  -168  )
( -254  174  137  )
( 96  -290  -85  )
( 159  -191  206  )
( -169  -286  -189  )
( -270  -227  -9  )
( 151  204  -254  )
( 27  196  51  )
( -45  234  -274  )
( -63  211  -195  )
( 228  219  67  )
( -220  129  37  )
( 123  -233  174  )
( 44  23  292  )
( -292  192  63  )
( 27  -66  -209  )
( 99  -32  203  )
( 14  226  287  )
( 290  177  -139  )
( -104  22  166  )
( 265  232  -249  )
( -211  -15  127  )
( 63  -215  221  )
( -92  -32  245  )
( 198  149  33  )
( 129  26  244  )
( 173  175  -112  )
( 162  -218  -192  )
( 28  -164  -285  )
( -80  276  126  )
( -0  107  -38  )
( -208  -184  -7  )
( -267  139  -77  )
( 117  47  74  )
( -124  70  32  )
( -254  -271  145  )
( 8  140  184  )
( -297  -227  -200  )
( 146  231  -132  )
( 77  8  31  )
( -176  -62  94  )
( -71  74  -224  )
( 42  86  187  )
( -161  273  85  )
( -95  183  -200  )
( 134  241  245  )
( -274  -75  -19  )
( -272  100  -124  )
( -295  91  192  )
( -105  -153  237  )
( -17  -64  76  )
( 26  -71  -149  )
( 127  -20  -135  )
( -235  75  49  )
( 216  -286  -123  )
( -266  280  65  )
( 133  -172  -194  )
( 16  -255  -140  )
( 7  33  -166  )
( -13  -208  -94  )
( -17  175  166  )
( 53  -16  -277  )
( -253  222  94  )
( -226  -102  122  )
( 45  -273  -230  )
( 264  -109  166  )
( 267  227  -91  )
( 201  248  202  )
( 224  110  -117  )
( 208  164  -111  )
( -199  -125  259  )
( 107  -8  -3  )
( 197  221  -84  )
( 6  8  -249  )
( 218  208  -195  )
( -47  -61  -100  )
( 123  116  130  )
( -233  -87  276  )
( 256  51  252  )
( -297  62  -119  )
( 64  241  -142  )
( -177  202  150  )
( -193  -10  272  )
( 10  222  112  )
( -22  -173  -116  )
( -55  -53  279  )
( -148  -263  -10  )
( -192  179  208  )
( -2  289  186  )
( -67  54  289  )
( -294  -154  -166  )
( -299  -218  -289  )
( -3  -222  -70  )
( 208  87  161  )
( 106  -74  67  )
( -219  -228  -296  )
( 85  -226  -144  )
( 225  288  -75  )
( 118  78  66  )
( -126  69  -191  )
( -38  297  74  )
( 231  111  -103  )
( -193  127  -166  )
( 130  -46  -162  )
( -59  -5  -35  )
( -89  -254  -17  )
( 249  170  -12  )
( 64  286  -76  )
( -114  -261  -199  )
( 164  -150  -188  )
( 155  -208  298  )
( -279  299  -72  )
( 98  -132  -299  )
( 159  -247  185  )
( -173  -253  37  )
( 264  -260  -199  )
( 167  229  230  )
( 28  252  38  )
( -264  -273  -188  )
( 82  -111  -158  )
( 220  -226  -92  )
( 56  219  -196  )
( -169  37  189  )
( -216  -172  11  )
( -246  125  169  )
( 272  -119  176  )
( 274  -253  79  )
( -237  260  167  )
( 260  -69  177  )
( 273  180  286  )
( 115  155  -86  )
( -262  -133  258  )
( 18  295  -276  )
( 152  -135  -273  )
( -161  206  -81  )
( -205  -267  90  )
( -71  -250  -10  )
( -195  93  102  )
( -139  259  254  )
( -250  -130  107  )
( 54  -43  284  )
( 255  24  94  )
( 32  -241  -74  )
( 7  -150  -294  )
( -52  34  168  )
( -213  138  31  )
( 128  -26  33  )
( 22  230  90  )
( -161  142  270  )
( -156  -83  -299  )
( -224  -251  -57  )
( 52  68  -261  )
( -159  -173  -6  )
( 164  -134  275  )
( 24  110  119  )
( 206  -131  -196  )
( 156  -244  -224  )
( -144  162  -227  )
( -96  266  -75  )
( -211  112  200  )
( 233  -288  -249  )
( 139  117  -279  )
( 243  177  -114  )
( -27  -148  90  )
( 172  44  -162  )
( 200  -87  -247  )
( -209  -234  97  )
( -214  253  68  )
( -16  91  222  )
( -154  152  219  )
( -249  -110  -114  )
( -123  188  -151  )
( -257  184  -266  )
( 99  -37  285  )
( -215  185  -146  )
( 165  299  -263  )
( 49  -77  68  )
( 233  -102  -180  )
( 40  -180  -298  )
( 104  75  22  )
( 214  151  16  )
( 85  -295  -102  )
( -59  -186  -91  )
( 184  -120  -233  )
( -80  52  278  )
( 247  21  278  )
( -127  286  227  )
( 211  -69  87  )
( -231  -234  -85  )
( 259  96  -7  )
( -12  296  -104  )
( 82  40  3  )
( -251  282  241  )
( -226  -216  37  )
( -276  102  -272  )
( 185  -104  218  )
( 41  -275  -177  )
( 57  -58  -72  )
( -181  161  -268  )
( 155  -44  -264  )
( 142  -288  -232  )
( 287  173  -36  )
( 47  -225  76  )
( -206  -175  -152  )
( 6  -239  49  )
( -250  -228  -201  )
( 172  4  213  )
( 184  233  159  )
( 63  -162  155  )
( -7  230  -111  )
( -190  -89  242  )
( 103  -47  -216  )
( -151  -27  -268  )
( 236  296  -43  )
( 78  -176  -238  )
( -283  140  22  )
( -109  90  -138  )
( -125  -294  -10  )
( -165  26  -71  )
( -100  26  -114  )
( 261  243  -177  )
( -292  -88  -224  )
( 32  -25  75  )
( 184  218  -142  )
( 191  272  -115  )
( 236  -50  211  )
( 223  -136  144  )
( -221  167  69  )
( 281  -173  -10  )
( 205  126  194  )
( 75  -37  209  )
( 246  128  106  )
( 152  -47  104  )
( -266  213  -68  )
( 131  -17  2  )
( 58  -129  78  )
( -209  259  248  )
( 284  -42  -183  )
( -66  -270  89  )
( -167  -266  -194  )
( 148  -77  -265  )
( -102  -251  -117  )
( 86  -211  -36  )
( -163  -84  168  )
( 273  42  -170  )
( 38  111  -92  )
( 254  -286  -178  )
( 216  237  188  )
( -87  -188  -34  )
( 276  -87  48  )
( -159  90  182  )
( -210  70  -207  )
( -263  -16  -99  )
( -263  -283  -126  )
( 51  132  -76  )
( 213  -190  112  )
( 41  -276  148  )
( -244  -6  -25  )
( 55  37  178  )
( 284  89  147  )
( -39  -175  -263  )
( 35  -237  68  )
( 84  -2  -41  )
( -138  274  -145  )
( 293  165  -288  )
( -184  134  -198  )
( -214  196  22  )
( -76  48  294  )
( 158  -17  90  )
( 15  255  -238  )
( 80  266  142  )
( -5  260  192  )
( 151  278  -62  )
( 221  232  -204  )
( 210  232  -142  )
( -200  275  90  )
( -167  64  122  )
( 210  -195  -84  )
( -82  118  -20  )
( 159  194  79  )
( 271  74  -214  )
( -218  45  177  )
( -5  171  -88  )
( 54  -236  200  )
( 289  -120  -40  )
( -45  -258  -208  )
( -124  178  -209  )
( 199  -118  -298  )
( 199  129  -168  )
( 112  272  -236  )
( -173  239  155  )
( 265  247  37  )
( 254  272  134  )
( 153  227  141  )
( 88  -50  91  )
( -135  98  -4  )
( -77  296  -262  )
( 33  -25  -207  )
( -171  32  -219  )
( -287  232  119  )
( 188  -42  -16  )
( -30  -249  -11  )
( -160  -187  256  )
( -172  -120  52  )
( 296  10  -93  )
( -128  21  76  )
( -264  -10  -174  )
( -285  207  -279  )
( 52  -78  -250  )
( -9  38  -10  )
( 76  245  53  )
( 8  184  -88  )
( 132  162  -283  )
( -67  -289  -297  )
( -259  181  -153  )
( -108  -215  -193  )
( -158  156  -28  )
( 59  80  284  )
( 199  -201  -155  )
( 217  -76  140  )
( 22  108  113  )
( 136  9  19  )
( -237  80  -295  )
( 195  188  -15  )
( 284  -170  -9  )
( 145  172  180  )
( 124  191  -62  )
( 2  -4  -151  )
( -204  -149  -233  )
( 71  -225  52  )
( 296  157  61  )
( -232  -84  172  )
( 20  111  -293  )
( 146  232  -81  )
( 299  -96  -178  )
( -235  -287  -236  )
( 201  -208  264  )
( -136  -98  57  )
( -160  87  148  )
( 191  -92  99  )
( 294  33  147  )
( 182  -212  93  )
( -95  127  97  )
( 124  -33  -118  )
( -57  49  -202  )
( 106  172  70  )
( 214  38  284  )
( -139  -90  167  )
( 290  -91  196  )
( -284  180  -103  )
( 98  100  128  )
( 207  -128  177  )
( 59  241  -76  )
( -206  122  42  )
( 273  -65  -212  )
( 62  249  72  )
( -131  63  -246  )
( 83  -59  -136  )
( -143  -199  56  )
( 142  -248  47  )
( -212  -256  7  )
( 220  -142  54  )
( 40  71  144  )
( 37  89  93  )
( 270  -68  54  )
( 15  -127  33  )
( -158  -227  239  )
( 127  -83  248  )
( -111  -256  239  )
( -53  -208  26  )
( 199  264  -28  )
( -111  58  -249  )
( -181  -248  -213  )
( 297  -163  95  )
( -26  -120  -233  )
( 178  -127  -241  )
( 203  -272  -62  )
( -53  208  -57  )
( -294  168  167  )
( 57  77  252  )
( -250  138  207  )
( 297  232  156  )
( -198  272  -11  )
( 36  -247  -243  )
( 158  255  270  )
( 21  -211  -298  )
( 181  234  -249  )
( 75  -80  95  )
( -297  -180  -169  )
( 9  -149  12  )
( 75  -103  -216  )
( 297  -247  -178  )
( 63  186  -24  )
( 84  -193  -197  )
( 294  145  -222  )
( 281  112  254  )
( 26  -188  -156  )
( -274  -165  244  )
( -54  136  -95  )
( 101  -161  180  )
( -252  -255  -66  )
( -254  -247  -16  )
( 128  -118  11  )
( 105  144  8  )
( -95  74  -299  )
( 216  176  270  )
( -185  -52  55  )
( -133  212  -227  )
( -223  -125  -71  )
( 119  -18  -52  )
( 12  -110  93  )
( -58  -259  -148  )
( -294  161  256  )
( 190  125  -113  )
( 18  -89  -199  )
( -278  157  -281  )
( -101  255  -97  )
( -103  -23  143  )
( -33  172  133  )
( 242  -265  14  )
( 127  247  -73  )
( -22  -298  114  )
( -136  262  -15  )
( 280  75  104  )
( 244  133  59  )
( -42  -97  208  )
( 112  -119  -98  )
( 269  -65  279  )
( -51  -37  164  )
( -207  56  273  )
( 152  -192  -185  )
( 2  78  237  )
( -275  -215  288  )
( 139  33  68  )
( 271  -296  -260  )
( -168  -189  281  )
( 93  147  -30  )
( -184  28  60  )
( 179  227  -42  )
( 77  -3  -53  )
( 45  11  -32  )
( -272  189  200  )
( 168  -239  139  )
( 77  -116  248  )
( -59  -208  -264  )
( 262  -73  45  )
( 283  -294  156  )
( -192  -53  7  )
( -218  -290  95  )
( -85  53  204  )
( -65  -46  -182  )
