( 68  94  -47  )
( 178  251  263  )
( 169  -55  -12  )
( 294  99  -158  )
( 122  -111  -85  )
( 130  267  -80  )
( 32  -156  150  )
( -14  26  -16  )
( 25  12  33  )
( -86  66  -186  )
( -26  -157  -238  )
( -269  -150  -98  )
( 164  110  76  )
( 26  290  -164  )
( 116  -196  270  )
( 236  -223  -116  )
( -245  186  288  )
( -176  -100  -31  )
( -239  65  -295  )
( -13  -209  -163  )
( -251  -279  143  )
( 286  201  183  )
( 121  -258  67  )
( -14  -292  -143  )
( -137  -292  -232  )
( -192  -141  165  )
( -104  259  129  )
( -58  205  292  )
( -62  -59  233  )
( 51  36  -282  )
( 15  -203  -129  )
( -186  7  -141  )
( 3  233  294  )
( -140  5  265  )
( -270  265  -243  )
( 156  261  81  )
( -51  -80  -295  )
( 15  280  222  )
( 131  -39  153  )
( -212  95  -196  )
( 253  71  -50  )
( 189  188  176  )
( -281  112  153  )
( 162  -169  -123  )
( -145  218  -38  )
( 15  -51  -54  )
( 228  -262  139  )
( -88  289  -254  )
( -68  -23  208  )
( 75  155  -267  )
( -11  132  -47  )
( 74  58  -117  )
( -10  237  268  )
( -138  160  -69  )
( 24  -20  -249  )
( -241  -258  -112  )
( -19  -12  246  )
( -223  -24  -34  )
( 55  240  270  )
( -239  -23  223  )
( 35  97  -283  )
( 137  73  48  )
( 227  -241  -96  )
( -131  -49  115  )
( 17  231  -18  )
( -107  -76  255  )
( -199  274  150  )
( -173  -164  118  )
( 136  200  -175  )
( -209  -253  233  )
( 15  269  -108  )
( -288  -192  -250  )
( 227  259  -224  )
( 293  67  235  )
( 42  -202  -179  )
( -118  194  295  )
( -262  18  -199  )
( -97  276  -55  )
( 199  -242  270  )
( -168  -165  220  )
( -240  -295  238  )
( -51  225  -271  )
( 146  130  10  )
( 158  -237  268  )
( 36  174  98  )
( -217  271  49  )
( 190  -266  -6  )
( 164  -211  -291  )
( -289  -131  -130  )
( -251  277  213  )
( -82  -87  -109  )
( 102  -108  248  )
( -163  -98  -213  )
( -135  -250  -202  )
( -287  232  -33  )
( -127  -192  161  )
( 203  90  3  )
( -35  146  118  )
( -83  -113  -296  )
( 190  85  58  )
( 135  200  -209  )
( -195  -262  155  )
( -232  56  -14  )
( -173  -4  -167  )
( 249  282  214  )
( -263  -142  -196  )
( 132  -37  -17  )
( -239  -102  -143  )
( -178  125  87  )
( 41  -113  23  )
( 182  -22  62  )
( 230  -84  37  )
( 173  169  153  )
( -243  -227  168  )
( 27  -281  -64  )
( 259  290  231  )
( 187  140  107  )
( 186  -84  -271  )
( -62  34  -61  )
( -273  -71  -182  )
( 283  -46  -179  )
( 91  294  62  )
( 50  19  -204  )
( -85  -20  129  )
( -81  25  212  )
( -76  128  284  )
( 141  279  239  )
( 180  82  -73  )
( 88  -26  -270  )
( -185  -85  -14  )
( -270  -280  168  )
( -33  -100  295  )
( -203  41  -216  )
( 36  179  27  )
( 88  49  -263  )
( 192  223  64  )
( 217  -20  162  )
( -26  14  62  )
( -50  -140  217  )
( -38  -239  62  )
( -143  100  73  )
( 88  -173  -50  )
( 58  -191  243  )
( 152  9  -120  )
( -39  -18  -73  )
( -214  -237  1  )
( 66  112  -160  )
( 174  201  66  )
( 42  -237  -204  )
( 113  296  38  )
( -185  -239  198  )
( -271  -15  -174  )
( 116  -80  182  )
( 53  217  277  )
( -41  156  -84  )
( 49  -17  -230  )
( 93  234  134  )
( 127  -33  -18  )
( 290  -87  55  )
( -164  -42  -222  )
( 236  67  -133  )
( 6  -191  -46  )
( 92  -120  295  )
( 234  11  -78  )
( -70  44  -173  )
( 149  65  -69  )
( 184  135  243  )
( -159  119  274  )
( 75  103  -290  )
( -103  -232  98  )
( 261  -107  209  )
( -32  -94  81  )
( -113  231  -146  )
( -104  -263  -26  )
( 32  230  100  )
( 137  120  116  )
( -174  -36  65  )
( 198  169  221  )
( 92  -163  290  )
( 54  101  240  )
( 20  59  -278  )
( 43  124  72  )
( 147  138  209  )
( -146  110  106  )
( -150  20  -273  )
( -107  273  -104  )
( -231  -60  -298  )
( -189  -138  -175  )
( 191  -54  142  )
( -212  -127  195  )
( 177  55  116  )
( -33  -254  237  )
( 60  -163  137  )
( -117  190  97  )
( 282  -196  148  )
( -280  -99  195  )
( 147  96  272  )
( 52  31  60  )
( 207  -70  124  )
( 181  -225  -48  )
( 285  -232  -114  )
( 269  -216  151  )
( 172  192  -294  )
( 107  -82  -214  )
( -21  -158  25  )
( 197  3  198  )
( -49  -98  -255  )
( -155  -9  231  )
( 36  2  263  )
( -282  -146  -276  )
( -271  145  211  )
( 67  141  270  )
( -120  118  -93  )
( -17  -65  144  )
( 142  93  -279  )
( 157  -252  -150  )
( 72  209  284  )
( 185  -88  -234  )
( -20  -155  -51  )
( 268  -5  208  )
( 271  -32  284  )
( -107  54  -47  )
( 171  269  -69  )
( 215  158  -238  )
( -76  176  139  )
( 3  106  -291  )
( 296  291  222  )
( 195  15  -149  )
( 123  -194  197  )
( -206  -105  259  )
( 263  173  259  )
( 5  -22  3  )
( 241  117  213  )
( -167  59  116  )
( -38  55  13  )
( -55  149  184  )
( 113  101  -282  )
( 286  280  50  )
( 45  -16  -79  )
( 187  229  247  )
( 190  -266  -223  )
( 203  228  102  )
( 247  36  -165  )
( -68  -174  -117  )
( 278  285  120  )
( 101  189  285  )
( -194  20  90  )
( -278  119  206  )
( 252  43  115  )
( -79  -66  -156  )
( -270  -88  167  )
( -33  90  -234  )
( 256  70  -40  )
( -174  10  32  )
( -81  -55  -71  )
( -201  177  279  )
( 72  285  35  )
( -158  289  236  )
( 73  -72  197  )
( 159  -274  -201  )
( 52  199  -86  )
( -172  57  270  )
( 263  84  -289  )
( 14  74  -135  )
( 89  -266  53  )
( -127  288  240  )
( 252  -132  -155  )
( 120  -49  -81  )
( -298  -291  -21  )
( -57  -47  -80  )
( 221  272  -94  )
( 113  87  -52  )
( 258  -237  -20  )
( 288  -141  54  )
( -263  202  -135  )
( -173  249  218  )
( 85  221  279  )
( 246  -249  183  )
( 262  107  120  )
( -174  120  81  )
( 112  217  283  )
( -128  292  82  )
( -31  -166  189  )
( -93  55  -191  )
( 138  31  -103  )
( -184  -216  -221  )
( 222  -212  218  )
( 11  136  -62  )
( -221  -250  -193  )
( -29  258  206  )
( 20  -195  236  )
( -60  16  52  )
( -136  -106  -75  )
( -46  290  -291  )
( 278  224  -98  )
( 52  -65  57  )
( 161  -116  142  )
( -84  50  216  )
( 104  -18  120  )
( 290  -66  106  )
( -13  -70  -26  )
( -202  42  -249  )
( 99  -174  -288  )
( -150  -35  81  )
( 296  251  -239  )
( -149  228  142  )
( -74  -109  -236  )
( 214  205  -146  )
( -16  -84  -41  )
( 230  -171  246  )
( 283  98  -194  )
( -240  37  -168  )
( 149  -229  -215  )
( 127  -50  -277  )
( -93  -58  56  )
( -227  232  -174  )
( -136  -23  117  )
( -297  234  91  )
( -59  -113  -15  )
( 15  236  -113  )
( 178  256  85  )
( 76  84  275  )
( -152  288  232  )
( 15  -166  -296  )
( 208  205  -265  )
( -102  114  -199  )
( 287  -296  -43  )
( -289  258  13  )
( -158  212  -149  )
( -59  192  -127  )
( -129  -83  -182  )
( 53  48  -62  )
( -8  245  262  )
( -93  -142  -117  )
( -3  -279  -297  )
( 148  -204  -155  )
( -271  -27  8  )
( 22  79  262  )
( 163  186  51  )
( -119  -44  272  )
( 279  48  156  )
( -89  -168  173  )
( 96  24  -266  )
( -180  52  6  )
( 81  159  -240  )
( 291  115  -282  )
( -36  122  -97  )
( -237  159  76  )
( -265  -11  -36  )
( -45  188  278  )
( -64  -21  -147  )
( -249  150  -200  )
( -220  117  206  )
( 100  133  -55  )
( 202  275  -225  )
( -224  -212  249  )
( 247  -127  217  )
( -101  -42  -55  )
( 121  160  87  )
( -138  70  -38  )
( 84  -73  131  )
( 201  26  101  )
( -49  -102  186  )
( 292  -132  -88  )
( -163  -221  -224  )
( 188  -47  -96  )
( -61  -31  -111  )
( 132  67  -73  )
( -104  114  -157  )
( 285  66  12  )
( 279  129  288  )
( -70  -191  -125  )
( 278  -191  92  )
( 59  185  -250  )
( 51  -196  -298  )
( -249  -178  244  )
( -249  -251  30  )
( 232  -105  -242  )
( -134  190  125  )
( 255  -209  68  )
( -197  154  -253  )
( -180  -197  -132  )
( 53  249  222  )
( 168  188  231  )
( -259  152  -34  )
( 175  -129  187  )
( 221  188  -121  )
( -79  -162  -218  )
( 67  -228  188  )
( 172  -183  252  )
( -204  12  -76  )
( -90  10  164  )
( -37  271  -157  )
( -8  -273  87  )
( -205  -89  237  )
( -270  -13  -117  )
( 191  270  97  )
( -276  118  43  )
( -222  168  205  )
( 256  -232  115  )
( 267  -181  206  )
( -102  5  189  )
( 133  178  -113  )
( -71  -231  -197  )
( 269  -260  159  )
( -131  -11  -102  )
( 234  10  185  )
( 133  -200  -244  )
( -15  255  -84  )
( -40  17  -263  )
( -162  -174  -275  )
( 146  -186  -217  )
( -9  195  -78  )
( 43  177  277  )
( -202  -141  -274  )
( -73  76  -164  )
( 67  267  -279  )
( 40  -22  -187  )
( -100  180  -79  )
( 157  -286  295  )
( 22  58  167  )
( -1  -204  -126  )
( -45  248  -12  )
( 234  79  77  )
( 154  279  -297  )
( 5  71  -90  )
( -195  110  64  )
( 65  250  -135  )
( 22  -212  -265  )
( -80  60  64  )
( -142  282  100  )
( 26  175  116  )
( -221  48  -114  )
( 33  -143  -75  )
( 167  -171  269  )
( 270  -72  -24  )
( 26  -241  -173  )
( -3  -295  41  )
( -194  47  -97  )
( 129  -58  -101  )
( -188  -109  294  )
( 251  231  3  )
( -57  -263  -103  )
( -43  19  -204  )
( 74  106  -210  )
( -113  190  125  )
( 237  -252  295  )
( 97  -197  259  )
( -76  -240  -17  )
( -57  -298  -194  )
( 43  159  -107  )
( 298  225  138  )
( -298  -233  -97  )
( 154  241  234  )
( 283  -271  -129  )
( -194  -41  33  )
( -94  -271  5  )
( -203  77  -170  )
( 46  -143  223  )
( 137  109  297  )
( -47  -178  -38  )
( 27  67  250  )
( -81  258  -263  )
( -131  262  -277  )
( 119  -163  2  )
( 252  89  -264  )
( 160  56  99  )
( -201  31  164  )
( -297  -231  -3  )
( -155  -77  -239  )
( 62  -102  245  )
( 128  265  -77  )
( -205  -214  -169  )
( 197  -115  106  )
( 231  -11  -193  )
( 68  208  -271  )
( -91  -237  132  )
( 296  220  185  )
( -163  -219  -246  )
( 69  144  -49  )
( -105  -36  47  )
( 255  47  249  )
( 23  67  -133  )
( 268  -37  178  )
( -164  55  219  )
( -134  -243  -99  )
( 295  193  179  )
( -134  106  192  )
( 260  -22  -257  )
( 133  -87  -90  )
( 34  220  90  )
( 80  -280  18  )
( 87  147  96  )
( -61  31  -33  )
( -203  -93  166  )
( -184  -230  46  )
( 197  -121  -274  )
( -256  270  81  )
( -61  -97  -284  )
( 274  283  72  )
( -188  -245  -207  )
( -71  -80  256  )
( 205  86  -136  )
( -198  -224  163  )
( -216  196  265  )
( 206  -102  -277  )
( 175  30  -213  )
( 85  42  20  )
( 48  -95  -7  )
( -22  217  178  )
( 246  -63  79  )
( 277  -124  -41  )
( 68  77  201  )
( -20  -74  167  )
( -55  282  95  )
( -215  -261  -39  )
( -156  108  -299  )
( -8  -198  -292  )
( 171  -247  138  )
( 128  -278  -132  )
( 77  -235  166  )
( 56  -299  90  )
( -276  210  278  )
( 23  -251  165  )
( 274  58  248  )
( -171  253  -54  )
( -183  -215  184  )
( -132  64  -267  )
( 80  -242  105  )
( -132  264  22  )
( -297  12  -191  )
( -162  -81  -293  )
( 172  264  -3  )
( -220  284  -90  )
( -157  -3  93  )
( -108  -151  -90  )
( -128  -179  -155  )
( 194  -152  143  )
( 184  -56  -103  )
( 143  68  270  )
( 37  250  285  )
( -224  11  276  )
( -84  101  47  )
( 218  -154  -194  )
( 255  211  50  )
( -73  105  -18  )
( -276  -280  -95  )
( 3  24  -145  )
( 295  -120  -173  )
( -146  124  -113  )
( -93  21  -219  )
( -49  128  187  )
( 254  147  71  )
( 202  -240  -180  )
( -226  236  -132  )
( 245  -238  -266  )
( 253  -181  -197  )
( -5  -196  252  )
( 96  -19  250  )
( 196  -291  -41  )
( 38  -289  -44  )
( -155  -122  -243  )
( -106  81  144  )
( -227  243  131  )
( 228  -207  149  )
( -221  274  287  )
( 296  106  -53  )
( 229  126  121  )
( 95  139  -258  )
( -84  -126  -241  )
( -181  299  82  )
( -139  -167  -201  )
( 180  291  -36  )
( 89  67  -167  )
( 246  -89  292  )
( -40  -136  73  )
( 97  272  -237  )
( 14  -247  -73  )
( -292  -64  14  )
( 44  100  66  )
( -144  -43  215  )
( -82  100  107  )
( -8  279  207  )
( 296  -147  224  )
( -207  -19  -268  )
( 99  59  -243  )
( 163  252  -269  )
( 25  102  -72  )
( 51  -290  -241  )
( 74  -66  1  )
( 18  -241  -24  )
( 270  -176  -225  )
( -93  79  -63  )
( 76  299  -223  )
( 30  43  286  )
( 149  127  231  )
( -138  -81  -90  )
( 102  198  50  )
( -220  266  218  )
( 248  -183  224  )
( 44  86  -125  )
( -3  -2  -179  )
( -21  22  -147  )
( 8  -257  -78  )
( -83  93  181  )
( -66  -4  -106  )
( 195  -11  74  )
( 155  138  -230  )
( 53  33  188  )
( -75  -211  -147  )
( 219  290  175  )
( -149  -184  188  )
( -156  -221  -4  )
( 137  299  -42  )
( 243  -182  57  )
( 150  -243  -52  )
( -237  187  257  )
( 188  -192  171  )
( 165  225  119  )
( 84  -167  -104  )
( 68  4  -59  )
( 47  -170  74  )
( -88  -198  220  )
( 291  -41  -81  )
( 114  -125  -158  )
( 33  -60  -288  )
( -224  -25  -93  )
( 235  -22  -142  )
( -148  279  -97  )
( -255  -145  281  )
( -266  0  228  )
( 62  281  41  )
( 297  263  102  )
( 48  -116  96  )
( -298  12  -256  )
( -167  60  226  )
( 184  134  133  )
( 213  -67  268  )
( 157  194  -99  )
( -268  20  -264  )
( -43  234  92  )
( 77  186  -130  )
( -199  -29  -239  )
( -135  101  -256  )
( 57  151  263  )
( -222  -226  -62  )
( 119  130  241  )
( 153  69  40  )
( 2  132  -171  )
( 250  227  -13  )
( 14  -162  -185  )
( -79  -256  -249  )
( -264  -84  231  )
( 25  268  16  )
( -5  -252  -134  )
( -30  90  -103  )
( -245  -18  -279  )
( -48  152  -156  )
( 173  116  -4  )
( 36  143  -214  )
( -67  -226  -260  )
( -228  -142  -101  )
( 86  224  293  )
( -179  -53  105  )
( 81  -200  -133  )
( -213  -30  164  )
( -15  254  -188  )
( 215  -164  56  )
( -34  -38  -159  )
( 100  192  206  )
( -88  222  241  )
( -155  151  -268  )
( -240  282  -106  )
( 268  115  -29  )
( 241  145  269  )
( 1  42  -121  )
( 6  8  -101  )
( -136  259  -186  )
( -223  -245  153  )
( 120  174  -46  )
( -222  18  81  )
( 292  -289  -52  )
( -209  -291  274  )
( 225  208  75  )
( -60  -236  209  )
( -222  40  -247  )
( 138  -7  -148  )
( 262  -161  183  )
( -217  -201  -114  )
( -233  197  139  )
( 0  277  116  )
( 19  40  -139  )
( -54  -278  191  )
( -178  22  -289  )
( -283  293  -279  )
( -61  -226  174  )
( 89  -145  -232  )
( -74  94  111  )
( -213  -88  297  )
( -22  42  -283  )
( -243  118  159  )
( 270  246  -138  )
( -131  123  53  )
( -237  138  -127  )
( 144  275  3  )
( 135  21  20  )
( -183  -5  -171  )
( 43  4  -13  )
( 16  196  258  )
( -80  96  193  )
( 11  73  -283  )
( -41  -118  172  )
( -35  298  -109  )
( -32  148  22  )
( -295  187  -176  )
( -153  190  23  )
( 13  37  254  )
( -174  218  143  )
( -178  -66  12  )
( -123  18  134  )
( -293  -7  -299  )
( 271  43  16  )
( -273  181  -70  )
( 123  -260  255  )
( 244  152  146  )
( -73  225  -257  )
( -101  262  76  )
( -284  -56  198  )
( -2  299  15  )
( 60  146  91  )
( 214  -218  164  )
( -56  66  -162  )
( 12  -56  -148  )
( -186  -164  250  )
( 12  -19  133  )
( -65  86  -133  )
( 54  262  79  )
( 275  -130  -291  )
( 112  -245  -266  )
( -204  148  -270  )
( -122  -233  -179  )
( -284  -247  -224  )
( 213  -215  143  )
( 165  164  82  )
( -11  -96  -99  )
( 211  97  35  )
( 113  -41  -289  )
( 246  79  9  )
( 230  -171  199  )
( 170  -126  -192  )
( 69  140  -191  )
( 227  -296  -111  )
( 250  174  83  )
( -9  187  -42  )
( 5  72  -109  )
( -197  -207  129  )
( 0  -125  145  )
( -116  -84  -149  )
( -53  4  287  )
( 161  -117  -260  )
( -101  0  -107  )
( 278  -241  289  )
( -284  -8  -251  )
( 279  -21  121  )
( 292  76  87  )
( 55  -26  53  )
( 49  40  -186  )
( -227  297  -287  )
( 176  -27  207  )
( 41  -171  221  )
( 49  -156  -122  )
( 110  69  43  )
( 118  -262  259  )
( -282  -136  -62  )
( 20  -287  224  )
( 41  252  94  )
( -291  86  194  )
( -11  133  272  )
( -251  -96  289  )
( -62  -262  158  )
( 96  -294  6  )
( -183  168  -176  )
( -212  -256  -4  )
( -69  -119  -17  )
( 242  -286  -136  )
( 198  161  -154  )
( -201  -38  275  )
( -237  93  -110  )
( 206  217  -145  )
( -26  244  47  )
( -168  -62  97  )
( -27  -55  46  )
( 182  266  279  )
( -40  7  94  )
( -20  -6  106  )
( -294  145  -233  )
( 258  177  -195  )
( 68  266  290  )
( -51  2  -252  )
( -100  -229  150  )
( -205  -220  -68  )
( -149  45  -63  )
( 283  203  238  )
( -178  -142  190  )
( -14  105  -29  )
( -36  -178  -165  )
( -31  124  294  )
( 70  -83  139  )
( -190  67  -44  )
( 111  -182  85  )
( -18  -207  -54  )
( -294  191  192  )
( 151  95  -211  )
( -297  -146  -238  )
( 151  -228  181  )
( 59  -86  221  )
( -203  222  -133  )
( 225  -198  164  )
( 14  55  -103  )
( 110  124  -272  )
( 103  -55  33  )
( 189  -181  -149  )
( 51  -47  260  )
( -247  -32  181  )
( -261  212  -185  )
( 82  121  288  )
( 118  185  58  )
( 168  107  106  )
( -29  -249  -240  )
( -156  48  123  )
( -97  -116  -59  )
( -142  -155  164  )
( -6  274  35  )
( -98  -59  213  )
( 255  -237  236  )
( -91  -102  155  )
( 69  -50  -197  )
( 12  249  -165  )
( -297  250  251  )
( -274  -23  94  )
( 163  -90  91  )
( 120  189  85  )
( 183  -98  -28  )
( -249  27  211  )
( -43  241  -148  )
( 17  152  -265  )
( -288  129  99  )
( 2  44  143  )
( -255  -23  -141  )
( -261  -43  50  )
( 262  252  295  )
( -258  222  68  )
( 273  113  -41  )
( -184  225  -64  )
( 16  -299  -109  )
( -100  99  295  )
( 290  -197  4  )
( -147  17  137  )
( 76  -157  -69  )
( 80  236  51  )
( 20  28  69  )
( 233  -210  80  )
( 284  -159  183  )
( -241  40  247  )
( 200  122  -80  )
( 124  -38  282  )
( 185  -264  -299  )
( 277  137  232  )
( -67  280  -172  )
( -118  -214  52  )
( 237  118  -155  )
( -100  30  -154  )
( -85  -0  -234  )
( 283  297  183  )
( -225  -91  -209  )
( 104  252  263  )
( -133  -54  -15  )
( 19  229  -260  )
( 171  -214  -174  )
( -57  82  193  )
( 43  153  -181  )
( 163  74  44  )
( 276  -108  -43  )
( -101  118  277  )
( 88  -53  -289  )
( -230  -35  98  )
( -153  179  257  )
( 266  278  186  )
( -299  259  -37  )
( -125  -73  -162  )
( 192  177  286  )
( -251  246  154  )
( 50  140  -146  )
( -127  -178  199  )
( 149  180  -212  )
( 193  -185  106  )
( -268  -53  -290  )
( -226  -82  -220  )
( -225  115  203  )
( -159  192  255  )
( 275  229  -174  )
( -35  66  88  )
( -9  -115  -290  )
( 150  107  294  )
( 289  89  170  )
( -2  -204  -262  )
( -144  -139  268  )
( 145  -180  -97  )
( -227  238  192  )
( 4  30  -277  )
( -135  -92  71  )
( -25  253  -88  )
( 269  -96  66  )
( -102  -64  -145  )
( 265  -173  -214  )
( 38  -101  -222  )
( 41  158  -37  )
( -249  -242  -246  )
( 41  239  192  )
( -136  -85  177  )
( -103  -107  -170  )
( 21  -240  -116  )
( -89  180  -237  )
( -45  130  75  )
( 111  -181  -60  )
( 189  285  241  )
( 69  -94  70  )
( 267  -37  -33  )
( -13  193  71  )
( 41  -96  -228  )
( 253  105  207  )
( -176  -293  -169  )
( -60  42  151  )
( -243  75  -177  )
( -180  -54  33  )
( -2  -40  -294  )
( -104  288  -229  )
( 285  232  -261  )
( 206  -75  23  )
( 118  -162  254  )
( -58  -156  -55  )
( 288  83  -234  )
( 277  42  128  )
( -63  145  219  )
( -19  -285  -18  )
( -115  299  -101  )
( 45  -149  296  )
( 207  -63  195  )
( -80  -173  132  )
( 282  -263  211  )
( 194  -139  -64  )
( -141  232  -116  )
( 236  -171  -221  )
( 214  -144  -258  )
( 51  -203  -113  )
( 132  -200  70  )
( 230  202  -223  )
( -98  -224  5  )
( -46  -152  141  )
( -50  37  261  )
( -46  196  -96  )
( -29  -208  269  )
( -81  -260  293  )
( -199  -265  38  )
( -241  203  -124  )
( 15  -214  -149  )
( -9  214  294  )
( 168  161  -122  )
( 253  -94  -261  )
( -166  -165  -265  )
( -14  241  204  )
( -53  -123  -47  )
( 197  265  222  )
( -111  -215  288  )
( 85  -151  -84  )
( -285  104  -151  )
( 89  116  22  )
( 36  -241  -196  )
( -149  -178  259  )
( -96  -31  -139  )
( 128  -90  143  )
( 266  -182  75  )
( 59  -20  -3  )
( 90  196  127  )
( 142  287  -17  )
( -123  137  -42  )
( -163  -106  282  )
( 279  -233  -52  )
( -224  53  -206  )
( -275  219  -261  )
( -67  -264  213  )
( -248  -149  288  )
( 266  -214  281  )
( -283  -169  149  )
( -40  257  -149  )
( -247  168  215  )
( -169  -118  -248  )
( 156  225  149  )
( -248  50  81  )
( 161  66  -293  )
( -268  -236  -244  )
( 41  -38  -78  )
( 12  291  -103  )
( 189  22  -139  )
( -106  157  108  )
( -0  -171  -69  )
( 20  -160  -51  )
( 215  -284  -238  )
( -196  -135  -220  )
( -33  214  -2  )
( -215  -232  77  )
( -104  -126  -283  )
( -285  -59  287  )
( -146  -231  -217  )
( -40  173  -299  )
( 26  -225  5  )
( 239  -214  -254  )
( -193  296  112  )
( -201  25  -9  )
( 6  -114  160  )
( 0  173  -82  )
( -141  113  -1  )
( -237  167  82  )
( 195  176  33  )
( 110  260  279  )
( 19  82  -253  )
( 14  -72  -60  )
( -196  -146  234  )
( 194  161  271  )
( -107  128  196  )
( 30  -285  246  )
( 146  -3  162  )
( 123  -250  -242  )
( 266  111  55  )
( 191  205  122  )
( -121  279  -293  )
( 49  229  197  )
( 142  -109  172  )
( -129  32  -256  )
( 169  -101  127  )
( -165  -193  -256  )
( -288  43  47  )
( -23  -15  -223  )
( 35  -279  -173  )
( 119  12  -291  )
( -98  286  5  )
( -78  -196  189  )
( 109  -136  -260  )
( -126  242  -263  )
( -33  150  219  )
( 75  -86  -249  )
( 200  -259  285  )
( 246  -187  184  )
( 185  149  -251  )
( 233  35  154  )
( -158  -31  184  )
( -288  -295  -238  )
( 33  9  -271  )
( -288  -173  13  )
( -39  87  171  )
( -135  -298  -90  )
( 244  -213  48  )
( 206  -180  -133  )
( 50  158  159  )
( -140  -33  243  )
( -95  235  -117  )
( 277  28  -276  )
( 294  -109  7  )
( 202  -181  -47  )
( 68  228  292  )
( -202  91  5  )
( 226  -286  204  )
( -214  -179  -66  )
( -84  -256  -225  )
( 133  -231  -143  )
( 231  -133  -92  )
( -259  216  295  )
( 274  -224  46  )
( -18  30  211  )
( 260  -51  -227  )
( -59  212  -95  )
( 8  273  40  )
( -185  233  -158  )
( 190  -254  -215  )
( 177  -93  179  )
( 234  -82  -5  )
( 278  -221  260  )
( 144  99  2  )
( -7  141  -239  )
( -72  47  -227  )
( 254  224  122  )
( -270  250  295  )
( -97  -1  -268  )
( 122  -214  -144  )
( 144  58  -267  )
( 61  -8  24  )
( -51  63  169  )
( 295  176  276  )
( 46  213  147  )
( -88  295  241  )
( 261  -32  262  )
( -116  28  52  )
( -39  -78  180  )
( 186  247  77  )
( -222  224  -196  )
( -116  -227  -193  )
( 96  -252  -56  )
( 287  -232  -7  )
( 283  260  223  )
( 94  49  -114  )
( 160  -52  247  )
( -215  130  -232  )
( 125  -151  -139  )
( -29  141  180  )
( 200  -1  44  )
( -79  22  237  )
( -129  -170  -90  )
( -139  -257  92  )
( -157  -120  185  )
( 101  298  78  )
( -33  -21  -259  )
( 293  -24  -136  )
( -133  36  -158  )
( 165  -175  -8  )
( 171  -55  108  )
( -2  223  219  )
( 104  122  39  )
( 229  -262  218  )
( 59  41  297  )
( 84  174  244  )
( -252  29  166  )
( 251  26  49  )
( 32  -1  -204  )
( -207  82  245  )
( 220  216  200  )
( -163  -105  -82  )
( -189  241  -277  )
( -91  -138  152  )
( -237  -105  112  )
( 179  -101  245  )
( -180  179  104  )
( -293  -41  -224  )
( -188  -105  69  )
( 165  100  -46  )
( -90  -214  -46  )
( -40  3  -266  )
( -275  -278  -42  )
( -59  111  51  )
( 30  -168  56  )
( 28  225  189  )
( 132  67  -130  )
( -251  -228  -118  )
( -292  255  268  )
( 119  -52  -14  )
( -262  -103  217  )
( 279  -115  81  )
( 122  76  56  )
( 86  -209  235  )
( 228  -193  101  )
( 142  259  -152  )
( -111  -251  53  )
( -148  -234  199  )
( -42  -60  -144  )
( -7  126  -204  )
( 88  200  -175  )
( -269  80  284  )
( 289  -128  178  )
( 249  -109  120  )
( 198  264  -33  )
( -75  151  -69  )
( 55  -146  43  )
( -299  12  -8  )
( 84  -119  -159  )
( 256  253  224  )
( 150  245  -256  )
( -236  -178  273  )
( -258  292  -134  )
( -221  16  -51  )
( -287  -0  114  )
( -276  -206  -3  )
( -127  225  -59  )
( 241  271  14  )
( 171  5  -282  )
( 270  277  -160  )
( 177  170  -192  )
( 155  194  -161  )
( -104  48  1  )
( -104  -152  -33  )
( 47  -211  260  )
( -140  248  135  )
( -216  73  194  )
( 32  100  -280  )
( 168  -183  -56  )
( -220  290  133  )
( -62  240  -103  )
( -18  -275  118  )
( 121  -162  -250  )
( -51  -160  -73  )
( -119  78  285  )
( 252  -183  226  )
( 165  231  171  )
( -261  263  -254  )
( 1  -231  221  )
( -134  250  86  )
( -245  78  -250  )
( 145  -286  237  )
( -298  295  -70  )
( 14  -1  -191  )
( -212  272  -78  )
( 130  65  -200  )
( -203  198  63  )
( 17  155  265  )
( 81  -168  288  )
( 27  251  181  )
( 131  214  -38  )
( -187  48  -89  )
( 77  -278  33  )
( -9  -0  -266  )
( 151  -120  187  )
( -81  93  17  )
( 250  -133  -85  )
( -56  -28  -118  )
( 180  -80  108  )
( -126  74  19  )
( 69  184  -49  )
( -202  -147  70  )
( -40  -121  -274  )
( -19  73  -256  )
( -218  -158  -125  )
( 232  229  283  )
( -90  -207  4  )
( -296  -86  179  )
( 272  -4  -155  )
( -144  -115  -176  )
( -269  -81  136  )
( -259  -280  7  )
( 147  13  88  )
( -225  257  129  )
( 29  207  -246  )
( 132  209  -273  )
( -183  117  -45  )
( 24  -269  -114  )
( -187  -113  81  )
( -165  -2  54  )
( -238  -25  -179  )
( 241  77  -203  )
( -197  -37  -247  )
( -83  -148  -159  )
( -222  -9  127  )
( -226  36  72  )
( -41  -298  246  )
( 17  165  297  )
( 180  -52  -45  )
( 67  -159  107  )
( -21  86  57  )
( 138  -232  4  )
( -240  -88  -166  )
( -145  -139  215  )
( -280  207  -283  )
( -10  179  26  )
( -198  -66  -164  )
( -269  234  -45  )
( 20  -72  -232  )
( -84  244  -276  )
( -118  -232  9  )
( 168  80  106  )
( -11  -5  14  )
( 56  -169  189  )
( -278  -183  146  )
( 269  -14  291  )
( -7  -231  -275  )
( 277  -179  -76  )
( 207  21  -210  )
( 121  17  21  )
( 222  -264  -147  )
( 221  214  50  )
( -62  195  34  )
( 15  83  116  )
( -198  226  -132  )
( -177  -228  294  )
( 130  162  22  )
