( 92  -289  -213  )
( -273  30  24  )
( 152  121  222  )
( 87  69  234  )
( 4  69  244  )
( 95  -46  237  )
( -290  26  -82  )
( 294  227  9  )
( -153  -14  229  )
( 140  -29  -71  )
( 248  -59  -48  )
( -211  -28  -299  )
( 167  -55  210  )
( 252  257  244  )
( -8  15  158  )
( -61  155  -141  )
( -25  -116  -196  )
( -294  -17  252  )
( 264  245  143  )
( -62  -215  11  )
( 39  270  -132  )
( -81  -136  48  )
( 196  -188  104  )
( 184  -162  -170  )
( -210  158  -96  )
( -199  236  205  )
( -160  238  220  )
( 181  -92  5  )
( 161  -226  220  )
( 260  -47  134  )
( -263  65  -287  )
( 206  -67  -58  )
( -89  287  85  )
( 214  160  185  )
( 222  228  121  )
( 244  203  -230  )
( -116  -21  214  )
( 61  -213  7  )
( 27  11  -75  )
( 79  285  215  )
( 198  -188  51  )
( 240  258  219  )
( -105  256  181  )
( 96  -220  -4  )
( -261  112  101  )
( -133  -65  -197  )
( 243  -278  -223  )
( 198  165  81  )
( 35  -270  7  )
( 65  140  -20  )
( -16  143  255  )
( -250  -42  168  )
( -78  -180  -160  )
( -294  -109  -243  )
( -204  -205  -107  )
( 191  1  289  )
( 118  -288  69  )
( 149  113  -148  )
( -11  42  -224  )
( 233  32  -243  )
( 150  -36  242  )
( -167  -297  -93  )
( 12  -237  -34  )
( 123  91  93  )
( -113  134  -21  )
( -192  -202  -8  )
( -91  -287  262  )
( -14  -243  -278  )
( -289  133  -260  )
( -38  181  -122  )
( 93  63  45  )
( 70  57  -14  )
( -106  -92  18  )
( -32  -232  -94  )
( 87  -276  -206  )
( -283  -184  -3  )
( 217  -14  215  )
( -72  230  -116  )
( -111  -256  -232  )
( -45  264  36  )
( 124  211  201  )
( -113  148  -213  )
( 26  -29  41  )
( 0  -59  -241  )
( -296  240  56  )
( -80  -230  -269  )
( 273  194  244  )
( 295  126  -154  )
( -28  94  -131  )
( -182  44  12  )
( 78  -72  124  )
( -241  -0  -43  )
( 148  -84  -183  )
( 188  -165  268  )
( -265  -154  29  )
( -79  -206  -136  )
( 242  60  -201  )
( -16  244  -61  )
( 36  -161  -292  )
( 147  94  116  )
( -2  79  293  )
( -64  -275  24  )
( 90  -25  13  )
( -122  64  289  )
( -149  190  -297  )
( 19  40  -104  )
( 20  160  -126  )
( 264  -14  -96  )
( -220  -285  121  )
( 217  154  287  )
( -140  -288  7  )
( -210  -12  -107  )
( 65  -117  0  )
( -216  117  -81  )
( -15  -54  71  )
( 293  184  12  )
( 218  274  173  )
( -206  193  -179  )
( 232  187  24  )
( -204  166  -181  )
( 74  216  -48  )
( -231  -285  51  )
( -202  234  -232  )
( 98  -47  -239  )
( 122  -113  -223  )
( -257  158  -107  )
( -284  -149  -47  )
( -120  -277  186  )
( -116  166  206  )
( -220  -219  -199  )
( 47  -172  46  )
( -242  272  -139  )
( 203  34  -41  )
( -157  279  1  )
( 60  -271  -76  )
( -287  209  82  )
( -247  -88  -164  )
( -104  24  290  )
( 217  -142  80  )
( 150  7  -200  )
( 204  -72  -273  )
( 145  76  -202  )
( -200  -266  205  )
( 275  40  52  )
( 208  -62  -160  )
( -108  -219  6  )
( 57  224  -282  )
( -230  8  71  )
( -201  -222  -40  )
( -75  -199  192  )
( -147  182  -34  )
( -13  -116  -26  )
( -26  183  63  )
( 3  272  -206  )
( 169  80  204  )
( -211  214  256  )
( 110  234  124  )
( -76  -260  -83  )
( 142  115  -36  )
( -244  20  -134  )
( -117  77  -210  )
( -281  235  -277  )
( 194  -42  -246  )
( 213  -14  -207  )
( -193  -190  120  )
( 220  -25  -170  )
( 177  142  7  )
( 125  104  196  )
( -150  261  -187  )
( -267  35  -250  )
( 256  -14  -234  )
( -58  -296  270  )
( -103  -3  -60  )
( -135  214  70  )
( 149  93  -74  )
( -205  -107  168  )
( 53  78  -267  )
( -119  70  241  )
( -6  -164  78  )
( 68  -113  -129  )
( -221  -281  -282  )
( -241  23  36  )
( -275  -68  -228  )
( -97  18  -116  )
( 234  22  -106  )
( -89  173  -218  )
( 189  220  -22  )
( 106  -284  -51  )
( 178  -194  -238  )
( 40  44  -223  )
( -90  -175  147  )
( -31  -198  240  )
( -162  -35  86  )
( -89  -173  87  )
( -293  -288  -245  )
( -92  -178  -203  )
( -136  178  240  )
( 239  68  86  )
( -10  -177  208  )
( 96  -296  257  )
( 162  -60  235  )
( 174  -129  -95  )
( -48  -82  -108  )
( 169  -70  -284  )
( -129  -113  182  )
( 93  241  120  )
( -151  -72  -31  )
( 51  -92  -263  )
( -19  237  -140  )
( -155  256  -67  )
( -226  -111  -220  )
( 187  -277  -157  )
( 124  166  208  )
( -224  -206  23  )
( -28  169  266  )
( -273  -161  -131  )
( -149  -83  18  )
( 276  -238  61  )
( -50  -98  19  )
( -145  -88  190  )
( 135  53  287  )
( -97  -78  144  )
( -100  -154  -96  )
( 49  -238  218  )
( -69  8  -143  )
( 259  -252  -281  )
( -145  -180  -120  )
( 209  -297  168  )
( 71  100  124  )
( 299  -279  6  )
( -167  98  -170  )
( -259  -40  194  )
( -169  -274  -244  )
( -21  82  -202  )
( 56  -157  40  )
( -136  84  126  )
( 184  251  -261  )
( 136  19  -81  )
( 126  46  -253  )
( -221  -79  -212  )
( -200  -48  -105  )
( 265  -34  192  )
( -245  -148  -20  )
( 88  192  -270  )
( 47  -84  -77  )
( 211  -119  226  )
( 212  -142  144  )
( -248  -44  195  )
( -289  44  -240  )
( 131  171  5  )
( 11  -111  -270  )
( 121  -82  -61  )
( -247  146  236  )
( 206  117  -191  )
( -117  216  -233  )
( 125  -68  154  )
( -143  -119  23  )
( 268  97  12  )
( -175  -131  143  )
( -30  249  123  )
( -265  -138  54  )
( 29  -142  98  )
( -157  107  -91  )
( 112  -164  195  )
( 60  -136  204  )
( 31  -8  54  )
( 16  236  153  )
( 288  83  -265  )
( -158  -108  119  )
( -148  -128  -228  )
( 134  59  -55  )
( 59  -219  157  )
( 88  2  14  )
( -168  169  227  )
( -290  -119  -18  )
( -139  -106  245  )
( 258  142  217  )
( -226  285  -284  )
( -44  -95  -88  )
( 126  -49  158  )
( 30  177  174  )
( 174  33  -10  )
( -279  196  74  )
( 35  -278  253  )
( 105  12  -143  )
( -261  105  279  )
( -54  81  137  )
( 182  -272  -91  )
( 15  244  -110  )
( 168  61  -16  )
( -283  215  -111  )
( 263  240  -290  )
( -51  -17  -63  )
( -244  -271  -234  )
( 131  -237  -170  )
( -55  -269  -10  )
( 252  -124  -146  )
( -137  52  192  )
( 160  -213  163  )
( -20  192  84  )
( -94  233  88  )
( -6  -257  -63  )
( 112  -83  171  )
( -10  -79  -192  )
( -4  -151  -97  )
( -160  143  103  )
( 223  258  -1  )
( -69  -66  -253  )
( 156  -111  -256  )
( -166  131  29  )
( -248  -142  -234  )
( 10  -41  159  )
( 196  -141  112  )
( -85  211  64  )
( 31  296  287  )
( -118  184  -167  )
( 196  183  268  )
( 139  -152  -142  )
( 227  228  -8  )
( 32  30  166  )
( 117  215  -57  )
( -157  -104  33  )
( -23  -41  218  )
( -190  103  282  )
( -81  33  27  )
( 177  -236  -13  )
( 100  -232  267  )
( 192  -151  -48  )
( 161  -18  -299  )
( 120  -29  -215  )
( 129  294  -242  )
( 15  -40  -30  )
( 288  191  14  )
( -151  -191  1  )
( 124  294  -14  )
( -189  -106  51  )
( 88  -282  225  )
( 243  166  -105  )
( 152  40  209  )
( -104  -196  -198  )
( 17  -6  -24  )
( 246  120  -275  )
( 240  2  -43  )
( -114  -280  145  )
( -257  10  238  )
( -103  235  -31  )
( 158  -89  291  )
( 48  88  -284  )
( -292  181  -85  )
( -116  34  37  )
( -134  -91  -178  )
( 173  276  -95  )
( -64  -10  295  )
( -13  280  125  )
( 288  20  211  )
( 278  27  -82  )
( -104  -123  239  )
( 138  121  -64  )
( 268  55  -139  )
( 164  262  -80  )
( -35  57  0  )
( 294  -8  5  )
( -289  -295  -250  )
( -297  196  10  )
( 219  153  164  )
( -198  -143  72  )
( 194  -1  -29  )
( -89  -105  0  )
( 201  -67  -295  )
( -75  213  -245  )
( -105  212  -288  )
( 135  211  129  )
( -138  -294  93  )
( 38  -52  226  )
( 189  93  242  )
( 169  -88  191  )
( 149  222  253  )
( -111  -92  -49  )
( -230  297  -289  )
( 71  5  -284  )
( 180  275  -6  )
( -90  224  119  )
( 259  236  -70  )
( 13  232  -276  )
( 59  197  277  )
( -173  -279  -87  )
( 66  234  146  )
( 147  282  116  )
( -140  -92  -287  )
( -65  80  -130  )
( -86  -134  212  )
( 222  -6  -7  )
( -262  87  196  )
( -226  71  -145  )
( 10  -265  99  )
( -267  271  -128  )
( -202  264  -135  )
( -233  210  275  )
( -138  198  25  )
( -81  279  -84  )
( -290  -89  84  )
( -206  -73  -162  )
( 94  231  -57  )
( 26  294  7  )
( -200  -6  247  )
( -35  198  -216  )
( 18  242  147  )
( -112  55  53  )
( 223  -57  -226  )
( 253  43  -56  )
( 226  -285  -168  )
( -81  30  -158  )
( 182  -158  202  )
( -123  -166  197  )
( -195  -124  -151  )
( 154  215  280  )
( 147  73  282  )
( -187  -199  -122  )
( -144  -64  59  )
( 109  67  177  )
( -26  -195  -216  )
( -191  -294  -128  )
( -79  -122  -101  )
( 5  241  157  )
( -43  197  172  )
( -251  156  -259  )
( 40  -235  -138  )
( 253  -87  291  )
( -255  77  -76  )
( 118  -15  -278  )
( 68  3  287  )
( -31  285  -202  )
( 21  -147  -35  )
( -283  299  -106  )
( 254  286  18  )
( -155  -202  -226  )
( -23  83  -196  )
( -97  139  126  )
( -225  130  98  )
( 28  -189  -117  )
( -172  6  -207  )
( 224  -41  31  )
( 20  198  -156  )
( 296  -277  -155  )
( -156  -203  298  )
( 193  247  188  )
( -187  125  -143  )
( -291  132  252  )
( -173  236  -261  )
( -146  12  -194  )
( 117  -44  156  )
( 194  274  6  )
( 27  -60  -195  )
( 245  224  -62  )
( 42  295  -71  )
( -45  67  -34  )
( 5  -220  -160  )
( 291  179  -3  )
( -273  -10  -264  )
( -81  88  -215  )
( -11  -79  -164  )
( 258  140  -65  )
( 172  226  -134  )
( 147  298  241  )
( -149  -59  58  )
( -109  -139  -34  )
( -138  -1  -241  )
( -171  157  132  )
( -140  228  -40  )
( -247  -108  243  )
( 119  203  -29  )
( 252  245  -153  )
( -80  201  37  )
( -91  -109  -202  )
( 51  117  -219  )
( 109  -24  89  )
( -276  123  1  )
( -45  -56  -104  )
( -251  188  -210  )
( -197  -113  72  )
( -281  43  -53  )
( 225  -216  78  )
( 146  -60  -182  )
( -296  186  -295  )
( 90  187  -248  )
( -251  -1  -291  )
( 220  -92  98  )
( -211  -10  -270  )
( 45  100  234  )
( -231  -132  -9  )
( 74  -299  -232  )
( 189  -295  261  )
( 283  104  -277  )
( 215  283  -222  )
( -83  -45  -218  )
( -247  84  16  )
( 35  268  -77  )
( -278  -45  41  )
( 41  -139  226  )
( 23  -168  -109  )
( -293  184  -267  )
( 271  101  -64  )
( 292  229  196  )
( -221  -115  -278  )
( 171  39  140  )
( -93  286  44  )
( -267  -44  -100  )
( 23  -48  -285  )
( 111  162  -180  )
( -299  105  -130  )
( 189  -245  -294  )
( -124  -290  184  )
( 290  174  175  )
( 222  -295  -8  )
( 68  -83  -132  )
( -57  58  261  )
( 77  -44  -237  )
( 232  67  158  )
( -206  -79  226  )
( -162  -80  -107  )
( -120  -23  218  )
( 111  200  -19  )
( 34  -0  -88  )
( -229  -297  91  )
( 41  8  176  )
( -216  18  -47  )
( 101  93  -270  )
( -61  147  -16  )
( -30  -161  -59  )
( 215  262  -288  )
( 20  -39  217  )
( 165  164  212  )
( -196  -9  -238  )
( -107  44  -256  )
( -16  -296  21  )
( 140  -15  -51  )
( 92  287  -267  )
( -154  -126  279  )
( 53  -141  186  )
( -47  -101  -247  )
( -151  281  -162  )
( 72  227  -283  )
( -294  -283  284  )
( -6  -161  -237  )
( 3  287  274  )
( -279  -16  -242  )
( 59  24  180  )
( 9  106  279  )
( -53  -228  -158  )
( 89  103  38  )
( -298  -143  -218  )
( -218  205  55  )
( -20  85  38  )
( -284  -155  -190  )
( 84  -21  220  )
( -99  247  -278  )
( 20  -243  179  )
( 13  26  -181  )
( 43  277  -92  )
( -137  103  -39  )
( -164  266  106  )
( -244  -205  3  )
( 111  -273  -222  )
( -21  184  -85  )
( -203  -222  108  )
( -111  20  -287  )
( 272  31  -71  )
( -10  0  -111  )
( 265  47  -67  )
( 159  -111  60  )
( -240  274  51  )
( -202  -26  -242  )
( 70  -103  -144  )
( -263  58  52  )
( 248  224  -40  )
( -24  41  187  )
( -142  -198  67  )
( -99  -247  -80  )
( -50  292  71  )
( -168  275  175  )
( 148  228  -225  )
( 221  -292  -224  )
( 287  39  -53  )
( -210  298  8  )
( -53  13  -116  )
( -79  4  -159  )
( 235  180  -290  )
( -125  110  230  )
( 251  22  213  )
( 220  9  -201  )
( 161  -88  54  )
( -110  227  -270  )
( 172  -297  173  )
( -245  -236  -294  )
( 215  70  121  )
( 292  163  -201  )
( -211  113  -24  )
( 193  -102  -67  )
( 275  -236  264  )
( 36  120  115  )
( 34  -62  108  )
( -120  -279  147  )
( 89  -7  -249  )
( 148  -242  43  )
( 268  16  -296  )
( 294  -99  -89  )
( -217  61  56  )
( -200  8  207  )
( 124  -91  -176  )
( -103  -10  -24  )
( -86  -221  172  )
( 163  -258  -253  )
( -8  -54  221  )
( -155  177  265  )
( 240  -181  -279  )
( 52  -147  -112  )
( 270  214  -34  )
( -125  -58  -169  )
( -277  -57  256  )
( 194  30  -42  )
( 220  124  -229  )
( 55  10  40  )
( -7  -17  -172  )
( 204  -210  5  )
( -155  14  68  )
( -106  4  138  )
( 137  -80  289  )
( 276  -202  -186  )
( -8  184  -296  )
( -247  104  -108  )
( 122  168  -273  )
( -55  -97  248  )
( -194  -122  178  )
( -145  -38  -15  )
( -267  -217  -251  )
( -182  -130  245  )
( -253  -14  104  )
( 7  -266  270  )
( 150  -45  83  )
( 195  -38  -61  )
( 115  55  -179  )
( 106  -51  111  )
( -156  229  -192  )
( 170  -83  145  )
( 137  288  12  )
( 109  53  22  )
( 62  -181  -4  )
( -252  89  7  )
( 123  -45  -120  )
( 117  267  -44  )
( 156  -84  -23  )
( 14  -153  184  )
( -212  72  -7  )
( 23  190  182  )
( 163  -124  200  )
( 199  0  -220  )
( -171  147  153  )
( 211  -157  240  )
( -262  162  -298  )
( 296  -27  -272  )
( -68  218  146  )
( -221  -206  179  )
( 44  296  -237  )
( 141  -34  114  )
( -98  171  298  )
( -24  -99  169  )
( 256  224  116  )
( -250  170  -167  )
( 163  262  -295  )
( 126  -42  -149  )
( -115  27  164  )
( -4  28  -173  )
( 63  5  -228  )
( 114  -233  262  )
( -175  -97  292  )
( 298  233  -95  )
( 196  217  -135  )
( 119  49  265  )
( 293  171  -258  )
( -93  280  -103  )
( -33  -50  116  )
( 3  -173  -65  )
( 106  15  97  )
( -241  139  268  )
( 163  205  158  )
( -118  -210  -226  )
( 63  -279  220  )
( -178  181  294  )
( -37  193  294  )
( 96  -192  102  )
( 183  -17  106  )
( 95  -266  -106  )
( -241  -66  17  )
( 129  50  219  )
( -99  -178  -294  )
( -113  -171  -268  )
( 278  -178  126  )
( 118  274  -109  )
( -44  -200  77  )
( 82  -246  28  )
( 90  -284  0  )
( 130  -113  -79  )
( 176  -66  269  )
( 78  221  5  )
( -64  -276  296  )
( 89  -85  257  )
( -86  -81  -144  )
( 112  130  -240  )
( -202  -9  249  )
( 273  5  -33  )
( 297  284  175  )
( -241  -181  -38  )
( -53  -255  30  )
( 185  -129  -29  )
( 192  -231  -1  )
( 281  122  -114  )
( -147  -11  6  )
( -72  190  142  )
( 131  -220  -13  )
( 208  -276  224  )
( -191  -28  15  )
( -86  -120  -228  )
( 208  -71  -285  )
( -284  -150  183  )
( -193  -121  37  )
( 218  271  -205  )
( 244  270  -187  )
( -205  194  230  )
( -19  124  -180  )
( 193  141  66  )
( 56  125  -133  )
( -123  -282  -44  )
( -221  63  74  )
( -202  -190  170  )
( -125  -239  291  )
( 65  47  0  )
( -278  -121  -138  )
( -299  -233  264  )
( -278  107  -263  )
( 230  -62  -51  )
( 103  -193  -5  )
( -90  129  120  )
( -131  -37  111  )
( 214  152  -177  )
( -224  211  153  )
( -103  -110  -91  )
( -37  -173  -294  )
( -149  119  269  )
( 173  -30  -278  )
( 277  -61  -117  )
( -36  -220  -299  )
( 232  269  146  )
( 226  266  -219  )
( 71  -228  -190  )
( 73  278  58  )
( 281  -195  -212  )
( -11  -197  -232  )
( 131  200  236  )
( 21  -123  292  )
( -136  186  123  )
( -259  -269  -171  )
( 140  32  187  )
( -37  38  178  )
( 167  42  92  )
( -35  -170  -245  )
( -228  216  -271  )
( 134  208  -83  )
( -155  -227  -197  )
( -6  132  2  )
( -19  -291  -156  )
( 245  31  252  )
( 254  8  -278  )
( 7  -45  293  )
( 108  45  -25  )
( -48  4  -176  )
( -267  89  109  )
( -6  96  107  )
( -235  -41  -288  )
( -233  224  -122  )
( -296  -18  -145  )
( 138  -79  13  )
( 152  43  293  )
( -226  -5  -265  )
( 47  282  -155  )
( -9  141  57  )
( -173  -199  60  )
( 185  83  174  )
( 233  142  31  )
( -168  -83  -48  )
( 188  26  229  )
( -93  73  274  )
( -154  -5  4  )
( 48  173  74  )
( 49  -37  279  )
( -220  -272  158  )
( -49  -140  -160  )
( 50  -157  -154  )
( 27  220  234  )
( -137  -175  9  )
( 52  232  90  )
( 156  -243  271  )
( -243  -73  194  )
( -296  -69  -152  )
( -72  21  -145  )
( 185  -119  -294  )
( -174  -111  146  )
( 149  62  -273  )
( 130  -277  19  )
( -88  -293  269  )
( 210  235  -73  )
( -239  184  -84  )
( -64  95  -226  )
( -180  -69  233  )
( -60  -274  232  )
( 48  259  -237  )
( -97  -230  55  )
( 35  183  -275  )
( 44  -38  136  )
( 188  -224  -137  )
( -270  152  -9  )
( 93  -186  -297  )
( 145  233  -285  )
( -221  107  -205  )
( 31  143  218  )
( -289  50  210  )
( -254  163  -5  )
( -227  -282  102  )
( 9  254  -13  )
( 245  -160  99  )
( 36  -31  -218  )
( 58  3  -30  )
( 225  212  -230  )
( -223  139  -127  )
( 156  -43  109  )
( 157  16  -242  )
( 277  136  11  )
( -63  32  143  )
( -19  211  -123  )
( 174  167  253  )
( 39  284  159  )
( -110  -19  -142  )
( -245  298  -277  )
( 92  -126  -48  )
( -149  198  154  )
( 290  -111  109  )
( 114  116  43  )
( 196  259  87  )
( -115  -291  148  )
( -243  140  -114  )
( 265  -284  -59  )
( 83  -65  136  )
( -190  -79  39  )
( -81  164  153  )
( 72  294  -54  )
( 189  74  -50  )
( 28  242  -206  )
( -102  33  92  )
( -25  -244  -0  )
( 232  178  -180  )
( 207  -86  81  )
( 194  15  55  )
( -280  297  211  )
( 130  -27  191  )
( 2  -81  -22  )
( -1  -283  18  )
( 153  117  261  )
( -177  189  154  )
( 299  -106  94  )
( -97  -142  -93  )
( 237  -275  191  )
( 25  210  265  )
( -28  -230  282  )
( 17  -213  10  )
( -99  -208  9  )
( 54  298  122  )
( 216  -251  -164  )
( -90  -141  54  )
( 215  -118  132  )
( -296  -16  -145  )
( -40  266  15  )
( 299  -97  211  )
( 180  -192  -7  )
( 101  -18  -144  )
( 51  -170  144  )
( -125  -135  -259  )
( -109  -7  -37  )
( 59  -186  -254  )
( 241  190  -132  )
( 259  -296  -225  )
( -203  -256  -227  )
( 49  21  -167  )
( 146  -223  95  )
( 221  -117  -73  )
( -34  -75  248  )
( 11  -272  -112  )
( -149  -288  -4  )
( -194  -125  -234  )
( -26  -291  -39  )
( -114  -245  89  )
( 285  182  -88  )
( 237  106  191  )
( -4  -151  -255  )
( 129  267  139  )
( -237  10  106  )
( -225  -282  -264  )
( 20  176  -143  )
( -61  -45  -207  )
( 265  220  -7  )
( -119  198  -226  )
( 212  -51  285  )
( -282  243  -21  )
( 17  279  -256  )
( -216  7  -108  )
( -26  67  100  )
( -35  65  110  )
( 295  -258  -289  )
( -152  -192  255  )
( 226  -174  221  )
( -106  207  127  )
( 260  121  91  )
( 280  286  -103  )
( -45  286  13  )
( -228  -248  1  )
( 28  -78  -22  )
( -15  30  272  )
( 147  -277  215  )
( 97  -232  181  )
( 140  56  -10  )
( 52  -298  -167  )
( -266  239  -149  )
( -28  -230  -126  )
( 55  -164  271  )
( 91  176  28  )
( -87  152  -135  )
( -78  -144  205  )
( -73  258  43  )
( -199  -259  202  )
( 95  -49  38  )
( -252  219  -267  )
( -170  186  6  )
( -230  9  -257  )
( -47  170  262  )
( 178  251  260  )
( -31  260  -14  )
( 292  -219  13  )
( -23  -7  14  )
( -79  287  -166  )
( -15  -218  293  )
( -127  15  -90  )
( 179  252  -236  )
( -212  12  -73  )
( -262  -216  235  )
( 97  142  282  )
( -249  136  228  )
( -242  72  76  )
( 232  -277  0  )
( 10  164  -139  )
( -19  16  -147  )
( -112  277  -63  )
( 41  -214  219  )
( -36  -164  53  )
( -289  -193  24  )
( -173  5  105  )
( 239  -177  -24  )
( 34  -139  233  )
( 218  30  -28  )
( -13  126  103  )
( 122  -166  -8  )
( -35  -175  -270  )
( -12  -203  -214  )
( -246  -249  100  )
( -154  160  200  )
( 63  102  -205  )
( 282  24  -263  )
( -165  218  -243  )
( -223  41  255  )
( -195  -175  24  )
( -62  8  17  )
( 279  -131  -190  )
( -106  -127  -135  )
( -209  -67  287  )
( 236  -134  -140  )
( -188  118  193  )
( -142  101  -56  )
( -229  -13  15  )
( -185  -34  90  )
( -196  284  -203  )
( 4  226  157  )
( -232  187  -51  )
( 296  -282  74  )
( 156  -214  76  )
( -27  25  -103  )
( 106  -272  -11  )
( -53  -255  -78  )
( -162  189  204  )
( 80  243  -86  )
( 134  260  246  )
( 34  296  49  )
( 130  -5  135  )
( 44  -262  108  )
( -51  62  -222  )
( -184  -116  210  )
( 61  -72  248  )
( -52  -64  -4  )
( -229  -87  -138  )
( -52  248  -88  )
( -13  220  14  )
( -299  250  -230  )
( 99  -211  -220  )
( -202  -171  -67  )
( -9  200  188  )
( -31  257  -116  )
( -152  -256  -270  )
( 73  10  -251  )
( 65  -215  246  )
( 172  22  -118  )
( -237  85  246  )
( 95  -276  166  )
( 207  -234  -101  )
( 122  -263  164  )
( -253  261  -114  )
( -113  -287  -143  )
( 117  51  -150  )
( -83  33  -136  )
( 220  184  -65  )
( -285  209  -201  )
( 293  47  100  )
( 68  -274  79  )
( -233  -248  -171  )
( -48  25  -10  )
( -155  -118  7  )
( 285  132  48  )
( 233  151  -124  )
( 19  -70  114  )
( -224  -26  148  )
( 230  260  8  )
( 190  33  -165  )
( -281  86  73  )
( -68  -202  -46  )
( -69  -191  82  )
( -202  -148  -111  )
( 166  180  -176  )
( 261  -256  -35  )
( -220  50  130  )
( 274  -33  283  )
( -274  71  165  )
( -70  110  91  )
( 212  43  -82  )
( 199  -242  -51  )
( 3  -116  -44  )
( -228  -105  225  )
( -154  194  -110  )
( -124  299  -40  )
( -146  81  28  )
( 251  128  -238  )
( -259  -265  70  )
( -70  73  226  )
( -120  177  -287  )
( 67  -101  -7  )
( 166  156  -281  )
( 97  180  -31  )
( -267  -216  4  )
( 268  -163  55  )
( -211  74  86  )
( -178  -251  -68  )
( 89  30  -52  )
( -15  -233  -112  )
( 135  298  96  )
( -214  27  -42  )
( 190  -150  130  )
( 230  45  -153  )
( 190  -178  187  )
( -126  194  -94  )
( 16  -246  92  )
( 183  -236  -66  )
( -77  160  -161  )
( -232  -148  254  )
( 200  -109  -73  )
( 62  -231  67  )
( -80  46  -105  )
( -207  109  -298  )
( -189  291  130  )
( 249  133  -81  )
( -230  -211  -68  )
( -246  -50  281  )
( -199  216  -198  )
( 112  -134  183  )
( 82  67  -41  )
( -152  23  -231  )
( 299  90  233  )
( -177  226  288  )
( 208  201  -237  )
( -181  163  -242  )
( -199  -239  26  )
( -82  -78  192  )
( 100  -123  11  )
( -238  -219  -182  )
( 116  119  38  )
( -3  208  -251  )
( 184  286  -197  )
( 45  118  -194  )
( 95  97  -208  )
( -149  -105  106  )
( 107  -48  -42  )
( -174  -6  -87  )
( 129  76  163  )
( -115  -141  187  )
( 243  -63  144  )
( 120  -56  68  )
( 281  274  -149  )
( 269  -228  123  )
( 173  -75  86  )
( 136  60  -205  )
( 20  160  -164  )
( -58  196  65  )
( -245  -174  -233  )
( -59  -231  130  )
( 91  10  -273  )
( -199  -194  145  )
( 64  178  -168  )
( -252  143  -225  )
( -142  113  -251  )
( -30  257  113  )
( 50  -177  -272  )
( -236  234  162  )
( -164  -7  -111  )
( -81  6  -111  )
( 23  158  9  )
( 132  169  -127  )
( -87  176  91  )
( -100  119  -242  )
( -141  -32  -116  )
( -50  -250  -140  )
( -296  218  -180  )
( -210  -39  -69  )
( -19  -11  -198  )
( -7  -170  -66  )
( 288  -59  298  )
( -197  53  -281  )
( 41  -2  -100  )
( 30  -26  -197  )
( 137  269  -95  )
( 103  132  157  )
( 209  -218  162  )
( 135  227  -246  )
( 40  186  45  )
( -73  95  60  )
( 292  106  -223  )
( 13  223  -247  )
( 180  -267  10  )
( 239  -248  52  )
( 141  24  193  )
( -142  6  -55  )
( 265  156  298  )
( 234  250  -121  )
( -141  -109  -20  )
( 156  275  56  )
( 189  -202  -18  )
( -67  -271  104  )
( 281  70  -217  )
( 213  -185  220  )
( 113  224  -36  )
( 18  247  -297  )
( 273  245  214  )
( 242  276  -296  )
( -257  159  270  )
( 185  -84  154  )
( 65  -231  79  )
( 211  -119  -132  )
( 262  -23  234  )
( -196  213  -215  )
( 242  -278  -110  )
( 140  27  -202  )
( 117  101  -82  )
( -162  -209  103  )
( 194  219  -130  )
( 243  -145  -130  )
( 138  -232  -239  )
( 3  185  242  )
( -70  183  3  )
( 113  -228  248  )
( -239  77  -102  )
( 85  -182  -291  )
( 283  -24  -289  )
( 50  62  -163  )
( 10  -60  269  )
( 257  61  -158  )
( 190  -91  102  )
( 135  -162  102  )
( -288  -27  -96  )
( 83  210  -65  )
( -165  202  210  )
( -166  -207  206  )
( 248  -236  -127  )
( 26  53  112  )
( -228  -117  -201  )
( 102  127  -145  )
( -117  -67  -6  )
( -255  140  112  )
( 173  -115  283  )
( 227  -38  269  )
( -55  52  102  )
( -265  -48  74  )
( -172  271  -237  )
( -11  55  189  )
( -5  -283  8  )
( 178  293  48  )
( -252  -204  216  )
( -233  -270  -45  )
( -62  89  -167  )
( -107  -72  -120  )
( -143  -125  -285  )
( 164  107  -30  )
( -251  249  -8  )
( -73  -28  -126  )
( 248  -202  -49  )
( -35  -77  -264  )
( -83  -98  -267  )
( 83  48  -6  )
( -279  -60  86  )
( 101  -266  42  )
( -3  -169  -256  )
( 176  -256  170  )
( -209  130  -0  )
( -199  128  -164  )
( 229  -116  -178  )
( -74  -122  210  )
( 187  228  -201  )
( 109  231  -230  )
( -290  40  -277  )
( 2  80  -57  )
( 8  -0  23  )
( -51  -53  158  )
( -33  148  -77  )
( -241  228  -138  )
( -2  -214  3  )
( 98  -137  -42  )
( -278  184  -272  )
( 101  -276  -257  )
( -262  -260  -56  )
( 134  22  -91  )
( 191  -3  228  )
( -208  -56  111  )
( -168  -92  211  )
( -274  5  -210  )
( -88  -160  91  )
( 19  228  289  )
( 71  -78  -166  )
( -246  -190  -6  )
( 286  -176  5  )
( 180  19  -193  )
( 85  178  -135  )
( -159  170  181  )
( -271  -104  -3  )
( -207  -46  -50  )
( -170  -297  165  )
( 253  71  31  )
( -54  53  -31  )
( 163  248  227  )
( -276  -66  -115  )
( -98  147  249  )
( 268  183  -9  )
( 141  262  -224  )
( -250  -259  -109  )
( 204  18  245  )
( 158  -146  296  )
( -193  270  16  )
( -52  -281  55  )
( -187  89  -16  )
( -138  116  -180  )
( 29  -52  -239  )
( 149  51  -97  )
( 43  191  -4  )
( -199  264  81  )
( -122  -242  228  )
( -79  105  -162  )
( -254  -149  74  )
( -262  268  -104  )
( -138  -291  55  )
( 22  -140  -262  )
( 192  204  199  )
