( 173  -12  -94  )
( 292  -126  135  )
( -123  -60  -286  )
( -69  140  296  )
( -281  -196  -248  )
( -202  -53  32  )
( 164  291  127  )
( 115  -215  -113  )
( 13  145  81  )
( 126  -53  138  )
( -242  -213  -173  )
( 132  -215  -214  )
( -182  -220  152  )
( -110  1  270  )
( -295  290  -150  )
( -240  1  -122  )
( -223  100  -35  )
( 48  18  179  )
( 163  -223  -248  )
( -168  -164  23  )
( -141  106  284  )
( 54  -260  50  )
( 3  -93  -225  )
( -50  263  293  )
( 296  22  -57  )
( -129  254  245  )
( 261  -188  -126  )
( 165  -230  -281  )
( 157  -24  251  )
( 174  -205  139  )
( -30  -47  -181  )
( 190  -93  -118  )
( 111  -249  -288  )
( -93  275  277  )
( -253  247  -216  )
( 201  250  97  )
( -93  95  -68  )
( -296  155  262  )
( 189  205  -159  )
( -108  162  -290  )
( -152  -208  25  )
( 52  -124  295  )
( -53  -290  -75  )
( -289  97  -46  )
( 99  -169  -153  )
( 13  10  173  )
( 231  -235  58  )
( -164  45  -270  )
( -209  -193  -214  )
( 278  -65  160  )
( 205  236  125  )
( -177  -292  -135  )
( 113  92  155  )
( 81  91  -61  )
( -251  -238  14  )
( 126  285  -84  )
( 115  -233  -134  )
( -64  132  -93  )
( 17  29  258  )
( 232  213  101  )
( 177  179  -89  )
( 83  -96  -71  )
( -60  -215  233  )
( -79  -121  -274  )
( -46  -34  -90  )
( 222  -257  -73  )
( 132  71  293  )
( 131  29  -90  )
( -77  106  -56  )
( 23  -166  -28  )
( -31  -261  -245  )
( -294  -226  -50  )
( -203  -79  -250  )
( -230  119  -252  )
( -268  35  -258  )
( -246  213  -15  )
( -190  -227  -4  )
( -15  79  -172  )
( 259  158  36  )
( -101  36  267  )
( 106  5  4  )
( -134  104  -112  )
( -148  14  -198  )
( 106  136  -26  )
( -141  -54  -65  )
( -186  84  125  )
( 139  240  76  )
( -285  -192  91  )
( -215  -238  -180  )
( -182  -191  52  )
( 71  40  -177  )
( -227  -168  -185  )
( -116  -100  292  )
( -87  88  163  )
( 44  243  154  )
( -218  -166  5  )
( 22  177  -142  )
( 32  118  262  )
( -20  -147  111  )
( -233  -105  -251  )
( 109  176  -63  )
( 45  -216  -298  )
( 121  170  -9  )
( 180  -195  196  )
( -289  228  215  )
( 213  9  -295  )
( 103  93  -143  )
( 232  147  92  )
( 288  224  -279  )
( 158  -137  -61  )
( 110  118  100  )
( 100  -45  294  )
( -231  -30  -60  )
( -165  160  39  )
( 247  185  -116  )
( -168  -295  -31  )
( 278  4  63  )
( -202  -115  -299  )
( 28  136  -37  )
( -78  183  79  )
( 82  8  -229  )
( 51  220  -199  )
( -118  132  280  )
( -140  -280  -172  )
( 86  55  -227  )
( 117  -197  -87  )
( 151  -143  -164  )
( -21  -140  -72  )
( 211  71  291  )
( 146  171  125  )
( 186  29  125  )
( 185  -277  6  )
( -175  -290  -221  )
( -37  34  -46  )
( 73  -38  12  )
( 195  -44  -100  )
( -167  -102  171  )
( 186  -129  299  )
( 64  12  39  )
( -149  -60  193  )
( -293  132  -80  )
( -72  274  -94  )
( -245  112  25  )
( 198  112  153  )
( -184  -25  -274  )
( -182  -294  263  )
( -157  -55  -267  )
( 55  36  -133  )
( 84  -285  69  )
( -245  -70  100  )
( -84  -216  -57  )
( -93  82  275  )
( 152  42  -65  )
( 24  -69  -195  )
( 26  -22  220  )
( 120  -30  59  )
( -265  23  -112  )
( -52  18  59  )
( 90  213  201  )
( 295  -152  -16  )
( 16  -19  -276  )
( -125  -273  101  )
( -267  -288  -187  )
( -187  203  227  )
( -284  46  113  )
( 104  -278  -68  )
( -43  -57  178  )
( 23  25  -193  )
( 168  8  -244  )
( -246  -279  -67  )
( -234  272  -182  )
( 129  -187  -153  )
( 281  -233  193  )
( -140  -125  269  )
( -45  -24  -290  )
( -183  -28  190  )
( 35  254  -84  )
( -90  61  -45  )
( 143  -106  -210  )
( -178  138  90  )
( 136  284  188  )
( 198  118  -120  )
( 31  240  238  )
( 218  229  -190  )
( 45  -234  12  )
( -39  -27  -160  )
( -246  -259  -207  )
( -65  79  -15  )
( -297  27  279  )
( 160  199  -270  )
( -289  215  154  )
( -293  -82  -178  )
( 57  225  290  )
( -62  285  133  )
( -230  290  179  )
( 236  1  138  )
( 33  274  259  )
( 106  -164  -53  )
( 156  -160  256  )
( -40  193  126  )
( -157  90  286  )
( -89  172  -235  )
( -158  242  -223  )
( -239  -252  -216  )
( -189  -29  196  )
( -15  103  105  )
( 105  -145  121  )
( -213  -154  61  )
( 198  195  141  )
( -271  -226  -182  )
( -115  157  -185  )
( -135  -239  242  )
( 84  278  284  )
( -201  -232  -115  )
( -246  247  152  )
( 279  178  86  )
( -283  74  251  )
( 162  -1  197  )
( 180  -278  -191  )
( 8  206  -17  )
( 287  173  -14  )
( 256  262  193  )
( -166  154  -248  )
( 8  -218  222  )
( -237  -139  -184  )
( -240  25  255  )
( -63  220  -213  )
( 146  -133  -103  )
( 155  -192  54  )
( 229  246  285  )
( -286  287  -259  )
( 258  147  -251  )
( -244  -214  146  )
( 131  199  -126  )
( 181  -168  -291  )
( 41  -140  -205  )
( -245  -65  57  )
( 278  127  247  )
( 128  184  -110  )
( 29  74  216  )
( -62  -290  120  )
( 65  66  238  )
( 246  171  -72  )
( -168  248  -137  )
( 195  252  199  )
( -5  -257  17  )
( 157  138  -5  )
( 145  95  38  )
( -190  8  156  )
( -169  -268  -24  )
( -222  -95  224  )
( 250  -131  -207  )
( -129  -226  -189  )
( 184  -214  83  )
( 169  252  -10  )
( -7  150  179  )
( 100  237  -223  )
( 49  236  265  )
( 254  -2  -220  )
( 27  -19  140  )
( 163  -19  160  )
( -179  -197  -247  )
( -291  -21  -182  )
( 19  -297  93  )
( -196  186  151  )
( -56  -46  149  )
( 141  -131  201  )
( 284  -255  -111  )
( 258  -148  210  )
( 105  206  118  )
( -265  88  35  )
( 31  9  -185  )
( -149  -257  280  )
( 158  78  72  )
( -57  -193  197  )
( -162  -275  -159  )
( -179  78  -240  )
( 98  112  296  )
( 166  240  83  )
( -46  13  -58  )
( 71  -105  -112  )
( 187  149  143  )
( -238  86  -61  )
( 18  293  -208  )
( 182  155  -205  )
( 97  88  54  )
( -57  -207  151  )
( 137  54  161  )
( -207  102  -270  )
( 115  -280  -285  )
( -15  256  -8  )
( 11  -241  -228  )
( 256  6  -37  )
( 234  91  89  )
( -159  169  51  )
( 122  81  -243  )
( 34  -266  -75  )
( -57  -112  -277  )
( -55  231  15  )
( 80  110  -75  )
( -274  -73  275  )
( -246  -112  19  )
( -20  -123  -8  )
( 228  -148  166  )
( -242  86  -43  )
( 251  250  92  )
( -224  -197  221  )
( 6  -213  -254  )
( 262  54  154  )
( -66  -45  105  )
( -295  -52  -157  )
( -233  105  88  )
( 23  218  -172  )
( 97  -98  274  )
( 97  183  175  )
( -183  130  145  )
( 298  -245  -15  )
( 201  273  -107  )
( -215  -236  106  )
( -5  246  -263  )
( -134  -98  59  )
( 152  73  5  )
( -75  42  -149  )
( 202  -247  -254  )
( -123  44  277  )
( 242  -162  -262  )
( -30  -146  -249  )
( -19  280  -244  )
( 163  20  137  )
( 292  255  -253  )
( -55  18  14  )
( 231  -104  10  )
( 92  168  -83  )
( -76  -173  201  )
( 296  -215  -146  )
( -252  -99  -13  )
( -104  94  111  )
( -137  107  -165  )
( -257  -63  198  )
( -148  113  185  )
( -111  -218  109  )
( 130  -62  188  )
( 236  -107  168  )
( -3  77  36  )
( 1  -252  -251  )
( 142  11  169  )
( -267  91  -14  )
( -229  -179  -175  )
( 42  -140  -10  )
( 129  -298  73  )
( 140  156  -142  )
( 105  173  -51  )
( 191  259  199  )
( 288  -46  257  )
( -81  -200  -261  )
( 285  -31  -188  )
( -81  79  -268  )
( 0  -260  276  )
( 182  -6  107  )
( 28  -56  -150  )
( -110  4  43  )
( 276  47  243  )
( 179  -114  -290  )
( -164  -217  -246  )
( -109  163  -79  )
( 127  196  -133  )
( -223  8  -117  )
( 82  119  -188  )
( -70  -84  -136  )
( -33  -189  -95  )
( 110  5  -97  )
( -113  -31  -155  )
( -273  -166  -178  )
( 181  -194  265  )
( 130  -94  -86  )
( 78  131  -157  )
( 37  93  -168  )
( 187  -153  182  )
( -47  -86  -245  )
( -63  241  16  )
( -39  1  273  )
( -141  68  268  )
( 259  -116  -248  )
( 99  -263  16  )
( 66  198  135  )
( -283  -226  -172  )
( 179  -172  147  )
( -55  -58  -197  )
( -155  -266  -32  )
( 214  68  183  )
( 209  59  290  )
( -84  -15  289  )
( 148  64  -277  )
( 294  -227  -10  )
( 276  -88  63  )
( -178  -129  136  )
( 270  -100  191  )
( -230  -80  -250  )
( -221  138  173  )
( 96  54  -129  )
( 24  78  32  )
( -281  -197  -201  )
( -53  -59  183  )
( -177  87  -215  )
( -151  22  -154  )
( 236  176  -38  )
( -130  234  191  )
( 244  -142  215  )
( -257  -51  41  )
( 210  -7  -134  )
( -295  200  -178  )
( -268  230  -140  )
( 283  134  204  )
( -131  -71  13  )
( -238  237  -113  )
( 53  -225  -266  )
( 259  -219  175  )
( -141  -277  -264  )
( -3  248  208  )
( 144  -222  261  )
( 184  -120  72  )
( 4  -110  251  )
( 207  166  130  )
( 28  91  -117  )
( 46  -299  -124  )
( 180  -291  187  )
( -196  -269  -102  )
( 169  -26  -162  )
( -100  241  292  )
( 223  249  -230  )
( 297  -56  50  )
( 259  -72  -45  )
( -85  149  174  )
( -173  -77  6  )
( 198  -52  -119  )
( -152  -180  12  )
( -154  267  220  )
( -281  -31  -284  )
( 178  -104  -227  )
( -32  72  296  )
( 293  -216  28  )
( -45  215  285  )
( -298  66  238  )
( 152  -26  -50  )
( -138  95  -164  )
( 180  96  -54  )
( 186  214  -75  )
( -46  -253  -19  )
( -126  -58  115  )
( 208  59  108  )
( 75  235  276  )
( -120  175  -94  )
( -171  295  40  )
( -136  -175  -33  )
( 147  -78  215  )
( 233  -90  -15  )
( 91  96  -293  )
( 67  116  138  )
( 198  -266  96  )
( -298  -161  -187  )
( -173  -28  -12  )
( -101  23  -107  )
( -53  -278  79  )
( 261  247  254  )
( 239  62  -171  )
( 181  -294  69  )
( -188  59  -173  )
( -51  -92  12  )
( 20  227  -204  )
( -83  126  -237  )
( 18  -121  -210  )
( -40  185  -147  )
( -129  -240  -189  )
( 236  14  76  )
( -73  -64  -57  )
( 193  291  -107  )
( -2  -265  -33  )
( -85  253  -206  )
( -242  -202  196  )
( 61  14  97  )
( 267  -28  285  )
( -107  -282  -222  )
( -276  -17  -243  )
( -163  275  186  )
( 105  254  -181  )
( 209  248  29  )
( 291  122  290  )
( -46  -259  -237  )
( 289  8  274  )
( 137  -122  -289  )
( -173  123  170  )
( -78  68  280  )
( 231  -265  106  )
( 46  -198  -157  )
( 125  191  137  )
( -181  157  142  )
( -299  64  216  )
( -291  140  225  )
( 96  -280  -174  )
( 133  -275  -291  )
( -51  67  60  )
( 298  -217  110  )
( 90  268  157  )
( 46  -72  -143  )
( 166  -186  3  )
( -261  -22  -294  )
( 27  135  176  )
( -185  260  -133  )
( -47  -125  -117  )
( 64  158  -182  )
( -59  -121  -180  )
( -30  -200  108  )
( 34  -56  -132  )
( 15  297  -248  )
( 236  -180  256  )
( -235  -53  -75  )
( 178  -237  -220  )
( 189  230  -290  )
( -103  173  284  )
( 190  -297  -267  )
( 38  215  101  )
( 130  86  -234  )
( -140  172  205  )
( -166  182  127  )
( -187  21  -55  )
( -218  -295  214  )
( 250  98  -33  )
( 250  -180  -178  )
( 150  200  -188  )
( 6  185  -217  )
( 299  -179  188  )
( 148  -125  236  )
( 7  -162  152  )
( -155  281  -297  )
( -166  1  63  )
( -79  -10  -64  )
( -64  236  94  )
( -73  -236  253  )
( 0  -112  23  )
( -165  6  -3  )
( 250  -114  -134  )
( -98  -194  138  )
( -53  -190  215  )
( 298  52  -53  )
( -205  -194  -27  )
( 175  -155  119  )
( -104  -174  -263  )
( 171  -205  -118  )
( -138  -15  -189  )
( 42  267  -8  )
( -229  69  -20  )
( 130  -174  122  )
( 197  127  -65  )
( 283  229  -22  )
( -188  -165  -10  )
( -21  -177  -232  )
( -140  -160  -134  )
( 27  -24  106  )
( 38  16  89  )
( 202  263  -100  )
( -267  -185  210  )
( -173  175  170  )
( 91  33  62  )
( -220  154  155  )
( -295  115  297  )
( 82  115  264  )
( -236  16  134  )
( 179  -242  -105  )
( 115  50  -206  )
( -46  -17  134  )
( 116  -190  151  )
( -139  15  -196  )
( 13  232  70  )
( 246  -84  141  )
( 87  207  20  )
( 239  141  -286  )
( 262  -185  138  )
( 67  90  -281  )
( 159  -160  118  )
( -78  -241  189  )
( -241  -249  -272  )
( 173  243  -217  )
( 159  279  105  )
( 272  173  194  )
( -117  -30  -100  )
( -110  -40  -203  )
( 63  91  -119  )
( 67  227  -5  )
( 107  216  156  )
( 71  176  -275  )
( 269  -169  233  )
( 56  -276  -239  )
( 146  4  -135  )
( -256  -99  -231  )
( -159  -174  176  )
( 130  271  -230  )
( 293  22  -5  )
( 114  -208  214  )
( 167  163  -236  )
( 80  -184  -151  )
( -182  259  -269  )
( 181  -133  -11  )
( -44  254  -24  )
( 189  -137  -12  )
( -38  189  12  )
( 25  56  -273  )
( 103  250  151  )
( -272  -85  -91  )
( 49  -15  175  )
( 248  215  117  )
( -155  -206  170  )
( -11  56  169  )
( 82  57  116  )
( -185  -261  -216  )
( -73  227  -98  )
( 59  115  146  )
( 18  144  126  )
( -137  230  18  )
( 57  -160  -88  )
( 68  -269  184  )
( 4  -79  296  )
( 257  -177  -35  )
( -262  -273  -3  )
( -213  183  -104  )
( -283  -255  -31  )
( -262  201  54  )
( 50  -271  -101  )
( 117  142  154  )
( -18  50  -163  )
( -128  272  -85  )
( -248  -130  119  )
( 90  167  -159  )
( 107  -168  120  )
( -290  -245  134  )
( -268  98  -168  )
( 201  146  -131  )
( 212  -279  -170  )
( 203  -169  293  )
( -65  257  29  )
( 53  -267  -96  )
( 96  -161  297  )
( 235  55  278  )
( 225  51  156  )
( 125  -222  -237  )
( 191  288  -275  )
( 70  -74  -258  )
( -248  -61  -96  )
( 100  168  207  )
( -110  237  296  )
( 272  -262  141  )
( -272  -90  -273  )
( 268  252  -93  )
( -220  -218  154  )
( -2  -69  134  )
( -224  91  -258  )
( -50  175  151  )
( 202  52  275  )
( 222  -287  -199  )
( 17  -44  -236  )
( 198  -259  109  )
( -110  -236  90  )
( -70  131  -46  )
( 5  -188  -128  )
( 145  90  26  )
( 26  116  -20  )
( -222  -210  -240  )
( 159  -223  177  )
( 131  -183  -169  )
( 281  -255  -56  )
( -132  294  -15  )
( -276  -208  270  )
( -130  -26  64  )
( 152  -33  237  )
( 203  -174  32  )
( -249  7  196  )
( -14  215  188  )
( 169  85  143  )
( 236  100  -69  )
( 10  96  -190  )
( 198  -41  -44  )
( 58  96  -119  )
( -261  -136  -12  )
( 217  -142  107  )
( 146  -42  -30  )
( -3  78  210  )
( -233  -297  -79  )
( -232  31  -248  )
( 156  -192  -245  )
( 111  217  53  )
( -135  50  46  )
( 82  -292  151  )
( -251  -76  -291  )
( 41  42  -242  )
( -16  -274  -142  )
( -136  242  -238  )
( -202  32  -118  )
( -234  18  -14  )
( -226  209  -183  )
( 294  -234  -239  )
( 216  -121  70  )
( -120  201  -99  )
( 109  127  266  )
( 190  47  -124  )
( 58  26  123  )
( -275  -8  212  )
( -201  -206  -185  )
( -45  248  124  )
( 279  64  67  )
( 13  -44  -85  )
( -151  -30  -217  )
( -254  -203  221  )
( -215  -254  -39  )
( -145  -9  232  )
( 268  75  -123  )
( 135  104  129  )
( 204  -161  41  )
( 239  -190  24  )
( -65  6  152  )
( -1  101  105  )
( -134  -98  -30  )
( 238  8  299  )
( 263  102  103  )
( 154  283  218  )
( -194  144  271  )
( -10  -296  -202  )
( -34  -20  -132  )
( 181  -288  -129  )
( -257  115  -111  )
( 93  -96  119  )
( -1  104  -34  )
( -170  -168  201  )
( -198  -208  -212  )
( 94  112  232  )
( -180  -127  212  )
( 90  203  -55  )
( -136  36  -22  )
( -56  294  136  )
( -109  -171  24  )
( 296  -138  -227  )
( 285  117  229  )
( -27  -195  264  )
( -110  -213  -54  )
( -228  123  -172  )
( -179  -77  -270  )
( -102  132  -178  )
( 202  131  136  )
( 39  147  55  )
( 126  -182  -117  )
( 221  88  36  )
( -209  -241  -77  )
( -287  144  -298  )
( -84  105  65  )
( 179  266  140  )
( -146  296  -262  )
( 11  -132  179  )
( -251  2  5  )
( -101  -184  78  )
( 14  146  200  )
( -53  36  -10  )
( -28  -217  154  )
( -294  145  -91  )
( 113  -282  73  )
( 155  7  62  )
( -284  -36  -127  )
( -249  -230  255  )
( 35  27  180  )
( 183  -224  -15  )
( -57  2  -117  )
( 35  -131  74  )
( 0  -242  124  )
( 14  -126  -169  )
( -0  -84  -273  )
( 166  273  231  )
( -41  -130  -96  )
( 39  -227  108  )
( -43  -29  101  )
( -264  123  -262  )
( -252  247  68  )
( -203  221  -78  )
( -225  -259  -124  )
( -14  -201  -183  )
( -133  -243  50  )
( 175  272  136  )
( -291  -44  30  )
( 184  42  -13  )
( -244  47  -7  )
( 100  23  119  )
( -31  -162  150  )
( -129  151  157  )
( -155  -159  270  )
( 78  -88  -42  )
( 107  -153  73  )
( 169  206  -186  )
( -222  -24  -86  )
( -38  -266  244  )
( -230  -71  -243  )
( 171  88  145  )
( 249  -97  142  )
( -119  16  160  )
( -252  -151  218  )
( -157  130  55  )
( 184  -14  -43  )
( 41  42  92  )
( -48  -177  -72  )
( 210  90  -43  )
( 27  -141  -177  )
( 147  79  271  )
( -203  272  -86  )
( 284  -247  -87  )
( -22  -137  17  )
( 142  -291  -299  )
( -157  -51  -35  )
( -237  183  -99  )
( 78  -161  -172  )
( 41  -103  -198  )
( 10  250  188  )
( -136  10  78  )
( -105  -244  -212  )
( 81  174  -172  )
( 265  198  233  )
( 273  -98  151  )
( -17  -283  -39  )
( -12  -183  -59  )
( 115  218  151  )
( 43  140  87  )
( 179  -200  -123  )
( -240  284  -125  )
( 31  152  -292  )
( 236  99  -156  )
( -63  91  -151  )
( 97  -115  219  )
( -153  194  -86  )
( 26  -100  -257  )
( -37  17  1  )
( 97  -259  6  )
( 115  183  -28  )
( 10  65  113  )
( 147  153  187  )
( -14  -210  211  )
( 142  -235  192  )
( 245  -238  105  )
( -133  -56  -86  )
( -145  -125  248  )
( -12  -17  221  )
( 253  177  227  )
( 265  -217  264  )
( 104  114  258  )
( -167  -266  -52  )
( 196  240  120  )
( -134  23  32  )
( 131  -220  183  )
( 166  121  -144  )
( 47  -240  23  )
( 220  -148  -206  )
( -290  115  -29  )
( -26  -9  39  )
( -275  121  -261  )
( -26  233  68  )
( 183  -253  232  )
( 144  281  -295  )
( 257  136  -269  )
( 119  -215  -89  )
( 28  -54  68  )
( -119  256  -216  )
( 144  199  125  )
( -142  90  -153  )
( 149  -139  -212  )
( 245  200  292  )
( 146  42  -242  )
( 57  -32  286  )
( -11  -15  192  )
( -297  -115  -134  )
( 20  -67  -253  )
( 232  -131  122  )
( -122  100  -227  )
( 219  -282  126  )
( -174  167  0  )
( -273  -230  -289  )
( -1  -216  144  )
( 49  146  79  )
( 47  -108  -36  )
( -193  -116  -191  )
( -219  232  -191  )
( 58  269  -107  )
( -94  233  -268  )
( 284  -53  285  )
( 242  -97  -246  )
( -75  -242  124  )
( -86  -220  -136  )
( 81  283  267  )
( 69  243  220  )
( -193  -82  47  )
( -17  139  -146  )
( 181  -156  73  )
( 59  -93  92  )
( 14  194  -220  )
( 91  214  -268  )
( 5  -34  131  )
( 112  -181  -295  )
( 255  -51  -63  )
( 46  -66  -81  )
( 37  -126  146  )
( -1  -74  132  )
( -249  30  -241  )
( 262  -239  80  )
( 275  68  -122  )
( 144  -57  299  )
( -90  255  -194  )
( 218  16  -284  )
( -193  -162  -186  )
( 180  -89  -221  )
( 149  15  161  )
( -207  112  -212  )
( 53  -10  245  )
( 57  -32  -233  )
( -67  81  80  )
( -91  -294  179  )
( 296  44  -59  )
( -121  52  125  )
( -160  -271  -0  )
( 40  -132  -13  )
( 112  13  -279  )
( -83  98  -105  )
( -232  -254  -76  )
( -73  -76  40  )
( 152  157  -194  )
( -195  -105  -278  )
( -123  113  -204  )
( -20  -73  140  )
( -114  106  -80  )
( -144  -15  -268  )
( -158  -126  -84  )
( -248  -183  224  )
( 279  214  273  )
( 31  -253  275  )
( 114  -151  187  )
( 61  -276  -253  )
( -235  238  157  )
( 191  -235  237  )
( -106  179  199  )
( -248  -65  81  )
( 181  -60  24  )
( -176  55  -1  )
( -16  -51  37  )
( -243  196  282  )
( 138  -130  47  )
( -152  -49  221  )
( 103  -273  -176  )
( 190  264  214  )
( -36  -260  195  )
( 30  -56  -93  )
( -256  291  33  )
( -282  -285  214  )
( 101  264  284  )
( 246  -201  -68  )
( 108  144  -61  )
( -167  -110  -232  )
( -296  29  216  )
( 17  14  200  )
( -256  275  -293  )
( 259  84  -74  )
( -92  -229  -169  )
( 191  222  -199  )
( 16  -87  274  )
( -85  236  -43  )
( 289  -271  192  )
( -102  -251  -57  )
( -124  183  -249  )
( 257  160  175  )
( 205  61  135  )
( 291  126  -15  )
( -86  -133  -250  )
( 101  -243  263  )
( -196  -281  208  )
( 144  31  61  )
( 257  18  269  )
( -61  38  -195  )
( -51  -151  -39  )
( 281  -69  170  )
( 124  95  148  )
( -259  -228  -106  )
( 199  111  -247  )
( 279  224  -100  )
( -297  123  39  )
( 170  -286  -45  )
( 38  -282  -70  )
( 195  166  -298  )
( -57  -89  -278  )
( -288  -27  -17  )
( 88  208  75  )
( 181  -1  -85  )
( 122  206  -69  )
( -109  -283  5  )
( 239  -206  277  )
( -105  -21  291  )
( 107  97  -249  )
( -111  146  60  )
( 44  -187  159  )
( 7  -243  31  )
( 252  101  109  )
( 259  16  113  )
( -1  202  -59  )
( -274  -203  98  )
( 153  -127  10  )
( 71  -174  119  )
( 267  258  62  )
( -57  -251  138  )
( -235  266  113  )
( 203  -242  -233  )
( 220  -35  -128  )
( 222  -115  286  )
( 109  -98  -16  )
( 26  -195  -64  )
( 30  114  -205  )
( 244  88  224  )
( -131  -191  -119  )
( -171  53  151  )
( 227  -169  -31  )
( 126  238  200  )
( 150  115  -30  )
( -238  103  -51  )
( 176  -118  199  )
( 170  130  -96  )
( -223  254  -158  )
( 299  70  -143  )
( -15  -157  -11  )
( 139  -6  -189  )
( 114  -19  -255  )
( -99  -55  19  )
( -107  -268  -60  )
( 219  -139  -209  )
( 226  169  -18  )
( 232  -287  166  )
( 121  -10  -100  )
( 124  203  184  )
( -121  -109  -149  )
( -220  -154  -49  )
( 50  -195  75  )
( 48  -147  -206  )
( 91  -206  219  )
( 26  53  -46  )
( -214  -199  -252  )
( 237  109  -211  )
( -63  242  -45  )
( 231  270  -214  )
( 70  -49  -272  )
( 112  265  -163  )
( 111  172  -7  )
( 81  224  88  )
( -63  -165  125  )
( -158  147  64  )
( 111  -167  215  )
( 139  -231  -130  )
( -120  183  65  )
( 190  -44  225  )
( -223  240  31  )
( 169  95  176  )
( -32  -79  156  )
( -279  -217  178  )
( -138  82  -46  )
( 128  -295  -105  )
( 206  -198  -217  )
( -270  89  -252  )
( -9  -117  -249  )
( 138  -77  -60  )
( -219  -187  106  )
( -55  238  -16  )
( 215  -145  -153  )
( -170  -298  27  )
( -173  -219  -11  )
( 267  -194  -56  )
( -237  183  68  )
( -181  -4  298  )
( -270  -155  -71  )
( -59  -160  -102  )
( 147  181  67  )
( -260  178  -174  )
( 297  -21  -107  )
( 91  148  -217  )
( 48  89  122  )
( -121  276  86  )
( 112  -156  131  )
( 267  -157  -203  )
( -106  -247  -192  )
( -126  -293  236  )
( 3  -24  40  )
( -173  16  212  )
( 149  18  -47  )
( -199  -148  -86  )
( 13  -252  282  )
( -200  -98  191  )
( -236  41  -289  )
( -187  -11  -251  )
( -281  167  77  )
( -107  67  296  )
( -13  -85  -56  )
( -26  152  -84  )
( 204  -198  -184  )
( 64  101  53  )
( 86  -138  -256  )
( -192  -150  -127  )
( -175  -1  70  )
( -37  99  -52  )
( 24  160  86  )
( 291  -150  -275  )
( -292  57  -156  )
( -63  111  -198  )
( 178  -3  104  )
( 253  -257  177  )
( -120  -214  95  )
( -164  144  237  )
( 96  -177  257  )
( 111  283  -58  )
( -165  -90  -40  )
( -37  273  18  )
( -266  -1  -245  )
( 123  180  173  )
( -187  -20  -136  )
( 42  16  -205  )
( 149  52  241  )
( 184  73  -122  )
( -2  -116  153  )
( -10  267  -99  )
( 253  290  -123  )
( -298  -54  -73  )
( -206  -282  -32  )
( -216  147  297  )
( 178  138  102  )
( -102  -283  -186  )
( 265  -59  86  )
( -218  -66  -196  )
( 171  -172  14  )
( -219  -247  -278  )
( -53  -80  -59  )
( -104  -186  174  )
( -201  138  -267  )
( -180  -72  30  )
( -149  -73  274  )
( 152  -124  -275  )
( 90  137  -150  )
( -38  174  -36  )
( -37  169  93  )
( 68  43  -39  )
( 73  110  106  )
( -167  -209  -298  )
( -217  -109  -225  )
( 84  224  110  )
( 130  -199  -266  )
( 69  -107  218  )
( 185  166  195  )
( -176  -35  100  )
( 238  77  -125  )
( 10  210  -167  )
( -24  -140  -203  )
( 263  -223  -215  )
( -113  181  -72  )
( -2  -235  -285  )
( 14  82  -299  )
( 176  -260  -137  )
( 190  -159  222  )
( -190  -161  -99  )
( 295  -20  -214  )
( -0  -40  242  )
( -254  -264  297  )
( 55  -267  -249  )
( -286  219  -29  )
( 229  -111  -236  )
( -150  58  -260  )
( -96  -266  -69  )
( 55  -245  -64  )
( -158  217  -166  )
( 2  285  -11  )
( -28  267  31  )
( -213  132  179  )
( -267  -98  -223  )
( -255  154  -179  )
( -42  -264  10  )
( -59  220  -41  )
( 279  97  -194  )
( 100  206  -131  )
( -75  -24  -298  )
( -180  -84  113  )
( 108  215  262  )
( 31  -192  -268  )
( 63  -236  28  )
( -105  264  239  )
( 148  -17  270  )
( 40  103  116  )
( 225  -178  126  )
( -56  232  196  )
( 290  211  266  )
( 0  207  7  )
( -219  53  239  )
( 86  41  -169  )
( -227  -21  87  )
( -104  165  -237  )
( -197  267  287  )
( -90  91  30  )
( -256  41  -50  )
( -216  -28  -16  )
( 121  1  -102  )
( -114  -246  -292  )
( 260  73  299  )
( -122  11  -42  )
( -57  -59  25  )
( 160  47  -276  )
( 277  -233  158  )
( 170  -101  -29  )
( 107  216  60  )
( 3  -86  -230  )
( -232  -98  56  )
( -90  -132  -150  )
( 99  -92  142  )
( -9  -220  -197  )
( 203  -272  227  )
( 284  159  180  )
( 224  5  286  )
( -167  -172  -114  )
( -193  -141  -201  )
( 232  177  -258  )
( 93  297  -177  )
( -149  -140  296  )
( -148  -282  -170  )
( 105  203  217  )
( 169  167  98  )
( -190  -170  -186  )
( -151  156  263  )
( 20  -81  110  )
( 2  90  -119  )
( -6  -166  -85  )
( 294  121  -216  )
( 213  232  -24  )
( -131  -191  -201  )
( 187  91  -43  )
( 29  136  80  )
( 138  287  -127  )
( 137  296  -237  )
( 138  -172  230  )
( -109  -214  -211  )
( 296  5  -75  )
( 100  -225  0  )
( 69  28  107  )
( -299  166  -19  )
( -293  -172  -72  )
( 42  -230  97  )
( -76  39  -203  )
( 271  -117  -251  )
( -212  37  -231  )
( -130  -242  66  )
( -165  -162  -231  )
( 81  -1  122  )
( 159  177  -78  )
( 110  -290  220  )
( 239  6  -266  )
( -66  293  -96  )
( 268  -72  262  )
( -216  68  -74  )
( 13  -77  155  )
( 218  -90  11  )
( -94  239  -111  )
( 26  -56  72  )
( -19  -169  -211  )
( 244  -90  -140  )
( -295  139  110  )
( 178  -265  -295  )
( 50  12  180  )
( 253  -218  185  )
( -120  39  -133  )
( 101  147  103  )
( 175  -20  -93  )
( -186  -49  175  )
( -199  -71  150  )
( -179  255  276  )
( 29  -74  -254  )
( -134  199  82  )
( -245  -231  -85  )
( 191  0  48  )
( -10  224  -203  )
( 247  185  59  )
( 183  29  -107  )
( -273  235  53  )
