( 269  -123  -290  )
( -151  -138  115  )
( 289  57  146  )
( -37  262  257  )
( -239  137  26  )
( 162  165  190  )
( 229  -134  141  )
( -18  -194  59  )
( -143  -174  134  )
( 168  113  -135  )
( 219  43  290  )
( 236  -113  -186  )
( -113  181  -178  )
( 28  153  227  )
( 286  -33  -247  )
( 189  -289  -254  )
( 96  -211  -54  )
( -165  271  73  )
( -119  -277  -192  )
( 95  277  -149  )
( -251  29  290  )
( -152  217  -201  )
( 206  -209  73  )
( 253  56  82  )
( -45  -291  20  )
( 172  -199  255  )
( 239  -204  -20  )
( 208  75  38  )
( -209  83  197  )
( -137  -207  130  )
( 217  228  -178  )
( 245  -31  -210  )
( -58  -131  70  )
( 271  88  80  )
( -110  -46  -90  )
( 171  -220  -76  )
( -8  138  -200  )
( -298  -67  124  )
( -163  -171  -116  )
( 69  -77  -45  )
( -94  -139  -174  )
( 123  -30  -21  )
( 110  38  -286  )
( -295  -26  206  )
( -173  -240  -283  )
( 235  -154  216  )
( 235  -170  -145  )
( -133  192  -116  )
( 81  -197  42  )
( 122  265  215  )
( 279  -125  58  )
( 222  -297  126  )
( -227  44  185  )
( 182  -209  -5  )
( 165  185  -266  )
( -30  17  -168  )
( -212  139  -12  )
( 62  113  169  )
( -82  159  299  )
( -260  -62  56  )
( 104  187  -181  )
( -84  -12  284  )
( -209  -219  -199  )
( 199  -60  -10  )
( 147  -246  -106  )
( -18  -168  8  )
( -191  -277  -214  )
( 68  26  287  )
( -6  -149  -265  )
( 237  278  -92  )
( 155  133  211  )
( 32  -9  167  )
( 162  -67  194  )
( -232  181  267  )
( -256  39  -279  )
( -43  -216  204  )
( 234  -99  -90  )
( -184  -101  -262  )
( 30  279  -209  )
( 210  104  8  )
( 21  -276  42  )
( 112  82  -238  )
( 28  139  246  )
( -270  -102  134  )
( -176  -4  175  )
( -8  240  -219  )
( -146  52  -177  )
( -187  108  89  )
( 160  -175  213  )
( -33  -103  -147  )
( -271  -35  146  )
( -111  295  -259  )
( -218  -119  -221  )
( 110  163  -25  )
( 268  -73  210  )
( 256  -154  -160  )
( -33  -53  -241  )
( 83  -120  -179  )
( -115  221  163  )
( 116  54  223  )
( -241  33  182  )
( 88  -271  222  )
( 121  -55  -282  )
( -222  105  286  )
( -7  -17  49  )
( -65  75  -124  )
( 50  216  -205  )
( 112  216  -248  )
( -124  214  -216  )
( 193  206  32  )
( -116  -80  53  )
( -293  -262  187  )
( -9  -89  -57  )
( -146  -91  97  )
( -265  -23  248  )
( 182  56  138  )
( 107  251  88  )
( 180  -25  -272  )
( 122  237  93  )
( -22  -111  -264  )
( 152  257  -161  )
( -27  224  156  )
( -116  98  -123  )
( 259  -286  -87  )
( -71  -144  -90  )
( 55  294  -159  )
( -288  -167  291  )
( 253  210  -10  )
( 276  9  72  )
( 211  -198  -177  )
( 147  3  -260  )
( 211  210  142  )
( -195  -123  235  )
( -49  253  4  )
( -46  294  72  )
( 198  173  167  )
( -125  -248  296  )
( 149  -118  -122  )
( 73  154  -31  )
( 63  108  273  )
( -257  -260  185  )
( 31  187  204  )
( -72  -55  94  )
( 211  8  71  )
( 1  195  264  )
( -119  101  -149  )
( -85  -218  44  )
( -115  -248  -108  )
( 262  -50  111  )
( 289  -297  -162  )
( 162  -27  67  )
( -246  -149  -186  )
( -13  151  206  )
( -149  239  74  )
( 104  261  216  )
( 146  0  -17  )
( -6  143  -125  )
( 169  -13  228  )
( 51  -113  -170  )
( 213  100  -98  )
( 297  284  121  )
( 225  -178  169  )
( -208  -98  200  )
( -250  -257  197  )
( 282  -53  -206  )
( 239  227  206  )
( 100  68  27  )
( -235  29  -210  )
( 233  -201  48  )
( -280  -163  -223  )
( 165  -140  -101  )
( 119  299  -212  )
( 55  56  -5  )
( 50  -27  2  )
( 99  -109  86  )
( -121  103  -30  )
( 69  1  56  )
( -59  -269  26  )
( -65  -21  -74  )
( 160  -293  -164  )
( 17  170  246  )
( -131  85  -210  )
( 6  -236  -298  )
( -135  168  -20  )
( 43  -8  266  )
( -167  -111  16  )
( 31  -133  -113  )
( -253  90  110  )
( 254  233  -80  )
( -68  -264  -163  )
( 104  220  -295  )
( 40  238  46  )
( -139  177  -213  )
( -6  -113  -225  )
( -32  -91  -165  )
( 7  -212  243  )
( 190  -254  -73  )
( -141  -69  121  )
( -44  -245  -290  )
( 238  -200  42  )
( -228  92  270  )
( -99  186  -188  )
( 66  180  -194  )
( -224  -166  203  )
( 113  198  256  )
( 241  203  142  )
( -154  46  -151  )
( -196  -105  20  )
( 145  -232  -156  )
( 233  45  269  )
( 27  166  -291  )
( 11  -265  34  )
( 2  85  209  )
( 28  -223  82  )
( 144  59  -75  )
( -267  270  112  )
( -96  -36  -227  )
( -131  77  -128  )
( -237  116  -43  )
( 288  106  -256  )
( -33  -28  78  )
( 1  -4  -25  )
( 14  275  161  )
( 24  22  71  )
( 32  -59  -36  )
( 66  -104  188  )
( 135  -97  -210  )
( -30  275  3  )
( 113  40  -122  )
( 67  -119  123  )
( -205  -66  -19  )
( -49  30  0  )
( -124  182  -75  )
( -11  -123  255  )
( 180  -64  18  )
( 136  2  -269  )
( 61  132  -259  )
( 204  -16  -269  )
( 33  82  -100  )
( -277  -104  53  )
( -143  284  -149  )
( 11  273  119  )
( 24  -69  192  )
( -254  210  244  )
( 106  -173  -241  )
( -236  -287  137  )
( 197  215  -267  )
( 251  210  48  )
( -286  -130  41  )
( -19  -52  276  )
( -249  -60  -185  )
( 220  -224  33  )
( -258  170  -240  )
( -173  129  -8  )
( 81  -84  -210  )
( 8  272  -161  )
( 257  275  -155  )
( -174  -75  249  )
( 218  55  8  )
( 275  -169  105  )
( -265  220  254  )
( 54  -248  -19  )
( 201  55  224  )
( -215  118  60  )
( 208  297  -207  )
( -188  -131  -176  )
( -187  175  115  )
( -286  -200  -299  )
( -47  188  143  )
( 97  -76  296  )
( 109  -204  243  )
( -16  -6  169  )
( -105  244  52  )
( -262  -88  -169  )
( 215  -64  -35  )
( 110  159  -298  )
( -144  -162  122  )
( 86  -154  143  )
( 106  -147  -34  )
( -18  205  41  )
( 81  -3  -120  )
( -227  211  -165  )
( 201  299  -47  )
( 91  4  -96  )
( 30  -290  41  )
( 291  3  -91  )
( 202  134  19  )
( -172  103  -14  )
( 200  -268  -106  )
( -146  -79  186  )
( 96  3  124  )
( -175  -267  -39  )
( -244  4  -281  )
( -41  -279  230  )
( -30  150  191  )
( 257  -150  208  )
( -88  -295  -294  )
( -180  42  137  )
( -1  -120  -101  )
( 64  93  49  )
( -232  230  34  )
( 263  293  -113  )
( -58  279  -71  )
( -108  235  -0  )
( 241  -89  -49  )
( 125  10  -137  )
( -111  -137  -245  )
( -217  128  162  )
( -77  -203  -283  )
( -33  94  19  )
( 66  232  236  )
( 238  255  48  )
( -33  -148  152  )
( -83  109  -207  )
( 297  -248  -132  )
( 29  184  205  )
( -219  138  123  )
( -198  -161  -0  )
( 234  132  181  )
( 15  137  172  )
( 243  256  -93  )
( -268  283  34  )
( -142  229  240  )
( -207  -276  48  )
( -28  76  222  )
( 26  -28  -192  )
( -284  88  -222  )
( 38  -58  -227  )
( 36  262  -199  )
( 60  3  260  )
( 95  280  246  )
( -126  28  32  )
( -104  187  161  )
( 252  -93  -80  )
( -281  -29  104  )
( 216  80  7  )
( 207  -290  -257  )
( 196  185  91  )
( -284  77  -31  )
( -65  -60  81  )
( 256  -32  -245  )
( 204  81  -238  )
( 99  69  -84  )
( -50  83  -281  )
( -135  166  -8  )
( 59  214  174  )
( 35  220  154  )
( -90  -126  28  )
( 108  171  21  )
( -231  174  218  )
( -296  -235  -155  )
( -112  -116  -132  )
( 174  -93  185  )
( 293  -79  -119  )
( -166  279  -191  )
( 185  211  -95  )
( -273  153  279  )
( 190  67  -268  )
( -134  223  32  )
( 79  -68  -113  )
( 103  -47  64  )
( 9  -254  178  )
( -47  162  154  )
( 136  58  270  )
( -8  25  -154  )
( -29  39  -60  )
( 87  -63  -287  )
( -200  -161  1  )
( 76  -182  -134  )
( -161  129  -269  )
( -231  -251  135  )
( -98  -57  293  )
( 96  -7  136  )
( -16  217  275  )
( 196  -80  203  )
( 281  -255  7  )
( 28  38  105  )
( 25  -61  -297  )
( 140  183  -151  )
( -122  244  -89  )
( 123  -94  -260  )
( -193  222  19  )
( -63  -224  -287  )
( -1  -24  145  )
( 1  -199  282  )
( 223  -74  -222  )
( 132  -56  233  )
( -232  -272  -12  )
( 35  87  -135  )
( 279  252  203  )
( 64  231  -147  )
( -174  148  285  )
( 40  -149  -71  )
( 161  252  -245  )
( 172  181  -233  )
( 108  31  69  )
( -112  11  -124  )
( -97  -39  -129  )
( 53  271  -180  )
( 79  -135  123  )
( 91  -168  -88  )
( -279  218  119  )
( -171  -262  18  )
( -208  -192  294  )
( -42  179  205  )
( 85  33  186  )
( 44  219  116  )
( -161  4  -135  )
( 158  55  98  )
( 269  140  -164  )
( 248  -128  -272  )
( 248  -268  46  )
( -1  161  201  )
( 59  -126  81  )
( 110  274  -254  )
( 41  141  -190  )
( 210  -167  -283  )
( 85  175  -102  )
( 16  38  277  )
( -120  221  -111  )
( -298  -267  80  )
( -45  9  44  )
( -85  -147  46  )
( -78  123  258  )
( 296  -216  -108  )
( 282  197  -73  )
( -224  180  -2  )
( -117  -136  -34  )
( -91  4  196  )
( 81  -223  208  )
( -127  283  79  )
( 236  -140  168  )
( -195  244  -130  )
( 17  -5  -123  )
( 245  -247  3  )
( 171  216  -163  )
( 169  -42  77  )
( 42  -296  14  )
( 283  -105  -117  )
( 12  14  -82  )
( -168  -207  -293  )
( 79  -178  224  )
( 16  -10  -69  )
( -195  298  -87  )
( -53  291  -139  )
( -188  -201  -183  )
( 209  12  -295  )
( 65  -58  -255  )
( -145  -113  257  )
( 269  110  140  )
( -19  64  -21  )
( -267  72  -104  )
( 15  298  -82  )
( 249  293  -39  )
( -176  -120  136  )
( 72  -85  -125  )
( -225  -73  274  )
( -198  20  246  )
( -155  171  -278  )
( 238  33  -208  )
( 258  -214  -220  )
( -146  -38  -248  )
( -282  -91  149  )
( -24  -279  43  )
( 273  261  -276  )
( 69  199  -254  )
( -158  102  126  )
( 42  290  221  )
( 60  -34  -236  )
( -131  169  -216  )
( 109  101  -239  )
( -261  246  179  )
( -226  113  -227  )
( -145  -5  -45  )
( -117  144  272  )
( 49  -131  -294  )
( -133  -260  99  )
( -247  13  282  )
( 292  232  -6  )
( -1  -208  255  )
( -171  -257  4  )
( 152  -115  -246  )
( 117  45  -258  )
( -249  -214  -280  )
( -147  -219  105  )
( 232  -13  -44  )
( 196  107  -220  )
( -126  68  296  )
( -175  57  -202  )
( 250  -188  8  )
( 199  157  75  )
( -271  -244  -158  )
( -231  -141  84  )
( 208  -35  256  )
( -99  1  -108  )
( 269  146  -41  )
( -255  192  268  )
( -48  -251  161  )
( -227  246  98  )
( -248  201  155  )
( 37  289  138  )
( -214  -266  -57  )
( 209  298  -202  )
( -105  -182  -202  )
( 11  -114  -232  )
( -235  -217  -265  )
( 248  111  131  )
( 181  -206  -254  )
( -102  209  290  )
( -209  136  -258  )
( -39  280  -169  )
( 17  -188  225  )
( 232  10  154  )
( 22  13  210  )
( 159  152  10  )
( 264  -72  28  )
( 132  220  -14  )
( -132  73  -70  )
( -227  -161  34  )
( 122  -136  -209  )
( -189  42  -0  )
( -155  -13  -260  )
( 275  92  -232  )
( -69  71  145  )
( -248  -78  -259  )
( -10  -220  -145  )
( 183  18  44  )
( -192  16  170  )
( -298  -59  -275  )
( -278  -61  -43  )
( -174  76  263  )
( 139  165  172  )
( -264  -122  47  )
( 285  199  58  )
( 120  -73  137  )
( 17  -81  225  )
( -156  -124  -169  )
( 254  -74  80  )
( -30  280  14  )
( 225  -238  -80  )
( -62  -70  -85  )
( 253  -154  61  )
( 286  199  -237  )
( -166  79  78  )
( 178  -225  -256  )
( 91  267  162  )
( 283  -287  251  )
( 280  -288  64  )
( 283  -201  274  )
( 141  -261  -171  )
( -246  270  -58  )
( -42  -52  -232  )
( 179  -82  47  )
( -248  -136  -298  )
( 264  -53  138  )
( 112  208  72  )
( 200  204  -119  )
( -239  296  -62  )
( 44  188  280  )
( -170  35  8  )
( -263  -281  -175  )
( 238  115  118  )
( 253  -7  48  )
( -70  187  -19  )
( 295  -154  -162  )
( 205  -175  198  )
( 273  -152  -207  )
( 77  55  296  )
( 28  -37  116  )
( 174  -294  144  )
( 195  -40  -185  )
( -66  -26  29  )
( 118  -73  -284  )
( 171  94  -201  )
( -112  -145  -207  )
( -45  159  156  )
( 72  -34  -24  )
( 123  140  -127  )
( -278  -191  16  )
( 50  -96  -12  )
( -193  57  -115  )
( 233  -174  218  )
( 145  -168  187  )
( 6  8  -58  )
( -61  125  -179  )
( 215  266  -143  )
( 252  275  10  )
( 141  83  -66  )
( -160  184  270  )
( -170  254  35  )
( -296  -37  -147  )
( -53  138  -68  )
( -145  -206  -254  )
( -153  191  18  )
( 201  90  51  )
( 155  -233  -258  )
( -71  188  -293  )
( -231  -145  57  )
( -249  269  263  )
( 272  -31  132  )
( -254  -190  -65  )
( 60  -203  270  )
( -41  230  -201  )
( -47  -260  -179  )
( 208  38  -138  )
( 244  -12  129  )
( -229  -197  77  )
( -154  215  25  )
( 194  283  -29  )
( -95  -56  187  )
( -105  155  14  )
( 106  88  -214  )
( -66  144  171  )
( -89  -239  -201  )
( -30  292  -210  )
( -156  65  -211  )
( -24  290  -140  )
( 78  -288  252  )
( -55  -74  -236  )
( 297  -285  -214  )
( -250  213  134  )
( -134  -257  53  )
( 249  70  -275  )
( -225  -161  77  )
( -105  -215  72  )
( -250  182  -46  )
( 83  44  -118  )
( -21  37  5  )
( 56  -255  -3  )
( -34  217  -137  )
( -8  -2  -220  )
( 198  259  71  )
( -28  -73  -180  )
( -79  292  299  )
( -191  256  -106  )
( -250  -90  105  )
( -143  -157  -171  )
( 98  -33  27  )
( 92  240  -46  )
( -28  -66  156  )
( -86  -258  152  )
( -288  -109  10  )
( 55  290  -18  )
( 64  240  96  )
( 216  214  207  )
( 189  170  208  )
( 0  -39  -96  )
( -73  224  -89  )
( 265  282  -10  )
( 64  212  89  )
( 188  274  126  )
( -176  -30  229  )
( -123  240  -234  )
( 177  -154  -231  )
( -57  -151  259  )
( 87  201  -173  )
( 161  73  -207  )
( 72  15  111  )
( 31  -290  138  )
( 11  205  -191  )
( -128  180  181  )
( 283  -95  -167  )
( -143  -16  -256  )
( -77  238  53  )
( 211  149  -271  )
( 91  -34  135  )
( 144  230  86  )
( -119  280  -241  )
( 140  -219  162  )
( -171  132  -19  )
( -251  78  -62  )
( 68  46  159  )
( -191  43  60  )
( 68  23  83  )
( -56  282  13  )
( 274  159  213  )
( -225  -146  0  )
( 118  251  -134  )
( 254  -40  42  )
( 183  -25  -142  )
( 68  29  -1  )
( -67  -163  -274  )
( 273  82  56  )
( -102  150  -267  )
( -9  270  235  )
( -189  37  91  )
( 211  232  216  )
( 228  205  128  )
( 297  -283  262  )
( -184  298  40  )
( -134  -96  55  )
( 108  44  158  )
( -201  -116  91  )
( -104  141  -41  )
( -167  -220  123  )
( -282  111  98  )
( -208  54  215  )
( -210  -273  63  )
( 21  171  -259  )
( -272  -173  -254  )
( -66  258  157  )
( -105  26  94  )
( 153  148  267  )
( 284  141  -108  )
( 236  225  3  )
( 225  43  -155  )
( -93  152  236  )
( 101  -2  229  )
( -61  -259  -208  )
( -64  -271  -237  )
( -153  296  -195  )
( 266  -124  183  )
( 292  -227  -165  )
( -18  -105  144  )
( -250  -112  297  )
( 23  -42  -135  )
( 45  248  276  )
( -208  72  -191  )
( -241  250  220  )
( 248  -269  293  )
( 156  38  126  )
( -165  -42  214  )
( -139  -179  -233  )
( -103  -13  149  )
( -213  129  -236  )
( 99  -119  -228  )
( 155  -275  241  )
( -122  -137  -46  )
( 48  125  -45  )
( 51  -262  -108  )
( 156  -283  231  )
( -217  -1  -153  )
( -9  236  -90  )
( -67  271  134  )
( 37  -295  -121  )
( 53  23  238  )
( -40  -22  286  )
( -87  -229  21  )
( -31  -167  -68  )
( -296  -14  267  )
( -37  27  -262  )
( -289  -294  243  )
( -144  109  123  )
( -102  -15  -207  )
( -242  296  55  )
( -36  152  85  )
( 221  191  -18  )
( -208  63  152  )
( -266  -237  174  )
( 152  214  190  )
( -207  -265  134  )
( 31  -136  179  )
( -261  -226  -278  )
( 105  59  14  )
( 5  -190  -42  )
( -158  281  19  )
( 25  88  -29  )
( 77  161  -96  )
( 297  -36  -14  )
( -145  179  92  )
( -20  95  205  )
( -83  -5  96  )
( -27  -294  259  )
( 63  -0  109  )
( 161  -68  -274  )
( -208  -214  76  )
( 211  -130  247  )
( -35  -51  95  )
( -251  250  -124  )
( -297  130  -261  )
( -57  -297  -149  )
( 188  -98  -195  )
( -289  -240  -286  )
( 224  -175  -3  )
( 9  -120  252  )
( -244  283  -121  )
( -42  -234  -208  )
( 285  -35  -206  )
( -112  101  -246  )
( -231  -236  281  )
( -40  -262  45  )
( 8  -259  -163  )
( 165  118  -201  )
( 69  85  -216  )
( -5  225  77  )
( 163  179  -267  )
( 285  -263  -61  )
( -177  -89  246  )
( 292  -109  107  )
( -26  140  178  )
( -186  56  -19  )
( 158  -290  -115  )
( -75  -13  -166  )
( -8  -154  142  )
( 260  -74  -12  )
( 78  -119  159  )
( 289  197  -146  )
( -162  174  36  )
( 146  248  140  )
( 249  15  -125  )
( 16  30  -284  )
( -168  -104  231  )
( -261  -219  -140  )
( -201  -148  108  )
( 272  -264  196  )
( -82  -130  -271  )
( 134  200  -284  )
( -191  -255  -249  )
( -211  133  -244  )
( -225  49  51  )
( 294  78  -269  )
( -1  -73  -282  )
( 262  -286  133  )
( -297  -269  -207  )
( 299  -286  -100  )
( -82  -118  -147  )
( -275  239  -49  )
( -217  74  -104  )
( -48  -52  193  )
( 281  277  -11  )
( -43  -1  277  )
( -155  84  -27  )
( 276  12  124  )
( -89  -213  -9  )
( -184  -234  -218  )
( -184  114  -7  )
( -158  227  -125  )
( 188  281  -94  )
( 119  -199  -130  )
( -288  -68  43  )
( -149  225  291  )
( -38  1  -184  )
( -183  -234  88  )
( -84  -118  243  )
( 251  -239  109  )
( 61  189  95  )
( -291  -98  -186  )
( -100  -172  -123  )
( -168  -186  -126  )
( 174  11  93  )
( 194  132  151  )
( -76  -56  187  )
( -65  -222  -216  )
( -281  77  -130  )
( -141  -75  -169  )
( -57  -146  277  )
( -249  174  156  )
( 159  156  -236  )
( 279  30  -150  )
( -188  -108  116  )
( -169  -60  152  )
( -35  27  -175  )
( -6  52  -171  )
( 230  244  157  )
( -192  52  82  )
( -225  -142  25  )
( 8  235  272  )
( -272  112  201  )
( 268  181  176  )
( -18  -70  167  )
( -124  -117  13  )
( 26  37  8  )
( -189  -156  -237  )
( 92  139  -104  )
( 134  -177  57  )
( 212  4  -100  )
( -268  -188  -12  )
( -218  261  -151  )
( 151  18  -74  )
( -9  -264  -93  )
( -278  -22  158  )
( -28  296  -189  )
( 173  -40  126  )
( 221  -102  -115  )
( 253  -60  290  )
( 275  -223  98  )
( -279  -190  -131  )
( -126  -137  226  )
( 190  -106  188  )
( 253  164  -163  )
( -31  -136  -260  )
( 53  -174  -285  )
( -232  66  191  )
( 2  5  43  )
( 279  -237  -137  )
( -77  46  -113  )
( 292  230  192  )
( -281  -162  67  )
( 73  -286  -134  )
( 247  214  -227  )
( 281  69  200  )
( 162  -184  -14  )
( -107  193  103  )
( -181  37  171  )
( 294  180  -96  )
( -5  13  118  )
( -246  -43  -262  )
( -23  -56  -109  )
( -27  183  138  )
( -218  271  -283  )
( -245  -163  -278  )
( 176  207  139  )
( 226  138  194  )
( 191  149  223  )
( -88  217  -156  )
( -111  -32  -127  )
( 11  286  36  )
( -212  213  199  )
( -129  -40  -26  )
( -172  186  -16  )
( 78  252  -185  )
( 181  98  -83  )
( -210  -111  -193  )
( 133  94  -76  )
( -162  72  -6  )
( -251  31  -205  )
( -272  -167  257  )
( 270  29  -17  )
( 149  165  -9  )
( 27  -45  138  )
( 269  204  3  )
( -126  -109  254  )
( -244  -80  285  )
( 200  -25  -252  )
( -237  -17  -27  )
( -152  59  -49  )
( 137  -151  -269  )
( 235  206  296  )
( 270  213  217  )
( 251  -163  -120  )
( -127  -230  -112  )
( 187  64  82  )
( -173  235  -83  )
( 13  -281  -34  )
( -278  -281  242  )
( -194  -127  175  )
( 231  -15  281  )
( -184  -72  29  )
( 276  -17  135  )
( -14  219  189  )
( 61  15  -17  )
( 254  -202  117  )
( 119  269  -90  )
( -20  53  287  )
( -128  81  149  )
( -54  -37  273  )
( 58  -274  171  )
( 2  -247  193  )
( 232  128  -13  )
( -214  119  -227  )
( -36  -189  268  )
( -243  -56  -72  )
( -54  -116  166  )
( 225  -198  -58  )
( -225  -180  -31  )
( 258  250  -19  )
( 143  -274  297  )
( -102  -25  -266  )
( 169  -11  -21  )
( -210  163  -220  )
( -185  -114  -275  )
( -94  62  161  )
( -287  139  12  )
( 125  33  123  )
( -265  -144  46  )
( -274  -200  297  )
( -166  -270  -206  )
( 278  20  -145  )
( 277  -64  -59  )
( 291  159  -218  )
( -60  -15  45  )
( 83  55  211  )
( -48  59  110  )
( 183  -121  254  )
( -152  -130  171  )
( -230  297  132  )
( 216  -66  172  )
( -113  -182  80  )
( -242  -160  -177  )
( -203  139  16  )
( 109  123  -150  )
( 287  -31  -94  )
( 130  -233  -258  )
( -147  -211  -253  )
( 15  111  -188  )
( -20  -129  285  )
( 131  -109  173  )
( 50  -115  207  )
( -188  -257  15  )
( -140  158  14  )
( -178  141  117  )
( 161  47  -285  )
( -144  256  -30  )
( -86  180  -248  )
( -203  -231  120  )
( -71  -123  -40  )
( -78  -147  212  )
( 76  197  88  )
( 91  206  3  )
( -241  -19  237  )
( 117  -138  -127  )
( 288  216  25  )
( 267  124  227  )
( -137  141  171  )
( 217  -13  147  )
( -96  127  183  )
( 167  181  -146  )
( 257  78  -295  )
( -289  -47  -199  )
( 130  115  -2  )
( 50  -17  70  )
( 159  161  -45  )
( 239  -190  -78  )
( -269  23  280  )
( 0  -252  79  )
( -92  -213  151  )
( 51  -70  31  )
( 33  -98  -88  )
( -83  120  82  )
( -120  -95  -202  )
( 209  -167  -32  )
( -186  74  171  )
( 65  166  -101  )
( 147  297  -139  )
( 149  49  273  )
( 217  -88  -13  )
( 286  144  -3  )
( 65  130  -86  )
( -123  237  -180  )
( -237  272  -12  )
( -58  93  -250  )
( -131  285  -263  )
( -115  -198  -219  )
( -294  -229  -206  )
( -240  -107  166  )
( -83  126  34  )
( -269  -167  -229  )
( -22  -136  107  )
( 31  -101  -268  )
( 140  264  -196  )
( -30  -195  2  )
( 284  -12  113  )
( -146  -133  123  )
( -111  265  -61  )
( 116  -1  -52  )
( 168  86  35  )
( 243  -28  -6  )
( 228  0  -110  )
( 67  284  -248  )
( -169  71  -66  )
( -12  173  299  )
( 16  -213  -119  )
( -44  -81  -286  )
( 132  -248  108  )
( -162  43  125  )
( -281  194  153  )
( -85  61  223  )
( 270  -44  -16  )
( -237  225  169  )
( 87  -12  140  )
( 101  83  97  )
( -34  221  195  )
( 128  -73  -162  )
( -5  260  -130  )
( -67  -261  266  )
( 40  -43  -0  )
( 142  219  -51  )
( -73  -19  -84  )
( 155  161  -179  )
( 177  47  -230  )
( 200  54  24  )
( -52  -78  244  )
( -1  -146  187  )
( -104  -242  213  )
( -255  20  134  )
( 7  111  168  )
( 178  -125  292  )
( 70  264  -54  )
( 222  -17  -110  )
( -283  192  -231  )
( -193  -168  -221  )
( -33  -130  -149  )
( 178  43  -235  )
( -94  -5  169  )
( -198  -10  -148  )
( 153  -40  -74  )
( 148  98  6  )
( -262  298  -5  )
( -108  19  -221  )
( 8  233  -71  )
( -34  106  -29  )
( -250  217  12  )
( 217  -74  -106  )
( 145  -208  -65  )
( 164  -186  -247  )
( 293  205  159  )
( 269  -27  54  )
( -290  243  -46  )
( -240  -276  171  )
( -35  184  230  )
( -0  11  -33  )
( -228  -203  -194  )
( -31  156  -11  )
( -287  161  209  )
( 278  66  133  )
( 111  86  25  )
( -262  -205  185  )
( 159  196  -151  )
( 182  240  -247  )
( 152  261  234  )
( -60  96  -105  )
( -63  -246  -189  )
( -245  -47  -199  )
( 230  58  -284  )
( 113  256  -195  )
( 297  234  181  )
( 5  -43  78  )
( -45  58  -8  )
( -43  260  -227  )
( -272  107  30  )
( 138  158  171  )
( 120  170  -40  )
( -115  -210  -245  )
( 109  -57  32  )
( -241  102  42  )
( 275  109  -264  )
( -140  -190  52  )
( -45  -261  -93  )
( 8  234  -44  )
( -198  -69  215  )
( 4  -169  9  )
( -14  -174  -282  )
( -19  83  -9  )
( 19  207  83  )
( -298  121  218  )
( 263  191  236  )
( 53  286  39  )
( 188  198  273  )
( -88  187  -247  )
( 124  178  283  )
( -149  263  76  )
( 243  11  155  )
( 234  249  72  )
( -59  -26  -91  )
( 217  20  -299  )
( -129  284  133  )
( 26  171  267  )
( 21  -249  -155  )
( 101  -289  -161  )
( 256  113  -62  )
( -67  -126  274  )
( -172  230  -186  )
( -198  292  227  )
( 5  -219  127  )
( 255  -211  -126  )
( 99  134  -109  )
( -131  -149  254  )
( 243  103  192  )
( -63  -164  -154  )
( -130  -226  188  )
( 105  -177  -159  )
( 184  290  -5  )
( 67  175  -259  )
( 265  -189  120  )
( 180  -146  -102  )
( 234  216  72  )
( -230  83  -189  )
( 259  -65  -3  )
( -139  184  93  )
( -276  -213  57  )
( 31  -53  -160  )
( 166  -255  -28  )
( 212  25  -67  )
( -226  162  69  )
( -236  -202  -174  )
( -153  -111  176  )
( 201  57  231  )
( 196  299  -88  )
( 22  277  -137  )
( 172  -22  -191  )
( -83  100  -24  )
( 30  119  -261  )
( 169  233  45  )
( 162  240  150  )
( -224  -143  -103  )
( 138  -261  -118  )
( -109  108  -288  )
( 233  -211  -26  )
( -53  -272  -159  )
( -207  -214  242  )
( -182  256  100  )
( -282  -280  -231  )
( -161  -156  -285  )
( -106  -96  125  )
( 151  -71  -172  )
( -269  169  35  )
( -19  -292  135  )
( -3  -164  -187  )
( 120  -139  136  )
( 279  -190  -184  )
( -273  265  -13  )
( -32  -1  -80  )
( 249  103  240  )
( 29  -122  -16  )
( 43  96  -48  )
( 12  286  -259  )
( 260  -127  -282  )
( -101  -16  -92  )
( 90  263  -164  )
( 204  -296  -163  )
( -10  130  -141  )
( -187  202  160  )
( -2  -46  87  )
( -284  142  -235  )
( 218  -238  236  )
( 57  -111  17  )
( 134  -156  -285  )
( 208  -109  -120  )
( -187  -218  66  )
( -223  -220  82  )
( -104  -106  -62  )
( -269  122  -235  )
( -150  -296  -213  )
( -241  134  -216  )
( 73  291  299  )
( 73  267  -298  )
( -140  -4  182  )
( 127  -277  219  )
( -49  -181  -52  )
( 22  56  -6  )
( -178  -180  -168  )
( -251  -22  -151  )
( -256  138  -293  )
( -182  -98  266  )
( -60  217  -69  )
( -204  117  203  )
( -273  -288  -174  )
( -107  56  73  )
( 77  81  202  )
( 25  -240  -133  )
( -207  -91  -117  )
( -184  -14  210  )
( 207  9  246  )
( 162  160  16  )
( -97  140  176  )
( 127  -92  -101  )
( 230  -37  216  )
( -72  297  -22  )
( 74  -66  -123  )
( 141  -37  -40  )
( 117  -192  -200  )
( 231  -194  152  )
( -208  12  158  )
( 239  -171  107  )
( 213  10  136  )
( 207  -161  258  )
( -81  -67  182  )
( 248  -32  -30  )
( -116  201  -159  )
( 225  259  -66  )
( -277  -113  -132  )
( -286  -66  202  )
( -133  178  -283  )
( -228  -20  33  )
( -246  179  281  )
( 196  -47  289  )
( 138  -2  226  )
( -279  230  127  )
( -230  245  287  )
( 134  -263  26  )
( -295  -66  -251  )
( 125  17  201  )
( -156  -135  68  )
( 193  294  108  )
( -272  247  -135  )
( -32  59  171  )
( -39  -110  -97  )
( 29  192  25  )
( 219  14  183  )
( 224  -232  168  )
( 154  -185  286  )
