( -15  84  117  )
( -183  23  245  )
( 112  -93  -286  )
( -42  -84  -142  )
( 215  141  -22  )
( -65  -273  256  )
( -220  61  140  )
( -289  -69  -241  )
( -242  293  -135  )
( 299  -10  168  )
( -297  63  -180  )
( -114  58  217  )
( 100  67  147  )
( -295  120  -45  )
( -51  -95  -18  )
( -276  73  16  )
( -46  -195  143  )
( 14  -153  -283  )
( 89  113  209  )
( -268  -110  -82  )
( 157  181  -254  )
( -169  64  156  )
( 126  -238  61  )
( -16  -141  155  )
( 245  287  103  )
( 278  40  -103  )
( -101  262  34  )
( -93  -145  210  )
( 30  262  34  )
( -174  -20  -227  )
( 265  193  -4  )
( 259  -65  -273  )
( -92  -73  46  )
( 70  -15  289  )
( 109  294  -290  )
( -66  -161  -129  )
( 149  269  -53  )
( -19  -57  157  )
( 64  199  -22  )
( -240  -273  -247  )
( -142  222  200  )
( -153  -141  67  )
( 250  234  -152  )
( -289  125  13  )
( -236  -294  212  )
( -13  125  -92  )
( -260  84  -62  )
( 296  -217  131  )
( 97  -195  70  )
( -4  -250  243  )
( 278  -97  -255  )
( 141  79  146  )
( -196  261  -212  )
( 277  -99  257  )
( -13  -212  -285  )
( -226  -166  -251  )
( 68  238  54  )
( -100  93  246  )
( -249  -163  59  )
( -212  42  -291  )
( 272  49  54  )
( -33  72  -74  )
( -157  -139  -42  )
( 170  -77  147  )
( -148  218  269  )
( -39  258  -37  )
( 56  141  113  )
( 14  -113  -217  )
( -170  189  88  )
( 264  -60  232  )
( 113  52  241  )
( -77  -298  34  )
( 239  264  92  )
( 122  -50  -3  )
( -15  -48  110  )
( -192  194  -72  )
( -229  -176  -210  )
( 247  -173  88  )
( 148  -93  4  )
( 33  293  88  )
( 133  -39  14  )
( 133  -96  -249  )
( -275  -160  141  )
( -163  5  -0  )
( 281  245  -175  )
( -176  -282  -88  )
( 286  -202  -167  )
( -71  -229  -97  )
( 197  250  -104  )
( 143  1  262  )
( 244  107  -236  )
( -207  280  274  )
( -15  -178  -23  )
( -13  229  -228  )
( -163  -41  52  )
( 112  24  -53  )
( 20  -227  -51  )
( 168  225  182  )
( -98  -44  181  )
( 95  280  -52  )
( -76  -60  130  )
( 21  -41  248  )
( 186  -176  169  )
( 281  9  0  )
( -43  231  149  )
( -74  0  -177  )
( 64  -50  -8  )
( 161  -47  -82  )
( -241  -297  191  )
( 69  86  4  )
( -247  63  190  )
( 275  -34  -156  )
( -35  200  -77  )
( -84  37  75  )
( 21  -287  -120  )
( 291  -219  -206  )
( 292  180  78  )
( 131  170  -284  )
( -280  14  -278  )
( 259  134  -72  )
( -235  -203  82  )
( -183  -32  -247  )
( 46  139  99  )
( 97  -91  274  )
( -15  97  -79  )
( 36  262  -88  )
( 248  175  -192  )
( 152  58  6  )
( 231  -18  260  )
( -144  77  -275  )
( 144  -35  -66  )
( -118  123  29  )
( -43  -159  189  )
( 106  -232  132  )
( -198  -244  288  )
( 159  -138  -161  )
( -140  144  -42  )
( 10  -75  -103  )
( 217  125  -104  )
( -63  -146  237  )
( 148  288  192  )
( 227  180  78  )
( -237  -294  30  )
( -218  -155  -95  )
( 201  237  180  )
( 81  284  298  )
( 254  -190  272  )
( -245  -82  292  )
( -137  268  -267  )
( 29  -274  289  )
( 78  -60  -175  )
( -79  -60  275  )
( 13  266  17  )
( -188  -14  61  )
( -269  286  -292  )
( 46  269  -205  )
( -86  171  -230  )
( -244  34  -89  )
( 255  190  68  )
( -212  -56  -214  )
( 63  -235  20  )
( -220  192  -155  )
( 77  -17  295  )
( 265  -63  117  )
( 9  -18  -293  )
( -2  -154  -63  )
( -38  -126  42  )
( 110  -165  -96  )
( 196  -186  147  )
( -140  210  78  )
( -50  -65  109  )
( 66  -228  -62  )
( 285  -6  -204  )
( 34  145  197  )
( -31  246  -7  )
( -110  -46  -68  )
( -86  213  147  )
( -146  152  4  )
( 137  -215  -92  )
( -121  -88  43  )
( -24  -66  52  )
( -72  -99  -217  )
( 171  117  -147  )
( -223  226  286  )
( 154  -233  -277  )
( 53  -156  100  )
( 242  236  -207  )
( 277  -18  -299  )
( -255  -114  291  )
( 227  273  49  )
( -196  155  -170  )
( 262  66  35  )
( -132  224  267  )
( -1  -152  210  )
( -102  185  200  )
( -281  -3  187  )
( -231  -78  5  )
( -221  -151  55  )
( -290  175  2  )
( -61  -24  -93  )
( -271  -173  -113  )
( -1  156  -115  )
( -266  -263  175  )
( -291  -2  -160  )
( -155  182  298  )
( -298  148  -135  )
( -129  149  -40  )
( -296  -80  -205  )
( 186  286  246  )
( 17  101  218  )
( -202  -150  -4  )
( 259  164  -19  )
( 282  -262  -72  )
( -178  -105  248  )
( 104  76  -2  )
( -191  209  268  )
( 292  -236  -3  )
( -140  -237  -4  )
( 21  196  -250  )
( 229  219  -125  )
( 92  274  -152  )
( -200  -144  261  )
( 129  -208  81  )
( 162  241  -109  )
( -251  -127  27  )
( -39  -104  -229  )
( 48  -118  220  )
( -114  -61  -201  )
( 131  -240  -10  )
( -157  99  128  )
( 180  131  -253  )
( 110  137  119  )
( 67  -177  27  )
( 149  287  124  )
( 219  196  134  )
( 103  -133  146  )
( -53  283  -36  )
( -276  -40  66  )
( -248  256  -299  )
( 214  119  26  )
( -121  173  209  )
( 182  69  -292  )
( 290  -15  -261  )
( 274  -28  -53  )
( -167  190  -95  )
( 80  299  133  )
( -136  -58  -142  )
( -67  190  109  )
( -24  277  -200  )
( -99  -259  -217  )
( 102  100  -207  )
( 151  97  3  )
( 288  14  243  )
( -127  114  283  )
( -286  -66  -52  )
( 254  -220  53  )
( 4  -62  -116  )
( 95  -79  33  )
( -239  207  21  )
( -191  -262  73  )
( -257  -224  -268  )
( -224  -95  -41  )
( -139  261  108  )
( -286  162  157  )
( -232  47  -237  )
( 70  233  128  )
( -234  -267  -43  )
( -78  27  -193  )
( 237  71  -4  )
( -212  100  86  )
( 122  191  124  )
( -244  -77  98  )
( 28  -278  -280  )
( 7  -233  152  )
( -296  -59  86  )
( -123  15  249  )
( 49  115  -38  )
( 61  -244  298  )
( -98  230  57  )
( 3  124  -115  )
( 8  249  -144  )
( 250  207  -151  )
( -106  238  -24  )
( -93  282  -71  )
( -279  28  82  )
( -73  -105  -51  )
( 256  262  -13  )
( 22  -62  -272  )
( 101  -123  138  )
( -208  299  -9  )
( 181  -76  -111  )
( -50  193  -133  )
( -31  223  -283  )
( 128  138  54  )
( -199  103  166  )
( 188  -144  -171  )
( 104  -37  -270  )
( 197  -201  250  )
( -297  -27  77  )
( 104  -244  36  )
( 77  173  134  )
( 258  216  168  )
( 183  -190  -64  )
( 7  -93  95  )
( 89  167  -158  )
( -183  97  155  )
( -278  -209  10  )
( -239  91  151  )
( 156  25  -197  )
( -53  256  232  )
( 195  25  -21  )
( 160  -174  -33  )
( 38  -170  158  )
( -119  -70  241  )
( 63  -32  164  )
( 46  -78  93  )
( -149  -109  -290  )
( -191  -179  16  )
( -43  -4  201  )
( -120  -38  -5  )
( -296  -240  210  )
( 96  -248  -207  )
( 97  209  289  )
( 55  -11  -63  )
( -113  132  169  )
( -111  40  -282  )
( -101  283  14  )
( 98  -191  -288  )
( -251  -149  284  )
( -294  73  291  )
( 25  -183  -157  )
( 178  -176  139  )
( -228  -75  259  )
( -197  -167  214  )
( 8  217  -229  )
( 298  115  167  )
( -16  -19  122  )
( -57  -22  125  )
( -278  -215  294  )
( 99  290  -89  )
( -84  102  -184  )
( -230  -295  -29  )
( -284  -234  29  )
( -219  54  -227  )
( -230  -68  58  )
( 72  -85  -168  )
( -125  -258  -106  )
( 284  -279  -179  )
( -173  -184  226  )
( -151  11  101  )
( -181  264  -223  )
( 281  297  -30  )
( 45  240  -49  )
( 64  -74  209  )
( 285  42  144  )
( 208  -75  117  )
( -30  -7  52  )
( -40  -243  50  )
( 37  -7  -144  )
( 278  283  -210  )
( 134  206  65  )
( -121  242  180  )
( -88  261  14  )
( 248  -194  114  )
( 46  -88  246  )
( 291  135  -88  )
( 152  -202  290  )
( 101  129  -229  )
( 246  -93  -293  )
( -48  -88  -256  )
( -84  -67  -286  )
( 114  -116  193  )
( 20  -253  178  )
( -112  108  -69  )
( 175  61  238  )
( -52  64  76  )
( 141  -67  72  )
( -182  -232  -74  )
( 153  -76  77  )
( 48  -247  157  )
( 91  77  156  )
( -12  -80  -75  )
( -11  -269  -95  )
( -45  18  281  )
( -11  274  176  )
( -208  -64  -151  )
( -200  60  145  )
( 297  -265  214  )
( 254  201  132  )
( 221  118  -294  )
( 58  17  -198  )
( 10  -120  -286  )
( -232  -28  -101  )
( -187  87  -1  )
( -184  194  200  )
( -130  -164  232  )
( 160  -269  -49  )
( 183  233  -67  )
( 141  -69  66  )
( -50  -38  10  )
( -68  -66  275  )
( -58  -283  -207  )
( 193  -76  -215  )
( 158  144  39  )
( 201  101  -95  )
( 121  154  -43  )
( -5  -198  45  )
( 265  -48  -207  )
( 3  248  140  )
( 108  -23  -0  )
( 27  -110  89  )
( 12  -142  22  )
( 273  205  -246  )
( 21  -3  24  )
( 165  -243  116  )
( 295  -242  -218  )
( 141  298  204  )
( -293  -219  273  )
( 162  -260  -207  )
( 173  146  167  )
( 109  -168  103  )
( 171  -116  7  )
( 68  82  16  )
( 142  136  152  )
( -257  -256  -28  )
( 202  34  117  )
( 247  -203  -100  )
( -77  207  104  )
( -198  137  135  )
( -18  -72  262  )
( 60  -143  21  )
( 87  240  -128  )
( -94  216  -37  )
( 131  -274  14  )
( 69  -163  -156  )
( 204  -175  -106  )
( 231  14  108  )
( -100  198  -24  )
( -123  -16  -101  )
( -64  263  -219  )
( 237  9  -34  )
( 11  -108  152  )
( -18  59  -91  )
( 117  -147  271  )
( 202  82  -129  )
( -177  -251  -5  )
( 45  -298  -241  )
( 192  -43  169  )
( 60  144  18  )
( 253  214  -149  )
( -248  125  -141  )
( -106  74  250  )
( -16  -243  10  )
( -38  297  -110  )
( -144  92  -6  )
( -277  -262  99  )
( -86  -20  42  )
( 150  -254  257  )
( -206  146  44  )
( -59  74  238  )
( 195  234  240  )
( -206  133  -128  )
( -142  -26  143  )
( 21  248  -240  )
( 208  198  117  )
( -231  -131  30  )
( 267  -120  -3  )
( -272  103  -81  )
( -151  99  111  )
( 148  239  129  )
( -0  275  139  )
( 289  -162  -281  )
( -84  -64  -50  )
( 39  -122  -241  )
( -3  -88  -161  )
( 185  25  -203  )
( 112  17  148  )
( -172  -225  146  )
( -216  -91  -151  )
( -246  -73  23  )
( -278  -288  59  )
( 140  200  214  )
( 135  110  -57  )
( 129  259  286  )
( -107  46  82  )
( 247  -25  -284  )
( -9  86  46  )
( -79  -155  -285  )
( -5  30  -194  )
( -115  124  -213  )
( -18  -169  220  )
( 77  299  -34  )
( -5  137  168  )
( -68  185  124  )
( 64  -130  277  )
( 174  117  236  )
( 187  -55  -214  )
( 225  -43  -4  )
( -38  247  -73  )
( -188  239  77  )
( -117  -242  -131  )
( -214  -243  -162  )
( -226  192  -2  )
( -119  91  209  )
( 205  88  120  )
( -188  -134  140  )
( 20  -230  9  )
( 30  36  -192  )
( 124  -19  176  )
( 94  121  208  )
( 16  128  286  )
( 156  -48  34  )
( 10  122  -277  )
( -15  -264  -79  )
( 13  -78  183  )
( -207  51  200  )
( 69  49  -154  )
( 153  157  -60  )
( 17  231  -287  )
( 232  94  -196  )
( 130  239  -240  )
( 16  -228  -138  )
( -251  119  18  )
( -42  -216  73  )
( -217  53  -92  )
( -79  -61  204  )
( -104  121  -39  )
( -21  74  186  )
( -139  230  8  )
( -8  -65  116  )
( 103  -254  140  )
( 259  -263  31  )
( 290  30  -256  )
( 231  14  23  )
( 265  -97  -64  )
( -210  -39  -141  )
( 224  -223  -81  )
( -286  236  202  )
( 30  -89  -12  )
( -221  -215  -107  )
( -39  -163  -108  )
( 238  10  -293  )
( 60  225  -142  )
( 17  219  -190  )
( 83  29  87  )
( 40  289  -130  )
( -9  -138  36  )
( 30  -131  71  )
( -280  141  10  )
( -116  99  -7  )
( 115  -161  53  )
( -286  -61  49  )
( -108  195  -268  )
( 52  -157  -289  )
( 53  -145  292  )
( 149  -23  32  )
( 121  35  -109  )
( 72  272  -218  )
( -171  16  203  )
( -39  169  -94  )
( 205  136  -46  )
( 205  140  -49  )
( 20  -258  -299  )
( 268  244  -232  )
( -99  -77  75  )
( 271  250  299  )
( -24  -36  -54  )
( -180  -163  -235  )
( -275  176  232  )
( -242  125  232  )
( 120  -19  189  )
( 37  80  -82  )
( 247  -191  101  )
( -226  -298  157  )
( -107  -163  -36  )
( -263  109  -231  )
( -79  -86  -66  )
( 38  -290  -255  )
( 20  -29  60  )
( 27  253  64  )
( -34  -69  -84  )
( 22  -88  30  )
( -247  -264  197  )
( -124  260  147  )
( -208  -230  -144  )
( -94  122  205  )
( 200  -290  6  )
( 260  192  101  )
( -8  168  -13  )
( 190  233  138  )
( -281  -75  -270  )
( -252  193  36  )
( -29  -263  -295  )
( 158  110  285  )
( -80  -269  -147  )
( 259  106  -83  )
( -172  -210  280  )
( 54  -13  -99  )
( -296  92  -245  )
( -241  180  154  )
( -134  -19  144  )
( 228  101  -59  )
( 297  148  -39  )
( -145  -38  148  )
( 61  -23  -25  )
( 150  -111  -103  )
( 130  255  -61  )
( -142  29  -295  )
( -197  -16  -105  )
( 263  15  -79  )
( 89  285  77  )
( -0  30  -289  )
( -29  51  -33  )
( 103  -237  -241  )
( -247  -185  253  )
( -118  -56  -49  )
( 235  -286  -290  )
( 273  138  -279  )
( -102  -81  154  )
( -222  -269  9  )
( -131  -107  -15  )
( -99  -290  -206  )
( 158  132  -174  )
( 129  0  258  )
( -231  -118  49  )
( -87  -198  -128  )
( 294  -59  -65  )
( -0  -149  181  )
( -14  -99  -112  )
( -140  5  -83  )
( -214  234  149  )
( -16  -50  200  )
( 172  84  296  )
( -11  264  -44  )
( -230  114  -176  )
( 186  -84  142  )
( -273  255  -216  )
( 88  103  -52  )
( -61  232  -241  )
( 258  235  -247  )
( 45  -93  115  )
( -106  -164  299  )
( 227  244  147  )
( 185  142  56  )
( 37  -122  52  )
( -52  16  -132  )
( -287  20  -235  )
( -214  -17  55  )
( 18  -66  212  )
( -288  14  -116  )
( -271  25  -137  )
( 247  -159  -134  )
( 207  -248  102  )
( 167  -31  -7  )
( 24  8  170  )
( -239  82  220  )
( 276  203  152  )
( -280  242  78  )
( 188  239  8  )
( -55  -197  214  )
( 286  -182  189  )
( 3  1  -243  )
( -217  -179  -275  )
( -67  -230  -233  )
( 261  -114  148  )
( -61  -176  -4  )
( 165  -282  272  )
( -285  193  50  )
( -241  -49  -206  )
( 134  -265  -266  )
( 127  94  -225  )
( -198  125  91  )
( -23  14  -268  )
( -118  -117  193  )
( 200  156  -87  )
( -232  -130  296  )
( -2  42  -207  )
( 275  -68  40  )
( 145  -90  -197  )
( 224  -75  -203  )
( -153  -259  111  )
( -13  -269  132  )
( 35  113  282  )
( 138  -173  -55  )
( 295  188  108  )
( -131  43  -171  )
( 1  46  134  )
( 185  11  -182  )
( 156  -236  209  )
( 85  52  -261  )
( -231  -216  -254  )
( -141  -271  -111  )
( 293  169  -144  )
( 271  270  274  )
( -297  284  -136  )
( -274  11  -251  )
( 37  239  299  )
( 140  -199  240  )
( 147  72  0  )
( -180  282  235  )
( 82  52  -18  )
( 219  -297  -249  )
( -68  165  -20  )
( 127  -63  -150  )
( 251  146  41  )
( 99  -169  191  )
( 107  153  115  )
( -249  245  78  )
( -178  218  55  )
( 209  -116  -54  )
( -70  -236  60  )
( 126  -236  -107  )
( 1  2  -298  )
( -5  211  193  )
( 258  -237  -210  )
( -34  -5  -30  )
( -49  -258  -82  )
( 164  -219  -93  )
( 279  184  -124  )
( -104  55  -37  )
( 115  -230  290  )
( -158  -264  147  )
( 234  -40  -136  )
( 226  17  -3  )
( 186  157  1  )
( -207  -246  146  )
( -169  -57  -254  )
( -120  135  -184  )
( 182  -148  -152  )
( -136  -3  -48  )
( -238  202  -108  )
( -241  -246  109  )
( 188  -59  -203  )
( -54  94  244  )
( 71  35  -220  )
( -203  58  -273  )
( -216  102  -38  )
( -146  -298  -215  )
( -155  -299  -138  )
( -291  -244  -153  )
( 96  -20  66  )
( -70  33  206  )
( -27  105  -3  )
( -67  -140  -23  )
( 206  -229  -33  )
( 250  -63  53  )
( 104  -262  -11  )
( -278  218  35  )
( 270  -233  -206  )
( -222  -249  183  )
( 210  173  -229  )
( 66  -290  20  )
( 72  187  -24  )
( -233  -147  -126  )
( -20  85  -131  )
( 119  -285  215  )
( -143  177  282  )
( 268  283  112  )
( 227  -43  -192  )
( 258  -118  -188  )
( 281  -291  118  )
( 122  -222  -82  )
( 243  90  -242  )
( 227  231  229  )
( 180  273  68  )
( -80  151  -65  )
( 115  285  -54  )
( -228  -122  48  )
( -69  -136  -30  )
( -290  -226  97  )
( -199  238  291  )
( -289  -29  -281  )
( -112  14  26  )
( -105  -94  -258  )
( -236  202  -115  )
( 153  -69  248  )
( -63  -4  -17  )
( 43  299  -226  )
( 215  -32  -24  )
( -144  113  -8  )
( 51  163  256  )
( -157  -9  259  )
( -143  47  69  )
( 200  -14  -294  )
( -108  187  -299  )
( 270  223  -185  )
( -139  -70  181  )
( 42  187  -16  )
( -262  -227  -198  )
( 157  85  267  )
( 6  197  -15  )
( -124  -267  248  )
( 102  -180  278  )
( -44  220  -122  )
( -254  -47  -123  )
( 23  15  188  )
( -215  -167  -211  )
( 203  -217  -201  )
( -273  97  -229  )
( 210  -122  -230  )
( 207  -247  37  )
( -146  252  -14  )
( -77  -95  -2  )
( 217  -171  13  )
( 198  -150  243  )
( 49  233  -276  )
( -250  -264  -65  )
( 40  214  -278  )
( 175  286  282  )
( 66  -218  -29  )
( -121  180  -63  )
( 260  100  130  )
( 7  -179  195  )
( 107  -219  -15  )
( -195  115  64  )
( -186  151  109  )
( -57  268  162  )
( 93  -274  147  )
( -224  296  -236  )
( 74  -73  -262  )
( 1  22  55  )
( -297  -150  275  )
( -89  -112  137  )
( -171  278  143  )
( 207  261  134  )
( -279  -74  93  )
( -224  -102  21  )
( 282  108  -263  )
( -52  -223  36  )
( 250  -266  102  )
( -133  -257  173  )
( 24  -196  -69  )
( 107  -208  -136  )
( 34  22  218  )
( -264  157  -27  )
( 12  -212  63  )
( -260  279  -127  )
( -248  269  -261  )
( -259  266  -294  )
( -214  -192  136  )
( -111  -150  -242  )
( -187  136  82  )
( -61  -125  226  )
( -272  193  -221  )
( 236  256  149  )
( -180  178  283  )
( -59  168  -260  )
( 211  -172  -85  )
( 248  214  56  )
( -31  -8  201  )
( -171  0  -142  )
( 83  23  222  )
( -118  275  -171  )
( 104  195  -221  )
( 296  -149  21  )
( -212  112  270  )
( -183  -126  -112  )
( 134  147  168  )
( 121  -97  45  )
( 72  53  -260  )
( 55  -83  -98  )
( 259  66  59  )
( 235  -207  280  )
( 41  -27  94  )
( -114  10  -243  )
( -283  -244  146  )
( -215  283  -61  )
( -53  -260  202  )
( -209  -256  6  )
( -5  -193  -14  )
( -106  110  2  )
( -222  -161  0  )
( 32  -16  -68  )
( -234  -262  210  )
( 6  -43  -226  )
( 19  -236  -211  )
( 213  -285  -245  )
( 59  121  -82  )
( 52  -236  -232  )
( 293  -57  274  )
( 92  -278  -44  )
( 98  20  -293  )
( -64  106  268  )
( 293  254  -85  )
( 299  80  117  )
( 162  -258  197  )
( -209  -172  147  )
( -164  -18  2  )
( 119  32  270  )
( 3  186  -131  )
( 139  290  27  )
( -204  260  146  )
( 215  25  106  )
( -235  90  20  )
( 99  -69  -231  )
( -276  -203  -273  )
( 112  -89  -204  )
( 25  106  227  )
( 289  -278  -226  )
( -250  27  244  )
( 196  -121  -25  )
( -8  -63  185  )
( 18  8  -256  )
( -295  -211  -179  )
( 163  261  -212  )
( -77  189  -29  )
( 236  238  -21  )
( 34  106  -7  )
( -260  -266  -172  )
( -85  292  33  )
( 60  49  -152  )
( 264  174  276  )
( -143  38  -271  )
( 118  238  165  )
( 15  181  199  )
( -209  -106  296  )
( 142  289  -280  )
( -126  43  258  )
( -171  5  161  )
( -277  -36  280  )
( -173  -165  -142  )
( -206  -74  -270  )
( 287  187  294  )
( -164  -175  218  )
( -108  -229  77  )
( 177  -268  -224  )
( 169  -119  142  )
( 203  -20  2  )
( -280  -59  113  )
( 144  -254  274  )
( 84  277  138  )
( 123  251  142  )
( 64  -118  286  )
( 131  -145  -174  )
( 255  -233  20  )
( -150  261  213  )
( -199  240  255  )
( 219  -227  291  )
( -182  200  -20  )
( 90  -244  -133  )
( -99  89  240  )
( 163  -226  201  )
( -217  215  -130  )
( -153  76  228  )
( 186  -148  23  )
( -204  -148  -65  )
( -234  -55  -253  )
( 116  -263  -101  )
( -150  -290  -65  )
( -42  -263  -253  )
( -100  -106  164  )
( -194  73  -107  )
( 38  16  194  )
( 11  105  -19  )
( -121  35  -254  )
( 269  -28  -119  )
( -59  -8  -207  )
( -199  113  -264  )
( -240  -213  -44  )
( 112  -66  135  )
( 55  252  224  )
( 299  124  -237  )
( 90  6  -172  )
( -248  -38  115  )
( -295  -92  182  )
( 131  167  -279  )
( -99  194  -145  )
( -19  -1  -179  )
( -46  74  69  )
( -82  -61  -41  )
( -291  -149  -277  )
( 87  -213  -210  )
( -176  -166  -142  )
( 30  -276  206  )
( -64  286  163  )
( 0  -113  119  )
( 295  -37  72  )
( 62  235  100  )
( -270  -13  208  )
( -64  209  225  )
( -219  -73  231  )
( 34  -189  -171  )
( -80  -176  270  )
( 280  180  -59  )
( -111  -145  73  )
( 84  -30  293  )
( -162  -84  75  )
( -261  -50  44  )
( -38  -114  282  )
( 235  -217  -256  )
( 227  -294  -287  )
( -80  -193  72  )
( 269  -75  93  )
( 164  -14  -142  )
( -122  -150  -118  )
( -294  21  222  )
( -289  -6  44  )
( -236  -179  194  )
( 222  177  236  )
( 179  214  -119  )
( -214  284  44  )
( -291  264  247  )
( 39  23  115  )
( -210  -118  -217  )
( -192  -82  19  )
( -3  24  283  )
( 180  95  164  )
( 207  34  26  )
( -242  13  147  )
( -188  119  25  )
( -296  90  182  )
( -266  32  11  )
( 188  152  160  )
( 160  97  89  )
( -158  287  69  )
( -235  -89  -21  )
( -122  -216  163  )
( -131  -28  -197  )
( 271  -146  83  )
( 4  -206  -253  )
( 91  290  -215  )
( 133  -92  -28  )
( 45  -106  167  )
( 257  -159  -173  )
( 40  -285  -255  )
( -284  0  12  )
( -276  -143  -274  )
( -258  273  220  )
( 181  -255  -199  )
( -220  258  273  )
( 128  156  208  )
( 175  65  281  )
( 199  -294  -101  )
( 76  77  217  )
( -143  11  138  )
( 31  -7  -140  )
( -299  -145  245  )
( 97  4  111  )
( 145  -30  85  )
( -199  -192  151  )
( 48  -13  195  )
( -171  16  163  )
( -224  -164  -214  )
( 14  -192  -224  )
( 273  52  -139  )
( -143  296  3  )
( 179  -164  -149  )
( -241  42  -281  )
( 132  64  129  )
( 156  234  54  )
( 208  101  -42  )
( -223  244  294  )
( -118  167  255  )
( -261  109  -257  )
( 292  -67  104  )
( -79  226  73  )
( 137  -155  212  )
( 176  81  35  )
( -160  -250  58  )
( 242  -159  120  )
( 229  -246  155  )
( 250  198  34  )
( -83  -205  -2  )
( -259  48  -258  )
( 212  -232  -231  )
( -156  -78  204  )
( -277  -78  272  )
( 164  -9  -110  )
( 281  -173  103  )
( -241  33  -254  )
( -200  -260  203  )
( -35  136  56  )
( -128  -295  155  )
( 3  -221  25  )
( -3  235  213  )
( -243  -221  -57  )
( 220  -114  164  )
( 108  -165  -88  )
( 249  213  92  )
( -241  277  -297  )
( 13  192  34  )
( -3  -210  -96  )
( 163  -29  289  )
( 145  -23  -164  )
( -14  -118  7  )
( 179  40  -66  )
( -200  278  85  )
( -100  287  200  )
( -72  59  -26  )
( 65  51  282  )
( 45  271  214  )
( -40  -5  -98  )
( 264  -232  -36  )
( -165  -160  -298  )
( -36  99  -45  )
( -285  -83  -15  )
( -6  -76  197  )
( -97  -178  298  )
( 152  69  -64  )
( 123  43  185  )
( 82  -47  -203  )
( 177  -80  -262  )
( -141  188  214  )
( -126  -223  52  )
( -294  -9  -177  )
( -119  217  -13  )
( 252  84  -147  )
( 8  243  -67  )
( 277  184  -170  )
( -165  -195  290  )
( -110  203  169  )
( -290  43  60  )
( -3  -127  282  )
( -291  243  -119  )
( 83  -113  -47  )
( -113  61  215  )
( 265  -181  -289  )
( 295  94  -217  )
( -290  -88  -224  )
( -279  70  248  )
( -31  -280  25  )
( 11  256  58  )
( -135  -60  -92  )
( -77  5  248  )
( -58  142  255  )
( -29  235  154  )
( 88  -72  -28  )
( -63  60  -280  )
( 274  -68  270  )
( -175  -36  -65  )
( 244  -63  182  )
( 45  -291  -149  )
( 234  8  120  )
( 293  177  -184  )
( 206  53  -99  )
( -213  -52  13  )
( 49  226  257  )
( -212  -87  159  )
( 214  56  -195  )
( 177  -51  219  )
( -194  -36  -258  )
( -162  -281  36  )
( 206  75  -77  )
( -209  -104  254  )
( -260  73  190  )
( 278  100  -287  )
( -277  99  -175  )
( -157  -35  -276  )
( -290  -244  171  )
( -144  -123  84  )
( 202  -171  30  )
( -79  207  -86  )
( -29  259  -95  )
( -280  208  -50  )
( -164  2  -188  )
( 231  -61  276  )
( 82  -201  -259  )
( 134  -50  142  )
( 124  -34  -120  )
( -69  -66  -249  )
( -294  128  -233  )
( -209  173  6  )
( 80  62  -155  )
( -78  -108  220  )
( -225  155  -220  )
( 257  232  112  )
( 216  -202  186  )
( 33  222  163  )
( 206  -24  223  )
( 73  -170  -241  )
( 244  -229  227  )
( -294  -3  55  )
( -43  -157  237  )
( -77  -164  25  )
( 52  4  25  )
( -3  -139  -14  )
( -289  -103  -281  )
( -14  -283  232  )
( -237  127  -140  )
( 101  -247  186  )
( -88  -276  -33  )
( -169  97  -248  )
( 197  -94  -290  )
( -38  -154  -239  )
( -270  -108  139  )
( 137  -167  279  )
( 229  -23  126  )
( 261  -104  -23  )
( 128  -58  118  )
( 259  299  -223  )
( 29  -56  283  )
( 252  -198  67  )
( -78  -153  112  )
( -286  187  -298  )
( -188  75  -13  )
( 59  150  152  )
( 141  -258  246  )
( 174  61  -30  )
( 153  201  95  )
( 200  256  -205  )
( -176  -291  277  )
( 280  -259  -231  )
( -178  155  -172  )
( -84  139  104  )
( 199  -27  36  )
( -123  -150  -194  )
( -207  211  267  )
( 129  -89  -64  )
( 171  -247  24  )
( -214  -176  110  )
( -270  108  -276  )
( 230  42  -108  )
( -13  209  250  )
( -78  277  -30  )
( 177  -65  59  )
( 295  -142  -268  )
( 241  144  -116  )
( 242  -19  -180  )
( -92  -83  290  )
( 234  241  42  )
( -166  18  268  )
( -172  -168  82  )
( 230  -10  -151  )
( 73  -11  -204  )
( 219  232  125  )
( 121  -36  -225  )
( 131  114  199  )
( -226  18  -21  )
( 4  -194  292  )
( 64  -136  -124  )
( 64  107  94  )
( -84  18  175  )
( 41  -239  223  )
( -268  25  -48  )
( 201  194  118  )
( -288  -57  -129  )
( -101  -72  286  )
( 210  -282  169  )
( 163  -6  -265  )
( 262  215  120  )
( 72  107  -212  )
( 188  -108  -102  )
( 227  128  140  )
( -223  -245  -44  )
( 127  -128  -50  )
( -13  166  -62  )
( -298  -110  -187  )
( -214  259  206  )
( 122  -64  70  )
( 141  -214  147  )
( -86  183  -97  )
( -285  159  -51  )
( -47  -44  86  )
( 258  -282  164  )
( 71  143  121  )
( 225  45  55  )
( -135  -48  -75  )
( 246  -229  26  )
( -175  -111  186  )
( 289  200  71  )
( -240  -98  -133  )
( -219  199  -245  )
( -11  45  194  )
( -16  194  232  )
( 199  6  295  )
( -283  -9  -66  )
( 186  188  173  )
( -24  235  -48  )
( -299  290  -182  )
( 226  153  -285  )
( 32  36  -153  )
( 192  89  197  )
( -113  20  261  )
( -119  -229  36  )
( 93  146  -110  )
( 247  229  -124  )
( 181  70  93  )
( -82  -186  199  )
( 169  -129  -251  )
( 207  113  -138  )
( 276  168  215  )
