( 172  55  -7  )
( -176  110  -119  )
( 233  76  -198  )
( 90  -177  -111  )
( -208  -126  -213  )
( 28  -170  161  )
( 41  -176  -104  )
( 291  -248  -296  )
( 46  219  -265  )
( -78  221  3  )
( 199  -253  -181  )
( -142  239  9  )
( -42  275  298  )
( -223  116  224  )
( -11  48  -214  )
( -8  -164  198  )
( -142  225  125  )
( -154  -216  205  )
( 211  -85  37  )
( -284  122  -252  )
( -241  -33  168  )
( -39  85  11  )
( 236  -182  184  )
( 265  188  214  )
( 273  -234  146  )
( -75  102  58  )
( 187  -264  -28  )
( 76  -137  77  )
( -192  -201  -98  )
( 13  213  289  )
( 69  140  48  )
( 200  -255  183  )
( 41  2  216  )
( -179  -55  -115  )
( -241  -276  55  )
( -179  -83  205  )
( 34  46  -67  )
( -122  108  93  )
( 5  97  -100  )
( -147  123  136  )
( 225  -285  -212  )
( -258  -132  -69  )
( 203  213  -139  )
( 31  44  140  )
( 299  156  -101  )
( 217  -10  -17  )
( -25  192  -15  )
( -288  -155  228  )
( 264  -91  -285  )
( 191  -216  -193  )
( 16  -277  -105  )
( 220  270  18  )
( -122  -262  215  )
( 29  -75  -174  )
( -189  296  78  )
( -238  -86  210  )
( -215  237  -288  )
( -185  -202  -247  )
( 36  244  7  )
( -105  71  -143  )
( 249  -192  271  )
( 276  -193  42  )
( 106  89  155  )
( -273  92  295  )
( 149  247  -48  )
( 166  -216  -196  )
( 285  -243  -173  )
( -173  -76  272  )
( -81  -202  -13  )
( -257  -118  -229  )
( 24  221  21  )
( 70  149  16  )
( 88  -128  -69  )
( 263  -283  293  )
( -36  275  122  )
( -236  249  175  )
( -250  -22  159  )
( -131  147  111  )
( -147  206  -202  )
( 7  -228  -54  )
( 141  25  10  )
( -197  -3  55  )
( -277  -20  201  )
( -211  209  -245  )
( -66  -256  92  )
( -109  -141  -291  )
( 56  177  -149  )
( 232  296  140  )
( -185  -97  -96  )
( -237  90  125  )
( 9  -95  35  )
( 12  -124  -47  )
( -237  127  175  )
( 69  158  2  )
( 128  -254  -241  )
( 52  296  -53  )
( -145  -29  -120  )
( -113  51  196  )
( 267  212  121  )
( 193  -243  -177  )
( -245  -10  54  )
( 15  25  66  )
( -167  122  29  )
( -15  -159  -1  )
( -227  253  118  )
( 74  -127  160  )
( -53  38  -209  )
( 184  226  24  )
( 205  -109  -131  )
( 46  -61  -241  )
( -210  -89  -245  )
( -54  226  138  )
( -98  -138  -152  )
( -198  276  54  )
( 82  218  -68  )
( -170  -262  -271  )
( -62  -33  -273  )
( 100  261  30  )
( -17  153  -12  )
( 254  118  -172  )
( -209  -55  -108  )
( -102  174  100  )
( 270  -292  16  )
( -207  171  -114  )
( 141  -254  -205  )
( 145  -275  -221  )
( -113  -152  6  )
( -257  -200  74  )
( -103  -22  112  )
( -224  -265  -291  )
( 255  -28  -61  )
( -31  -212  -87  )
( -23  46  -168  )
( -106  -102  -288  )
( 116  -156  -40  )
( 239  -242  -97  )
( 54  70  55  )
( 181  -173  155  )
( 286  -154  -238  )
( 92  -55  119  )
( -110  108  -195  )
( -37  47  54  )
( 58  129  272  )
( 132  -298  -240  )
( -141  -126  138  )
( -101  -35  201  )
( -95  -100  154  )
( -128  157  -242  )
( 64  55  49  )
( -255  4  156  )
( 203  -1  -62  )
( -296  130  -150  )
( 247  -233  16  )
( -177  61  -29  )
( 157  -21  299  )
( -162  49  113  )
( 50  -127  18  )
( 106  51  -248  )
( 74  -90  -161  )
( 191  -212  52  )
( -72  -196  0  )
( -171  3  -69  )
( 226  267  -235  )
( 254  217  -199  )
( 196  131  214  )
( 74  20  -21  )
( -239  -176  -3  )
( -155  -192  11  )
( -205  298  135  )
( -69  143  -117  )
( 91  143  175  )
( 57  -290  205  )
( 270  -182  210  )
( -113  142  -222  )
( 255  -92  196  )
( -211  28  142  )
( 136  220  -6  )
( 68  -170  58  )
( 14  -43  -53  )
( -249  219  -103  )
( -288  290  183  )
( 122  -55  12  )
( -128  -105  -82  )
( -22  115  281  )
( -239  233  158  )
( -297  -22  146  )
( 117  195  101  )
( -200  114  150  )
( 194  -191  -60  )
( 94  -33  -279  )
( 50  185  -87  )
( 26  296  204  )
( 268  210  -184  )
( 220  -12  283  )
( -84  52  -129  )
( -183  119  145  )
( -283  -252  193  )
( -123  -186  -106  )
( -50  -194  5  )
( 75  62  -155  )
( 169  54  74  )
( 59  -248  31  )
( 189  -123  -213  )
( -225  -213  178  )
( 184  -175  -226  )
( -262  131  -20  )
( -218  -283  -126  )
( 164  190  -97  )
( 200  -228  -44  )
( -275  -245  -219  )
( -93  -152  153  )
( -175  -165  19  )
( -279  -232  -123  )
( 239  -71  -68  )
( -150  -88  11  )
( -193  239  36  )
( 141  261  73  )
( -53  37  -220  )
( 141  -131  -183  )
( 173  -222  283  )
( 224  83  125  )
( 58  -87  127  )
( 68  -299  39  )
( 151  154  142  )
( 179  29  -227  )
( -205  221  -103  )
( 215  20  227  )
( -260  152  -216  )
( 152  -72  192  )
( -154  -106  -77  )
( -271  223  -80  )
( 205  -203  51  )
( 294  -19  -292  )
( 110  151  191  )
( 167  -15  49  )
( -16  180  -160  )
( -170  -143  22  )
( 147  -219  -267  )
( -256  138  219  )
( -121  -167  -3  )
( 199  74  14  )
( 205  -214  67  )
( 103  -218  243  )
( 282  168  -218  )
( 202  -225  -179  )
( 296  -110  -102  )
( 37  284  -50  )
( 89  -185  -248  )
( 89  129  -67  )
( 12  295  242  )
( -225  -91  232  )
( 198  -298  138  )
( -115  182  -244  )
( 175  35  -159  )
( -17  -37  84  )
( 46  138  99  )
( 209  74  -8  )
( -9  -210  -28  )
( -66  152  -80  )
( -14  268  16  )
( 224  84  85  )
( -142  -199  -146  )
( 215  43  11  )
( -154  -235  -128  )
( 191  112  263  )
( 21  -228  -242  )
( -187  -244  -72  )
( -102  -137  76  )
( -132  271  -19  )
( -211  -156  284  )
( 283  189  116  )
( 198  294  75  )
( 150  235  -193  )
( -4  193  -295  )
( 76  -258  -208  )
( 16  -258  141  )
( 193  98  -186  )
( -293  68  -185  )
( -245  162  126  )
( -197  -102  95  )
( 26  -175  179  )
( 215  -276  184  )
( -180  -13  -158  )
( -283  130  -19  )
( -219  172  238  )
( -65  257  -138  )
( 171  -111  -214  )
( -136  260  -43  )
( -257  55  -65  )
( 98  251  238  )
( -125  -200  -61  )
( 200  -250  -100  )
( 159  202  -90  )
( -75  -285  -172  )
( 52  -265  110  )
( -272  50  295  )
( 121  124  -246  )
( -104  -45  272  )
( 219  -29  -168  )
( 9  -57  -220  )
( 100  42  -40  )
( 156  79  26  )
( 263  -133  72  )
( -49  -218  -262  )
( -282  -143  -298  )
( -220  -21  -141  )
( 128  256  179  )
( 102  -16  -81  )
( 195  137  -23  )
( 70  262  -48  )
( -250  198  5  )
( 270  -248  -254  )
( -0  -117  298  )
( 57  -117  216  )
( 216  217  -102  )
( -227  94  -72  )
( 246  237  257  )
( -143  56  125  )
( -47  -138  -278  )
( 82  -55  -215  )
( 10  -151  259  )
( 199  -184  151  )
( -81  -295  -278  )
( 170  -198  -205  )
( 126  -225  194  )
( -254  -171  -3  )
( 203  -50  -271  )
( -214  7  80  )
( -262  253  87  )
( -44  106  -165  )
( 158  -137  295  )
( 99  -152  -155  )
( -74  238  19  )
( 158  -167  -222  )
( -80  -162  211  )
( -206  258  -28  )
( -240  -8  -67  )
( 62  -280  130  )
( -183  286  137  )
( 220  -194  -235  )
( -21  243  19  )
( 240  31  -48  )
( -293  -2  49  )
( 89  286  -88  )
( -175  -284  -171  )
( 93  -169  263  )
( 80  158  277  )
( 182  190  -117  )
( -203  293  -180  )
( -273  52  -247  )
( 210  289  53  )
( 128  137  -86  )
( 180  232  -170  )
( -54  -245  -113  )
( -134  99  254  )
( 247  -100  172  )
( -82  -96  -206  )
( -285  212  -169  )
( 178  -97  -210  )
( 111  197  -209  )
( 109  66  -280  )
( -47  -165  -152  )
( 136  144  28  )
( -203  -269  -50  )
( 39  -23  -263  )
( 205  79  217  )
( 253  -88  -84  )
( 50  -189  -263  )
( 18  160  238  )
( -74  249  -91  )
( -145  -216  199  )
( 81  -157  63  )
( -28  9  -138  )
( -297  -149  -277  )
( -22  -189  98  )
( -88  285  69  )
( 18  253  121  )
( -135  172  283  )
( -280  298  -180  )
( -70  -54  214  )
( 230  228  -240  )
( -122  -24  270  )
( 299  -266  -110  )
( -30  225  -213  )
( 145  91  220  )
( 166  266  -114  )
( 78  230  177  )
( 40  45  89  )
( 142  -75  -201  )
( 158  -181  299  )
( -152  -163  -56  )
( 149  -76  259  )
( -20  -258  126  )
( 96  181  -104  )
( -100  -231  -83  )
( 143  289  218  )
( 276  223  240  )
( 15  -125  66  )
( 253  -210  223  )
( -38  -160  -138  )
( -97  -139  2  )
( -296  256  -190  )
( -32  -138  -96  )
( -16  -63  100  )
( -36  -251  183  )
( 291  -190  -87  )
( -38  154  -70  )
( -112  27  -299  )
( 99  70  -215  )
( -239  -217  -47  )
( 129  249  229  )
( 51  -75  187  )
( 213  218  290  )
( 287  11  77  )
( -87  -53  35  )
( -283  58  156  )
( -2  297  -162  )
( 121  160  -119  )
( -194  -26  -296  )
( -151  180  205  )
( -89  -193  -160  )
( -149  182  -225  )
( 168  -47  -136  )
( -237  -238  -39  )
( -85  -11  -291  )
( 271  158  99  )
( -166  55  248  )
( -294  -162  -285  )
( 239  124  -197  )
( 34  119  -75  )
( -112  114  -205  )
( 58  -263  -244  )
( -197  125  -56  )
( -279  208  -63  )
( -163  174  -149  )
( 7  -99  -127  )
( -102  159  -77  )
( -140  -204  55  )
( 154  18  8  )
( 177  -121  124  )
( -9  -96  44  )
( -74  50  134  )
( 66  -228  227  )
( -167  -284  -115  )
( 115  18  -176  )
( -47  -110  11  )
( -276  283  -252  )
( 208  -199  -111  )
( 124  -172  -75  )
( -291  -82  234  )
( 200  -235  173  )
( 159  84  100  )
( 143  -233  -73  )
( -171  -21  71  )
( 64  -128  -264  )
( -222  265  3  )
( 292  -19  4  )
( 64  19  275  )
( 166  -289  253  )
( -297  76  120  )
( 67  -15  -101  )
( 45  -97  165  )
( -298  -209  -259  )
( 148  206  -58  )
( 38  -246  13  )
( -5  -222  169  )
( -120  204  198  )
( 7  242  -94  )
( -245  -15  70  )
( -185  -180  112  )
( -6  111  -195  )
( 136  60  -124  )
( 74  -210  -106  )
( 202  230  -118  )
( 35  -232  -188  )
( -218  -275  277  )
( 87  -60  -0  )
( 149  87  203  )
( -216  -64  138  )
( -2  -57  118  )
( -48  46  185  )
( 276  53  -270  )
( -107  -194  -226  )
( 103  -190  284  )
( -271  -16  45  )
( 53  -232  219  )
( -297  133  134  )
( 92  225  -241  )
( 246  -232  -198  )
( -10  -225  198  )
( 213  236  157  )
( 104  -100  -80  )
( 25  80  -107  )
( -99  256  74  )
( 70  -265  11  )
( 149  49  189  )
( 119  -167  -76  )
( 110  -107  -233  )
( 137  -117  89  )
( -74  -267  -42  )
( 102  -42  -105  )
( 183  -154  -150  )
( 130  -75  -66  )
( 134  -53  94  )
( -122  18  298  )
( -162  -285  9  )
( -134  99  47  )
( -239  -81  -292  )
( -185  1  75  )
( -159  229  -119  )
( 133  -3  -75  )
( -160  -53  -18  )
( -67  -170  -36  )
( 202  34  93  )
( -148  293  -119  )
( 144  48  234  )
( 42  201  -87  )
( 247  -106  32  )
( -107  89  133  )
( 90  226  253  )
( 248  -229  286  )
( 87  -76  -214  )
( 133  -107  -148  )
( -173  -187  276  )
( -193  184  205  )
( 114  236  -255  )
( 36  -112  124  )
( 186  161  -235  )
( -62  218  258  )
( -99  45  261  )
( 65  -5  262  )
( 187  -64  51  )
( -16  -71  89  )
( 170  180  148  )
( -274  -225  263  )
( 176  -208  -193  )
( -38  -141  -226  )
( 275  -128  229  )
( 144  216  9  )
( -103  -45  106  )
( 242  -115  7  )
( 178  -160  196  )
( 11  183  76  )
( 64  24  230  )
( 299  -171  -124  )
( 282  -9  226  )
( 80  -37  103  )
( 287  279  40  )
( -3  191  172  )
( -254  183  177  )
( 6  104  -140  )
( -59  213  13  )
( -153  138  167  )
( -46  -138  151  )
( -289  99  -131  )
( -19  -223  40  )
( 96  85  58  )
( 269  -39  185  )
( -39  193  100  )
( 260  222  -133  )
( 297  132  250  )
( 8  97  60  )
( -281  -200  37  )
( -211  181  228  )
( -192  43  117  )
( 45  -268  -180  )
( 32  63  -122  )
( -104  43  -128  )
( -212  220  59  )
( -267  -176  -54  )
( -216  236  167  )
( -27  235  128  )
( 199  24  54  )
( -177  63  119  )
( 4  -173  71  )
( 90  -58  -209  )
( -155  -211  -84  )
( -115  17  226  )
( -97  -7  171  )
( -44  -168  63  )
( -82  -98  253  )
( -116  100  84  )
( -202  -120  -272  )
( -296  -31  -59  )
( 278  -105  -246  )
( -115  -117  93  )
( -244  -227  -101  )
( -252  54  299  )
( 17  221  151  )
( -29  -285  -62  )
( -145  243  -117  )
( -0  -225  -75  )
( -81  -275  -99  )
( -255  -230  60  )
( -173  -221  -57  )
( 40  -281  -132  )
( -285  -191  -253  )
( -236  -15  68  )
( 235  -139  -78  )
( -259  -98  -92  )
( 171  133  65  )
( -296  83  30  )
( -183  103  33  )
( -294  163  139  )
( -92  -226  276  )
( 94  127  254  )
( 214  290  280  )
( -239  -136  258  )
( -67  -262  -278  )
( -46  261  -31  )
( 240  -153  189  )
( -112  162  -205  )
( -191  197  34  )
( -23  256  -116  )
( -91  -145  107  )
( 299  -241  -57  )
( -89  -36  -229  )
( 184  -63  81  )
( 9  -80  -184  )
( 184  -163  142  )
( -198  229  -230  )
( 11  258  -70  )
( 229  225  -266  )
( -256  152  -94  )
( -45  -178  27  )
( 112  -91  183  )
( -76  281  -58  )
( -11  256  -33  )
( -239  -166  204  )
( 50  55  82  )
( 107  -155  -182  )
( -145  90  -160  )
( -4  72  199  )
( -5  65  94  )
( 174  -241  66  )
( -291  -104  -163  )
( -27  83  202  )
( -231  130  284  )
( 255  237  -259  )
( -116  241  -294  )
( -73  -187  -177  )
( 207  146  -261  )
( -30  -266  256  )
( 33  64  -110  )
( -198  224  225  )
( 246  -148  -230  )
( -135  160  179  )
( -276  -140  135  )
( -57  -227  -18  )
( 182  -246  216  )
( -18  95  191  )
( 242  -13  284  )
( 18  272  -50  )
( 296  -89  -44  )
( 165  -226  -200  )
( -54  -20  253  )
( 110  -112  217  )
( -253  -60  170  )
( 214  -233  174  )
( 229  -139  136  )
( -48  -273  -229  )
( 151  -58  243  )
( 140  66  -269  )
( 150  26  -91  )
( 6  293  -52  )
( 114  -125  -41  )
( 150  26  253  )
( 22  -267  -68  )
( -16  -140  68  )
( 166  190  -91  )
( -266  -29  234  )
( 106  130  275  )
( 293  -224  172  )
( 3  56  -130  )
( 96  -289  158  )
( 292  270  -33  )
( 172  98  -297  )
( 118  90  126  )
( 202  171  223  )
( 8  163  32  )
( -297  27  163  )
( -225  266  -212  )
( -212  -257  10  )
( 220  280  -57  )
( -165  -169  -22  )
( -24  -0  296  )
( 179  277  146  )
( 187  -14  -211  )
( -61  94  155  )
( 167  272  245  )
( 248  208  190  )
( -229  -110  38  )
( 96  -215  81  )
( -2  249  -46  )
( -194  191  -272  )
( 254  149  97  )
( -205  -73  -128  )
( 277  -128  193  )
( 253  262  299  )
( -292  -46  -252  )
( 86  205  221  )
( 86  -36  109  )
( -147  -284  219  )
( -53  -72  190  )
( 274  0  252  )
( -77  -213  259  )
( -129  -68  108  )
( 196  -28  -173  )
( 260  75  4  )
( -48  280  254  )
( 214  112  -242  )
( 284  123  -197  )
( -89  185  -78  )
( 125  -12  103  )
( 282  -59  92  )
( 48  -193  -146  )
( -280  -168  -213  )
( -157  280  -26  )
( -53  247  -134  )
( -161  173  95  )
( -24  -59  -184  )
( -228  -270  72  )
( -245  206  -233  )
( 143  -222  38  )
( -71  -190  205  )
( 85  147  242  )
( 229  287  -154  )
( 53  19  152  )
( -168  275  -283  )
( 165  117  -278  )
( -179  183  123  )
( 298  277  47  )
( -197  -137  267  )
( -98  272  -238  )
( 63  -258  196  )
( 23  -14  -266  )
( -183  -266  134  )
( -102  -127  -64  )
( 134  -234  175  )
( 26  -269  -255  )
( -236  -151  134  )
( -61  146  -277  )
( -167  -290  -133  )
( -243  -199  155  )
( 220  14  -13  )
( 294  14  -121  )
( 177  -238  -154  )
( 256  20  -204  )
( 250  -96  -267  )
( 177  273  -69  )
( 263  204  262  )
( 206  53  -134  )
( -260  188  146  )
( -277  135  88  )
( 1  -14  -17  )
( -72  -4  -87  )
( -142  53  -40  )
( -203  278  -46  )
( -63  275  -151  )
( -72  -274  266  )
( 85  -101  106  )
( 17  229  57  )
( -297  163  -30  )
( -110  -278  103  )
( 92  -170  268  )
( 131  -19  38  )
( -232  -19  156  )
( 93  278  0  )
( -186  163  -295  )
( -129  293  54  )
( 280  137  290  )
( 131  278  -54  )
( 38  -9  14  )
( -97  267  -69  )
( 127  77  -197  )
( 268  240  -261  )
( 93  248  -95  )
( -260  240  66  )
( 79  29  -253  )
( -21  -96  292  )
( 292  -38  -151  )
( -201  244  -2  )
( 60  -52  -222  )
( -108  121  -156  )
( 29  148  -125  )
( -41  11  -142  )
( -28  216  -102  )
( 208  -98  -91  )
( 88  -75  127  )
( -70  -157  -184  )
( -143  182  -261  )
( -90  44  193  )
( -29  153  104  )
( -91  94  212  )
( 50  86  267  )
( -215  70  -19  )
( 284  -26  153  )
( -132  163  239  )
( -157  239  -89  )
( -169  -141  -235  )
( -232  -243  282  )
( 279  228  60  )
( -101  -45  258  )
( 197  251  194  )
( 183  258  113  )
( -122  89  -64  )
( 21  -97  -59  )
( -72  -100  -132  )
( -82  47  -271  )
( 46  -34  145  )
( -143  -2  -107  )
( 86  -225  61  )
( -120  -143  -276  )
( 1  148  -230  )
( 71  -17  -295  )
( 55  140  18  )
( -15  54  -216  )
( 40  -168  52  )
( 197  205  -106  )
( -22  -264  278  )
( 227  249  244  )
( -293  -259  195  )
( -70  241  175  )
( 88  -195  198  )
( -213  -249  -151  )
( -266  -50  216  )
( -210  -17  -94  )
( 64  -157  44  )
( 217  58  157  )
( 232  151  215  )
( 131  -4  -294  )
( -276  -128  150  )
( 2  -148  -22  )
( -214  141  -126  )
( -299  -268  -247  )
( 259  294  191  )
( -29  24  -169  )
( 263  -251  -84  )
( 117  -33  -97  )
( -291  188  30  )
( 120  -206  -235  )
( -55  -153  -139  )
( -259  -236  -113  )
( 42  246  6  )
( 283  279  -267  )
( -166  -255  218  )
( -8  88  -145  )
( 177  26  -92  )
( -233  48  -202  )
( 113  156  -245  )
( 46  -265  37  )
( 297  29  49  )
( 24  -18  -36  )
( -201  -93  216  )
( -187  -258  -281  )
( 60  140  22  )
( -121  -96  37  )
( -66  -51  -139  )
( -103  17  -190  )
( 82  145  32  )
( 56  -48  -227  )
( -200  -69  288  )
( 11  19  -121  )
( -233  146  68  )
( 75  153  -239  )
( 280  119  82  )
( 104  288  205  )
( -86  -70  -127  )
( -160  -82  -21  )
( -138  141  260  )
( -206  -151  -293  )
( 279  -70  -126  )
( -3  -266  -73  )
( -161  193  -170  )
( 269  -31  -150  )
( -260  -118  -206  )
( 39  273  -86  )
( 231  243  211  )
( 33  195  -139  )
( 117  -231  168  )
( -27  237  -64  )
( 230  -155  183  )
( -84  241  2  )
( -85  -0  281  )
( -25  -255  -60  )
( -14  107  -75  )
( 232  37  283  )
( 30  -25  222  )
( 236  59  -86  )
( -30  84  37  )
( 224  20  81  )
( -276  -65  116  )
( 60  -188  194  )
( -55  225  242  )
( 115  -9  238  )
( -80  -53  -296  )
( -292  107  231  )
( 287  60  69  )
( 153  -268  215  )
( -102  28  -40  )
( -209  -161  32  )
( 133  28  92  )
( -195  -53  -211  )
( -11  -53  -75  )
( 230  266  70  )
( -91  -203  -220  )
( -173  -62  256  )
( 73  124  156  )
( 213  -221  -127  )
( 207  -162  220  )
( 12  295  -38  )
( -235  -101  242  )
( -149  -160  -116  )
( 252  -180  -21  )
( 94  181  -237  )
( -204  30  252  )
( -243  238  148  )
( -67  285  156  )
( -98  -224  -84  )
( -205  255  54  )
( 203  66  185  )
( -179  -201  -234  )
( -245  -95  225  )
( -18  -217  184  )
( -59  -160  -54  )
( 56  38  134  )
( -226  267  -21  )
( 292  -219  145  )
( 141  296  -28  )
( -90  120  -129  )
( -193  -198  92  )
( -75  144  -275  )
( -181  213  -68  )
( 42  -169  -44  )
( 204  -139  -253  )
( 162  -5  145  )
( -60  72  -48  )
( 295  127  -186  )
( 245  -237  -92  )
( 83  59  160  )
( -279  280  205  )
( -197  -293  242  )
( 57  -59  -49  )
( -4  181  167  )
( -108  22  82  )
( 63  -270  -297  )
( 296  238  135  )
( -212  188  153  )
( -264  -44  119  )
( -77  -255  -183  )
( -25  115  -33  )
( -103  126  296  )
( 195  -57  -244  )
( 58  -85  -9  )
( 51  229  264  )
( -282  -150  15  )
( -121  190  7  )
( -78  201  265  )
( -125  237  64  )
( 56  -166  217  )
( -281  126  292  )
( 197  227  149  )
( 34  -32  123  )
( -1  -57  -62  )
( -195  43  -164  )
( 243  -151  -134  )
( 292  174  203  )
( -64  200  85  )
( 58  -59  180  )
( 167  275  -99  )
( -34  237  -135  )
( -268  -62  -253  )
( 33  -79  87  )
( 246  -80  -73  )
( 15  -246  -47  )
( -35  223  118  )
( 197  219  11  )
( -47  -283  273  )
( -175  121  128  )
( -168  -151  -165  )
( -128  -29  -249  )
( 143  -135  48  )
( 107  210  217  )
( 36  -16  286  )
( 21  -127  262  )
( 54  284  290  )
( 43  220  188  )
( -106  292  -291  )
( 13  167  225  )
( 108  -166  -170  )
( 93  132  47  )
( -67  -245  247  )
( 168  -204  -152  )
( 12  126  72  )
( -94  228  -136  )
( 168  195  -239  )
( 116  -72  -214  )
( 275  290  276  )
( -172  103  -63  )
( -248  -110  116  )
( 95  -277  -32  )
( -285  -294  -42  )
( 7  49  152  )
( -88  -72  286  )
( -117  -33  267  )
( 165  -205  266  )
( -215  8  -24  )
( 5  -16  -271  )
( 122  156  263  )
( -116  -101  10  )
( -28  -178  256  )
( 178  40  88  )
( 5  -51  40  )
( -78  37  -70  )
( -296  -47  -162  )
( 52  -8  -43  )
( 80  -61  -165  )
( 76  213  123  )
( 234  256  -289  )
( 129  251  -102  )
( 46  274  -208  )
( -230  0  208  )
( -29  -16  -291  )
( -266  98  -46  )
( -215  -281  74  )
( 159  63  -271  )
( 280  -172  -228  )
( -136  -139  -116  )
( 124  225  -3  )
( -17  78  -3  )
( 296  -84  -278  )
( 295  -204  -94  )
( -223  18  -136  )
( 141  -19  227  )
( -95  -157  261  )
( 159  -196  -157  )
( 167  -255  31  )
( -43  24  -34  )
( 126  246  -89  )
( 288  -123  -247  )
( 295  -70  -33  )
( 196  -275  259  )
( 178  -257  225  )
( 268  -149  112  )
( -118  291  -148  )
( 268  -76  -161  )
( -18  224  -209  )
( 163  110  -292  )
( -216  93  282  )
( 184  -162  -256  )
( -10  -34  -235  )
( 58  42  -108  )
( -264  -268  271  )
( 193  -58  75  )
( -213  89  -30  )
( -236  -65  265  )
( -140  88  148  )
( -99  -63  267  )
( 223  -13  166  )
( -213  -248  208  )
( -234  270  131  )
( -65  84  143  )
( 20  -280  4  )
( -296  -93  94  )
( -277  -168  16  )
( 220  -193  222  )
( -193  30  109  )
( 0  279  161  )
( 85  117  237  )
( -215  84  158  )
( 12  127  -80  )
( 34  122  -82  )
( -133  -178  73  )
( 131  -172  35  )
( -238  284  -64  )
( -186  -244  -127  )
( -4  214  62  )
( -285  78  -5  )
( 6  249  -12  )
( -240  -147  -299  )
( 180  -124  157  )
( 268  -46  91  )
( 189  -232  241  )
( -178  -18  -33  )
( -263  252  22  )
( 91  98  -161  )
( 231  -33  -162  )
( -89  252  -211  )
( 255  197  139  )
( 260  36  -38  )
( -120  -38  169  )
( -213  127  37  )
( 87  91  -142  )
( 276  270  48  )
( -86  143  125  )
( -61  -254  -259  )
( -270  98  116  )
( -27  -294  -136  )
( -218  -245  -61  )
( 40  -12  18  )
( 30  -287  -22  )
( -68  74  -238  )
( 41  -38  6  )
( -127  -222  138  )
( 281  269  -206  )
( 25  119  -76  )
( -17  -23  -193  )
( -245  -165  -10  )
( -241  278  -223  )
( 239  61  -56  )
( 252  290  152  )
( 201  258  -177  )
( 281  -104  285  )
( 74  -73  -158  )
( -60  -130  63  )
( 267  264  -9  )
( 189  -101  99  )
( -247  -259  -138  )
( -240  90  229  )
( -139  203  -77  )
( -64  176  138  )
( 37  199  -251  )
( 26  159  234  )
( 136  -62  -271  )
( -255  83  140  )
( 247  131  -62  )
( -56  -7  -103  )
( -227  282  -75  )
( 146  218  -234  )
( 208  -237  -232  )
( 34  63  -27  )
( 168  -125  -99  )
( 105  190  -175  )
( 239  -99  77  )
( 55  -241  280  )
( 36  105  117  )
( 0  -123  16  )
( -63  -67  -154  )
( -267  -31  -87  )
( -110  33  107  )
( -119  122  -80  )
( 105  214  156  )
( -112  -270  126  )
( -205  131  158  )
( -209  264  21  )
( 220  249  143  )
( 86  -51  255  )
( -287  -110  2  )
( -37  -13  -150  )
( 19  257  -291  )
( -290  71  -153  )
( -248  158  -299  )
( 21  -30  253  )
( -177  148  -275  )
( 295  85  168  )
( 148  162  -15  )
( 166  -261  -227  )
( -40  -54  201  )
( 3  26  201  )
( 150  31  -123  )
( 114  -165  18  )
( -105  79  175  )
( -279  -15  -226  )
( -23  -5  -156  )
( 160  102  -232  )
( -261  -47  -34  )
( 88  -40  -38  )
( 221  0  169  )
( 179  -85  -73  )
( -150  11  127  )
( 107  -117  -163  )
( -151  22  -124  )
( -145  -271  263  )
( -227  68  -129  )
( -193  -117  2  )
( -101  222  -116  )
( 150  -156  220  )
( -272  -167  244  )
( 24  -241  195  )
( -20  -141  104  )
( 252  167  -275  )
( -191  181  2  )
( 36  -204  226  )
( -147  234  -255  )
( 139  171  -116  )
( -214  -221  159  )
( -176  228  -271  )
( 299  -73  -208  )
( -222  -52  -186  )
( 121  -217  36  )
( -206  -146  -14  )
( -48  -84  -7  )
( 93  -102  -149  )
( -35  203  -163  )
( -154  -36  114  )
( 70  272  166  )
( -60  -210  93  )
( -62  272  -183  )
( 231  -223  -169  )
( 273  125  -60  )
( -258  223  -78  )
( -287  133  215  )
( -202  -122  274  )
( -62  -90  -43  )
( -125  270  -102  )
( 58  140  269  )
( 50  -192  -265  )
( -67  167  -24  )
( -136  -244  105  )
( 42  67  0  )
( 144  -27  -240  )
( -34  79  49  )
( 57  156  -274  )
( 4  -258  189  )
( -276  177  8  )
( -10  248  191  )
( 234  -27  192  )
( 67  -31  -296  )
( -5  16  -281  )
( -224  129  -88  )
( -2  126  144  )
( -51  -116  -118  )
( -295  -33  -31  )
( -151  -268  197  )
( 207  60  87  )
( -114  -224  -207  )
( -8  285  287  )
( 99  -206  -158  )
( 266  -119  -141  )
( -95  196  78  )
( -195  -291  -45  )
( 125  41  285  )
( -50  146  256  )
( 7  92  -37  )
( 18  248  -197  )
( -40  31  -79  )
( -86  140  -35  )
( 183  -78  -155  )
( -255  114  -25  )
( 238  -262  -272  )
( -124  72  123  )
( 51  -283  -205  )
( -190  -27  161  )
( -126  -139  28  )
( 234  -195  35  )
( -262  27  -171  )
( -153  178  -240  )
( 63  -241  -56  )
( -292  158  -129  )
( 285  -277  157  )
( 223  188  276  )
( -199  -193  -59  )
( 199  55  -59  )
( 125  13  -86  )
( -209  201  -172  )
( 58  5  92  )
( -133  -126  -23  )
( -197  -54  51  )
( -221  -42  -90  )
( -177  229  59  )
( -79  155  158  )
( 51  230  252  )
( -184  151  179  )
( -92  94  126  )
( 85  53  291  )
( -179  244  152  )
( 176  -251  52  )
( -191  170  101  )
( -53  -38  292  )
( -252  212  65  )
( 141  -17  16  )
( -214  245  33  )
( 43  218  -35  )
( -171  203  85  )
( 257  274  15  )
( -190  253  -252  )
( 298  -132  -199  )
( 16  -227  160  )
( -21  4  -88  )
( -264  161  -101  )
( 194  -72  -298  )
