( 164  98  -208  )
( 125  162  -111  )
( -106  254  -243  )
( -1  -144  97  )
( -57  -204  -106  )
( 15  66  -157  )
( -220  -95  269  )
( -88  -205  -120  )
( -248  -194  -73  )
( -173  0  -107  )
( -229  -19  -135  )
( 293  109  26  )
( -12  -169  240  )
( 88  -243  -172  )
( -31  -87  280  )
( 120  -55  159  )
( 97  186  -283  )
( -217  135  134  )
( -219  -192  122  )
( 259  221  266  )
( -206  -237  -112  )
( 293  272  -226  )
( 29  254  279  )
( -255  12  68  )
( 188  -113  -150  )
( 240  266  -172  )
( 111  -143  -19  )
( -241  -159  278  )
( 183  -24  -294  )
( -146  -142  130  )
( -240  199  284  )
( 94  240  -48  )
( -6  -279  19  )
( 105  -50  -242  )
( -95  -16  90  )
( -163  288  -206  )
( 215  -241  25  )
( 173  109  21  )
( -70  113  -147  )
( -271  -264  -204  )
( -120  74  -279  )
( -153  -207  -112  )
( 140  190  -115  )
( -39  -99  -201  )
( -50  244  235  )
( 103  98  80  )
( 187  69  127  )
( -191  245  260  )
( -229  -220  -40  )
( -285  -227  288  )
( -256  -55  236  )
( 92  -153  44  )
( 79  -299  189  )
( 62  289  46  )
( -95  273  -262  )
( 65  -206  23  )
( -189  -30  251  )
( -30  147  181  )
( -256  -150  120  )
( 52  -229  -156  )
( 155  -5  227  )
( -82  -109  136  )
( 283  -65  -137  )
( -68  286  -109  )
( 58  195  -160  )
( -213  -101  0  )
( -78  39  97  )
( -55  88  108  )
( -250  -275  220  )
( -118  -107  -45  )
( 205  -169  174  )
( 40  -98  260  )
( 196  -192  236  )
( -91  51  -203  )
( 106  -283  126  )
( -69  -177  289  )
( -234  32  -255  )
( -245  -231  299  )
( 250  -194  -81  )
( -167  -146  -135  )
( -285  184  -171  )
( 167  -106  42  )
( -34  -185  149  )
( -23  82  297  )
( -295  -71  -135  )
( -110  -182  -299  )
( 115  144  -95  )
( -12  31  -124  )
( 17  298  -8  )
( 210  -228  295  )
( 293  -248  -99  )
( 16  -112  116  )
( 174  -182  92  )
( 254  -28  76  )
( -148  -115  -76  )
( -282  -193  -287  )
( 286  -208  13  )
( 144  231  164  )
( 101  50  190  )
( 132  100  -32  )
( 269  155  -91  )
( -199  -14  -247  )
( -201  -93  -68  )
( 150  -165  47  )
( 39  200  -30  )
( -182  -265  -3  )
( 237  294  279  )
( -176  246  166  )
( -181  -61  84  )
( -298  19  276  )
( 128  -139  -121  )
( -177  -141  57  )
( 268  287  -132  )
( 58  237  68  )
( 123  -246  20  )
( -255  -235  147  )
( 250  -70  -195  )
( -276  91  -14  )
( -161  54  235  )
( -195  -217  294  )
( -185  -298  158  )
( -99  142  -225  )
( -15  -190  294  )
( 151  113  158  )
( 116  -31  38  )
( -57  -245  -285  )
( -206  135  238  )
( 277  251  -297  )
( -38  -276  60  )
( 175  -71  233  )
( -146  66  -192  )
( -39  184  275  )
( 291  -206  59  )
( 179  -295  85  )
( 209  -131  -22  )
( 124  -96  -282  )
( -8  -113  201  )
( -164  -167  88  )
( 126  170  -0  )
( -274  -0  77  )
( 23  10  64  )
( -132  251  96  )
( -141  258  -285  )
( 204  -154  55  )
( 95  174  145  )
( -202  -19  105  )
( 1  27  182  )
( 12  -239  2  )
( -83  -116  -2  )
( -58  27  -161  )
( 298  87  -266  )
( 90  82  -235  )
( -12  -267  215  )
( 211  -52  156  )
( 233  -76  -9  )
( -181  -147  -137  )
( -140  264  -60  )
( -201  -64  271  )
( 213  -287  -197  )
( 121  -112  238  )
( -161  250  -125  )
( -80  269  106  )
( -136  -244  194  )
( 237  -218  -138  )
( -88  -127  91  )
( 105  299  146  )
( 202  293  110  )
( 144  71  174  )
( -74  98  165  )
( -9  37  -3  )
( 62  -71  -256  )
( -154  -66  -135  )
( -237  179  -214  )
( 293  4  112  )
( 217  40  -272  )
( -152  141  133  )
( 125  -195  113  )
( -279  -97  -221  )
( -139  -200  -89  )
( 63  219  -45  )
( -102  84  36  )
( -93  -59  8  )
( -159  2  -21  )
( 237  -87  -218  )
( -257  -226  -81  )
( -125  70  32  )
( 65  25  -240  )
( 158  210  98  )
( 232  62  -37  )
( -203  -59  -95  )
( -189  -49  159  )
( 236  258  -262  )
( 29  -282  265  )
( -58  72  276  )
( -98  46  -211  )
( 203  -25  -190  )
( -226  268  -255  )
( -279  177  -192  )
( -138  -102  -242  )
( -123  -204  -209  )
( -134  28  227  )
( 7  90  -243  )
( -175  -170  61  )
( 159  -150  -285  )
( -254  -149  -209  )
( -268  -31  50  )
( 82  228  -88  )
( 191  -268  37  )
( -151  -61  110  )
( 150  44  -93  )
( 98  -216  271  )
( -221  198  33  )
( -114  299  109  )
( 52  97  42  )
( 111  89  -264  )
( 189  160  292  )
( -31  210  1  )
( 158  242  -127  )
( 241  186  242  )
( -99  -145  253  )
( 248  -151  -102  )
( -216  101  189  )
( -214  13  36  )
( -175  131  111  )
( 297  257  45  )
( -19  -159  -264  )
( 123  -269  -18  )
( -246  -155  132  )
( -172  258  296  )
( -77  -110  118  )
( 96  -89  -116  )
( -299  -52  199  )
( 63  -175  123  )
( 155  -240  277  )
( 192  -157  5  )
( -200  -254  271  )
( 2  188  202  )
( 298  180  151  )
( 299  90  27  )
( 184  260  110  )
( 287  114  168  )
( 238  -15  -278  )
( -16  34  262  )
( 241  107  70  )
( -252  0  -116  )
( -196  220  103  )
( -219  -267  146  )
( -129  125  186  )
( -58  -216  -205  )
( -244  261  -138  )
( -244  -128  246  )
( -48  36  -210  )
( -72  287  149  )
( 240  122  204  )
( -40  -0  48  )
( -212  -113  25  )
( -112  -78  -220  )
( -256  244  55  )
( 235  21  -229  )
( -25  68  270  )
( 177  -189  -123  )
( -40  -258  -43  )
( 191  213  -136  )
( 7  -286  82  )
( 65  -17  -253  )
( 163  13  -88  )
( -101  217  -194  )
( -27  52  -297  )
( -135  129  -60  )
( 268  59  -71  )
( 244  -100  99  )
( -294  -20  267  )
( 154  -243  132  )
( -275  -68  -101  )
( 145  -26  -213  )
( 219  -173  45  )
( 26  -200  266  )
( -156  254  179  )
( 90  -126  -280  )
( 273  75  -72  )
( 30  251  249  )
( -143  244  288  )
( -36  -84  49  )
( -244  113  -129  )
( 99  220  -77  )
( -222  -56  -245  )
( 105  -266  192  )
( -232  -115  -82  )
( 237  -219  -185  )
( 87  -8  178  )
( 229  -293  190  )
( -1  108  20  )
( -138  222  -81  )
( 291  87  -265  )
( -184  -219  -131  )
( 159  254  140  )
( 110  114  157  )
( 67  154  -264  )
( 25  295  -45  )
( -197  244  248  )
( -130  -299  -235  )
( 137  259  -177  )
( -53  -273  -64  )
( 119  107  -145  )
( -151  9  76  )
( -261  137  280  )
( -188  172  -200  )
( 146  267  136  )
( -163  -97  -114  )
( -210  -250  71  )
( -69  -233  259  )
( -109  -199  -193  )
( -270  -175  204  )
( -27  -3  115  )
( 44  217  76  )
( -254  -240  59  )
( 22  83  -104  )
( 238  73  -184  )
( -226  225  -249  )
( -86  153  189  )
( 222  -14  -176  )
( -67  -206  278  )
( 113  204  -220  )
( -181  128  174  )
( 59  -13  70  )
( -153  -89  7  )
( -233  253  155  )
( -16  -58  17  )
( 258  148  178  )
( 82  249  -241  )
( 203  36  -286  )
( 132  19  -277  )
( -84  -152  -42  )
( -224  -178  186  )
( -188  -168  233  )
( -121  124  -186  )
( 131  222  -190  )
( -28  45  -65  )
( -77  -59  200  )
( -90  142  267  )
( 220  -122  275  )
( 204  -191  195  )
( -279  168  -42  )
( -241  -286  15  )
( -8  -45  221  )
( 238  -186  16  )
( 49  17  -69  )
( 146  -212  -22  )
( 132  101  192  )
( -206  -230  -28  )
( 35  -266  -264  )
( -137  52  116  )
( -253  -51  -238  )
( 178  48  -91  )
( -183  45  163  )
( 98  132  -212  )
( 181  -31  254  )
( 294  139  -128  )
( 144  -258  158  )
( 226  -182  132  )
( 199  -173  198  )
( -76  -38  25  )
( 20  21  49  )
( 186  -123  10  )
( 0  -75  67  )
( -117  157  264  )
( -295  176  -251  )
( 51  128  -99  )
( -201  80  139  )
( 94  122  -250  )
( 49  232  -200  )
( 12  -39  244  )
( 71  -275  -207  )
( 239  -194  -119  )
( -95  169  -131  )
( 100  264  276  )
( -49  7  -160  )
( -16  207  -68  )
( 79  -25  -289  )
( -72  61  -3  )
( -172  -143  43  )
( 260  116  -139  )
( 80  -97  280  )
( -290  34  -192  )
( -1  -27  -254  )
( -67  -274  -204  )
( -121  3  -274  )
( -228  -260  265  )
( -15  242  55  )
( -31  -21  104  )
( 208  -8  35  )
( -81  -284  217  )
( -47  -161  118  )
( 203  141  137  )
( 78  -121  155  )
( -48  -220  107  )
( -136  109  177  )
( -80  -124  -12  )
( 68  -19  148  )
( -136  -51  225  )
( 227  238  174  )
( -217  -105  -108  )
( 178  14  -239  )
( 295  203  264  )
( 37  -170  -193  )
( 91  -88  265  )
( 91  69  242  )
( -97  28  268  )
( -185  -48  -74  )
( -157  148  -236  )
( 257  83  -46  )
( -73  64  -196  )
( -169  -155  -145  )
( -48  227  138  )
( 104  30  221  )
( 159  -250  -113  )
( 46  129  -1  )
( -59  -239  28  )
( -253  250  -95  )
( 110  -199  211  )
( -264  -154  238  )
( 229  -83  -100  )
( -105  -217  -239  )
( -204  -281  -95  )
( 147  -260  242  )
( -186  189  91  )
( 65  27  248  )
( 84  -213  -251  )
( 260  243  247  )
( 12  7  -168  )
( -235  82  -137  )
( 165  -277  -287  )
( 51  112  159  )
( -139  230  45  )
( 5  -225  -206  )
( 259  -271  64  )
( -162  47  -181  )
( 75  -81  15  )
( 158  4  15  )
( 219  -118  233  )
( 50  298  26  )
( -215  198  -113  )
( 124  7  -31  )
( 126  199  118  )
( 241  165  35  )
( -228  109  284  )
( -183  -117  -242  )
( -173  226  288  )
( 167  -14  -44  )
( 297  288  42  )
( 131  158  184  )
( -266  33  -270  )
( -0  -298  280  )
( 159  -224  -114  )
( 117  -43  -37  )
( 119  -43  75  )
( -122  87  116  )
( -112  -207  -269  )
( -168  64  91  )
( -15  58  -65  )
( -146  -291  -51  )
( -217  165  -97  )
( -100  -193  -276  )
( -181  226  28  )
( -252  199  123  )
( -214  -141  -259  )
( 21  -226  25  )
( -16  266  237  )
( -268  -251  -216  )
( 293  25  137  )
( 91  166  178  )
( -249  -11  268  )
( 227  -208  36  )
( -113  66  -152  )
( -271  139  149  )
( -117  106  105  )
( 17  200  -218  )
( -37  93  82  )
( -128  276  36  )
( 213  -29  118  )
( -32  -3  -5  )
( -19  232  -208  )
( 256  -27  116  )
( -137  -173  -212  )
( 67  299  -221  )
( -19  124  199  )
( 153  112  -88  )
( -6  172  82  )
( -273  235  -47  )
( 187  -136  -56  )
( 120  131  259  )
( -191  275  -103  )
( -53  123  156  )
( 98  -83  -254  )
( 188  275  -207  )
( -22  34  -87  )
( -140  -119  287  )
( 48  167  252  )
( 239  -260  -193  )
( -54  -99  -221  )
( 257  -284  -219  )
( -87  -188  147  )
( 280  -29  -184  )
( -42  -107  -290  )
( 23  -228  -268  )
( 138  76  -260  )
( -87  -255  -214  )
( -296  -32  35  )
( 16  220  -23  )
( 61  -25  241  )
( 208  -285  268  )
( -123  243  130  )
( -68  44  -188  )
( -44  -69  -113  )
( -261  204  208  )
( 74  -19  252  )
( -60  -56  219  )
( -18  178  -190  )
( 88  -171  -47  )
( -123  -99  31  )
( -101  -45  197  )
( 173  176  116  )
( -138  -47  -4  )
( 224  -277  230  )
( -39  -168  -229  )
( 275  -143  209  )
( 215  -241  279  )
( 130  19  -274  )
( 197  -151  10  )
( -79  -33  -264  )
( 156  -198  206  )
( -95  -298  -287  )
( -231  -13  46  )
( -93  -137  -164  )
( 33  -296  -123  )
( -135  107  -129  )
( -228  -51  276  )
( 49  -60  90  )
( 257  233  -252  )
( 219  -178  163  )
( 34  24  -213  )
( -165  -47  48  )
( -99  -213  59  )
( 61  -248  -17  )
( -82  298  219  )
( 150  -220  -139  )
( -4  67  -295  )
( -100  -227  276  )
( -278  285  236  )
( 93  112  179  )
( 4  208  -207  )
( 179  -31  -72  )
( -241  -57  62  )
( -240  -295  126  )
( -134  -38  -129  )
( 253  -151  -284  )
( 261  284  129  )
( -270  -67  -111  )
( 187  -2  89  )
( -229  148  -279  )
( 82  294  -40  )
( -185  -117  212  )
( -119  30  71  )
( -191  209  -176  )
( 60  160  -185  )
( 255  -102  -177  )
( -191  229  -213  )
( -218  181  -156  )
( -252  -154  275  )
( -240  -218  258  )
( 209  119  -42  )
( 114  220  -93  )
( 229  -145  -299  )
( -251  134  -262  )
( -215  -176  104  )
( -261  58  -26  )
( -237  -56  43  )
( -184  200  -229  )
( -128  152  -92  )
( 176  10  146  )
( 186  -96  -235  )
( 254  101  -250  )
( -116  9  -111  )
( 115  -47  -278  )
( 178  186  -38  )
( -241  -135  -149  )
( -17  -93  -260  )
( 156  -21  -35  )
( -209  -284  29  )
( -214  194  -165  )
( -238  48  -25  )
( 222  -190  -123  )
( -257  206  -58  )
( 210  153  -222  )
( 58  19  -101  )
( -154  233  -157  )
( 157  245  -237  )
( 148  -59  -277  )
( 188  293  -169  )
( 200  -129  280  )
( 22  149  -193  )
( -182  264  285  )
( -55  -213  -7  )
( -35  145  -46  )
( 12  282  -219  )
( 279  -261  199  )
( 277  -36  -253  )
( 144  -35  103  )
( 79  45  -217  )
( 105  16  -238  )
( 105  -167  -284  )
( 122  172  102  )
( -228  68  18  )
( -285  -169  133  )
( 166  -183  -156  )
( -18  -51  28  )
( 74  267  127  )
( -85  271  -220  )
( -201  89  262  )
( 84  -135  230  )
( 115  -265  146  )
( 117  -272  152  )
( 250  -162  169  )
( 98  -94  73  )
( -191  -95  -176  )
( -249  49  -259  )
( 3  -261  118  )
( 237  -219  243  )
( 103  -226  292  )
( 96  275  237  )
( -275  174  273  )
( 156  260  -103  )
( 260  -63  -283  )
( 128  102  -275  )
( -154  97  -43  )
( -4  205  -94  )
( 141  -13  -85  )
( -36  -158  -17  )
( -100  28  -297  )
( -45  -46  172  )
( 108  256  262  )
( 202  -219  280  )
( -240  -254  -120  )
( 299  -112  142  )
( 23  -203  -93  )
( 118  189  17  )
( 89  82  143  )
( -95  287  -60  )
( -102  144  1  )
( -189  -215  279  )
( -207  187  -245  )
( -108  -113  52  )
( -173  -193  38  )
( 172  -286  256  )
( -74  -30  233  )
( -299  -282  -14  )
( 172  189  142  )
( 28  -49  -284  )
( -91  -103  -154  )
( 176  -243  124  )
( -270  137  29  )
( -161  -201  25  )
( -221  -19  288  )
( -134  -14  -111  )
( 157  234  164  )
( 80  11  39  )
( 294  -279  147  )
( -117  -221  -46  )
( -136  66  -244  )
( 194  -126  -0  )
( 119  -44  129  )
( -191  3  128  )
( 283  -72  -189  )
( 122  -86  -52  )
( 242  -276  132  )
( 173  -231  -260  )
( 50  124  130  )
( 119  203  159  )
( 37  -166  -40  )
( -215  -279  132  )
( -134  263  259  )
( -25  183  -112  )
( -126  -87  -6  )
( 211  178  -274  )
( 188  -185  158  )
( 158  -99  85  )
( 94  -33  22  )
( 25  19  -178  )
( 237  -183  -247  )
( 150  188  -155  )
( -144  -86  221  )
( 240  -16  -187  )
( -154  -180  173  )
( 83  -7  202  )
( -59  -117  80  )
( 39  179  -285  )
( -155  107  -114  )
( -179  229  -225  )
( 63  -110  -112  )
( 96  213  -262  )
( 227  246  171  )
( 161  190  14  )
( 230  237  273  )
( -235  -14  -128  )
( -51  90  236  )
( -136  71  -248  )
( 115  -52  203  )
( 30  -280  -39  )
( -297  -47  -52  )
( 12  -37  222  )
( -226  147  72  )
( 72  -54  -142  )
( -273  282  247  )
( 114  -110  278  )
( -240  -78  -262  )
( 78  -3  12  )
( -247  153  102  )
( -177  -7  -73  )
( 162  -288  -245  )
( -98  -73  103  )
( 279  33  24  )
( 44  50  -6  )
( -57  -244  53  )
( -182  118  -247  )
( 82  -257  209  )
( 35  -127  256  )
( -83  -233  205  )
( 6  -135  -86  )
( 9  -272  255  )
( -177  -8  -79  )
( 127  -212  -69  )
( 89  -165  176  )
( 223  -47  141  )
( -203  -220  1  )
( 219  276  -69  )
( -298  -222  -181  )
( 126  274  32  )
( -68  -215  297  )
( -74  -166  -171  )
( 170  -121  -156  )
( -266  289  118  )
( -280  -73  117  )
( 109  247  37  )
( 30  -103  -270  )
( -101  -196  44  )
( -130  -208  201  )
( 229  119  60  )
( -243  -166  -9  )
( -172  263  -181  )
( 296  -70  -273  )
( -25  137  -121  )
( -114  180  129  )
( -274  -22  -286  )
( 59  -249  280  )
( 65  19  -187  )
( 48  297  -195  )
( 196  121  245  )
( 108  -178  286  )
( 72  -236  169  )
( 128  -169  -284  )
( -133  88  262  )
( 120  -101  -87  )
( 125  206  -122  )
( 61  79  158  )
( -225  -145  75  )
( -203  -62  -259  )
( -164  -24  -292  )
( 114  -32  -136  )
( -98  167  -211  )
( -200  189  -164  )
( 253  10  -53  )
( 43  16  269  )
( 43  -184  271  )
( -39  144  161  )
( -247  -253  64  )
( 111  251  -21  )
( -282  13  -261  )
( -99  -2  -259  )
( -150  -162  288  )
( 89  -94  84  )
( 169  123  -139  )
( 82  -148  -275  )
( 211  -103  83  )
( -0  -292  196  )
( -89  15  63  )
( -164  241  -88  )
( 74  -65  -207  )
( -5  -296  105  )
( -42  -250  -113  )
( 244  287  197  )
( 102  19  186  )
( -22  -187  30  )
( -3  10  19  )
( 10  0  -275  )
( -234  219  133  )
( 288  -28  146  )
( -223  243  -122  )
( 3  30  121  )
( -274  82  28  )
( -197  -246  -234  )
( -184  98  48  )
( -218  -233  -238  )
( 96  -82  -73  )
( 118  -145  -119  )
( 277  -238  219  )
( 30  -112  92  )
( -123  -178  196  )
( -24  -198  -207  )
( -22  -192  177  )
( 279  200  -120  )
( 197  141  -73  )
( 223  18  -299  )
( 91  -187  92  )
( 111  45  -46  )
( -246  84  23  )
( -66  -96  -15  )
( -250  254  197  )
( -91  14  273  )
( -174  243  -129  )
( 123  -178  142  )
( -179  -100  -97  )
( -200  202  -88  )
( 216  80  -61  )
( -43  220  154  )
( 258  -60  175  )
( 15  -132  -121  )
( 84  109  226  )
( 172  -103  259  )
( -224  -44  -14  )
( 257  113  -55  )
( 139  -174  118  )
( -85  16  80  )
( -20  46  -113  )
( -14  2  -267  )
( -114  219  -32  )
( 266  289  -123  )
( -293  -131  209  )
( -283  55  74  )
( -182  134  89  )
( 233  -77  -134  )
( -228  -128  -246  )
( 93  34  -175  )
( 121  -85  57  )
( 1  -84  -150  )
( -255  62  20  )
( -295  119  -164  )
( -116  -124  -148  )
( -228  -117  243  )
( -121  -101  67  )
( -95  290  -235  )
( -90  112  -264  )
( -110  -276  -226  )
( 121  216  -54  )
( 152  -121  -265  )
( 249  265  243  )
( -267  106  168  )
( 47  27  155  )
( 56  -65  254  )
( -179  -133  298  )
( -169  -104  225  )
( -39  264  57  )
( 132  -55  151  )
( -65  -252  -125  )
( 145  -183  209  )
( 201  18  28  )
( 175  151  11  )
( 160  -168  213  )
( -164  -139  -215  )
( -109  -117  114  )
( 226  253  280  )
( -180  35  -124  )
( -79  277  250  )
( -33  -240  177  )
( -64  -236  142  )
( -97  -68  94  )
( -165  -287  120  )
( -108  147  -247  )
( 233  110  154  )
( -15  -121  -165  )
( 8  -261  -13  )
( 239  44  91  )
( -267  -27  -167  )
( -278  -65  23  )
( -115  255  181  )
( -41  -35  -240  )
( 150  227  152  )
( -280  -236  74  )
( -251  -24  -78  )
( 195  62  26  )
( 208  200  105  )
( 46  -52  288  )
( 253  -282  -290  )
( -97  61  254  )
( 94  -99  52  )
( -89  -142  239  )
( -98  196  41  )
( 165  -179  157  )
( 136  191  75  )
( 27  200  -126  )
( -208  42  250  )
( 93  192  -242  )
( 109  294  286  )
( 17  -66  270  )
( -59  -91  26  )
( 172  -88  -193  )
( 249  -90  -117  )
( 163  252  11  )
( 193  279  -131  )
( 72  -198  255  )
( 172  -233  19  )
( -109  40  -113  )
( -268  121  291  )
( 3  230  265  )
( -149  47  176  )
( 128  159  -96  )
( 13  205  158  )
( 24  -31  -17  )
( -85  267  -18  )
( 9  184  228  )
( 11  256  78  )
( -239  27  -247  )
( 161  19  -228  )
( -287  -191  -254  )
( -211  296  -292  )
( 22  201  106  )
( -270  194  -73  )
( 249  24  121  )
( 290  -191  292  )
( -84  8  179  )
( 153  94  -203  )
( -38  -117  35  )
( 128  -106  -101  )
( 14  -64  -78  )
( -244  -281  1  )
( 159  -149  -222  )
( -216  -190  -163  )
( 143  142  -235  )
( -223  0  58  )
( 72  80  127  )
( 5  140  265  )
( 135  -296  23  )
( -281  109  -216  )
( -223  21  203  )
( 109  49  62  )
( -237  77  217  )
( 272  3  -135  )
( 45  -242  134  )
( 221  167  133  )
( 132  -236  65  )
( 41  -266  -66  )
( 235  -120  -193  )
( -170  -285  -67  )
( -151  -261  285  )
( 36  -15  -24  )
( 265  286  -197  )
( 178  90  -232  )
( 279  26  205  )
( -219  120  133  )
( 87  -62  297  )
( 146  -199  191  )
( 189  -159  274  )
( -282  -243  -270  )
( -76  -14  50  )
( 78  62  105  )
( -212  -238  -231  )
( 236  83  274  )
( 148  -216  -281  )
( -267  227  -70  )
( 189  -116  268  )
( 52  230  -85  )
( 51  248  -195  )
( -158  -85  274  )
( 71  104  -205  )
( -120  -2  -159  )
( -201  291  -131  )
( -6  -251  286  )
( 210  216  -20  )
( 156  -241  203  )
( -254  -15  26  )
( 234  -166  103  )
( 224  -121  -56  )
( -40  241  -95  )
( 117  215  45  )
( -16  279  -81  )
( 72  22  -47  )
( 155  -243  190  )
( 196  284  65  )
( 44  -276  -17  )
( 138  53  210  )
( -64  73  267  )
( -139  173  223  )
( -263  -189  225  )
( -10  -167  -31  )
( 299  41  -151  )
( 113  -93  19  )
( -10  -69  158  )
( -298  72  221  )
( 177  286  -263  )
( 118  -129  240  )
( -124  23  208  )
( 238  105  78  )
( 107  49  119  )
( 109  -57  243  )
( 195  101  -22  )
( -155  -64  -57  )
( 216  -13  -34  )
( 154  48  -148  )
( -35  -296  28  )
( -178  17  195  )
( 23  -53  96  )
( 102  -244  53  )
( 222  115  -22  )
( 191  30  -86  )
( 151  272  38  )
( 124  -287  118  )
( 58  -172  -44  )
( 83  -242  294  )
( 125  -102  202  )
( 174  141  71  )
( -115  32  90  )
( -206  -31  132  )
( -218  -6  -274  )
( -69  -166  286  )
( 241  188  253  )
( -1  221  15  )
( -52  128  30  )
( 277  77  -62  )
( -244  184  -297  )
( 152  -153  -150  )
( 81  1  -166  )
( -87  -240  -111  )
( 221  247  17  )
( 133  -195  172  )
( -10  50  3  )
( 131  110  -21  )
( -261  296  -136  )
( -135  -137  236  )
( -276  -227  42  )
( 259  217  -134  )
( -2  -149  -240  )
( -12  -170  15  )
( -131  -124  -212  )
( -264  -260  -137  )
( 292  278  245  )
( -116  -218  -94  )
( -40  221  -236  )
( -222  177  144  )
( -189  -110  -205  )
( -210  200  295  )
( -116  -273  -175  )
( 27  83  187  )
( -0  223  187  )
( 193  292  -208  )
( -176  -31  80  )
( -19  -193  198  )
( 48  53  -292  )
( 121  -110  194  )
( 291  -220  -227  )
( -116  246  -192  )
( -195  108  63  )
( 64  134  -87  )
( 10  165  -237  )
( 14  -102  219  )
( -215  201  -86  )
( 3  -281  -27  )
( -252  -222  235  )
( -85  -237  245  )
( 100  275  -278  )
( -202  265  -72  )
( 105  -206  82  )
( 138  13  -21  )
( 280  71  147  )
( 8  -65  246  )
( 95  -125  299  )
( 251  -7  178  )
( -286  120  125  )
( 61  -291  -162  )
( -140  -98  165  )
( 82  268  111  )
( -56  -111  -127  )
( 211  82  -196  )
( 150  71  276  )
( -166  235  -38  )
( -228  -262  -277  )
( 33  -253  23  )
( 49  239  -248  )
( 55  -27  -273  )
( -238  149  9  )
( 272  -200  6  )
( -252  -30  108  )
( -9  164  135  )
( 62  -147  190  )
( -97  184  -277  )
( -30  246  248  )
( 245  184  -193  )
( 82  -121  -265  )
( -143  85  111  )
( 208  -205  18  )
( 170  -286  -268  )
( 280  235  -209  )
( 141  -243  -52  )
( -117  -275  -33  )
( 115  11  -23  )
( -141  263  206  )
( -14  -105  265  )
( 190  40  -50  )
( 260  258  194  )
( -27  -148  -81  )
( -192  298  260  )
( 24  1  102  )
( -82  236  285  )
( -64  84  191  )
( 251  103  125  )
( -26  82  -270  )
( 135  -21  -165  )
( -132  -194  142  )
( 97  -165  -172  )
( 56  188  -156  )
( -83  -275  -101  )
( -101  120  220  )
( -36  158  -91  )
( 165  -89  -1  )
( 151  176  55  )
( -200  -272  204  )
( -131  215  -208  )
( 37  124  -48  )
( -36  -5  295  )
( -234  -53  -13  )
( -70  62  -51  )
( 3  -20  -282  )
( 105  -205  -298  )
( 23  41  -248  )
( -28  75  135  )
( -10  167  268  )
( 93  -155  -255  )
( -163  -100  -196  )
( -53  -200  -167  )
( -199  136  -9  )
( 118  173  147  )
( 65  -157  46  )
( 84  -62  -111  )
( -220  192  -83  )
( -253  -13  30  )
( -272  104  151  )
( -5  9  86  )
( 186  -162  -253  )
( 149  205  -123  )
( -22  -15  -147  )
( -217  294  -200  )
( -262  -34  137  )
( -281  -184  227  )
( -52  112  136  )
( -143  269  168  )
( 153  195  245  )
( 260  181  230  )
( 68  -74  70  )
( -55  -36  173  )
( 249  -61  -122  )
( 182  235  -100  )
( -238  246  -97  )
( -294  56  61  )
( -90  79  -250  )
( -45  -176  21  )
( 296  192  219  )
( 263  -180  227  )
( -69  26  -218  )
( 121  2  -112  )
( -194  237  179  )
( 292  210  -133  )
( -270  -93  -185  )
( 184  222  -178  )
( -63  24  164  )
( -73  -2  251  )
( -185  256  -118  )
( 46  153  -14  )
( -160  -98  -95  )
( 78  2  116  )
( -181  117  121  )
( 135  47  -234  )
( 4  100  -21  )
( 131  175  244  )
( 296  230  -43  )
( 208  -278  210  )
( -101  -50  -223  )
( -266  -184  238  )
( 16  134  -125  )
( 194  201  -242  )
( 117  -107  224  )
( -118  -63  264  )
( 22  252  212  )
( -275  289  -87  )
( 219  217  25  )
( 133  -76  -145  )
( 62  -194  4  )
( -57  -230  -145  )
( 55  -97  -147  )
( 290  -1  -92  )
( 195  296  -71  )
( -223  271  99  )
( 212  -146  -85  )
( 185  -10  -18  )
( -283  189  -107  )
( 76  23  -154  )
( 215  162  79  )
( -270  143  -25  )
( 98  263  -31  )
( 272  139  -60  )
( -134  237  48  )
( 61  -100  -72  )
( -234  167  18  )
( -135  -10  -231  )
( 137  281  176  )
( 295  -57  53  )
( 293  172  280  )
( -36  94  -46  )
( 56  -246  196  )
( -234  -204  179  )
( 88  75  103  )
( -105  110  27  )
( 45  -66  -139  )
( -242  -281  -19  )
( 86  -85  -167  )
( 280  -187  -201  )
( -197  207  -190  )
( -2  58  176  )
( 79  -271  -34  )
( -233  -11  27  )
( 117  80  214  )
( 127  123  235  )
( -107  21  18  )
( 102  -31  93  )
( -57  144  -209  )
( -167  36  -176  )
( -252  -297  -114  )
( -271  -199  38  )
( -229  -246  72  )
( -285  -180  259  )
( -43  -245  -299  )
( 214  190  -108  )
( 64  -298  -33  )
( 149  91  -113  )
( -98  -283  47  )
( -117  -281  -62  )
( 184  -200  -173  )
( -37  178  139  )
( -211  189  267  )
( 23  170  76  )
( -175  -249  56  )
( -70  -192  29  )
( -268  -162  182  )
( -225  -87  -89  )
( -163  -175  -148  )
( 18  -23  -205  )
( 234  88  24  )
( 135  183  120  )
( 108  189  -216  )
( 51  -9  -198  )
( -59  5  -124  )
( 260  -157  52  )
( 129  274  170  )
( -27  168  199  )
( 22  212  271  )
( 138  -170  168  )
( 7  -64  8  )
( -106  -31  295  )
( 134  124  -64  )
( -275  -247  236  )
( 79  -65  61  )
( -167  -66  266  )
( -289  96  178  )
( -285  -152  200  )
( 161  -4  33  )
( -3  164  207  )
( -122  -151  -70  )
( -4  26  280  )
( -18  -21  -134  )
( -192  84  261  )
( -114  -233  -241  )
( -44  -246  -198  )
( -172  -74  90  )
( 24  -75  -202  )
