( -92  44  110  )
( 210  -268  -103  )
( -245  -166  -114  )
( -111  104  188  )
( -136  -166  -280  )
( 81  124  -209  )
( 34  246  290  )
( 47  104  181  )
( 10  104  -128  )
( 124  20  -117  )
( 29  51  -117  )
( -263  -9  -6  )
( 197  -268  -223  )
( -74  137  -17  )
( 273  -133  -168  )
( 208  -157  47  )
( -113  240  -180  )
( 120  279  205  )
( 100  -187  93  )
( -234  -273  -245  )
( -220  282  -1  )
( -236  -43  29  )
( -16  156  -114  )
( -286  -51  -99  )
( 71  53  227  )
( -251  -277  -103  )
( -70  297  273  )
( -54  170  -40  )
( 154  146  -185  )
( 286  -191  8  )
( 187  -125  -56  )
( 13  -76  -137  )
( 38  -212  -254  )
( -149  58  -121  )
( -290  116  289  )
( 166  -150  -35  )
( 108  -182  -138  )
( 205  169  -99  )
( 282  273  178  )
( -20  -14  -128  )
( 299  -156  -26  )
( -115  2  59  )
( 155  277  261  )
( 96  190  -145  )
( -9  -124  -131  )
( 162  61  -35  )
( -14  -106  -134  )
( 202  237  -61  )
( 150  124  -287  )
( 153  49  103  )
( -221  -87  165  )
( -18  4  -22  )
( -111  74  98  )
( -73  -88  222  )
( -244  139  72  )
( 130  122  -200  )
( 4  -267  180  )
( -166  190  -98  )
( 150  279  100  )
( -260  -25  188  )
( -136  65  219  )
( 103  -88  -204  )
( 198  -259  -193  )
( -87  -151  163  )
( -127  -38  17  )
( -94  145  -245  )
( -109  271  -180  )
( -245  -295  -157  )
( -28  248  -95  )
( 238  -62  -155  )
( -140  194  -80  )
( 196  -218  -266  )
( -63  -4  -185  )
( 249  250  103  )
( 84  -260  -206  )
( 90  120  46  )
( 199  1  -111  )
( 164  -40  62  )
( -31  204  30  )
( 7  114  -64  )
( 112  -231  290  )
( 0  -284  51  )
( -79  -139  202  )
( -73  -228  213  )
( -106  -170  221  )
( -176  132  -82  )
( 104  145  -165  )
( 21  -76  62  )
( 123  231  -46  )
( 76  152  -66  )
( 288  220  238  )
( -31  37  222  )
( 175  283  -180  )
( 176  -187  -279  )
( 145  148  281  )
( -230  -57  -226  )
( -112  -42  146  )
( 66  47  266  )
( -91  -261  -12  )
( 1  266  -138  )
( 110  89  -58  )
( -88  263  -270  )
( 116  81  295  )
( 102  195  226  )
( -200  -269  -189  )
( 71  102  256  )
( -157  -175  -228  )
( 161  -119  162  )
( 198  81  22  )
( 28  0  -244  )
( 248  208  -129  )
( 189  2  251  )
( -77  -162  -94  )
( -186  15  -154  )
( -290  82  151  )
( -273  153  -127  )
( -116  -0  49  )
( -280  271  -27  )
( -137  -56  -29  )
( 198  -106  -5  )
( 248  -147  -212  )
( -195  -253  -62  )
( -247  -22  -106  )
( -73  268  -272  )
( 242  139  18  )
( -125  -79  -46  )
( -42  -32  107  )
( 246  247  -8  )
( -194  -253  239  )
( 245  -129  146  )
( -65  -194  -217  )
( -160  -6  272  )
( 297  241  -257  )
( -257  72  -74  )
( 40  -273  -50  )
( 176  -103  -52  )
( 250  -15  -70  )
( -142  192  195  )
( 98  136  -160  )
( 278  244  96  )
( 272  13  79  )
( 16  18  47  )
( 100  282  -45  )
( -234  221  123  )
( -96  -244  -77  )
( -121  72  192  )
( 263  -240  -127  )
( 67  -87  -236  )
( 193  46  148  )
( 37  -242  -66  )
( 261  -167  100  )
( -251  -32  -113  )
( 179  -214  160  )
( 293  -113  -205  )
( 16  159  225  )
( 245  -265  -285  )
( -169  120  -222  )
( 107  -293  -66  )
( -100  68  289  )
( -49  281  -52  )
( 178  120  203  )
( -100  234  -226  )
( -45  218  107  )
( 20  -41  70  )
( -11  151  -145  )
( 81  -271  224  )
( -96  -167  -57  )
( -91  242  35  )
( 190  -20  -112  )
( -167  176  -61  )
( -142  127  130  )
( 252  107  -34  )
( -282  265  34  )
( 22  -115  261  )
( -8  146  -208  )
( 85  -192  36  )
( 143  -142  -205  )
( 157  -262  81  )
( -203  257  55  )
( -23  49  -44  )
( 60  -102  -142  )
( -260  89  0  )
( -145  151  24  )
( -103  -237  128  )
( -288  83  -76  )
( 191  187  40  )
( 29  239  -262  )
( 113  -9  147  )
( -140  16  255  )
( 133  276  225  )
( -230  290  295  )
( -32  -270  -134  )
( -198  42  214  )
( -25  156  116  )
( 286  -263  -126  )
( 297  -182  -91  )
( 21  191  -108  )
( 104  229  181  )
( 63  86  236  )
( -121  -292  -288  )
( -33  21  293  )
( -179  164  -123  )
( -27  188  208  )
( -210  -298  51  )
( 265  -182  -89  )
( 75  -47  -154  )
( -248  163  -286  )
( -37  26  -197  )
( -31  157  117  )
( -267  -219  -32  )
( 137  -225  250  )
( 110  -174  101  )
( 251  -193  -107  )
( -124  -233  0  )
( 140  -57  -174  )
( 143  -232  -164  )
( -211  124  43  )
( 283  17  -139  )
( -137  -291  127  )
( 200  -134  -193  )
( 185  136  113  )
( -18  -218  -108  )
( -233  137  -168  )
( -127  122  -128  )
( 176  36  18  )
( 113  -159  297  )
( -158  299  -266  )
( -154  -242  101  )
( 265  -118  87  )
( 43  115  141  )
( -220  185  139  )
( 249  -18  31  )
( 125  -69  229  )
( -98  78  219  )
( -90  -166  -261  )
( -226  298  -291  )
( -0  -32  223  )
( -254  -55  -263  )
( 167  41  77  )
( 258  -228  133  )
( 267  -36  222  )
( -274  200  -131  )
( -235  37  51  )
( 298  -256  213  )
( -7  198  -290  )
( -11  239  127  )
( 280  -80  62  )
( -295  266  167  )
( -225  -253  -78  )
( -153  -3  182  )
( -235  -140  258  )
( 217  -105  -214  )
( 157  175  281  )
( 45  50  -60  )
( 190  127  182  )
( -236  -272  228  )
( 136  131  221  )
( 124  -119  -64  )
( -97  -45  257  )
( 263  210  222  )
( 237  -1  84  )
( -139  162  -117  )
( -66  228  -87  )
( -189  111  275  )
( -158  -72  238  )
( -146  221  -285  )
( 188  -277  -171  )
( 189  -34  285  )
( 191  91  -76  )
( 255  -63  23  )
( -74  -10  56  )
( 222  -148  292  )
( 207  198  -28  )
( 230  34  -212  )
( 223  -226  84  )
( -156  -205  -288  )
( 183  179  273  )
( -77  -125  -22  )
( 8  -107  292  )
( 278  -183  27  )
( 200  249  213  )
( -22  -224  62  )
( -231  -147  -267  )
( 177  -275  213  )
( -168  -251  36  )
( -284  65  197  )
( -194  -128  137  )
( 109  8  -104  )
( -254  -203  21  )
( -232  -143  -150  )
( -226  177  179  )
( 93  124  212  )
( 205  -251  150  )
( -203  272  -34  )
( 46  -175  -83  )
( -48  246  -41  )
( -99  98  -107  )
( -104  98  40  )
( 76  -258  -81  )
( 62  135  5  )
( -269  2  -133  )
( -177  271  152  )
( 150  183  21  )
( -110  -245  143  )
( -120  23  257  )
( -212  173  -15  )
( -240  -87  -9  )
( 268  147  138  )
( -145  -78  -278  )
( -284  209  127  )
( 297  -221  -20  )
( 120  86  -265  )
( -230  19  -196  )
( -116  123  -149  )
( -119  -95  1  )
( -56  -201  -94  )
( 264  -6  152  )
( 31  -63  55  )
( 216  17  0  )
( -190  -197  236  )
( -47  -212  -256  )
( 172  -271  -270  )
( -130  -8  242  )
( 107  -248  269  )
( -296  58  275  )
( 103  -203  -74  )
( -196  -63  -67  )
( 246  241  18  )
( 24  -191  -167  )
( -274  -70  -40  )
( 228  46  262  )
( 100  258  60  )
( -212  193  -93  )
( -295  -186  87  )
( -266  -85  171  )
( -298  -286  239  )
( -231  -252  74  )
( 241  -95  -120  )
( -132  -276  66  )
( -89  183  -179  )
( 11  194  -209  )
( -107  97  -44  )
( -245  -141  135  )
( 96  181  -145  )
( -74  185  -46  )
( -213  -71  79  )
( -34  107  -163  )
( -62  -63  -150  )
( 241  179  -68  )
( 221  31  134  )
( -27  -143  201  )
( -94  -74  99  )
( -115  -185  -187  )
( 91  -20  -35  )
( -257  -212  -272  )
( -196  -110  -117  )
( 116  -252  284  )
( 122  221  12  )
( -80  -114  -290  )
( -143  -235  159  )
( 268  -214  207  )
( 106  -238  296  )
( -82  55  161  )
( 216  21  -262  )
( -269  -110  -262  )
( -48  160  -22  )
( -230  65  68  )
( 147  -21  -164  )
( -219  -271  258  )
( 54  -215  -70  )
( -246  -135  -53  )
( -38  97  -220  )
( 96  -7  246  )
( -156  7  61  )
( -259  -36  -145  )
( 1  -243  258  )
( 65  -10  120  )
( 56  292  -299  )
( -233  284  112  )
( -292  -220  254  )
( -248  -163  169  )
( -261  10  -140  )
( -146  -134  -135  )
( 136  261  -208  )
( 258  271  -260  )
( -142  -206  -33  )
( -91  72  -134  )
( -36  54  -66  )
( 266  100  107  )
( -277  -192  -90  )
( 273  -170  -171  )
( 154  47  71  )
( 293  54  -264  )
( -116  45  -210  )
( 14  261  211  )
( -48  -256  -61  )
( -277  290  -117  )
( 90  272  -222  )
( 200  197  -201  )
( 6  -103  80  )
( 39  192  84  )
( -31  51  22  )
( 290  193  293  )
( 88  -166  197  )
( -57  -110  4  )
( 41  -83  -87  )
( 180  -105  -75  )
( 295  184  -3  )
( -80  -84  18  )
( 14  -244  -199  )
( -95  -31  -287  )
( -221  -96  276  )
( -87  70  -210  )
( -48  -45  -72  )
( -220  -156  176  )
( 18  14  -294  )
( -241  210  -50  )
( 22  -136  -225  )
( 61  -122  54  )
( 162  103  -151  )
( -112  -164  162  )
( 235  69  201  )
( 23  169  -283  )
( -224  229  -71  )
( 75  -146  -131  )
( 93  64  121  )
( 93  38  113  )
( 18  53  7  )
( -272  -2  -66  )
( 217  284  60  )
( -113  135  -137  )
( -141  0  110  )
( 246  145  -291  )
( -170  -242  -162  )
( 203  -85  -127  )
( 243  -275  -60  )
( 91  156  -140  )
( -39  -263  85  )
( 256  230  -205  )
( 204  -7  -153  )
( 58  -68  -201  )
( 277  -292  -189  )
( 33  -211  -265  )
( 170  -177  -202  )
( 203  7  -253  )
( -34  -227  -294  )
( 215  -51  125  )
( -102  205  219  )
( 140  -78  -101  )
( 67  -73  -26  )
( 209  -61  -44  )
( 112  -61  -6  )
( 43  112  282  )
( -254  -221  -41  )
( -200  35  294  )
( 84  -251  -206  )
( 286  66  246  )
( -68  -19  55  )
( 209  87  213  )
( -47  -69  -270  )
( 285  16  -126  )
( 253  11  -68  )
( 122  57  86  )
( 194  -235  284  )
( -86  -202  -31  )
( 250  -14  -132  )
( -14  96  -203  )
( 231  181  -6  )
( 150  -243  -13  )
( 42  -28  142  )
( -76  84  61  )
( 238  -134  -91  )
( -57  -7  -299  )
( -184  -241  213  )
( 26  47  -198  )
( 145  -24  -284  )
( -296  -210  5  )
( 31  -42  -245  )
( 106  282  80  )
( 22  -119  112  )
( 27  188  -190  )
( 231  -210  109  )
( 126  141  -246  )
( 47  287  -24  )
( 104  103  -69  )
( -99  -31  -8  )
( -126  86  -35  )
( -296  -11  -82  )
( -134  -117  237  )
( 57  -139  203  )
( 131  -218  -258  )
( -58  223  295  )
( -63  106  233  )
( 233  169  -112  )
( -223  229  19  )
( -87  -147  224  )
( 262  -163  -247  )
( 61  231  113  )
( 219  290  241  )
( 102  -167  249  )
( -166  -84  -206  )
( 234  45  129  )
( 63  26  -261  )
( 114  213  66  )
( -8  -264  -141  )
( 12  32  -216  )
( 29  57  -99  )
( 243  -197  249  )
( 52  -190  -63  )
( 192  -53  160  )
( 240  -42  -108  )
( -41  -212  -120  )
( -193  -162  22  )
( 266  45  -232  )
( -130  244  6  )
( 47  -51  260  )
( 98  -222  189  )
( -270  53  21  )
( 3  -45  151  )
( 264  -215  196  )
( 90  285  -209  )
( -92  145  70  )
( 289  42  162  )
( -268  294  -54  )
( -32  -30  -242  )
( 77  -266  104  )
( 6  124  238  )
( 264  -208  -214  )
( 68  -180  257  )
( -278  64  -193  )
( -151  -58  -57  )
( -72  -260  55  )
( 168  297  193  )
( -191  -175  196  )
( -207  167  187  )
( -44  116  -37  )
( 13  216  278  )
( -39  -11  -53  )
( 143  -86  154  )
( -107  -45  242  )
( 175  181  -143  )
( 186  294  51  )
( 28  292  20  )
( -71  119  274  )
( -114  257  20  )
( 148  -259  -173  )
( -191  154  273  )
( -42  -118  -92  )
( -87  206  115  )
( 290  246  34  )
( 56  232  -214  )
( 215  270  -72  )
( -38  66  -113  )
( -120  -52  229  )
( -128  13  -246  )
( 224  -54  254  )
( 102  -138  -47  )
( 276  205  -156  )
( 65  83  221  )
( 26  -46  292  )
( -180  276  -258  )
( -78  -247  -149  )
( 59  52  279  )
( 57  -80  261  )
( 57  -167  155  )
( -1  -163  42  )
( -233  -221  277  )
( -225  244  -136  )
( -53  220  254  )
( -230  27  -252  )
( -293  -63  -270  )
( 175  74  -37  )
( -194  -24  236  )
( -273  -171  156  )
( -268  -47  -277  )
( 243  -124  91  )
( 37  -174  -249  )
( 184  -45  -213  )
( -74  -245  -277  )
( 64  -203  -106  )
( -119  103  172  )
( 169  -62  -79  )
( 269  -279  3  )
( 38  229  35  )
( -228  206  -157  )
( -79  -112  -292  )
( 204  -55  -18  )
( 265  189  -72  )
( 155  -73  248  )
( -89  107  11  )
( -10  146  118  )
( -229  -231  63  )
( 14  -10  104  )
( -171  116  118  )
( 74  240  132  )
( -170  -7  -0  )
( -90  -48  -112  )
( -89  152  -271  )
( -94  -54  258  )
( -139  201  98  )
( -137  -76  134  )
( 159  279  195  )
( 87  15  -205  )
( -97  224  -65  )
( 106  -223  134  )
( -18  24  288  )
( -239  95  155  )
( 146  -269  -35  )
( -47  -250  270  )
( -264  245  -150  )
( -50  -59  11  )
( 109  -125  298  )
( 34  75  3  )
( -235  265  1  )
( -39  110  79  )
( -193  251  -99  )
( -191  -8  96  )
( -119  30  13  )
( 19  -13  -263  )
( -211  191  -277  )
( 242  -23  216  )
( 255  -136  -260  )
( 268  -53  -82  )
( -143  39  250  )
( 235  -125  172  )
( 270  -135  -269  )
( 230  -40  158  )
( 38  -117  -228  )
( 154  92  -114  )
( -166  -153  -293  )
( 215  -12  121  )
( -293  4  -177  )
( 87  274  -106  )
( -188  122  293  )
( 144  -246  104  )
( -150  24  -157  )
( 153  180  1  )
( -36  -233  -6  )
( 49  131  -227  )
( 42  280  -79  )
( -88  296  -174  )
( 242  -183  49  )
( 216  18  146  )
( -36  43  143  )
( 240  -5  -191  )
( -48  -294  102  )
( -13  53  103  )
( -148  72  -284  )
( -290  -128  129  )
( 17  -141  193  )
( -296  132  25  )
( -120  -234  51  )
( 91  123  152  )
( 10  125  73  )
( 196  59  -13  )
( -115  -74  256  )
( 217  -160  113  )
( -272  -214  -117  )
( -17  -245  68  )
( -153  275  -31  )
( -108  68  -239  )
( 219  160  -153  )
( 204  262  281  )
( 7  190  -257  )
( 246  -261  192  )
( 32  -44  160  )
( -26  -242  -150  )
( -168  148  253  )
( 82  145  -218  )
( -134  -217  90  )
( -261  280  -219  )
( 263  -47  273  )
( 16  -98  -247  )
( -26  -272  -269  )
( -248  87  140  )
( 113  -257  280  )
( -191  62  -65  )
( -210  -83  -217  )
( -290  121  35  )
( 132  -240  -36  )
( 83  278  187  )
( -44  36  180  )
( 294  50  -266  )
( 2  151  -120  )
( 22  86  -296  )
( -201  242  -5  )
( -75  106  -88  )
( 168  228  -129  )
( 252  82  4  )
( -275  152  169  )
( -266  -131  78  )
( 75  -223  -145  )
( -56  -196  246  )
( -40  -79  212  )
( 64  80  105  )
( -214  10  55  )
( 274  19  192  )
( -171  -265  -204  )
( 278  -261  -158  )
( 115  267  192  )
( -225  70  295  )
( -222  -289  194  )
( 149  -58  -8  )
( 6  271  -267  )
( 79  -120  143  )
( -26  223  5  )
( 257  286  176  )
( 152  -82  -58  )
( 89  156  202  )
( 218  -119  204  )
( -226  4  -160  )
( 114  223  167  )
( -54  -222  -13  )
( 156  277  122  )
( -86  -290  0  )
( 129  -127  61  )
( -13  -24  -5  )
( 205  -239  -285  )
( -4  265  222  )
( 123  -281  -260  )
( 45  209  -80  )
( -238  132  -102  )
( -251  179  224  )
( 190  -30  245  )
( -213  -211  -289  )
( 266  48  -1  )
( 112  -108  -197  )
( 179  22  136  )
( 7  275  -232  )
( 203  -142  -146  )
( -228  25  -54  )
( 55  32  172  )
( -285  -176  -84  )
( 234  -122  206  )
( 111  260  76  )
( -241  -225  -268  )
( -42  -162  75  )
( -256  80  84  )
( 60  -144  72  )
( 141  -192  48  )
( -13  -247  210  )
( -143  -201  -30  )
( -291  -26  36  )
( 274  157  -89  )
( -231  -64  215  )
( -209  81  -47  )
( 290  105  108  )
( -107  83  136  )
( 263  -99  268  )
( -200  -55  -298  )
( 86  -166  239  )
( 165  -216  -187  )
( -292  -133  -259  )
( -84  -103  182  )
( -50  286  94  )
( -124  -46  -17  )
( -290  -189  90  )
( -67  -138  -240  )
( -198  85  123  )
( -103  -163  -23  )
( -255  80  -291  )
( -0  -1  75  )
( 134  244  -218  )
( 120  -31  187  )
( -18  242  -111  )
( -13  -176  -113  )
( -217  148  -281  )
( -55  105  36  )
( -60  234  -237  )
( 231  -67  -78  )
( -181  -56  -25  )
( -30  -230  -100  )
( -273  274  292  )
( -80  141  -7  )
( -10  232  -173  )
( 10  -277  -45  )
( 280  61  -127  )
( 123  117  169  )
( -97  -95  282  )
( -275  -276  125  )
( 144  208  -15  )
( 30  11  -263  )
( 225  257  -175  )
( 235  -293  44  )
( 232  138  63  )
( -216  -106  159  )
( 155  285  -223  )
( 67  157  -147  )
( -288  232  49  )
( -170  -135  -257  )
( 156  -253  -23  )
( -163  -145  87  )
( -109  238  -74  )
( 201  -193  -157  )
( 276  94  -58  )
( 246  181  236  )
( -63  253  175  )
( -134  198  167  )
( 72  202  -97  )
( -286  167  -204  )
( 35  13  131  )
( 115  35  180  )
( 225  -149  -163  )
( 123  37  -0  )
( 9  -177  237  )
( -192  203  -146  )
( -147  -81  274  )
( 203  198  -245  )
( -65  36  150  )
( 175  0  -295  )
( 223  89  -213  )
( -53  -217  122  )
( -223  -260  -41  )
( 136  120  88  )
( -26  -130  159  )
( 75  -61  -131  )
( -42  -90  287  )
( -24  -113  138  )
( -202  -239  -204  )
( -190  117  -291  )
( 135  138  58  )
( 175  61  273  )
( 125  -13  77  )
( -89  10  -159  )
( -165  62  -159  )
( -41  -127  -152  )
( -117  -172  295  )
( 273  -85  -33  )
( -10  -28  41  )
( 266  105  81  )
( 261  265  137  )
( -190  247  -30  )
( 218  69  95  )
( 23  -85  -193  )
( -158  -170  211  )
( -112  -128  191  )
( 2  -207  105  )
( -128  295  241  )
( 53  -97  -55  )
( 230  54  -152  )
( -133  78  264  )
( 231  88  277  )
( -127  227  8  )
( -236  -60  -67  )
( 225  -206  -140  )
( 280  204  124  )
( -269  -21  -201  )
( -201  -246  -105  )
( 148  172  153  )
( 105  -56  -261  )
( 59  67  32  )
( 257  269  45  )
( -119  87  162  )
( 201  -139  -238  )
( -5  214  130  )
( -215  48  -211  )
( 111  -227  -188  )
( -183  97  22  )
( 112  53  -79  )
( -13  152  182  )
( 26  -22  -232  )
( -128  -145  -264  )
( 29  -148  -66  )
( 236  137  90  )
( -97  70  -43  )
( -274  298  160  )
( 298  89  -95  )
( -256  23  -183  )
( 55  20  -99  )
( -271  235  192  )
( -293  253  -197  )
( -119  -188  199  )
( 18  149  228  )
( -222  -284  255  )
( 87  77  -265  )
( -209  -298  -252  )
( -216  218  -184  )
( 223  -199  56  )
( -164  24  133  )
( -288  129  -44  )
( -274  -240  -261  )
( 156  162  -72  )
( -125  25  136  )
( 26  -180  129  )
( 184  207  -4  )
( 270  15  -268  )
( 131  -180  135  )
( -79  260  257  )
( 247  132  -92  )
( 145  -122  186  )
( -51  297  210  )
( -246  248  133  )
( 64  -122  245  )
( -242  122  129  )
( 145  236  158  )
( 280  -236  126  )
( 45  88  223  )
( 212  243  274  )
( 192  65  221  )
( 166  -215  291  )
( -2  253  201  )
( 55  -191  154  )
( 225  62  -68  )
( -87  184  274  )
( 288  31  77  )
( 3  210  -289  )
( 178  -198  -267  )
( 252  -32  181  )
( -127  -198  20  )
( 262  -152  278  )
( 33  -171  -14  )
( 19  -43  213  )
( -256  90  -274  )
( 108  -242  141  )
( -131  -134  175  )
( -294  -55  95  )
( 144  -254  92  )
( -268  291  -42  )
( -206  48  -169  )
( 65  258  4  )
( 149  -193  156  )
( 286  -29  107  )
( -134  -224  -289  )
( -5  -60  105  )
( -296  -124  -22  )
( 201  -135  -27  )
( 38  286  123  )
( -142  -245  31  )
( 131  113  -23  )
( 5  192  -121  )
( -289  103  -269  )
( 93  172  32  )
( -40  -298  273  )
( 161  -146  273  )
( -175  23  -79  )
( -208  -12  216  )
( -35  152  118  )
( 208  -128  267  )
( -165  64  247  )
( 2  -292  229  )
( 205  -20  -197  )
( -148  -220  -155  )
( -204  8  151  )
( -266  110  -30  )
( -185  139  165  )
( -230  -5  -259  )
( 264  241  -22  )
( 259  102  146  )
( -27  140  -254  )
( -279  71  -49  )
( -49  216  -264  )
( 69  167  -83  )
( -226  156  -75  )
( -168  -214  -267  )
( -215  51  -14  )
( 131  24  -119  )
( 96  -73  142  )
( 87  -177  -111  )
( 198  14  -62  )
( -137  214  -227  )
( 185  -260  -62  )
( -236  -129  -173  )
( -116  131  -34  )
( 264  49  43  )
( 185  280  229  )
( 165  -25  33  )
( -142  114  198  )
( 136  -181  -287  )
( -45  157  -282  )
( 104  298  -149  )
( -201  -51  -277  )
( -291  280  247  )
( 220  92  -26  )
( -163  185  -35  )
( 290  91  -160  )
( -163  103  50  )
( 232  132  68  )
( 171  -161  214  )
( 294  156  -139  )
( -184  211  26  )
( -12  -115  290  )
( 12  40  -176  )
( -145  -163  -35  )
( -75  -62  -104  )
( -274  -23  19  )
( -98  247  37  )
( -26  -132  243  )
( 295  1  220  )
( -161  -63  123  )
( -144  -190  -58  )
( -7  -168  251  )
( -279  137  -112  )
( 164  -278  81  )
( 294  -81  28  )
( 42  106  297  )
( 11  -161  -195  )
( -74  255  28  )
( 165  248  105  )
( -175  203  28  )
( -126  -63  89  )
( 17  -64  -180  )
( -153  74  -168  )
( -69  273  189  )
( 74  -266  -202  )
( -171  64  35  )
( -42  276  -106  )
( 253  142  80  )
( -224  -79  -120  )
( -149  222  143  )
( -173  -26  -260  )
( 76  -129  152  )
( 264  164  241  )
( 206  -156  -262  )
( -93  200  -3  )
( 103  189  50  )
( -70  26  110  )
( 218  -290  122  )
( -89  22  249  )
( 219  218  -183  )
( 238  225  9  )
( 138  249  79  )
( -193  61  -30  )
( 178  97  -120  )
( 170  271  224  )
( 194  -73  -141  )
( -96  141  239  )
( 183  254  -298  )
( -191  -79  34  )
( 134  190  -81  )
( -272  -201  284  )
( 57  267  66  )
( -240  -148  18  )
( 78  242  231  )
( 187  -271  -207  )
( -275  -122  31  )
( 86  -236  12  )
( 184  283  -166  )
( -116  -27  31  )
( -136  -12  137  )
( 64  -65  66  )
( 244  1  21  )
( 56  80  -50  )
( 239  269  134  )
( 154  91  -123  )
( -288  112  -165  )
( -179  158  -149  )
( 238  121  108  )
( -88  279  -202  )
( -125  128  18  )
( 147  -79  112  )
( 220  63  44  )
( -201  -29  -43  )
( -116  289  17  )
( 196  -26  168  )
( -295  -109  -163  )
( -1  -176  -14  )
( -48  -115  79  )
( 16  -226  158  )
( 151  -89  261  )
( -216  -70  -293  )
( 216  157  59  )
( -131  -99  202  )
( 232  43  -105  )
( 162  207  -161  )
( 78  97  -1  )
( -71  -32  22  )
( 40  -213  75  )
( 144  -55  167  )
( 168  -216  143  )
( 175  -148  -267  )
( -42  -78  15  )
( 246  150  -166  )
( 91  235  -275  )
( 270  182  -127  )
( -7  -137  200  )
( -47  101  194  )
( 173  62  -278  )
( 270  -82  59  )
( 221  188  15  )
( 89  -276  -169  )
( 243  -16  -291  )
( -95  201  66  )
( -4  -118  287  )
( 29  -261  173  )
( -124  18  70  )
( -77  206  162  )
( -265  -246  37  )
( 150  -199  -207  )
( -161  -262  31  )
( 32  27  24  )
( -43  258  41  )
( 242  -95  -55  )
( 255  150  -282  )
( -29  296  289  )
( 157  151  -148  )
( -20  1  -40  )
( 152  147  188  )
( 190  -90  -160  )
( 41  -161  71  )
( 51  65  152  )
( -127  131  169  )
( -26  154  54  )
( 233  272  -53  )
( 8  -105  73  )
( 276  185  -291  )
( 16  104  111  )
( 42  -32  -280  )
( -167  275  169  )
( -71  276  159  )
( -164  -16  163  )
( -260  105  12  )
( -138  118  -158  )
( 81  -279  189  )
( 297  -267  -255  )
( -171  44  63  )
( 205  115  -108  )
( -80  125  180  )
( -42  268  -75  )
( -177  66  194  )
( 169  -102  -43  )
( -104  -120  -170  )
( -289  -184  -161  )
( -141  188  -112  )
( 295  -202  -43  )
( -48  217  256  )
( -265  -273  135  )
( -18  -14  154  )
( -113  38  -202  )
( 209  -133  58  )
( 287  231  -286  )
( -36  -237  241  )
( 142  285  -271  )
( 205  190  31  )
( 274  258  38  )
( -36  282  -203  )
( 178  -87  -193  )
( -160  108  -0  )
( -81  -20  -11  )
( -85  158  -202  )
( -160  -119  -39  )
( 20  -113  -203  )
( -155  -272  10  )
( -57  103  -221  )
( -147  -84  296  )
( 10  -62  -170  )
( -276  -279  227  )
( 274  -6  115  )
( 238  105  -147  )
( 56  83  153  )
( 1  280  -223  )
( 184  43  191  )
( 282  -162  -107  )
( 15  162  -83  )
( -195  201  164  )
( -70  -82  105  )
( 268  232  86  )
( 157  -2  -158  )
( 235  244  106  )
( 42  100  -177  )
( -69  60  -20  )
( 196  -159  93  )
( -220  102  -287  )
( -82  103  72  )
( 134  -1  -36  )
( 277  -19  -178  )
( -218  -155  -231  )
( -238  8  -68  )
( -57  -259  89  )
( -277  -285  -115  )
( 65  11  110  )
( -152  -256  165  )
( -274  -297  -242  )
( 265  -263  -173  )
( -16  -53  -212  )
( -209  -151  -254  )
( 225  65  262  )
( -297  -135  -88  )
( -277  -182  278  )
( -276  64  -52  )
( 130  -258  231  )
( -93  -125  -25  )
( 25  275  104  )
( -30  100  193  )
( -162  -248  -33  )
( 3  -176  186  )
( 175  -177  -207  )
( 236  205  -54  )
( 170  197  51  )
( 67  -135  229  )
( -26  27  -222  )
( -155  -12  148  )
( 12  251  -187  )
( 244  -161  123  )
( 146  154  -61  )
( -41  -255  -277  )
( -244  204  164  )
( 189  262  -295  )
( -258  -180  52  )
( -64  271  240  )
( 145  -66  202  )
( -112  85  2  )
( 71  166  -128  )
( 214  -292  276  )
( -201  188  27  )
( 115  -257  110  )
( 171  -181  -122  )
( 12  57  -35  )
( 38  -31  114  )
( -102  45  -191  )
( -58  15  132  )
( 160  -32  68  )
( 8  13  50  )
( -293  268  181  )
( 128  -60  -239  )
( 260  240  -212  )
( 147  -278  194  )
( 3  277  162  )
( -154  -262  248  )
( -296  1  -95  )
( -282  2  4  )
( -101  259  -235  )
( -287  -70  20  )
( 232  -204  146  )
( -35  -175  162  )
( -6  -43  -293  )
( 238  -1  -167  )
( -262  -74  295  )
( -230  274  -157  )
( -269  132  -159  )
( -20  -129  -269  )
( -165  -254  -270  )
( -113  200  250  )
( 194  166  -265  )
( 109  -40  -45  )
( 245  118  -255  )
( -201  49  297  )
( -87  192  43  )
( -151  244  216  )
( 206  84  195  )
( 249  -285  -23  )
( 4  73  -229  )
( -104  -176  71  )
( -213  192  141  )
( 65  125  -195  )
( -258  80  224  )
( 13  18  82  )
( 242  299  166  )
( -119  -260  -220  )
( 17  134  -295  )
( 247  145  -7  )
( -241  16  168  )
( 142  219  115  )
( -287  -29  4  )
( -156  -41  -236  )
( 27  -243  255  )
( 154  245  205  )
( 40  -26  -113  )
( -93  176  161  )
( 98  23  76  )
( -105  -299  -125  )
( 108  -143  -47  )
( -219  -132  249  )
( -130  -70  146  )
( 150  129  286  )
( -32  65  287  )
( 167  -199  112  )
( -34  205  66  )
( 19  86  -297  )
( -250  46  -135  )
( -286  229  272  )
( -35  -157  21  )
( 240  191  -133  )
( 3  211  -142  )
( 286  249  285  )
( -152  -155  -7  )
( -57  222  209  )
( 170  173  -21  )
( 194  145  179  )
( 132  -43  -150  )
( 58  -28  276  )
( -170  32  65  )
